Supplemental results for CODEML (seqf: /home/yzliu/eDNA/faststorage/yzliu/DK_proj/data/ref_genome/ref_annotation/primary_transcripts/extracted_cds_new/new_transcript_id_8_bom_apis/bootstraps/cat.out.OG_cds_8_species_same_header_fas.shuf_211OG_344.phy  treef: xxx.trees)


pairwise comparison (Goldman & Yang 1994)
seq seq        N       S       dN       dS     dN/dS   Paras.
  2   1 171232.8  56032.2   0.0479   0.5631   0.0851   0.5249   4.3501   0.0851 -392599.117
  3   1 170891.9  56373.1   0.0484   0.5846   0.0828   0.5442   4.3557   0.0828 -394019.133
  3   2 167376.4  59888.6   0.0136   0.1152   0.1181   0.1212   4.9870   0.1181 -340424.627
  4   1 171331.8  55933.2   0.0468   0.5727   0.0817   0.5287   4.3824   0.0817 -392072.457
  4   2 167180.9  60084.1   0.0118   0.1045   0.1129   0.1089   5.5400   0.1129 -336885.751
  4   3 167660.6  59604.4   0.0079   0.0681   0.1165   0.0712   4.8619   0.1165 -327972.002
  5   1 171243.5  56021.5   0.0474   0.5801   0.0818   0.5362   4.3911   0.0818 -392730.181
  5   2 167266.8  59998.2   0.0131   0.1103   0.1184   0.1162   5.3975   0.1184 -338844.932
  5   3 167915.8  59349.2   0.0080   0.0680   0.1177   0.0710   4.6223   0.1177 -327980.943
  5   4 167044.5  60220.5   0.0069   0.0635   0.1086   0.0657   5.7360   0.1086 -325767.423
  6   1 171244.7  56020.3   0.0475   0.5806   0.0818   0.5368   4.3926   0.0818 -392782.521
  6   2 167320.7  59944.3   0.0133   0.1108   0.1198   0.1169   5.3512   0.1198 -339048.294
  6   3 167762.3  59502.7   0.0082   0.0690   0.1193   0.0725   4.7375   0.1193 -328349.072
  6   4 166905.6  60359.4   0.0072   0.0639   0.1131   0.0669   5.8814   0.1131 -326123.700
  6   5 167169.8  60095.2   0.0023   0.0202   0.1160   0.0212   5.5505   0.1160 -311920.904
  7   1 171381.9  55883.1   0.0488   0.5768   0.0846   0.5359   4.3613   0.0846 -393378.061
  7   2 167298.3  59966.7   0.0144   0.1135   0.1271   0.1217   5.4504   0.1271 -340367.681
  7   3 167720.8  59544.2   0.0093   0.0717   0.1303   0.0770   4.8322   0.1303 -329821.683
  7   4 166923.5  60341.5   0.0084   0.0667   0.1260   0.0716   5.9543   0.1260 -327693.069
  7   5 167132.5  60132.5   0.0080   0.0608   0.1311   0.0658   5.6703   0.1311 -326225.787
  7   6 167091.0  60174.0   0.0082   0.0616   0.1328   0.0670   5.7147   0.1328 -326552.241
  8   1 171185.0  56080.0   0.0475   0.5801   0.0819   0.5368   4.3894   0.0819 -392834.339
  8   2 167197.0  60068.0   0.0129   0.1098   0.1176   0.1155   5.4085   0.1176 -338703.439
  8   3 167695.8  59569.2   0.0081   0.0674   0.1203   0.0709   4.7441   0.1203 -328010.050
  8   4 166828.1  60436.9   0.0070   0.0635   0.1104   0.0661   5.8969   0.1104 -325922.296
  8   5 167167.3  60097.7   0.0021   0.0190   0.1130   0.0198   5.4949   0.1130 -311425.750
  8   6 166805.9  60459.1   0.0023   0.0205   0.1126   0.0215   5.8531   0.1126 -312007.522
  8   7 166924.8  60340.2   0.0080   0.0601   0.1334   0.0655   5.8197   0.1334 -326202.667

