

2 (And_ful) ... 1 (And_bic)
  0  0.0000 1048762.152555  x:  0.17395   1.45061   0.48232  
  1 99.0000 1046898.213879  x:  0.12545   1.46457   0.41601  
  2 40118.5794 1033886.176868  x:  0.11620   1.53889   0.05172  
  3 105265.2547 1033076.446743  x:  0.11943   2.06874   0.09645  
  4 3923.0136 1030625.112992  x:  0.14102   2.82633   0.04494  
  5  2.3317 1030116.689122  x:  0.15991   3.04327   0.06583  
  6  0.2459 1029984.554311  x:  0.16917   3.38298   0.05652  
  7  0.2270 1029952.439606  x:  0.16441   3.68252   0.05942  
  8  0.0925 1029951.290478  x:  0.16558   3.72724   0.05907  
  9  0.0350 1029951.271341  x:  0.16553   3.73299   0.05923  
 10  0.0050 1029951.271332  x:  0.16554   3.73307   0.05923  
 11  0.0001 1029951.271332  x:  0.16554   3.73307   0.05923  

3 (And_hae) ... 1 (And_bic)
  0  0.0000 1026443.893338  x:  0.15838   3.38432   0.11224  
  1 99.0000 1025660.131090  x:  0.14501   3.38484   0.06500  
  2 26841.5722 1025597.338980  x:  0.15303   3.38497   0.05792  
  3 14305.6957 1025582.908079  x:  0.15350   3.65329   0.05958  
  4 112.2009 1025578.891846  x:  0.15508   3.62800   0.06155  
  5  0.0431 1025578.859579  x:  0.15526   3.62683   0.06137  
  6  0.0011 1025578.859569  x:  0.15526   3.62668   0.06137  
  7  0.0001 1025578.859569  x:  0.15526   3.62667   0.06137  

3 (And_hae) ... 2 (And_ful)
  0  0.0000 1023664.560256  x:  0.13267   3.30051   0.06539  
  1 99.0000 1023436.185506  x:  0.15119   3.30072   0.06593  
  2 25864.2218 1023435.404980  x:  0.15129   3.30107   0.06464  
  3 1153.3652 1023337.399077  x:  0.15134   4.05103   0.06792  
  4 316.7130 1023337.295324  x:  0.15145   4.04792   0.06744  
  5  0.0029 1023337.295274  x:  0.15146   4.04757   0.06743  
  6  0.0003 1023337.295274  x:  0.15146   4.04753   0.06743  

4 (And_hat) ... 1 (And_bic)
  0  0.0000 1005916.322860  x:  0.11239   3.49501   0.13355  
  1 99.0000 1005099.087264  x:  0.13341   3.49556   0.07303  
  2 22551.4039 1004946.423374  x:  0.12557   3.49570   0.05694  
  3 31685.5596 1004941.574458  x:  0.12516   3.67804   0.05807  
  4 52.1233 1004898.549712  x:  0.11890   3.55674   0.06332  
  5  0.2167 1004898.535622  x:  0.11881   3.55996   0.06323  
  6  0.0037 1004898.535603  x:  0.11881   3.55982   0.06322  
  7  0.0001 1004898.535603  x:  0.11881   3.55982   0.06322  

4 (And_hat) ... 2 (And_ful)
  0  0.0000 1024609.316412  x:  0.16071   3.17858   0.05645  
  1 99.0000 1024582.750450  x:  0.15481   3.17894   0.06038  
  2 7460.7185 1024582.174792  x:  0.15536   3.18157   0.06124  
  3 415.0025 1024431.151525  x:  0.15499   4.09127   0.06376  
  4 3008.7787 1024431.134347  x:  0.15513   4.08791   0.06363  
  5  0.0031 1024431.134070  x:  0.15512   4.08664   0.06363  
  6  0.0009 1024431.134066  x:  0.15512   4.08659   0.06363  

4 (And_hat) ... 3 (And_hae)
  0  0.0000 1022540.104499  x:  0.15849   3.66736   0.13808  
  1 99.0000 1021624.042672  x:  0.12937   3.66793   0.09434  
  2 31783.1256 1021222.839977  x:  0.13770   3.66836   0.06228  
  3 38080.7359 1021184.408986  x:  0.13855   4.18200   0.06530  
  4 160.9220 1021133.173186  x:  0.14697   4.08813   0.06798  
  5  0.1098 1021132.172300  x:  0.14729   4.09340   0.06649  
  6  0.0071 1021132.170886  x:  0.14727   4.09059   0.06646  
  7  0.0025 1021132.170885  x:  0.14727   4.09055   0.06646  

5 (And_mar) ... 1 (And_bic)
  0  0.0000 985570.637996  x:  0.07492   3.43988   0.08184  
  1 99.0000 985310.385552  x:  0.08948   3.43988   0.07813  
  2 36979.8651 985218.858328  x:  0.08922   3.43983   0.05910  
  3 9144.9110 985211.522556  x:  0.08926   3.21169   0.05797  
  4 61.3073 985211.381651  x:  0.08895   3.20845   0.05832  
  5  0.0031 985211.375357  x:  0.08891   3.20927   0.05821  
  6  0.0011 985211.375356  x:  0.08891   3.20937   0.05821  
  7  0.0001 985211.375356  x:  0.08891   3.20938   0.05821  

5 (And_mar) ... 2 (And_ful)
  0  0.0000 1032444.611114  x:  0.15192   3.07013   0.18893  
  1 99.0000 1029004.620022  x:  0.17247   3.07320   0.05914  
  2 34874.8897 1028958.380978  x:  0.16444   3.07354   0.05526  
  3 11058.2839 1028850.382537  x:  0.16138   3.71703   0.06291  
  4 380.1435 1028846.484881  x:  0.16288   3.76354   0.06090  
  5  0.1308 1028846.467196  x:  0.16277   3.76303   0.06076  
  6  0.0005 1028846.467137  x:  0.16277   3.76249   0.06076  
  7  0.0004 1028846.467136  x:  0.16277   3.76245   0.06076  
  8  0.0000 1028846.467136  x:  0.16277   3.76245   0.06076  

5 (And_mar) ... 3 (And_hae)
  0  0.0000 1026517.853878  x:  0.15345   3.30388   0.18181  
  1 99.0000 1024583.140689  x:  0.12225   3.30546   0.08720  
  2 31877.3880 1024122.480116  x:  0.13195   3.30596   0.05713  
  3 74080.7665 1024046.723233  x:  0.13413   3.95108   0.06181  
  4 256.1587 1023844.294064  x:  0.14941   3.61448   0.06838  
  5  0.4611 1023838.096018  x:  0.15057   3.65457   0.06506  
  6  0.0427 1023838.065897  x:  0.15064   3.64287   0.06494  
  7  0.0115 1023838.065863  x:  0.15064   3.64264   0.06495  
  8  0.0002 1023838.065863  x:  0.15064   3.64264   0.06495  
  9  0.0000 1023838.065863  x:  0.15064   3.64264   0.06495  

5 (And_mar) ... 4 (And_hat)
  0  0.0000 1002214.206783  x:  0.10523   3.11915   0.07993  
  1 99.0000 1002128.386133  x:  0.11490   3.11931   0.07452  
  2 15946.5314 1002097.657008  x:  0.11377   3.11963   0.06502  
  3 7132.8660 1002058.995550  x:  0.11363   3.60202   0.06764  
  4 175.7264 1002058.825395  x:  0.11329   3.59919   0.06719  
  5  0.0029 1002058.824485  x:  0.11327   3.59834   0.06723  
  6  0.0008 1002058.824477  x:  0.11327   3.59812   0.06723  
  7  0.0002 1002058.824477  x:  0.11327   3.59812   0.06723  

6 (And_tri) ... 1 (And_bic)
  0  0.0000 1002557.423460  x:  0.09696   3.28959   0.08976  
  1 99.0000 1002204.574697  x:  0.11658   3.28957   0.08081  
  2 34977.7628 1002039.594942  x:  0.11542   3.28951   0.05817  
  3 14883.4772 1002023.626891  x:  0.11551   3.00634   0.05663  
  4 107.1452 1002021.443458  x:  0.11400   3.00182   0.05759  
  5  0.0045 1002021.383725  x:  0.11390   3.00379   0.05726  
  6  0.0028 1002021.383719  x:  0.11390   3.00368   0.05726  
  7  0.0001 1002021.383719  x:  0.11390   3.00368   0.05726  
  8  0.0000 1002021.383719  x:  0.11390   3.00368   0.05726  
  9  0.0000 1002021.383719  x:  0.11390   3.00368   0.05726  
check convergence!


6 (And_tri) ... 2 (And_ful)
  0  0.0000 1025929.684435  x:  0.14463   2.71240   0.13389  
  1 99.0000 1024213.778803  x:  0.16029   2.71455   0.05705  
  2 32328.8030 1024187.685514  x:  0.15442   2.71500   0.05425  
  3 8355.6327 1024003.010372  x:  0.15189   3.50371   0.06253  
  4 536.4096 1023993.150498  x:  0.15413   3.55573   0.05900  
  5  0.1064 1023992.946196  x:  0.15374   3.57905   0.05894  
  6  0.0178 1023992.936831  x:  0.15381   3.58349   0.05904  
  7  0.0037 1023992.936804  x:  0.15381   3.58363   0.05903  

6 (And_tri) ... 3 (And_hae)
  0  0.0000 1021468.515893  x:  0.12676   3.36162   0.10572  
  1 99.0000 1020894.229651  x:  0.15495   3.36186   0.08169  
  2 32694.6238 1020689.108378  x:  0.15109   3.36208   0.05987  
  3 22263.7578 1020681.426176  x:  0.15093   3.56578   0.06098  
  4 79.5382 1020664.416949  x:  0.14575   3.54033   0.06232  
  5  0.0253 1020664.384740  x:  0.14569   3.53963   0.06208  
  6  0.0010 1020664.384643  x:  0.14568   3.53896   0.06208  
  7  0.0006 1020664.384643  x:  0.14568   3.53895   0.06208  
  8  0.0000 1020664.384643  x:  0.14568   3.53895   0.06208  
  9  0.0000 1020664.384643  x:  0.14568   3.53895   0.06208  

6 (And_tri) ... 4 (And_hat)
  0  0.0000 1001865.905922  x:  0.10914   3.32165   0.16754  
  1 99.0000 1000293.219505  x:  0.10149   3.32282   0.06680  
  2 22251.4898 1000220.004279  x:  0.10932   3.32291   0.05950  
  3 22781.4401 1000218.232113  x:  0.10951   3.42243   0.06052  
  4 35.0028 1000212.090219  x:  0.11062   3.35196   0.06358  
  5  0.1968 1000212.071297  x:  0.11075   3.35673   0.06352  
  6  0.0045 1000212.071243  x:  0.11075   3.35623   0.06351  
  7  0.0005 1000212.071243  x:  0.11075   3.35623   0.06351  
  8  0.0000 1000212.071243  x:  0.11075   3.35624   0.06351  
  9  0.0000 1000212.071243  x:  0.11075   3.35624   0.06351  

6 (And_tri) ... 5 (And_mar)
  0  0.0000 999724.082951  x:  0.10636   2.92663   0.09224  
  1 99.0000 999469.198064  x:  0.11169   2.92688   0.06194  
  2 14436.2152 999461.089092  x:  0.10889   2.92690   0.06033  
  3 5606.6981 999460.858138  x:  0.10887   2.95906   0.06056  
  4 14.4796 999460.732037  x:  0.10870   2.95639   0.06108  
  5  0.0043 999460.732000  x:  0.10870   2.95635   0.06107  
  6  0.0000 999460.732000  x:  0.10870   2.95635   0.06107  
  7  0.0000 999460.732000  x:  0.10870   2.95635   0.06107  

7 (Bom_pas) ... 1 (And_bic)
  0  0.0000 1254300.717971  x:  1.09890   2.84089   0.13210  
  1 99.0000 1243838.006787  x:  1.08897   2.84258   0.05283  
  2 179635.0717 1243735.620673  x:  1.04336   2.91324   0.05888  
  3 2489.8455 1242780.983991  x:  1.17409   4.10831   0.05496  
  4 4804.8225 1242734.537580  x:  1.14339   4.13421   0.05360  
  5  0.0609 1242732.399265  x:  1.13583   4.14880   0.05441  
  6  0.0159 1242732.375778  x:  1.13676   4.15525   0.05440  
  7  0.0040 1242732.374963  x:  1.13668   4.15586   0.05439  
  8  0.0006 1242732.374963  x:  1.13669   4.15586   0.05439  

7 (Bom_pas) ... 2 (And_ful)
  0  0.0000 1260638.850329  x:  1.11948   3.56518   0.15228  
  1 99.0000 1247437.067874  x:  1.10757   3.56640   0.05507  
  2 177382.8175 1247413.898984  x:  1.12855   3.57593   0.05236  
  3 1930.8250 1247081.842265  x:  1.17255   4.41298   0.05328  
  4 1117.9306 1247058.229506  x:  1.20496   4.41208   0.05329  
  5  0.0451 1247057.102185  x:  1.20949   4.41769   0.05265  
  6  0.0069 1247057.091653  x:  1.21015   4.42238   0.05265  
  7  0.0035 1247057.091572  x:  1.21010   4.42259   0.05265  
  8  0.0002 1247057.091572  x:  1.21010   4.42259   0.05265  

7 (Bom_pas) ... 3 (And_hae)
  0  0.0000 1246039.325668  x:  1.27066   3.78901   0.07505  
  1 99.0000 1243844.544711  x:  1.26818   3.78926   0.04890  
  2 140048.2835 1243433.139157  x:  1.11296   3.81688   0.05833  
  3 4877.9950 1243343.880688  x:  1.15061   4.25126   0.05757  
  4 438.2401 1243310.893771  x:  1.13312   4.26588   0.05561  
  5  0.0293 1243310.617627  x:  1.13658   4.26659   0.05532  
  6  0.0042 1243310.617456  x:  1.13664   4.26697   0.05533  
  7  0.0004 1243310.617454  x:  1.13664   4.26703   0.05532  

7 (Bom_pas) ... 4 (And_hat)
  0  0.0000 1246524.423457  x:  1.13753   3.70815   0.08994  
  1 99.0000 1243365.617956  x:  1.13456   3.70847   0.05367  
  2 140287.0790 1243346.347075  x:  1.10758   3.72886   0.05580  
  3 1104.1644 1243187.639151  x:  1.15567   4.31128   0.05464  
  4 824.5338 1243185.881176  x:  1.15093   4.31141   0.05424  
  5  0.0073 1243185.853605  x:  1.14985   4.31202   0.05433  
  6  0.0012 1243185.853605  x:  1.14985   4.31202   0.05433  

7 (Bom_pas) ... 5 (And_mar)
  0  0.0000 1252779.321329  x:  1.19340   3.63939   0.12568  
  1 99.0000 1242754.742310  x:  1.18402   3.64015   0.05140  
  2 185342.3613 1242669.507904  x:  1.13096   3.65289   0.05727  
  3 3226.7056 1242548.864299  x:  1.16634   4.14607   0.05650  
  4 536.7513 1242483.133175  x:  1.12208   4.13123   0.05544  
  5  0.0733 1242482.812097  x:  1.12509   4.13568   0.05509  
  6  0.0058 1242482.811593  x:  1.12500   4.13611   0.05509  
  7  0.0004 1242482.811587  x:  1.12501   4.13621   0.05509  
  8  0.0001 1242482.811587  x:  1.12501   4.13621   0.05509  

7 (Bom_pas) ... 6 (And_tri)
  0  0.0000 1259837.247008  x:  1.08275   3.67569   0.18307  
  1 99.0000 1242243.253084  x:  1.06266   3.67714   0.05648  
  2 169067.8570 1242232.919557  x:  1.07429   3.67990   0.05454  
  3 1674.7134 1242135.348055  x:  1.09768   4.12453   0.05470  
  4 504.3070 1242112.645173  x:  1.12685   4.12626   0.05480  
  5  0.0421 1242112.397102  x:  1.12878   4.12984   0.05450  
  6  0.0039 1242112.395914  x:  1.12898   4.13127   0.05449  
  7  0.0012 1242112.395911  x:  1.12897   4.13130   0.05450  