Supplemental results for CODEML (seqf: /home/yzliu/eDNA/faststorage/yzliu/DK_proj/data/ref_genome/ref_annotation/primary_transcripts/extracted_cds_new/new_transcript_id_8_bom_apis/bootstraps/cat.out.OG_cds_8_species_same_header_fas.shuf_211OG_327.phy  treef: xxx.trees)


pairwise comparison (Goldman & Yang 1994)
seq seq        N       S       dN       dS     dN/dS   Paras.
  2   1 167703.4  57119.6   0.0612   0.5769   0.1061   0.5767   3.9529   0.1061 -399440.578
  3   1 167394.9  57428.1   0.0611   0.5885   0.1038   0.5875   4.0330   0.1038 -399794.056
  3   2 163385.6  61437.4   0.0146   0.1044   0.1400   0.1175   5.2431   0.1400 -337499.728
  4   1 167854.5  56968.5   0.0603   0.5808   0.1038   0.5766   3.9726   0.1038 -398799.336
  4   2 163941.4  60881.6   0.0139   0.1002   0.1390   0.1119   5.0623   0.1390 -336112.955
  4   3 162794.7  62028.3   0.0080   0.0594   0.1351   0.0666   5.9134   0.1351 -324281.193
  5   1 167864.5  56958.5   0.0614   0.5934   0.1036   0.5886   3.9925   0.1036 -399779.910
  5   2 163937.3  60885.7   0.0152   0.1084   0.1403   0.1213   5.1004   0.1403 -338275.534
  5   3 163462.2  61360.8   0.0087   0.0628   0.1391   0.0705   5.3545   0.1391 -325510.568
  5   4 163821.9  61001.1   0.0088   0.0648   0.1353   0.0719   5.3332   0.1353 -325678.351
  6   1 167798.4  57024.6   0.0617   0.5917   0.1042   0.5883   4.0017   0.1042 -399841.244
  6   2 163941.5  60881.5   0.0156   0.1096   0.1424   0.1231   5.0615   0.1424 -338770.628
  6   3 163071.8  61751.2   0.0091   0.0629   0.1450   0.0717   5.6542   0.1450 -325828.394
  6   4 163404.0  61419.0   0.0092   0.0645   0.1422   0.0728   5.6583   0.1422 -325967.796
  6   5 162809.4  62013.6   0.0031   0.0212   0.1474   0.0243   6.2963   0.1474 -310913.983
  7   1 167893.3  56929.7   0.0619   0.5886   0.1051   0.5858   3.9935   0.1051 -399793.534
  7   2 164040.4  60782.6   0.0157   0.1098   0.1430   0.1235   5.0400   0.1430 -338870.240
  7   3 163086.1  61736.9   0.0087   0.0638   0.1361   0.0715   5.7058   0.1361 -325564.819
  7   4 163490.9  61332.1   0.0091   0.0654   0.1389   0.0734   5.6454   0.1389 -325997.579
  7   5 164019.0  60804.0   0.0088   0.0617   0.1423   0.0692   5.2292   0.1423 -325037.790
  7   6 163677.1  61145.9   0.0093   0.0616   0.1512   0.0706   5.4784   0.1512 -325502.209
  8   1 167762.8  57060.2   0.0614   0.5920   0.1037   0.5881   3.9866   0.1037 -399794.428
  8   2 163838.7  60984.3   0.0151   0.1077   0.1406   0.1208   5.0967   0.1406 -338212.253
  8   3 163373.7  61449.3   0.0087   0.0619   0.1399   0.0697   5.3422   0.1399 -325344.687
  8   4 163681.7  61141.3   0.0089   0.0641   0.1383   0.0717   5.3623   0.1383 -325735.111
  8   5 162896.0  61927.0   0.0024   0.0188   0.1289   0.0208   6.1408   0.1289 -309565.931
  8   6 162627.8  62195.2   0.0030   0.0202   0.1465   0.0232   6.3752   0.1465 -310516.893
  8   7 163791.6  61031.4   0.0088   0.0607   0.1451   0.0687   5.3298   0.1451 -324976.665

