Supplemental results for CODEML (seqf: /home/yzliu/eDNA/faststorage/yzliu/DK_proj/data/ref_genome/ref_annotation/primary_transcripts/extracted_cds_new/new_transcript_id_8_bom_apis/bootstraps/cat.out.OG_cds_8_species_same_header_fas.shuf_211OG_585.phy  treef: xxx.trees)


pairwise comparison (Goldman & Yang 1994)
seq seq        N       S       dN       dS     dN/dS   Paras.
  2   1 170982.0  57717.0   0.0574   0.5656   0.1015   0.5570   3.8675   0.1015 -403649.496
  3   1 170773.1  57925.9   0.0583   0.5860   0.0995   0.5760   3.9045   0.0995 -404997.879
  3   2 167444.5  61254.5   0.0151   0.1126   0.1339   0.1236   4.7036   0.1339 -344433.205
  4   1 171061.2  57637.8   0.0566   0.5772   0.0980   0.5634   3.9205   0.0980 -403320.464
  4   2 167413.2  61285.8   0.0129   0.1019   0.1268   0.1103   4.9475   0.1268 -340794.830
  4   3 167212.2  61486.8   0.0089   0.0662   0.1340   0.0729   4.9929   0.1340 -331481.186
  5   1 171064.7  57634.3   0.0575   0.5841   0.0985   0.5707   3.9282   0.0985 -404027.753
  5   2 167332.0  61367.0   0.0147   0.1080   0.1359   0.1191   5.0242   0.1359 -343043.630
  5   3 167551.6  61147.4   0.0100   0.0668   0.1493   0.0755   4.7470   0.1493 -332443.680
  5   4 166919.5  61779.5   0.0085   0.0629   0.1352   0.0696   5.5117   0.1352 -330187.841
  6   1 171087.0  57612.0   0.0578   0.5846   0.0988   0.5715   3.8987   0.0988 -404273.519
  6   2 167451.2  61247.8   0.0151   0.1093   0.1379   0.1209   4.9107   0.1379 -343612.794
  6   3 167599.6  61099.4   0.0105   0.0677   0.1549   0.0774   4.6945   0.1549 -333083.258
  6   4 166915.3  61783.7   0.0092   0.0643   0.1429   0.0722   5.4917   0.1429 -331093.497
  6   5 166487.6  62211.4   0.0031   0.0200   0.1559   0.0231   5.9189   0.1559 -315505.840
  7   1 171170.0  57529.0   0.0582   0.5810   0.1002   0.5692   3.8993   0.1002 -404309.397
  7   2 167420.1  61278.9   0.0152   0.1099   0.1385   0.1218   4.9958   0.1385 -343761.055
  7   3 167275.0  61424.0   0.0101   0.0688   0.1472   0.0777   4.9967   0.1472 -332930.566
  7   4 166744.2  61954.8   0.0087   0.0652   0.1332   0.0720   5.7286   0.1332 -330768.981
  7   5 166882.7  61816.3   0.0094   0.0595   0.1587   0.0689   5.6104   0.1587 -330259.029
  7   6 167020.0  61679.0   0.0100   0.0602   0.1670   0.0707   5.4594   0.1670 -330992.599
  8   1 171038.1  57660.9   0.0575   0.5864   0.0981   0.5726   3.9057   0.0981 -404224.052
  8   2 167217.7  61481.3   0.0145   0.1086   0.1337   0.1194   5.0676   0.1337 -343083.486
  8   3 167442.4  61256.6   0.0100   0.0670   0.1493   0.0758   4.7841   0.1493 -332569.043
  8   4 166812.8  61886.2   0.0085   0.0636   0.1343   0.0703   5.5528   0.1343 -330421.721
  8   5 165862.2  62836.8   0.0025   0.0190   0.1337   0.0212   6.5685   0.1337 -314651.102
  8   6 165847.0  62852.0   0.0031   0.0210   0.1482   0.0241   6.5547   0.1482 -315822.846
  8   7 166835.1  61863.9   0.0093   0.0595   0.1565   0.0687   5.5963   0.1565 -330260.369

