

2 (Bom_con) ... 1 (Apis_mel)
  0  0.0000 414361.094577  x:  0.47291   1.61841   0.48767  
  1 99.0000 405978.561346  x:  0.42236   1.69292   0.10307  
  2 22009.8836 405748.819035  x:  0.45427   1.70385   0.08098  
  3 13879.1025 403890.735856  x:  0.55836   3.09501   0.11923  
  4 3707.7190 403722.517825  x:  0.52018   3.45125   0.10881  
  5  0.4904 403655.036167  x:  0.55668   3.72039   0.09858  
  6  0.1338 403650.011753  x:  0.55800   3.82754   0.10204  
  7  0.0548 403649.495632  x:  0.55696   3.86704   0.10151  
  8  0.0329 403649.495544  x:  0.55697   3.86745   0.10152  
  9  0.0004 403649.495544  x:  0.55697   3.86745   0.10152  
 10  0.0000 403649.495543  x:  0.55697   3.86745   0.10152  

3 (Bom_hor) ... 1 (Apis_mel)
  0  0.0000 405656.540818  x:  0.45357   3.55422   0.13384  
  1 99.0000 405264.545046  x:  0.49537   3.55463   0.09566  
  2 12383.0415 405035.314217  x:  0.55713   3.55513   0.10606  
  3 12300.3136 405016.470602  x:  0.55957   3.87484   0.10742  
  4 123.5132 404998.018757  x:  0.57420   3.89264   0.09932  
  5  0.0228 404997.879504  x:  0.57588   3.90440   0.09956  
  6  0.0101 404997.878953  x:  0.57596   3.90452   0.09952  
  7  0.0002 404997.878953  x:  0.57596   3.90452   0.09952  

3 (Bom_hor) ... 2 (Bom_con)
  0  0.0000 344558.337764  x:  0.12037   3.27400   0.15039  
  1 99.0000 344542.699366  x:  0.12729   3.27497   0.13954  
  2 2449.8686 344528.692210  x:  0.12448   3.27645   0.12528  
  3 3737.7839 344433.863920  x:  0.12394   4.68840   0.13745  
  4 166.5058 344433.208644  x:  0.12361   4.69356   0.13389  
  5  0.0061 344433.205501  x:  0.12363   4.70320   0.13389  
  6  0.0054 344433.205441  x:  0.12362   4.70357   0.13391  
  7  0.0004 344433.205441  x:  0.12362   4.70356   0.13391  

4 (Bom_hyp) ... 1 (Apis_mel)
  0  0.0000 404248.946847  x:  0.55918   3.96289   0.17074  
  1 99.0000 403330.299333  x:  0.54667   3.96325   0.10040  
  2 20400.6642 403321.549446  x:  0.56207   3.96288   0.09678  
  3 1120.0595 403321.318481  x:  0.56154   3.92448   0.09667  
  4 11.6710 403320.464510  x:  0.56328   3.92014   0.09804  
  5  0.0098 403320.464018  x:  0.56337   3.92051   0.09800  
  6  0.0004 403320.464018  x:  0.56337   3.92049   0.09800  
  7  0.0000 403320.464018  x:  0.56337   3.92049   0.09800  

4 (Bom_hyp) ... 2 (Bom_con)
  0  0.0000 341000.876808  x:  0.09203   3.42218   0.11094  
  1 99.0000 340883.649303  x:  0.11060   3.42236   0.11272  
  2 13429.6240 340881.238226  x:  0.11032   3.42363   0.11939  
  3 734.5032 340794.952765  x:  0.11017   4.97150   0.12838  
  4 146.2253 340794.831342  x:  0.11029   4.95428   0.12678  
  5  0.0141 340794.830241  x:  0.11028   4.94773   0.12674  
  6  0.0038 340794.830206  x:  0.11028   4.94755   0.12676  
  7  0.0002 340794.830206  x:  0.11028   4.94754   0.12676  
  8  0.0000 340794.830206  x:  0.11028   4.94754   0.12676  
  9  0.0000 340794.830206  x:  0.11028   4.94754   0.12676  
check convergence!


4 (Bom_hyp) ... 3 (Bom_hor)
  0  0.0000 331551.374920  x:  0.06334   4.10209   0.11767  
  1 99.0000 331501.444419  x:  0.07317   4.10213   0.11855  
  2 10656.5173 331497.390544  x:  0.07294   4.10272   0.13081  
  3 766.5368 331481.234568  x:  0.07286   4.99661   0.13535  
  4 40.9336 331481.185858  x:  0.07288   4.99225   0.13404  
  5  0.0039 331481.185839  x:  0.07287   4.99275   0.13402  
  6  0.0004 331481.185838  x:  0.07287   4.99291   0.13402  
  7  0.0001 331481.185838  x:  0.07287   4.99291   0.13402  
  8  0.0000 331481.185838  x:  0.07287   4.99291   0.13402  
check convergence!


5 (Bom_mus) ... 1 (Apis_mel)
  0  0.0000 405861.740935  x:  0.48341   4.23852   0.21946  
  1 99.0000 404246.976838  x:  0.49745   4.23850   0.10654  
  2 20503.3145 404047.547482  x:  0.57280   4.23664   0.09491  
  3 6055.2666 404036.343468  x:  0.56966   3.95942   0.09358  
  4 77.5650 404027.769218  x:  0.57082   3.91906   0.09841  
  5  0.1362 404027.753497  x:  0.57074   3.92858   0.09846  
  6  0.0106 404027.753321  x:  0.57066   3.92824   0.09846  
  7  0.0003 404027.753321  x:  0.57066   3.92825   0.09846  

5 (Bom_mus) ... 2 (Bom_con)
  0  0.0000 343154.115305  x:  0.11063   3.54629   0.14201  
  1 99.0000 343133.221386  x:  0.11913   3.54655   0.14009  
  2 4927.2950 343126.367591  x:  0.11910   3.54816   0.12815  
  3 1138.7578 343044.091932  x:  0.11901   5.03488   0.13918  
  4 139.7986 343043.630366  x:  0.11912   5.02552   0.13592  
  5  0.0096 343043.630299  x:  0.11912   5.02452   0.13589  
  6  0.0008 343043.630293  x:  0.11912   5.02416   0.13590  
  7  0.0003 343043.630293  x:  0.11912   5.02416   0.13590  

5 (Bom_mus) ... 3 (Bom_hor)
  0  0.0000 332452.070490  x:  0.07359   4.20604   0.14780  
  1 99.0000 332450.262743  x:  0.07557   4.20607   0.14774  
  2 1848.5123 332450.193007  x:  0.07559   4.20663   0.14613  
  3 80.1873 332443.682850  x:  0.07555   4.74728   0.14968  
  4 28.8883 332443.679646  x:  0.07555   4.74690   0.14933  
  5  0.0005 332443.679646  x:  0.07555   4.74705   0.14932  

5 (Bom_mus) ... 4 (Bom_hyp)
  0  0.0000 330468.402478  x:  0.05548   3.87931   0.20815  
  1 99.0000 330357.255510  x:  0.06929   3.87939   0.20618  
  2 17274.3679 330235.985019  x:  0.06963   3.88244   0.12757  
  3 2565.9443 330189.478839  x:  0.06949   5.44074   0.14277  
  4 72.9493 330187.855628  x:  0.06957   5.47697   0.13506  
  5  0.0563 330187.840658  x:  0.06960   5.51151   0.13517  
  6  0.0190 330187.840571  x:  0.06959   5.51156   0.13522  
  7  0.0001 330187.840568  x:  0.06959   5.51165   0.13521  
  8  0.0001 330187.840568  x:  0.06959   5.51167   0.13521  

6 (Bom_pas) ... 1 (Apis_mel)
  0  0.0000 404354.437190  x:  0.55965   4.40334   0.11318  
  1 99.0000 404319.105802  x:  0.56046   4.40308   0.10151  
  2 5737.5463 404309.319897  x:  0.57867   4.40056   0.09932  
  3 1124.3595 404273.542311  x:  0.57216   3.89982   0.09856  
  4 135.7208 404273.518942  x:  0.57153   3.89849   0.09883  
  5  0.0017 404273.518672  x:  0.57147   3.89873   0.09882  
  6  0.0003 404273.518672  x:  0.57147   3.89870   0.09882  

6 (Bom_pas) ... 2 (Bom_con)
  0  0.0000 343743.451071  x:  0.12294   3.35502   0.10759  
  1 99.0000 343717.384725  x:  0.11832   3.35604   0.12645  
  2 2838.5482 343714.991365  x:  0.12101   3.35647   0.12884  
  3 1715.9407 343612.813567  x:  0.12121   4.91278   0.13795  
  4 166.8211 343612.794470  x:  0.12095   4.91164   0.13790  
  5  0.0011 343612.794401  x:  0.12095   4.91091   0.13793  
  6  0.0005 343612.794399  x:  0.12095   4.91073   0.13792  
  7  0.0001 343612.794399  x:  0.12095   4.91070   0.13792  
  8  0.0000 343612.794399  x:  0.12095   4.91072   0.13792  

6 (Bom_pas) ... 3 (Bom_hor)
  0  0.0000 333247.453416  x:  0.06202   4.20954   0.19908  
  1 99.0000 333129.939986  x:  0.07703   4.20957   0.19772  
  2 16843.2342 333088.704048  x:  0.07728   4.21064   0.15203  
  3 1621.6988 333083.295538  x:  0.07725   4.69151   0.15603  
  4 23.9685 333083.258650  x:  0.07731   4.69382   0.15483  
  5  0.0034 333083.257977  x:  0.07735   4.69456   0.15486  
  6  0.0006 333083.257976  x:  0.07735   4.69452   0.15486  

6 (Bom_pas) ... 4 (Bom_hyp)
  0  0.0000 331433.905078  x:  0.05789   4.10845   0.24934  
  1 99.0000 331326.044149  x:  0.07175   4.10852   0.24705  
  2 16596.3204 331127.451278  x:  0.07218   4.11205   0.13634  
  3 2855.9167 331095.050680  x:  0.07209   5.41233   0.15034  
  4 58.5026 331093.511112  x:  0.07216   5.45917   0.14274  
  5  0.0864 331093.496851  x:  0.07221   5.49156   0.14290  
  6  0.0198 331093.496795  x:  0.07220   5.49162   0.14292  
  7  0.0001 331093.496794  x:  0.07220   5.49174   0.14292  
  8  0.0001 331093.496794  x:  0.07220   5.49169   0.14292  

6 (Bom_pas) ... 5 (Bom_mus)
  0  0.0000 315565.928512  x:  0.02373   4.62280   0.25259  
  1 99.0000 315564.901299  x:  0.02292   4.62280   0.25230  
  2 2361.0224 315513.624641  x:  0.02308   4.62556   0.15021  
  3 901.8990 315506.129622  x:  0.02304   5.86347   0.16193  
  4 13.9315 315505.842231  x:  0.02308   5.89644   0.15596  
  5  0.0594 315505.839653  x:  0.02311   5.91403   0.15585  
  6  0.0146 315505.839503  x:  0.02310   5.91891   0.15593  
  7  0.0038 315505.839503  x:  0.02310   5.91891   0.15593  
check convergence!


7 (Bom_syl) ... 1 (Apis_mel)
  0  0.0000 405775.377973  x:  0.56414   4.65535   0.20033  
  1 99.0000 404417.750742  x:  0.54682   4.65498   0.10583  
  2 21384.0155 404390.179977  x:  0.57318   4.65219   0.09836  
  3 2040.4798 404316.082803  x:  0.56307   3.90383   0.09670  
  4 181.7188 404309.414109  x:  0.56912   3.89137   0.10034  
  5  0.0325 404309.397803  x:  0.56923   3.90013   0.10024  
  6  0.0106 404309.397359  x:  0.56921   3.89930   0.10021  
  7  0.0009 404309.397359  x:  0.56921   3.89929   0.10021  

7 (Bom_syl) ... 2 (Bom_con)
  0  0.0000 343992.043722  x:  0.11632   3.32478   0.18359  
  1 99.0000 343946.656575  x:  0.12887   3.32600   0.16428  
  2 4074.0021 343880.684262  x:  0.12489   3.32849   0.12698  
  3 7970.2973 343763.407409  x:  0.12388   4.96895   0.14311  
  4 179.7608 343761.062696  x:  0.12182   4.98010   0.13834  
  5  0.0133 343761.055715  x:  0.12172   4.99128   0.13856  
  6  0.0080 343761.054673  x:  0.12176   4.99576   0.13851  
  7  0.0035 343761.054671  x:  0.12176   4.99578   0.13851  
  8  0.0000 343761.054671  x:  0.12176   4.99577   0.13851  

7 (Bom_syl) ... 3 (Bom_hor)
  0  0.0000 333155.060349  x:  0.08187   4.00394   0.24843  
  1 99.0000 333132.265259  x:  0.07483   4.00407   0.24400  
  2 5315.8013 332953.406728  x:  0.07638   4.00707   0.14237  
  3 3794.7318 332932.046535  x:  0.07645   4.95489   0.15290  
  4 50.8484 332930.658310  x:  0.07725   4.98619   0.14641  
  5  0.0506 332930.566243  x:  0.07765   4.99195   0.14723  
  6  0.0068 332930.565814  x:  0.07765   4.99633   0.14719  
  7  0.0033 332930.565801  x:  0.07765   4.99670   0.14721  
  8  0.0003 332930.565801  x:  0.07765   4.99670   0.14721  

7 (Bom_syl) ... 4 (Bom_hyp)
  0  0.0000 330821.327474  x:  0.07500   4.26915   0.14949  
  1 99.0000 330815.062609  x:  0.07125   4.26923   0.14800  
  2 3169.3387 330802.867755  x:  0.07188   4.27042   0.12705  
  3 1230.8726 330769.191779  x:  0.07181   5.71490   0.13578  
  4 55.5494 330768.981303  x:  0.07201   5.72054   0.13317  
  5  0.0067 330768.980541  x:  0.07202   5.72813   0.13319  
  6  0.0048 330768.980521  x:  0.07202   5.72863   0.13320  

7 (Bom_syl) ... 5 (Bom_mus)
  0  0.0000 330368.158402  x:  0.05947   4.55357   0.20617  
  1 99.0000 330320.521987  x:  0.06869   4.55361   0.20487  
  2 10770.4482 330275.672829  x:  0.06889   4.55519   0.15388  
  3 1570.3812 330259.239448  x:  0.06884   5.59553   0.16186  
  4 35.6954 330259.029450  x:  0.06887   5.60411   0.15871  
  5  0.0122 330259.028959  x:  0.06888   5.61023   0.15872  
  6  0.0043 330259.028956  x:  0.06888   5.61039   0.15873  

7 (Bom_syl) ... 6 (Bom_pas)
  0  0.0000 331139.349529  x:  0.07308   4.55431   0.26092  
  1 99.0000 331128.900755  x:  0.06856   4.55439   0.25771  
  2 3691.4768 331006.068890  x:  0.06982   4.55679   0.16215  
  3 3092.2132 330993.187216  x:  0.06987   5.43889   0.17068  
  4 32.3270 330992.635765  x:  0.07047   5.45635   0.16627  
  5  0.0255 330992.599160  x:  0.07070   5.45770   0.16701  
  6  0.0019 330992.599112  x:  0.07070   5.45917   0.16699  
  7  0.0013 330992.599111  x:  0.07070   5.45933   0.16699  
  8  0.0002 330992.599110  x:  0.07070   5.45936   0.16699  

8 (Bom_vet) ... 1 (Apis_mel)
  0  0.0000 404516.950154  x:  0.54243   4.50305   0.13344  
  1 99.0000 404314.008459  x:  0.54416   4.50269   0.10301  
  2 11812.0359 404273.169748  x:  0.58056   4.49982   0.09794  
  3 2381.1199 404224.548912  x:  0.57342   3.91002   0.09681  
  4 152.5632 404224.056234  x:  0.57297   3.90543   0.09809  
  5  0.0075 404224.052104  x:  0.57261   3.90580   0.09812  
  6  0.0005 404224.052103  x:  0.57261   3.90572   0.09812  

8 (Bom_vet) ... 2 (Bom_con)
  0  0.0000 343261.031185  x:  0.10189   3.58897   0.12057  
  1 99.0000 343165.380327  x:  0.11951   3.58917   0.12202  
  2 11457.5951 343164.277797  x:  0.11931   3.59056   0.12680  
  3 471.3507 343083.624578  x:  0.11927   5.09074   0.13540  
  4 145.8182 343083.486917  x:  0.11938   5.07355   0.13368  
  5  0.0147 343083.486058  x:  0.11938   5.06784   0.13363  
  6  0.0035 343083.486032  x:  0.11938   5.06764   0.13365  

8 (Bom_vet) ... 3 (Bom_hor)
  0  0.0000 332726.064662  x:  0.07226   4.16606   0.23951  
  1 99.0000 332713.248563  x:  0.07756   4.16618   0.23441  
  2 3572.5992 332578.251730  x:  0.07709   4.16816   0.14553  
  3 4715.7217 332569.853131  x:  0.07697   4.77326   0.15167  
  4 29.9655 332569.103113  x:  0.07604   4.78699   0.14820  
  5  0.0172 332569.042644  x:  0.07579   4.78423   0.14935  
  6  0.0042 332569.042640  x:  0.07578   4.78416   0.14934  
  7  0.0001 332569.042640  x:  0.07579   4.78409   0.14934  
  8  0.0000 332569.042640  x:  0.07579   4.78409   0.14934  

8 (Bom_vet) ... 4 (Bom_hyp)
  0  0.0000 330648.111923  x:  0.05569   3.86058   0.17670  
  1 99.0000 330528.849708  x:  0.07008   3.86066   0.17519  
  2 17932.8928 330473.677698  x:  0.07032   3.86296   0.12653  
  3 1992.1788 330422.726107  x:  0.07017   5.51801   0.14034  
  4 76.5326 330421.726364  x:  0.07025   5.53333   0.13431  
  5  0.0209 330421.721607  x:  0.07028   5.55171   0.13429  
  6  0.0104 330421.721493  x:  0.07028   5.55263   0.13435  
  7  0.0008 330421.721490  x:  0.07027   5.55279   0.13435  
  8  0.0001 330421.721490  x:  0.07027   5.55278   0.13435  

8 (Bom_vet) ... 5 (Bom_mus)
  0  0.0000 314761.966384  x:  0.01696   4.41990   0.22785  
  1 99.0000 314726.924741  x:  0.02115   4.41991   0.22765  
  2 18069.8921 314668.525723  x:  0.02124   4.42320   0.12602  
  3 893.1343 314652.122863  x:  0.02117   6.40063   0.14411  
  4 20.6753 314651.120817  x:  0.02119   6.47975   0.13337  
  5  0.1345 314651.101697  x:  0.02120   6.57015   0.13363  
  6  0.0445 314651.101632  x:  0.02120   6.56860   0.13370  
  7  0.0016 314651.101631  x:  0.02119   6.56851   0.13370  
  8  0.0001 314651.101631  x:  0.02119   6.56853   0.13370  

8 (Bom_vet) ... 6 (Bom_pas)
  0  0.0000 315846.357228  x:  0.02454   5.06565   0.10601  
  1 99.0000 315845.758324  x:  0.02391   5.06566   0.10657  
  2 1407.6256 315831.138177  x:  0.02422   5.06604   0.14273  
  3 1636.5539 315822.861233  x:  0.02415   6.56228   0.14787  
  4 13.0049 315822.846121  x:  0.02405   6.55815   0.14810  
  5  0.0041 315822.845946  x:  0.02405   6.55462   0.14823  
  6  0.0022 315822.845944  x:  0.02405   6.55472   0.14822  
  7  0.0001 315822.845943  x:  0.02405   6.55471   0.14822  

8 (Bom_vet) ... 7 (Bom_syl)
  0  0.0000 330430.049049  x:  0.06160   5.09372   0.25802  
  1 99.0000 330403.469574  x:  0.06857   5.09375   0.25592  
  2 7587.6565 330263.670493  x:  0.06882   5.09521   0.15437  
  3 2407.2268 330260.453810  x:  0.06879   5.59439   0.15841  
  4 13.8751 330260.371184  x:  0.06874   5.59970   0.15650  
  5  0.0104 330260.368601  x:  0.06867   5.59649   0.15652  
  6  0.0029 330260.368601  x:  0.06867   5.59627   0.15652  