

2 (Bom_con) ... 1 (Apis_mel)
  0  0.0000 831718.758630  x:  0.55655   1.46567   0.41211  
  1 99.0000 814672.682744  x:  0.41312   1.52877   0.09668  
  2 57364.1355 814261.284199  x:  0.43158   1.53737   0.07544  
  3 31661.2528 808663.980799  x:  0.54370   3.53295   0.11366  
  4 8833.5150 808307.192597  x:  0.53211   3.75504   0.09209  
  5  0.1383 808236.118050  x:  0.56439   3.91679   0.08713  
  6  0.0954 808217.587439  x:  0.56525   4.06170   0.09159  
  7  0.0794 808210.538072  x:  0.56249   4.17535   0.09037  
  8  0.0857 808210.521343  x:  0.56294   4.18009   0.09038  
  9  0.0042 808210.521324  x:  0.56294   4.18018   0.09037  
 10  0.0001 808210.521324  x:  0.56294   4.18018   0.09037  

3 (Bom_hor) ... 1 (Apis_mel)
  0  0.0000 810609.641071  x:  0.49241   3.68422   0.10833  
  1 99.0000 810386.016075  x:  0.50659   3.68456   0.08898  
  2 17129.8142 810094.359344  x:  0.56794   3.68580   0.08962  
  3 15111.2082 810030.063411  x:  0.57255   4.13524   0.09100  
  4 304.6841 810025.277679  x:  0.57589   4.14186   0.08831  
  5  0.0090 810025.221929  x:  0.57686   4.14579   0.08828  
  6  0.0033 810025.221917  x:  0.57685   4.14581   0.08829  
  7  0.0000 810025.221917  x:  0.57685   4.14581   0.08829  

3 (Bom_hor) ... 2 (Bom_con)
  0  0.0000 691306.212342  x:  0.10412   3.44622   0.13120  
  1 99.0000 691178.763204  x:  0.11861   3.44650   0.12848  
  2 18125.2622 691149.464069  x:  0.11864   3.44811   0.11233  
  3 3525.4812 690945.306011  x:  0.11852   5.07026   0.12395  
  4 317.3578 690943.703076  x:  0.11865   5.07873   0.12012  
  5  0.0092 690943.689792  x:  0.11869   5.09482   0.12014  
  6  0.0085 690943.689635  x:  0.11867   5.09515   0.12017  
  7  0.0003 690943.689633  x:  0.11867   5.09516   0.12016  
  8  0.0000 690943.689633  x:  0.11867   5.09517   0.12016  
  9  0.0000 690943.689633  x:  0.11867   5.09517   0.12016  
 10  0.0000 690943.689633  x:  0.11867   5.09517   0.12016  
check convergence!


4 (Bom_hyp) ... 1 (Apis_mel)
  0  0.0000 810233.464168  x:  0.46617   4.19507   0.18471  
  1 99.0000 807548.536356  x:  0.48241   4.19531   0.09431  
  2 43434.1819 807066.131493  x:  0.56542   4.19454   0.08475  
  3 13654.7533 807065.992007  x:  0.56566   4.21729   0.08487  
  4  8.2710 807060.601953  x:  0.56573   4.18627   0.08737  
  5  0.1360 807060.601155  x:  0.56578   4.18796   0.08737  
  6  0.0017 807060.601152  x:  0.56579   4.18794   0.08737  

4 (Bom_hyp) ... 2 (Bom_con)
  0  0.0000 686876.523818  x:  0.09103   3.55338   0.19560  
  1 99.0000 686606.978120  x:  0.11102   3.55370   0.18811  
  2 27268.6752 686108.457627  x:  0.11133   3.55711   0.10684  
  3 11065.3125 685889.475507  x:  0.11099   5.33797   0.12469  
  4 308.2417 685877.644727  x:  0.11057   5.40845   0.11448  
  5  0.1096 685877.223814  x:  0.10993   5.47567   0.11498  
  6  0.0433 685877.192323  x:  0.11009   5.49709   0.11505  
  7  0.0128 685877.192297  x:  0.11008   5.49756   0.11505  
  8  0.0005 685877.192297  x:  0.11008   5.49756   0.11505  

4 (Bom_hyp) ... 3 (Bom_hor)
  0  0.0000 665113.520223  x:  0.07132   4.35979   0.13535  
  1 99.0000 665099.391660  x:  0.06776   4.35982   0.13417  
  2 7064.4028 665080.277544  x:  0.06825   4.36042   0.11646  
  3 2207.4704 665060.706364  x:  0.06820   5.11943   0.12057  
  4 57.0604 665060.621148  x:  0.06809   5.11785   0.11955  
  5  0.0021 665060.621066  x:  0.06808   5.11768   0.11956  
  6  0.0002 665060.621066  x:  0.06808   5.11766   0.11956  

5 (Bom_mus) ... 1 (Apis_mel)
  0  0.0000 809285.501945  x:  0.46196   4.14761   0.09282  
  1 99.0000 808864.785709  x:  0.50119   4.14722   0.11171  
  2 20465.5499 808407.079633  x:  0.56128   4.14673   0.08688  
  3 24582.0245 808406.990693  x:  0.56150   4.16488   0.08693  
  4  2.4009 808398.056129  x:  0.56835   4.15623   0.08906  
  5  0.0456 808397.499283  x:  0.57090   4.15951   0.08830  
  6  0.0042 808397.499280  x:  0.57089   4.15958   0.08830  

5 (Bom_mus) ... 2 (Bom_con)
  0  0.0000 690598.751140  x:  0.09837   3.74410   0.07330  
  1 99.0000 690127.221370  x:  0.12367   3.74429   0.09040  
  2 33465.9717 690021.483886  x:  0.11605   3.74493   0.11376  
  3 9962.8624 689832.103780  x:  0.11548   5.49508   0.12047  
  4 272.6339 689828.478288  x:  0.11785   5.50076   0.12219  
  5  0.0050 689828.330769  x:  0.11766   5.50190   0.12334  
  6  0.0011 689828.330592  x:  0.11766   5.50014   0.12332  
  7  0.0011 689828.330580  x:  0.11766   5.49984   0.12332  
  8  0.0003 689828.330580  x:  0.11766   5.49984   0.12332  

5 (Bom_mus) ... 3 (Bom_hor)
  0  0.0000 667791.457009  x:  0.06973   4.43219   0.21000  
  1 99.0000 667751.101137  x:  0.07625   4.43240   0.19675  
  2 5624.1274 667548.192450  x:  0.07439   4.43345   0.12854  
  3 22923.5154 667539.889091  x:  0.07423   4.89901   0.13226  
  4 37.5118 667534.068101  x:  0.07177   4.88511   0.13211  
  5  0.0147 667534.065960  x:  0.07175   4.88209   0.13226  
  6  0.0044 667534.065820  x:  0.07175   4.88062   0.13223  
  7  0.0015 667534.065820  x:  0.07175   4.88051   0.13223  
  8  0.0001 667534.065819  x:  0.07175   4.88053   0.13223  
  9  0.0000 667534.065819  x:  0.07175   4.88053   0.13223  

5 (Bom_mus) ... 4 (Bom_hyp)
  0  0.0000 665475.517339  x:  0.06024   3.95495   0.15136  
  1 99.0000 665379.741829  x:  0.06958   3.95502   0.14988  
  2 21358.8947 665315.004231  x:  0.06973   3.95674   0.11620  
  3 3533.3909 665206.559593  x:  0.06955   5.73196   0.12854  
  4 151.9052 665205.011648  x:  0.06960   5.75111   0.12363  
  5  0.0229 665204.994074  x:  0.06960   5.77940   0.12362  
  6  0.0150 665204.993826  x:  0.06960   5.77982   0.12369  
  7  0.0004 665204.993826  x:  0.06960   5.77982   0.12369  

6 (Bom_pas) ... 1 (Apis_mel)
  0  0.0000 813003.680867  x:  0.55427   4.74986   0.21431  
  1 99.0000 808667.689325  x:  0.53205   4.74984   0.09491  
  2 50395.0583 808570.851197  x:  0.56320   4.74807   0.08526  
  3 5936.8487 808497.704120  x:  0.55538   4.18754   0.08413  
  4 242.6940 808455.763966  x:  0.56951   4.15044   0.08911  
  5  0.1012 808455.449909  x:  0.57062   4.17102   0.08858  
  6  0.0208 808455.442709  x:  0.57066   4.16696   0.08851  
  7  0.0046 808455.442707  x:  0.57067   4.16694   0.08852  

6 (Bom_pas) ... 2 (Bom_con)
  0  0.0000 690957.873746  x:  0.09491   3.63551   0.12063  
  1 99.0000 690601.281577  x:  0.11835   3.63573   0.12064  
  2 33007.1156 690599.241973  x:  0.11846   3.63734   0.11645  
  3 892.0843 690367.715498  x:  0.11834   5.62615   0.12943  
  4 358.4415 690366.035514  x:  0.11857   5.57480   0.12529  
  5  0.0435 690366.005707  x:  0.11858   5.54799   0.12530  
  6  0.0135 690366.005645  x:  0.11857   5.54794   0.12532  
  7  0.0001 690366.005644  x:  0.11857   5.54792   0.12532  
  8  0.0000 690366.005644  x:  0.11857   5.54791   0.12532  
  9  0.0000 690366.005644  x:  0.11857   5.54792   0.12532  
 10  0.0000 690366.005644  x:  0.11857   5.54792   0.12532  
check convergence!


6 (Bom_pas) ... 3 (Bom_hor)
  0  0.0000 667896.505547  x:  0.07625   4.38903   0.21984  
  1 99.0000 667853.531660  x:  0.06966   4.38909   0.21644  
  2 11226.3669 667601.317253  x:  0.07094   4.39075   0.13410  
  3 6212.5194 667583.117894  x:  0.07096   5.08991   0.14017  
  4 56.9595 667582.302232  x:  0.07149   5.10222   0.13698  
  5  0.0182 667582.249985  x:  0.07168   5.10136   0.13751  
  6  0.0013 667582.249960  x:  0.07168   5.10181   0.13750  
  7  0.0004 667582.249960  x:  0.07168   5.10194   0.13750  
  8  0.0001 667582.249960  x:  0.07168   5.10192   0.13750  
  9  0.0001 667582.249960  x:  0.07168   5.10192   0.13750  

6 (Bom_pas) ... 4 (Bom_hyp)
  0  0.0000 665698.295816  x:  0.06971   4.18154   0.15489  
  1 99.0000 665650.500486  x:  0.06786   4.18307   0.12598  
  2 3037.5219 665645.605227  x:  0.06994   4.18332   0.12258  
  3 7525.5190 665539.018525  x:  0.06999   6.06795   0.13499  
  4 141.1445 665538.101828  x:  0.06984   6.08313   0.13112  
  5  0.0174 665538.088670  x:  0.06992   6.09886   0.13105  
  6  0.0116 665538.087276  x:  0.06990   6.10565   0.13112  
  7  0.0046 665538.087275  x:  0.06990   6.10567   0.13112  
  8  0.0000 665538.087275  x:  0.06990   6.10568   0.13112  
  9  0.0000 665538.087274  x:  0.06990   6.10570   0.13112  

6 (Bom_pas) ... 5 (Bom_mus)
  0  0.0000 635049.887661  x:  0.01911   4.86605   0.19394  
  1 99.0000 635020.466678  x:  0.02195   4.86606   0.19375  
  2 21760.9660 634964.457182  x:  0.02201   4.86749   0.13459  
  3 1472.2898 634949.922372  x:  0.02197   6.21852   0.14371  
  4 24.8716 634948.252363  x:  0.02198   6.25834   0.13398  
  5  0.0626 634948.240850  x:  0.02198   6.30399   0.13405  
  6  0.0285 634948.240816  x:  0.02198   6.30348   0.13410  
  7  0.0006 634948.240813  x:  0.02198   6.30310   0.13410  

7 (Bom_syl) ... 1 (Apis_mel)
  0  0.0000 810025.306321  x:  0.46988   4.96185   0.13648  
  1 99.0000 809217.676792  x:  0.49097   4.96123   0.09416  
  2 29055.2690 808684.767087  x:  0.57715   4.95835   0.09296  
  3 16875.6906 808541.242115  x:  0.57038   4.16768   0.09115  
  4 331.0523 808537.543244  x:  0.57084   4.17333   0.08886  
  5  0.0101 808537.488756  x:  0.56989   4.16754   0.08892  
  6  0.0052 808537.487871  x:  0.56986   4.16916   0.08893  
  7  0.0020 808537.487871  x:  0.56986   4.16916   0.08893  
  8  0.0000 808537.487871  x:  0.56986   4.16916   0.08893  

7 (Bom_syl) ... 2 (Bom_con)
  0  0.0000 691118.366361  x:  0.12536   3.74014   0.07730  
  1 99.0000 690864.075339  x:  0.11439   3.74061   0.11090  
  2 16110.6621 690848.043805  x:  0.11928   3.74090   0.11462  
  3 5929.9538 690665.315973  x:  0.11980   5.44154   0.12086  
  4 269.9036 690663.643268  x:  0.11870   5.44208   0.12423  
  5  0.0021 690663.614743  x:  0.11890   5.43919   0.12444  
  6  0.0026 690663.614458  x:  0.11889   5.43699   0.12445  
  7  0.0013 690663.614443  x:  0.11890   5.43667   0.12444  

7 (Bom_syl) ... 3 (Bom_hor)
  0  0.0000 667483.193517  x:  0.05993   4.40848   0.19493  
  1 99.0000 667343.787649  x:  0.07121   4.40852   0.19282  
  2 25909.6232 667146.527517  x:  0.07149   4.40983   0.12532  
  3 5038.7192 667129.149561  x:  0.07143   5.31578   0.13228  
  4 56.6233 667127.869113  x:  0.07142   5.20684   0.12793  
  5  0.1294 667127.686420  x:  0.07141   5.13896   0.12848  
  6  0.0744 667127.686346  x:  0.07141   5.13793   0.12850  

7 (Bom_syl) ... 4 (Bom_hyp)
  0  0.0000 665579.765923  x:  0.05513   4.30344   0.10402  
  1 99.0000 665319.328433  x:  0.07014   4.30349   0.10497  
  2 37783.6053 665309.731761  x:  0.06996   4.30421   0.11618  
  3 1791.5038 665221.472809  x:  0.06981   6.15237   0.12394  
  4 123.3244 665221.308885  x:  0.06982   6.09379   0.12253  
  5  0.0412 665221.303387  x:  0.06982   6.07913   0.12264  
  6  0.0092 665221.303367  x:  0.06982   6.07959   0.12266  
  7  0.0005 665221.303367  x:  0.06982   6.07962   0.12266  
  8  0.0000 665221.303367  x:  0.06982   6.07962   0.12266  
  9  0.0000 665221.303367  x:  0.06982   6.07962   0.12266  
check convergence!


7 (Bom_syl) ... 5 (Bom_mus)
  0  0.0000 664414.891018  x:  0.06403   4.94229   0.19084  
  1 99.0000 664400.150591  x:  0.06776   4.94233   0.18820  
  2 6583.9976 664280.630534  x:  0.06746   4.94325   0.13356  
  3 5615.5930 664267.854033  x:  0.06740   5.64054   0.13795  
  4 39.5939 664267.553407  x:  0.06707   5.64724   0.13614  
  5  0.0085 664267.539105  x:  0.06698   5.64768   0.13647  
  6  0.0007 664267.539104  x:  0.06698   5.64790   0.13647  
  7  0.0002 664267.539103  x:  0.06698   5.64791   0.13647  
  8  0.0000 664267.539103  x:  0.06698   5.64790   0.13647  
  9  0.0000 664267.539103  x:  0.06698   5.64788   0.13647  
 10  0.0000 664267.539103  x:  0.06698   5.64788   0.13647  

7 (Bom_syl) ... 6 (Bom_pas)
  0  0.0000 664516.837633  x:  0.06973   4.51194   0.18960  
  1 99.0000 664498.648885  x:  0.06561   4.51201   0.18743  
  2 7625.0066 664401.830028  x:  0.06657   4.51365   0.13793  
  3 4277.8431 664349.838354  x:  0.06655   5.91297   0.14802  
  4 88.9943 664349.026978  x:  0.06677   5.91123   0.14393  
  5  0.0058 664349.023647  x:  0.06683   5.90865   0.14395  
  6  0.0026 664349.023597  x:  0.06682   5.90710   0.14394  
  7  0.0010 664349.023597  x:  0.06682   5.90707   0.14394  
  8  0.0001 664349.023597  x:  0.06682   5.90708   0.14394  

8 (Bom_vet) ... 1 (Apis_mel)
  0  0.0000 813841.036636  x:  0.46799   4.78234   0.23384  
  1 99.0000 809168.176575  x:  0.48699   4.78196   0.09727  
  2 46004.4956 808621.434923  x:  0.57559   4.77937   0.08362  
  3 14384.2421 808548.779398  x:  0.56930   4.22099   0.08136  
  4 242.6992 808505.902707  x:  0.57169   4.13135   0.08797  
  5  0.3992 808505.641409  x:  0.57165   4.16085   0.08817  
  6  0.0366 808505.636185  x:  0.57136   4.15954   0.08823  
  7  0.0011 808505.636185  x:  0.57136   4.15955   0.08823  

8 (Bom_vet) ... 2 (Bom_con)
  0  0.0000 690400.356093  x:  0.11042   3.62852   0.20293  
  1 99.0000 690187.719869  x:  0.12964   3.63004   0.16756  
  2 10986.6448 689879.056490  x:  0.12500   3.63255   0.11091  
  3 30715.7115 689631.956258  x:  0.12329   5.57696   0.12843  
  4 323.9799 689607.447515  x:  0.11734   5.58112   0.12254  
  5  0.0105 689607.343199  x:  0.11708   5.57773   0.12337  
  6  0.0045 689607.342491  x:  0.11706   5.57470   0.12332  
  7  0.0020 689607.342394  x:  0.11707   5.57358   0.12333  

8 (Bom_vet) ... 3 (Bom_hor)
  0  0.0000 667230.259756  x:  0.07183   4.71254   0.23948  
  1 99.0000 667201.765459  x:  0.06670   4.71261   0.23384  
  2 7294.6122 666866.738574  x:  0.06841   4.71381   0.13422  
  3 11305.7530 666864.150211  x:  0.06846   5.01460   0.13677  
  4 19.3471 666860.826204  x:  0.07026   4.98602   0.13493  
  5  0.0294 666860.797916  x:  0.07028   4.98014   0.13559  
  6  0.0117 666860.797789  x:  0.07027   4.97846   0.13558  

8 (Bom_vet) ... 4 (Bom_hyp)
  0  0.0000 665464.784620  x:  0.05646   4.29417   0.19941  
  1 99.0000 665293.910218  x:  0.06862   4.29424   0.19732  
  2 29815.4730 665055.384120  x:  0.06893   4.29658   0.12189  
  3 5311.9217 664976.238597  x:  0.06881   5.92245   0.13513  
  4 118.0440 664973.578674  x:  0.06884   5.95874   0.12842  
  5  0.0570 664973.557726  x:  0.06882   5.99148   0.12851  
  6  0.0183 664973.557643  x:  0.06882   5.99143   0.12854  
  7  0.0001 664973.557642  x:  0.06882   5.99149   0.12854  
  8  0.0000 664973.557641  x:  0.06882   5.99143   0.12854  

8 (Bom_vet) ... 5 (Bom_mus)
  0  0.0000 633542.872429  x:  0.02103   4.73328   0.10356  
  1 99.0000 633541.048663  x:  0.02031   4.73328   0.10363  
  2 4976.9700 633538.417323  x:  0.02030   4.73380   0.11437  
  3 519.7315 633520.730814  x:  0.02022   6.31822   0.12029  
  4 26.7246 633520.721293  x:  0.02024   6.31656   0.11967  
  5  0.0015 633520.721191  x:  0.02023   6.31717   0.11963  
  6  0.0006 633520.721189  x:  0.02023   6.31763   0.11963  

8 (Bom_vet) ... 6 (Bom_pas)
  0  0.0000 634620.422746  x:  0.02168   5.07770   0.20473  
  1 99.0000 634619.641187  x:  0.02120   5.07771   0.20440  
  2 2679.2234 634555.090578  x:  0.02141   5.08008   0.11408  
  3 2258.7853 634526.255727  x:  0.02135   7.32606   0.12916  
  4 31.2737 634525.146483  x:  0.02138   7.21747   0.13676  
  5  0.1492 634525.129574  x:  0.02141   7.16037   0.13630  
  6  0.0357 634525.129033  x:  0.02140   7.15655   0.13630  
  7  0.0034 634525.129022  x:  0.02140   7.15510   0.13630  
  8  0.0012 634525.129020  x:  0.02140   7.15474   0.13630  
  9  0.0127 634525.129020  x:  0.02140   7.15474   0.13630  

8 (Bom_vet) ... 7 (Bom_syl)
  0  0.0000 663717.945122  x:  0.06107   5.55007   0.19642  
  1 99.0000 663694.107403  x:  0.06569   5.55009   0.19463  
  2 9874.4356 663577.669216  x:  0.06571   5.55057   0.13830  
  3 4097.5155 663576.285584  x:  0.06570   5.80549   0.13968  
  4 11.2043 663576.245827  x:  0.06557   5.80662   0.13904  
  5  0.0015 663576.243285  x:  0.06553   5.80596   0.13920  
  6  0.0008 663576.243284  x:  0.06553   5.80588   0.13920  