

2 (And_ful) ... 1 (And_bic)
  0  0.0000 1042934.068292  x:  0.14052   1.63855   0.46479  
  1 99.0000 1038271.177615  x:  0.31473   1.70189   0.09376  
  2 33646.1182 1037244.800728  x:  0.32070   1.70929   0.04663  
  3 346129.6185 1030403.411231  x:  0.19733   7.04195   0.15564  
  4 4267.7837 1028378.077197  x:  0.14431   6.52804   0.10139  
  5  0.3062 1027737.940840  x:  0.15244   5.69191   0.06042  
  6  1.4337 1027507.302933  x:  0.17071   5.06483   0.06627  
  7  0.4955 1027306.081229  x:  0.16997   3.83523   0.05678  
  8  0.7147 1027231.457134  x:  0.16196   3.60657   0.06441  
  9  0.2519 1027227.237795  x:  0.16052   3.73431   0.06471  
 10  0.2173 1027227.130447  x:  0.16027   3.72283   0.06437  
 11  0.0127 1027227.129308  x:  0.16030   3.72292   0.06434  
 12  0.0001 1027227.129308  x:  0.16030   3.72298   0.06434  

3 (And_hae) ... 1 (And_bic)
  0  0.0000 1025125.469830  x:  0.16504   3.37277   0.14456  
  1 99.0000 1023994.874576  x:  0.13197   3.37340   0.09576  
  2 34704.1582 1023510.518642  x:  0.14052   3.37383   0.06093  
  3 42227.1435 1023485.188412  x:  0.14124   3.73513   0.06328  
  4 147.3209 1023408.438063  x:  0.15164   3.62802   0.06658  
  5  0.1275 1023406.693655  x:  0.15210   3.64023   0.06472  
  6  0.0166 1023406.692450  x:  0.15207   3.63858   0.06469  
  7  0.0015 1023406.692448  x:  0.15207   3.63855   0.06469  

3 (And_hae) ... 2 (And_ful)
  0  0.0000 1021813.630500  x:  0.15871   3.42316   0.16107  
  1 99.0000 1020686.539987  x:  0.12504   3.42406   0.11141  
  2 34156.1195 1019954.093502  x:  0.13282   3.42491   0.06352  
  3 52685.7914 1019862.653067  x:  0.13419   4.17193   0.06884  
  4 273.1437 1019752.526865  x:  0.14690   4.05468   0.06930  
  5  0.1275 1019751.900050  x:  0.14700   4.05605   0.06808  
  6  0.0029 1019751.892352  x:  0.14700   4.04869   0.06804  
  7  0.0060 1019751.892338  x:  0.14699   4.04864   0.06804  

4 (And_hat) ... 1 (And_bic)
  0  0.0000 1003711.237747  x:  0.11385   3.64455   0.09145  
  1 99.0000 1003574.846157  x:  0.12181   3.64460   0.07161  
  2 12088.2349 1003553.103882  x:  0.11806   3.64460   0.06632  
  3 9269.4405 1003551.873033  x:  0.11810   3.55673   0.06591  
  4 26.7519 1003550.924385  x:  0.11734   3.54986   0.06712  
  5  0.0093 1003550.923825  x:  0.11733   3.54980   0.06709  
  6  0.0001 1003550.923825  x:  0.11733   3.54979   0.06709  

4 (And_hat) ... 2 (And_ful)
  0  0.0000 1022464.493271  x:  0.15608   3.32389   0.07334  
  1 99.0000 1022409.278193  x:  0.15081   3.32427   0.06425  
  2 10113.4543 1022407.053470  x:  0.15237   3.32459   0.06286  
  3 2201.0513 1022294.097201  x:  0.15270   4.13075   0.06642  
  4 324.9884 1022293.868330  x:  0.15258   4.13187   0.06574  
  5  0.0014 1022293.867147  x:  0.15262   4.13297   0.06572  
  6  0.0010 1022293.867121  x:  0.15261   4.13338   0.06572  

4 (And_hat) ... 3 (And_hae)
  0  0.0000 1019580.961898  x:  0.13626   3.67450   0.06136  
  1 99.0000 1019503.599020  x:  0.14681   3.67460   0.06370  
  2 14696.6891 1019503.547168  x:  0.14674   3.67492   0.06404  
  3 224.7579 1019469.848959  x:  0.14685   4.15571   0.06542  
  4 278.1381 1019469.846925  x:  0.14687   4.15229   0.06539  
  5  0.0029 1019469.846912  x:  0.14687   4.15213   0.06539  
  6  0.0001 1019469.846912  x:  0.14687   4.15214   0.06539  
  7  0.0000 1019469.846912  x:  0.14687   4.15213   0.06539  

5 (And_mar) ... 1 (And_bic)
  0  0.0000 986880.076279  x:  0.07387   3.52041   0.19352  
  1 99.0000 986520.305243  x:  0.09111   3.52047   0.18518  
  2 40697.7523 984940.285022  x:  0.09166   3.52123   0.06511  
  3 22196.3273 984925.633545  x:  0.09174   3.21484   0.06165  
  4 89.5268 984919.720590  x:  0.09066   3.14882   0.06521  
  5  0.1409 984915.665919  x:  0.08893   3.18031   0.06397  
  6  0.0432 984915.661752  x:  0.08894   3.17810   0.06386  
  7  0.0024 984915.661725  x:  0.08895   3.17845   0.06385  
  8  0.0004 984915.661725  x:  0.08895   3.17845   0.06385  

5 (And_mar) ... 2 (And_ful)
  0  0.0000 1028683.407359  x:  0.15377   2.94586   0.13667  
  1 99.0000 1027231.288204  x:  0.15850   2.94776   0.06285  
  2 29330.0654 1027230.750841  x:  0.15947   2.94827   0.06289  
  3 986.8513 1027073.466073  x:  0.15881   3.73119   0.07082  
  4 578.2352 1027061.901048  x:  0.15941   3.77984   0.06603  
  5  0.0981 1027061.759701  x:  0.15951   3.80804   0.06619  
  6  0.0185 1027061.759123  x:  0.15948   3.80801   0.06619  
  7  0.0000 1027061.759123  x:  0.15948   3.80803   0.06619  
  8  0.0000 1027061.759122  x:  0.15948   3.80802   0.06619  
  9  0.0000 1027061.759122  x:  0.15948   3.80802   0.06619  
 10  0.0000 1027061.759122  x:  0.15948   3.80802   0.06619  
check convergence!


5 (And_mar) ... 3 (And_hae)
  0  0.0000 1022871.310507  x:  0.15849   3.44835   0.09512  
  1 99.0000 1022556.651654  x:  0.14337   3.44859   0.07232  
  2 21478.1132 1022512.786715  x:  0.14862   3.44873   0.06406  
  3 10473.5582 1022502.251510  x:  0.14886   3.68443   0.06524  
  4 92.9402 1022501.016994  x:  0.14999   3.67774   0.06612  
  5  0.0085 1022501.008417  x:  0.15006   3.67726   0.06600  
  6  0.0005 1022501.008416  x:  0.15006   3.67719   0.06599  
  7  0.0001 1022501.008416  x:  0.15006   3.67719   0.06599  
  8  0.0000 1022501.008416  x:  0.15006   3.67719   0.06599  

5 (And_mar) ... 4 (And_hat)
  0  0.0000 1002201.587999  x:  0.11941   3.24549   0.09246  
  1 99.0000 1002078.447589  x:  0.10941   3.24569   0.08023  
  2 15023.0484 1002017.927675  x:  0.11323   3.24596   0.06726  
  3 12421.0749 1001998.042484  x:  0.11336   3.59295   0.06922  
  4 121.8810 1001997.274423  x:  0.11430   3.58882   0.06949  
  5  0.0045 1001997.271179  x:  0.11431   3.58848   0.06938  
  6  0.0004 1001997.271177  x:  0.11431   3.58836   0.06938  

6 (And_tri) ... 1 (And_bic)
  0  0.0000 1002436.190637  x:  0.12013   3.33157   0.18511  
  1 99.0000 1001876.624569  x:  0.09718   3.33177   0.15831  
  2 29578.5379 1000479.877695  x:  0.10072   3.33236   0.06605  
  3 47048.1003 1000469.849283  x:  0.10056   3.11133   0.06377  
  4 83.5596 1000364.358913  x:  0.11087   3.00966   0.06644  
  5  0.1142 1000362.095683  x:  0.11126   3.04441   0.06425  
  6  0.0959 1000362.090081  x:  0.11129   3.04859   0.06432  
  7  0.0047 1000362.090013  x:  0.11130   3.04838   0.06431  
  8  0.0002 1000362.090013  x:  0.11130   3.04837   0.06431  
  9  0.0000 1000362.090012  x:  0.11130   3.04837   0.06431  

6 (And_tri) ... 2 (And_ful)
  0  0.0000 1022779.875857  x:  0.12507   2.97833   0.06705  
  1 99.0000 1022310.036335  x:  0.15124   2.97858   0.06404  
  2 38340.1085 1022302.887874  x:  0.15117   2.97894   0.06029  
  3 3712.8722 1022202.153294  x:  0.15113   3.64652   0.06342  
  4 343.0815 1022201.999674  x:  0.15120   3.64467   0.06285  
  5  0.0019 1022201.999486  x:  0.15122   3.64463   0.06285  
  6  0.0000 1022201.999485  x:  0.15122   3.64464   0.06285  
  7  0.0000 1022201.999485  x:  0.15122   3.64464   0.06285  

6 (And_tri) ... 3 (And_hae)
  0  0.0000 1019952.912679  x:  0.13003   3.41752   0.12429  
  1 99.0000 1019205.558964  x:  0.15944   3.41796   0.08148  
  2 28688.3665 1018977.596207  x:  0.15297   3.41818   0.05966  
  3 29902.4123 1018967.306441  x:  0.15260   3.65517   0.06098  
  4 89.0185 1018917.366568  x:  0.14417   3.58900   0.06465  
  5  0.0823 1018917.217507  x:  0.14388   3.58680   0.06419  
  6  0.0027 1018917.217015  x:  0.14389   3.58515   0.06419  
  7  0.0016 1018917.217015  x:  0.14389   3.58515   0.06419  
  8  0.0000 1018917.217015  x:  0.14389   3.58515   0.06419  
check convergence!


6 (And_tri) ... 4 (And_hat)
  0  0.0000 999716.639785  x:  0.11699   3.31698   0.09358  
  1 99.0000 999559.182638  x:  0.10553   3.31713   0.08045  
  2 17325.6075 999469.689174  x:  0.10944   3.31733   0.06456  
  3 14829.0538 999462.459208  x:  0.10953   3.53019   0.06573  
  4 70.6692 999460.654016  x:  0.11096   3.52453   0.06592  
  5  0.0062 999460.647449  x:  0.11097   3.52457   0.06578  
  6  0.0002 999460.647447  x:  0.11097   3.52450   0.06578  
  7  0.0001 999460.647447  x:  0.11097   3.52450   0.06578  
  8  0.0000 999460.647447  x:  0.11097   3.52450   0.06578  
  9  0.0000 999460.647447  x:  0.11097   3.52450   0.06578  
 10  0.0432 999460.647447  x:  0.11097   3.52450   0.06578  
check convergence!


6 (And_tri) ... 5 (And_mar)
  0  0.0000 999637.838853  x:  0.08813   3.04911   0.07451  
  1 99.0000 999210.477213  x:  0.10863   3.04912   0.07323  
  2 45007.8721 999201.598133  x:  0.10868   3.04916   0.06786  
  3 3196.2974 999201.549470  x:  0.10867   3.06456   0.06794  
  4  6.3824 999201.547230  x:  0.10864   3.06448   0.06788  
  5  0.0001 999201.547176  x:  0.10864   3.06448   0.06789  
  6  0.0000 999201.547176  x:  0.10864   3.06449   0.06789  
  7  0.0000 999201.547176  x:  0.10864   3.06448   0.06789  

7 (Bom_pas) ... 1 (And_bic)
  0  0.0000 1254688.350238  x:  1.28730   2.83387   0.06597  
  1 99.0000 1253735.695001  x:  1.28536   2.83431   0.04991  
  2 104843.8991 1252700.576194  x:  1.05448   2.91129   0.06242  
  3 7496.1179 1251978.870867  x:  1.14809   3.90715   0.06221  
  4 1774.7361 1251935.062767  x:  1.12039   3.94706   0.06080  
  5  0.0505 1251934.112016  x:  1.12634   3.95888   0.06020  
  6  0.0126 1251934.067278  x:  1.12673   3.96797   0.06023  
  7  0.0061 1251934.067269  x:  1.12673   3.96798   0.06023  

7 (Bom_pas) ... 2 (And_ful)
  0  0.0000 1265233.469284  x:  1.27072   3.36715   0.12119  
  1 99.0000 1256230.407957  x:  1.26246   3.36811   0.05308  
  2 186339.9007 1256050.528467  x:  1.17721   3.39738   0.06182  
  3 4102.9841 1255693.935327  x:  1.24661   4.20404   0.06044  
  4 1049.5609 1255578.166839  x:  1.19098   4.20909   0.05858  
  5  0.0841 1255577.666326  x:  1.19511   4.21837   0.05813  
  6  0.0108 1255577.658518  x:  1.19507   4.22216   0.05814  
  7  0.0029 1255577.658420  x:  1.19512   4.22233   0.05814  
  8  0.0002 1255577.658420  x:  1.19513   4.22234   0.05814  
  9  0.0000 1255577.658420  x:  1.19513   4.22234   0.05814  
check convergence!


7 (Bom_pas) ... 3 (And_hae)
  0  0.0000 1271570.582195  x:  1.26881   3.56395   0.17615  
  1 99.0000 1252553.620281  x:  1.24653   3.56572   0.05393  
  2 186879.0555 1252443.934594  x:  1.19993   3.57490   0.06128  
  3 4874.5207 1252296.573957  x:  1.23695   4.10458   0.06047  
  4 605.1318 1252041.086136  x:  1.12304   4.03544   0.06180  
  5  0.1748 1252037.382843  x:  1.13142   4.06436   0.06056  
  6  0.0301 1252037.333936  x:  1.13008   4.06502   0.06056  
  7  0.0017 1252037.333711  x:  1.13010   4.06565   0.06056  
  8  0.0005 1252037.333711  x:  1.13011   4.06566   0.06056  

7 (Bom_pas) ... 4 (And_hat)
  0  0.0000 1263487.035490  x:  1.30221   3.38210   0.12424  
  1 99.0000 1253113.560069  x:  1.29246   3.38313   0.05123  
  2 195104.9399 1252748.318306  x:  1.16416   3.41388   0.06478  
  3 5876.3783 1252481.213923  x:  1.22506   4.10379   0.06328  
  4 872.9649 1252207.966025  x:  1.13271   4.10476   0.06137  
  5  0.1408 1252198.704519  x:  1.14936   4.12545   0.05940  
  6  0.0318 1252198.679013  x:  1.14871   4.12662   0.05936  
  7  0.0014 1252198.678780  x:  1.14872   4.12724   0.05937  
  8  0.0005 1252198.678777  x:  1.14873   4.12728   0.05937  
  9  0.0000 1252198.678777  x:  1.14873   4.12728   0.05937  

7 (Bom_pas) ... 5 (And_mar)
  0  0.0000 1252069.276970  x:  1.12139   3.55102   0.06956  
  1 99.0000 1251789.568131  x:  1.12061   3.55116   0.05966  
  2 52463.4130 1251767.531026  x:  1.08948   3.56709   0.06151  
  3 1232.3441 1251677.569899  x:  1.12078   3.96887   0.06107  
  4 555.5782 1251677.112904  x:  1.11922   3.96952   0.06078  
  5  0.0019 1251677.111537  x:  1.11900   3.96989   0.06080  
  6  0.0004 1251677.111537  x:  1.11900   3.96992   0.06080  

7 (Bom_pas) ... 6 (And_tri)
  0  0.0000 1252081.269670  x:  1.06299   3.57897   0.08049  
  1 99.0000 1251289.625434  x:  1.06214   3.57912   0.06208  
  2 76991.8148 1251258.552073  x:  1.09955   3.58721   0.05958  
  3 1667.2424 1251181.866606  x:  1.11823   3.96182   0.05976  
  4 462.8494 1251180.775624  x:  1.12085   3.96115   0.06018  
  5  0.0038 1251180.752017  x:  1.12185   3.96063   0.06010  
  6  0.0010 1251180.752007  x:  1.12185   3.96077   0.06010  