Supplemental results for CODEML (seqf: /home/yzliu/eDNA/faststorage/yzliu/DK_proj/data/ref_genome/ref_annotation/primary_transcripts/extracted_cds_new/new_transcript_id_7_and_pas/bootstraps/cat.out.OG_cds_7_species_same_header_fas.shuf_537OG_23.phy  treef: xxx.trees)


pairwise comparison (Goldman & Yang 1994)
seq seq        N       S       dN       dS     dN/dS   Paras.
  2   1 482832.5 190943.5   0.0092   0.1691   0.0545   0.1636   3.7424   0.0545 -1039067.030
  3   1 482262.6 191513.4   0.0091   0.1616   0.0562   0.1573   3.6924   0.0562 -1036539.892
  3   2 480558.3 193217.7   0.0093   0.1564   0.0596   0.1545   4.1738   0.0596 -1034331.840
  4   1 482981.3 190794.7   0.0071   0.1219   0.0583   0.1189   3.5806   0.0583 -1015120.618
  4   2 480672.4 193103.6   0.0090   0.1575   0.0574   0.1548   4.1332   0.0574 -1034052.849
  4   3 479688.7 194087.3   0.0090   0.1515   0.0592   0.1501   4.1258   0.0592 -1032302.877
  5   1 486420.6 187355.4   0.0051   0.0931   0.0547   0.0887   3.1118   0.0547 -995603.392
  5   2 482581.3 191194.7   0.0094   0.1655   0.0568   0.1610   3.7515   0.0568 -1038415.196
  5   3 482383.3 191392.7   0.0092   0.1564   0.0585   0.1530   3.6538   0.0585 -1034942.650
  5   4 483670.1 190105.9   0.0070   0.1163   0.0603   0.1135   3.4705   0.0603 -1012441.527
  6   1 487307.9 186468.1   0.0064   0.1203   0.0533   0.1138   3.0227   0.0533 -1012237.194
  6   2 483299.4 190476.6   0.0086   0.1615   0.0532   0.1554   3.6634   0.0532 -1034695.068
  6   3 482759.1 191016.9   0.0086   0.1534   0.0558   0.1488   3.6133   0.0558 -1032145.013
  6   4 483778.9 189997.1   0.0065   0.1158   0.0563   0.1120   3.4662   0.0563 -1010731.824
  6   5 488104.8 185671.2   0.0065   0.1142   0.0571   0.1086   2.9239   0.0571 -1009878.142
  7   1 481961.5 191814.5   0.0601   1.1767   0.0511   1.1339   4.2343   0.0511 -1249978.703
  7   2 478126.4 195649.6   0.0610   1.2487   0.0489   1.2176   4.5735   0.0489 -1253983.310
  7   3 480309.2 193466.8   0.0608   1.1845   0.0513   1.1503   4.3988   0.0513 -1251255.935
  7   4 480339.2 193436.8   0.0600   1.1879   0.0505   1.1515   4.4098   0.0505 -1249978.417
  7   5 482210.9 191565.1   0.0602   1.1716   0.0514   1.1285   4.2196   0.0514 -1249973.815
  7   6 481960.7 191815.3   0.0599   1.1772   0.0509   1.1339   4.2523   0.0509 -1249495.340

