

2 (And_ful) ... 1 (And_bic)
  0  0.0000 1039497.131144  x:  0.15947   1.53856   0.51068  
  1 99.0000 1028905.497153  x:  0.08613   1.62240   0.09544  
  2 31569.8536 1028045.394485  x:  0.08640   1.63107   0.05196  
  3 994745.8265 1022004.930618  x:  0.13530   5.18237   0.10653  
  4 5801.7851 1020857.229205  x:  0.15463   4.75776   0.05601  
  5  0.2946 1020679.941095  x:  0.16729   4.38062   0.06619  
  6  0.1576 1020637.754883  x:  0.17153   4.07623   0.05868  
  7  0.3011 1020614.600779  x:  0.16791   3.76229   0.05926  
  8  0.1232 1020614.148331  x:  0.16713   3.78938   0.05936  
  9  0.0304 1020614.146543  x:  0.16711   3.78717   0.05932  
 10  0.0025 1020614.146543  x:  0.16711   3.78715   0.05932  
 11  0.0000 1020614.146543  x:  0.16711   3.78715   0.05932  

3 (And_hae) ... 1 (And_bic)
  0  0.0000 1018985.901792  x:  0.16874   3.35075   0.17279  
  1 99.0000 1017239.637820  x:  0.12779   3.35182   0.10292  
  2 38050.6626 1016385.724663  x:  0.13586   3.35250   0.05595  
  3 70083.1567 1016326.148020  x:  0.13738   3.91826   0.05993  
  4 226.4499 1016073.373971  x:  0.15658   3.66216   0.06227  
  5  0.2906 1016069.959800  x:  0.15713   3.68993   0.05985  
  6  0.0440 1016069.953235  x:  0.15723   3.68782   0.05984  
  7  0.0019 1016069.953217  x:  0.15723   3.68807   0.05984  
  8  0.0002 1016069.953217  x:  0.15723   3.68808   0.05984  
  9  0.0000 1016069.953217  x:  0.15723   3.68808   0.05984  
 10  0.0000 1016069.953217  x:  0.15723   3.68808   0.05984  
check convergence!


3 (And_hae) ... 2 (And_ful)
  0  0.0000 1016841.554629  x:  0.15461   3.19470   0.18635  
  1 99.0000 1014265.121401  x:  0.12686   3.19746   0.07324  
  2 33189.4146 1013931.122384  x:  0.13746   3.19806   0.05164  
  3 61796.6253 1013665.703114  x:  0.14281   4.42191   0.06085  
  4 512.3063 1013574.425662  x:  0.15330   4.15163   0.06501  
  5  0.4091 1013570.927356  x:  0.15407   4.11831   0.06232  
  6  0.0283 1013570.904264  x:  0.15404   4.10541   0.06231  
  7  0.0104 1013570.903994  x:  0.15402   4.10546   0.06231  
  8  0.0001 1013570.903994  x:  0.15402   4.10547   0.06231  
  9  0.0000 1013570.903994  x:  0.15402   4.10547   0.06231  

4 (And_hat) ... 1 (And_bic)
  0  0.0000 997684.722225  x:  0.09909   3.50422   0.17346  
  1 99.0000 997045.790550  x:  0.12701   3.50444   0.15492  
  2 41865.2187 995541.662365  x:  0.12714   3.50549   0.06302  
  3 33512.0232 995539.307222  x:  0.12705   3.62584   0.06418  
  4 38.2321 995499.692475  x:  0.12024   3.65388   0.06117  
  5  0.0267 995497.149789  x:  0.11954   3.62035   0.06346  
  6  0.0863 995497.145959  x:  0.11959   3.61812   0.06340  
  7  0.0022 995497.145946  x:  0.11959   3.61802   0.06340  
  8  0.0001 995497.145946  x:  0.11959   3.61802   0.06340  

4 (And_hat) ... 2 (And_ful)
  0  0.0000 1016812.084536  x:  0.13986   3.22530   0.13136  
  1 99.0000 1015516.770638  x:  0.17688   3.22661   0.07077  
  2 34344.8651 1015306.222141  x:  0.16930   3.22711   0.05304  
  3 30019.9130 1015112.687338  x:  0.16659   4.28951   0.05906  
  4 426.3498 1015063.968692  x:  0.15738   4.20351   0.06135  
  5  0.1138 1015063.652818  x:  0.15729   4.15582   0.06118  
  6  0.0341 1015063.650425  x:  0.15735   4.15444   0.06116  
  7  0.0014 1015063.650425  x:  0.15735   4.15442   0.06116  
  8  0.0000 1015063.650424  x:  0.15735   4.15443   0.06116  
  9  0.0000 1015063.650424  x:  0.15735   4.15443   0.06116  
 10  0.0000 1015063.650424  x:  0.15735   4.15443   0.06116  
 11  0.1181 1015063.650424  x:  0.15735   4.15443   0.06116  
check convergence!


4 (And_hat) ... 3 (And_hae)
  0  0.0000 1012927.843226  x:  0.12058   3.52563   0.10957  
  1 99.0000 1012044.432377  x:  0.15683   3.52594   0.08990  
  2 47180.8233 1011693.881536  x:  0.15471   3.52645   0.05932  
  3 23674.0603 1011629.436748  x:  0.15441   4.17857   0.06283  
  4 219.6362 1011617.118347  x:  0.15012   4.17276   0.06133  
  5  0.0064 1011616.801271  x:  0.14984   4.16737   0.06210  
  6  0.0075 1011616.800583  x:  0.14985   4.16527   0.06208  
  7  0.0016 1011616.800579  x:  0.14985   4.16519   0.06209  

5 (And_mar) ... 1 (And_bic)
  0  0.0000 976469.608356  x:  0.08661   3.52325   0.10417  
  1 99.0000 976222.922452  x:  0.09704   3.52329   0.07204  
  2 13689.9666 976142.632678  x:  0.09183   3.52327   0.05868  
  3 26472.1581 976134.765396  x:  0.09205   3.29376   0.05744  
  4 61.0315 976122.607615  x:  0.08944   3.24435   0.06131  
  5  0.0765 976122.567270  x:  0.08932   3.25004   0.06109  
  6  0.0066 976122.567119  x:  0.08932   3.24942   0.06107  
  7  0.0006 976122.567118  x:  0.08932   3.24948   0.06107  

5 (And_mar) ... 2 (And_ful)
  0  0.0000 1019977.155399  x:  0.13955   2.89964   0.06933  
  1 99.0000 1019567.807293  x:  0.16514   2.90014   0.06110  
  2 32310.9959 1019557.457496  x:  0.16446   2.90063   0.05699  
  3 4878.2370 1019327.633402  x:  0.16428   3.91130   0.06184  
  4 546.3564 1019326.973218  x:  0.16434   3.91341   0.06073  
  5  0.0022 1019326.970474  x:  0.16439   3.91644   0.06073  
  6  0.0021 1019326.970397  x:  0.16438   3.91691   0.06074  
  7  0.0003 1019326.970397  x:  0.16438   3.91691   0.06074  

5 (And_mar) ... 3 (And_hae)
  0  0.0000 1015176.978199  x:  0.14173   3.45021   0.12059  
  1 99.0000 1014230.165560  x:  0.16393   3.45087   0.06565  
  2 27459.2476 1014160.618585  x:  0.15657   3.45102   0.05740  
  3 15114.5109 1014138.087538  x:  0.15587   3.81003   0.05951  
  4 134.9868 1014128.986309  x:  0.15275   3.76490   0.06217  
  5  0.0760 1014128.975275  x:  0.15278   3.75715   0.06215  
  6  0.0071 1014128.975243  x:  0.15278   3.75702   0.06215  
  7  0.0001 1014128.975243  x:  0.15278   3.75703   0.06215  

5 (And_mar) ... 4 (And_hat)
  0  0.0000 993273.296178  x:  0.09924   3.19182   0.13228  
  1 99.0000 992863.470945  x:  0.12117   3.19214   0.11486  
  2 31425.4602 992260.925912  x:  0.11940   3.19304   0.06325  
  3 28931.8724 992219.931151  x:  0.11903   3.69536   0.06734  
  4 176.7685 992196.141072  x:  0.11395   3.70210   0.06488  
  5  0.0084 992195.424799  x:  0.11359   3.69116   0.06622  
  6  0.0188 992195.422824  x:  0.11359   3.68782   0.06617  
  7  0.0027 992195.422816  x:  0.11359   3.68770   0.06617  

6 (And_tri) ... 1 (And_bic)
  0  0.0000 994642.602584  x:  0.11174   3.31027   0.17096  
  1 99.0000 992708.670945  x:  0.11082   3.31103   0.05977  
  2 23724.6927 992697.119764  x:  0.11451   3.31098   0.05875  
  3 6550.3853 992683.821069  x:  0.11436   3.06417   0.05599  
  4 102.2259 992681.052296  x:  0.11457   3.02147   0.05816  
  5  0.1535 992681.048456  x:  0.11458   3.02547   0.05820  
  6  0.0046 992681.048453  x:  0.11458   3.02544   0.05820  
  7  0.0000 992681.048453  x:  0.11458   3.02544   0.05820  

6 (And_tri) ... 2 (And_ful)
  0  0.0000 1017431.221019  x:  0.15822   2.76039   0.11876  
  1 99.0000 1016093.029399  x:  0.14906   2.76209   0.05543  
  2 32083.7485 1016046.468735  x:  0.15709   2.76259   0.05131  
  3 11657.7811 1015835.254040  x:  0.15909   3.65009   0.05929  
  4 557.0590 1015831.162554  x:  0.15811   3.67886   0.05697  
  5  0.0535 1015831.072311  x:  0.15846   3.68746   0.05685  
  6  0.0073 1015831.069984  x:  0.15845   3.69058   0.05689  
  7  0.0021 1015831.069974  x:  0.15845   3.69067   0.05689  

6 (And_tri) ... 3 (And_hae)
  0  0.0000 1012329.567538  x:  0.12066   3.17722   0.05191  
  1 99.0000 1011738.985456  x:  0.14890   3.17732   0.05764  
  2 44179.1077 1011738.909033  x:  0.14898   3.17761   0.05727  
  3 318.8849 1011700.627786  x:  0.14892   3.61052   0.05910  
  4 297.7607 1011700.610371  x:  0.14902   3.60912   0.05894  
  5  0.0013 1011700.610314  x:  0.14903   3.60904   0.05894  
  6  0.0001 1011700.610314  x:  0.14903   3.60904   0.05894  
  7  0.0000 1011700.610314  x:  0.14903   3.60904   0.05894  
  8  0.0000 1011700.610314  x:  0.14903   3.60904   0.05894  
check convergence!


6 (And_tri) ... 4 (And_hat)
  0  0.0000 991734.631065  x:  0.10646   3.12036   0.07767  
  1 99.0000 991645.245638  x:  0.11610   3.12054   0.06944  
  2 14512.7670 991610.498772  x:  0.11412   3.12079   0.06014  
  3 8969.7133 991582.407721  x:  0.11394   3.52860   0.06223  
  4 148.5673 991581.915843  x:  0.11318   3.52562   0.06219  
  5  0.0031 991581.915692  x:  0.11317   3.52487   0.06220  
  6  0.0007 991581.915688  x:  0.11317   3.52478   0.06220  

6 (And_tri) ... 5 (And_mar)
  0  0.0000 991400.938314  x:  0.08711   3.10926   0.13460  
  1 99.0000 990771.234160  x:  0.11247   3.10936   0.12387  
  2 50241.3984 989987.159204  x:  0.11228   3.10990   0.06164  
  3 22863.7963 989987.057671  x:  0.11228   3.08777   0.06144  
  4  7.7042 989980.308180  x:  0.10949   3.08359   0.06211  
  5  0.0047 989980.262563  x:  0.10946   3.08662   0.06178  
  6  0.0067 989980.262533  x:  0.10945   3.08663   0.06178  
  7  0.0000 989980.262533  x:  0.10945   3.08663   0.06178  

7 (Bom_pas) ... 1 (And_bic)
  0  0.0000 1253455.747102  x:  1.12657   2.82236   0.18255  
  1 99.0000 1233787.584008  x:  1.10374   2.82569   0.05326  
  2 180367.3369 1233731.174107  x:  1.07793   2.86104   0.05807  
  3 2660.1135 1232709.787045  x:  1.19833   4.11876   0.05518  
  4 4411.3496 1232640.514023  x:  1.14971   4.14141   0.05469  
  5  0.0666 1232639.761472  x:  1.14556   4.15200   0.05518  
  6  0.0115 1232639.738717  x:  1.14653   4.15825   0.05516  
  7  0.0041 1232639.737657  x:  1.14645   4.15896   0.05516  
  8  0.0007 1232639.737657  x:  1.14645   4.15896   0.05516  

7 (Bom_pas) ... 2 (And_ful)
  0  0.0000 1254166.507573  x:  1.30917   3.47600   0.14669  
  1 99.0000 1237876.150715  x:  1.29530   3.47749   0.04837  
  2 208044.6726 1237770.667428  x:  1.24341   3.49674   0.05488  
  3 4017.6872 1237284.701202  x:  1.32657   4.52750   0.05324  
  4 1166.0110 1237118.500280  x:  1.23400   4.48654   0.05333  
  5  0.1257 1237117.796957  x:  1.23334   4.49608   0.05297  
  6  0.0092 1237117.786163  x:  1.23401   4.50122   0.05296  
  7  0.0039 1237117.785802  x:  1.23389   4.50150   0.05297  
  8  0.0003 1237117.785802  x:  1.23389   4.50150   0.05297  

7 (Bom_pas) ... 3 (And_hae)
  0  0.0000 1247956.370846  x:  1.19696   3.75816   0.15483  
  1 99.0000 1233276.270182  x:  1.18189   3.75931   0.05310  
  2 183450.5907 1233246.931261  x:  1.15758   3.76698   0.05646  
  3 2270.0418 1233110.237529  x:  1.19325   4.31444   0.05572  
  4 567.4762 1233072.957513  x:  1.15336   4.29456   0.05559  
  5  0.0631 1233072.941056  x:  1.15351   4.29698   0.05553  
  6  0.0023 1233072.940945  x:  1.15353   4.29746   0.05553  
  7  0.0004 1233072.940945  x:  1.15353   4.29747   0.05553  

7 (Bom_pas) ... 4 (And_hat)
  0  0.0000 1240098.118963  x:  1.02769   3.58348   0.12628  
  1 99.0000 1233304.894384  x:  1.02230   3.58416   0.05960  
  2 148716.6927 1233180.544188  x:  1.07799   3.59156   0.05352  
  3 4355.5311 1232916.836603  x:  1.11462   4.33697   0.05422  
  4 804.8806 1232855.004905  x:  1.14873   4.32472   0.05605  
  5  0.0639 1232850.999601  x:  1.16085   4.32767   0.05486  
  6  0.0100 1232850.971869  x:  1.16173   4.33494   0.05487  
  7  0.0057 1232850.971675  x:  1.16171   4.33528   0.05487  
  8  0.0003 1232850.971675  x:  1.16170   4.33528   0.05487  
  9  0.0000 1232850.971675  x:  1.16170   4.33528   0.05487  
 10  0.0000 1232850.971675  x:  1.16170   4.33528   0.05487  

7 (Bom_pas) ... 5 (And_mar)
  0  0.0000 1233747.199053  x:  1.16139   3.74526   0.07950  
  1 99.0000 1231948.463229  x:  1.15928   3.74548   0.05371  
  2 118042.3957 1231896.758208  x:  1.10958   3.76043   0.05704  
  3 1928.3395 1231816.466744  x:  1.14068   4.17065   0.05649  
  4 433.1438 1231812.144674  x:  1.13490   4.17158   0.05571  
  5  0.0083 1231812.140483  x:  1.13451   4.17239   0.05574  
  6  0.0009 1231812.140475  x:  1.13452   4.17252   0.05574  

7 (Bom_pas) ... 6 (And_tri)
  0  0.0000 1251633.012942  x:  1.20158   3.51000   0.17628  
  1 99.0000 1232173.343803  x:  1.17991   3.51181   0.05182  
  2 185955.9879 1232138.493186  x:  1.15675   3.51944   0.05557  
  3 2921.8592 1231924.321718  x:  1.20070   4.17249   0.05486  
  4 762.0811 1231849.121926  x:  1.14139   4.14730   0.05515  
  5  0.0816 1231849.016702  x:  1.14172   4.15301   0.05499  
  6  0.0053 1231849.015774  x:  1.14180   4.15440   0.05499  
  7  0.0011 1231849.015774  x:  1.14179   4.15440   0.05499  