Supplemental results for CODEML (seqf: /home/yzliu/eDNA/faststorage/yzliu/DK_proj/data/ref_genome/ref_annotation/primary_transcripts/extracted_cds_new/new_transcript_id_7_and_pas/bootstraps/cat.out.OG_cds_7_species_same_header_fas.shuf_537OG_445.phy  treef: xxx.trees)


pairwise comparison (Goldman & Yang 1994)
seq seq        N       S       dN       dS     dN/dS   Paras.
  2   1 458969.8 180480.2   0.0109   0.1716   0.0636   0.1688   3.7060   0.0636 -991219.387
  3   1 458785.9 180664.1   0.0106   0.1609   0.0656   0.1591   3.5862   0.0656 -987162.130
  3   2 457499.0 181951.0   0.0104   0.1551   0.0670   0.1547   3.9836   0.0670 -983970.364
  4   1 459254.8 180195.2   0.0081   0.1224   0.0661   0.1209   3.5268   0.0661 -966097.845
  4   2 457142.9 182307.1   0.0103   0.1627   0.0634   0.1612   4.0541   0.0634 -986492.910
  4   3 456063.1 183386.9   0.0102   0.1525   0.0667   0.1530   4.0459   0.0667 -983161.808
  5   1 461113.5 178336.5   0.0058   0.0936   0.0618   0.0908   3.2337   0.0618 -947143.153
  5   2 458680.1 180769.9   0.0106   0.1690   0.0630   0.1662   3.7215   0.0630 -989904.567
  5   3 458890.8 180559.2   0.0103   0.1574   0.0654   0.1555   3.5503   0.0654 -985473.576
  5   4 459267.5 180182.5   0.0076   0.1173   0.0649   0.1155   3.5039   0.0649 -962879.503
  6   1 462588.1 176861.9   0.0072   0.1196   0.0606   0.1150   3.0656   0.0606 -962575.839
  6   2 459076.5 180373.5   0.0099   0.1623   0.0613   0.1587   3.6764   0.0613 -985686.495
  6   3 458866.4 180583.6   0.0097   0.1528   0.0637   0.1505   3.5632   0.0637 -982370.423
  6   4 459542.7 179907.3   0.0073   0.1164   0.0629   0.1141   3.4760   0.0629 -961700.947
  6   5 462952.5 176497.5   0.0069   0.1151   0.0603   0.1104   3.0081   0.0603 -960053.761
  7   1 457944.6 181505.4   0.0665   1.1783   0.0564   1.1462   4.1977   0.0564 -1196172.167
  7   2 454687.9 184762.1   0.0675   1.2398   0.0544   1.2187   4.4640   0.0544 -1200101.072
  7   3 456778.9 182671.1   0.0669   1.1734   0.0570   1.1490   4.3272   0.0570 -1196547.455
  7   4 456565.3 182884.7   0.0663   1.1825   0.0561   1.1567   4.3389   0.0561 -1196098.296
  7   5 458198.9 181251.1   0.0661   1.1641   0.0568   1.1320   4.1839   0.0568 -1195140.172
  7   6 458021.7 181428.3   0.0659   1.1691   0.0564   1.1368   4.1905   0.0564 -1195106.544

