

2 (Bom_con) ... 1 (Apis_mel)
  0  0.0000 403142.117358  x:  0.51593   1.61340   0.50494  
  1 99.0000 394272.646857  x:  0.31875   1.68883   0.11725  
  2 25094.1802 393845.162568  x:  0.32823   1.69620   0.08061  
  3 44573.3871 390623.278819  x:  0.43472   4.54057   0.12387  
  4 3657.3263 390027.413513  x:  0.51927   4.24099   0.08187  
  5  0.1987 390015.244039  x:  0.52922   4.23952   0.08576  
  6  0.0096 390013.344583  x:  0.53566   4.22766   0.08388  
  7  0.0134 390013.235816  x:  0.53612   4.25746   0.08385  
  8  0.0074 390013.235526  x:  0.53618   4.25750   0.08387  
  9  0.0001 390013.235526  x:  0.53618   4.25750   0.08387  
 10  0.0000 390013.235526  x:  0.53618   4.25750   0.08387  

3 (Bom_hor) ... 1 (Apis_mel)
  0  0.0000 393396.835793  x:  0.53983   3.51233   0.17588  
  1 99.0000 391707.024693  x:  0.52233   3.51387   0.08375  
  2 26303.1260 391691.297947  x:  0.54131   3.51667   0.07897  
  3 1603.9762 391607.349502  x:  0.55312   4.25888   0.08198  
  4 255.8745 391607.007282  x:  0.55537   4.25270   0.08242  
  5  0.0130 391606.959152  x:  0.55628   4.25192   0.08208  
  6  0.0012 391606.959151  x:  0.55629   4.25192   0.08208  
  7  0.0000 391606.959151  x:  0.55629   4.25193   0.08208  

3 (Bom_hor) ... 2 (Bom_con)
  0  0.0000 336968.842705  x:  0.10879   3.74771   0.16564  
  1 99.0000 336927.960418  x:  0.12079   3.74806   0.15550  
  2 5398.0276 336852.385616  x:  0.11902   3.74948   0.11527  
  3 5272.7340 336809.994681  x:  0.11868   4.83363   0.12370  
  4 91.0224 336808.918869  x:  0.11736   4.83783   0.12060  
  5  0.0060 336808.893611  x:  0.11713   4.83809   0.12109  
  6  0.0007 336808.893608  x:  0.11713   4.83813   0.12108  
  7  0.0000 336808.893608  x:  0.11713   4.83814   0.12108  
  8  0.0000 336808.893608  x:  0.11713   4.83814   0.12108  
  9  0.0001 336808.893608  x:  0.11713   4.83815   0.12108  
 10  0.0000 336808.893607  x:  0.11713   4.83815   0.12108  
 11  0.0641 336808.893607  x:  0.11713   4.83815   0.12108  
 12  0.0000 336808.893607  x:  0.11713   4.83815   0.12108  
check convergence!


4 (Bom_hyp) ... 1 (Apis_mel)
  0  0.0000 392851.433381  x:  0.51250   4.02601   0.22933  
  1 99.0000 389989.252339  x:  0.48537   4.02749   0.08712  
  2 26326.1851 389921.687123  x:  0.51699   4.02789   0.07595  
  3 4053.8035 389900.929486  x:  0.52388   4.44182   0.07739  
  4 103.4980 389871.387317  x:  0.54214   4.34116   0.08215  
  5  0.2657 389870.727038  x:  0.54497   4.34653   0.08084  
  6  0.0052 389870.726277  x:  0.54510   4.34625   0.08085  
  7  0.0003 389870.726276  x:  0.54510   4.34634   0.08085  

4 (Bom_hyp) ... 2 (Bom_con)
  0  0.0000 334025.211818  x:  0.10437   3.69541   0.20878  
  1 99.0000 333785.239518  x:  0.09300   3.69824   0.12552  
  2 4767.0047 333733.957549  x:  0.10150   3.69910   0.10321  
  3 18232.2446 333657.858598  x:  0.10335   5.26868   0.11737  
  4 117.6800 333656.285463  x:  0.10538   5.22599   0.11911  
  5  0.0576 333656.179774  x:  0.10560   5.21829   0.11772  
  6  0.0077 333656.178908  x:  0.10560   5.21180   0.11768  
  7  0.0039 333656.178897  x:  0.10560   5.21170   0.11769  

4 (Bom_hyp) ... 3 (Bom_hor)
  0  0.0000 324467.733714  x:  0.05438   4.32174   0.15573  
  1 99.0000 324367.507663  x:  0.06749   4.32176   0.15427  
  2 16444.9216 324323.188172  x:  0.06771   4.32238   0.11366  
  3 1939.2191 324319.724283  x:  0.06767   4.76369   0.11646  
  4 16.9925 324319.690124  x:  0.06770   4.76068   0.11545  
  5  0.0045 324319.689859  x:  0.06771   4.75746   0.11544  

5 (Bom_mus) ... 1 (Apis_mel)
  0  0.0000 392297.638390  x:  0.48998   3.98270   0.19778  
  1 99.0000 390379.602594  x:  0.48217   3.98368   0.08802  
  2 24531.5597 390279.248453  x:  0.52808   3.98418   0.07643  
  3 4439.2563 390260.123448  x:  0.53378   4.37516   0.07794  
  4 101.6391 390242.667542  x:  0.54337   4.30522   0.08260  
  5  0.2034 390242.320081  x:  0.54643   4.30378   0.08188  
  6  0.0028 390242.319836  x:  0.54639   4.30438   0.08186  
  7  0.0006 390242.319836  x:  0.54639   4.30437   0.08186  
  8  0.0000 390242.319836  x:  0.54639   4.30436   0.08186  
  9  0.0000 390242.319836  x:  0.54639   4.30437   0.08186  

5 (Bom_mus) ... 2 (Bom_con)
  0  0.0000 335664.498055  x:  0.11598   3.59154   0.08184  
  1 99.0000 335580.381877  x:  0.11240   3.59224   0.11483  
  2 5866.1191 335580.005438  x:  0.11354   3.59251   0.11508  
  3 642.6972 335474.390847  x:  0.11357   5.43863   0.12272  
  4 155.0849 335474.371349  x:  0.11350   5.43495   0.12332  
  5  0.0021 335474.371232  x:  0.11352   5.43356   0.12332  
  6  0.0010 335474.371218  x:  0.11352   5.43284   0.12331  
  7  0.0005 335474.371218  x:  0.11352   5.43285   0.12331  

5 (Bom_mus) ... 3 (Bom_hor)
  0  0.0000 325293.749353  x:  0.07168   4.30642   0.17992  
  1 99.0000 325286.175862  x:  0.06809   4.30647   0.17616  
  2 2713.9332 325234.956849  x:  0.06975   4.30721   0.12892  
  3 3700.9475 325232.267743  x:  0.06977   4.67897   0.13167  
  4 15.4366 325232.129048  x:  0.07026   4.67462   0.13062  
  5  0.0048 325232.126756  x:  0.07028   4.67321   0.13086  
  6  0.0019 325232.126753  x:  0.07028   4.67288   0.13086  
  7  0.0003 325232.126753  x:  0.07028   4.67287   0.13086  
  8  0.0000 325232.126753  x:  0.07028   4.67288   0.13086  
  9  0.0000 325232.126753  x:  0.07028   4.67288   0.13086  

5 (Bom_mus) ... 4 (Bom_hyp)
  0  0.0000 323384.240271  x:  0.05498   3.95372   0.10672  
  1 99.0000 323313.923624  x:  0.06599   3.95377   0.10697  
  2 13649.1344 323313.738315  x:  0.06596   3.95479   0.10927  
  3 152.8777 323272.843674  x:  0.06578   5.56975   0.11664  
  4 75.7056 323272.778773  x:  0.06581   5.55601   0.11523  
  5  0.0121 323272.778567  x:  0.06581   5.55190   0.11519  
  6  0.0026 323272.778557  x:  0.06581   5.55158   0.11521  
  7  0.0003 323272.778557  x:  0.06581   5.55158   0.11521  
check convergence!


6 (Bom_pas) ... 1 (Apis_mel)
  0  0.0000 391613.298279  x:  0.43602   4.52282   0.16594  
  1 99.0000 390505.084869  x:  0.45852   4.52274   0.08819  
  2 20801.0620 390211.560074  x:  0.54976   4.52145   0.08234  
  3 7961.9432 390207.530965  x:  0.54819   4.33516   0.08168  
  4 41.8337 390207.512557  x:  0.54769   4.33403   0.08156  
  5  0.0015 390207.506747  x:  0.54734   4.33221   0.08167  
  6  0.0032 390207.506715  x:  0.54733   4.33271   0.08167  
  7  0.0005 390207.506715  x:  0.54733   4.33271   0.08167  

6 (Bom_pas) ... 2 (Bom_con)
  0  0.0000 335678.042041  x:  0.09655   3.55911   0.14816  
  1 99.0000 335587.616924  x:  0.11339   3.55938   0.14439  
  2 11110.4571 335548.955392  x:  0.11346   3.56118   0.11856  
  3 2589.5762 335439.485763  x:  0.11323   5.38064   0.13290  
  4 153.1587 335435.690641  x:  0.11336   5.40765   0.12417  
  5  0.0312 335435.634082  x:  0.11338   5.45922   0.12401  
  6  0.0263 335435.631875  x:  0.11338   5.46215   0.12423  
  7  0.0030 335435.631874  x:  0.11337   5.46219   0.12423  
  8  0.0000 335435.631874  x:  0.11337   5.46219   0.12423  
  9  0.0000 335435.631874  x:  0.11337   5.46219   0.12423  
 10  0.0279 335435.631874  x:  0.11337   5.46219   0.12423  
check convergence!


6 (Bom_pas) ... 3 (Bom_hor)
  0  0.0000 325123.642096  x:  0.07182   4.63793   0.15452  
  1 99.0000 325120.273393  x:  0.06923   4.63795   0.15307  
  2 2235.2275 325108.452454  x:  0.06994   4.63824   0.13150  
  3 1295.5242 325107.635918  x:  0.06994   4.85749   0.13275  
  4  7.7507 325107.630287  x:  0.07002   4.85527   0.13247  
  5  0.0024 325107.630254  x:  0.07003   4.85496   0.13250  
  6  0.0003 325107.630254  x:  0.07003   4.85487   0.13250  

6 (Bom_pas) ... 4 (Bom_hyp)
  0  0.0000 323198.181460  x:  0.06176   3.97683   0.17468  
  1 99.0000 323186.925242  x:  0.06636   3.97696   0.17108  
  2 3951.6526 323100.777550  x:  0.06600   3.97920   0.11151  
  3 3848.5013 323048.188159  x:  0.06565   5.82713   0.12629  
  4 71.2402 323046.380439  x:  0.06526   5.86619   0.11897  
  5  0.0540 323046.346707  x:  0.06504   5.89531   0.11923  
  6  0.0239 323046.343135  x:  0.06508   5.91257   0.11927  
  7  0.0103 323046.343134  x:  0.06508   5.91258   0.11927  
  8  0.0000 323046.343134  x:  0.06508   5.91257   0.11927  

6 (Bom_pas) ... 5 (Bom_mus)
  0  0.0000 309337.314868  x:  0.02244   4.67027   0.10323  
  1 99.0000 309335.925023  x:  0.02151   4.67028   0.10343  
  2 2891.9112 309329.461780  x:  0.02151   4.67074   0.12747  
  3 618.5484 309320.770825  x:  0.02142   6.17298   0.13329  
  4 13.7701 309320.770126  x:  0.02144   6.16936   0.13320  
  5  0.0035 309320.770095  x:  0.02144   6.16670   0.13316  
  6  0.0020 309320.770094  x:  0.02144   6.16671   0.13316  

7 (Bom_syl) ... 1 (Apis_mel)
  0  0.0000 392365.583706  x:  0.47269   4.79940   0.19088  
  1 99.0000 390797.583255  x:  0.47725   4.79922   0.09076  
  2 22527.1576 390623.436715  x:  0.54449   4.79736   0.07758  
  3 5652.0013 390601.401983  x:  0.53934   4.33404   0.07642  
  4 88.5522 390578.077624  x:  0.54586   4.27827   0.08281  
  5  0.1914 390577.981609  x:  0.54712   4.30253   0.08273  
  6  0.0264 390577.977755  x:  0.54737   4.29959   0.08266  
  7  0.0027 390577.977747  x:  0.54736   4.29962   0.08266  
  8  0.0000 390577.977747  x:  0.54736   4.29962   0.08266  
  9  0.0000 390577.977747  x:  0.54736   4.29962   0.08266  
check convergence!


7 (Bom_syl) ... 2 (Bom_con)
  0  0.0000 336577.363581  x:  0.09209   3.64576   0.13038  
  1 99.0000 336382.954102  x:  0.11652   3.64598   0.12858  
  2 17307.8286 336370.525193  x:  0.11675   3.64744   0.11346  
  3 1559.7189 336275.470388  x:  0.11661   5.35693   0.12474  
  4 140.2700 336274.749511  x:  0.11684   5.36549   0.12106  
  5  0.0092 336274.743562  x:  0.11691   5.38066   0.12108  
  6  0.0084 336274.743417  x:  0.11689   5.38175   0.12111  
  7  0.0008 336274.743414  x:  0.11689   5.38182   0.12111  

7 (Bom_syl) ... 3 (Bom_hor)
  0  0.0000 325682.998993  x:  0.05803   4.57666   0.12265  
  1 99.0000 325575.956099  x:  0.07209   4.57667   0.12280  
  2 16486.3163 325575.952350  x:  0.07210   4.57692   0.12246  
  3 17.8149 325574.502247  x:  0.07208   4.83978   0.12381  
  4 16.4293 325574.493356  x:  0.07204   4.86215   0.12384  
  5  0.0199 325574.493349  x:  0.07204   4.86181   0.12384  
  6  0.0003 325574.493349  x:  0.07204   4.86181   0.12384  
check convergence!


7 (Bom_syl) ... 4 (Bom_hyp)
  0  0.0000 323724.376214  x:  0.06258   3.99258   0.12728  
  1 99.0000 323710.771571  x:  0.06773   3.99266   0.12598  
  2 5337.7252 323696.107987  x:  0.06773   3.99386   0.10539  
  3 1396.1168 323646.756944  x:  0.06750   5.77412   0.11573  
  4 69.1713 323646.268929  x:  0.06749   5.78515   0.11203  
  5  0.0123 323646.265284  x:  0.06748   5.80403   0.11204  
  6  0.0100 323646.265239  x:  0.06749   5.80435   0.11207  
  7  0.0003 323646.265239  x:  0.06749   5.80438   0.11207  

7 (Bom_syl) ... 5 (Bom_mus)
  0  0.0000 323479.609020  x:  0.05132   4.67866   0.15001  
  1 99.0000 323357.437486  x:  0.06543   4.67869   0.14911  
  2 18888.1220 323337.329280  x:  0.06559   4.67949   0.12115  
  3 1320.7262 323322.992662  x:  0.06552   5.73652   0.12689  
  4 30.6591 323322.904276  x:  0.06556   5.74041   0.12515  
  5  0.0051 323322.904044  x:  0.06557   5.74370   0.12516  
  6  0.0024 323322.904044  x:  0.06557   5.74378   0.12516  

7 (Bom_syl) ... 6 (Bom_pas)
  0  0.0000 323461.074446  x:  0.05650   4.69542   0.22948  
  1 99.0000 323417.915082  x:  0.06513   4.69547   0.22715  
  2 10171.9011 323239.046346  x:  0.06547   4.69778   0.12450  
  3 2888.7960 323217.340876  x:  0.06537   6.00774   0.13538  
  4 38.0636 323216.249154  x:  0.06535   6.06005   0.12921  
  5  0.0985 323216.234377  x:  0.06525   6.09476   0.12940  
  6  0.0238 323216.234132  x:  0.06527   6.09731   0.12941  
  7  0.0020 323216.234132  x:  0.06527   6.09738   0.12941  

8 (Bom_vet) ... 1 (Apis_mel)
  0  0.0000 392673.761120  x:  0.46722   4.79016   0.21316  
  1 99.0000 390550.024805  x:  0.47166   4.79008   0.08993  
  2 23573.9550 390354.441551  x:  0.53967   4.78839   0.07511  
  3 6225.7047 390337.105114  x:  0.53489   4.37372   0.07401  
  4 76.1774 390297.989738  x:  0.54547   4.28499   0.08167  
  5  0.3582 390297.646346  x:  0.54819   4.32653   0.08141  
  6  0.0421 390297.628705  x:  0.54862   4.31883   0.08128  
  7  0.0074 390297.628645  x:  0.54861   4.31893   0.08127  
  8  0.0001 390297.628645  x:  0.54861   4.31893   0.08127  

8 (Bom_vet) ... 2 (Bom_con)
  0  0.0000 335293.584059  x:  0.11253   3.65183   0.10690  
  1 99.0000 335291.656550  x:  0.11337   3.65280   0.11208  
  2 741.5296 335291.390336  x:  0.11246   3.65324   0.11288  
  3 586.9615 335192.193836  x:  0.11245   5.46853   0.12213  
  4 156.8976 335192.040796  x:  0.11260   5.46912   0.12044  
  5  0.0015 335192.039886  x:  0.11256   5.47271   0.12039  
  6  0.0028 335192.039775  x:  0.11257   5.47477   0.12042  
  7  0.0013 335192.039775  x:  0.11257   5.47478   0.12041  
  8  0.0000 335192.039775  x:  0.11257   5.47478   0.12041  
  9  0.0000 335192.039775  x:  0.11257   5.47478   0.12041  

8 (Bom_vet) ... 3 (Bom_hor)
  0  0.0000 325082.951841  x:  0.05566   4.51899   0.17549  
  1 99.0000 324982.185200  x:  0.06893   4.51900   0.17406  
  2 16322.8537 324933.378428  x:  0.06917   4.51949   0.12755  
  3 1857.1984 324932.791042  x:  0.06916   4.69921   0.12876  
  4  6.7583 324932.785022  x:  0.06919   4.69914   0.12832  
  5  0.0006 324932.784751  x:  0.06921   4.69847   0.12834  
  6  0.0006 324932.784751  x:  0.06921   4.69850   0.12834  
  7  0.0001 324932.784750  x:  0.06921   4.69864   0.12834  
  8  0.0001 324932.784750  x:  0.06921   4.69861   0.12834  

8 (Bom_vet) ... 4 (Bom_hyp)
  0  0.0000 323257.125603  x:  0.05988   3.81587   0.16160  
  1 99.0000 323238.044282  x:  0.06578   3.81597   0.15910  
  2 6156.3800 323162.262755  x:  0.06577   3.81810   0.10594  
  3 2835.3593 323106.149888  x:  0.06548   5.63846   0.12028  
  4 77.2721 323104.482864  x:  0.06536   5.67723   0.11334  
  5  0.0526 323104.453972  x:  0.06523   5.72325   0.11345  
  6  0.0264 323104.452162  x:  0.06528   5.72965   0.11354  
  7  0.0051 323104.452156  x:  0.06528   5.72990   0.11352  
  8  0.0003 323104.452156  x:  0.06528   5.72990   0.11352  

8 (Bom_vet) ... 5 (Bom_mus)
  0  0.0000 308630.930397  x:  0.01718   4.65531   0.13723  
  1 99.0000 308620.438969  x:  0.01946   4.65532   0.13714  
  2 9572.9289 308615.617043  x:  0.01949   4.65581   0.11387  
  3 381.9534 308613.771456  x:  0.01947   5.33064   0.11735  
  4  6.1195 308613.761332  x:  0.01947   5.31798   0.11633  
  5  0.0149 308613.761199  x:  0.01947   5.31208   0.11632  
  6  0.0048 308613.761199  x:  0.01947   5.31207   0.11633  

8 (Bom_vet) ... 6 (Bom_pas)
  0  0.0000 309124.199991  x:  0.02196   4.28078   0.16101  
  1 99.0000 309122.360199  x:  0.02087   4.28079   0.16080  
  2 3388.1151 309105.943670  x:  0.02097   4.28285   0.11608  
  3 661.3901 309082.164207  x:  0.02083   6.78757   0.13345  
  4 24.9415 309081.503884  x:  0.02092   6.83425   0.12522  
  5  0.0565 309081.487163  x:  0.02094   6.92151   0.12514  
  6  0.0395 309081.486386  x:  0.02092   6.92476   0.12539  
  7  0.0032 309081.486375  x:  0.02092   6.92656   0.12537  
  8  0.0008 309081.486372  x:  0.02092   6.92656   0.12537  
  9  0.0022 309081.486372  x:  0.02092   6.92656   0.12537  
check convergence!


8 (Bom_vet) ... 7 (Bom_syl)
  0  0.0000 323013.123605  x:  0.06457   5.33271   0.17507  
  1 99.0000 323001.316830  x:  0.06041   5.33281   0.16547  
  2 2178.1859 322950.880517  x:  0.06291   5.33333   0.11997  
  3 9729.6940 322947.615008  x:  0.06301   5.90153   0.12290  
  4 12.1884 322946.755364  x:  0.06428   5.87738   0.12292  
  5  0.0242 322946.754710  x:  0.06428   5.87594   0.12277  
  6  0.0020 322946.754690  x:  0.06428   5.87459   0.12277  
  7  0.0013 322946.754689  x:  0.06428   5.87458   0.12277  
  8  0.0000 322946.754689  x:  0.06428   5.87458   0.12277  
check convergence!
