Supplemental results for CODEML (seqf: /home/yzliu/eDNA/faststorage/yzliu/DK_proj/data/ref_genome/ref_annotation/primary_transcripts/extracted_cds_new/new_transcript_id_8_bom_apis/bootstraps/cat.out.OG_cds_8_species_same_header_fas.shuf_211OG_917.phy  treef: xxx.trees)


pairwise comparison (Goldman & Yang 1994)
seq seq        N       S       dN       dS     dN/dS   Paras.
  2   1 182815.1  62308.9   0.0553   0.5764   0.0959   0.5632   4.2211   0.0959 -431201.821
  3   1 182480.5  62643.5   0.0552   0.5888   0.0938   0.5748   4.2894   0.0938 -431753.806
  3   2 178336.9  66787.1   0.0126   0.1061   0.1188   0.1143   5.4452   0.1188 -366255.207
  4   1 182859.1  62264.9   0.0549   0.5849   0.0938   0.5685   4.2585   0.0938 -431105.163
  4   2 178551.7  66572.3   0.0124   0.1027   0.1212   0.1109   5.5205   0.1212 -365353.050
  4   3 177563.0  67561.0   0.0070   0.0598   0.1171   0.0647   6.2291   0.1171 -352516.861
  5   1 182925.1  62198.9   0.0554   0.5927   0.0934   0.5751   4.2489   0.0934 -431579.546
  5   2 178827.5  66296.5   0.0133   0.1082   0.1228   0.1168   5.3326   0.1228 -366891.828
  5   3 178466.7  66657.3   0.0077   0.0605   0.1275   0.0663   5.4533   0.1275 -353245.545
  5   4 178523.1  66600.9   0.0078   0.0628   0.1237   0.0682   5.6673   0.1237 -353602.685
  6   1 182905.2  62218.8   0.0556   0.5919   0.0939   0.5752   4.2474   0.0939 -431696.859
  6   2 178826.7  66297.3   0.0138   0.1091   0.1265   0.1187   5.3163   0.1265 -367502.146
  6   3 178240.2  66883.8   0.0081   0.0608   0.1326   0.0674   5.6253   0.1326 -353638.288
  6   4 178278.0  66846.0   0.0083   0.0630   0.1321   0.0697   5.8679   0.1321 -354164.305
  6   5 178006.8  67117.2   0.0025   0.0197   0.1256   0.0216   6.1732   0.1256 -337754.454
  7   1 182936.9  62187.1   0.0568   0.5900   0.0962   0.5761   4.2626   0.0962 -432261.324
  7   2 178699.6  66424.4   0.0148   0.1105   0.1336   0.1221   5.4614   0.1336 -368539.290
  7   3 178030.6  67093.4   0.0084   0.0623   0.1349   0.0695   5.8558   0.1349 -354269.002
  7   4 178067.7  67056.3   0.0090   0.0649   0.1392   0.0730   6.1173   0.1392 -355222.088
  7   5 178846.6  66277.4   0.0088   0.0591   0.1495   0.0672   5.4580   0.1495 -353787.424
  7   6 178645.4  66478.6   0.0093   0.0601   0.1540   0.0691   5.6096   0.1540 -354410.410
  8   1 182878.0  62246.0   0.0555   0.5930   0.0936   0.5760   4.2518   0.0936 -431712.542
  8   2 178798.9  66325.1   0.0133   0.1084   0.1226   0.1170   5.3236   0.1226 -366957.897
  8   3 178411.4  66712.6   0.0077   0.0603   0.1281   0.0661   5.4658   0.1281 -353229.091
  8   4 178394.0  66730.0   0.0080   0.0631   0.1265   0.0690   5.7451   0.1265 -353912.296
  8   5 178178.3  66945.7   0.0022   0.0183   0.1189   0.0197   5.9870   0.1189 -336983.829
  8   6 177349.4  67774.6   0.0025   0.0199   0.1277   0.0220   6.8348   0.1277 -337894.944
  8   7 178693.6  66430.4   0.0089   0.0594   0.1493   0.0677   5.5519   0.1493 -353926.890

