Supplemental results for CODEML (seqf: /home/yzliu/eDNA/faststorage/yzliu/DK_proj/data/ref_genome/ref_annotation/primary_transcripts/extracted_cds_new/new_transcript_id_8_bom_apis/bootstraps/cat.out.OG_cds_8_species_same_header_fas.shuf_211OG_664.phy  treef: xxx.trees)


pairwise comparison (Goldman & Yang 1994)
seq seq        N       S       dN       dS     dN/dS   Paras.
  2   1 167557.5  57307.5   0.0602   0.6055   0.0994   0.5975   4.0375   0.0994 -399835.181
  3   1 167430.2  57434.8   0.0600   0.6219   0.0965   0.6106   4.0246   0.0965 -400433.411
  3   2 163217.1  61647.9   0.0148   0.1078   0.1369   0.1208   5.2622   0.1369 -338176.815
  4   1 167753.3  57111.7   0.0594   0.6137   0.0967   0.6004   3.9914   0.0967 -399554.288
  4   2 163637.3  61227.7   0.0138   0.1027   0.1341   0.1139   5.1136   0.1341 -336492.536
  4   3 163273.6  61591.4   0.0079   0.0635   0.1243   0.0694   5.3023   0.1243 -325089.765
  5   1 167792.3  57072.7   0.0604   0.6230   0.0970   0.6097   4.0368   0.0970 -400215.241
  5   2 163442.8  61422.2   0.0157   0.1102   0.1420   0.1244   5.3716   0.1420 -338929.456
  5   3 163591.8  61273.2   0.0094   0.0669   0.1406   0.0752   5.1230   0.1406 -326873.524
  5   4 163634.4  61230.6   0.0092   0.0696   0.1329   0.0770   5.2965   0.1329 -327067.465
  6   1 167786.4  57078.6   0.0611   0.6233   0.0980   0.6113   4.0257   0.0980 -400597.538
  6   2 163429.2  61435.8   0.0160   0.1102   0.1455   0.1253   5.3651   0.1455 -339194.113
  6   3 163445.0  61420.0   0.0099   0.0670   0.1471   0.0764   5.2288   0.1471 -327253.763
  6   4 163500.6  61364.4   0.0100   0.0687   0.1462   0.0781   5.3961   0.1462 -327590.629
  6   5 163282.4  61582.6   0.0030   0.0217   0.1388   0.0244   5.7031   0.1388 -310983.116
  7   1 167745.3  57119.7   0.0606   0.6215   0.0975   0.6093   4.0274   0.0975 -400386.556
  7   2 163552.1  61312.9   0.0155   0.1091   0.1418   0.1230   5.2254   0.1418 -338780.127
  7   3 163044.7  61820.3   0.0086   0.0660   0.1297   0.0731   5.5499   0.1297 -326050.262
  7   4 163394.9  61470.1   0.0088   0.0679   0.1297   0.0749   5.4569   0.1297 -326492.351
  7   5 163796.5  61068.5   0.0093   0.0650   0.1437   0.0733   5.1987   0.1437 -326329.095
  7   6 163655.1  61209.9   0.0100   0.0644   0.1555   0.0744   5.3024   0.1555 -326792.906
  8   1 167743.8  57121.2   0.0606   0.6220   0.0974   0.6096   4.0382   0.0974 -400260.850
  8   2 163268.9  61596.1   0.0155   0.1084   0.1435   0.1229   5.4891   0.1435 -338599.028
  8   3 163378.4  61486.6   0.0094   0.0646   0.1453   0.0734   5.2664   0.1453 -326452.183
  8   4 163374.2  61490.8   0.0094   0.0675   0.1395   0.0758   5.4899   0.1395 -326874.330
  8   5 162810.9  62054.1   0.0023   0.0196   0.1197   0.0213   6.1665   0.1197 -309751.263
  8   6 162511.9  62353.1   0.0031   0.0199   0.1533   0.0232   6.4826   0.1533 -310608.493
  8   7 163552.2  61312.8   0.0094   0.0624   0.1502   0.0715   5.3730   0.1502 -325920.502

