Supplemental results for CODEML (seqf: /home/yzliu/eDNA/faststorage/yzliu/DK_proj/data/ref_genome/ref_annotation/primary_transcripts/extracted_cds_new/new_transcript_id_7_and_pas/bootstraps/cat.out.OG_cds_7_species_same_header_fas.shuf_537OG_753.phy  treef: xxx.trees)


pairwise comparison (Goldman & Yang 1994)
seq seq        N       S       dN       dS     dN/dS   Paras.
  2   1 486751.3 189160.7   0.0104   0.1707   0.0609   0.1658   3.6180   0.0609 -1045304.819
  3   1 486180.7 189731.3   0.0104   0.1627   0.0640   0.1595   3.5470   0.0640 -1043044.323
  3   2 485371.3 190540.7   0.0100   0.1498   0.0668   0.1483   3.8480   0.0668 -1036233.916
  4   1 486490.1 189421.9   0.0080   0.1252   0.0641   0.1226   3.5365   0.0641 -1021460.234
  4   2 485105.5 190806.5   0.0101   0.1595   0.0633   0.1568   3.9315   0.0633 -1040074.648
  4   3 483442.8 192469.2   0.0101   0.1530   0.0659   0.1523   4.0002   0.0659 -1038316.766
  5   1 488982.5 186929.5   0.0059   0.0960   0.0619   0.0925   3.1553   0.0619 -1002169.240
  5   2 486612.6 189299.4   0.0104   0.1668   0.0626   0.1627   3.5988   0.0626 -1044211.709
  5   3 486140.3 189771.7   0.0105   0.1575   0.0667   0.1553   3.5208   0.0667 -1041455.567
  5   4 486840.5 189071.5   0.0081   0.1191   0.0683   0.1175   3.4591   0.0683 -1019214.959
  6   1 490617.4 185294.6   0.0074   0.1242   0.0594   0.1182   2.9939   0.0594 -1019178.340
  6   2 487705.6 188206.4   0.0096   0.1623   0.0588   0.1563   3.4812   0.0588 -1040023.976
  6   3 486754.9 189157.1   0.0099   0.1557   0.0635   0.1521   3.4634   0.0635 -1039086.082
  6   4 487231.7 188680.3   0.0076   0.1182   0.0643   0.1155   3.4318   0.0643 -1017223.766
  6   5 490972.0 184940.0   0.0076   0.1186   0.0645   0.1140   2.9328   0.0645 -1017538.791
  7   1 483479.0 192433.0   0.0672   1.2479   0.0538   1.2100   4.1408   0.0538 -1268823.652
  7   2 480344.2 195567.8   0.0680   1.3080   0.0520   1.2804   4.4334   0.0520 -1271768.681
  7   3 482274.2 193637.8   0.0676   1.2388   0.0546   1.2094   4.2903   0.0546 -1268626.277
  7   4 481774.9 194137.1   0.0670   1.2592   0.0532   1.2284   4.3281   0.0532 -1268545.937
  7   5 483736.3 192175.7   0.0672   1.2321   0.0545   1.1952   4.1346   0.0545 -1268193.217
  7   6 483367.5 192544.5   0.0669   1.2495   0.0536   1.2114   4.1608   0.0536 -1268319.919

