

2 (And_ful) ... 1 (And_bic)
  0  0.0000 1116957.499935  x:  0.15593   1.49026   0.47918  
  1 99.0000 1099897.707831  x:  0.14410   1.57643   0.04934  
  2 34840.8847 1099724.690018  x:  0.15431   1.57944   0.03991  
  3 42688.6111 1098604.907951  x:  0.18196   2.07481   0.06385  
  4 5389.3785 1097609.504064  x:  0.15638   2.93828   0.05397  
  5  1.6495 1097439.179743  x:  0.17049   3.31820   0.05860  
  6  0.2038 1097401.282219  x:  0.16623   3.64163   0.05778  
  7  0.1578 1097400.460883  x:  0.16701   3.67638   0.05849  
  8  0.0271 1097400.445413  x:  0.16687   3.68046   0.05855  
  9  0.0032 1097400.444976  x:  0.16687   3.67972   0.05858  
 10  0.0005 1097400.444975  x:  0.16687   3.67966   0.05857  

3 (And_hae) ... 1 (And_bic)
  0  0.0000 1096670.991262  x:  0.17298   3.26840   0.14790  
  1 99.0000 1094900.749086  x:  0.13600   3.26939   0.08265  
  2 41092.1418 1094408.021892  x:  0.14535   3.26983   0.05333  
  3 51828.7636 1094341.905978  x:  0.14694   3.82602   0.05689  
  4 257.6910 1094214.153776  x:  0.16016   3.64912   0.06071  
  5  0.2189 1094211.066731  x:  0.16075   3.66320   0.05852  
  6  0.0172 1094211.061279  x:  0.16073   3.65870   0.05846  
  7  0.0041 1094211.061256  x:  0.16073   3.65857   0.05846  
  8  0.0001 1094211.061255  x:  0.16073   3.65858   0.05846  

3 (And_hae) ... 2 (And_ful)
  0  0.0000 1092869.289002  x:  0.12688   3.25522   0.13495  
  1 99.0000 1091668.565887  x:  0.16972   3.25587   0.10174  
  2 49076.6787 1090941.523834  x:  0.16675   3.25671   0.05851  
  3 39683.3712 1090825.984210  x:  0.16590   4.01717   0.06380  
  4 340.5100 1090755.660328  x:  0.15539   4.00749   0.06128  
  5  0.0128 1090754.227394  x:  0.15491   3.99052   0.06284  
  6  0.0265 1090754.210857  x:  0.15497   3.98148   0.06276  
  7  0.0068 1090754.210707  x:  0.15496   3.98104   0.06276  
  8  0.0004 1090754.210707  x:  0.15496   3.98104   0.06276  
  9  0.0000 1090754.210707  x:  0.15496   3.98104   0.06276  
 10  0.0000 1090754.210707  x:  0.15496   3.98104   0.06276  

4 (And_hat) ... 1 (And_bic)
  0  0.0000 1072188.353033  x:  0.11612   3.58181   0.18129  
  1 99.0000 1069839.563599  x:  0.11551   3.58314   0.06136  
  2 26270.8152 1069827.171361  x:  0.11929   3.58315   0.06039  
  3 6844.9143 1069827.134557  x:  0.11930   3.59740   0.06054  
  4  5.1917 1069827.108911  x:  0.11932   3.59271   0.06075  
  5  0.0159 1069827.108887  x:  0.11931   3.59261   0.06075  
  6  0.0001 1069827.108887  x:  0.11931   3.59261   0.06075  

4 (And_hat) ... 2 (And_ful)
  0  0.0000 1092642.085676  x:  0.17310   3.28251   0.04863  
  1 99.0000 1092474.402500  x:  0.15979   3.28278   0.05990  
  2 19694.7065 1092471.510623  x:  0.15821   3.28306   0.05849  
  3 2735.6200 1092354.392606  x:  0.15872   4.06276   0.06122  
  4 345.6057 1092354.289403  x:  0.15869   4.06249   0.06079  
  5  0.0005 1092354.289227  x:  0.15871   4.06292   0.06078  
  6  0.0004 1092354.289223  x:  0.15871   4.06306   0.06079  
  7  0.0001 1092354.289223  x:  0.15871   4.06306   0.06078  

4 (And_hat) ... 3 (And_hae)
  0  0.0000 1092754.050383  x:  0.15461   3.43018   0.17250  
  1 99.0000 1090241.167591  x:  0.13064   3.43212   0.06887  
  2 35322.2953 1089961.090928  x:  0.14170   3.43251   0.05103  
  3 50413.3856 1089805.447441  x:  0.14538   4.37841   0.05765  
  4 373.1450 1089740.445576  x:  0.15326   4.15006   0.06216  
  5  0.3961 1089738.405677  x:  0.15413   4.13129   0.06035  
  6  0.0160 1089738.399595  x:  0.15410   4.12499   0.06033  
  7  0.0052 1089738.399568  x:  0.15410   4.12509   0.06033  

5 (And_mar) ... 1 (And_bic)
  0  0.0000 1050117.833827  x:  0.07836   3.41691   0.11543  
  1 99.0000 1049873.389394  x:  0.09248   3.41694   0.10675  
  2 31293.1509 1049401.287164  x:  0.09165   3.41707   0.05908  
  3 21503.6300 1049393.161166  x:  0.09173   3.18817   0.05748  
  4 67.4155 1049386.148423  x:  0.08948   3.16856   0.05938  
  5  0.0195 1049385.734247  x:  0.08922   3.17766   0.05846  
  6  0.0167 1049385.734180  x:  0.08923   3.17761   0.05845  
  7  0.0001 1049385.734180  x:  0.08923   3.17762   0.05845  
  8  0.0000 1049385.734180  x:  0.08923   3.17762   0.05845  
  9  0.0000 1049385.734180  x:  0.08923   3.17762   0.05845  
check convergence!


5 (And_mar) ... 2 (And_ful)
  0  0.0000 1097295.347238  x:  0.14094   3.10992   0.06755  
  1 99.0000 1096897.776128  x:  0.16557   3.11019   0.06090  
  2 33058.7658 1096890.344135  x:  0.16513   3.11045   0.05769  
  3 4285.1767 1096804.388237  x:  0.16511   3.71264   0.06031  
  4 318.4249 1096804.166348  x:  0.16505   3.71198   0.05971  
  5  0.0009 1096804.166269  x:  0.16505   3.71238   0.05971  
  6  0.0003 1096804.166267  x:  0.16505   3.71245   0.05971  
  7  0.0001 1096804.166267  x:  0.16505   3.71245   0.05971  
check convergence!


5 (And_mar) ... 3 (And_hae)
  0  0.0000 1094551.850386  x:  0.14844   3.26356   0.13708  
  1 99.0000 1092834.378489  x:  0.16232   3.26468   0.06022  
  2 32581.1158 1092816.018866  x:  0.15732   3.26483   0.05819  
  3 6989.8945 1092787.043495  x:  0.15663   3.61943   0.06126  
  4 176.3325 1092786.368186  x:  0.15708   3.63018   0.06030  
  5  0.0250 1092786.365098  x:  0.15704   3.62813   0.06025  
  6  0.0020 1092786.365072  x:  0.15704   3.62782   0.06025  
  7  0.0003 1092786.365072  x:  0.15704   3.62782   0.06025  

5 (And_mar) ... 4 (And_hat)
  0  0.0000 1069178.597437  x:  0.10171   3.10961   0.16525  
  1 99.0000 1068538.657140  x:  0.12972   3.11025   0.13209  
  2 32232.8679 1067370.210128  x:  0.12808   3.11156   0.05981  
  3 55022.5314 1067324.542151  x:  0.12738   3.60331   0.06471  
  4 199.8159 1067186.358744  x:  0.11477   3.59445   0.06100  
  5  0.0150 1067183.342540  x:  0.11427   3.55742   0.06348  
  6  0.0794 1067183.295655  x:  0.11434   3.54151   0.06334  
  7  0.0138 1067183.295436  x:  0.11433   3.54121   0.06333  
  8  0.0003 1067183.295436  x:  0.11433   3.54122   0.06333  
  9  0.0000 1067183.295436  x:  0.11433   3.54122   0.06333  

6 (And_tri) ... 1 (And_bic)
  0  0.0000 1067620.060077  x:  0.12319   3.06993   0.07886  
  1 99.0000 1067437.326151  x:  0.11074   3.06997   0.06738  
  2 20677.5047 1067384.539882  x:  0.11395   3.06999   0.05677  
  3 11117.6915 1067383.831532  x:  0.11393   3.01549   0.05649  
  4 25.1344 1067383.041263  x:  0.11476   3.01160   0.05703  
  5  0.0046 1067383.035316  x:  0.11480   3.01182   0.05693  
  6  0.0003 1067383.035316  x:  0.11480   3.01180   0.05693  
  7  0.0000 1067383.035316  x:  0.11480   3.01180   0.05693  
check convergence!


6 (And_tri) ... 2 (And_ful)
  0  0.0000 1092886.611797  x:  0.16809   2.75184   0.06504  
  1 99.0000 1092748.032600  x:  0.15780   2.75235   0.05441  
  2 17894.9729 1092747.503828  x:  0.15846   2.75354   0.05375  
  3 699.2112 1092546.640208  x:  0.15833   3.61756   0.05866  
  4 1409.7634 1092545.770603  x:  0.15812   3.61596   0.05748  
  5  0.0019 1092545.763402  x:  0.15823   3.61669   0.05745  
  6  0.0008 1092545.763333  x:  0.15823   3.61727   0.05745  
  7  0.0004 1092545.763333  x:  0.15823   3.61727   0.05745  

6 (And_tri) ... 3 (And_hae)
  0  0.0000 1091148.444647  x:  0.16754   3.16305   0.09494  
  1 99.0000 1090467.169086  x:  0.14535   3.16351   0.06402  
  2 32567.2424 1090398.081395  x:  0.15131   3.16376   0.05472  
  3 13948.1488 1090350.014914  x:  0.15200   3.62341   0.05719  
  4 225.8975 1090347.503628  x:  0.15377   3.61186   0.05797  
  5  0.0148 1090347.473212  x:  0.15387   3.61048   0.05775  
  6  0.0015 1090347.473178  x:  0.15386   3.61006   0.05775  

6 (And_tri) ... 4 (And_hat)
  0  0.0000 1068243.025053  x:  0.11431   3.17978   0.17637  
  1 99.0000 1066851.580013  x:  0.08973   3.18128   0.09170  
  2 26782.8847 1066306.804824  x:  0.09641   3.18195   0.05395  
  3 123025.8411 1066228.666935  x:  0.09810   3.88269   0.05929  
  4 246.2741 1065987.115309  x:  0.11263   3.50096   0.06455  
  5  0.4565 1065981.175449  x:  0.11320   3.54783   0.06101  
  6  0.0583 1065981.152980  x:  0.11322   3.53701   0.06087  
  7  0.0106 1065981.152904  x:  0.11321   3.53672   0.06088  
  8  0.0003 1065981.152903  x:  0.11321   3.53674   0.06088  

6 (And_tri) ... 5 (And_mar)
  0  0.0000 1066964.868053  x:  0.11528   3.12236   0.16189  
  1 99.0000 1066267.836083  x:  0.09271   3.12273   0.12197  
  2 28053.2363 1065322.880457  x:  0.09771   3.12324   0.05920  
  3 74207.8516 1065321.187034  x:  0.09766   3.03627   0.05844  
  4 17.9753 1065160.086266  x:  0.10963   2.92909   0.06297  
  5  0.2549 1065155.546982  x:  0.11028   2.96898   0.06004  
  6  0.0802 1065155.541607  x:  0.11036   2.96842   0.06005  
  7  0.0005 1065155.541606  x:  0.11036   2.96847   0.06005  
  8  0.0001 1065155.541606  x:  0.11036   2.96846   0.06005  
  9  0.0000 1065155.541606  x:  0.11036   2.96846   0.06005  
check convergence!


7 (Bom_pas) ... 1 (And_bic)
  0  0.0000 1327896.405986  x:  1.31700   2.95375   0.07612  
  1 99.0000 1324035.812752  x:  1.31374   2.95434   0.04408  
  2 191936.5577 1322850.039418  x:  1.06367   3.03538   0.05979  
  3 8194.4268 1322074.471785  x:  1.17091   4.08845   0.05882  
  4 1795.8374 1321876.798627  x:  1.12300   4.16889   0.05506  
  5  0.1136 1321872.810785  x:  1.13560   4.19528   0.05396  
  6  0.0314 1321872.492755  x:  1.13696   4.22029   0.05406  
  7  0.0161 1321872.490904  x:  1.13685   4.22073   0.05405  
  8  0.0005 1321872.490904  x:  1.13685   4.22072   0.05405  

7 (Bom_pas) ... 2 (And_ful)
  0  0.0000 1344242.206821  x:  1.22845   3.67915   0.15284  
  1 99.0000 1327190.264011  x:  1.21416   3.68047   0.05043  
  2 209396.7384 1327164.206149  x:  1.19181   3.69311   0.05345  
  3 2093.7765 1326821.708700  x:  1.25395   4.55683   0.05217  
  4 1087.3910 1326796.656144  x:  1.22134   4.54133   0.05194  
  5  0.0463 1326796.645384  x:  1.22058   4.54038   0.05199  
  6  0.0013 1326796.645330  x:  1.22058   4.54008   0.05199  
  7  0.0002 1326796.645329  x:  1.22058   4.54005   0.05199  
  8  0.0000 1326796.645329  x:  1.22058   4.54005   0.05199  
  9  0.0000 1326796.645329  x:  1.22058   4.54005   0.05199  

7 (Bom_pas) ... 3 (And_hae)
  0  0.0000 1330149.415679  x:  1.32139   3.82755   0.09373  
  1 99.0000 1323685.110872  x:  1.31652   3.82800   0.04659  
  2 205124.6538 1323192.361929  x:  1.15013   3.85842   0.05923  
  3 5795.1985 1323067.970515  x:  1.19618   4.36806   0.05801  
  4 525.7468 1322913.340400  x:  1.14232   4.38354   0.05530  
  5  0.0842 1322908.387335  x:  1.15501   4.38779   0.05403  
  6  0.0168 1322908.378612  x:  1.15484   4.38324   0.05402  
  7  0.0036 1322908.378602  x:  1.15482   4.38321   0.05403  

7 (Bom_pas) ... 4 (And_hat)
  0  0.0000 1343999.333214  x:  1.34434   3.80742   0.15603  
  1 99.0000 1322836.138278  x:  1.32665   3.80881   0.04574  
  2 229278.7145 1322655.485874  x:  1.26381   3.82033   0.05421  
  3 6168.4399 1322444.693480  x:  1.31330   4.51085   0.05295  
  4 673.6519 1321964.303625  x:  1.13986   4.33056   0.05572  
  5  0.2981 1321951.982170  x:  1.15502   4.39208   0.05371  
  6  0.0613 1321951.657954  x:  1.15126   4.38874   0.05371  
  7  0.0064 1321951.657935  x:  1.15124   4.38873   0.05371  
  8  0.0000 1321951.657935  x:  1.15124   4.38875   0.05371  
  9  0.0000 1321951.657935  x:  1.15124   4.38875   0.05371  
 10  0.0000 1321951.657935  x:  1.15124   4.38875   0.05371  

7 (Bom_pas) ... 5 (And_mar)
  0  0.0000 1328347.072967  x:  0.98820   3.66538   0.12519  
  1 99.0000 1321515.860772  x:  0.98345   3.66591   0.06004  
  2 154165.4258 1321323.035287  x:  1.04828   3.66965   0.05287  
  3 5836.2213 1321165.508495  x:  1.07489   4.22803   0.05332  
  4 613.5245 1321070.381873  x:  1.11123   4.21400   0.05585  
  5  0.0731 1321065.189517  x:  1.12467   4.21829   0.05457  
  6  0.0109 1321065.161298  x:  1.12540   4.22552   0.05459  
  7  0.0060 1321065.161241  x:  1.12540   4.22565   0.05459  
  8  0.0001 1321065.161241  x:  1.12539   4.22565   0.05459  
  9  0.0000 1321065.161241  x:  1.12539   4.22565   0.05459  
 10  0.0000 1321065.161241  x:  1.12540   4.22565   0.05459  

7 (Bom_pas) ... 6 (And_tri)
  0  0.0000 1330232.665774  x:  0.95881   3.81231   0.13957  
  1 99.0000 1321760.361651  x:  0.95352   3.81282   0.06165  
  2 154599.9004 1321413.318242  x:  1.03161   3.81302   0.05196  
  3 8637.4782 1321335.196868  x:  1.04995   4.21597   0.05230  
  4 408.2052 1321099.712304  x:  1.10733   4.18668   0.05611  
  5  0.1287 1321085.094032  x:  1.13019   4.20685   0.05397  
  6  0.0222 1321084.993847  x:  1.13161   4.21860   0.05402  
  7  0.0103 1321084.993651  x:  1.13168   4.21881   0.05401  