Supplemental results for CODEML (seqf: /home/yzliu/eDNA/faststorage/yzliu/DK_proj/data/ref_genome/ref_annotation/primary_transcripts/extracted_cds_new/new_transcript_id_7_and_pas/bootstraps/cat.out.OG_cds_7_species_same_header_fas.shuf_537OG_810.phy  treef: xxx.trees)


pairwise comparison (Goldman & Yang 1994)
seq seq        N       S       dN       dS     dN/dS   Paras.
  2   1 493574.9 193554.1   0.0093   0.1665   0.0558   0.1608   3.6410   0.0558 -1059223.910
  3   1 492555.5 194573.5   0.0092   0.1578   0.0586   0.1540   3.6425   0.0586 -1056466.826
  3   2 491503.8 195625.2   0.0090   0.1520   0.0594   0.1492   4.0036   0.0594 -1052609.042
  4   1 493546.6 193582.4   0.0070   0.1203   0.0584   0.1168   3.5086   0.0584 -1034615.220
  4   2 491384.9 195744.1   0.0088   0.1560   0.0565   0.1523   4.0200   0.0565 -1053684.037
  4   3 489973.0 197156.0   0.0089   0.1479   0.0601   0.1463   4.0660   0.0601 -1051352.481
  5   1 496290.7 190838.3   0.0053   0.0907   0.0584   0.0870   3.1300   0.0584 -1015093.164
  5   2 492519.2 194609.8   0.0094   0.1628   0.0579   0.1586   3.7622   0.0579 -1058349.366
  5   3 491779.2 195349.8   0.0095   0.1538   0.0617   0.1515   3.7281   0.0617 -1055706.905
  5   4 492676.6 194452.4   0.0070   0.1143   0.0615   0.1122   3.6025   0.0615 -1032081.770
  6   1 497819.8 189309.2   0.0066   0.1198   0.0549   0.1133   2.9731   0.0549 -1032794.892
  6   2 494213.7 192915.3   0.0086   0.1586   0.0541   0.1521   3.5447   0.0541 -1054247.369
  6   3 493164.1 193964.9   0.0088   0.1518   0.0578   0.1475   3.5520   0.0578 -1052789.990
  6   4 493840.9 193288.1   0.0066   0.1149   0.0576   0.1112   3.4616   0.0576 -1030909.607
  6   5 496950.9 190178.1   0.0068   0.1147   0.0596   0.1101   3.0503   0.0596 -1031448.126
  7   1 492116.8 195012.2   0.0630   1.1393   0.0553   1.1053   4.0183   0.0553 -1281464.778
  7   2 488722.5 198406.5   0.0642   1.2050   0.0532   1.1807   4.2975   0.0532 -1285713.342
  7   3 490736.2 196392.8   0.0634   1.1439   0.0554   1.1166   4.1651   0.0554 -1281836.821
  7   4 490449.7 196679.3   0.0631   1.1513   0.0548   1.1237   4.1953   0.0548 -1281654.989
  7   5 492216.2 194912.8   0.0632   1.1313   0.0559   1.0986   4.0319   0.0559 -1281201.917
  7   6 492059.0 195070.0   0.0628   1.1402   0.0551   1.1059   4.0334   0.0551 -1280973.177

