Supplemental results for CODEML (seqf: /home/yzliu/eDNA/faststorage/yzliu/DK_proj/data/ref_genome/ref_annotation/primary_transcripts/extracted_cds_new/new_transcript_id_8_bom_apis/bootstraps/cat.out.OG_cds_8_species_same_header_fas.shuf_211OG_517.phy  treef: xxx.trees)


pairwise comparison (Goldman & Yang 1994)
seq seq        N       S       dN       dS     dN/dS   Paras.
  2   1 177146.2  56100.8   0.0581   0.6044   0.0961   0.5685   4.1361   0.0961 -408696.741
  3   1 176765.3  56481.7   0.0579   0.6217   0.0931   0.5832   4.1740   0.0931 -409408.438
  3   2 172565.2  60681.8   0.0135   0.1146   0.1178   0.1194   5.2127   0.1178 -347553.944
  4   1 177257.0  55990.0   0.0573   0.6121   0.0936   0.5713   4.1538   0.0936 -408257.623
  4   2 172652.4  60594.6   0.0131   0.1061   0.1236   0.1119   5.5118   0.1236 -345593.590
  4   3 172311.9  60935.1   0.0075   0.0669   0.1120   0.0690   5.5356   0.1120 -334407.849
  5   1 177289.6  55957.4   0.0582   0.6199   0.0938   0.5788   4.1379   0.0938 -408999.125
  5   2 172999.0  60248.0   0.0147   0.1130   0.1301   0.1203   5.2219   0.1301 -347938.622
  5   3 172690.5  60556.5   0.0084   0.0672   0.1250   0.0710   5.2207   0.1250 -335291.150
  5   4 172639.9  60607.1   0.0085   0.0653   0.1298   0.0697   5.6504   0.1298 -334658.451
  6   1 177258.1  55988.9   0.0581   0.6197   0.0937   0.5787   4.1468   0.0937 -408917.919
  6   2 172828.7  60418.3   0.0147   0.1149   0.1283   0.1221   5.3522   0.1283 -348211.768
  6   3 172326.5  60920.5   0.0084   0.0679   0.1239   0.0718   5.5180   0.1239 -335378.536
  6   4 172255.2  60991.8   0.0087   0.0657   0.1324   0.0708   6.0104   0.1324 -334910.248
  6   5 171651.8  61595.2   0.0030   0.0203   0.1477   0.0227   6.6920   0.1477 -319516.384
  7   1 177253.1  55993.9   0.0582   0.6158   0.0945   0.5761   4.1606   0.0945 -408824.792
  7   2 172789.7  60457.3   0.0147   0.1143   0.1284   0.1215   5.3949   0.1284 -348102.105
  7   3 172533.4  60713.6   0.0082   0.0696   0.1182   0.0726   5.3472   0.1182 -335593.637
  7   4 172444.1  60802.9   0.0085   0.0660   0.1292   0.0705   5.8313   0.1292 -334850.613
  7   5 172604.6  60642.4   0.0089   0.0620   0.1441   0.0682   5.6875   0.1441 -334460.185
  7   6 172370.3  60876.7   0.0090   0.0626   0.1441   0.0690   5.8987   0.1441 -334640.863
  8   1 177241.0  56006.0   0.0580   0.6185   0.0938   0.5778   4.1346   0.0938 -408942.943
  8   2 172854.8  60392.2   0.0144   0.1133   0.1269   0.1199   5.3014   0.1269 -347770.443
  8   3 172575.2  60671.8   0.0081   0.0670   0.1204   0.0702   5.2757   0.1204 -334994.010
  8   4 172377.1  60869.9   0.0084   0.0651   0.1286   0.0696   5.8538   0.1286 -334620.479
  8   5 172561.9  60685.1   0.0026   0.0187   0.1380   0.0204   5.6861   0.1380 -318689.126
  8   6 171451.3  61795.7   0.0028   0.0205   0.1345   0.0223   6.8763   0.1345 -319334.827
  8   7 172419.7  60827.3   0.0086   0.0614   0.1402   0.0672   5.8164   0.1402 -334141.440

