Supplemental results for CODEML (seqf: /home/yzliu/eDNA/faststorage/yzliu/DK_proj/data/ref_genome/ref_annotation/primary_transcripts/extracted_cds_new/new_transcript_id_8_bom_apis/bootstraps/cat.out.OG_cds_8_species_same_header_fas.shuf_211OG_311.phy  treef: xxx.trees)


pairwise comparison (Goldman & Yang 1994)
seq seq        N       S       dN       dS     dN/dS   Paras.
  2   1 180165.8  61031.2   0.0570   0.6077   0.0937   0.5889   4.0774   0.0937 -426033.236
  3   1 179888.6  61308.4   0.0571   0.6254   0.0913   0.6046   4.1325   0.0913 -426820.115
  3   2 175484.8  65712.2   0.0129   0.1091   0.1186   0.1174   5.3927   0.1186 -360806.726
  4   1 180334.9  60862.1   0.0566   0.6203   0.0912   0.5965   4.1001   0.0912 -425958.304
  4   2 175918.5  65278.5   0.0128   0.1051   0.1218   0.1133   5.3344   0.1218 -359771.888
  4   3 175445.6  65751.4   0.0074   0.0623   0.1194   0.0672   5.5774   0.1194 -347439.855
  5   1 180448.9  60748.1   0.0573   0.6217   0.0922   0.5984   4.0695   0.0922 -426371.641
  5   2 176086.8  65110.2   0.0141   0.1114   0.1265   0.1211   5.2495   0.1265 -361775.156
  5   3 175888.4  65308.6   0.0079   0.0619   0.1274   0.0675   5.2726   0.1274 -347597.652
  5   4 175962.4  65234.6   0.0083   0.0642   0.1296   0.0703   5.5015   0.1296 -348224.889
  6   1 180428.5  60768.5   0.0574   0.6227   0.0922   0.5994   4.0850   0.0922 -426391.807
  6   2 175936.0  65261.0   0.0143   0.1126   0.1266   0.1226   5.3711   0.1266 -362033.175
  6   3 175427.4  65769.6   0.0079   0.0627   0.1267   0.0686   5.6463   0.1267 -347746.701
  6   4 175567.3  65629.7   0.0086   0.0642   0.1336   0.0711   5.8453   0.1336 -348416.089
  6   5 175760.1  65436.9   0.0027   0.0210   0.1311   0.0231   5.7276   0.1311 -332420.486
  7   1 180374.7  60822.3   0.0578   0.6242   0.0925   0.6018   4.0958   0.0925 -426689.350
  7   2 176095.0  65102.0   0.0144   0.1140   0.1267   0.1239   5.2228   0.1267 -362540.749
  7   3 175743.8  65453.2   0.0083   0.0657   0.1260   0.0716   5.3630   0.1260 -348802.570
  7   4 175912.2  65284.8   0.0088   0.0668   0.1323   0.0736   5.5197   0.1323 -349268.667
  7   5 176073.0  65124.0   0.0085   0.0609   0.1393   0.0679   5.4369   0.1393 -347662.071
  7   6 175785.9  65411.1   0.0087   0.0613   0.1415   0.0689   5.6810   0.1415 -347879.490
  8   1 180370.7  60826.3   0.0575   0.6221   0.0924   0.5996   4.0807   0.0924 -426519.795
  8   2 175850.2  65346.8   0.0141   0.1108   0.1270   0.1209   5.3906   0.1270 -361698.275
  8   3 175501.1  65695.9   0.0078   0.0612   0.1280   0.0671   5.5349   0.1280 -347448.747
  8   4 175566.6  65630.4   0.0085   0.0637   0.1330   0.0705   5.7901   0.1330 -348320.113
  8   5 176254.2  64942.8   0.0025   0.0193   0.1314   0.0211   5.2731   0.1314 -331742.979
  8   6 174855.3  66341.7   0.0026   0.0205   0.1264   0.0226   6.5426   0.1264 -332164.919
  8   7 175726.7  65470.3   0.0085   0.0597   0.1419   0.0672   5.6779   0.1419 -347470.685

