Supplemental results for CODEML (seqf: /home/yzliu/eDNA/faststorage/yzliu/DK_proj/data/ref_genome/ref_annotation/primary_transcripts/extracted_cds_new/new_transcript_id_8_bom_apis/bootstraps/cat.out.OG_cds_8_species_same_header_fas.shuf_211OG_622.phy  treef: xxx.trees)


pairwise comparison (Goldman & Yang 1994)
seq seq        N       S       dN       dS     dN/dS   Paras.
  2   1 171183.1  56291.9   0.0580   0.5808   0.0998   0.5621   4.0056   0.0998 -400266.436
  3   1 171086.4  56388.6   0.0590   0.6041   0.0977   0.5825   3.9634   0.0977 -401875.114
  3   2 167478.1  59996.9   0.0154   0.1131   0.1358   0.1234   4.6979   0.1358 -341893.621
  4   1 171278.1  56196.9   0.0573   0.5917   0.0968   0.5679   4.0288   0.0968 -400013.945
  4   2 166987.4  60487.6   0.0131   0.1007   0.1298   0.1092   5.3172   0.1298 -337842.149
  4   3 167808.5  59666.5   0.0094   0.0697   0.1345   0.0756   4.5436   0.1345 -329846.477
  5   1 171251.0  56224.0   0.0578   0.5959   0.0970   0.5725   4.0301   0.0970 -400458.513
  5   2 166756.9  60718.1   0.0145   0.1075   0.1348   0.1179   5.5073   0.1348 -339951.982
  5   3 167944.7  59530.3   0.0100   0.0699   0.1435   0.0771   4.4345   0.1435 -330407.174
  5   4 166607.4  60867.6   0.0084   0.0651   0.1297   0.0708   5.7711   0.1297 -327826.191
  6   1 171214.0  56261.0   0.0580   0.5982   0.0969   0.5747   4.0316   0.0969 -400636.471
  6   2 166753.8  60721.2   0.0149   0.1087   0.1372   0.1198   5.4786   0.1372 -340466.313
  6   3 167821.5  59653.5   0.0106   0.0696   0.1520   0.0782   4.4979   0.1520 -330833.821
  6   4 166463.1  61011.9   0.0092   0.0653   0.1415   0.0728   5.8828   0.1415 -328578.643
  6   5 165497.9  61977.1   0.0030   0.0195   0.1557   0.0225   6.9962   0.1557 -312795.973
  7   1 171320.4  56154.6   0.0581   0.5904   0.0984   0.5686   4.0238   0.0984 -400378.633
  7   2 166835.6  60639.4   0.0149   0.1064   0.1400   0.1179   5.4826   0.1400 -340126.536
  7   3 167672.7  59802.3   0.0101   0.0698   0.1448   0.0773   4.6630   0.1448 -330410.284
  7   4 166392.4  61082.6   0.0087   0.0643   0.1358   0.0709   6.0504   0.1358 -327900.274
  7   5 166464.5  61010.5   0.0088   0.0588   0.1495   0.0666   5.9491   0.1495 -326942.316
  7   6 166450.8  61024.2   0.0093   0.0589   0.1580   0.0678   5.9264   0.1580 -327462.412
  8   1 171151.8  56323.2   0.0578   0.5971   0.0967   0.5739   4.0369   0.0967 -400534.260
  8   2 166732.1  60742.9   0.0145   0.1071   0.1352   0.1176   5.4521   0.1352 -339991.803
  8   3 167977.6  59497.4   0.0101   0.0682   0.1474   0.0758   4.3591   0.1474 -330198.848
  8   4 166562.3  60912.7   0.0086   0.0643   0.1336   0.0705   5.7304   0.1336 -327913.699
  8   5 166068.1  61406.9   0.0025   0.0182   0.1363   0.0202   6.2294   0.1363 -311906.798
  8   6 165881.3  61593.7   0.0029   0.0193   0.1508   0.0221   6.4031   0.1508 -312679.427
  8   7 166484.2  60990.8   0.0087   0.0577   0.1508   0.0655   5.8389   0.1508 -326769.139

