

2 (And_ful) ... 1 (And_bic)
  0  0.0000 1086032.299672  x:  0.15266   1.57714   0.37850  
  1 99.0000 1073796.914897  x:  0.17210   1.62815   0.05191  
  2 36153.5124 1073763.177481  x:  0.16482   1.63121   0.05009  
  3 8644.9286 1073126.500912  x:  0.15183   2.09864   0.08069  
  4 3725.2050 1072073.525575  x:  0.16997   2.86963   0.05356  
  5  2.0020 1071919.560324  x:  0.16341   3.27904   0.06756  
  6  0.2376 1071874.491406  x:  0.16308   3.59088   0.06228  
  7  0.1755 1071872.447063  x:  0.16456   3.63391   0.06324  
  8  0.0352 1071872.403834  x:  0.16442   3.64650   0.06330  
  9  0.0099 1071872.403830  x:  0.16442   3.64650   0.06330  
 10  0.0000 1071872.403830  x:  0.16442   3.64650   0.06330  

3 (And_hae) ... 1 (And_bic)
  0  0.0000 1071895.802947  x:  0.12590   3.30684   0.17109  
  1 99.0000 1070548.967364  x:  0.17250   3.30733   0.13707  
  2 52348.6230 1069033.941940  x:  0.17170   3.30830   0.06277  
  3 45893.0159 1069019.524570  x:  0.17143   3.55691   0.06504  
  4 119.2111 1068910.050487  x:  0.15758   3.53901   0.06369  
  5  0.0182 1068909.001976  x:  0.15733   3.52058   0.06504  
  6  0.0420 1068908.997589  x:  0.15737   3.51695   0.06498  
  7  0.0034 1068908.997581  x:  0.15736   3.51688   0.06498  
  8  0.0001 1068908.997581  x:  0.15736   3.51688   0.06498  
  9  0.0000 1068908.997581  x:  0.15736   3.51688   0.06498  
 10  0.0000 1068908.997581  x:  0.15736   3.51688   0.06498  
check convergence!


3 (And_hae) ... 2 (And_ful)
  0  0.0000 1065322.944649  x:  0.15067   3.02531   0.14179  
  1 99.0000 1063973.302040  x:  0.13469   3.02709   0.07093  
  2 29653.1202 1063839.852288  x:  0.14491   3.02757   0.05955  
  3 25844.1599 1063657.794058  x:  0.14743   3.93924   0.06737  
  4 462.6156 1063654.407566  x:  0.14930   3.90581   0.06858  
  5  0.0532 1063654.186041  x:  0.14959   3.89817   0.06794  
  6  0.0071 1063654.184534  x:  0.14958   3.89516   0.06792  
  7  0.0021 1063654.184530  x:  0.14958   3.89517   0.06793  

4 (And_hat) ... 1 (And_bic)
  0  0.0000 1047337.936649  x:  0.10509   3.49379   0.19143  
  1 99.0000 1046646.714506  x:  0.13550   3.49425   0.15173  
  2 30315.9674 1045201.579107  x:  0.13446   3.49517   0.06462  
  3 62556.0140 1045199.412333  x:  0.13421   3.61560   0.06581  
  4 18.5644 1044984.554371  x:  0.11757   3.48275   0.06559  
  5  0.2479 1044984.482552  x:  0.11755   3.46792   0.06584  
  6  0.0296 1044984.467994  x:  0.11754   3.46150   0.06567  
  7  0.0092 1044984.467992  x:  0.11754   3.46150   0.06567  
  8  0.0000 1044984.467992  x:  0.11754   3.46150   0.06567  

4 (And_hat) ... 2 (And_ful)
  0  0.0000 1068949.980823  x:  0.14038   3.08903   0.17016  
  1 99.0000 1066687.626333  x:  0.18270   3.09153   0.07132  
  2 35835.6970 1066412.563402  x:  0.17357   3.09211   0.05226  
  3 41784.2757 1066135.319126  x:  0.16801   4.29902   0.06045  
  4 547.2090 1066033.434349  x:  0.15513   4.10819   0.06387  
  5  0.3017 1066031.501303  x:  0.15551   4.00472   0.06391  
  6  0.0822 1066031.475137  x:  0.15553   3.99641   0.06371  
  7  0.0077 1066031.475017  x:  0.15553   3.99705   0.06370  
  8  0.0007 1066031.475017  x:  0.15553   3.99705   0.06370  
  9  0.0000 1066031.475017  x:  0.15553   3.99705   0.06370  
check convergence!


4 (And_hat) ... 3 (And_hae)
  0  0.0000 1064807.095429  x:  0.12219   3.54584   0.09202  
  1 99.0000 1064116.127744  x:  0.15310   3.54601   0.08043  
  2 45493.2175 1063999.770243  x:  0.15190   3.54628   0.06445  
  3 13835.7726 1063969.889539  x:  0.15183   3.96323   0.06646  
  4 153.2552 1063968.152902  x:  0.15070   3.96470   0.06515  
  5  0.0023 1063968.074159  x:  0.15044   3.96455   0.06544  
  6  0.0004 1063968.074147  x:  0.15044   3.96431   0.06544  
  7  0.0002 1063968.074147  x:  0.15044   3.96429   0.06544  
  8  0.0000 1063968.074147  x:  0.15044   3.96430   0.06544  

5 (And_mar) ... 1 (And_bic)
  0  0.0000 1025916.790786  x:  0.08346   3.35381   0.10137  
  1 99.0000 1025795.772415  x:  0.09376   3.35382   0.09051  
  2 17204.5666 1025616.014674  x:  0.09151   3.35381   0.06312  
  3 20674.0380 1025606.431001  x:  0.09163   3.11031   0.06162  
  4 73.7720 1025598.359119  x:  0.08913   3.09252   0.06351  
  5  0.0190 1025598.230142  x:  0.08900   3.09714   0.06295  
  6  0.0068 1025598.230136  x:  0.08900   3.09716   0.06295  
  7  0.0000 1025598.230136  x:  0.08900   3.09717   0.06295  
  8  0.0000 1025598.230136  x:  0.08900   3.09717   0.06295  

5 (And_mar) ... 2 (And_ful)
  0  0.0000 1073459.651023  x:  0.13499   3.00487   0.16523  
  1 99.0000 1071897.769945  x:  0.18771   3.00618   0.10983  
  2 45418.6324 1070903.060907  x:  0.18420   3.00733   0.05858  
  3 56493.1235 1070748.565129  x:  0.18244   3.81574   0.06542  
  4 434.2791 1070516.458064  x:  0.16183   3.75728   0.06270  
  5  0.0561 1070513.727510  x:  0.16133   3.71791   0.06473  
  6  0.0630 1070513.568887  x:  0.16145   3.69134   0.06447  
  7  0.0212 1070513.568487  x:  0.16143   3.69101   0.06445  
  8  0.0004 1070513.568486  x:  0.16143   3.69101   0.06445  

5 (And_mar) ... 3 (And_hae)
  0  0.0000 1070358.085317  x:  0.13625   3.15394   0.19456  
  1 99.0000 1068332.850996  x:  0.19137   3.15590   0.09545  
  2 35999.4613 1067687.360910  x:  0.18504   3.15660   0.05764  
  3 72407.9214 1067575.714522  x:  0.18225   3.90915   0.06314  
  4 329.3086 1067112.592245  x:  0.15337   3.63164   0.06701  
  5  0.3184 1067110.795259  x:  0.15346   3.53736   0.06661  
  6  0.0917 1067110.778263  x:  0.15350   3.53697   0.06642  
  7  0.0005 1067110.778240  x:  0.15350   3.53685   0.06642  
  8  0.0001 1067110.778239  x:  0.15350   3.53683   0.06642  

5 (And_mar) ... 4 (And_hat)
  0  0.0000 1042652.989454  x:  0.11362   3.26253   0.11055  
  1 99.0000 1042244.070655  x:  0.10509   3.26299   0.07129  
  2 17705.0569 1042184.956910  x:  0.11145   3.26312   0.06310  
  3 19321.4995 1042175.786698  x:  0.11167   3.49235   0.06469  
  4 83.0737 1042172.759318  x:  0.11276   3.47128   0.06683  
  5  0.0334 1042172.739297  x:  0.11287   3.47064   0.06666  
  6  0.0006 1042172.739291  x:  0.11287   3.47052   0.06666  

6 (And_tri) ... 1 (And_bic)
  0  0.0000 1043724.916483  x:  0.12231   3.06688   0.11772  
  1 99.0000 1043302.072327  x:  0.10330   3.06699   0.09511  
  2 26959.7387 1042943.253250  x:  0.10866   3.06711   0.06081  
  3 31150.7546 1042938.703104  x:  0.10855   2.92825   0.05979  
  4 62.8075 1042914.745663  x:  0.11323   2.89173   0.06257  
  5  0.0435 1042914.001646  x:  0.11360   2.90168   0.06136  
  6  0.0149 1042914.001448  x:  0.11359   2.90134   0.06135  
  7  0.0003 1042914.001447  x:  0.11359   2.90139   0.06135  

6 (And_tri) ... 2 (And_ful)
  0  0.0000 1069442.655516  x:  0.14460   2.88586   0.16464  
  1 99.0000 1066871.102456  x:  0.16818   2.88831   0.06037  
  2 34696.8492 1066791.893209  x:  0.15912   2.88866   0.05377  
  3 16301.4398 1066675.611264  x:  0.15591   3.53569   0.06047  
  4 409.0922 1066675.013321  x:  0.15524   3.51179   0.06107  
  5  0.0529 1066674.937935  x:  0.15538   3.49502   0.06093  
  6  0.0139 1066674.937624  x:  0.15537   3.49483   0.06091  
  7  0.0002 1066674.937624  x:  0.15537   3.49483   0.06091  
  8  0.0000 1066674.937624  x:  0.15537   3.49483   0.06091  
check convergence!


6 (And_tri) ... 3 (And_hae)
  0  0.0000 1066686.125871  x:  0.15762   3.20462   0.16370  
  1 99.0000 1065225.193135  x:  0.12371   3.20557   0.09870  
  2 35247.1528 1064570.210305  x:  0.13231   3.20612   0.05889  
  3 66333.3101 1064535.423224  x:  0.13337   3.60585   0.06190  
  4 183.3816 1064351.571612  x:  0.14834   3.39682   0.06624  
  5  0.2531 1064346.965968  x:  0.14926   3.42610   0.06344  
  6  0.0402 1064346.956217  x:  0.14937   3.42235   0.06342  
  7  0.0035 1064346.956190  x:  0.14937   3.42256   0.06343  
  8  0.0002 1064346.956190  x:  0.14937   3.42256   0.06342  
  9  0.0000 1064346.956190  x:  0.14937   3.42257   0.06342  
 10  0.0000 1064346.956190  x:  0.14937   3.42257   0.06342  
 11  0.0000 1064346.956190  x:  0.14937   3.42257   0.06342  
 12  0.0483 1064346.956190  x:  0.14937   3.42257   0.06342  
 13  0.0075 1064346.956190  x:  0.14937   3.42257   0.06342  
 14  0.0463 1064346.956190  x:  0.14937   3.42257   0.06342  
 15  0.0041 1064346.956190  x:  0.14937   3.42257   0.06342  
 16  0.0377 1064346.956190  x:  0.14937   3.42257   0.06342  
 17  0.0031 1064346.956190  x:  0.14937   3.42257   0.06342  
check convergence!


6 (And_tri) ... 4 (And_hat)
  0  0.0000 1043846.903360  x:  0.09779   3.24397   0.19162  
  1 99.0000 1043301.006843  x:  0.12310   3.24433   0.16698  
  2 33684.8581 1041552.736713  x:  0.12323   3.24575   0.06394  
  3 45960.0808 1041549.899043  x:  0.12309   3.36695   0.06538  
  4 44.5184 1041449.149995  x:  0.11234   3.37450   0.06248  
  5  0.0129 1041446.653679  x:  0.11193   3.33697   0.06474  
  6  0.1092 1041446.647465  x:  0.11197   3.33194   0.06469  
  7  0.0051 1041446.647447  x:  0.11197   3.33186   0.06468  
  8  0.0001 1041446.647447  x:  0.11197   3.33186   0.06468  
  9  0.0000 1041446.647447  x:  0.11197   3.33187   0.06468  

6 (And_tri) ... 5 (And_mar)
  0  0.0000 1040657.620095  x:  0.10765   3.17051   0.07227  
  1 99.0000 1040642.118646  x:  0.11074   3.17040   0.06727  
  2 5225.7976 1040638.509898  x:  0.10948   3.17030   0.06490  
  3 3557.0854 1040621.431833  x:  0.10955   2.89225   0.06352  
  4 116.7419 1040621.403151  x:  0.10941   2.89170   0.06370  
  5  0.0007 1040621.403108  x:  0.10940   2.89185   0.06369  
  6  0.0002 1040621.403108  x:  0.10940   2.89183   0.06369  
  7  0.0000 1040621.403108  x:  0.10940   2.89183   0.06369  

7 (Bom_pas) ... 1 (And_bic)
  0  0.0000 1306216.371831  x:  1.29217   2.63596   0.08891  
  1 99.0000 1300624.219212  x:  1.28760   2.63697   0.04638  
  2 200097.2900 1299690.624762  x:  1.07621   2.73740   0.06252  
  3 7621.1917 1298396.750974  x:  1.21959   4.02237   0.06156  
  4 2770.4253 1298054.014345  x:  1.15568   4.11874   0.05630  
  5  0.1451 1298049.454285  x:  1.17022   4.17582   0.05525  
  6  0.0459 1298048.643872  x:  1.17037   4.20997   0.05556  
  7  0.0248 1298048.639087  x:  1.17021   4.21078   0.05554  
  8  0.0008 1298048.639086  x:  1.17021   4.21078   0.05553  

7 (Bom_pas) ... 2 (And_ful)
  0  0.0000 1308875.286759  x:  1.18080   3.58632   0.11039  
  1 99.0000 1302288.787021  x:  1.17573   3.58696   0.05445  
  2 175124.0273 1301888.829804  x:  1.25349   4.50828   0.05268  
  3 990.9300 1301885.805559  x:  1.24318   4.51531   0.05366  
  4 640.2339 1301885.719646  x:  1.24415   4.50940   0.05371  
  5  0.0078 1301885.707256  x:  1.24345   4.50417   0.05372  
  6  0.0044 1301885.707254  x:  1.24345   4.50415   0.05372  

7 (Bom_pas) ... 3 (And_hae)
  0  0.0000 1307825.278378  x:  1.26068   3.67878   0.11507  
  1 99.0000 1299127.579019  x:  1.25329   3.67949   0.05141  
  2 194558.1633 1298955.998278  x:  1.16933   3.70158   0.05957  
  3 4051.7420 1298742.973799  x:  1.22300   4.36048   0.05825  
  4 726.7787 1298645.634336  x:  1.17183   4.35050   0.05666  
  5  0.0798 1298645.068692  x:  1.17602   4.35633   0.05620  
  6  0.0080 1298645.067533  x:  1.17591   4.35719   0.05620  
  7  0.0008 1298645.067504  x:  1.17594   4.35741   0.05620  
  8  0.0002 1298645.067504  x:  1.17594   4.35741   0.05620  
  9  0.0000 1298645.067504  x:  1.17594   4.35741   0.05620  
check convergence!


7 (Bom_pas) ... 4 (And_hat)
  0  0.0000 1312303.323887  x:  1.10833   3.80342   0.16103  
  1 99.0000 1298424.801226  x:  1.09489   3.80448   0.05818  
  2 175348.6896 1298403.381366  x:  1.11519   3.80894   0.05532  
  3 2096.9319 1298262.997656  x:  1.14395   4.35466   0.05546  
  4 593.0643 1298229.694094  x:  1.17711   4.35878   0.05598  
  5  0.0504 1298229.148952  x:  1.18066   4.36284   0.05553  
  6  0.0050 1298229.145794  x:  1.18103   4.36516   0.05552  
  7  0.0020 1298229.145781  x:  1.18101   4.36525   0.05552  
  8  0.0001 1298229.145781  x:  1.18101   4.36525   0.05552  
  9  0.0000 1298229.145781  x:  1.18101   4.36525   0.05552  
 10  0.0000 1298229.145781  x:  1.18101   4.36525   0.05552  
check convergence!


7 (Bom_pas) ... 5 (And_mar)
  0  0.0000 1308610.209704  x:  1.31918   3.88264   0.12013  
  1 99.0000 1297780.920557  x:  1.31043   3.88330   0.04916  
  2 209504.2150 1297522.079315  x:  1.20269   3.89982   0.05995  
  3 5043.5720 1297463.216992  x:  1.23176   4.25240   0.05902  
  4 349.1187 1297250.341341  x:  1.14135   4.20072   0.05819  
  5  0.1633 1297240.657442  x:  1.15745   4.22145   0.05627  
  6  0.0308 1297240.589921  x:  1.15606   4.21439   0.05622  
  7  0.0074 1297240.589192  x:  1.15604   4.21332   0.05623  
  8  0.0010 1297240.589191  x:  1.15605   4.21332   0.05623  

7 (Bom_pas) ... 6 (And_tri)
  0  0.0000 1298215.218148  x:  1.02705   3.53207   0.05348  
  1 99.0000 1298044.291821  x:  1.02799   3.53212   0.06048  
  2 51157.0995 1297839.646933  x:  1.12321   3.54357   0.05625  
  3 4576.8534 1297609.898465  x:  1.15606   4.20036   0.05656  
  4 787.8607 1297607.625025  x:  1.16336   4.20305   0.05564  
  5  0.0071 1297607.561565  x:  1.16501   4.20645   0.05565  
  6  0.0030 1297607.561516  x:  1.16503   4.20672   0.05565  
  7  0.0002 1297607.561515  x:  1.16503   4.20674   0.05565  