Supplemental results for CODEML (seqf: /home/yzliu/eDNA/faststorage/yzliu/DK_proj/data/ref_genome/ref_annotation/primary_transcripts/extracted_cds_new/new_transcript_id_7_and_pas/bootstraps/cat.out.OG_cds_7_species_same_header_fas.shuf_537OG_799.phy  treef: xxx.trees)


pairwise comparison (Goldman & Yang 1994)
seq seq        N       S       dN       dS     dN/dS   Paras.
  2   1 473177.9 181668.1   0.0106   0.1668   0.0636   0.1618   3.5960   0.0636 -1011666.639
  3   1 472473.9 182372.1   0.0105   0.1605   0.0656   0.1569   3.5440   0.0656 -1009879.496
  3   2 471871.0 182975.0   0.0104   0.1517   0.0683   0.1495   3.8863   0.0683 -1005025.452
  4   1 472512.2 182333.8   0.0083   0.1217   0.0679   0.1196   3.5321   0.0679 -988860.938
  4   2 471843.4 183002.6   0.0106   0.1568   0.0676   0.1544   3.8831   0.0676 -1007591.502
  4   3 470584.0 184262.0   0.0105   0.1523   0.0689   0.1512   3.8960   0.0689 -1006471.889
  5   1 475143.1 179702.9   0.0059   0.0929   0.0639   0.0894   3.1162   0.0639 -969546.798
  5   2 472877.4 181968.6   0.0106   0.1653   0.0642   0.1607   3.6024   0.0642 -1011267.171
  5   3 472238.0 182608.0   0.0105   0.1570   0.0671   0.1541   3.5448   0.0671 -1008806.603
  5   4 472773.4 182072.6   0.0081   0.1166   0.0696   0.1149   3.4664   0.0696 -986381.906
  6   1 476520.7 178325.3   0.0074   0.1209   0.0615   0.1150   2.9835   0.0615 -986201.174
  6   2 473969.6 180876.4   0.0100   0.1614   0.0617   0.1554   3.4861   0.0617 -1007964.410
  6   3 473085.5 181760.5   0.0099   0.1555   0.0636   0.1509   3.4603   0.0636 -1006382.693
  6   4 473443.2 181402.8   0.0078   0.1177   0.0663   0.1148   3.4072   0.0663 -985819.694
  6   5 476417.6 178428.4   0.0074   0.1165   0.0636   0.1114   2.9716   0.0636 -984384.866
  7   1 467556.6 187289.4   0.0676   1.1701   0.0577   1.1487   4.0386   0.0577 -1230593.962
  7   2 464982.6 189863.4   0.0684   1.2313   0.0556   1.2167   4.2832   0.0556 -1233695.128
  7   3 466502.8 188343.2   0.0680   1.1719   0.0580   1.1565   4.1411   0.0580 -1231262.043
  7   4 466266.1 188579.9   0.0679   1.1838   0.0573   1.1677   4.1773   0.0573 -1231303.072
  7   5 467672.3 187173.7   0.0676   1.1584   0.0584   1.1382   4.0394   0.0584 -1230100.307
  7   6 467555.7 187290.3   0.0673   1.1679   0.0576   1.1462   4.0337   0.0576 -1230137.715

