

2 (And_ful) ... 1 (And_bic)
  0  0.0000 1067275.122186  x:  0.14794   1.43939   0.43724  
  1 99.0000 1056131.733892  x:  0.27958   1.51705   0.05061  
  2 37273.7864 1055831.963587  x:  0.27720   1.52003   0.03523  
  3 160124.9873 1049223.778812  x:  0.17618   3.99329   0.06609  
  4 6249.4445 1049158.327542  x:  0.16582   3.96438   0.06282  
  5  0.0390 1049135.954487  x:  0.16779   3.84103   0.05626  
  6  0.0734 1049135.193916  x:  0.16805   3.82571   0.05727  
  7  0.0087 1049134.607120  x:  0.16783   3.77143   0.05691  
  8  0.0243 1049134.606638  x:  0.16781   3.77085   0.05692  
  9  0.0006 1049134.606638  x:  0.16781   3.77084   0.05692  

3 (And_hae) ... 1 (And_bic)
  0  0.0000 1047582.105394  x:  0.15914   3.28644   0.13166  
  1 99.0000 1046109.184534  x:  0.14807   3.28734   0.06101  
  2 31592.0169 1046039.624492  x:  0.15736   3.28750   0.05506  
  3 15165.3183 1046017.202520  x:  0.15811   3.60201   0.05747  
  4 149.9616 1046014.011390  x:  0.15926   3.56947   0.05930  
  5  0.0695 1046013.993627  x:  0.15938   3.56785   0.05915  
  6  0.0015 1046013.993619  x:  0.15938   3.56765   0.05915  
  7  0.0002 1046013.993619  x:  0.15938   3.56765   0.05915  

3 (And_hae) ... 2 (And_ful)
  0  0.0000 1046570.830298  x:  0.16456   3.07083   0.18573  
  1 99.0000 1044561.814468  x:  0.12274   3.07298   0.10559  
  2 38744.2546 1043569.168017  x:  0.13024   3.07432   0.05541  
  3 90451.1868 1043256.426511  x:  0.13424   4.36091   0.06593  
  4 586.0594 1042945.368834  x:  0.15579   4.11357   0.06218  
  5  0.2540 1042944.868930  x:  0.15566   4.07112   0.06141  
  6  0.0364 1042944.815867  x:  0.15561   4.05773   0.06160  
  7  0.0173 1042944.815626  x:  0.15559   4.05788   0.06160  

4 (And_hat) ... 1 (And_bic)
  0  0.0000 1025200.231315  x:  0.11144   3.54610   0.11769  
  1 99.0000 1024685.583846  x:  0.13494   3.54637   0.08401  
  2 25618.9907 1024407.122206  x:  0.12973   3.54657   0.05712  
  3 34605.5976 1024404.220963  x:  0.12954   3.68639   0.05790  
  4 39.8704 1024355.118157  x:  0.12195   3.61446   0.06121  
  5  0.0892 1024354.843076  x:  0.12166   3.61639   0.06053  
  6  0.0028 1024354.842466  x:  0.12165   3.61452   0.06053  
  7  0.0019 1024354.842465  x:  0.12165   3.61451   0.06053  

4 (And_hat) ... 2 (And_ful)
  0  0.0000 1046709.608945  x:  0.14754   3.40323   0.16870  
  1 99.0000 1043879.087733  x:  0.17073   3.40530   0.05758  
  2 34906.9729 1043809.819980  x:  0.16202   3.40557   0.05191  
  3 14615.0467 1043705.941291  x:  0.15901   4.15093   0.05829  
  4 318.0167 1043705.784656  x:  0.15861   4.12916   0.05835  
  5  0.0325 1043705.730466  x:  0.15867   4.11992   0.05806  
  6  0.0128 1043705.729253  x:  0.15870   4.11813   0.05807  
  7  0.0017 1043705.729252  x:  0.15870   4.11815   0.05807  

4 (And_hat) ... 3 (And_hae)
  0  0.0000 1042741.184570  x:  0.14366   3.62190   0.14448  
  1 99.0000 1041064.926044  x:  0.15552   3.62291   0.06189  
  2 29373.2653 1041050.450599  x:  0.15098   3.62301   0.06026  
  3 6142.9288 1041033.117193  x:  0.15053   3.93812   0.06279  
  4 116.1401 1041032.565837  x:  0.15088   3.95140   0.06185  
  5  0.0327 1041032.564546  x:  0.15084   3.95177   0.06183  
  6  0.0004 1041032.564546  x:  0.15084   3.95182   0.06183  
  7  0.0000 1041032.564546  x:  0.15084   3.95181   0.06183  

5 (And_mar) ... 1 (And_bic)
  0  0.0000 1006338.786523  x:  0.09449   3.51526   0.16005  
  1 99.0000 1005880.808127  x:  0.07727   3.51543   0.12597  
  2 22321.5796 1004983.914779  x:  0.08089   3.51576   0.05692  
  3 78361.6507 1004975.134585  x:  0.08074   3.28868   0.05512  
  4 63.3213 1004833.750851  x:  0.09103   3.10474   0.05908  
  5  0.2150 1004829.185110  x:  0.09163   3.16487   0.05607  
  6  0.1399 1004829.172534  x:  0.09170   3.16995   0.05616  
  7  0.0053 1004829.172163  x:  0.09172   3.16898   0.05615  
  8  0.0010 1004829.172162  x:  0.09172   3.16895   0.05615  
  9  0.0000 1004829.172162  x:  0.09172   3.16897   0.05615  

5 (And_mar) ... 2 (And_ful)
  0  0.0000 1050466.659261  x:  0.14670   3.06059   0.11715  
  1 99.0000 1049175.743317  x:  0.18145   3.06161   0.06333  
  2 37170.3474 1049051.855652  x:  0.17449   3.06196   0.05139  
  3 21210.3422 1048937.260479  x:  0.17267   3.76878   0.05544  
  4 364.4527 1048913.921110  x:  0.16641   3.71643   0.05764  
  5  0.0707 1048913.843335  x:  0.16639   3.69635   0.05757  
  6  0.0155 1048913.843143  x:  0.16640   3.69614   0.05756  
  7  0.0002 1048913.843143  x:  0.16640   3.69614   0.05755  

5 (And_mar) ... 3 (And_hae)
  0  0.0000 1046751.043406  x:  0.14222   3.34506   0.14110  
  1 99.0000 1045233.836329  x:  0.17494   3.34591   0.06821  
  2 32795.2634 1045072.950647  x:  0.16620   3.34609   0.05423  
  3 26444.1041 1045053.667355  x:  0.16525   3.65560   0.05613  
  4 130.3345 1044995.428344  x:  0.15636   3.53381   0.06092  
  5  0.2054 1044995.418770  x:  0.15635   3.52699   0.06090  
  6  0.0068 1044995.418740  x:  0.15635   3.52695   0.06089  

5 (And_mar) ... 4 (And_hat)
  0  0.0000 1024339.582191  x:  0.09724   3.16311   0.18803  
  1 99.0000 1023709.094656  x:  0.12439   3.16347   0.16812  
  2 41090.8320 1021799.460375  x:  0.12498   3.16526   0.06090  
  3 37954.6835 1021785.974110  x:  0.12474   3.45444   0.06444  
  4 109.9499 1021732.640933  x:  0.11767   3.49644   0.05920  
  5  0.0425 1021724.852610  x:  0.11603   3.43506   0.06264  
  6  0.1542 1021724.842932  x:  0.11610   3.42946   0.06263  
  7  0.0055 1021724.842864  x:  0.11610   3.42908   0.06262  
  8  0.0004 1021724.842864  x:  0.11610   3.42910   0.06262  
  9  0.0000 1021724.842864  x:  0.11610   3.42910   0.06262  
 10  0.0000 1021724.842864  x:  0.11610   3.42910   0.06262  
 11  0.0000 1021724.842864  x:  0.11610   3.42910   0.06262  
check convergence!


6 (And_tri) ... 1 (And_bic)
  0  0.0000 1024553.164501  x:  0.12210   3.13804   0.15222  
  1 99.0000 1023519.696329  x:  0.09709   3.13860   0.09176  
  2 28007.5373 1022953.792882  x:  0.10386   3.13893   0.05248  
  3 83204.4317 1022951.109439  x:  0.10416   3.26095   0.05341  
  4 30.8963 1022758.782924  x:  0.11707   2.97262   0.05925  
  5  0.5410 1022750.568847  x:  0.11837   3.04438   0.05592  
  6  0.1034 1022750.545810  x:  0.11849   3.03723   0.05585  
  7  0.0072 1022750.545451  x:  0.11850   3.03772   0.05587  
  8  0.0005 1022750.545451  x:  0.11850   3.03775   0.05587  

6 (And_tri) ... 2 (And_ful)
  0  0.0000 1045256.614062  x:  0.13870   2.95568   0.07324  
  1 99.0000 1044827.679913  x:  0.16254   2.95612   0.05764  
  2 31066.5211 1044806.885936  x:  0.16064   2.95644   0.05243  
  3 7514.7007 1044687.993472  x:  0.16026   3.66617   0.05570  
  4 380.9667 1044687.556365  x:  0.15956   3.66388   0.05523  
  5  0.0024 1044687.556003  x:  0.15954   3.66344   0.05524  
  6  0.0004 1044687.555998  x:  0.15954   3.66327   0.05524  

6 (And_tri) ... 3 (And_hae)
  0  0.0000 1043017.253057  x:  0.15425   3.39399   0.11084  
  1 99.0000 1042216.049479  x:  0.14181   3.39437   0.06302  
  2 27049.6363 1042155.400504  x:  0.14968   3.39443   0.05636  
  3 14387.6984 1042153.831550  x:  0.14983   3.48113   0.05690  
  4 36.3758 1042148.293294  x:  0.15148   3.45069   0.05927  
  5  0.0556 1042148.261378  x:  0.15167   3.45212   0.05913  
  6  0.0014 1042148.261361  x:  0.15167   3.45191   0.05912  
  7  0.0002 1042148.261361  x:  0.15167   3.45191   0.05912  

6 (And_tri) ... 4 (And_hat)
  0  0.0000 1021803.634027  x:  0.09672   3.24208   0.12914  
  1 99.0000 1021256.641986  x:  0.12157   3.24228   0.11324  
  2 40345.4414 1020518.191725  x:  0.12048   3.24292   0.05834  
  3 28960.1864 1020510.255118  x:  0.12034   3.45812   0.06003  
  4 77.7244 1020488.090274  x:  0.11522   3.45126   0.05904  
  5  0.0074 1020487.862480  x:  0.11511   3.44408   0.05975  
  6  0.0144 1020487.862171  x:  0.11510   3.44309   0.05973  
  7  0.0009 1020487.862170  x:  0.11511   3.44304   0.05973  
  8  0.0000 1020487.862170  x:  0.11511   3.44304   0.05973  

6 (And_tri) ... 5 (And_mar)
  0  0.0000 1020741.605213  x:  0.10101   3.15430   0.07694  
  1 99.0000 1020565.679708  x:  0.11477   3.15426   0.07131  
  2 24768.6948 1020519.209989  x:  0.11392   3.15413   0.05997  
  3 8433.9117 1020500.296436  x:  0.11399   2.86485   0.05850  
  4 123.7109 1020500.005882  x:  0.11344   2.86351   0.05883  
  5  0.0014 1020500.003100  x:  0.11342   2.86401   0.05876  
  6  0.0006 1020500.003099  x:  0.11342   2.86399   0.05876  

7 (Bom_pas) ... 1 (And_bic)
  0  0.0000 1279687.630832  x:  1.05466   2.62010   0.14983  
  1 99.0000 1265298.807180  x:  1.04262   2.62272   0.05161  
  2 188250.9504 1265160.845817  x:  1.09087   2.68507   0.04592  
  3 3383.8349 1263594.514261  x:  1.14539   4.02289   0.05525  
  4 8085.5938 1263515.582902  x:  1.15748   4.14858   0.05075  
  5  0.0963 1263502.662780  x:  1.18812   4.21561   0.04992  
  6  0.0670 1263501.395604  x:  1.18727   4.26039   0.05026  
  7  0.0286 1263501.371357  x:  1.18761   4.26361   0.05018  
  8  0.0035 1263501.371315  x:  1.18767   4.26372   0.05018  
  9  0.0001 1263501.371315  x:  1.18767   4.26372   0.05018  

7 (Bom_pas) ... 2 (And_ful)
  0  0.0000 1279426.487531  x:  1.28079   3.51638   0.11775  
  1 99.0000 1268002.110560  x:  1.27314   3.51727   0.04598  
  2 216409.2532 1267931.175425  x:  1.22516   3.54351   0.05073  
  3 2670.6358 1267443.736246  x:  1.31589   4.59429   0.04884  
  4 1275.6860 1267395.850283  x:  1.27278   4.58111   0.04806  
  5  0.0611 1267395.803483  x:  1.27112   4.58083   0.04817  
  6  0.0018 1267395.803439  x:  1.27115   4.58090   0.04817  
  7  0.0001 1267395.803439  x:  1.27115   4.58093   0.04817  
  8  0.0000 1267395.803439  x:  1.27115   4.58093   0.04817  

7 (Bom_pas) ... 3 (And_hae)
  0  0.0000 1265395.870480  x:  1.34566   4.03286   0.05608  
  1 99.0000 1264787.715925  x:  1.34469   4.03296   0.04506  
  2 96387.1676 1264361.582833  x:  1.17056   4.06054   0.05252  
  3 4411.4292 1264322.012837  x:  1.20032   4.37066   0.05200  
  4 270.5962 1264310.741573  x:  1.19100   4.37885   0.05086  
  5  0.0131 1264310.608569  x:  1.19352   4.37738   0.05069  
  6  0.0035 1264310.608548  x:  1.19353   4.37736   0.05069  

7 (Bom_pas) ... 4 (And_hat)
  0  0.0000 1270837.650565  x:  1.04112   3.74763   0.11760  
  1 99.0000 1263988.328749  x:  1.03688   3.74812   0.05535  
  2 161246.9428 1263805.792681  x:  1.10418   3.75283   0.04858  
  3 5298.5412 1263614.524575  x:  1.13745   4.41326   0.04890  
  4 640.3394 1263503.804148  x:  1.18325   4.40671   0.05128  
  5  0.0820 1263496.573338  x:  1.20072   4.41435   0.04981  
  6  0.0146 1263496.507659  x:  1.20212   4.42567   0.04983  
  7  0.0091 1263496.507329  x:  1.20212   4.42611   0.04983  
  8  0.0004 1263496.507329  x:  1.20211   4.42611   0.04983  

7 (Bom_pas) ... 5 (And_mar)
  0  0.0000 1267820.324300  x:  1.00812   3.67927   0.10440  
  1 99.0000 1263449.530725  x:  1.00593   3.67959   0.05679  
  2 142688.1383 1263175.456047  x:  1.09438   3.68304   0.04888  
  3 6193.8387 1263039.722559  x:  1.12091   4.21904   0.04917  
  4 546.9667 1262944.638891  x:  1.15489   4.21371   0.05201  
  5  0.0640 1262938.358303  x:  1.17211   4.21973   0.05072  
  6  0.0134 1262938.326123  x:  1.17281   4.22831   0.05073  
  7  0.0070 1262938.326103  x:  1.17283   4.22834   0.05073  
  8  0.0000 1262938.326103  x:  1.17283   4.22834   0.05073  

7 (Bom_pas) ... 6 (And_tri)
  0  0.0000 1263524.051682  x:  1.07157   3.61519   0.06478  
  1 99.0000 1263098.206007  x:  1.07145   3.61531   0.05326  
  2 68140.5589 1262998.870560  x:  1.14202   3.62819   0.04955  
  3 2914.9726 1262798.992332  x:  1.17626   4.27782   0.04976  
  4 709.2934 1262796.369983  x:  1.18201   4.27747   0.05023  
  5  0.0072 1262796.175629  x:  1.18509   4.27738   0.05001  
  6  0.0027 1262796.175269  x:  1.18516   4.27833   0.05001  
  7  0.0007 1262796.175269  x:  1.18516   4.27833   0.05001  