Supplemental results for CODEML (seqf: /home/yzliu/eDNA/faststorage/yzliu/DK_proj/data/ref_genome/ref_annotation/primary_transcripts/extracted_cds_new/new_transcript_id_7_and_pas/bootstraps/cat.out.OG_cds_7_species_same_header_fas.shuf_537OG_997.phy  treef: xxx.trees)


pairwise comparison (Goldman & Yang 1994)
seq seq        N       S       dN       dS     dN/dS   Paras.
  2   1 464275.4 182290.6   0.0103   0.1722   0.0601   0.1680   3.6621   0.0601 -1001446.279
  3   1 463846.4 182719.6   0.0098   0.1611   0.0611   0.1578   3.5863   0.0611 -996768.248
  3   2 463201.5 183364.5   0.0103   0.1542   0.0670   0.1534   3.8786   0.0670 -994699.849
  4   1 464311.3 182254.7   0.0075   0.1219   0.0619   0.1193   3.5339   0.0619 -975442.694
  4   2 462969.8 183596.2   0.0102   0.1617   0.0631   0.1597   3.9359   0.0631 -997119.791
  4   3 461520.4 185045.6   0.0098   0.1508   0.0647   0.1504   3.9951   0.0647 -992657.122
  5   1 466383.4 180182.6   0.0058   0.0933   0.0623   0.0906   3.2033   0.0623 -957829.429
  5   2 463617.7 182948.3   0.0106   0.1679   0.0630   0.1652   3.7289   0.0630 -1000639.037
  5   3 463293.3 183272.7   0.0101   0.1546   0.0652   0.1531   3.6422   0.0652 -995121.723
  5   4 463766.8 182799.2   0.0077   0.1140   0.0672   0.1132   3.5867   0.0672 -972598.767
  6   1 467932.2 178633.8   0.0071   0.1201   0.0595   0.1151   3.0360   0.0595 -973555.528
  6   2 464967.7 181598.3   0.0097   0.1637   0.0595   0.1589   3.5589   0.0595 -996969.873
  6   3 464377.4 182188.6   0.0095   0.1519   0.0625   0.1488   3.5095   0.0625 -992612.727
  6   4 464735.1 181830.9   0.0073   0.1148   0.0638   0.1127   3.4727   0.0638 -971921.864
  6   5 467594.1 178971.9   0.0074   0.1134   0.0649   0.1101   3.0583   0.0649 -971352.271
  7   1 463273.0 183293.0   0.0681   1.2028   0.0566   1.1692   4.1766   0.0566 -1212764.167
  7   2 459901.1 186664.9   0.0692   1.2784   0.0541   1.2548   4.4694   0.0541 -1217055.561
  7   3 462039.6 184526.4   0.0687   1.2012   0.0572   1.1757   4.3187   0.0572 -1213370.305
  7   4 461662.7 184903.3   0.0682   1.2136   0.0562   1.1872   4.3473   0.0562 -1213171.068
  7   5 463566.5 182999.5   0.0681   1.1888   0.0573   1.1559   4.1776   0.0573 -1212152.527
  7   6 463317.2 183248.8   0.0679   1.2011   0.0565   1.1672   4.1779   0.0565 -1212529.209

