Supplemental results for CODEML (seqf: /home/yzliu/eDNA/faststorage/yzliu/DK_proj/data/ref_genome/ref_annotation/primary_transcripts/extracted_cds_new/new_transcript_id_7_and_pas/bootstraps/cat.out.OG_cds_7_species_same_header_fas.shuf_537OG_49.phy  treef: xxx.trees)


pairwise comparison (Goldman & Yang 1994)
seq seq        N       S       dN       dS     dN/dS   Paras.
  2   1 474937.5 185254.5   0.0106   0.1748   0.0605   0.1699   3.6479   0.0605 -1022419.681
  3   1 474196.3 185995.7   0.0102   0.1653   0.0618   0.1617   3.5951   0.0618 -1018722.980
  3   2 473152.0 187040.0   0.0102   0.1572   0.0647   0.1554   3.9608   0.0647 -1014772.458
  4   1 475244.1 184947.9   0.0080   0.1249   0.0644   0.1224   3.4685   0.0644 -997301.871
  4   2 473270.7 186921.3   0.0102   0.1639   0.0625   0.1613   3.9633   0.0625 -1017433.819
  4   3 471571.8 188620.2   0.0098   0.1562   0.0628   0.1549   4.0348   0.0628 -1014298.753
  5   1 477937.9 182254.1   0.0060   0.0948   0.0637   0.0916   3.0829   0.0637 -978131.241
  5   2 475030.7 185161.3   0.0106   0.1710   0.0618   0.1667   3.6026   0.0618 -1021366.768
  5   3 474096.7 186095.3   0.0101   0.1603   0.0631   0.1574   3.5816   0.0631 -1016945.915
  5   4 475063.0 185129.0   0.0078   0.1189   0.0655   0.1168   3.4656   0.0655 -994161.072
  6   1 478939.1 181252.9   0.0074   0.1211   0.0611   0.1159   2.9781   0.0611 -993896.935
  6   2 475643.6 184548.4   0.0097   0.1644   0.0592   0.1589   3.5273   0.0592 -1016754.873
  6   3 474632.8 185559.2   0.0094   0.1556   0.0607   0.1516   3.5160   0.0607 -1013422.475
  6   4 475634.8 184557.2   0.0074   0.1171   0.0631   0.1141   3.3984   0.0631 -992177.719
  6   5 479693.9 180498.1   0.0073   0.1153   0.0631   0.1104   2.8803   0.0631 -991076.719
  7   1 472668.5 187523.5   0.0675   1.2347   0.0547   1.1972   4.0963   0.0547 -1238529.883
  7   2 469365.1 190826.9   0.0685   1.3019   0.0526   1.2750   4.3827   0.0526 -1242040.998
  7   3 471427.3 188764.7   0.0677   1.2284   0.0551   1.1987   4.2376   0.0551 -1238299.504
  7   4 471235.6 188956.4   0.0673   1.2416   0.0542   1.2102   4.2331   0.0542 -1238381.199
  7   5 472986.0 187206.0   0.0673   1.2192   0.0552   1.1818   4.0756   0.0552 -1237622.353
  7   6 472806.3 187385.7   0.0670   1.2266   0.0546   1.1884   4.0931   0.0546 -1237346.482

