Supplemental results for CODEML (seqf: /home/yzliu/eDNA/faststorage/yzliu/DK_proj/data/ref_genome/ref_annotation/primary_transcripts/extracted_cds_new/new_transcript_id_7_and_pas/bootstraps/cat.out.OG_cds_7_species_same_header_fas.shuf_537OG_519.phy  treef: xxx.trees)


pairwise comparison (Goldman & Yang 1994)
seq seq        N       S       dN       dS     dN/dS   Paras.
  2   1 490050.0 189501.0   0.0100   0.1690   0.0591   0.1630   3.5286   0.0591 -1049515.658
  3   1 489474.3 190076.7   0.0097   0.1611   0.0601   0.1561   3.4557   0.0601 -1046442.374
  3   2 487336.7 192214.3   0.0094   0.1450   0.0650   0.1433   3.9409   0.0650 -1038687.676
  4   1 489874.5 189676.5   0.0077   0.1249   0.0616   0.1212   3.4518   0.0616 -1026152.129
  4   2 488324.8 191226.2   0.0098   0.1579   0.0619   0.1544   3.8611   0.0619 -1044487.667
  4   3 486242.8 193308.2   0.0095   0.1513   0.0628   0.1496   3.9857   0.0628 -1042056.150
  5   1 492218.5 187332.5   0.0054   0.0941   0.0579   0.0896   3.0820   0.0579 -1005276.292
  5   2 489587.9 189963.1   0.0101   0.1639   0.0614   0.1592   3.5469   0.0614 -1048112.167
  5   3 489103.2 190447.8   0.0097   0.1555   0.0623   0.1516   3.4673   0.0623 -1044595.793
  5   4 490033.4 189517.6   0.0078   0.1187   0.0654   0.1161   3.3942   0.0654 -1023840.700
  6   1 494717.8 184833.2   0.0072   0.1242   0.0580   0.1170   2.8374   0.0580 -1024262.066
  6   2 490596.8 188954.2   0.0093   0.1604   0.0582   0.1540   3.4439   0.0582 -1044649.212
  6   3 489513.2 190037.8   0.0092   0.1536   0.0597   0.1487   3.4384   0.0597 -1042405.807
  6   4 490366.3 189184.7   0.0074   0.1202   0.0615   0.1164   3.3773   0.0615 -1023330.936
  6   5 494297.3 185253.7   0.0073   0.1174   0.0624   0.1120   2.8528   0.0624 -1021915.508
  7   1 484649.5 194901.5   0.0642   1.2131   0.0529   1.1812   4.2953   0.0529 -1270414.417
  7   2 481715.4 197835.6   0.0650   1.2617   0.0515   1.2401   4.5810   0.0515 -1272938.763
  7   3 483590.0 195961.0   0.0645   1.1994   0.0538   1.1753   4.4367   0.0538 -1269764.695
  7   4 482858.6 196692.4   0.0643   1.2268   0.0524   1.2023   4.4902   0.0524 -1270690.810
  7   5 484984.0 194567.0   0.0642   1.1964   0.0536   1.1651   4.2840   0.0536 -1269570.175
  7   6 484735.4 194815.6   0.0639   1.2074   0.0529   1.1752   4.2811   0.0529 -1269780.513

