Supplemental results for CODEML (seqf: /home/yzliu/eDNA/faststorage/yzliu/DK_proj/data/ref_genome/ref_annotation/primary_transcripts/extracted_cds_new/new_transcript_id_7_and_pas/bootstraps/cat.out.OG_cds_7_species_same_header_fas.shuf_537OG_760.phy  treef: xxx.trees)


pairwise comparison (Goldman & Yang 1994)
seq seq        N       S       dN       dS     dN/dS   Paras.
  2   1 466809.2 181520.8   0.0102   0.1666   0.0613   0.1620   3.6130   0.0613 -1000424.692
  3   1 465876.8 182453.2   0.0103   0.1611   0.0641   0.1583   3.5968   0.0641 -999442.052
  3   2 465157.3 183172.7   0.0101   0.1508   0.0673   0.1497   3.9098   0.0673 -994321.955
  4   1 465798.9 182531.1   0.0080   0.1224   0.0650   0.1205   3.6253   0.0650 -978235.707
  4   2 465350.8 182979.2   0.0099   0.1566   0.0635   0.1540   3.9061   0.0635 -995839.290
  4   3 463727.3 184602.7   0.0100   0.1521   0.0660   0.1514   3.9803   0.0660 -995290.323
  5   1 468469.8 179860.2   0.0056   0.0943   0.0591   0.0906   3.2095   0.0591 -959214.134
  5   2 466721.7 181608.3   0.0103   0.1638   0.0631   0.1600   3.6017   0.0631 -999994.969
  5   3 465702.2 182627.8   0.0104   0.1566   0.0661   0.1547   3.6000   0.0661 -998125.214
  5   4 466213.8 182116.2   0.0079   0.1166   0.0674   0.1152   3.5468   0.0674 -975701.725
  6   1 470060.7 178269.3   0.0072   0.1218   0.0588   0.1160   3.0314   0.0588 -975803.240
  6   2 467501.6 180828.4   0.0095   0.1600   0.0591   0.1543   3.5026   0.0591 -996302.732
  6   3 466839.3 181490.7   0.0097   0.1548   0.0627   0.1510   3.4532   0.0627 -995732.419
  6   4 467223.8 181106.2   0.0074   0.1171   0.0635   0.1142   3.4192   0.0635 -974696.901
  6   5 470604.6 177725.4   0.0072   0.1175   0.0617   0.1124   2.9556   0.0617 -974397.497
  7   1 463384.0 184946.0   0.0648   1.1919   0.0543   1.1588   4.0474   0.0543 -1212939.700
  7   2 460581.4 187748.6   0.0654   1.2527   0.0522   1.2277   4.2983   0.0522 -1215914.983
  7   3 462253.1 186076.9   0.0648   1.1907   0.0544   1.1639   4.1740   0.0544 -1212749.318
  7   4 461722.2 186607.8   0.0646   1.2119   0.0533   1.1845   4.2301   0.0533 -1213021.763
  7   5 463400.1 184929.9   0.0647   1.1832   0.0546   1.1512   4.0551   0.0546 -1212466.189
  7   6 463459.2 184870.8   0.0644   1.1935   0.0539   1.1590   4.0372   0.0539 -1212463.246

