

2 (And_ful) ... 1 (And_bic)
  0  0.0000 1017143.337085  x:  0.15247   1.33685   0.43973  
  1 99.0000 1003148.474849  x:  0.13855   1.42433   0.05063  
  2 32649.7273 1002971.861577  x:  0.14863   1.42782   0.04061  
  3 44058.2942 1001680.048910  x:  0.17893   1.97397   0.06794  
  4 5825.8906 1000679.418821  x:  0.15086   2.76139   0.05671  
  5  1.3984 1000475.343993  x:  0.16665   3.19892   0.06119  
  6  0.2114 1000426.605691  x:  0.16118   3.54979   0.05996  
  7  0.1740 1000424.739581  x:  0.16229   3.60798   0.06118  
  8  0.0415 1000424.693780  x:  0.16203   3.61418   0.06129  
  9  0.0049 1000424.692486  x:  0.16203   3.61315   0.06133  
 10  0.0007 1000424.692478  x:  0.16203   3.61298   0.06133  
 11  0.0002 1000424.692478  x:  0.16203   3.61299   0.06133  
 12  0.0000 1000424.692478  x:  0.16203   3.61299   0.06133  
 13  0.0000 1000424.692478  x:  0.16203   3.61299   0.06133  
 14  0.0000 1000424.692478  x:  0.16203   3.61299   0.06133  
check convergence!


3 (And_hae) ... 1 (And_bic)
  0  0.0000 1002193.064792  x:  0.16924   3.08833   0.17347  
  1 99.0000 1000536.481817  x:  0.12943   3.08974   0.10421  
  2 36615.2504 999759.055379  x:  0.13793   3.09064   0.05900  
  3 65868.0517 999651.453207  x:  0.14003   3.80412   0.06481  
  4 337.3546 999444.128778  x:  0.15792   3.59567   0.06619  
  5  0.2313 999442.063536  x:  0.15824   3.60432   0.06414  
  6  0.0131 999442.052152  x:  0.15828   3.59696   0.06409  
  7  0.0065 999442.052123  x:  0.15828   3.59681   0.06409  
  8  0.0001 999442.052123  x:  0.15828   3.59681   0.06409  

3 (And_hae) ... 2 (And_ful)
  0  0.0000 996088.111944  x:  0.15937   3.28666   0.15005  
  1 99.0000 994972.988218  x:  0.12810   3.28767   0.09607  
  2 32064.7868 994500.677431  x:  0.13693   3.28835   0.06151  
  3 46777.3291 994402.867315  x:  0.13858   4.03919   0.06682  
  4 292.4527 994323.268309  x:  0.14933   3.91823   0.06905  
  5  0.1400 994321.963615  x:  0.14969   3.91725   0.06730  
  6  0.0026 994321.955373  x:  0.14970   3.90986   0.06727  
  7  0.0060 994321.955340  x:  0.14970   3.90977   0.06727  

4 (And_hat) ... 1 (And_bic)
  0  0.0000 980776.984760  x:  0.09861   3.41528   0.18922  
  1 99.0000 980103.840891  x:  0.12740   3.41555   0.17105  
  2 43562.9980 978283.267675  x:  0.12803   3.41707   0.06367  
  3 33068.0352 978275.973981  x:  0.12789   3.62788   0.06601  
  4 72.3641 978239.794352  x:  0.12159   3.67444   0.06231  
  5  0.0436 978235.713750  x:  0.12046   3.62829   0.06510  
  6  0.1180 978235.706962  x:  0.12054   3.62560   0.06502  
  7  0.0026 978235.706925  x:  0.12054   3.62535   0.06502  
  8  0.0002 978235.706924  x:  0.12054   3.62533   0.06502  

4 (And_hat) ... 2 (And_ful)
  0  0.0000 997047.483609  x:  0.15340   3.39031   0.12765  
  1 99.0000 995937.544050  x:  0.14465   3.39128   0.06412  
  2 27132.8820 995889.681098  x:  0.15274   3.39149   0.05940  
  3 12108.7166 995839.423330  x:  0.15363   3.91607   0.06327  
  4 208.2774 995839.296911  x:  0.15390   3.90883   0.06363  
  5  0.0136 995839.290010  x:  0.15398   3.90645   0.06354  
  6  0.0023 995839.289987  x:  0.15397   3.90610   0.06354  
  7  0.0003 995839.289987  x:  0.15397   3.90610   0.06354  

4 (And_hat) ... 3 (And_hae)
  0  0.0000 998151.592611  x:  0.14396   3.47767   0.19216  
  1 99.0000 995343.634604  x:  0.15589   3.47995   0.06470  
  2 29374.4092 995331.738493  x:  0.15157   3.48012   0.06350  
  3 5383.4618 995294.140455  x:  0.15071   3.91584   0.06849  
  4 183.6319 995290.345098  x:  0.15154   3.96950   0.06594  
  5  0.1580 995290.323485  x:  0.15143   3.97977   0.06601  
  6  0.0087 995290.323312  x:  0.15145   3.98030   0.06601  
  7  0.0005 995290.323312  x:  0.15145   3.98031   0.06601  
  8  0.0000 995290.323312  x:  0.15145   3.98031   0.06601  
  9  0.0000 995290.323312  x:  0.15145   3.98031   0.06601  
 10  0.0000 995290.323312  x:  0.15145   3.98031   0.06601  
check convergence!


5 (And_mar) ... 1 (And_bic)
  0  0.0000 959782.661046  x:  0.08851   3.45865   0.11666  
  1 99.0000 959249.294304  x:  0.09553   3.45882   0.06184  
  2 15571.9425 959224.140807  x:  0.09110   3.45880   0.05809  
  3 12048.4942 959217.018266  x:  0.09132   3.23470   0.05654  
  4 60.1761 959214.138330  x:  0.09056   3.20506   0.05914  
  5  0.0633 959214.133882  x:  0.09056   3.20975   0.05910  
  6  0.0051 959214.133848  x:  0.09056   3.20950   0.05909  

5 (And_mar) ... 2 (And_ful)
  0  0.0000 1001766.102920  x:  0.14854   2.84133   0.13749  
  1 99.0000 1000198.285679  x:  0.17026   2.84324   0.06217  
  2 31195.6622 1000146.373799  x:  0.16270   2.84366   0.05666  
  3 12129.0751 999995.076489  x:  0.16002   3.59643   0.06356  
  4 454.8578 999994.980548  x:  0.16013   3.60106   0.06315  
  5  0.0068 999994.968616  x:  0.15998   3.60125   0.06313  
  6  0.0003 999994.968580  x:  0.15998   3.60168   0.06313  

5 (And_mar) ... 3 (And_hae)
  0  0.0000 998490.508420  x:  0.14945   3.29476   0.09690  
  1 99.0000 998145.771339  x:  0.15626   3.29519   0.06524  
  2 18463.6549 998144.104289  x:  0.15467   3.29530   0.06472  
  3 1976.1969 998125.318790  x:  0.15455   3.59739   0.06659  
  4 131.2347 998125.213937  x:  0.15468   3.59958   0.06613  
  5  0.0033 998125.213735  x:  0.15467   3.59998   0.06612  
  6  0.0004 998125.213734  x:  0.15467   3.60004   0.06612  

5 (And_mar) ... 4 (And_hat)
  0  0.0000 976000.499584  x:  0.10182   3.09618   0.05049  
  1 99.0000 975752.020075  x:  0.11711   3.09625   0.05949  
  2 29477.4781 975736.556385  x:  0.11494   3.09643   0.06533  
  3 5328.0511 975701.873249  x:  0.11477   3.54919   0.06718  
  4 166.9887 975701.725537  x:  0.11518   3.54696   0.06734  
  5  0.0020 975701.724633  x:  0.11517   3.54682   0.06739  
  6  0.0001 975701.724633  x:  0.11517   3.54678   0.06739  
  7  0.0000 975701.724633  x:  0.11517   3.54680   0.06739  

6 (And_tri) ... 1 (And_bic)
  0  0.0000 976428.722596  x:  0.10479   3.27983   0.10673  
  1 99.0000 976091.333238  x:  0.12460   3.27987   0.08645  
  2 24972.7320 975836.202733  x:  0.12115   3.27989   0.05826  
  3 25604.3867 975825.964906  x:  0.12132   3.05434   0.05691  
  4 84.9105 975803.608738  x:  0.11628   3.02352   0.05960  
  5  0.0329 975803.240405  x:  0.11601   3.03147   0.05880  
  6  0.0119 975803.240368  x:  0.11601   3.03133   0.05879  
  7  0.0002 975803.240368  x:  0.11601   3.03136   0.05879  
  8  0.0000 975803.240368  x:  0.11601   3.03136   0.05879  

6 (And_tri) ... 2 (And_ful)
  0  0.0000 998238.002149  x:  0.14318   2.95504   0.14188  
  1 99.0000 996459.151512  x:  0.16622   2.95668   0.06006  
  2 31798.9132 996387.358593  x:  0.15773   2.95698   0.05312  
  3 15128.9434 996304.157231  x:  0.15551   3.53053   0.05809  
  4 317.7750 996302.738159  x:  0.15431   3.50821   0.05910  
  5  0.0471 996302.731596  x:  0.15433   3.50263   0.05907  
  6  0.0044 996302.731586  x:  0.15433   3.50261   0.05906  
  7  0.0000 996302.731586  x:  0.15433   3.50261   0.05906  
  8  0.0000 996302.731586  x:  0.15433   3.50261   0.05906  
  9  0.0531 996302.731586  x:  0.15433   3.50261   0.05906  
 10 16.4307 996302.731586  x:  0.15433   3.50261   0.05906  

6 (And_tri) ... 3 (And_hae)
  0  0.0000 997431.915582  x:  0.14953   3.28512   0.14860  
  1 99.0000 995823.807558  x:  0.13940   3.28615   0.06571  
  2 28512.9071 995745.346641  x:  0.14925   3.28627   0.05889  
  3 16956.4516 995735.979917  x:  0.14977   3.49712   0.06076  
  4 93.6813 995732.436107  x:  0.15087   3.45575   0.06285  
  5  0.0971 995732.419097  x:  0.15098   3.45330   0.06269  
  6  0.0022 995732.419095  x:  0.15098   3.45322   0.06269  

6 (And_tri) ... 4 (And_hat)
  0  0.0000 975105.328728  x:  0.09408   3.09246   0.07015  
  1 99.0000 974728.162835  x:  0.11426   3.09253   0.06808  
  2 39940.0224 974715.854347  x:  0.11425   3.09274   0.06225  
  3 4023.1585 974697.427445  x:  0.11419   3.47381   0.06415  
  4 123.0071 974696.905338  x:  0.11420   3.42253   0.06344  
  5  0.0461 974696.901215  x:  0.11420   3.41920   0.06351  
  6  0.0034 974696.901214  x:  0.11420   3.41922   0.06351  
  7  0.0000 974696.901214  x:  0.11420   3.41921   0.06351  
  8  0.0000 974696.901214  x:  0.11420   3.41921   0.06351  
  9  0.0000 974696.901214  x:  0.11420   3.41921   0.06351  

6 (And_tri) ... 5 (And_mar)
  0  0.0000 974456.367562  x:  0.11825   2.96805   0.07092  
  1 99.0000 974406.246545  x:  0.11105   2.96807   0.06640  
  2 11530.3333 974397.541933  x:  0.11227   2.96809   0.06171  
  3 3832.0651 974397.507969  x:  0.11227   2.95571   0.06165  
  4  5.4624 974397.497411  x:  0.11238   2.95561   0.06167  
  5  0.0002 974397.497403  x:  0.11238   2.95561   0.06167  

7 (Bom_pas) ... 1 (And_bic)
  0  0.0000 1214958.278762  x:  1.05607   2.96514   0.07833  
  1 99.0000 1213675.583852  x:  1.05495   2.96559   0.05590  
  2 99145.2947 1213580.014437  x:  1.12235   3.02752   0.05178  
  3 2158.8628 1212950.404719  x:  1.13461   3.99199   0.05605  
  4 2785.2973 1212940.182669  x:  1.15536   4.02707   0.05419  
  5  0.0332 1212939.738488  x:  1.15870   4.03884   0.05435  
  6  0.0146 1212939.700265  x:  1.15891   4.04746   0.05433  
  7  0.0065 1212939.700163  x:  1.15885   4.04741   0.05433  

7 (Bom_pas) ... 2 (And_ful)
  0  0.0000 1230555.855258  x:  1.18122   3.63509   0.15478  
  1 99.0000 1216118.645678  x:  1.16795   3.63628   0.05317  
  2 181663.7991 1216107.276054  x:  1.18396   3.66087   0.05124  
  3 761.2470 1215919.174793  x:  1.20982   4.28135   0.05286  
  4 2475.8779 1215915.157424  x:  1.22664   4.29104   0.05246  
  5  0.0236 1215914.984357  x:  1.22763   4.29638   0.05224  
  6  0.0055 1215914.982897  x:  1.22775   4.29829   0.05224  
  7  0.0015 1215914.982897  x:  1.22775   4.29829   0.05224  

7 (Bom_pas) ... 3 (And_hae)
  0  0.0000 1213122.564007  x:  1.23028   3.78175   0.05747  
  1 99.0000 1212955.919208  x:  1.22959   3.78185   0.05083  
  2 47498.7150 1212813.087390  x:  1.13701   3.80146   0.05507  
  3 2866.7386 1212750.179467  x:  1.16777   4.17059   0.05467  
  4 362.9337 1212749.319546  x:  1.16367   4.17355   0.05446  
  5  0.0053 1212749.318169  x:  1.16392   4.17389   0.05444  
  6  0.0004 1212749.318165  x:  1.16392   4.17398   0.05444  
  7  0.0001 1212749.318165  x:  1.16393   4.17399   0.05444  
  8  0.0000 1212749.318165  x:  1.16392   4.17399   0.05444  
  9  0.0000 1212749.318165  x:  1.16392   4.17399   0.05444  
check convergence!


7 (Bom_pas) ... 4 (And_hat)
  0  0.0000 1237896.914903  x:  1.37278   3.52512   0.17470  
  1 99.0000 1213907.096228  x:  1.35005   3.52718   0.04548  
  2 210513.3489 1213792.927671  x:  1.30672   3.53715   0.05207  
  3 5499.1250 1213497.363130  x:  1.36807   4.34542   0.05098  
  4 829.8870 1213027.552063  x:  1.17638   4.17311   0.05459  
  5  0.2500 1213021.923437  x:  1.18732   4.22855   0.05326  
  6  0.0504 1213021.764336  x:  1.18445   4.22874   0.05329  
  7  0.0039 1213021.763433  x:  1.18448   4.23004   0.05330  
  8  0.0010 1213021.763432  x:  1.18449   4.23007   0.05330  

7 (Bom_pas) ... 5 (And_mar)
  0  0.0000 1236062.726912  x:  1.32614   3.80938   0.18138  
  1 99.0000 1212903.509248  x:  1.30187   3.81103   0.04804  
  2 197642.8763 1212831.827103  x:  1.26873   3.81570   0.05335  
  3 4484.4519 1212777.246469  x:  1.29395   4.20046   0.05284  
  4 328.0914 1212470.134049  x:  1.14543   4.01806   0.05576  
  5  0.2557 1212466.253263  x:  1.15296   4.06014   0.05464  
  6  0.0395 1212466.189859  x:  1.15113   4.05607   0.05465  
  7  0.0056 1212466.189306  x:  1.15116   4.05513   0.05464  
  8  0.0009 1212466.189306  x:  1.15116   4.05513   0.05464  
  9  0.0000 1212466.189306  x:  1.15116   4.05513   0.05464  

7 (Bom_pas) ... 6 (And_tri)
  0  0.0000 1236528.302155  x:  1.28721   3.42121   0.18473  
  1 99.0000 1212991.984697  x:  1.26176   3.42344   0.04829  
  2 195365.2264 1212927.822321  x:  1.23193   3.43086   0.05327  
  3 4352.8911 1212707.801096  x:  1.27992   4.09011   0.05256  
  4 750.5211 1212464.690167  x:  1.15455   4.00864   0.05457  
  5  0.1571 1212463.270515  x:  1.15989   4.03473   0.05390  
  6  0.0246 1212463.246643  x:  1.15889   4.03628   0.05392  
  7  0.0021 1212463.246153  x:  1.15896   4.03719   0.05393  
  8  0.0008 1212463.246153  x:  1.15896   4.03719   0.05393  