

2 (Bom_con) ... 1 (Apis_mel)
  0  0.0000 435972.804233  x:  0.45775   1.64016   0.44741  
  1 99.0000 425370.515555  x:  0.40703   1.70467   0.07673  
  2 27462.4119 425157.923766  x:  0.43302   1.71301   0.05994  
  3 15365.0125 422765.280973  x:  0.55777   3.31214   0.09175  
  4 4248.8226 422504.951813  x:  0.50826   3.77648   0.08212  
  5  0.5815 422392.926654  x:  0.55508   4.18722   0.07202  
  6  0.1784 422379.396307  x:  0.55607   4.39772   0.07638  
  7  0.0965 422377.825963  x:  0.55459   4.47530   0.07549  
  8  0.0628 422377.823686  x:  0.55479   4.47822   0.07550  
  9  0.0025 422377.823679  x:  0.55480   4.47823   0.07550  
 10  0.0000 422377.823679  x:  0.55480   4.47822   0.07550  
 11  0.0000 422377.823679  x:  0.55480   4.47821   0.07550  
 12  0.0000 422377.823679  x:  0.55480   4.47822   0.07550  

3 (Bom_hor) ... 1 (Apis_mel)
  0  0.0000 424208.375189  x:  0.55538   3.69082   0.12150  
  1 99.0000 423473.331042  x:  0.54910   3.69153   0.07434  
  2 25128.4319 423469.939418  x:  0.55917   3.69603   0.07279  
  3 628.1623 423374.856462  x:  0.56862   4.50868   0.07528  
  4 313.6191 423374.523758  x:  0.56831   4.51296   0.07451  
  5  0.0075 423374.515364  x:  0.56885   4.51533   0.07444  
  6  0.0022 423374.515321  x:  0.56885   4.51589   0.07445  
  7  0.0004 423374.515321  x:  0.56885   4.51590   0.07445  

3 (Bom_hor) ... 2 (Bom_con)
  0  0.0000 364446.183734  x:  0.10944   3.89446   0.07711  
  1 99.0000 364394.211270  x:  0.11995   3.89466   0.08911  
  2 6780.5213 364378.425689  x:  0.11491   3.89507   0.09986  
  3 3247.6352 364320.395616  x:  0.11460   5.25356   0.10483  
  4 103.1767 364319.932393  x:  0.11572   5.24705   0.10577  
  5  0.0057 364319.920747  x:  0.11564   5.24130   0.10612  
  6  0.0045 364319.920640  x:  0.11564   5.23926   0.10610  
  7  0.0013 364319.920640  x:  0.11564   5.23920   0.10610  
  8  0.0000 364319.920639  x:  0.11564   5.23924   0.10610  

4 (Bom_hyp) ... 1 (Apis_mel)
  0  0.0000 424526.664670  x:  0.44275   4.30146   0.18152  
  1 99.0000 422537.929201  x:  0.46251   4.30195   0.07981  
  2 27104.8603 422202.950222  x:  0.55652   4.30186   0.07041  
  3 8494.3018 422194.832773  x:  0.55902   4.55899   0.07156  
  4 64.5480 422192.453729  x:  0.55935   4.52658   0.07357  
  5  0.1135 422192.436822  x:  0.56008   4.52601   0.07347  
  6  0.0007 422192.436813  x:  0.56008   4.52627   0.07348  

4 (Bom_hyp) ... 2 (Bom_con)
  0  0.0000 362295.130688  x:  0.09178   3.85207   0.05580  
  1 99.0000 362042.728084  x:  0.11418   3.85221   0.07760  
  2 17831.4397 361996.671567  x:  0.10548   3.85257   0.09418  
  3 5530.2598 361927.103029  x:  0.10482   5.41731   0.09861  
  4 109.9467 361923.564314  x:  0.10762   5.42278   0.10199  
  5  0.0049 361923.347921  x:  0.10716   5.42280   0.10361  
  6  0.0012 361923.347750  x:  0.10719   5.42147   0.10360  
  7  0.0011 361923.347738  x:  0.10718   5.42077   0.10360  
  8  0.0005 361923.347738  x:  0.10718   5.42076   0.10360  

4 (Bom_hyp) ... 3 (Bom_hor)
  0  0.0000 351358.210779  x:  0.05392   4.36137   0.11234  
  1 99.0000 351258.125306  x:  0.06648   4.36140   0.11188  
  2 17180.5883 351254.107343  x:  0.06655   4.36193   0.10179  
  3 765.7419 351237.933043  x:  0.06647   5.35951   0.10649  
  4 36.6718 351237.884644  x:  0.06649   5.35592   0.10539  
  5  0.0040 351237.884207  x:  0.06649   5.36145   0.10537  
  6  0.0040 351237.884198  x:  0.06649   5.36168   0.10539  
  7  0.0002 351237.884198  x:  0.06649   5.36174   0.10539  
  8  0.0000 351237.884197  x:  0.06649   5.36174   0.10539  

5 (Bom_mus) ... 1 (Apis_mel)
  0  0.0000 424244.189454  x:  0.46645   4.39859   0.15911  
  1 99.0000 422918.202454  x:  0.47694   4.39884   0.08122  
  2 25275.2436 422675.971767  x:  0.55703   4.39845   0.07118  
  3 6918.8035 422673.397765  x:  0.55868   4.55343   0.07173  
  4 34.0294 422666.735460  x:  0.56018   4.50831   0.07504  
  5  0.1365 422666.705557  x:  0.56110   4.50550   0.07491  
  6  0.0023 422666.705490  x:  0.56111   4.50624   0.07491  

5 (Bom_mus) ... 2 (Bom_con)
  0  0.0000 363559.764660  x:  0.11648   3.87258   0.09009  
  1 99.0000 363543.890883  x:  0.11042   3.87292   0.09800  
  2 3170.8182 363537.580287  x:  0.11311   3.87343   0.10523  
  3 2367.5081 363460.631581  x:  0.11332   5.47572   0.11194  
  4 118.7073 363460.519482  x:  0.11271   5.47475   0.11193  
  5  0.0011 363460.519418  x:  0.11271   5.47424   0.11195  
  6  0.0004 363460.519416  x:  0.11271   5.47401   0.11195  
  7  0.0002 363460.519416  x:  0.11271   5.47397   0.11195  

5 (Bom_mus) ... 3 (Bom_hor)
  0  0.0000 352114.492257  x:  0.05619   4.62567   0.11237  
  1 99.0000 352029.365038  x:  0.06798   4.62568   0.11310  
  2 15438.8256 352025.748294  x:  0.06783   4.62577   0.12456  
  3 741.6855 352024.685851  x:  0.06781   4.87182   0.12553  
  4  8.8615 352024.648115  x:  0.06778   4.86625   0.12445  
  5  0.0051 352024.648080  x:  0.06778   4.86735   0.12444  

5 (Bom_mus) ... 4 (Bom_hyp)
  0  0.0000 351360.330616  x:  0.07155   4.02801   0.13776  
  1 99.0000 351346.081132  x:  0.06643   4.02809   0.13572  
  2 5038.8189 351318.379888  x:  0.06723   4.02939   0.10688  
  3 1972.7390 351274.139303  x:  0.06711   5.64964   0.11705  
  4 67.3458 351273.600669  x:  0.06726   5.65260   0.11321  
  5  0.0056 351273.599706  x:  0.06728   5.65965   0.11318  
  6  0.0048 351273.599625  x:  0.06727   5.66135   0.11320  
  7  0.0014 351273.599625  x:  0.06727   5.66140   0.11320  
  8  0.0000 351273.599625  x:  0.06727   5.66139   0.11320  
  9  0.0000 351273.599625  x:  0.06727   5.66139   0.11320  

6 (Bom_pas) ... 1 (Apis_mel)
  0  0.0000 425074.373959  x:  0.47184   4.51926   0.18400  
  1 99.0000 423148.785971  x:  0.47939   4.51955   0.08372  
  2 26831.4353 422916.760420  x:  0.55489   4.51885   0.07103  
  3 6814.0412 422915.838509  x:  0.55608   4.60811   0.07147  
  4 10.9177 422901.610503  x:  0.55991   4.49724   0.07581  
  5  0.6983 422901.466938  x:  0.56207   4.51198   0.07558  
  6  0.0121 422901.465313  x:  0.56208   4.50872   0.07555  
  7  0.0032 422901.465310  x:  0.56208   4.50877   0.07555  
  8  0.0000 422901.465310  x:  0.56208   4.50877   0.07555  

6 (Bom_pas) ... 2 (Bom_con)
  0  0.0000 364188.628783  x:  0.10293   3.87769   0.12809  
  1 99.0000 364141.590010  x:  0.11496   3.87790   0.12503  
  2 7904.7566 364124.384993  x:  0.11484   3.87913   0.10805  
  3 2012.1351 364038.546455  x:  0.11471   5.56191   0.11789  
  4 126.6358 364037.946262  x:  0.11475   5.56998   0.11471  
  5  0.0089 364037.942446  x:  0.11477   5.58376   0.11472  
  6  0.0074 364037.942418  x:  0.11476   5.58391   0.11475  
  7  0.0002 364037.942418  x:  0.11476   5.58392   0.11474  
  8  0.0000 364037.942418  x:  0.11476   5.58392   0.11474  

6 (Bom_pas) ... 3 (Bom_hor)
  0  0.0000 352772.781284  x:  0.06744   4.65885   0.23190  
  1 99.0000 352744.363839  x:  0.07496   4.65910   0.21508  
  2 3195.8060 352583.661851  x:  0.07332   4.66038   0.12866  
  3 16010.7803 352578.829139  x:  0.07305   5.20331   0.13316  
  4 18.6634 352572.185029  x:  0.06978   5.18589   0.12791  
  5  0.0212 352571.986144  x:  0.06950   5.16901   0.13019  
  6  0.0304 352571.985473  x:  0.06950   5.16384   0.13008  
  7  0.0046 352571.985469  x:  0.06950   5.16351   0.13009  
  8  0.0003 352571.985468  x:  0.06950   5.16348   0.13009  
  9  0.0000 352571.985468  x:  0.06950   5.16351   0.13009  
 10  0.0000 352571.985468  x:  0.06950   5.16351   0.13009  

6 (Bom_pas) ... 4 (Bom_hyp)
  0  0.0000 352008.554262  x:  0.05467   4.39185   0.11533  
  1 99.0000 351882.521386  x:  0.06892   4.39190   0.11554  
  2 19239.8702 351882.416838  x:  0.06890   4.39304   0.11726  
  3 102.8871 351843.593728  x:  0.06878   6.05325   0.12392  
  4 82.9871 351843.559841  x:  0.06879   6.04571   0.12290  
  5  0.0068 351843.559365  x:  0.06878   6.03886   0.12286  
  6  0.0041 351843.559352  x:  0.06878   6.03873   0.12288  
  7  0.0001 351843.559352  x:  0.06878   6.03868   0.12288  
  8  0.0000 351843.559352  x:  0.06878   6.03868   0.12288  
  9  0.0000 351843.559352  x:  0.06878   6.03868   0.12288  
check convergence!


6 (Bom_pas) ... 5 (Bom_mus)
  0  0.0000 335899.835229  x:  0.01843   4.73353   0.12838  
  1 99.0000 335883.771887  x:  0.02127   4.73353   0.12831  
  2 11908.1429 335881.674696  x:  0.02129   4.73407   0.11448  
  3 284.6533 335877.481543  x:  0.02125   5.70168   0.11908  
  4  9.7460 335877.465788  x:  0.02125   5.70032   0.11789  
  5  0.0020 335877.465785  x:  0.02125   5.70092   0.11787  
  6  0.0004 335877.465785  x:  0.02125   5.70096   0.11788  
  7  0.0000 335877.465784  x:  0.02125   5.70095   0.11788  
  8  0.0001 335877.465784  x:  0.02125   5.70095   0.11788  
  9  0.0001 335877.465784  x:  0.02125   5.70095   0.11788  
 10  0.0535 335877.465784  x:  0.02125   5.70095   0.11788  
check convergence!


7 (Bom_syl) ... 1 (Apis_mel)
  0  0.0000 425327.750245  x:  0.44954   4.64694   0.17369  
  1 99.0000 423753.437906  x:  0.46954   4.64694   0.08396  
  2 25091.6253 423422.763152  x:  0.56458   4.64566   0.07546  
  3 8390.4160 423419.673706  x:  0.56312   4.48305   0.07491  
  4 36.6093 423417.353234  x:  0.56275   4.45958   0.07707  
  5  0.0761 423417.342197  x:  0.56218   4.46140   0.07711  
  6  0.0015 423417.342146  x:  0.56217   4.46077   0.07712  
  7  0.0007 423417.342146  x:  0.56217   4.46077   0.07712  

7 (Bom_syl) ... 2 (Bom_con)
  0  0.0000 364785.961112  x:  0.09978   3.92525   0.08195  
  1 99.0000 364651.810535  x:  0.11910   3.92538   0.09168  
  2 13181.6240 364620.432647  x:  0.11509   3.92585   0.11099  
  3 3659.2892 364570.161742  x:  0.11486   5.15518   0.11590  
  4 95.9743 364569.935566  x:  0.11569   5.15881   0.11638  
  5  0.0032 364569.932757  x:  0.11565   5.15962   0.11659  
  6  0.0006 364569.932755  x:  0.11565   5.15948   0.11659  
  7  0.0001 364569.932755  x:  0.11565   5.15947   0.11659  
  8  0.0000 364569.932755  x:  0.11565   5.15947   0.11659  
check convergence!


7 (Bom_syl) ... 3 (Bom_hor)
  0  0.0000 352835.519538  x:  0.06947   4.35753   0.15728  
  1 99.0000 352817.052170  x:  0.07368   4.35800   0.13574  
  2 1638.3987 352806.459220  x:  0.07076   4.35831   0.12259  
  3 9387.7423 352799.281955  x:  0.07057   4.96627   0.12645  
  4 25.5180 352799.151151  x:  0.07011   4.96001   0.12725  
  5  0.0076 352799.150731  x:  0.07010   4.95833   0.12714  
  6  0.0017 352799.150727  x:  0.07010   4.95787   0.12714  
  7  0.0004 352799.150727  x:  0.07010   4.95782   0.12714  
  8  0.0000 352799.150727  x:  0.07010   4.95783   0.12714  
  9  0.0000 352799.150726  x:  0.07010   4.95784   0.12714  

7 (Bom_syl) ... 4 (Bom_hyp)
  0  0.0000 352355.379859  x:  0.05448   4.08735   0.18878  
  1 99.0000 352222.025521  x:  0.06907   4.08742   0.18662  
  2 19718.4350 352084.939648  x:  0.06938   4.08967   0.11213  
  3 3044.4219 352044.536580  x:  0.06925   5.58446   0.12469  
  4 65.1212 352043.046447  x:  0.06930   5.62194   0.11822  
  5  0.0600 352043.034504  x:  0.06932   5.65372   0.11831  
  6  0.0181 352043.034472  x:  0.06931   5.65354   0.11834  
  7  0.0002 352043.034472  x:  0.06931   5.65357   0.11834  

7 (Bom_syl) ... 5 (Bom_mus)
  0  0.0000 351444.413248  x:  0.06762   4.73390   0.23321  
  1 99.0000 351431.779723  x:  0.06301   4.73395   0.22966  
  2 4236.6918 351280.180842  x:  0.06427   4.73525   0.13465  
  3 3977.7990 351277.588371  x:  0.06431   5.14121   0.13805  
  4 13.5555 351276.960526  x:  0.06525   5.14224   0.13565  
  5  0.0031 351276.930333  x:  0.06535   5.13587   0.13655  
  6  0.0111 351276.930318  x:  0.06535   5.13494   0.13654  
  7  0.0009 351276.930317  x:  0.06535   5.13499   0.13654  
  8  0.0000 351276.930317  x:  0.06535   5.13494   0.13654  
  9  0.0000 351276.930317  x:  0.06535   5.13494   0.13654  
check convergence!


7 (Bom_syl) ... 6 (Bom_pas)
  0  0.0000 351989.696105  x:  0.06199   4.30426   0.17223  
  1 99.0000 351973.251299  x:  0.06730   4.30431   0.17106  
  2 6217.9854 351948.761844  x:  0.06738   4.30562   0.13813  
  3 1421.6315 351927.214123  x:  0.06728   5.43088   0.14622  
  4 44.2190 351927.051832  x:  0.06729   5.43245   0.14368  
  5  0.0036 351927.051754  x:  0.06728   5.43444   0.14367  
  6  0.0015 351927.051752  x:  0.06728   5.43473   0.14368  
  7  0.0003 351927.051752  x:  0.06728   5.43472   0.14368  

8 (Bom_vet) ... 1 (Apis_mel)
  0  0.0000 426610.064274  x:  0.53907   4.55865   0.23520  
  1 99.0000 422916.781300  x:  0.50608   4.55956   0.08157  
  2 30522.3097 422854.943905  x:  0.53447   4.55921   0.07142  
  3 4078.4574 422851.939064  x:  0.53821   4.72168   0.07207  
  4  8.7326 422809.853272  x:  0.55770   4.49034   0.07631  
  5  2.4594 422809.231588  x:  0.56153   4.52108   0.07548  
  6  0.0276 422809.227621  x:  0.56156   4.51577   0.07543  
  7  0.0056 422809.227618  x:  0.56155   4.51576   0.07543  

8 (Bom_vet) ... 2 (Bom_con)
  0  0.0000 363699.727558  x:  0.10858   4.00028   0.17630  
  1 99.0000 363555.292020  x:  0.12338   4.00194   0.12256  
  2 4809.6124 363510.523510  x:  0.11605   4.00267   0.10228  
  3 11788.7153 363438.529884  x:  0.11446   5.58476   0.11328  
  4 109.9756 363437.110990  x:  0.11237   5.55722   0.11465  
  5  0.0392 363437.095280  x:  0.11232   5.54490   0.11417  
  6  0.0110 363437.094238  x:  0.11234   5.53832   0.11419  
  7  0.0044 363437.094238  x:  0.11234   5.53834   0.11419  
  8  0.0000 363437.094238  x:  0.11234   5.53832   0.11419  
  9  0.0000 363437.094238  x:  0.11234   5.53833   0.11419  

8 (Bom_vet) ... 3 (Bom_hor)
  0  0.0000 352244.387905  x:  0.06098   4.53073   0.22552  
  1 99.0000 352216.817313  x:  0.06785   4.53077   0.22288  
  2 7783.2625 352045.176976  x:  0.06806   4.53233   0.12688  
  3 3226.6559 352039.804194  x:  0.06800   5.07759   0.13163  
  4 21.0158 352039.558746  x:  0.06785   5.09481   0.12900  
  5  0.0319 352039.540425  x:  0.06767   5.09809   0.12920  
  6  0.0032 352039.540423  x:  0.06767   5.09850   0.12920  
  7  0.0003 352039.540423  x:  0.06767   5.09850   0.12920  

8 (Bom_vet) ... 4 (Bom_hyp)
  0  0.0000 351804.373993  x:  0.05739   4.30518   0.23927  
  1 99.0000 351742.501178  x:  0.06744   4.30525   0.23639  
  2 12536.8532 351444.546909  x:  0.06788   4.30848   0.11136  
  3 3783.4322 351411.665605  x:  0.06775   5.68974   0.12507  
  4 55.4611 351409.057435  x:  0.06770   5.77925   0.11667  
  5  0.1874 351408.995073  x:  0.06750   5.84209   0.11705  
  6  0.0410 351408.993579  x:  0.06755   5.84786   0.11707  
  7  0.0043 351408.993578  x:  0.06755   5.84816   0.11707  
  8  0.0003 351408.993578  x:  0.06755   5.84822   0.11707  
  9  0.0000 351408.993578  x:  0.06755   5.84822   0.11707  

8 (Bom_vet) ... 5 (Bom_mus)
  0  0.0000 335312.413131  x:  0.01817   4.63276   0.09706  
  1 99.0000 335306.314289  x:  0.01991   4.63277   0.09714  
  2 7306.0469 335304.644456  x:  0.01988   4.63294   0.10887  
  3 308.6920 335303.151158  x:  0.01985   5.20041   0.11095  
  4  5.7888 335303.149075  x:  0.01984   5.18578   0.11062  
  5  0.0124 335303.149074  x:  0.01985   5.18541   0.11061  
  6  0.0004 335303.149074  x:  0.01985   5.18540   0.11061  

8 (Bom_vet) ... 6 (Bom_pas)
  0  0.0000 335985.488932  x:  0.01790   4.15203   0.14975  
  1 99.0000 335960.380852  x:  0.02142   4.15204   0.14962  
  2 15208.3988 335949.176374  x:  0.02146   4.15388   0.11549  
  3 582.7923 335924.985220  x:  0.02135   6.48334   0.13133  
  4 27.3974 335924.471042  x:  0.02137   6.50132   0.12423  
  5  0.0217 335924.466500  x:  0.02137   6.54021   0.12409  
  6  0.0191 335924.466230  x:  0.02137   6.54398   0.12425  
  7  0.0036 335924.466230  x:  0.02137   6.54422   0.12425  
  8  0.0002 335924.466230  x:  0.02137   6.54422   0.12425  
check convergence!


8 (Bom_vet) ... 7 (Bom_syl)
  0  0.0000 351207.403872  x:  0.06168   5.25830   0.13146  
  1 99.0000 351200.642990  x:  0.06508   5.25830   0.13188  
  2 4039.3531 351199.000209  x:  0.06495   5.25828   0.14020  
  3 435.4263 351198.995805  x:  0.06495   5.27630   0.14026  
  4  0.4676 351198.990454  x:  0.06494   5.27515   0.13980  
  5  0.0012 351198.990454  x:  0.06494   5.27533   0.13980  
  6  0.0001 351198.990453  x:  0.06494   5.27532   0.13980  
  7  0.0001 351198.990453  x:  0.06494   5.27532   0.13980  
check convergence!
