Supplemental results for CODEML (seqf: /home/yzliu/eDNA/faststorage/yzliu/DK_proj/data/ref_genome/ref_annotation/primary_transcripts/extracted_cds_new/new_transcript_id_7_and_pas/bootstraps/cat.out.OG_cds_7_species_same_header_fas.shuf_537OG_825.phy  treef: xxx.trees)


pairwise comparison (Goldman & Yang 1994)
seq seq        N       S       dN       dS     dN/dS   Paras.
  2   1 470715.2 184448.8   0.0097   0.1650   0.0587   0.1602   3.7000   0.0587 -1011064.758
  3   1 469829.1 185334.9   0.0096   0.1569   0.0611   0.1538   3.6776   0.0611 -1008518.825
  3   2 468614.4 186549.6   0.0096   0.1473   0.0649   0.1464   4.0731   0.0649 -1003927.281
  4   1 470526.1 184637.9   0.0075   0.1188   0.0630   0.1166   3.5928   0.0630 -987652.222
  4   2 468883.1 186280.9   0.0094   0.1525   0.0616   0.1502   4.0508   0.0616 -1005460.198
  4   3 467073.4 188090.6   0.0095   0.1462   0.0650   0.1463   4.1631   0.0650 -1004075.935
  5   1 473251.3 181912.7   0.0056   0.0926   0.0599   0.0892   3.1793   0.0599 -970299.505
  5   2 470567.8 184596.2   0.0098   0.1613   0.0604   0.1574   3.6912   0.0604 -1010107.247
  5   3 469974.9 185189.1   0.0097   0.1519   0.0638   0.1497   3.6315   0.0638 -1007090.267
  5   4 470988.5 184175.5   0.0074   0.1135   0.0650   0.1116   3.5043   0.0650 -985175.099
  6   1 474791.2 180372.8   0.0070   0.1183   0.0588   0.1128   3.0091   0.0588 -985838.583
  6   2 471730.7 183433.3   0.0092   0.1555   0.0589   0.1504   3.5382   0.0589 -1006215.349
  6   3 470596.6 184567.4   0.0093   0.1490   0.0625   0.1460   3.5545   0.0625 -1004842.228
  6   4 471951.7 183212.3   0.0072   0.1131   0.0638   0.1105   3.3861   0.0638 -984349.715
  6   5 475214.7 179949.3   0.0071   0.1130   0.0625   0.1085   2.9441   0.0625 -983919.099
  7   1 469028.9 186135.1   0.0626   1.1289   0.0555   1.0966   3.9828   0.0555 -1222932.415
  7   2 465993.2 189170.8   0.0634   1.1887   0.0533   1.1650   4.2594   0.0533 -1226208.430
  7   3 468005.7 187158.3   0.0630   1.1253   0.0560   1.0995   4.0977   0.0560 -1223167.703
  7   4 467581.8 187582.2   0.0629   1.1367   0.0553   1.1109   4.1465   0.0553 -1223255.322
  7   5 469242.0 185922.0   0.0628   1.1186   0.0561   1.0872   3.9732   0.0561 -1222665.874
  7   6 468995.1 186168.9   0.0625   1.1270   0.0554   1.0949   4.0008   0.0554 -1222445.383

