

2 (Bom_con) ... 1 (Apis_mel)
  0  0.0000 751654.344146  x:  0.50308   1.50679   0.37558  
  1 99.0000 740046.536669  x:  0.43833   1.55825   0.09922  
  2 46575.8287 739681.970530  x:  0.47008   1.57191   0.07903  
  3 19688.6190 736025.659263  x:  0.56265   3.05767   0.12015  
  4 7462.1894 735660.244530  x:  0.51759   3.36336   0.10880  
  5  0.3852 735507.720228  x:  0.55448   3.67124   0.09655  
  6  0.1466 735489.829256  x:  0.55843   3.80327   0.10130  
  7  0.0712 735486.492561  x:  0.55605   3.88343   0.10069  
  8  0.0585 735486.490440  x:  0.55600   3.88433   0.10075  
  9  0.0008 735486.490437  x:  0.55599   3.88431   0.10075  
 10  0.0000 735486.490437  x:  0.55599   3.88430   0.10075  

3 (Bom_hor) ... 1 (Apis_mel)
  0  0.0000 737984.765633  x:  0.51836   3.39256   0.08499  
  1 99.0000 737756.852174  x:  0.52488   3.39270   0.10374  
  2 25079.7770 737658.153998  x:  0.56485   3.39491   0.09849  
  3 5301.0409 737587.313035  x:  0.56996   3.84899   0.09977  
  4 335.4277 737586.784856  x:  0.57067   3.84872   0.09875  
  5  0.0011 737586.784508  x:  0.57066   3.84939   0.09874  
  6  0.0006 737586.784504  x:  0.57066   3.84947   0.09874  
  7  0.0001 737586.784504  x:  0.57066   3.84947   0.09874  

3 (Bom_hor) ... 2 (Bom_con)
  0  0.0000 628653.297983  x:  0.11912   3.34121   0.08617  
  1 99.0000 628479.704391  x:  0.13099   3.34168   0.11066  
  2 13812.8184 628438.706866  x:  0.12282   3.34226   0.12114  
  3 7590.7525 628260.026960  x:  0.12224   4.85561   0.12871  
  4 295.7554 628257.265842  x:  0.12409   4.85644   0.13205  
  5  0.0027 628257.118947  x:  0.12368   4.85455   0.13299  
  6  0.0018 628257.118533  x:  0.12370   4.85273   0.13301  
  7  0.0013 628257.118496  x:  0.12369   4.85208   0.13300  
  8  0.0005 628257.118495  x:  0.12369   4.85207   0.13300  

4 (Bom_hyp) ... 1 (Apis_mel)
  0  0.0000 737908.331554  x:  0.46384   4.20719   0.21609  
  1 99.0000 735025.813280  x:  0.48477   4.20714   0.10484  
  2 36887.5241 734627.464283  x:  0.56407   4.20524   0.09587  
  3 11878.0592 734602.706954  x:  0.56108   3.90271   0.09416  
  4 157.5385 734597.396560  x:  0.56043   3.87656   0.09712  
  5  0.0856 734597.300850  x:  0.55929   3.88254   0.09726  
  6  0.0052 734597.299957  x:  0.55922   3.88090   0.09726  
  7  0.0018 734597.299957  x:  0.55922   3.88090   0.09726  

4 (Bom_hyp) ... 2 (Bom_con)
  0  0.0000 622112.098533  x:  0.09176   3.52037   0.19280  
  1 99.0000 621895.594981  x:  0.11045   3.52065   0.18682  
  2 23597.9670 621591.611962  x:  0.11068   3.52376   0.11816  
  3 8038.0781 621429.384710  x:  0.11041   5.09153   0.13445  
  4 254.3060 621423.380338  x:  0.11023   5.13581   0.12625  
  5  0.0643 621423.250883  x:  0.10995   5.18304   0.12643  
  6  0.0282 621423.245189  x:  0.11003   5.18886   0.12654  
  7  0.0043 621423.245118  x:  0.11004   5.18935   0.12652  
  8  0.0005 621423.245118  x:  0.11004   5.18938   0.12652  
  9  0.0000 621423.245117  x:  0.11004   5.18937   0.12652  

4 (Bom_hyp) ... 3 (Bom_hor)
  0  0.0000 605044.258807  x:  0.05805   4.27977   0.19365  
  1 99.0000 604852.737905  x:  0.07182   4.27980   0.19211  
  2 29972.1121 604744.680421  x:  0.07207   4.28075   0.13813  
  3 3515.2686 604738.360587  x:  0.07204   4.68754   0.14145  
  4 33.0922 604738.298774  x:  0.07205   4.69126   0.14035  
  5  0.0058 604738.298747  x:  0.07206   4.69072   0.14034  
  6  0.0004 604738.298746  x:  0.07206   4.69074   0.14034  

5 (Bom_mus) ... 1 (Apis_mel)
  0  0.0000 737619.197199  x:  0.43381   3.95711   0.11930  
  1 99.0000 736329.937451  x:  0.56520   3.95589   0.09593  
  2 21868.0160 736323.686511  x:  0.56633   3.95584   0.09903  
  3 3877.0748 736322.175346  x:  0.56576   3.88390   0.09883  
  4 41.4605 736322.151231  x:  0.56638   3.88419   0.09884  
  5  0.0005 736322.150794  x:  0.56642   3.88435   0.09881  
  6  0.0001 736322.150794  x:  0.56642   3.88434   0.09881  
  7  0.0000 736322.150794  x:  0.56642   3.88433   0.09881  
  8  0.0000 736322.150794  x:  0.56642   3.88433   0.09881  

5 (Bom_mus) ... 2 (Bom_con)
  0  0.0000 626586.257870  x:  0.12410   3.42420   0.21047  
  1 99.0000 626466.168460  x:  0.11012   3.42500   0.19392  
  2 10646.5276 626151.505998  x:  0.11506   3.42847   0.12527  
  3 15659.0895 625958.225068  x:  0.11585   5.03236   0.14335  
  4 298.8012 625947.308165  x:  0.11884   5.06810   0.13423  
  5  0.0441 625947.008182  x:  0.11943   5.08208   0.13537  
  6  0.0158 625946.994340  x:  0.11946   5.09776   0.13526  
  7  0.0093 625946.993540  x:  0.11943   5.09947   0.13533  
  8  0.0015 625946.993540  x:  0.11943   5.09947   0.13533  
  9  0.0000 625946.993540  x:  0.11943   5.09947   0.13533  
check convergence!


5 (Bom_mus) ... 3 (Bom_hor)
  0  0.0000 606561.670922  x:  0.07050   4.38252   0.12727  
  1 99.0000 606538.228263  x:  0.07568   4.38251   0.12885  
  2 8884.3932 606516.320876  x:  0.07493   4.38248   0.14944  
  3 2438.2476 606515.957358  x:  0.07492   4.48016   0.14995  
  4  7.8507 606515.953959  x:  0.07498   4.47637   0.14993  
  5  0.0036 606515.953958  x:  0.07498   4.47641   0.14993  

5 (Bom_mus) ... 4 (Bom_hyp)
  0  0.0000 602114.847002  x:  0.07031   3.97904   0.13535  
  1 99.0000 602111.928434  x:  0.06854   3.97910   0.13503  
  2 3183.6669 602110.629888  x:  0.06864   3.98012   0.13003  
  3 511.0632 602060.647368  x:  0.06852   5.18866   0.13795  
  4 100.6020 602060.527465  x:  0.06854   5.18940   0.13639  
  5  0.0016 602060.527232  x:  0.06854   5.19205   0.13637  
  6  0.0018 602060.527225  x:  0.06854   5.19232   0.13638  

6 (Bom_pas) ... 1 (Apis_mel)
  0  0.0000 739540.704162  x:  0.44070   4.38377   0.20176  
  1 99.0000 737037.247376  x:  0.48518   4.38321   0.10405  
  2 35458.5241 736551.800487  x:  0.56349   4.38112   0.10779  
  3 15227.2310 736476.839695  x:  0.56033   3.85672   0.10501  
  4 266.7500 736457.626280  x:  0.56648   3.88823   0.09872  
  5  0.0704 736457.550529  x:  0.56752   3.88426   0.09868  
  6  0.0034 736457.549824  x:  0.56757   3.88576   0.09868  
  7  0.0017 736457.549824  x:  0.56757   3.88576   0.09868  

6 (Bom_pas) ... 2 (Bom_con)
  0  0.0000 627097.680555  x:  0.10276   3.58851   0.12046  
  1 99.0000 626901.679040  x:  0.12158   3.58871   0.12214  
  2 22071.5685 626899.075542  x:  0.12133   3.59009   0.12757  
  3 995.3915 626746.318386  x:  0.12127   5.12040   0.13687  
  4 266.3824 626746.022430  x:  0.12137   5.10345   0.13499  
  5  0.0144 626746.021240  x:  0.12136   5.09869   0.13493  
  6  0.0030 626746.021175  x:  0.12136   5.09827   0.13495  
  7  0.0004 626746.021174  x:  0.12136   5.09826   0.13495  

6 (Bom_pas) ... 3 (Bom_hor)
  0  0.0000 607267.730479  x:  0.07521   4.07694   0.21574  
  1 99.0000 607182.691341  x:  0.08351   4.07790   0.17587  
  2 4054.9542 607108.951391  x:  0.07895   4.07876   0.14090  
  3 35522.2847 607091.574241  x:  0.07855   4.73501   0.14694  
  4 58.8496 607087.464458  x:  0.07643   4.69303   0.15014  
  5  0.0544 607087.445465  x:  0.07639   4.68165   0.14956  
  6  0.0118 607087.444910  x:  0.07640   4.67829   0.14958  
  7  0.0031 607087.444909  x:  0.07640   4.67824   0.14958  
  8  0.0000 607087.444909  x:  0.07640   4.67824   0.14958  

6 (Bom_pas) ... 4 (Bom_hyp)
  0  0.0000 603312.480782  x:  0.06358   3.98884   0.23579  
  1 99.0000 603266.493573  x:  0.07051   3.98894   0.23289  
  2 12708.3781 602948.578591  x:  0.07073   3.99237   0.13213  
  3 5828.6559 602883.828817  x:  0.07057   5.34226   0.14707  
  4 113.3162 602880.591837  x:  0.07039   5.39335   0.13906  
  5  0.0876 602880.523053  x:  0.07016   5.42350   0.13936  
  6  0.0237 602880.519991  x:  0.07020   5.43302   0.13940  
  7  0.0064 602880.519990  x:  0.07020   5.43309   0.13941  
  8  0.0000 602880.519990  x:  0.07020   5.43304   0.13941  

6 (Bom_pas) ... 5 (Bom_mus)
  0  0.0000 575269.690882  x:  0.01988   4.31333   0.13811  
  1 99.0000 575247.371005  x:  0.02253   4.31333   0.13814  
  2 17634.9560 575247.040611  x:  0.02252   4.31413   0.14277  
  3 143.6552 575234.860529  x:  0.02246   5.42784   0.14919  
  4 26.0305 575234.852839  x:  0.02246   5.42254   0.14844  
  5  0.0048 575234.852838  x:  0.02246   5.42254   0.14844  
  6  0.0002 575234.852838  x:  0.02246   5.42254   0.14844  
check convergence!


7 (Bom_syl) ... 1 (Apis_mel)
  0  0.0000 740541.134592  x:  0.53364   4.33633   0.23361  
  1 99.0000 737014.547086  x:  0.51674   4.33645   0.10848  
  2 39865.4138 736866.174511  x:  0.55781   4.33472   0.09537  
  3 7136.4186 736826.206048  x:  0.55221   3.94599   0.09392  
  4 190.2498 736776.216668  x:  0.56497   3.88407   0.10046  
  5  0.1784 736775.882854  x:  0.56709   3.90374   0.10006  
  6  0.0194 736775.874951  x:  0.56720   3.89964   0.09998  
  7  0.0045 736775.874933  x:  0.56719   3.89967   0.09998  

7 (Bom_syl) ... 2 (Bom_con)
  0  0.0000 627785.124246  x:  0.11558   3.54009   0.14827  
  1 99.0000 627756.881788  x:  0.12313   3.54041   0.14537  
  2 7217.5655 627737.179138  x:  0.12281   3.54218   0.13021  
  3 2777.8105 627573.344805  x:  0.12267   5.08769   0.14265  
  4 268.1104 627572.234306  x:  0.12266   5.08065   0.13891  
  5  0.0078 627572.234194  x:  0.12267   5.08132   0.13888  
  6  0.0006 627572.234183  x:  0.12267   5.08178   0.13888  
  7  0.0003 627572.234183  x:  0.12267   5.08177   0.13888  

7 (Bom_syl) ... 3 (Bom_hor)
  0  0.0000 608617.452649  x:  0.08273   4.20357   0.12081  
  1 99.0000 608595.103087  x:  0.07748   4.20358   0.12465  
  2 6721.0502 608548.472598  x:  0.07918   4.20367   0.15263  
  3 5111.2905 608543.655649  x:  0.07917   4.53294   0.15439  
  4 30.6569 608543.375472  x:  0.07860   4.53300   0.15515  
  5  0.0010 608543.373117  x:  0.07861   4.53286   0.15537  
  6  0.0002 608543.373116  x:  0.07861   4.53286   0.15537  

7 (Bom_syl) ... 4 (Bom_hyp)
  0  0.0000 604607.216648  x:  0.06859   3.92314   0.19727  
  1 99.0000 604587.022959  x:  0.07334   3.92325   0.19454  
  2 7538.6956 604461.461241  x:  0.07316   3.92555   0.13690  
  3 4950.2751 604400.214679  x:  0.07297   5.20463   0.14902  
  4 113.3378 604398.908486  x:  0.07275   5.22047   0.14391  
  5  0.0222 604398.895033  x:  0.07264   5.22941   0.14404  
  6  0.0080 604398.894556  x:  0.07265   5.23333   0.14405  
  7  0.0026 604398.894555  x:  0.07265   5.23333   0.14405  

7 (Bom_syl) ... 5 (Bom_mus)
  0  0.0000 602854.833957  x:  0.07096   4.45469   0.19436  
  1 99.0000 602845.486064  x:  0.06781   4.45474   0.19267  
  2 5144.9999 602795.315554  x:  0.06862   4.45584   0.15370  
  3 2928.8057 602780.068093  x:  0.06860   5.15480   0.15912  
  4 47.5458 602779.955955  x:  0.06875   5.15777   0.15756  
  5  0.0041 602779.955047  x:  0.06878   5.15887   0.15762  
  6  0.0012 602779.955043  x:  0.06878   5.15925   0.15762  

7 (Bom_syl) ... 6 (Bom_pas)
  0  0.0000 603488.242968  x:  0.07156   4.18305   0.14890  
  1 99.0000 603486.325838  x:  0.07010   4.18310   0.14907  
  2 2573.7518 603485.690226  x:  0.07007   4.18410   0.15297  
  3 326.0874 603447.215500  x:  0.06998   5.27744   0.15976  
  4 87.2347 603447.186739  x:  0.07001   5.26766   0.15890  
  5  0.0087 603447.186614  x:  0.07001   5.26558   0.15889  
  6  0.0015 603447.186611  x:  0.07001   5.26550   0.15889  
  7  0.0001 603447.186611  x:  0.07001   5.26550   0.15889  
check convergence!


8 (Bom_vet) ... 1 (Apis_mel)
  0  0.0000 739860.419241  x:  0.42390   4.30958   0.21140  
  1 99.0000 736753.277105  x:  0.48414   4.30906   0.10219  
  2 37658.8480 736304.238184  x:  0.55183   4.30742   0.11102  
  3 15896.5304 736236.376838  x:  0.54970   3.81766   0.10825  
  4 259.4441 736186.540885  x:  0.56357   3.86823   0.09813  
  5  0.1010 736186.002122  x:  0.56635   3.87204   0.09829  
  6  0.0039 736186.000599  x:  0.56641   3.87178   0.09824  
  7  0.0003 736186.000597  x:  0.56641   3.87186   0.09824  

8 (Bom_vet) ... 2 (Bom_con)
  0  0.0000 626231.282025  x:  0.10536   3.30566   0.16689  
  1 99.0000 626116.505210  x:  0.11989   3.30605   0.16151  
  2 15522.1270 626002.549212  x:  0.11963   3.30884   0.12339  
  3 6001.0356 625772.809151  x:  0.11928   5.07979   0.14080  
  4 336.9239 625768.233717  x:  0.11919   5.09128   0.13347  
  5  0.0154 625768.209513  x:  0.11913   5.11129   0.13332  
  6  0.0112 625768.207521  x:  0.11915   5.11463   0.13346  
  7  0.0029 625768.207504  x:  0.11915   5.11472   0.13345  
  8  0.0001 625768.207504  x:  0.11915   5.11475   0.13346  
  9  0.0000 625768.207504  x:  0.11915   5.11472   0.13345  

8 (Bom_vet) ... 3 (Bom_hor)
  0  0.0000 606325.412229  x:  0.06644   4.12278   0.19884  
  1 99.0000 606268.817882  x:  0.07431   4.12281   0.19706  
  2 14626.1857 606172.356061  x:  0.07448   4.12387   0.14535  
  3 3433.9272 606165.095727  x:  0.07444   4.53405   0.14902  
  4 37.5245 606165.028791  x:  0.07441   4.53625   0.14784  
  5  0.0035 606165.028393  x:  0.07439   4.53645   0.14785  

8 (Bom_vet) ... 4 (Bom_hyp)
  0  0.0000 602268.485067  x:  0.07041   3.74728   0.14166  
  1 99.0000 602264.897675  x:  0.06847   3.74738   0.14066  
  2 3221.2971 602254.634779  x:  0.06897   3.74890   0.12656  
  3 1692.4558 602166.533293  x:  0.06881   5.31710   0.13811  
  4 139.2938 602165.982014  x:  0.06888   5.32409   0.13478  
  5  0.0075 602165.978392  x:  0.06888   5.33647   0.13480  
  6  0.0067 602165.978379  x:  0.06888   5.33650   0.13482  

8 (Bom_vet) ... 5 (Bom_mus)
  0  0.0000 573733.122533  x:  0.01965   4.46511   0.20669  
  1 99.0000 573731.636067  x:  0.02034   4.46512   0.20648  
  2 4314.3009 573673.822286  x:  0.02039   4.46658   0.13222  
  3 1408.4572 573669.218978  x:  0.02036   5.16866   0.13817  
  4 14.2915 573669.102046  x:  0.02034   5.18184   0.13547  
  5  0.0222 573669.101145  x:  0.02033   5.18614   0.13548  
  6  0.0040 573669.101138  x:  0.02033   5.18695   0.13549  
  7  0.0007 573669.101138  x:  0.02033   5.18696   0.13549  

8 (Bom_vet) ... 6 (Bom_pas)
  0  0.0000 575518.857973  x:  0.02018   4.19128   0.22729  
  1 99.0000 575497.000361  x:  0.02281   4.19128   0.22703  
  2 17286.2738 575388.722539  x:  0.02291   4.19429   0.12769  
  3 1722.6372 575368.998820  x:  0.02285   5.56028   0.14178  
  4 33.9745 575367.979321  x:  0.02287   5.61442   0.13414  
  5  0.0944 575367.966157  x:  0.02287   5.65847   0.13437  
  6  0.0260 575367.966147  x:  0.02287   5.65851   0.13439  

8 (Bom_vet) ... 7 (Bom_syl)
  0  0.0000 602514.447021  x:  0.06357   4.61017   0.12173  
  1 99.0000 602485.091847  x:  0.06907   4.61018   0.12360  
  2 10400.7684 602446.553143  x:  0.06806   4.61042   0.15180  
  3 3274.5774 602434.792469  x:  0.06801   5.24604   0.15476  
  4 39.7267 602434.767161  x:  0.06816   5.24993   0.15501  
  5  0.0036 602434.766966  x:  0.06815   5.25054   0.15508  
  6  0.0005 602434.766966  x:  0.06816   5.25046   0.15508  
  7  0.0001 602434.766965  x:  0.06816   5.25047   0.15508  
  8  0.0000 602434.766965  x:  0.06816   5.25047   0.15508  
check convergence!
