Supplemental results for CODEML (seqf: /home/yzliu/eDNA/faststorage/yzliu/DK_proj/data/ref_genome/ref_annotation/primary_transcripts/extracted_cds_new/new_transcript_id_7_and_pas/bootstraps/cat.out.OG_cds_7_species_same_header_fas.shuf_537OG_623.phy  treef: xxx.trees)


pairwise comparison (Goldman & Yang 1994)
seq seq        N       S       dN       dS     dN/dS   Paras.
  2   1 471545.2 187605.8   0.0100   0.1695   0.0591   0.1662   3.8628   0.0591 -1018908.008
  3   1 471437.4 187713.6   0.0096   0.1584   0.0608   0.1560   3.7224   0.0608 -1014574.658
  3   2 470360.3 188790.7   0.0100   0.1552   0.0642   0.1546   4.1216   0.0642 -1013272.345
  4   1 471958.0 187193.0   0.0076   0.1203   0.0630   0.1188   3.6431   0.0630 -993936.333
  4   2 469961.1 189189.9   0.0096   0.1596   0.0604   0.1580   4.1844   0.0604 -1014182.691
  4   3 468978.3 190172.7   0.0094   0.1522   0.0617   0.1518   4.1542   0.0617 -1011579.328
  5   1 473778.6 185372.4   0.0057   0.0892   0.0640   0.0876   3.3462   0.0640 -974261.001
  5   2 470768.9 188382.1   0.0100   0.1669   0.0600   0.1646   3.9541   0.0600 -1018206.613
  5   3 470928.9 188222.1   0.0097   0.1546   0.0628   0.1533   3.7737   0.0628 -1013510.288
  5   4 471048.6 188102.4   0.0074   0.1153   0.0643   0.1146   3.7512   0.0643 -991443.376
  6   1 475932.5 183218.5   0.0070   0.1171   0.0596   0.1127   3.0885   0.0596 -990856.044
  6   2 471919.2 187231.8   0.0092   0.1630   0.0567   0.1587   3.7790   0.0567 -1014772.490
  6   3 471730.8 187420.2   0.0091   0.1524   0.0596   0.1495   3.6584   0.0596 -1011120.206
  6   4 472453.9 186697.1   0.0069   0.1159   0.0596   0.1133   3.5533   0.0596 -990278.206
  6   5 475255.2 183895.8   0.0071   0.1123   0.0630   0.1093   3.1502   0.0630 -989141.619
  7   1 470662.2 188488.8   0.0642   1.1544   0.0556   1.1278   4.2051   0.0556 -1230355.350
  7   2 467270.1 191880.9   0.0653   1.2270   0.0532   1.2105   4.5006   0.0532 -1234752.161
  7   3 469566.0 189585.0   0.0646   1.1541   0.0560   1.1340   4.3039   0.0560 -1231082.300
  7   4 469203.0 189948.0   0.0642   1.1652   0.0551   1.1443   4.3639   0.0551 -1230401.109
  7   5 470962.7 188188.3   0.0642   1.1383   0.0564   1.1126   4.1827   0.0564 -1229807.516
  7   6 470860.4 188290.6   0.0639   1.1432   0.0559   1.1166   4.1939   0.0559 -1229475.978

