

2 (Bom_con) ... 1 (Apis_mel)
  0  0.0000 412547.730056  x:  0.51875   1.41498   0.44093  
  1 99.0000 403989.093946  x:  0.39999   1.49086   0.09752  
  2 26145.7144 403756.113814  x:  0.42024   1.50011   0.07506  
  3 18136.5480 400915.072416  x:  0.54111   3.34407   0.11533  
  4 4737.9642 400729.144031  x:  0.52283   3.61313   0.09482  
  5  0.1726 400684.007344  x:  0.55965   3.79665   0.08775  
  6  0.1021 400674.496599  x:  0.55934   3.89776   0.09305  
  7  0.0633 400670.250395  x:  0.55624   4.02855   0.09206  
  8  0.0817 400670.182419  x:  0.55764   4.03951   0.09202  
  9  0.0096 400670.182368  x:  0.55762   4.03989   0.09202  
 10  0.0004 400670.182368  x:  0.55762   4.03990   0.09202  

3 (Bom_hor) ... 1 (Apis_mel)
  0  0.0000 404719.458921  x:  0.47449   3.68353   0.21744  
  1 99.0000 402829.235583  x:  0.49043   3.68472   0.09902  
  2 22342.4300 402606.588721  x:  0.56888   3.68527   0.08798  
  3 6513.5566 402590.649353  x:  0.57258   3.99087   0.09009  
  4 108.3194 402587.884526  x:  0.57359   3.96018   0.09262  
  5  0.1013 402587.845874  x:  0.57469   3.95851   0.09243  
  6  0.0015 402587.845854  x:  0.57469   3.95887   0.09243  
  7  0.0003 402587.845853  x:  0.57469   3.95887   0.09243  

3 (Bom_hor) ... 2 (Bom_con)
  0  0.0000 342908.753607  x:  0.12835   3.56818   0.10761  
  1 99.0000 342893.911291  x:  0.12075   3.56838   0.10895  
  2 3758.3274 342892.324528  x:  0.12078   3.56918   0.11402  
  3 655.9533 342846.005003  x:  0.12084   4.63437   0.11986  
  4 105.3709 342845.964377  x:  0.12084   4.62304   0.11900  
  5  0.0096 342845.964083  x:  0.12084   4.62003   0.11900  
  6  0.0020 342845.964081  x:  0.12084   4.62003   0.11901  

4 (Bom_hyp) ... 1 (Apis_mel)
  0  0.0000 403015.883289  x:  0.42387   3.99419   0.21293  
  1 99.0000 401018.760630  x:  0.47282   3.99464   0.09482  
  2 22477.1235 400743.091362  x:  0.55056   3.99413   0.09885  
  3 8461.9869 400742.492060  x:  0.55041   3.93451   0.09834  
  4  9.8134 400722.387366  x:  0.55968   4.01701   0.09035  
  5  0.3971 400722.078050  x:  0.56252   4.03740   0.09050  
  6  0.0166 400722.076008  x:  0.56262   4.03509   0.09043  
  7  0.0023 400722.075991  x:  0.56262   4.03486   0.09044  

4 (Bom_hyp) ... 2 (Bom_con)
  0  0.0000 339249.849908  x:  0.08858   3.66098   0.10711  
  1 99.0000 339132.582123  x:  0.10687   3.66113   0.10770  
  2 13720.3378 339131.977739  x:  0.10678   3.67053   0.11104  
  3 123.5536 339059.756433  x:  0.10681   5.22736   0.11467  
  4 1048.7632 339059.738671  x:  0.10690   5.20043   0.11453  
  5  0.0155 339059.738334  x:  0.10688   5.19867   0.11456  
  6  0.0014 339059.738333  x:  0.10688   5.19872   0.11456  
  7  0.0000 339059.738333  x:  0.10688   5.19873   0.11456  

4 (Bom_hyp) ... 3 (Bom_hor)
  0  0.0000 331100.148383  x:  0.06246   4.35921   0.21450  
  1 99.0000 331049.900298  x:  0.07223   4.35924   0.21183  
  2 10443.9044 330895.177562  x:  0.07255   4.36010   0.12358  
  3 2996.8152 330895.057450  x:  0.07254   4.43566   0.12421  
  4  3.3479 330895.037062  x:  0.07244   4.44084   0.12356  
  5  0.0080 330895.032629  x:  0.07236   4.43678   0.12370  
  6  0.0045 330895.032613  x:  0.07236   4.43602   0.12370  
  7  0.0007 330895.032613  x:  0.07236   4.43606   0.12370  
  8  0.0000 330895.032613  x:  0.07236   4.43605   0.12370  

5 (Bom_mus) ... 1 (Apis_mel)
  0  0.0000 402103.455187  x:  0.47782   3.74830   0.15595  
  1 99.0000 401423.628059  x:  0.49108   3.74875   0.09634  
  2 17966.1593 401239.584282  x:  0.56327   3.74929   0.08989  
  3 6000.5898 401226.971114  x:  0.56611   4.03028   0.09118  
  4 93.3630 401226.952487  x:  0.56642   4.02901   0.09135  
  5  0.0021 401226.948107  x:  0.56676   4.02904   0.09127  
  6  0.0004 401226.948106  x:  0.56676   4.02912   0.09127  

5 (Bom_mus) ... 2 (Bom_con)
  0  0.0000 340901.158671  x:  0.10808   3.37810   0.16971  
  1 99.0000 340837.418074  x:  0.12216   3.37937   0.14494  
  2 4579.8376 340760.582708  x:  0.11759   3.38139   0.10797  
  3 10325.8060 340643.643052  x:  0.11625   5.14970   0.12326  
  4 168.1117 340640.245990  x:  0.11341   5.15638   0.11913  
  5  0.0092 340640.243181  x:  0.11335   5.16500   0.11922  
  6  0.0055 340640.242818  x:  0.11338   5.16754   0.11919  
  7  0.0022 340640.242816  x:  0.11338   5.16757   0.11920  
  8  0.0000 340640.242815  x:  0.11338   5.16757   0.11920  

5 (Bom_mus) ... 3 (Bom_hor)
  0  0.0000 331793.305406  x:  0.06654   4.40542   0.18645  
  1 99.0000 331761.791625  x:  0.07449   4.40542   0.18469  
  2 8050.4059 331714.812918  x:  0.07465   4.40548   0.13796  
  3 1861.6092 331713.590121  x:  0.07465   4.19586   0.13643  
  4 10.5756 331713.580910  x:  0.07463   4.18102   0.13668  
  5  0.0213 331713.580792  x:  0.07461   4.18087   0.13666  
  6  0.0001 331713.580790  x:  0.07461   4.18102   0.13667  
  7  0.0002 331713.580790  x:  0.07461   4.18102   0.13666  
  8  0.0000 331713.580790  x:  0.07461   4.18102   0.13666  
  9  0.0000 331713.580790  x:  0.07461   4.18102   0.13666  
check convergence!


5 (Bom_mus) ... 4 (Bom_hyp)
  0  0.0000 329717.725134  x:  0.06047   3.70528   0.24009  
  1 99.0000 329682.998514  x:  0.06843   3.70539   0.23712  
  2 8545.8466 329451.183107  x:  0.06879   3.70969   0.12118  
  3 3438.3494 329407.149630  x:  0.06862   5.11567   0.13827  
  4 75.2374 329404.144508  x:  0.06850   5.18753   0.12826  
  5  0.1345 329404.077337  x:  0.06823   5.23632   0.12862  
  6  0.0336 329404.073803  x:  0.06829   5.24746   0.12868  
  7  0.0078 329404.073801  x:  0.06829   5.24768   0.12868  
  8  0.0002 329404.073801  x:  0.06829   5.24767   0.12868  
  9  0.0000 329404.073801  x:  0.06829   5.24769   0.12868  

6 (Bom_pas) ... 1 (Apis_mel)
  0  0.0000 404486.637439  x:  0.42624   4.27064   0.24226  
  1 99.0000 401880.530631  x:  0.48447   4.27074   0.09682  
  2 22952.4602 401627.590538  x:  0.55911   4.26947   0.10162  
  3 7911.2530 401613.216921  x:  0.55795   3.96395   0.09955  
  4 88.4957 401593.808013  x:  0.56766   4.03102   0.09155  
  5  0.1965 401593.585205  x:  0.57023   4.03897   0.09162  
  6  0.0067 401593.584640  x:  0.57026   4.03782   0.09159  
  7  0.0013 401593.584640  x:  0.57026   4.03778   0.09159  

6 (Bom_pas) ... 2 (Bom_con)
  0  0.0000 341236.156429  x:  0.11652   3.56659   0.10713  
  1 99.0000 341233.490406  x:  0.11383   3.56708   0.11059  
  2 1204.6101 341231.827003  x:  0.11504   3.56793   0.11499  
  3 1146.4514 341144.166418  x:  0.11514   5.15878   0.12345  
  4 142.0543 341144.083257  x:  0.11499   5.15828   0.12226  
  5  0.0011 341144.082873  x:  0.11502   5.15988   0.12222  
  6  0.0014 341144.082845  x:  0.11501   5.16087   0.12223  
  7  0.0006 341144.082845  x:  0.11501   5.16090   0.12223  

6 (Bom_pas) ... 3 (Bom_hor)
  0  0.0000 332396.210549  x:  0.06574   4.35667   0.12510  
  1 99.0000 332334.674205  x:  0.07691   4.35667   0.12627  
  2 11591.2683 332327.561364  x:  0.07660   4.35656   0.14162  
  3 982.4445 332327.529747  x:  0.07661   4.32065   0.14143  
  4  1.7479 332327.528993  x:  0.07657   4.32053   0.14139  

6 (Bom_pas) ... 4 (Bom_hyp)
  0  0.0000 330127.514867  x:  0.07326   3.80077   0.13623  
  1 99.0000 330122.891084  x:  0.07016   3.80086   0.13568  
  2 2891.4673 330120.992000  x:  0.07034   3.80227   0.12770  
  3 460.7910 330072.321810  x:  0.07019   5.38162   0.13849  
  4 77.7762 330072.093133  x:  0.07025   5.38714   0.13558  
  5  0.0058 330072.091808  x:  0.07024   5.39717   0.13560  
  6  0.0055 330072.091799  x:  0.07025   5.39730   0.13561  
  7  0.0001 330072.091798  x:  0.07025   5.39733   0.13561  
  8  0.0000 330072.091798  x:  0.07025   5.39733   0.13561  
  9  0.0000 330072.091798  x:  0.07025   5.39733   0.13561  
 10  0.0063 330072.091798  x:  0.07025   5.39733   0.13561  
check convergence!


6 (Bom_pas) ... 5 (Bom_mus)
  0  0.0000 314762.275679  x:  0.01853   4.37493   0.16219  
  1 99.0000 314736.572880  x:  0.02228   4.37494   0.16204  
  2 14637.3043 314721.964415  x:  0.02233   4.37620   0.12085  
  3 614.4656 314714.098304  x:  0.02228   5.62624   0.12910  
  4 14.6733 314713.948610  x:  0.02229   5.63755   0.12523  
  5  0.0156 314713.948254  x:  0.02229   5.64673   0.12523  
  6  0.0057 314713.948253  x:  0.02229   5.64705   0.12524  
  7  0.0008 314713.948252  x:  0.02229   5.64697   0.12524  
  8  0.0002 314713.948251  x:  0.02229   5.64699   0.12524  
  9  0.0001 314713.948251  x:  0.02229   5.64699   0.12524  
 10  0.0007 314713.948250  x:  0.02229   5.64699   0.12524  
 11  0.4383 314713.948249  x:  0.02229   5.64699   0.12524  
 12  0.0769 314713.948249  x:  0.02229   5.64699   0.12524  
check convergence!


7 (Bom_syl) ... 1 (Apis_mel)
  0  0.0000 403448.778486  x:  0.46611   4.48067   0.20796  
  1 99.0000 401875.099676  x:  0.48763   4.48036   0.10064  
  2 20868.7068 401631.392626  x:  0.57274   4.47804   0.09167  
  3 6833.5336 401605.183053  x:  0.56842   4.03472   0.08968  
  4 111.6840 401601.808177  x:  0.56755   4.00745   0.09278  
  5  0.0903 401601.707604  x:  0.56589   4.01434   0.09295  
  6  0.0060 401601.706791  x:  0.56581   4.01211   0.09295  
  7  0.0026 401601.706791  x:  0.56581   4.01211   0.09295  

7 (Bom_syl) ... 2 (Bom_con)
  0  0.0000 342094.347692  x:  0.10117   3.58665   0.19489  
  1 99.0000 342004.846956  x:  0.11838   3.58698   0.18683  
  2 10003.3998 341826.054158  x:  0.11821   3.58979   0.11744  
  3 5144.9468 341750.450210  x:  0.11794   4.99364   0.13115  
  4 129.6093 341747.753462  x:  0.11727   5.02909   0.12424  
  5  0.0519 341747.653035  x:  0.11672   5.05149   0.12467  
  6  0.0191 341747.650043  x:  0.11675   5.06199   0.12470  
  7  0.0062 341747.650042  x:  0.11675   5.06193   0.12470  
  8  0.0001 341747.650042  x:  0.11675   5.06193   0.12470  

7 (Bom_syl) ... 3 (Bom_hor)
  0  0.0000 332298.492168  x:  0.06145   4.28739   0.13024  
  1 99.0000 332179.026361  x:  0.07665   4.28740   0.13053  
  2 17013.3405 332178.900724  x:  0.07662   4.28755   0.13256  
  3 125.1477 332177.903423  x:  0.07661   4.49505   0.13365  
  4  9.9923 332177.903334  x:  0.07660   4.49390   0.13361  
  5  0.0010 332177.903333  x:  0.07660   4.49403   0.13362  

7 (Bom_syl) ... 4 (Bom_hyp)
  0  0.0000 329959.446859  x:  0.05955   3.83488   0.16449  
  1 99.0000 329900.463356  x:  0.06992   3.83496   0.16275  
  2 11887.5328 329848.736269  x:  0.07011   3.83706   0.11803  
  3 2071.8166 329795.003976  x:  0.06994   5.55254   0.13157  
  4 78.5429 329793.930241  x:  0.06998   5.56774   0.12559  
  5  0.0204 329793.925262  x:  0.06999   5.58790   0.12556  
  6  0.0108 329793.925164  x:  0.06999   5.58849   0.12562  
  7  0.0006 329793.925164  x:  0.06999   5.58848   0.12562  

7 (Bom_syl) ... 5 (Bom_mus)
  0  0.0000 329044.790963  x:  0.06408   4.70906   0.23662  
  1 99.0000 329029.046153  x:  0.06973   4.70924   0.22568  
  2 2664.6989 328898.821101  x:  0.06850   4.71069   0.13626  
  3 10610.0832 328893.479022  x:  0.06830   5.32684   0.14139  
  4 18.7742 328890.613197  x:  0.06602   5.30819   0.13910  
  5  0.0199 328890.582596  x:  0.06596   5.29862   0.14013  
  6  0.0170 328890.582272  x:  0.06595   5.29389   0.14008  
  7  0.0040 328890.582270  x:  0.06595   5.29383   0.14008  
  8  0.0001 328890.582270  x:  0.06595   5.29383   0.14008  
  9  0.0000 328890.582270  x:  0.06595   5.29383   0.14008  
 10  0.0364 328890.582270  x:  0.06595   5.29383   0.14008  
check convergence!


7 (Bom_syl) ... 6 (Bom_pas)
  0  0.0000 329460.346438  x:  0.06830   4.35814   0.15490  
  1 99.0000 329459.530346  x:  0.06705   4.35818   0.15433  
  2 1178.3494 329457.004289  x:  0.06734   4.35909   0.14393  
  3 545.5145 329440.076695  x:  0.06728   5.38569   0.15037  
  4 37.6862 329440.031037  x:  0.06731   5.38562   0.14895  
  5  0.0015 329440.031001  x:  0.06731   5.38705   0.14893  
  6  0.0011 329440.031000  x:  0.06731   5.38723   0.14894  
  7  0.0002 329440.031000  x:  0.06731   5.38714   0.14894  
  8  0.0001 329440.031000  x:  0.06731   5.38715   0.14894  
  9  0.0000 329440.031000  x:  0.06731   5.38716   0.14894  

8 (Bom_vet) ... 1 (Apis_mel)
  0  0.0000 401791.188904  x:  0.48086   4.53963   0.11310  
  1 99.0000 401623.753583  x:  0.50900   4.53887   0.09068  
  2 8220.9410 401468.937051  x:  0.56432   4.53714   0.09749  
  3 11301.3487 401434.037084  x:  0.55991   4.03589   0.09637  
  4 126.8773 401426.926868  x:  0.56703   4.02710   0.09154  
  5  0.0124 401426.902815  x:  0.56791   4.02916   0.09151  
  6  0.0020 401426.902800  x:  0.56791   4.02889   0.09152  
  7  0.0003 401426.902800  x:  0.56791   4.02890   0.09152  

8 (Bom_vet) ... 2 (Bom_con)
  0  0.0000 340962.901975  x:  0.09021   3.48531   0.12643  
  1 99.0000 340785.893857  x:  0.11307   3.48553   0.12485  
  2 16784.1177 340775.734297  x:  0.11326   3.48713   0.11117  
  3 1411.3697 340670.234051  x:  0.11313   5.22773   0.12302  
  4 155.1996 340669.453215  x:  0.11334   5.23723   0.11915  
  5  0.0098 340669.445849  x:  0.11340   5.25454   0.11918  
  6  0.0090 340669.445703  x:  0.11338   5.25537   0.11921  
  7  0.0007 340669.445700  x:  0.11338   5.25543   0.11921  
  8  0.0001 340669.445700  x:  0.11338   5.25545   0.11921  
  9  0.0000 340669.445700  x:  0.11338   5.25545   0.11921  
check convergence!


8 (Bom_vet) ... 3 (Bom_hor)
  0  0.0000 331991.576640  x:  0.06694   4.24626   0.22341  
  1 99.0000 331960.394143  x:  0.07488   4.24629   0.22075  
  2 7750.1598 331832.703808  x:  0.07510   4.24712   0.13718  
  3 2776.1151 331832.676520  x:  0.07509   4.28030   0.13749  
  4  1.6329 331832.648194  x:  0.07485   4.28063   0.13725  
  5  0.0004 331832.647622  x:  0.07484   4.28005   0.13738  
  6  0.0011 331832.647622  x:  0.07484   4.28005   0.13738  
check convergence!


8 (Bom_vet) ... 4 (Bom_hyp)
  0  0.0000 329763.051140  x:  0.06814   3.75897   0.17501  
  1 99.0000 329721.340482  x:  0.07473   3.76065   0.13843  
  2 2147.9555 329698.831209  x:  0.07059   3.76167   0.11750  
  3 15046.0510 329644.865239  x:  0.06963   5.43549   0.13120  
  4 79.8020 329644.598996  x:  0.06896   5.43199   0.13008  
  5  0.0042 329644.594024  x:  0.06899   5.43263   0.12969  
  6  0.0009 329644.594019  x:  0.06899   5.43321   0.12969  

8 (Bom_vet) ... 5 (Bom_mus)
  0  0.0000 314138.964512  x:  0.01995   4.43752   0.19327  
  1 99.0000 314137.732135  x:  0.02079   4.43753   0.19296  
  2 2818.7601 314080.471942  x:  0.02086   4.43923   0.10371  
  3 1138.0537 314075.372442  x:  0.02082   5.45934   0.11160  
  4 11.2928 314075.144791  x:  0.02080   5.49372   0.10742  
  5  0.0676 314075.142432  x:  0.02077   5.50910   0.10734  
  6  0.0133 314075.142361  x:  0.02077   5.51245   0.10739  
  7  0.0026 314075.142360  x:  0.02077   5.51255   0.10738  
  8  0.0001 314075.142360  x:  0.02077   5.51256   0.10738  
  9  0.0000 314075.142360  x:  0.02077   5.51256   0.10738  
 10  0.0000 314075.142360  x:  0.02077   5.51256   0.10738  
 11  0.0000 314075.142360  x:  0.02077   5.51256   0.10738  
 12  0.0076 314075.142360  x:  0.02077   5.51256   0.10738  
check convergence!


8 (Bom_vet) ... 6 (Bom_pas)
  0  0.0000 314914.334517  x:  0.02253   4.56761   0.19181  
  1 99.0000 314913.418040  x:  0.02332   4.56766   0.18986  
  2 912.0957 314877.729848  x:  0.02310   4.56975   0.11997  
  3 5834.7790 314863.177986  x:  0.02294   6.45873   0.13392  
  4 19.0129 314862.625452  x:  0.02276   6.49564   0.12687  
  5  0.0532 314862.614222  x:  0.02268   6.51298   0.12721  
  6  0.0176 314862.613684  x:  0.02269   6.52715   0.12721  
  7  0.0090 314862.613681  x:  0.02269   6.52715   0.12721  
  8  0.0023 314862.613681  x:  0.02269   6.52715   0.12721  
check convergence!


8 (Bom_vet) ... 7 (Bom_syl)
  0  0.0000 328926.819587  x:  0.06687   5.31436   0.17751  
  1 99.0000 328923.593363  x:  0.06446   5.31437   0.17552  
  2 2029.7950 328899.735103  x:  0.06544   5.31461   0.14092  
  3 2011.9416 328899.664934  x:  0.06545   5.39024   0.14131  
  4  1.8421 328899.631352  x:  0.06570   5.38813   0.14111  
  5  0.0022 328899.631322  x:  0.06570   5.38807   0.14115  