Supplemental results for CODEML (seqf: /home/yzliu/eDNA/faststorage/yzliu/DK_proj/data/ref_genome/ref_annotation/primary_transcripts/extracted_cds_new/new_transcript_id_8_bom_apis/bootstraps/cat.out.OG_cds_8_species_same_header_fas.shuf_211OG_793.phy  treef: xxx.trees)


pairwise comparison (Goldman & Yang 1994)
seq seq        N       S       dN       dS     dN/dS   Paras.
  2   1 168490.2  53413.8   0.0485   0.5647   0.0859   0.5182   4.4314   0.0859 -381581.292
  3   1 168138.3  53765.7   0.0486   0.5850   0.0831   0.5356   4.5095   0.0831 -382462.605
  3   2 164233.1  57670.9   0.0122   0.1123   0.1088   0.1147   5.9415   0.1088 -328857.368
  4   1 168457.8  53446.2   0.0478   0.5792   0.0825   0.5274   4.4812   0.0825 -381487.639
  4   2 164564.2  57339.8   0.0116   0.1050   0.1102   0.1071   5.8779   0.1102 -327131.119
  4   3 163854.2  58049.8   0.0069   0.0637   0.1075   0.0652   6.4307   0.1075 -316790.215
  5   1 168554.4  53349.6   0.0488   0.5866   0.0832   0.5343   4.4788   0.0832 -382199.345
  5   2 164717.8  57186.2   0.0130   0.1105   0.1175   0.1144   5.8075   0.1175 -328957.543
  5   3 164284.8  57619.2   0.0076   0.0630   0.1214   0.0660   6.0142   0.1214 -317263.399
  5   4 164427.8  57476.2   0.0075   0.0633   0.1179   0.0658   6.1764   0.1179 -317006.267
  6   1 168557.6  53346.4   0.0489   0.5845   0.0837   0.5331   4.4753   0.0837 -382226.097
  6   2 164726.9  57177.1   0.0133   0.1105   0.1200   0.1150   5.7980   0.1200 -329150.885
  6   3 164137.8  57766.2   0.0078   0.0632   0.1229   0.0665   6.1909   0.1229 -317364.772
  6   4 164184.2  57719.8   0.0078   0.0633   0.1225   0.0666   6.4887   0.1225 -317216.577
  6   5 164839.3  57064.7   0.0029   0.0203   0.1425   0.0221   5.8020   0.1425 -303787.214
  7   1 168554.1  53349.9   0.0494   0.5821   0.0848   0.5323   4.4767   0.0848 -382442.832
  7   2 164766.5  57137.5   0.0131   0.1133   0.1160   0.1168   5.7491   0.1160 -329552.850
  7   3 164311.1  57592.9   0.0077   0.0654   0.1182   0.0681   5.9789   0.1182 -317827.473
  7   4 164458.6  57445.4   0.0078   0.0662   0.1175   0.0687   6.1336   0.1175 -317840.110
  7   5 164852.0  57052.0   0.0079   0.0603   0.1308   0.0641   5.7828   0.1308 -316846.522
  7   6 164730.0  57174.0   0.0081   0.0599   0.1348   0.0643   5.9220   0.1348 -316919.085
  8   1 168504.1  53399.9   0.0487   0.5832   0.0834   0.5319   4.4936   0.0834 -382040.424
  8   2 164564.1  57339.9   0.0127   0.1100   0.1154   0.1135   5.9471   0.1154 -328658.385
  8   3 164076.6  57827.4   0.0074   0.0615   0.1208   0.0646   6.2265   0.1208 -316842.798
  8   4 164132.9  57771.1   0.0074   0.0624   0.1186   0.0651   6.5129   0.1186 -316799.407
  8   5 164603.9  57300.1   0.0025   0.0186   0.1334   0.0199   6.0367   0.1334 -302958.979
  8   6 164129.1  57774.9   0.0028   0.0192   0.1449   0.0212   6.6463   0.1449 -303423.260
  8   7 164576.3  57327.7   0.0077   0.0585   0.1317   0.0625   6.0650   0.1317 -316384.077

