

2 (And_ful) ... 1 (And_bic)
  0  0.0000 1005486.784324  x:  0.14423   1.45726   0.38080  
  1 99.0000 1000290.533335  x:  0.30661   1.51148   0.07813  
  2 39005.8656 999475.414763  x:  0.30891   1.51723   0.04253  
  3 211628.2393 992803.111612  x:  0.19526   5.61187   0.12041  
  4 5025.1344 991741.386667  x:  0.15549   5.27086   0.08747  
  5  0.2370 991370.096556  x:  0.16372   4.66607   0.05885  
  6  0.7562 991277.768435  x:  0.17490   4.33173   0.06335  
  7  0.2439 991198.625418  x:  0.17301   3.64024   0.05854  
  8  0.3647 991180.354357  x:  0.16830   3.61132   0.06250  
  9  0.0312 991180.262942  x:  0.16813   3.62954   0.06241  
 10  0.0238 991180.261488  x:  0.16812   3.62799   0.06237  
 11  0.0017 991180.261482  x:  0.16812   3.62801   0.06236  
 12  0.0000 991180.261482  x:  0.16812   3.62801   0.06236  
 13  0.0000 991180.261482  x:  0.16812   3.62801   0.06236  

3 (And_hae) ... 1 (And_bic)
  0  0.0000 991644.388921  x:  0.15381   3.28084   0.17660  
  1 99.0000 989096.385981  x:  0.16530   3.28259   0.06355  
  2 30828.3990 989090.838468  x:  0.16217   3.28270   0.06288  
  3 3478.4794 989077.291255  x:  0.16175   3.51945   0.06558  
  4 119.4179 989076.479453  x:  0.16210   3.53893   0.06446  
  5  0.0577 989076.478798  x:  0.16209   3.54046   0.06445  
  6  0.0014 989076.478795  x:  0.16209   3.54052   0.06445  

3 (And_hae) ... 2 (And_ful)
  0  0.0000 983648.029714  x:  0.12200   3.15193   0.06559  
  1 99.0000 983045.251697  x:  0.15192   3.15215   0.06549  
  2 43752.0940 983042.632615  x:  0.15203   3.15251   0.06311  
  3 2142.7275 982939.730561  x:  0.15203   3.89642   0.06654  
  4 321.2231 982939.582000  x:  0.15217   3.89341   0.06597  
  5  0.0029 982939.581655  x:  0.15219   3.89317   0.06596  
  6  0.0002 982939.581654  x:  0.15219   3.89316   0.06597  
  7  0.0000 982939.581654  x:  0.15219   3.89315   0.06597  
  8  0.0000 982939.581654  x:  0.15219   3.89315   0.06597  

4 (And_hat) ... 1 (And_bic)
  0  0.0000 969811.746786  x:  0.10199   3.49990   0.12984  
  1 99.0000 969209.952985  x:  0.12950   3.50003   0.11562  
  2 42484.3362 968621.959606  x:  0.12854   3.50044   0.06626  
  3 23315.9373 968621.287220  x:  0.12850   3.56737   0.06674  
  4 19.9483 968610.383363  x:  0.12502   3.57372   0.06459  
  5  0.0073 968609.641322  x:  0.12454   3.56433   0.06585  
  6  0.0166 968609.641121  x:  0.12454   3.56370   0.06583  

4 (And_hat) ... 2 (And_ful)
  0  0.0000 987114.831815  x:  0.13756   3.10409   0.17989  
  1 99.0000 985074.151704  x:  0.19113   3.10647   0.08199  
  2 35183.2836 984614.967641  x:  0.18398   3.10720   0.05256  
  3 57374.5661 984370.382459  x:  0.17906   4.32645   0.06059  
  4 480.4752 984078.536808  x:  0.15511   4.06871   0.06305  
  5  0.3156 984074.529395  x:  0.15547   3.90795   0.06316  
  6  0.1311 984074.466527  x:  0.15551   3.90267   0.06279  
  7  0.0056 984074.466518  x:  0.15551   3.90281   0.06279  

4 (And_hat) ... 3 (And_hae)
  0  0.0000 982781.000666  x:  0.14260   3.49192   0.06980  
  1 99.0000 982728.871255  x:  0.15162   3.49206   0.06602  
  2 10870.6064 982726.688188  x:  0.15116   3.49222   0.06392  
  3 2055.6264 982701.149721  x:  0.15119   3.88559   0.06550  
  4 139.2974 982701.138400  x:  0.15116   3.88423   0.06534  
  5  0.0014 982701.138394  x:  0.15116   3.88404   0.06534  
  6  0.0002 982701.138394  x:  0.15116   3.88404   0.06534  

5 (And_mar) ... 1 (And_bic)
  0  0.0000 952043.784467  x:  0.08066   3.41857   0.15034  
  1 99.0000 951721.832283  x:  0.09809   3.41864   0.14100  
  2 35003.5443 950910.567022  x:  0.09789   3.41912   0.06648  
  3 21086.4189 950907.129189  x:  0.09794   3.26767   0.06509  
  4 43.4644 950899.489224  x:  0.09538   3.24102   0.06730  
  5  0.0259 950898.817730  x:  0.09503   3.25612   0.06605  
  6  0.0323 950898.817620  x:  0.09503   3.25596   0.06603  
  7  0.0002 950898.817620  x:  0.09503   3.25596   0.06603  
  8  0.0000 950898.817620  x:  0.09503   3.25596   0.06603  
  9  0.1694 950898.817620  x:  0.09503   3.25596   0.06603  
 10  0.0165 950898.817620  x:  0.09503   3.25596   0.06603  
check convergence!


5 (And_mar) ... 2 (And_ful)
  0  0.0000 990140.559768  x:  0.13623   2.91425   0.06698  
  1 99.0000 989677.411348  x:  0.16405   2.91455   0.06350  
  2 35437.3804 989671.871418  x:  0.16396   2.91490   0.06037  
  3 3366.5527 989566.817963  x:  0.16394   3.57370   0.06363  
  4 363.8134 989566.599012  x:  0.16405   3.57206   0.06297  
  5  0.0017 989566.598651  x:  0.16407   3.57225   0.06296  
  6  0.0002 989566.598649  x:  0.16407   3.57229   0.06296  
  7  0.0000 989566.598649  x:  0.16407   3.57231   0.06296  
  8  0.0000 989566.598649  x:  0.16407   3.57231   0.06296  
check convergence!


5 (And_mar) ... 3 (And_hae)
  0  0.0000 987108.783244  x:  0.13198   3.37919   0.06480  
  1 99.0000 986736.181415  x:  0.15619   3.37921   0.06681  
  2 32653.3880 986735.738748  x:  0.15630   3.37925   0.06583  
  3 878.0309 986734.566633  x:  0.15631   3.45503   0.06615  
  4 31.6301 986734.566285  x:  0.15631   3.45442   0.06612  
  5  0.0006 986734.566284  x:  0.15631   3.45440   0.06612  

5 (And_mar) ... 4 (And_hat)
  0  0.0000 965484.207395  x:  0.10334   3.15840   0.10786  
  1 99.0000 965187.911535  x:  0.12220   3.15859   0.09547  
  2 27831.1196 964952.683138  x:  0.12026   3.15905   0.06576  
  3 18148.7365 964934.164772  x:  0.12007   3.48644   0.06802  
  4 119.8562 964928.900524  x:  0.11750   3.48305   0.06754  
  5  0.0039 964928.876742  x:  0.11746   3.48137   0.06779  
  6  0.0024 964928.876684  x:  0.11746   3.48078   0.06779  
  7  0.0005 964928.876684  x:  0.11746   3.48078   0.06779  

6 (And_tri) ... 1 (And_bic)
  0  0.0000 966296.372439  x:  0.12497   3.26288   0.09621  
  1 99.0000 966066.159724  x:  0.11184   3.26291   0.07633  
  2 18288.7404 965973.715124  x:  0.11720   3.26289   0.06127  
  3 17223.8999 965966.489304  x:  0.11707   3.07249   0.06019  
  4 72.7066 965960.968585  x:  0.11914   3.05666   0.06235  
  5  0.0203 965960.869430  x:  0.11936   3.06006   0.06196  
  6  0.0039 965960.869381  x:  0.11936   3.05964   0.06195  
  7  0.0005 965960.869381  x:  0.11936   3.05966   0.06195  
  8  0.0000 965960.869381  x:  0.11936   3.05966   0.06195  
  9  0.0000 965960.869381  x:  0.11936   3.05965   0.06195  
 10  0.0000 965960.869381  x:  0.11936   3.05965   0.06195  
check convergence!


6 (And_tri) ... 2 (And_ful)
  0  0.0000 987783.787754  x:  0.14758   2.97258   0.17540  
  1 99.0000 984945.297124  x:  0.16159   2.97514   0.05816  
  2 32286.4738 984929.565861  x:  0.15658   2.97539   0.05661  
  3 6101.5177 984869.823135  x:  0.15516   3.43267   0.06240  
  4 281.3852 984864.222181  x:  0.15635   3.48671   0.05972  
  5  0.1578 984864.170585  x:  0.15625   3.50127   0.05968  
  6  0.0122 984864.169755  x:  0.15626   3.50202   0.05972  
  7  0.0007 984864.169755  x:  0.15626   3.50204   0.05972  
  8  0.0000 984864.169755  x:  0.15626   3.50204   0.05972  
check convergence!


6 (And_tri) ... 3 (And_hae)
  0  0.0000 984470.649955  x:  0.16189   3.17207   0.12911  
  1 99.0000 983545.986782  x:  0.13374   3.17270   0.08360  
  2 31125.7242 983270.688556  x:  0.14242   3.17305   0.05945  
  3 31626.5330 983244.881559  x:  0.14315   3.52309   0.06180  
  4 155.9663 983206.693850  x:  0.15025   3.45068   0.06497  
  5  0.0921 983205.835979  x:  0.15074   3.45461   0.06369  
  6  0.0048 983205.835392  x:  0.15075   3.45295   0.06368  
  7  0.0015 983205.835391  x:  0.15075   3.45293   0.06368  
  8  0.0000 983205.835391  x:  0.15075   3.45294   0.06368  

6 (And_tri) ... 4 (And_hat)
  0  0.0000 964260.280579  x:  0.12001   3.03214   0.15845  
  1 99.0000 963588.668626  x:  0.09662   3.03293   0.11643  
  2 25703.8201 962838.455800  x:  0.10224   3.03396   0.06030  
  3 64765.1261 962791.739847  x:  0.10303   3.54765   0.06498  
  4 197.9190 962673.606274  x:  0.11466   3.42742   0.06482  
  5  0.1258 962673.368955  x:  0.11469   3.43108   0.06402  
  6  0.0067 962673.366387  x:  0.11468   3.42720   0.06398  
  7  0.0034 962673.366385  x:  0.11468   3.42718   0.06399  
  8  0.0000 962673.366385  x:  0.11468   3.42719   0.06399  
  9  0.0000 962673.366385  x:  0.11468   3.42718   0.06399  

6 (And_tri) ... 5 (And_mar)
  0  0.0000 964389.261079  x:  0.10403   3.24218   0.15991  
  1 99.0000 963800.439610  x:  0.13134   3.24245   0.11466  
  2 23566.4316 963195.563542  x:  0.12723   3.24267   0.06474  
  3 55843.6042 963187.525124  x:  0.12751   3.04234   0.06307  
  4 71.2227 963030.684024  x:  0.11331   2.93725   0.06772  
  5  0.1195 963029.276756  x:  0.11301   2.96185   0.06597  
  6  0.0457 963029.275371  x:  0.11304   2.96119   0.06594  
  7  0.0008 963029.275370  x:  0.11304   2.96124   0.06594  
  8  0.0001 963029.275370  x:  0.11304   2.96124   0.06594  

7 (Bom_pas) ... 1 (And_bic)
  0  0.0000 1213151.043488  x:  1.18713   2.66366   0.12540  
  1 99.0000 1203420.426447  x:  1.17784   2.66545   0.05191  
  2 182248.2712 1203225.138265  x:  1.10081   2.72654   0.06089  
  3 4106.3930 1202105.501201  x:  1.23809   3.99131   0.05901  
  4 3033.9101 1201926.195419  x:  1.17779   4.04085   0.05601  
  5  0.1108 1201925.004897  x:  1.17410   4.07297   0.05648  
  6  0.0250 1201924.864061  x:  1.17691   4.08676   0.05634  
  7  0.0098 1201924.863729  x:  1.17682   4.08693   0.05634  
  8  0.0002 1201924.863729  x:  1.17682   4.08693   0.05634  

7 (Bom_pas) ... 2 (And_ful)
  0  0.0000 1205551.683327  x:  1.37020   3.42471   0.04845  
  1 99.0000 1205544.565310  x:  1.36953   3.42490   0.04728  
  2 10289.6409 1204972.775183  x:  1.17313   3.48467   0.05452  
  3 6437.8929 1204608.584391  x:  1.26165   4.34555   0.05378  
  4 984.4258 1204602.113464  x:  1.24169   4.36401   0.05454  
  5  0.0294 1204602.109815  x:  1.24155   4.36501   0.05457  
  6  0.0008 1204602.109783  x:  1.24159   4.36497   0.05457  
  7  0.0001 1204602.109783  x:  1.24158   4.36495   0.05457  
  8  0.0000 1204602.109783  x:  1.24158   4.36495   0.05457  

7 (Bom_pas) ... 3 (And_hae)
  0  0.0000 1211866.652476  x:  1.18087   3.89935   0.14033  
  1 99.0000 1201577.969752  x:  1.17040   3.90005   0.05659  
  2 166984.1862 1201573.777246  x:  1.15976   3.90542   0.05792  
  3 707.6569 1201535.239228  x:  1.18137   4.22459   0.05737  
  4 321.5051 1201533.016827  x:  1.17184   4.20545   0.05721  
  5  0.0321 1201532.972307  x:  1.17132   4.19545   0.05724  
  6  0.0093 1201532.972300  x:  1.17133   4.19542   0.05724  
  7  0.0000 1201532.972300  x:  1.17133   4.19542   0.05724  

7 (Bom_pas) ... 4 (And_hat)
  0  0.0000 1201913.497743  x:  1.23330   3.67297   0.05355  
  1 99.0000 1201910.713520  x:  1.23284   3.67309   0.05273  
  2 5790.2529 1201780.160560  x:  1.14494   3.69856   0.05659  
  3 3462.7343 1201650.826506  x:  1.18989   4.22316   0.05611  
  4 548.8169 1201650.376262  x:  1.18490   4.22613   0.05625  
  5  0.0059 1201650.376144  x:  1.18491   4.22616   0.05624  
  6  0.0000 1201650.376144  x:  1.18491   4.22618   0.05624  
  7  0.0000 1201650.376144  x:  1.18491   4.22618   0.05624  

7 (Bom_pas) ... 5 (And_mar)
  0  0.0000 1217360.455250  x:  1.31219   3.51229   0.14933  
  1 99.0000 1201910.970371  x:  1.29700   3.51363   0.05011  
  2 195531.0403 1201748.721032  x:  1.22766   3.52793   0.05909  
  3 4938.6421 1201593.222973  x:  1.27191   4.08333   0.05803  
  4 611.5601 1201304.489709  x:  1.14540   4.00687   0.05912  
  5  0.1996 1201297.149511  x:  1.15866   4.04175   0.05738  
  6  0.0389 1201297.035451  x:  1.15654   4.04132   0.05736  
  7  0.0025 1201297.035284  x:  1.15653   4.04180   0.05737  
  8  0.0004 1201297.035283  x:  1.15654   4.04184   0.05737  

7 (Bom_pas) ... 6 (And_tri)
  0  0.0000 1215018.595339  x:  1.31063   3.62421   0.14120  
  1 99.0000 1201115.251789  x:  1.29759   3.62529   0.04986  
  2 195750.6134 1200961.179138  x:  1.22605   3.63886   0.05851  
  3 4530.5335 1200853.006672  x:  1.26334   4.11188   0.05756  
  4 491.7113 1200622.788785  x:  1.15279   4.04194   0.05808  
  5  0.1843 1200616.835552  x:  1.16507   4.06937   0.05652  
  6  0.0322 1200616.767711  x:  1.16343   4.06780   0.05650  
  7  0.0026 1200616.767700  x:  1.16341   4.06776   0.05650  