Supplemental results for CODEML (seqf: /home/yzliu/eDNA/faststorage/yzliu/DK_proj/data/ref_genome/ref_annotation/primary_transcripts/extracted_cds_new/new_transcript_id_7_and_pas/bootstraps/cat.out.OG_cds_7_species_same_header_fas.shuf_537OG_416.phy  treef: xxx.trees)


pairwise comparison (Goldman & Yang 1994)
seq seq        N       S       dN       dS     dN/dS   Paras.
  2   1 449932.9 175129.1   0.0107   0.1727   0.0622   0.1683   3.6228   0.0622 -968546.641
  3   1 449189.7 175872.3   0.0102   0.1640   0.0622   0.1604   3.5915   0.0622 -964852.642
  3   2 448029.7 177032.3   0.0102   0.1555   0.0658   0.1541   4.0170   0.0658 -960969.120
  4   1 450175.0 174887.0   0.0080   0.1243   0.0641   0.1216   3.4510   0.0641 -944501.187
  4   2 448210.7 176851.3   0.0103   0.1633   0.0633   0.1608   3.9880   0.0633 -963958.102
  4   3 447090.7 177971.3   0.0098   0.1557   0.0630   0.1541   3.9953   0.0630 -960708.999
  5   1 452397.7 172664.3   0.0058   0.0925   0.0627   0.0892   3.0983   0.0627 -925090.117
  5   2 449636.5 175425.5   0.0108   0.1706   0.0631   0.1669   3.6481   0.0631 -968009.898
  5   3 448995.5 176066.5   0.0103   0.1597   0.0645   0.1571   3.6041   0.0645 -963644.409
  5   4 450367.3 174694.7   0.0079   0.1191   0.0665   0.1170   3.4100   0.0665 -942311.874
  6   1 453385.4 171676.6   0.0074   0.1227   0.0606   0.1173   2.9939   0.0606 -942546.674
  6   2 450090.8 174971.2   0.0101   0.1655   0.0609   0.1608   3.6007   0.0609 -964541.478
  6   3 449450.5 175611.5   0.0098   0.1586   0.0619   0.1548   3.5544   0.0619 -962041.564
  6   4 450651.5 174410.5   0.0077   0.1204   0.0636   0.1173   3.3867   0.0636 -942111.742
  6   5 453618.2 171443.8   0.0075   0.1182   0.0636   0.1137   2.9561   0.0636 -940985.646
  7   1 447449.0 177613.0   0.0678   1.2219   0.0555   1.1872   4.1723   0.0555 -1173071.201
  7   2 443949.5 181112.5   0.0691   1.2925   0.0534   1.2707   4.5165   0.0534 -1176820.646
  7   3 446019.2 179042.8   0.0684   1.2248   0.0558   1.1989   4.3293   0.0558 -1173735.185
  7   4 445614.6 179447.4   0.0680   1.2400   0.0548   1.2134   4.3806   0.0548 -1173532.237
  7   5 447584.4 177477.6   0.0678   1.2104   0.0561   1.1768   4.1705   0.0561 -1172717.045
  7   6 447332.7 177729.3   0.0677   1.2243   0.0553   1.1896   4.1872   0.0553 -1172902.989

