Supplemental results for CODEML (seqf: /home/yzliu/eDNA/faststorage/yzliu/DK_proj/data/ref_genome/ref_annotation/primary_transcripts/extracted_cds_new/new_transcript_id_8_bom_apis/bootstraps/cat.out.OG_cds_8_species_same_header_fas.shuf_211OG_907.phy  treef: xxx.trees)


pairwise comparison (Goldman & Yang 1994)
seq seq        N       S       dN       dS     dN/dS   Paras.
  2   1 163673.1  55719.9   0.0635   0.5916   0.1073   0.5929   3.7649   0.1073 -391431.861
  3   1 163383.8  56009.2   0.0644   0.6069   0.1062   0.6088   3.7860   0.1062 -392644.085
  3   2 159218.6  60174.4   0.0163   0.1121   0.1452   0.1277   5.1897   0.1452 -331325.877
  4   1 163856.1  55536.9   0.0639   0.6042   0.1058   0.6020   3.7431   0.1058 -391966.374
  4   2 159938.1  59454.9   0.0152   0.1028   0.1483   0.1169   4.9196   0.1483 -328973.260
  4   3 158896.2  60496.8   0.0095   0.0610   0.1558   0.0711   5.5685   0.1558 -317670.085
  5   1 163850.7  55542.3   0.0640   0.6064   0.1055   0.6039   3.7558   0.1055 -392005.882
  5   2 159741.3  59651.7   0.0162   0.1107   0.1461   0.1256   5.0825   0.1461 -330745.571
  5   3 159502.5  59890.5   0.0095   0.0629   0.1502   0.0722   5.0797   0.1502 -317917.545
  5   4 159855.0  59538.0   0.0098   0.0625   0.1575   0.0724   5.0966   0.1575 -317963.183
  6   1 163797.7  55595.3   0.0644   0.6074   0.1060   0.6059   3.7688   0.1060 -392239.112
  6   2 159631.5  59761.5   0.0167   0.1111   0.1499   0.1272   5.1489   0.1499 -331140.875
  6   3 159141.2  60251.8   0.0099   0.0634   0.1560   0.0738   5.3495   0.1560 -318314.184
  6   4 159512.0  59881.0   0.0105   0.0623   0.1688   0.0740   5.3555   0.1688 -318465.267
  6   5 159504.3  59888.7   0.0029   0.0211   0.1396   0.0237   5.3755   0.1396 -302726.521
  7   1 163784.0  55609.0   0.0646   0.6035   0.1071   0.6036   3.7639   0.1071 -392276.754
  7   2 159516.4  59876.6   0.0167   0.1112   0.1506   0.1276   5.2237   0.1506 -331290.222
  7   3 158631.2  60761.8   0.0094   0.0638   0.1478   0.0735   5.7804   0.1478 -318081.088
  7   4 158968.0  60425.0   0.0100   0.0628   0.1594   0.0736   5.8246   0.1594 -318146.162
  7   5 159471.2  59921.8   0.0096   0.0597   0.1608   0.0698   5.3844   0.1608 -317197.941
  7   6 159238.6  60154.4   0.0100   0.0602   0.1658   0.0713   5.5643   0.1658 -317596.557
  8   1 163753.0  55640.0   0.0642   0.6063   0.1060   0.6052   3.7811   0.1060 -392139.614
  8   2 159629.3  59763.7   0.0161   0.1096   0.1470   0.1247   5.1330   0.1470 -330578.925
  8   3 159173.0  60220.0   0.0097   0.0620   0.1560   0.0721   5.3050   0.1560 -317951.062
  8   4 159541.5  59851.5   0.0100   0.0618   0.1622   0.0725   5.3115   0.1622 -318044.913
  8   5 160075.1  59317.9   0.0026   0.0204   0.1292   0.0223   4.9037   0.1292 -302270.923
  8   6 158213.2  61179.8   0.0029   0.0207   0.1426   0.0236   6.6092   0.1426 -302661.665
  8   7 159101.6  60291.4   0.0097   0.0586   0.1651   0.0694   5.6679   0.1651 -317091.227

