

2 (Bom_con) ... 1 (Apis_mel)
  0  0.0000 401885.483025  x:  0.54289   1.45221   0.46215  
  1 99.0000 394242.511810  x:  0.43394   1.53121   0.11267  
  2 23375.6146 394004.861897  x:  0.45895   1.54241   0.08750  
  3 15538.3417 391635.407127  x:  0.57639   3.17554   0.13073  
  4 4325.9201 391481.841541  x:  0.55658   3.44332   0.11127  
  5  0.1841 391439.980248  x:  0.59201   3.58639   0.10381  
  6  0.0908 391433.897496  x:  0.59461   3.67556   0.10793  
  7  0.0558 391431.860827  x:  0.59285   3.76485   0.10732  
  8  0.0612 391431.860571  x:  0.59291   3.76485   0.10733  
  9  0.0001 391431.860571  x:  0.59291   3.76488   0.10733  

3 (Bom_hor) ... 1 (Apis_mel)
  0  0.0000 393711.552253  x:  0.45457   3.47775   0.16259  
  1 99.0000 392976.927241  x:  0.51166   3.47826   0.10344  
  2 15396.3198 392696.223065  x:  0.58059   3.47859   0.11695  
  3 11865.3791 392683.439740  x:  0.58239   3.73213   0.11842  
  4 104.1594 392644.555360  x:  0.60533   3.76367   0.10581  
  5  0.0408 392644.089080  x:  0.60852   3.78598   0.10631  
  6  0.0191 392644.084862  x:  0.60878   3.78613   0.10618  
  7  0.0004 392644.084858  x:  0.60878   3.78600   0.10618  
  8  0.0001 392644.084858  x:  0.60878   3.78600   0.10618  

3 (Bom_hor) ... 2 (Bom_con)
  0  0.0000 331509.331272  x:  0.12116   3.47571   0.17789  
  1 99.0000 331482.090681  x:  0.13145   3.47643   0.16755  
  2 3833.6404 331435.783201  x:  0.12909   3.47891   0.13424  
  3 4453.5769 331327.463674  x:  0.12856   5.15121   0.15077  
  4 162.8638 331325.890815  x:  0.12775   5.16613   0.14511  
  5  0.0171 331325.877418  x:  0.12764   5.18721   0.14523  
  6  0.0120 331325.876648  x:  0.12769   5.18971   0.14524  
  7  0.0022 331325.876648  x:  0.12769   5.18974   0.14524  

4 (Bom_hyp) ... 1 (Apis_mel)
  0  0.0000 393289.978479  x:  0.45812   4.39779   0.18455  
  1 99.0000 392347.317176  x:  0.51380   4.39666   0.10859  
  2 16443.9013 392064.343151  x:  0.58979   4.39417   0.11942  
  3 9971.1967 391991.995030  x:  0.58528   3.71270   0.11622  
  4 194.0739 391966.572112  x:  0.59958   3.74443   0.10572  
  5  0.0503 391966.374685  x:  0.60194   3.74101   0.10580  
  6  0.0035 391966.373635  x:  0.60203   3.74318   0.10578  
  7  0.0025 391966.373631  x:  0.60203   3.74310   0.10577  

4 (Bom_hyp) ... 2 (Bom_con)
  0  0.0000 329309.113190  x:  0.10623   3.20174   0.22056  
  1 99.0000 329258.497471  x:  0.11963   3.20232   0.21154  
  2 6551.1195 329093.821404  x:  0.11894   3.20711   0.13644  
  3 5193.5407 328978.590452  x:  0.11837   4.80906   0.15873  
  4 180.1881 328973.420567  x:  0.11740   4.85821   0.14759  
  5  0.0664 328973.275314  x:  0.11679   4.89864   0.14819  
  6  0.0308 328973.259569  x:  0.11692   4.91956   0.14826  
  7  0.0125 328973.259564  x:  0.11692   4.91959   0.14827  
  8  0.0000 328973.259564  x:  0.11692   4.91959   0.14827  
  9  0.0000 328973.259564  x:  0.11692   4.91959   0.14827  
 10  0.0000 328973.259564  x:  0.11692   4.91959   0.14827  
check convergence!


4 (Bom_hyp) ... 3 (Bom_hor)
  0  0.0000 317843.881993  x:  0.06630   3.95518   0.23592  
  1 99.0000 317829.927223  x:  0.07179   3.95530   0.23311  
  2 4774.1975 317714.298454  x:  0.07180   3.95897   0.14650  
  3 2754.8347 317671.846653  x:  0.07160   5.49241   0.16427  
  4 67.2125 317670.118236  x:  0.07132   5.53247   0.15551  
  5  0.0604 317670.087329  x:  0.07109   5.55714   0.15575  
  6  0.0204 317670.085402  x:  0.07112   5.56848   0.15582  
  7  0.0072 317670.085402  x:  0.07112   5.56848   0.15581  
  8  0.0000 317670.085402  x:  0.07112   5.56848   0.15581  
  9  0.0000 317670.085402  x:  0.07112   5.56849   0.15581  
 10  0.0000 317670.085402  x:  0.07112   5.56848   0.15581  

5 (Bom_mus) ... 1 (Apis_mel)
  0  0.0000 394273.995729  x:  0.59798   4.61828   0.24928  
  1 99.0000 392177.567789  x:  0.56772   4.61784   0.11627  
  2 21623.9805 392122.730923  x:  0.60218   4.61469   0.10328  
  3 2994.7800 392024.630118  x:  0.58825   3.76818   0.10092  
  4 208.9041 392006.006818  x:  0.60242   3.73722   0.10593  
  5  0.0861 392005.886420  x:  0.60372   3.75867   0.10562  
  6  0.0266 392005.881930  x:  0.60389   3.75578   0.10551  
  7  0.0032 392005.881927  x:  0.60388   3.75577   0.10551  
  8  0.0000 392005.881927  x:  0.60388   3.75577   0.10551  

5 (Bom_mus) ... 2 (Bom_con)
  0  0.0000 331034.010321  x:  0.11589   3.46901   0.21200  
  1 99.0000 330983.351191  x:  0.12995   3.46967   0.19974  
  2 5656.3469 330846.213408  x:  0.12831   3.47316   0.13561  
  3 6084.3888 330749.425240  x:  0.12773   5.01723   0.15367  
  4 154.3209 330745.679728  x:  0.12613   5.04976   0.14541  
  5  0.0418 330745.576398  x:  0.12555   5.06836   0.14613  
  6  0.0180 330745.571020  x:  0.12558   5.08252   0.14612  
  7  0.0079 330745.570990  x:  0.12559   5.08252   0.14615  
  8  0.0000 330745.570990  x:  0.12559   5.08252   0.14615  

5 (Bom_mus) ... 3 (Bom_hor)
  0  0.0000 318164.653569  x:  0.05834   4.18363   0.24151  
  1 99.0000 318067.540954  x:  0.07180   4.18368   0.23952  
  2 15397.1782 317932.180294  x:  0.07214   4.18621   0.14517  
  3 2359.6048 317918.014251  x:  0.07209   5.04694   0.15458  
  4 36.7132 317917.546976  x:  0.07214   5.06943   0.15013  
  5  0.0393 317917.544914  x:  0.07217   5.07941   0.15020  
  6  0.0073 317917.544910  x:  0.07217   5.07965   0.15020  
  7  0.0002 317917.544910  x:  0.07217   5.07968   0.15020  
  8  0.0000 317917.544909  x:  0.07217   5.07967   0.15020  
  9  0.0000 317917.544909  x:  0.07217   5.07967   0.15020  
 10  0.0000 317917.544909  x:  0.07217   5.07967   0.15020  
 11  0.0238 317917.544909  x:  0.07217   5.07967   0.15020  
check convergence!


5 (Bom_mus) ... 4 (Bom_hyp)
  0  0.0000 318098.502635  x:  0.06869   4.21643   0.24171  
  1 99.0000 318088.372359  x:  0.07334   4.21652   0.23835  
  2 3618.0894 317977.531685  x:  0.07314   4.21891   0.15245  
  3 3202.6644 317963.766926  x:  0.07302   5.07198   0.16158  
  4 35.9494 317963.212622  x:  0.07262   5.09104   0.15701  
  5  0.0290 317963.182548  x:  0.07238   5.09504   0.15750  
  6  0.0043 317963.182509  x:  0.07238   5.09657   0.15750  
  7  0.0012 317963.182509  x:  0.07238   5.09662   0.15750  
  8  0.0000 317963.182509  x:  0.07238   5.09663   0.15750  
  9  0.0000 317963.182509  x:  0.07238   5.09662   0.15750  

6 (Bom_pas) ... 1 (Apis_mel)
  0  0.0000 392420.140569  x:  0.56411   4.29519   0.13143  
  1 99.0000 392335.924815  x:  0.56936   4.29475   0.11115  
  2 7383.4730 392280.398319  x:  0.61444   4.29152   0.10672  
  3 2892.9226 392239.193846  x:  0.60736   3.76998   0.10546  
  4 147.8577 392239.115653  x:  0.60620   3.76852   0.10599  
  5  0.0023 392239.112375  x:  0.60594   3.76888   0.10595  
  6  0.0005 392239.112375  x:  0.60594   3.76883   0.10595  
  7  0.0001 392239.112375  x:  0.60594   3.76883   0.10595  
  8  0.0000 392239.112375  x:  0.60594   3.76883   0.10595  

6 (Bom_pas) ... 2 (Bom_con)
  0  0.0000 331368.036746  x:  0.12882   3.39002   0.09717  
  1 99.0000 331261.759619  x:  0.12848   3.39102   0.13893  
  2 5969.5072 331261.187807  x:  0.12697   3.39140   0.13910  
  3 729.5826 331140.913851  x:  0.12722   5.15428   0.14892  
  4 186.1823 331140.875374  x:  0.12718   5.15116   0.14991  
  5  0.0018 331140.875229  x:  0.12720   5.14950   0.14988  
  6  0.0011 331140.875212  x:  0.12719   5.14889   0.14988  

6 (Bom_pas) ... 3 (Bom_hor)
  0  0.0000 318340.923234  x:  0.07007   4.41393   0.13646  
  1 99.0000 318333.173719  x:  0.07419   4.41396   0.13735  
  2 3789.2395 318328.591773  x:  0.07384   4.41456   0.15113  
  3 731.2307 318314.188174  x:  0.07377   5.35160   0.15642  
  4 34.6259 318314.183718  x:  0.07378   5.34938   0.15596  
  5  0.0019 318314.183718  x:  0.07378   5.34950   0.15596  

6 (Bom_pas) ... 4 (Bom_hyp)
  0  0.0000 318503.173382  x:  0.07156   4.28116   0.19207  
  1 99.0000 318499.880234  x:  0.07427   4.28122   0.19079  
  2 2249.8972 318485.242249  x:  0.07414   4.28269   0.16306  
  3 1162.9734 318465.471348  x:  0.07405   5.35075   0.17202  
  4 42.5129 318465.267602  x:  0.07399   5.35221   0.16879  
  5  0.0040 318465.267376  x:  0.07397   5.35500   0.16879  
  6  0.0023 318465.267368  x:  0.07398   5.35554   0.16879  
  7  0.0004 318465.267368  x:  0.07398   5.35551   0.16879  
  8  0.0000 318465.267368  x:  0.07398   5.35552   0.16879  
  9  0.0000 318465.267368  x:  0.07398   5.35552   0.16879  
 10  0.0000 318465.267368  x:  0.07398   5.35552   0.16879  
 11  0.0245 318465.267368  x:  0.07398   5.35552   0.16879  
check convergence!


6 (Bom_pas) ... 5 (Bom_mus)
  0  0.0000 302801.877756  x:  0.02377   4.53611   0.25459  
  1 99.0000 302801.258380  x:  0.02314   4.53612   0.25374  
  2 1148.5515 302730.268057  x:  0.02339   4.53858   0.13574  
  3 2578.8366 302726.794769  x:  0.02340   5.33328   0.14397  
  4  9.5562 302726.542910  x:  0.02355   5.36793   0.13916  
  5  0.0645 302726.520982  x:  0.02366   5.37275   0.13965  
  6  0.0053 302726.520943  x:  0.02366   5.37525   0.13962  
  7  0.0021 302726.520942  x:  0.02366   5.37551   0.13963  
  8  0.0002 302726.520942  x:  0.02366   5.37551   0.13963  

7 (Bom_syl) ... 1 (Apis_mel)
  0  0.0000 392407.441505  x:  0.55729   4.26910   0.10852  
  1 99.0000 392372.010509  x:  0.56883   4.26847   0.11870  
  2 4755.5100 392315.181273  x:  0.61102   4.26558   0.10769  
  3 3876.8527 392276.781927  x:  0.60443   3.76457   0.10679  
  4 143.6629 392276.754041  x:  0.60367   3.76366   0.10710  
  5  0.0013 392276.753769  x:  0.60361   3.76392   0.10708  
  6  0.0003 392276.753768  x:  0.60361   3.76386   0.10708  
  7  0.0001 392276.753768  x:  0.60361   3.76387   0.10708  

7 (Bom_syl) ... 2 (Bom_con)
  0  0.0000 331463.249801  x:  0.11997   3.41235   0.17104  
  1 99.0000 331442.655927  x:  0.12893   3.41286   0.16572  
  2 4050.7576 331414.594669  x:  0.12799   3.41554   0.13928  
  3 2534.6080 331291.829778  x:  0.12772   5.17673   0.15676  
  4 178.2269 331290.243647  x:  0.12759   5.19367   0.15044  
  5  0.0182 331290.222364  x:  0.12760   5.22355   0.15048  
  6  0.0147 331290.222180  x:  0.12760   5.22372   0.15055  
  7  0.0002 331290.222180  x:  0.12760   5.22372   0.15055  
  8  0.0000 331290.222180  x:  0.12760   5.22372   0.15055  

7 (Bom_syl) ... 3 (Bom_hor)
  0  0.0000 318140.559646  x:  0.06513   4.47135   0.14437  
  1 99.0000 318105.938485  x:  0.07354   4.47139   0.14431  
  2 8592.6816 318105.703679  x:  0.07357   4.47236   0.14132  
  3 145.2478 318081.143006  x:  0.07349   5.77557   0.14936  
  4 48.3122 318081.087703  x:  0.07352   5.77701   0.14784  
  5  0.0020 318081.087574  x:  0.07352   5.78020   0.14783  
  6  0.0022 318081.087571  x:  0.07352   5.78040   0.14784  

7 (Bom_syl) ... 4 (Bom_hyp)
  0  0.0000 318172.085001  x:  0.07133   4.61706   0.14262  
  1 99.0000 318168.953750  x:  0.07395   4.61711   0.14325  
  2 2367.2146 318166.484492  x:  0.07369   4.61785   0.15358  
  3 522.2775 318146.172697  x:  0.07362   5.82394   0.16014  
  4 38.9356 318146.162003  x:  0.07365   5.82361   0.15943  
  5  0.0007 318146.161985  x:  0.07364   5.82444   0.15942  
  6  0.0007 318146.161984  x:  0.07364   5.82462   0.15943  

7 (Bom_syl) ... 5 (Bom_mus)
  0  0.0000 317224.663173  x:  0.06595   4.61704   0.13639  
  1 99.0000 317215.128669  x:  0.07038   4.61706   0.13749  
  2 4313.0111 317206.666978  x:  0.06989   4.61748   0.15712  
  3 983.0083 317197.944284  x:  0.06984   5.38574   0.16118  
  4 24.9431 317197.941310  x:  0.06985   5.38418   0.16079  
  5  0.0013 317197.941306  x:  0.06985   5.38438   0.16079  

7 (Bom_syl) ... 6 (Bom_pas)
  0  0.0000 317695.843763  x:  0.06176   4.34730   0.20313  
  1 99.0000 317650.291141  x:  0.07113   4.34735   0.20197  
  2 10137.9286 317621.277847  x:  0.07135   4.34958   0.14978  
  3 1305.9872 317597.209251  x:  0.07128   5.60318   0.16032  
  4 44.4531 317596.559093  x:  0.07128   5.57808   0.16602  
  5  0.0304 317596.556584  x:  0.07130   5.56500   0.16581  
  6  0.0091 317596.556564  x:  0.07130   5.56434   0.16584  

8 (Bom_vet) ... 1 (Apis_mel)
  0  0.0000 393193.644740  x:  0.53188   4.41430   0.19370  
  1 99.0000 392355.511807  x:  0.54073   4.41372   0.11520  
  2 16690.8225 392201.072778  x:  0.61356   4.41010   0.10357  
  3 4806.9971 392146.116786  x:  0.60564   3.79363   0.10118  
  4 164.8817 392139.663878  x:  0.60613   3.77188   0.10590  
  5  0.0556 392139.615948  x:  0.60538   3.78336   0.10595  
  6  0.0119 392139.614301  x:  0.60518   3.78111   0.10595  
  7  0.0025 392139.614296  x:  0.60518   3.78111   0.10595  

8 (Bom_vet) ... 2 (Bom_con)
  0  0.0000 330905.620706  x:  0.12746   3.22955   0.21034  
  1 99.0000 330847.145123  x:  0.11439   3.23090   0.18969  
  2 4599.7630 330729.190627  x:  0.12031   3.23480   0.13335  
  3 9413.9361 330584.536047  x:  0.12153   5.05594   0.15609  
  4 204.1730 330579.013410  x:  0.12439   5.08851   0.14631  
  5  0.0369 330578.938603  x:  0.12479   5.11199   0.14707  
  6  0.0206 330578.925678  x:  0.12474   5.13255   0.14695  
  7  0.0118 330578.925477  x:  0.12472   5.13298   0.14702  
  8  0.0004 330578.925477  x:  0.12472   5.13299   0.14702  
  9  0.0000 330578.925477  x:  0.12472   5.13299   0.14702  

8 (Bom_vet) ... 3 (Bom_hor)
  0  0.0000 318181.848192  x:  0.05977   4.24267   0.24895  
  1 99.0000 318105.664745  x:  0.07176   4.24273   0.24695  
  2 13373.5965 317970.643396  x:  0.07207   4.24545   0.15438  
  3 2311.7679 317953.091963  x:  0.07201   5.22787   0.16542  
  4 40.3297 317951.076356  x:  0.07209   5.27253   0.15578  
  5  0.0784 317951.062055  x:  0.07212   5.30520   0.15593  
  6  0.0219 317951.062031  x:  0.07211   5.30498   0.15596  
  7  0.0002 317951.062030  x:  0.07211   5.30502   0.15595  
  8  0.0000 317951.062030  x:  0.07211   5.30502   0.15595  

8 (Bom_vet) ... 4 (Bom_hyp)
  0  0.0000 318115.501761  x:  0.06185   4.51937   0.17143  
  1 99.0000 318058.486418  x:  0.07241   4.51940   0.17104  
  2 11420.9754 318054.977914  x:  0.07250   4.52023   0.15783  
  3 507.3582 318044.937241  x:  0.07245   5.31028   0.16329  
  4 28.0684 318044.912849  x:  0.07248   5.31057   0.16219  
  5  0.0012 318044.912829  x:  0.07248   5.31146   0.16219  
  6  0.0007 318044.912828  x:  0.07248   5.31153   0.16219  
  7  0.0001 318044.912828  x:  0.07248   5.31154   0.16219  

8 (Bom_vet) ... 5 (Bom_mus)
  0  0.0000 302274.114313  x:  0.02339   4.38209   0.12690  
  1 99.0000 302272.478188  x:  0.02240   4.38210   0.12690  
  2 3101.7050 302272.473924  x:  0.02240   4.38272   0.12624  
  3  9.3084 302270.927112  x:  0.02237   4.91315   0.12950  
  4 11.8709 302270.922915  x:  0.02232   4.90539   0.12919  
  5  0.0079 302270.922896  x:  0.02232   4.90377   0.12916  
  6  0.0015 302270.922896  x:  0.02232   4.90368   0.12916  

8 (Bom_vet) ... 6 (Bom_pas)
  0  0.0000 302712.387492  x:  0.02200   3.97249   0.17602  
  1 99.0000 302707.917623  x:  0.02374   3.97250   0.17583  
  2 5366.6242 302692.480557  x:  0.02379   3.97530   0.13106  
  3 605.4944 302662.654584  x:  0.02365   6.44559   0.15296  
  4 32.0609 302661.696311  x:  0.02365   6.49784   0.14228  
  5  0.0597 302661.666126  x:  0.02364   6.60526   0.14219  
  6  0.0463 302661.665037  x:  0.02365   6.60918   0.14256  
  7  0.0040 302661.665036  x:  0.02365   6.60924   0.14255  

8 (Bom_vet) ... 7 (Bom_syl)
  0  0.0000 317125.404949  x:  0.07423   5.10162   0.19558  
  1 99.0000 317112.023127  x:  0.06888   5.10164   0.19438  
  2 4758.5054 317095.147357  x:  0.06934   5.10234   0.16235  
  3 1011.4227 317091.245655  x:  0.06932   5.67781   0.16609  
  4 14.7506 317091.227429  x:  0.06935   5.67099   0.16509  
  5  0.0083 317091.227322  x:  0.06936   5.66804   0.16509  
  6  0.0025 317091.227322  x:  0.06936   5.66793   0.16509  
  7  0.0001 317091.227322  x:  0.06936   5.66793   0.16509  
check convergence!
