

2 (Bom_con) ... 1 (Apis_mel)
  0  0.0000 383667.827393  x:  0.42230   1.38411   0.45815  
  1 99.0000 375797.146188  x:  0.50469   1.47873   0.09299  
  2 21144.3340 375631.620390  x:  0.55703   1.53784   0.10293  
  3 4505.8246 374978.755513  x:  0.47124   2.02695   0.14294  
  4 4445.6017 373852.908559  x:  0.56319   2.69092   0.08901  
  5  1.6601 373576.526564  x:  0.55338   3.30112   0.11919  
  6  0.3962 373451.753397  x:  0.55555   3.85924   0.10455  
  7  0.2808 373447.970346  x:  0.56091   3.95598   0.10713  
  8  0.0628 373447.783813  x:  0.56174   3.97680   0.10642  
  9  0.0182 373447.783709  x:  0.56177   3.97749   0.10644  
 10  0.0006 373447.783707  x:  0.56176   3.97751   0.10644  

3 (Bom_hor) ... 1 (Apis_mel)
  0  0.0000 376276.770936  x:  0.53811   3.38538   0.20473  
  1 99.0000 375027.711848  x:  0.52860   3.38731   0.10855  
  2 19418.6416 374969.613873  x:  0.56813   3.39007   0.09851  
  3 2990.7495 374901.817570  x:  0.57784   4.01540   0.10247  
  4 238.1644 374899.790944  x:  0.58144   3.99699   0.10444  
  5  0.0417 374899.703942  x:  0.58287   3.99271   0.10395  
  6  0.0038 374899.703940  x:  0.58287   3.99264   0.10395  
  7  0.0001 374899.703940  x:  0.58287   3.99263   0.10395  

3 (Bom_hor) ... 2 (Bom_con)
  0  0.0000 318746.267306  x:  0.13030   3.48500   0.13904  
  1 99.0000 318740.692121  x:  0.12575   3.48527   0.13737  
  2 2181.1400 318738.892147  x:  0.12634   3.48661   0.13153  
  3 593.3999 318678.524328  x:  0.12638   4.68954   0.14116  
  4 124.6608 318678.216420  x:  0.12627   4.69378   0.13853  
  5  0.0046 318678.215183  x:  0.12630   4.69949   0.13853  
  6  0.0038 318678.215140  x:  0.12629   4.70005   0.13855  
  7  0.0005 318678.215140  x:  0.12629   4.70006   0.13855  
  8  0.0000 318678.215140  x:  0.12629   4.70006   0.13855  
  9  0.0000 318678.215140  x:  0.12629   4.70006   0.13855  
 10  0.0000 318678.215140  x:  0.12629   4.70006   0.13855  
 11  0.0093 318678.215140  x:  0.12629   4.70006   0.13855  
 12  0.0021 318678.215140  x:  0.12629   4.70006   0.13855  
check convergence!


4 (Bom_hyp) ... 1 (Apis_mel)
  0  0.0000 373059.946510  x:  0.46111   4.07636   0.10949  
  1 99.0000 372839.524296  x:  0.51141   4.07576   0.12755  
  2 8638.1456 372696.936269  x:  0.55346   4.07528   0.10262  
  3 9270.0970 372696.246269  x:  0.55286   4.00479   0.10246  
  4 19.0437 372693.202277  x:  0.56014   4.01102   0.10402  
  5  0.0088 372693.091316  x:  0.56152   4.01265   0.10339  
  6  0.0025 372693.091315  x:  0.56153   4.01271   0.10339  
  7  0.0001 372693.091315  x:  0.56153   4.01271   0.10339  
  8  0.0000 372693.091315  x:  0.56153   4.01271   0.10339  

4 (Bom_hyp) ... 2 (Bom_con)
  0  0.0000 315652.752394  x:  0.09110   3.53351   0.11883  
  1 99.0000 315495.193872  x:  0.11351   3.53369   0.12090  
  2 15164.6189 315491.802424  x:  0.11317   3.53506   0.12954  
  3 812.1459 315406.344291  x:  0.11306   5.16030   0.13963  
  4 135.0022 315406.226305  x:  0.11316   5.15982   0.13791  
  5  0.0014 315406.225945  x:  0.11315   5.16313   0.13787  
  6  0.0021 315406.225920  x:  0.11315   5.16376   0.13789  
  7  0.0005 315406.225919  x:  0.11315   5.16378   0.13789  

4 (Bom_hyp) ... 3 (Bom_hor)
  0  0.0000 306571.113583  x:  0.06114   4.12160   0.20403  
  1 99.0000 306483.545902  x:  0.07448   4.12166   0.20175  
  2 13878.6200 306375.067145  x:  0.07481   4.12364   0.12773  
  3 2483.8278 306356.646519  x:  0.07474   5.11049   0.13666  
  4 42.3912 306356.176875  x:  0.07478   5.12924   0.13262  
  5  0.0307 306356.175300  x:  0.07481   5.13910   0.13266  
  6  0.0068 306356.175295  x:  0.07480   5.13928   0.13267  
  7  0.0002 306356.175295  x:  0.07480   5.13928   0.13267  

5 (Bom_mus) ... 1 (Apis_mel)
  0  0.0000 374461.319530  x:  0.53441   4.16146   0.20009  
  1 99.0000 373376.449683  x:  0.52540   4.16171   0.11000  
  2 18288.4890 373322.098060  x:  0.56434   4.16063   0.09995  
  3 2846.8837 373318.730978  x:  0.56219   3.99971   0.09939  
  4 40.9877 373311.319784  x:  0.56718   3.98068   0.10356  
  5  0.0503 373311.302281  x:  0.56790   3.98721   0.10352  
  6  0.0064 373311.302147  x:  0.56793   3.98647   0.10351  
  7  0.0007 373311.302147  x:  0.56793   3.98649   0.10351  

5 (Bom_mus) ... 2 (Bom_con)
  0  0.0000 316850.254842  x:  0.12149   3.38764   0.08121  
  1 99.0000 316681.355680  x:  0.11718   3.38831   0.13112  
  2 8323.3515 316681.128828  x:  0.11811   3.38863   0.13125  
  3 460.4607 316586.284696  x:  0.11815   4.99569   0.13849  
  4 166.2313 316586.118964  x:  0.11812   4.99472   0.14056  
  5  0.0011 316586.118468  x:  0.11808   4.99337   0.14053  
  6  0.0012 316586.118440  x:  0.11809   4.99234   0.14052  

5 (Bom_mus) ... 3 (Bom_hor)
  0  0.0000 307011.599508  x:  0.07506   4.19095   0.17205  
  1 99.0000 307006.472364  x:  0.07844   4.19113   0.16500  
  2 1337.4810 306991.439818  x:  0.07672   4.19173   0.14090  
  3 4743.1196 306986.985050  x:  0.07662   4.65004   0.14431  
  4 20.6606 306986.867532  x:  0.07609   4.64818   0.14419  
  5  0.0020 306986.867527  x:  0.07609   4.64775   0.14420  
  6  0.0004 306986.867527  x:  0.07609   4.64772   0.14419  
  7  0.0000 306986.867527  x:  0.07609   4.64772   0.14419  

5 (Bom_mus) ... 4 (Bom_hyp)
  0  0.0000 304404.904306  x:  0.05683   3.95729   0.13416  
  1 99.0000 304339.208975  x:  0.06796   3.95735   0.13399  
  2 12594.3201 304338.285537  x:  0.06801   3.95856   0.12820  
  3 300.9320 304300.709778  x:  0.06787   5.48120   0.13812  
  4 62.2805 304300.563297  x:  0.06791   5.48498   0.13568  
  5  0.0041 304300.562646  x:  0.06791   5.49266   0.13570  
  6  0.0044 304300.562645  x:  0.06791   5.49266   0.13570  
  7  0.0000 304300.562645  x:  0.06791   5.49267   0.13570  
  8  0.0000 304300.562645  x:  0.06791   5.49266   0.13570  
  9  0.0000 304300.562645  x:  0.06791   5.49267   0.13570  

6 (Bom_pas) ... 1 (Apis_mel)
  0  0.0000 373425.091279  x:  0.53877   4.40216   0.12965  
  1 99.0000 373331.600419  x:  0.54112   4.40190   0.10797  
  2 7873.2810 373303.291506  x:  0.57240   4.39982   0.10394  
  3 1952.4954 373281.664063  x:  0.56747   3.99009   0.10310  
  4 100.3681 373281.529026  x:  0.56703   3.98898   0.10385  
  5  0.0019 373281.527956  x:  0.56685   3.98938   0.10386  
  6  0.0004 373281.527955  x:  0.56685   3.98931   0.10386  

6 (Bom_pas) ... 2 (Bom_con)
  0  0.0000 316963.832791  x:  0.11531   3.49222   0.15267  
  1 99.0000 316956.549812  x:  0.12053   3.49267   0.14835  
  2 2181.1320 316946.241001  x:  0.11938   3.49440   0.13296  
  3 1909.5127 316868.662587  x:  0.11918   4.94152   0.14502  
  4 132.3188 316868.204293  x:  0.11912   4.94777   0.14164  
  5  0.0070 316868.201579  x:  0.11913   4.95818   0.14166  
  6  0.0058 316868.201564  x:  0.11912   4.95826   0.14167  
  7  0.0001 316868.201563  x:  0.11912   4.95827   0.14167  
  8  0.0000 316868.201563  x:  0.11912   4.95826   0.14167  
  9  0.0000 316868.201563  x:  0.11912   4.95826   0.14167  

6 (Bom_pas) ... 3 (Bom_hor)
  0  0.0000 307183.715636  x:  0.07534   4.02281   0.21728  
  1 99.0000 307110.436155  x:  0.08373   4.02437   0.15711  
  2 2220.0093 307085.719823  x:  0.07846   4.02498   0.13496  
  3 15665.5000 307072.769136  x:  0.07787   4.79849   0.14229  
  4 36.7680 307071.656393  x:  0.07650   4.76470   0.14602  
  5  0.0512 307071.653640  x:  0.07649   4.75427   0.14580  
  6  0.0086 307071.653597  x:  0.07649   4.75345   0.14582  
  7  0.0008 307071.653597  x:  0.07649   4.75346   0.14582  
  8  0.0000 307071.653597  x:  0.07649   4.75346   0.14582  
check convergence!


6 (Bom_pas) ... 4 (Bom_hyp)
  0  0.0000 304553.251231  x:  0.06903   3.83852   0.17238  
  1 99.0000 304547.206482  x:  0.06574   3.83885   0.16658  
  2 1772.3165 304517.539169  x:  0.06776   3.84095   0.13086  
  3 5087.8061 304463.334871  x:  0.06785   5.64709   0.14599  
  4 75.2324 304462.432934  x:  0.06837   5.66656   0.14020  
  5  0.0223 304462.423081  x:  0.06847   5.68952   0.14037  
  6  0.0152 304462.422023  x:  0.06843   5.69629   0.14037  
  7  0.0052 304462.422023  x:  0.06843   5.69634   0.14038  
  8  0.0001 304462.422022  x:  0.06843   5.69634   0.14038  
  9  0.0000 304462.422022  x:  0.06843   5.69633   0.14038  

6 (Bom_pas) ... 5 (Bom_mus)
  0  0.0000 290529.707135  x:  0.02259   4.74543   0.20245  
  1 99.0000 290527.821175  x:  0.02146   4.74543   0.20227  
  2 3296.1792 290511.880417  x:  0.02155   4.74712   0.15023  
  3 520.2058 290504.201355  x:  0.02150   6.18424   0.16080  
  4 12.5103 290503.901518  x:  0.02153   6.20665   0.15404  
  5  0.0316 290503.899758  x:  0.02154   6.23127   0.15407  
  6  0.0158 290503.899723  x:  0.02153   6.23255   0.15411  
  7  0.0013 290503.899723  x:  0.02153   6.23251   0.15411  
  8  0.0004 290503.899723  x:  0.02153   6.23248   0.15411  
  9  0.0000 290503.899723  x:  0.02153   6.23245   0.15411  

7 (Bom_syl) ... 1 (Apis_mel)
  0  0.0000 374517.086711  x:  0.46849   5.02309   0.12001  
  1 99.0000 374196.912277  x:  0.54726   5.02055   0.13156  
  2 8498.6233 374096.660311  x:  0.57264   5.01907   0.10805  
  3 8805.9632 373981.133972  x:  0.56452   4.00672   0.10670  
  4 202.1417 373980.308658  x:  0.56935   4.01114   0.10695  
  5  0.0052 373980.303891  x:  0.56954   4.01191   0.10681  
  6  0.0011 373980.303887  x:  0.56954   4.01175   0.10680  
  7  0.0002 373980.303887  x:  0.56954   4.01175   0.10680  

7 (Bom_syl) ... 2 (Bom_con)
  0  0.0000 318509.993884  x:  0.10275   3.37288   0.15909  
  1 99.0000 318380.513290  x:  0.12434   3.37319   0.15746  
  2 12871.2069 318370.307292  x:  0.12459   3.37575   0.14123  
  3 1190.8282 318250.531857  x:  0.12448   5.13418   0.15767  
  4 177.0697 318249.478201  x:  0.12468   5.14596   0.15230  
  5  0.0121 318249.466139  x:  0.12471   5.16842   0.15235  
  6  0.0110 318249.466048  x:  0.12470   5.16861   0.15240  
  7  0.0002 318249.466047  x:  0.12470   5.16864   0.15239  

7 (Bom_syl) ... 3 (Bom_hor)
  0  0.0000 308119.665850  x:  0.07426   4.36113   0.22518  
  1 99.0000 308103.772971  x:  0.08045   4.36120   0.22219  
  2 4758.0579 308015.389053  x:  0.08042   4.36282   0.15057  
  3 2561.0362 308007.005228  x:  0.08036   5.01655   0.15659  
  4 27.8439 308006.809674  x:  0.08012   5.02564   0.15398  
  5  0.0136 308006.800423  x:  0.07998   5.02724   0.15423  
  6  0.0016 308006.800420  x:  0.07997   5.02759   0.15423  
  7  0.0003 308006.800420  x:  0.07998   5.02756   0.15423  
  8  0.0000 308006.800420  x:  0.07998   5.02757   0.15423  

7 (Bom_syl) ... 4 (Bom_hyp)
  0  0.0000 305700.679821  x:  0.06230   4.06819   0.16187  
  1 99.0000 305650.202475  x:  0.07245   4.06826   0.16112  
  2 10465.4295 305641.157980  x:  0.07258   4.07016   0.14108  
  3 850.6779 305584.676620  x:  0.07242   6.00919   0.15541  
  4 73.8909 305584.167153  x:  0.07251   6.02043   0.15061  
  5  0.0122 305584.162548  x:  0.07253   6.04238   0.15065  
  6  0.0112 305584.162508  x:  0.07252   6.04264   0.15068  
  7  0.0003 305584.162507  x:  0.07252   6.04266   0.15068  
  8  0.0000 305584.162507  x:  0.07252   6.04265   0.15068  

7 (Bom_syl) ... 5 (Bom_mus)
  0  0.0000 304725.236478  x:  0.06142   4.99934   0.11325  
  1 99.0000 304693.609211  x:  0.06936   4.99934   0.11680  
  2 7587.3133 304637.366674  x:  0.06696   4.99936   0.16439  
  3 3147.3841 304635.144136  x:  0.06694   5.42335   0.16602  
  4 11.1777 304634.966844  x:  0.06752   5.41764   0.16673  
  5  0.0052 304634.963630  x:  0.06750   5.41777   0.16714  
  6  0.0003 304634.963629  x:  0.06750   5.41801   0.16714  

7 (Bom_syl) ... 6 (Bom_pas)
  0  0.0000 305011.375503  x:  0.05342   4.30069   0.27100  
  1 99.0000 304901.396365  x:  0.06738   4.30074   0.26946  
  2 17042.6122 304774.502060  x:  0.06773   4.30423   0.16409  
  3 1953.8540 304753.559583  x:  0.06767   5.45095   0.17718  
  4 41.7257 304752.848474  x:  0.06776   5.48356   0.17084  
  5  0.0560 304752.840396  x:  0.06784   5.50468   0.17099  
  6  0.0146 304752.840344  x:  0.06783   5.50583   0.17100  
  7  0.0008 304752.840344  x:  0.06783   5.50586   0.17100  
  8  0.0000 304752.840344  x:  0.06783   5.50580   0.17100  

8 (Bom_vet) ... 1 (Apis_mel)
  0  0.0000 374496.750715  x:  0.47980   4.54201   0.19381  
  1 99.0000 373623.248765  x:  0.49916   4.54151   0.11144  
  2 16023.1327 373438.099956  x:  0.57635   4.53893   0.10401  
  3 5735.7164 373403.340619  x:  0.57128   4.01221   0.10185  
  4 123.5761 373402.594106  x:  0.57024   4.00254   0.10355  
  5  0.0247 373402.542189  x:  0.56892   4.00441   0.10367  
  6  0.0020 373402.542111  x:  0.56890   4.00370   0.10366  
  7  0.0009 373402.542111  x:  0.56890   4.00370   0.10366  

8 (Bom_vet) ... 2 (Bom_con)
  0  0.0000 316818.393067  x:  0.10539   3.35695   0.18240  
  1 99.0000 316769.050359  x:  0.11876   3.35734   0.17667  
  2 7094.6758 316698.276306  x:  0.11842   3.36041   0.13161  
  3 3242.1608 316593.967569  x:  0.11813   5.00607   0.14874  
  4 159.2269 316591.824937  x:  0.11789   5.03128   0.14152  
  5  0.0310 316591.791829  x:  0.11774   5.06491   0.14155  
  6  0.0189 316591.790116  x:  0.11780   5.06845   0.14168  
  7  0.0030 316591.790099  x:  0.11780   5.06864   0.14166  
  8  0.0002 316591.790099  x:  0.11780   5.06865   0.14166  

8 (Bom_vet) ... 3 (Bom_hor)
  0  0.0000 307030.257622  x:  0.06696   4.25407   0.23089  
  1 99.0000 306998.183072  x:  0.07531   4.25412   0.22839  
  2 7675.2357 306883.877179  x:  0.07556   4.25576   0.14441  
  3 2430.4685 306878.852434  x:  0.07552   4.75032   0.14928  
  4 21.6517 306878.736981  x:  0.07544   4.75943   0.14719  
  5  0.0159 306878.734096  x:  0.07536   4.76151   0.14725  
  6  0.0019 306878.734096  x:  0.07536   4.76166   0.14725  
  7  0.0001 306878.734096  x:  0.07536   4.76164   0.14725  

8 (Bom_vet) ... 4 (Bom_hyp)
  0  0.0000 304509.490365  x:  0.06254   4.10832   0.16686  
  1 99.0000 304493.760992  x:  0.06824   4.10839   0.16554  
  2 5624.2425 304470.324280  x:  0.06832   4.11015   0.13250  
  3 1356.7646 304430.751525  x:  0.06816   5.74531   0.14465  
  4 59.0450 304430.290217  x:  0.06813   5.75862   0.14026  
  5  0.0160 304430.286751  x:  0.06810   5.77645   0.14028  
  6  0.0104 304430.286671  x:  0.06811   5.77730   0.14031  
  7  0.0008 304430.286671  x:  0.06811   5.77732   0.14031  
  8  0.0000 304430.286671  x:  0.06811   5.77732   0.14031  

8 (Bom_vet) ... 5 (Bom_mus)
  0  0.0000 290080.796631  x:  0.01766   4.62223   0.15474  
  1 99.0000 290069.331004  x:  0.02016   4.62223   0.15472  
  2 9584.4701 290068.943677  x:  0.02017   4.62342   0.14698  
  3 96.3157 290059.003088  x:  0.02011   6.33128   0.15740  
  4 14.3780 290058.964803  x:  0.02012   6.33455   0.15492  
  5  0.0039 290058.964644  x:  0.02012   6.34178   0.15487  
  6  0.0046 290058.964636  x:  0.02012   6.34265   0.15491  
  7  0.0008 290058.964636  x:  0.02012   6.34265   0.15491  
  8  0.0000 290058.964636  x:  0.02012   6.34265   0.15491  
  9  0.0000 290058.964636  x:  0.02012   6.34265   0.15491  
 10  0.0000 290058.964636  x:  0.02012   6.34265   0.15491  
 11  0.0080 290058.964636  x:  0.02012   6.34265   0.15491  
 12  0.0009 290058.964636  x:  0.02012   6.34265   0.15491  
check convergence!


8 (Bom_vet) ... 6 (Bom_pas)
  0  0.0000 290685.172481  x:  0.02020   5.19906   0.23488  
  1 99.0000 290681.031128  x:  0.02181   5.19906   0.23468  
  2 5301.1199 290645.100493  x:  0.02188   5.20109   0.14795  
  3 678.6184 290638.475940  x:  0.02184   6.74323   0.15947  
  4 10.4697 290638.197986  x:  0.02184   6.75174   0.15293  
  5  0.0174 290638.197446  x:  0.02183   6.73765   0.15283  
  6  0.0101 290638.197438  x:  0.02183   6.73682   0.15285  
  7  0.0008 290638.197438  x:  0.02183   6.73682   0.15285  
  8  0.0001 290638.197438  x:  0.02183   6.73682   0.15285  
check convergence!


8 (Bom_vet) ... 7 (Bom_syl)
  0  0.0000 304588.483205  x:  0.06522   5.33906   0.15080  
  1 99.0000 304585.964495  x:  0.06748   5.33906   0.15176  
  2 2076.5414 304579.161465  x:  0.06691   5.33916   0.17125  
  3 864.7621 304578.114709  x:  0.06690   5.64820   0.17264  
  4  7.0715 304578.111977  x:  0.06696   5.64516   0.17240  
  5  0.0029 304578.111962  x:  0.06696   5.64510   0.17238  
  6  0.0001 304578.111962  x:  0.06696   5.64511   0.17238  