Supplemental results for CODEML (seqf: /home/yzliu/eDNA/faststorage/yzliu/DK_proj/data/ref_genome/ref_annotation/primary_transcripts/extracted_cds_new/new_transcript_id_7_and_pas/bootstraps/cat.out.OG_cds_7_species_same_header_fas.shuf_537OG_514.phy  treef: xxx.trees)


pairwise comparison (Goldman & Yang 1994)
seq seq        N       S       dN       dS     dN/dS   Paras.
  2   1 448910.9 173808.1   0.0106   0.1678   0.0633   0.1635   3.5696   0.0633 -962171.093
  3   1 448201.7 174517.3   0.0103   0.1628   0.0635   0.1592   3.5378   0.0635 -960477.697
  3   2 447361.4 175357.6   0.0103   0.1533   0.0675   0.1518   3.9226   0.0675 -956056.382
  4   1 448924.7 173794.3   0.0079   0.1211   0.0655   0.1185   3.4121   0.0655 -939046.257
  4   2 447271.7 175447.3   0.0101   0.1566   0.0647   0.1542   3.9047   0.0647 -956891.336
  4   3 446306.0 176413.0   0.0100   0.1532   0.0653   0.1518   3.8960   0.0653 -956128.469
  5   1 450393.8 172325.2   0.0059   0.0930   0.0635   0.0900   3.1495   0.0635 -921635.319
  5   2 448332.8 174386.2   0.0107   0.1655   0.0647   0.1622   3.6242   0.0647 -961832.895
  5   3 447709.6 175009.4   0.0105   0.1583   0.0663   0.1561   3.5820   0.0663 -959506.189
  5   4 449011.7 173707.3   0.0080   0.1156   0.0689   0.1140   3.3750   0.0689 -937017.764
  6   1 452113.1 170605.9   0.0071   0.1192   0.0599   0.1135   2.9485   0.0599 -936229.770
  6   2 448921.8 173797.2   0.0097   0.1589   0.0610   0.1540   3.5439   0.0610 -957067.516
  6   3 448272.7 174446.3   0.0096   0.1544   0.0622   0.1505   3.5063   0.0622 -955890.438
  6   4 449161.5 173557.5   0.0074   0.1141   0.0645   0.1113   3.3599   0.0645 -934802.256
  6   5 451979.5 170739.5   0.0074   0.1136   0.0648   0.1095   2.9443   0.0648 -934635.664
  7   1 445248.7 177470.3   0.0665   1.1707   0.0568   1.1435   3.9688   0.0568 -1167838.334
  7   2 442345.1 180373.9   0.0675   1.2375   0.0545   1.2192   4.2529   0.0545 -1171276.500
  7   3 443860.0 178859.0   0.0671   1.1791   0.0569   1.1594   4.1138   0.0569 -1168832.251
  7   4 443877.8 178841.2   0.0665   1.1822   0.0563   1.1609   4.1195   0.0563 -1168140.208
  7   5 445368.2 177350.8   0.0665   1.1601   0.0574   1.1340   3.9693   0.0574 -1167465.846
  7   6 445228.8 177490.2   0.0662   1.1637   0.0569   1.1372   3.9855   0.0569 -1167101.519

