

2 (And_ful) ... 1 (And_bic)
  0  0.0000 977686.440803  x:  0.16378   1.51651   0.46375  
  1 99.0000 975162.152845  x:  0.11006   1.53955   0.34137  
  2 32466.1836 966896.512715  x:  0.09974   1.59126   0.05931  
  3 229780.0031 965515.392638  x:  0.10768   2.61106   0.12146  
  4 3675.7410 963000.155303  x:  0.12945   3.09955   0.05148  
  5  1.4304 962340.319209  x:  0.15263   3.22747   0.07691  
  6  0.1375 962176.878909  x:  0.16386   3.40257   0.06223  
  7  0.1608 962171.358841  x:  0.16384   3.56168   0.06383  
  8  0.0406 962171.101924  x:  0.16358   3.56972   0.06323  
  9  0.0073 962171.092608  x:  0.16346   3.56961   0.06329  
 10  0.0002 962171.092608  x:  0.16346   3.56958   0.06329  
 11  0.0000 962171.092608  x:  0.16346   3.56958   0.06329  

3 (And_hae) ... 1 (And_bic)
  0  0.0000 960513.426604  x:  0.16092   3.22183   0.05710  
  1 99.0000 960498.765472  x:  0.15948   3.22195   0.06241  
  2 5589.5316 960498.664317  x:  0.15905   3.22209   0.06233  
  3 446.8789 960477.699620  x:  0.15923   3.53917   0.06353  
  4 155.5411 960477.696785  x:  0.15921   3.53790   0.06346  
  5  0.0012 960477.696773  x:  0.15921   3.53779   0.06345  

3 (And_hae) ... 2 (And_ful)
  0  0.0000 956648.606354  x:  0.13931   3.24015   0.10355  
  1 99.0000 956210.107420  x:  0.16035   3.24079   0.07288  
  2 22795.7733 956146.475192  x:  0.15497   3.24114   0.06273  
  3 13454.8379 956059.738942  x:  0.15418   3.94257   0.06665  
  4 276.8508 956056.388536  x:  0.15182   3.92851   0.06759  
  5  0.0172 956056.381798  x:  0.15179   3.92334   0.06749  
  6  0.0043 956056.381620  x:  0.15180   3.92261   0.06750  

4 (And_hat) ... 1 (And_bic)
  0  0.0000 939548.403546  x:  0.12400   3.30056   0.11088  
  1 99.0000 939231.348781  x:  0.10836   3.30080   0.08507  
  2 19698.8049 939062.207684  x:  0.11459   3.30101   0.06296  
  3 25172.3002 939058.920097  x:  0.11473   3.44259   0.06384  
  4 46.8835 939046.513859  x:  0.11828   3.40906   0.06630  
  5  0.0409 939046.256890  x:  0.11853   3.41250   0.06551  
  6  0.0042 939046.256837  x:  0.11853   3.41211   0.06550  
  7  0.0004 939046.256837  x:  0.11853   3.41210   0.06550  

4 (And_hat) ... 2 (And_ful)
  0  0.0000 957544.178813  x:  0.15654   3.21406   0.10462  
  1 99.0000 957012.448284  x:  0.14655   3.21484   0.06528  
  2 22390.2806 956979.637232  x:  0.15308   3.21514   0.06059  
  3 9463.5554 956891.395729  x:  0.15399   3.90698   0.06500  
  4 285.7779 956891.336558  x:  0.15420   3.90550   0.06470  
  5  0.0015 956891.335543  x:  0.15424   3.90495   0.06472  
  6  0.0008 956891.335533  x:  0.15424   3.90469   0.06472  
  7  0.0002 956891.335532  x:  0.15424   3.90469   0.06472  
  8  0.0000 956891.335532  x:  0.15424   3.90469   0.06472  

4 (And_hat) ... 3 (And_hae)
  0  0.0000 958099.534474  x:  0.15664   3.53347   0.16263  
  1 99.0000 956683.442052  x:  0.12695   3.53454   0.08700  
  2 29622.8684 956302.950148  x:  0.13681   3.53494   0.05853  
  3 53278.8608 956252.485288  x:  0.13836   4.11266   0.06218  
  4 187.6620 956132.124771  x:  0.15065   3.88236   0.06805  
  5  0.3150 956128.477422  x:  0.15172   3.90318   0.06538  
  6  0.0226 956128.469040  x:  0.15176   3.89617   0.06533  
  7  0.0067 956128.469030  x:  0.15175   3.89605   0.06533  
  8  0.0001 956128.469030  x:  0.15175   3.89605   0.06533  

5 (And_mar) ... 1 (And_bic)
  0  0.0000 921911.619590  x:  0.09018   3.49959   0.10301  
  1 99.0000 921687.947428  x:  0.08450   3.49955   0.06963  
  2 11647.2767 921653.576464  x:  0.08919   3.49950   0.06285  
  3 17049.3992 921638.515204  x:  0.08904   3.16940   0.06091  
  4 84.4356 921635.342874  x:  0.08991   3.14628   0.06362  
  5  0.0388 921635.319476  x:  0.09003   3.15033   0.06349  
  6  0.0040 921635.319337  x:  0.09004   3.14945   0.06348  
  7  0.0010 921635.319337  x:  0.09004   3.14946   0.06348  
  8  0.0000 921635.319337  x:  0.09004   3.14946   0.06348  

5 (And_mar) ... 2 (And_ful)
  0  0.0000 962053.515785  x:  0.16738   2.78048   0.05338  
  1 99.0000 962007.547225  x:  0.16298   2.78089   0.06170  
  2 10234.4748 962006.603759  x:  0.16175   2.78139   0.06124  
  3 1360.3404 961832.951401  x:  0.16231   3.62473   0.06499  
  4 550.2326 961832.895589  x:  0.16215   3.62395   0.06470  
  5  0.0008 961832.894955  x:  0.16218   3.62411   0.06468  
  6  0.0001 961832.894953  x:  0.16218   3.62422   0.06468  
  7  0.0001 961832.894953  x:  0.16218   3.62422   0.06468  
  8  0.0000 961832.894953  x:  0.16218   3.62422   0.06468  
  9  0.1506 961832.894953  x:  0.16218   3.62422   0.06468  
 10  0.0123 961832.894952  x:  0.16218   3.62422   0.06468  
 11  0.0015 961832.894952  x:  0.16218   3.62422   0.06468  
 12  0.0000 961832.894952  x:  0.16218   3.62422   0.06468  
 13  0.0000 961832.894952  x:  0.16218   3.62422   0.06468  
 14  0.0440 961832.894952  x:  0.16218   3.62422   0.06468  
 15  0.0041 961832.894952  x:  0.16218   3.62422   0.06468  
check convergence!


5 (And_mar) ... 3 (And_hae)
  0  0.0000 961124.247927  x:  0.15546   3.12079   0.14853  
  1 99.0000 959652.053463  x:  0.14297   3.12224   0.06833  
  2 27686.0349 959564.319277  x:  0.15322   3.12252   0.06030  
  3 17748.6834 959509.209039  x:  0.15457   3.62045   0.06476  
  4 239.6528 959506.238312  x:  0.15591   3.58653   0.06658  
  5  0.0695 959506.188626  x:  0.15611   3.58264   0.06631  
  6  0.0035 959506.188552  x:  0.15611   3.58203   0.06631  

5 (And_mar) ... 4 (And_hat)
  0  0.0000 937448.924985  x:  0.12188   3.31027   0.11060  
  1 99.0000 937207.707038  x:  0.10656   3.31042   0.09391  
  2 20245.3948 937024.519769  x:  0.11131   3.31064   0.06762  
  3 19304.5771 937023.518251  x:  0.11137   3.39235   0.06815  
  4 25.3954 937017.837697  x:  0.11388   3.37372   0.06935  
  5  0.0213 937017.763632  x:  0.11398   3.37516   0.06888  
  6  0.0020 937017.763620  x:  0.11397   3.37500   0.06888  
  7  0.0002 937017.763620  x:  0.11397   3.37500   0.06888  
check convergence!


6 (And_tri) ... 1 (And_bic)
  0  0.0000 938783.015649  x:  0.09632   3.24275   0.19809  
  1 99.0000 938242.873826  x:  0.12253   3.24293   0.17696  
  2 35137.4723 936318.461231  x:  0.12339   3.24383   0.06081  
  3 37186.0985 936305.062967  x:  0.12356   2.99696   0.05778  
  4 101.0406 936243.479646  x:  0.11584   2.86351   0.06409  
  5  0.1444 936229.803810  x:  0.11341   2.95228   0.06018  
  6  0.2424 936229.770251  x:  0.11353   2.94824   0.05993  
  7  0.0047 936229.770170  x:  0.11353   2.94852   0.05993  

6 (And_tri) ... 2 (And_ful)
  0  0.0000 960742.498901  x:  0.12511   2.71523   0.18714  
  1 99.0000 959329.602116  x:  0.17770   2.71672   0.13957  
  2 45819.7359 957517.447880  x:  0.17780   2.71914   0.05643  
  3 56136.8035 957331.262616  x:  0.17603   3.54582   0.06657  
  4 517.2283 957111.796878  x:  0.16019   3.65978   0.05443  
  5  0.1261 957067.992468  x:  0.15377   3.59333   0.06124  
  6  0.1241 957067.531918  x:  0.15413   3.54833   0.06113  
  7  0.0330 957067.515600  x:  0.15401   3.54376   0.06103  
  8  0.0047 957067.515536  x:  0.15401   3.54392   0.06102  
  9  0.0001 957067.515536  x:  0.15401   3.54391   0.06102  

6 (And_tri) ... 3 (And_hae)
  0  0.0000 956022.554222  x:  0.16192   3.03154   0.05452  
  1 99.0000 955939.282139  x:  0.15028   3.03174   0.05994  
  2 12730.3838 955939.147636  x:  0.15048   3.03201   0.06041  
  3 470.0388 955890.445350  x:  0.15059   3.50672   0.06225  
  4 288.2522 955890.438050  x:  0.15049   3.50634   0.06219  
  5  0.0004 955890.438032  x:  0.15049   3.50629   0.06218  
  6  0.0000 955890.438032  x:  0.15049   3.50628   0.06218  
  7  0.0000 955890.438032  x:  0.15049   3.50628   0.06218  

6 (And_tri) ... 4 (And_hat)
  0  0.0000 936595.667569  x:  0.09524   3.03532   0.16827  
  1 99.0000 936116.214225  x:  0.11952   3.03567   0.14940  
  2 33930.1259 934868.034178  x:  0.11925   3.03718   0.06309  
  3 33095.6518 934849.592124  x:  0.11902   3.31311   0.06624  
  4 125.3204 934808.453255  x:  0.11301   3.39564   0.06117  
  5  0.0891 934802.265199  x:  0.11134   3.36744   0.06458  
  6  0.0608 934802.255788  x:  0.11135   3.35986   0.06452  
  7  0.0064 934802.255777  x:  0.11135   3.35985   0.06451  
  8  0.0000 934802.255777  x:  0.11135   3.35985   0.06451  
  9  0.0000 934802.255777  x:  0.11135   3.35985   0.06451  

6 (And_tri) ... 5 (And_mar)
  0  0.0000 934948.218393  x:  0.11311   3.20390   0.10191  
  1 99.0000 934758.908823  x:  0.10169   3.20390   0.08173  
  2 15520.3706 934654.794480  x:  0.10697   3.20385   0.06438  
  3 20374.8363 934643.155448  x:  0.10681   2.95759   0.06286  
  4 90.1964 934635.840018  x:  0.10920   2.93978   0.06542  
  5  0.0225 934635.664520  x:  0.10946   2.94500   0.06483  
  6  0.0061 934635.664364  x:  0.10945   2.94425   0.06482  
  7  0.0008 934635.664364  x:  0.10945   2.94427   0.06482  

7 (Bom_pas) ... 1 (And_bic)
  0  0.0000 1175492.860831  x:  1.11040   2.81118   0.11796  
  1 99.0000 1168708.058878  x:  1.10343   2.81246   0.05509  
  2 156453.1546 1168605.229500  x:  1.05133   2.89150   0.06114  
  3 2191.5947 1167872.270911  x:  1.17325   3.93172   0.05761  
  4 4009.4609 1167839.955332  x:  1.15034   3.95313   0.05607  
  5  0.0489 1167838.341371  x:  1.14307   3.96490   0.05680  
  6  0.0130 1167838.333869  x:  1.14356   3.96867   0.05679  
  7  0.0024 1167838.333761  x:  1.14352   3.96883   0.05679  
  8  0.0002 1167838.333761  x:  1.14352   3.96883   0.05679  

7 (Bom_pas) ... 2 (And_ful)
  0  0.0000 1194305.314457  x:  1.43187   3.42217   0.16596  
  1 99.0000 1172407.519428  x:  1.41204   3.42420   0.04546  
  2 210239.6201 1172251.333039  x:  1.35402   3.43908   0.05360  
  3 5704.3354 1171866.544625  x:  1.43235   4.37021   0.05213  
  4 963.5693 1171287.004309  x:  1.20981   4.18175   0.05633  
  5  0.2853 1171276.707388  x:  1.22260   4.24999   0.05446  
  6  0.0593 1171276.503879  x:  1.21904   4.25006   0.05453  
  7  0.0051 1171276.500271  x:  1.21918   4.25294   0.05454  
  8  0.0022 1171276.500271  x:  1.21918   4.25294   0.05454  

7 (Bom_pas) ... 3 (And_hae)
  0  0.0000 1169045.826604  x:  1.09852   3.64491   0.05324  
  1 99.0000 1168953.124684  x:  1.09891   3.64495   0.05853  
  2 36341.6084 1168931.072408  x:  1.13430   3.65761   0.05704  
  3 1207.5316 1168832.525923  x:  1.15657   4.11180   0.05723  
  4 539.7183 1168832.251948  x:  1.15923   4.11302   0.05689  
  5  0.0027 1168832.251224  x:  1.15942   4.11381   0.05689  
  6  0.0007 1168832.251224  x:  1.15942   4.11383   0.05689  
  7  0.0000 1168832.251224  x:  1.15942   4.11384   0.05689  

7 (Bom_pas) ... 4 (And_hat)
  0  0.0000 1187944.504605  x:  1.22913   3.46441   0.18347  
  1 99.0000 1168479.368139  x:  1.20557   3.46647   0.05271  
  2 174940.3892 1168443.623881  x:  1.18187   3.47428   0.05667  
  3 2932.7023 1168228.021841  x:  1.22837   4.13780   0.05596  
  4 755.4494 1168140.443295  x:  1.16146   4.11050   0.05648  
  5  0.0893 1168140.210952  x:  1.16050   4.11715   0.05630  
  6  0.0064 1168140.208007  x:  1.16090   4.11931   0.05629  
  7  0.0020 1168140.207926  x:  1.16086   4.11954   0.05629  

7 (Bom_pas) ... 5 (And_mar)
  0  0.0000 1176012.446652  x:  1.30372   3.41950   0.10985  
  1 99.0000 1168219.465445  x:  1.29640   3.42023   0.04914  
  2 182974.8019 1167816.947202  x:  1.14831   3.44995   0.06281  
  3 5453.8907 1167684.100130  x:  1.19407   3.94699   0.06167  
  4 579.7012 1167475.033327  x:  1.11714   3.95834   0.05935  
  5  0.1211 1167465.855322  x:  1.13436   3.97233   0.05739  
  6  0.0275 1167465.846004  x:  1.13399   3.96993   0.05735  
  7  0.0024 1167465.845776  x:  1.13397   3.96932   0.05736  
  8  0.0005 1167465.845776  x:  1.13397   3.96932   0.05736  

7 (Bom_pas) ... 6 (And_tri)
  0  0.0000 1183954.811459  x:  1.25181   3.61135   0.16462  
  1 99.0000 1167401.052097  x:  1.23313   3.61275   0.05182  
  2 179421.4640 1167331.713830  x:  1.19419   3.62000   0.05754  
  3 3650.0687 1167252.279509  x:  1.22216   4.02489   0.05696  
  4 418.8873 1167103.075047  x:  1.13214   3.96730   0.05772  
  5  0.1420 1167101.532229  x:  1.13790   3.98519   0.05693  
  6  0.0190 1167101.519332  x:  1.13717   3.98526   0.05693  
  7  0.0008 1167101.519309  x:  1.13718   3.98546   0.05693  
  8  0.0002 1167101.519309  x:  1.13718   3.98547   0.05693  