Supplemental results for CODEML (seqf: /home/yzliu/eDNA/faststorage/yzliu/DK_proj/data/ref_genome/ref_annotation/primary_transcripts/extracted_cds_new/new_transcript_id_7_and_pas/bootstraps/cat.out.OG_cds_7_species_same_header_fas.shuf_537OG_590.phy  treef: xxx.trees)


pairwise comparison (Goldman & Yang 1994)
seq seq        N       S       dN       dS     dN/dS   Paras.
  2   1 487023.5 190916.5   0.0098   0.1727   0.0568   0.1671   3.7303   0.0568 -1047347.083
  3   1 486631.1 191308.9   0.0094   0.1628   0.0575   0.1580   3.6369   0.0575 -1043260.743
  3   2 485805.0 192135.0   0.0095   0.1584   0.0599   0.1551   4.0128   0.0599 -1040799.256
  4   1 486938.7 191001.3   0.0076   0.1203   0.0629   0.1180   3.5700   0.0629 -1021211.427
  4   2 485219.2 192720.8   0.0098   0.1628   0.0601   0.1599   4.0663   0.0601 -1043453.679
  4   3 484336.3 193603.7   0.0095   0.1549   0.0611   0.1530   4.0198   0.0611 -1040451.802
  5   1 489767.6 188172.4   0.0053   0.0912   0.0576   0.0873   3.1724   0.0576 -1000586.726
  5   2 486870.1 191069.9   0.0100   0.1694   0.0588   0.1647   3.7267   0.0588 -1046731.541
  5   3 486901.2 191038.8   0.0094   0.1583   0.0593   0.1541   3.5806   0.0593 -1041819.039
  5   4 487784.6 190155.4   0.0075   0.1140   0.0653   0.1120   3.4426   0.0653 -1018135.480
  6   1 491797.0 186143.0   0.0066   0.1189   0.0551   0.1122   2.9659   0.0551 -1017491.410
  6   2 487932.5 190007.5   0.0091   0.1653   0.0552   0.1587   3.6042   0.0552 -1042830.283
  6   3 487564.2 190375.8   0.0089   0.1562   0.0567   0.1507   3.5121   0.0567 -1039510.698
  6   4 488717.4 189222.6   0.0070   0.1152   0.0608   0.1116   3.3441   0.0608 -1017204.450
  6   5 492716.0 185224.0   0.0066   0.1140   0.0582   0.1079   2.8586   0.0582 -1015471.580
  7   1 485043.7 192896.3   0.0630   1.1836   0.0533   1.1457   4.1644   0.0533 -1263101.890
  7   2 481165.8 196774.2   0.0644   1.2667   0.0509   1.2402   4.5030   0.0509 -1268119.267
  7   3 483376.0 194564.0   0.0638   1.1954   0.0534   1.1657   4.3248   0.0534 -1264621.412
  7   4 483468.0 194472.0   0.0633   1.1930   0.0530   1.1620   4.3343   0.0530 -1263548.985
  7   5 485342.0 192598.0   0.0631   1.1721   0.0538   1.1345   4.1410   0.0538 -1262756.557
  7   6 484976.2 192963.8   0.0628   1.1827   0.0531   1.1448   4.1688   0.0531 -1262768.514

