

2 (And_ful) ... 1 (And_bic)
  0  0.0000 1023501.067244  x:  0.12923   1.35060   0.38620  
  1 99.0000 1021782.567790  x:  0.18677   1.36174   0.33199  
  2 49784.3361 1011101.335978  x:  0.19851   1.41635   0.04701  
  3 75001.4294 1010305.900620  x:  0.19378   1.94289   0.08950  
  4 3931.1441 1008527.269296  x:  0.18107   2.73055   0.04688  
  5  1.6708 1008166.709710  x:  0.16162   3.04934   0.06490  
  6  0.3050 1008101.787893  x:  0.15748   3.34342   0.05880  
  7  0.1851 1008074.500006  x:  0.16354   3.53250   0.05959  
  8  0.0945 1008070.546499  x:  0.16213   3.62797   0.06159  
  9  0.0656 1008070.493711  x:  0.16219   3.63562   0.06134  
 10  0.0066 1008070.493626  x:  0.16219   3.63622   0.06134  
 11  0.0006 1008070.493626  x:  0.16219   3.63622   0.06134  
 12  0.0000 1008070.493626  x:  0.16219   3.63622   0.06134  

3 (And_hae) ... 1 (And_bic)
  0  0.0000 1007935.279716  x:  0.15499   3.23348   0.15013  
  1 99.0000 1006140.520066  x:  0.14464   3.23472   0.06437  
  2 30437.6965 1006060.251410  x:  0.15472   3.23489   0.05782  
  3 16664.3023 1006036.828661  x:  0.15558   3.55345   0.06070  
  4 154.6722 1006034.866094  x:  0.15649   3.52385   0.06217  
  5  0.0693 1006034.837803  x:  0.15665   3.52214   0.06200  
  6  0.0016 1006034.837793  x:  0.15665   3.52193   0.06200  
  7  0.0002 1006034.837793  x:  0.15665   3.52193   0.06200  

3 (And_hae) ... 2 (And_ful)
  0  0.0000 1004345.051648  x:  0.15365   3.14769   0.13901  
  1 99.0000 1003005.425093  x:  0.13753   3.14919   0.06803  
  2 29170.8631 1002884.660474  x:  0.14776   3.14958   0.05734  
  3 23115.6393 1002755.546437  x:  0.14996   3.95123   0.06363  
  4 363.6960 1002750.767799  x:  0.15207   3.91122   0.06537  
  5  0.0692 1002750.588351  x:  0.15240   3.90432   0.06484  
  6  0.0062 1002750.587647  x:  0.15239   3.90226   0.06483  
  7  0.0015 1002750.587646  x:  0.15239   3.90226   0.06483  
  8  0.0000 1002750.587646  x:  0.15239   3.90226   0.06483  

4 (And_hat) ... 1 (And_bic)
  0  0.0000 985100.290937  x:  0.12107   3.33262   0.15667  
  1 99.0000 984422.933370  x:  0.09818   3.33311   0.11294  
  2 25215.0732 983761.654791  x:  0.10430   3.33365   0.06172  
  3 65043.2087 983755.377677  x:  0.10461   3.52948   0.06327  
  4 61.5446 983635.064494  x:  0.11569   3.36208   0.06690  
  5  0.2000 983632.306969  x:  0.11625   3.39385   0.06441  
  6  0.0528 983632.303543  x:  0.11631   3.39380   0.06442  
  7  0.0001 983632.303543  x:  0.11631   3.39381   0.06442  

4 (And_hat) ... 2 (And_ful)
  0  0.0000 1005967.383312  x:  0.16390   3.16961   0.17674  
  1 99.0000 1004306.149069  x:  0.12429   3.17124   0.10706  
  2 36636.2475 1003421.719969  x:  0.13209   3.17238   0.05776  
  3 73558.2194 1003217.427356  x:  0.13500   4.23946   0.06616  
  4 447.4304 1002989.829564  x:  0.15377   4.03600   0.06447  
  5  0.2143 1002989.310754  x:  0.15375   4.02502   0.06341  
  6  0.0155 1002989.260141  x:  0.15371   4.00664   0.06341  
  7  0.0152 1002989.260060  x:  0.15370   4.00667   0.06341  
  8  0.0000 1002989.260060  x:  0.15370   4.00668   0.06341  

4 (And_hat) ... 3 (And_hae)
  0  0.0000 1004234.878681  x:  0.12484   3.35911   0.16114  
  1 99.0000 1003122.109783  x:  0.16853   3.35981   0.12199  
  2 42389.6300 1002026.690308  x:  0.16644   3.36086   0.06012  
  3 46275.0095 1001955.396004  x:  0.16561   4.01478   0.06532  
  4 246.0877 1001822.895923  x:  0.15063   3.98365   0.06180  
  5  0.0304 1001819.711257  x:  0.14994   3.94900   0.06423  
  6  0.0666 1001819.668040  x:  0.15005   3.93401   0.06409  
  7  0.0124 1001819.667692  x:  0.15003   3.93339   0.06409  
  8  0.0007 1001819.667692  x:  0.15003   3.93338   0.06409  

5 (And_mar) ... 1 (And_bic)
  0  0.0000 965782.011666  x:  0.07102   3.39425   0.11882  
  1 99.0000 965408.810657  x:  0.08827   3.39425   0.11321  
  2 44533.5078 964988.268708  x:  0.08815   3.39421   0.06471  
  3 15096.1112 964963.293662  x:  0.08823   3.00381   0.06175  
  4 115.0413 964962.163759  x:  0.08729   2.97895   0.06208  
  5  0.0214 964962.125756  x:  0.08723   2.98517   0.06181  
  6  0.0118 964962.124089  x:  0.08723   2.98781   0.06186  
  7  0.0035 964962.124089  x:  0.08723   2.98782   0.06186  
  8  0.0000 964962.124089  x:  0.08723   2.98782   0.06186  
  9  0.0000 964962.124089  x:  0.08723   2.98782   0.06186  
check convergence!


5 (And_mar) ... 2 (And_ful)
  0  0.0000 1011126.990410  x:  0.16514   2.70351   0.17989  
  1 99.0000 1008675.892636  x:  0.13013   2.70681   0.07840  
  2 36378.7933 1008232.670055  x:  0.14015   2.70776   0.05209  
  3 67966.9530 1007845.401044  x:  0.14632   3.94791   0.06292  
  4 760.8685 1007706.832533  x:  0.16096   3.70829   0.06540  
  5  0.2935 1007702.482489  x:  0.16116   3.68130   0.06239  
  6  0.0254 1007702.399830  x:  0.16111   3.66045   0.06236  
  7  0.0154 1007702.399154  x:  0.16108   3.66043   0.06237  
  8  0.0000 1007702.399152  x:  0.16108   3.66045   0.06237  
  9  0.0000 1007702.399152  x:  0.16108   3.66046   0.06237  
 10  0.0000 1007702.399152  x:  0.16108   3.66045   0.06237  

5 (And_mar) ... 3 (And_hae)
  0  0.0000 1006250.635117  x:  0.14450   3.33813   0.12005  
  1 99.0000 1005349.245227  x:  0.16377   3.33869   0.06587  
  2 26444.5642 1005303.048955  x:  0.15711   3.33879   0.05992  
  3 11641.5953 1005295.343202  x:  0.15672   3.54621   0.06128  
  4 82.9157 1005290.401639  x:  0.15462   3.51035   0.06345  
  5  0.0631 1005290.388192  x:  0.15462   3.50239   0.06338  
  6  0.0075 1005290.388187  x:  0.15463   3.50240   0.06338  

5 (And_mar) ... 4 (And_hat)
  0  0.0000 983450.335287  x:  0.11782   3.19890   0.18791  
  1 99.0000 982813.588998  x:  0.09448   3.19948   0.15053  
  2 26589.7515 981528.136009  x:  0.09847   3.20077   0.06510  
  3 67678.4657 981515.684992  x:  0.09883   3.46371   0.06792  
  4 95.0732 981351.342172  x:  0.11215   3.36591   0.06433  
  5  0.1046 981350.675095  x:  0.11221   3.35231   0.06565  
  6  0.0342 981350.671596  x:  0.11222   3.35685   0.06567  
  7  0.0044 981350.671593  x:  0.11222   3.35682   0.06567  
  8  0.0000 981350.671593  x:  0.11222   3.35682   0.06567  
  9  0.0000 981350.671593  x:  0.11222   3.35682   0.06567  

6 (And_tri) ... 1 (And_bic)
  0  0.0000 981175.859981  x:  0.09398   3.16426   0.08837  
  1 99.0000 980839.526074  x:  0.11296   3.16424   0.08118  
  2 35420.3328 980708.161827  x:  0.11214   3.16417   0.06034  
  3 12514.1168 980694.489117  x:  0.11221   2.91063   0.05888  
  4 102.0366 980693.557226  x:  0.11124   2.90555   0.05955  
  5  0.0047 980693.530261  x:  0.11117   2.90711   0.05932  
  6  0.0021 980693.530259  x:  0.11117   2.90721   0.05932  
  7  0.0001 980693.530259  x:  0.11117   2.90720   0.05932  
  8  0.0000 980693.530259  x:  0.11117   2.90720   0.05932  

6 (And_tri) ... 2 (And_ful)
  0  0.0000 1005573.456848  x:  0.15054   2.85188   0.17174  
  1 99.0000 1002903.133273  x:  0.13582   2.85486   0.06028  
  2 33139.9758 1002765.613590  x:  0.14708   2.85533   0.05050  
  3 26273.9885 1002578.860879  x:  0.15102   3.68405   0.05931  
  4 511.7829 1002577.455484  x:  0.15225   3.65541   0.05999  
  5  0.0557 1002577.206345  x:  0.15259   3.65523   0.05937  
  6  0.0007 1002577.205810  x:  0.15259   3.65356   0.05936  
  7  0.0012 1002577.205806  x:  0.15259   3.65354   0.05936  

6 (And_tri) ... 3 (And_hae)
  0  0.0000 1003856.652216  x:  0.12976   3.31067   0.16107  
  1 99.0000 1002505.230047  x:  0.17688   3.31154   0.09627  
  2 35870.5185 1001849.667299  x:  0.17180   3.31203   0.05547  
  3 56016.2798 1001821.414354  x:  0.17087   3.70887   0.05810  
  4 150.2122 1001551.840056  x:  0.14872   3.53209   0.06164  
  5  0.1843 1001551.391737  x:  0.14865   3.51967   0.06068  
  6  0.0169 1001551.371056  x:  0.14869   3.50975   0.06068  
  7  0.0112 1001551.371055  x:  0.14869   3.50969   0.06068  
  8  0.0001 1001551.371055  x:  0.14869   3.50969   0.06068  

6 (And_tri) ... 4 (And_hat)
  0  0.0000 980511.536742  x:  0.10027   3.01373   0.13718  
  1 99.0000 980012.480141  x:  0.12450   3.01433   0.10333  
  2 25406.7616 979475.739288  x:  0.12075   3.01511   0.05835  
  3 46171.3750 979437.444190  x:  0.12003   3.48268   0.06217  
  4 176.5928 979353.977768  x:  0.10984   3.42297   0.06269  
  5  0.0618 979353.909842  x:  0.10985   3.40347   0.06276  
  6  0.0189 979353.906338  x:  0.10986   3.40175   0.06266  
  7  0.0025 979353.906337  x:  0.10986   3.40171   0.06266  
  8  0.0000 979353.906337  x:  0.10986   3.40170   0.06266  
  9  0.0000 979353.906337  x:  0.10986   3.40171   0.06266  

6 (And_tri) ... 5 (And_mar)
  0  0.0000 979954.063440  x:  0.09164   3.13566   0.11658  
  1 99.0000 979563.513431  x:  0.11208   3.13569   0.10541  
  2 36094.7645 979123.101012  x:  0.11106   3.13576   0.06184  
  3 20977.6756 979110.257685  x:  0.11116   2.89195   0.05998  
  4 99.2266 979102.568614  x:  0.10844   2.87332   0.06200  
  5  0.0180 979102.096238  x:  0.10812   2.88116   0.06107  
  6  0.0136 979102.096132  x:  0.10812   2.88128   0.06106  
  7  0.0001 979102.096132  x:  0.10812   2.88128   0.06106  

7 (Bom_pas) ... 1 (And_bic)
  0  0.0000 1225863.583300  x:  1.04398   2.81077   0.07012  
  1 99.0000 1225417.063689  x:  1.04354   2.81118   0.05744  
  2 64698.0496 1225280.543600  x:  1.12581   2.90154   0.05308  
  3 2355.4142 1224541.115957  x:  1.11855   3.87239   0.05841  
  4 3738.4939 1224524.544803  x:  1.14367   3.91987   0.05598  
  5  0.0440 1224523.751895  x:  1.14795   3.94130   0.05620  
  6  0.0213 1224523.689632  x:  1.14800   3.95100   0.05616  
  7  0.0076 1224523.689385  x:  1.14790   3.95095   0.05617  
  8  0.0001 1224523.689385  x:  1.14790   3.95095   0.05617  

7 (Bom_pas) ... 2 (And_ful)
  0  0.0000 1244866.104818  x:  1.12989   3.44046   0.17532  
  1 99.0000 1228463.398395  x:  1.11319   3.44219   0.05685  
  2 172118.4707 1228438.985127  x:  1.13182   3.44907   0.05405  
  3 2278.9697 1228115.126381  x:  1.17800   4.24703   0.05499  
  4 1070.2443 1228078.478154  x:  1.22035   4.24023   0.05472  
  5  0.0558 1228077.098775  x:  1.22476   4.24748   0.05401  
  6  0.0082 1228077.081996  x:  1.22561   4.25320   0.05400  
  7  0.0043 1228077.081917  x:  1.22556   4.25338   0.05400  
  8  0.0002 1228077.081917  x:  1.22556   4.25339   0.05400  

7 (Bom_pas) ... 3 (And_hae)
  0  0.0000 1229444.108663  x:  1.21325   3.59996   0.09366  
  1 99.0000 1225505.250246  x:  1.20941   3.60035   0.05298  
  2 152297.7401 1225407.458033  x:  1.14114   3.61948   0.05834  
  3 2690.0562 1225294.707471  x:  1.17981   4.09114   0.05760  
  4 528.5109 1225273.556159  x:  1.16250   4.09292   0.05622  
  5  0.0265 1225273.551312  x:  1.16293   4.09475   0.05618  
  6  0.0018 1225273.551236  x:  1.16293   4.09509   0.05618  
  7  0.0003 1225273.551236  x:  1.16293   4.09510   0.05618  

7 (Bom_pas) ... 4 (And_hat)
  0  0.0000 1236508.914638  x:  1.22698   3.71347   0.13768  
  1 99.0000 1224712.846235  x:  1.21580   3.71433   0.05252  
  2 184484.7524 1224666.578456  x:  1.17867   3.72342   0.05696  
  3 2503.6645 1224585.326792  x:  1.20808   4.13478   0.05631  
  4 428.6254 1224537.512347  x:  1.16488   4.11268   0.05583  
  5  0.0725 1224537.349432  x:  1.16666   4.11600   0.05558  
  6  0.0039 1224537.349143  x:  1.16657   4.11623   0.05558  
  7  0.0002 1224537.349141  x:  1.16658   4.11629   0.05558  

7 (Bom_pas) ... 5 (And_mar)
  0  0.0000 1240066.946199  x:  1.13387   3.55469   0.17301  
  1 99.0000 1224166.121876  x:  1.11563   3.55607   0.05667  
  2 169969.1188 1224150.055400  x:  1.10511   3.63042   0.05900  
  3 437.5342 1224088.575824  x:  1.13963   3.92975   0.05638  
  4 6474.3144 1224088.441730  x:  1.13946   3.93666   0.05658  
  5  0.0073 1224088.438732  x:  1.13919   3.93764   0.05658  
  6  0.0013 1224088.438667  x:  1.13925   3.93793   0.05658  

7 (Bom_pas) ... 6 (And_tri)
  0  0.0000 1230882.947093  x:  1.27606   3.58082   0.10310  
  1 99.0000 1224358.085896  x:  1.27025   3.58134   0.04994  
  2 181063.2099 1224095.265708  x:  1.15433   3.60238   0.05989  
  3 4455.6530 1224024.042798  x:  1.18645   3.96949   0.05912  
  4 410.7089 1223918.169881  x:  1.13679   3.96961   0.05704  
  5  0.0774 1223915.831416  x:  1.14575   3.97447   0.05610  
  6  0.0122 1223915.829774  x:  1.14560   3.97281   0.05610  
  7  0.0015 1223915.829761  x:  1.14560   3.97273   0.05610  