

2 (And_ful) ... 1 (And_bic)
  0  0.0000 1017294.485758  x:  0.17626   1.55461   0.49249  
  1 99.0000 1015128.197635  x:  0.12388   1.57239   0.40086  
  2 35932.5925 1003874.378538  x:  0.11306   1.63686   0.05834  
  3 149259.5035 1002875.844764  x:  0.11818   2.36403   0.11162  
  4 3626.6910 1000301.701561  x:  0.14127   3.04433   0.05035  
  5  2.1102 999676.545812  x:  0.16391   3.22337   0.07423  
  6  0.2003 999531.675933  x:  0.17472   3.47841   0.06218  
  7  0.2042 999515.271373  x:  0.17244   3.73715   0.06437  
  8  0.0666 999515.030129  x:  0.17291   3.74881   0.06391  
  9  0.0112 999515.026443  x:  0.17296   3.75096   0.06397  
 10  0.0018 999515.026443  x:  0.17296   3.75096   0.06397  
 11  0.0000 999515.026443  x:  0.17296   3.75096   0.06397  

3 (And_hae) ... 1 (And_bic)
  0  0.0000 996620.784914  x:  0.13416   3.36387   0.10086  
  1 99.0000 995830.148746  x:  0.17022   3.36413   0.08171  
  2 42039.7868 995672.098226  x:  0.16781   3.36443   0.06266  
  3 17024.7123 995645.979835  x:  0.16766   3.72746   0.06457  
  4 152.4743 995640.526052  x:  0.16441   3.72189   0.06453  
  5  0.0054 995640.515474  x:  0.16439   3.72073   0.06468  
  6  0.0015 995640.515439  x:  0.16439   3.72029   0.06467  

3 (And_hae) ... 2 (And_ful)
  0  0.0000 994045.277381  x:  0.17513   3.44235   0.10139  
  1 99.0000 993564.621213  x:  0.15360   3.44283   0.07508  
  2 26281.1791 993510.970176  x:  0.15914   3.44316   0.06546  
  3 10670.0385 993440.225018  x:  0.15995   4.08842   0.06883  
  4 242.5812 993439.464016  x:  0.16111   4.08250   0.06896  
  5  0.0068 993439.455030  x:  0.16114   4.08141   0.06881  
  6  0.0012 993439.455003  x:  0.16113   4.08097   0.06881  

4 (And_hat) ... 1 (And_bic)
  0  0.0000 974189.080427  x:  0.13113   3.49105   0.05288  
  1 99.0000 974035.675386  x:  0.12128   3.49106   0.06757  
  2 18157.1354 974031.434288  x:  0.12322   3.49109   0.06944  
  3 3267.3617 974027.186937  x:  0.12328   3.65915   0.07001  
  4 52.0780 974026.964720  x:  0.12295   3.65985   0.07071  
  5  0.0008 974026.964609  x:  0.12296   3.65995   0.07072  
  6  0.0001 974026.964609  x:  0.12296   3.65995   0.07072  
  7  0.0000 974026.964609  x:  0.12296   3.65995   0.07072  
  8  0.0000 974026.964609  x:  0.12296   3.65995   0.07072  
  9  0.0000 974026.964609  x:  0.12296   3.65995   0.07072  
check convergence!


4 (And_hat) ... 2 (And_ful)
  0  0.0000 994644.626704  x:  0.17233   3.20878   0.09171  
  1 99.0000 994333.516213  x:  0.15716   3.20941   0.06960  
  2 21596.9950 994312.405701  x:  0.16138   3.20987   0.06438  
  3 6712.1688 994150.227963  x:  0.16241   4.15912   0.06960  
  4 400.1780 994149.783492  x:  0.16242   4.15824   0.06858  
  5  0.0014 994149.777769  x:  0.16253   4.15827   0.06857  
  6  0.0001 994149.777765  x:  0.16253   4.15845   0.06857  
  7  0.0001 994149.777765  x:  0.16253   4.15845   0.06857  
  8  0.0000 994149.777765  x:  0.16253   4.15845   0.06857  
  9  0.0000 994149.777765  x:  0.16253   4.15845   0.06857  
 10  0.0000 994149.777765  x:  0.16253   4.15845   0.06857  
check convergence!


4 (And_hat) ... 3 (And_hae)
  0  0.0000 993319.623632  x:  0.12940   3.72951   0.17532  
  1 99.0000 992263.527408  x:  0.17307   3.73006   0.13665  
  2 40395.9658 991071.380940  x:  0.17127   3.73100   0.06669  
  3 44373.6158 991037.215994  x:  0.17077   4.20938   0.07037  
  4 151.2590 990910.373219  x:  0.15540   4.17632   0.06853  
  5  0.0312 990909.105729  x:  0.15510   4.15174   0.07015  
  6  0.0513 990909.092686  x:  0.15514   4.14236   0.07008  
  7  0.0082 990909.092660  x:  0.15513   4.14226   0.07008  
  8  0.0001 990909.092660  x:  0.15513   4.14226   0.07008  
  9  0.0000 990909.092660  x:  0.15513   4.14226   0.07008  

5 (And_mar) ... 1 (And_bic)
  0  0.0000 955925.563002  x:  0.07645   3.44819   0.16163  
  1 99.0000 955556.688228  x:  0.09448   3.44825   0.15338  
  2 40162.0203 954555.943345  x:  0.09465   3.44884   0.06691  
  3 20321.2569 954550.672736  x:  0.09471   3.26062   0.06501  
  4 53.4134 954545.228339  x:  0.09247   3.24186   0.06624  
  5  0.0163 954544.999341  x:  0.09233   3.25263   0.06546  
  6  0.0280 954544.999315  x:  0.09233   3.25305   0.06546  
  7  0.0005 954544.999315  x:  0.09233   3.25305   0.06546  

5 (And_mar) ... 2 (And_ful)
  0  0.0000 1001787.484017  x:  0.13517   2.84283   0.17073  
  1 99.0000 1000178.373206  x:  0.19153   2.84427   0.12523  
  2 50659.6887 998869.335253  x:  0.18988   2.84619   0.06061  
  3 48925.9652 998608.687861  x:  0.18797   3.86735   0.07111  
  4 602.4171 998457.980691  x:  0.17332   3.91689   0.06225  
  5  0.0510 998441.790299  x:  0.16978   3.87721   0.06689  
  6  0.0646 998441.625524  x:  0.16997   3.84824   0.06681  
  7  0.0192 998441.621297  x:  0.16990   3.84625   0.06676  
  8  0.0021 998441.621291  x:  0.16990   3.84628   0.06676  
  9  0.0000 998441.621291  x:  0.16990   3.84629   0.06676  

5 (And_mar) ... 3 (And_hae)
  0  0.0000 994088.828305  x:  0.14775   3.40726   0.05209  
  1 99.0000 993869.790065  x:  0.15917   3.40731   0.06757  
  2 24529.4233 993869.745169  x:  0.15893   3.40752   0.06775  
  3 241.9926 993848.275139  x:  0.15897   3.74557   0.06885  
  4 195.3205 993848.254659  x:  0.15911   3.74409   0.06899  
  5  0.0012 993848.254587  x:  0.15910   3.74417   0.06900  
  6  0.0001 993848.254587  x:  0.15910   3.74417   0.06900  
  7  0.0000 993848.254587  x:  0.15910   3.74417   0.06900  

5 (And_mar) ... 4 (And_hat)
  0  0.0000 971835.960152  x:  0.10330   3.19169   0.15776  
  1 99.0000 971452.080869  x:  0.12532   3.19210   0.13654  
  2 26885.9762 970724.426710  x:  0.12333   3.19331   0.07301  
  3 32846.9481 970688.285454  x:  0.12291   3.65972   0.07759  
  4 166.5455 970650.586863  x:  0.11615   3.66146   0.07497  
  5  0.0071 970649.820775  x:  0.11586   3.64751   0.07649  
  6  0.0257 970649.817108  x:  0.11588   3.64268   0.07645  
  7  0.0040 970649.817095  x:  0.11588   3.64259   0.07645  

6 (And_tri) ... 1 (And_bic)
  0  0.0000 972910.675867  x:  0.09868   3.26850   0.11700  
  1 99.0000 972383.757450  x:  0.12378   3.26853   0.10454  
  2 40899.4732 971944.965125  x:  0.12275   3.26860   0.06264  
  3 21036.2399 971932.752162  x:  0.12284   3.02653   0.06092  
  4 95.3025 971925.155592  x:  0.11992   3.00881   0.06281  
  5  0.0165 971924.731719  x:  0.11961   3.01612   0.06194  
  6  0.0125 971924.731638  x:  0.11961   3.01629   0.06193  
  7  0.0002 971924.731638  x:  0.11961   3.01628   0.06193  

6 (And_tri) ... 2 (And_ful)
  0  0.0000 995682.556472  x:  0.15463   2.86416   0.05214  
  1 99.0000 995586.578959  x:  0.16387   2.86446   0.06046  
  2 16018.1109 995585.759850  x:  0.16479   2.86495   0.05957  
  3 1198.3632 995446.087160  x:  0.16449   3.61962   0.06302  
  4 485.1546 995445.964150  x:  0.16487   3.61867   0.06267  
  5  0.0010 995445.963967  x:  0.16485   3.61880   0.06266  
  6  0.0001 995445.963966  x:  0.16485   3.61885   0.06266  
  7  0.0000 995445.963966  x:  0.16485   3.61886   0.06266  
  8  0.0000 995445.963966  x:  0.16485   3.61885   0.06266  

6 (And_tri) ... 3 (And_hae)
  0  0.0000 993461.522493  x:  0.12841   3.38953   0.12344  
  1 99.0000 992550.693775  x:  0.16707   3.38981   0.09779  
  2 43063.5595 992118.417473  x:  0.16425   3.39018   0.06277  
  3 27236.1425 992108.647116  x:  0.16408   3.61996   0.06421  
  4 90.5598 992080.647587  x:  0.15688   3.59123   0.06485  
  5  0.0252 992080.644671  x:  0.15685   3.59030   0.06478  
  6  0.0013 992080.644532  x:  0.15684   3.58970   0.06478  
  7  0.0007 992080.644531  x:  0.15684   3.58966   0.06478  
  8  0.0000 992080.644531  x:  0.15684   3.58965   0.06478  

6 (And_tri) ... 4 (And_hat)
  0  0.0000 971695.503064  x:  0.09811   3.23724   0.17029  
  1 99.0000 971199.917928  x:  0.12261   3.23750   0.15327  
  2 36110.9877 970018.731498  x:  0.12228   3.23868   0.06911  
  3 30209.8019 970013.177170  x:  0.12216   3.41736   0.07105  
  4 64.7141 969983.621137  x:  0.11668   3.44514   0.06728  
  5  0.0280 969980.824481  x:  0.11573   3.41742   0.06980  
  6  0.0605 969980.821192  x:  0.11576   3.41513   0.06972  
  7  0.0022 969980.821187  x:  0.11575   3.41502   0.06972  

6 (And_tri) ... 5 (And_mar)
  0  0.0000 971630.046772  x:  0.09396   3.20531   0.19114  
  1 99.0000 971084.847379  x:  0.11895   3.20546   0.17621  
  2 40865.3345 969455.229944  x:  0.11947   3.20637   0.06892  
  3 28838.2431 969445.977576  x:  0.11957   3.00428   0.06636  
  4 86.3796 969422.865043  x:  0.11467   2.94673   0.06987  
  5  0.0548 969419.919878  x:  0.11380   2.98292   0.06763  
  6  0.0959 969419.918876  x:  0.11383   2.98254   0.06758  
  7  0.0004 969419.918874  x:  0.11383   2.98260   0.06758  
  8  0.0001 969419.918874  x:  0.11383   2.98260   0.06758  
  9  0.0000 969419.918874  x:  0.11383   2.98260   0.06758  
 10  0.0000 969419.918874  x:  0.11383   2.98260   0.06758  
check convergence!


7 (Bom_pas) ... 1 (And_bic)
  0  0.0000 1228417.368284  x:  1.17992   2.86699   0.17379  
  1 99.0000 1211299.380901  x:  1.15953   2.86992   0.05542  
  2 176656.8022 1211227.895567  x:  1.12486   2.89652   0.06120  
  3 3387.6278 1210355.397820  x:  1.23275   4.06829   0.05951  
  4 2484.0716 1210232.735324  x:  1.16615   4.08506   0.05876  
  5  0.0861 1210232.427647  x:  1.16413   4.10070   0.05901  
  6  0.0131 1210232.396931  x:  1.16541   4.10727   0.05895  
  7  0.0051 1210232.396648  x:  1.16536   4.10740   0.05895  

7 (Bom_pas) ... 2 (And_ful)
  0  0.0000 1235163.825106  x:  1.23761   3.61634   0.19001  
  1 99.0000 1215296.864260  x:  1.21513   3.61839   0.05632  
  2 176191.0940 1215286.462463  x:  1.20348   3.63534   0.05842  
  3 1034.0590 1215007.678065  x:  1.26429   4.40851   0.05647  
  4 1986.8444 1215005.755111  x:  1.25380   4.40523   0.05654  
  5  0.0126 1215005.747983  x:  1.25336   4.40467   0.05659  
  6  0.0007 1215005.747945  x:  1.25335   4.40436   0.05659  
  7  0.0002 1215005.747945  x:  1.25335   4.40436   0.05659  

7 (Bom_pas) ... 3 (And_hae)
  0  0.0000 1222026.965224  x:  1.13768   3.78681   0.15045  
  1 99.0000 1211498.772994  x:  1.12644   3.78770   0.06057  
  2 158541.0227 1211490.515569  x:  1.14074   3.79369   0.05873  
  3 1044.0893 1211393.662641  x:  1.16448   4.25230   0.05897  
  4 552.1275 1211385.312837  x:  1.18176   4.25508   0.05923  
  5  0.0270 1211385.185818  x:  1.18355   4.25587   0.05899  
  6  0.0019 1211385.185570  x:  1.18365   4.25655   0.05899  
  7  0.0006 1211385.185569  x:  1.18365   4.25658   0.05899  

7 (Bom_pas) ... 4 (And_hat)
  0  0.0000 1215143.202481  x:  1.33552   3.74582   0.08906  
  1 99.0000 1211326.638560  x:  1.33170   3.74620   0.05126  
  2 159686.7370 1210872.430502  x:  1.15963   3.77935   0.06350  
  3 4963.1602 1210768.922876  x:  1.20356   4.24397   0.06243  
  4 477.4533 1210691.067415  x:  1.17031   4.26508   0.05973  
  5  0.0545 1210689.552918  x:  1.17836   4.26591   0.05898  
  6  0.0099 1210689.552018  x:  1.17843   4.26513   0.05898  
  7  0.0008 1210689.552006  x:  1.17842   4.26498   0.05898  

7 (Bom_pas) ... 5 (And_mar)
  0  0.0000 1219052.437719  x:  1.07869   3.73979   0.14800  
  1 99.0000 1209951.626454  x:  1.06902   3.74053   0.06303  
  2 148458.8599 1209911.657940  x:  1.09936   3.74334   0.05907  
  3 2549.4294 1209848.878883  x:  1.11851   4.10363   0.05915  
  4 373.6554 1209811.784114  x:  1.14908   4.10536   0.06025  
  5  0.0518 1209811.074746  x:  1.15386   4.10843   0.05970  
  6  0.0051 1209811.072435  x:  1.15412   4.11032   0.05970  
  7  0.0017 1209811.072431  x:  1.15411   4.11037   0.05970  

7 (Bom_pas) ... 6 (And_tri)
  0  0.0000 1214934.457724  x:  1.34664   3.42840   0.08626  
  1 99.0000 1211120.580469  x:  1.34287   3.42886   0.04967  
  2 164910.0282 1210456.789187  x:  1.13496   3.47596   0.06407  
  3 5863.3651 1210264.935327  x:  1.19444   4.06363   0.06285  
  4 719.7932 1210158.020039  x:  1.15637   4.10260   0.05973  
  5  0.0724 1210155.513847  x:  1.16664   4.10616   0.05875  
  6  0.0135 1210155.510675  x:  1.16695   4.10760   0.05876  
  7  0.0014 1210155.510590  x:  1.16696   4.10797   0.05876  
  8  0.0003 1210155.510590  x:  1.16696   4.10797   0.05876  