Supplemental results for CODEML (seqf: /home/yzliu/eDNA/faststorage/yzliu/DK_proj/data/ref_genome/ref_annotation/primary_transcripts/extracted_cds_new/new_transcript_id_7_and_pas/bootstraps/cat.out.OG_cds_7_species_same_header_fas.shuf_537OG_439.phy  treef: xxx.trees)


pairwise comparison (Goldman & Yang 1994)
seq seq        N       S       dN       dS     dN/dS   Paras.
  2   1 483033.8 190349.2   0.0111   0.1680   0.0663   0.1664   3.7087   0.0663 -1042895.795
  3   1 482388.0 190995.0   0.0110   0.1591   0.0690   0.1590   3.6693   0.0690 -1039796.309
  3   2 482365.5 191017.5   0.0111   0.1522   0.0731   0.1535   3.8768   0.0731 -1036526.527
  4   1 482978.2 190404.8   0.0083   0.1204   0.0692   0.1201   3.5899   0.0692 -1017064.478
  4   2 481971.9 191411.1   0.0109   0.1579   0.0688   0.1579   3.9390   0.0688 -1038159.306
  4   3 480567.9 192815.1   0.0109   0.1510   0.0720   0.1530   3.9914   0.0720 -1036203.553
  5   1 485611.9 187771.1   0.0060   0.0906   0.0667   0.0888   3.2130   0.0667 -996327.762
  5   2 483303.7 190079.3   0.0111   0.1649   0.0675   0.1637   3.6580   0.0675 -1041916.898
  5   3 482718.2 190664.8   0.0111   0.1550   0.0714   0.1554   3.6139   0.0714 -1038468.077
  5   4 483612.8 189770.2   0.0082   0.1168   0.0704   0.1165   3.4967   0.0704 -1015145.602
  6   1 486835.1 186547.9   0.0077   0.1162   0.0662   0.1133   3.0888   0.0662 -1013253.369
  6   2 484004.2 189378.8   0.0103   0.1575   0.0656   0.1551   3.5841   0.0656 -1036846.789
  6   3 483031.5 190351.5   0.0104   0.1499   0.0697   0.1496   3.5889   0.0697 -1034867.592
  6   4 484176.2 189206.8   0.0078   0.1138   0.0688   0.1128   3.4413   0.0688 -1012588.314
  6   5 487613.4 185769.6   0.0077   0.1128   0.0683   0.1101   2.9974   0.0683 -1011707.503
  7   1 483078.2 190304.8   0.0704   1.2100   0.0582   1.1774   4.0736   0.0582 -1266496.288
  7   2 479499.4 193883.6   0.0717   1.2780   0.0561   1.2571   4.3477   0.0561 -1270969.698
  7   3 481669.1 191713.9   0.0710   1.2156   0.0584   1.1906   4.2027   0.0584 -1267515.161
  7   4 481442.1 191940.9   0.0705   1.2249   0.0575   1.1985   4.2149   0.0575 -1267145.652
  7   5 483259.6 190123.4   0.0703   1.2015   0.0585   1.1690   4.0622   0.0585 -1266047.865
  7   6 483015.0 190368.0   0.0700   1.2081   0.0579   1.1752   4.0755   0.0579 -1265907.162

