

2 (And_ful) ... 1 (And_bic)
  0  0.0000 1112305.398710  x:  0.16922   1.47400   0.41632  
  1 99.0000 1110155.221307  x:  0.12005   1.48738   0.34297  
  2 42928.7440 1099726.729603  x:  0.11253   1.53840   0.05419  
  3 130222.4205 1098543.980721  x:  0.11714   2.30974   0.10487  
  4 4013.2282 1096311.676392  x:  0.13734   2.87530   0.04924  
  5  1.5840 1095856.632302  x:  0.15558   3.04144   0.06808  
  6  0.1862 1095749.680553  x:  0.16346   3.28927   0.05878  
  7  0.2021 1095723.294566  x:  0.16037   3.57532   0.06192  
  8  0.0830 1095722.731804  x:  0.16096   3.59622   0.06125  
  9  0.0191 1095722.727250  x:  0.16098   3.59968   0.06132  
 10  0.0029 1095722.727248  x:  0.16098   3.59965   0.06132  
 11  0.0000 1095722.727248  x:  0.16098   3.59965   0.06132  
 12  0.0000 1095722.727248  x:  0.16098   3.59965   0.06132  
 13  0.0000 1095722.727248  x:  0.16098   3.59965   0.06132  
 14  0.0000 1095722.727248  x:  0.16098   3.59965   0.06132  
 15  0.0000 1095722.727247  x:  0.16098   3.59965   0.06132  
 16  0.0071 1095722.727247  x:  0.16098   3.59965   0.06132  
 17  0.0012 1095722.727247  x:  0.16098   3.59965   0.06132  
check convergence!


3 (And_hae) ... 1 (And_bic)
  0  0.0000 1093738.276100  x:  0.12946   3.27252   0.07983  
  1 99.0000 1093237.710188  x:  0.15597   3.27263   0.07147  
  2 38564.5238 1093201.783851  x:  0.15514   3.27279   0.06296  
  3 8349.2621 1093190.704823  x:  0.15512   3.49771   0.06401  
  4 105.6602 1093190.511944  x:  0.15460   3.49003   0.06386  
  5  0.0066 1093190.510689  x:  0.15459   3.49014   0.06391  
  6  0.0001 1093190.510687  x:  0.15458   3.49022   0.06391  

3 (And_hae) ... 2 (And_ful)
  0  0.0000 1089853.382799  x:  0.13360   3.14160   0.09351  
  1 99.0000 1089471.471452  x:  0.15518   3.14209   0.07513  
  2 27725.7338 1089397.883453  x:  0.15256   3.14245   0.06574  
  3 14149.4927 1089275.430932  x:  0.15209   3.90656   0.07010  
  4 362.8201 1089265.833377  x:  0.14956   3.91056   0.06688  
  5  0.0060 1089265.811816  x:  0.14941   3.91481   0.06701  
  6  0.0042 1089265.811328  x:  0.14942   3.91640   0.06700  
  7  0.0012 1089265.811327  x:  0.14942   3.91642   0.06700  

4 (And_hat) ... 1 (And_bic)
  0  0.0000 1070243.650100  x:  0.11854   3.34786   0.08369  
  1 99.0000 1070123.044672  x:  0.11379   3.34803   0.06605  
  2 12190.6492 1070109.494002  x:  0.11721   3.34809   0.06282  
  3 7500.6523 1070106.103932  x:  0.11725   3.48709   0.06355  
  4 50.4550 1070105.999799  x:  0.11743   3.48432   0.06397  
  5  0.0036 1070105.999650  x:  0.11744   3.48378   0.06395  
  6  0.0005 1070105.999650  x:  0.11744   3.48376   0.06395  

4 (And_hat) ... 2 (And_ful)
  0  0.0000 1094353.904103  x:  0.13039   3.00386   0.16651  
  1 99.0000 1092789.195849  x:  0.18181   3.00540   0.10873  
  2 44947.3583 1091723.276101  x:  0.17850   3.00675   0.05603  
  3 62741.8340 1091470.633519  x:  0.17600   4.08756   0.06501  
  4 550.5305 1091203.721209  x:  0.15507   4.04488   0.06003  
  5  0.0446 1091197.896149  x:  0.15409   3.98946   0.06306  
  6  0.0858 1091197.493154  x:  0.15438   3.94602   0.06264  
  7  0.0315 1091197.488796  x:  0.15430   3.94380   0.06261  
  8  0.0025 1091197.488794  x:  0.15430   3.94373   0.06262  
  9  0.0001 1091197.488794  x:  0.15430   3.94373   0.06262  
check convergence!


4 (And_hat) ... 3 (And_hae)
  0  0.0000 1089593.726502  x:  0.12024   3.33395   0.07595  
  1 99.0000 1088975.805531  x:  0.14885   3.33412   0.07071  
  2 46137.9489 1088950.191462  x:  0.14858   3.33440   0.06359  
  3 6762.0554 1088892.771243  x:  0.14856   3.87974   0.06607  
  4 230.1469 1088892.484909  x:  0.14844   3.88052   0.06532  
  5  0.0011 1088892.484005  x:  0.14840   3.88134   0.06533  
  6  0.0007 1088892.484005  x:  0.14840   3.88136   0.06533  
  7  0.0000 1088892.484005  x:  0.14840   3.88136   0.06533  
  8  0.0000 1088892.484005  x:  0.14840   3.88136   0.06533  
  9  0.0000 1088892.484005  x:  0.14840   3.88136   0.06533  
check convergence!


5 (And_mar) ... 1 (And_bic)
  0  0.0000 1052062.598665  x:  0.08375   3.28135   0.17784  
  1 99.0000 1051447.894706  x:  0.10809   3.28183   0.12151  
  2 21288.3954 1050668.795426  x:  0.10515   3.28232   0.05882  
  3 99168.2997 1050663.820817  x:  0.10522   3.10892   0.05742  
  4 13.6601 1050383.992239  x:  0.08918   3.02966   0.06403  
  5  0.3586 1050381.423971  x:  0.08880   3.06724   0.06163  
  6  0.0777 1050381.419877  x:  0.08884   3.06471   0.06156  
  7  0.0030 1050381.419875  x:  0.08884   3.06463   0.06156  
  8  0.0001 1050381.419875  x:  0.08884   3.06463   0.06156  

5 (And_mar) ... 2 (And_ful)
  0  0.0000 1099388.606686  x:  0.14607   2.83849   0.19456  
  1 99.0000 1095918.915501  x:  0.18330   2.84225   0.06454  
  2 37305.1285 1095722.242107  x:  0.17264   2.84279   0.05122  
  3 32483.1955 1095458.933859  x:  0.16554   3.80164   0.06006  
  4 632.7997 1095428.001633  x:  0.15915   3.66755   0.06283  
  5  0.2883 1095427.153200  x:  0.15963   3.61358   0.06299  
  6  0.0458 1095427.141289  x:  0.15963   3.60927   0.06285  
  7  0.0036 1095427.141255  x:  0.15962   3.60958   0.06285  

5 (And_mar) ... 3 (And_hae)
  0  0.0000 1095722.000246  x:  0.13009   3.33602   0.19602  
  1 99.0000 1094289.727742  x:  0.18057   3.33688   0.13631  
  2 41252.5924 1092753.057364  x:  0.17888   3.33783   0.06217  
  3 70343.0569 1092736.730141  x:  0.17832   3.61418   0.06467  
  4 119.8653 1092345.007456  x:  0.15212   3.47693   0.06581  
  5  0.1262 1092344.882360  x:  0.15202   3.45406   0.06566  
  6  0.0239 1092344.881352  x:  0.15203   3.45410   0.06562  
  7  0.0001 1092344.881295  x:  0.15204   3.45388   0.06562  
  8  0.0003 1092344.881295  x:  0.15204   3.45386   0.06562  

5 (And_mar) ... 4 (And_hat)
  0  0.0000 1070305.862618  x:  0.09221   3.28389   0.18449  
  1 99.0000 1069666.042201  x:  0.11771   3.28409   0.17033  
  2 48004.3228 1067921.056977  x:  0.11819   3.28551   0.06677  
  3 30933.4513 1067918.442200  x:  0.11812   3.40476   0.06816  
  4 46.0134 1067898.292152  x:  0.11414   3.44495   0.06466  
  5  0.0416 1067894.719125  x:  0.11299   3.41109   0.06706  
  6  0.0801 1067894.718264  x:  0.11299   3.40898   0.06705  
  7  0.0020 1067894.718262  x:  0.11299   3.40897   0.06704  

6 (And_tri) ... 1 (And_bic)
  0  0.0000 1068687.855396  x:  0.11788   3.07216   0.11996  
  1 99.0000 1068183.632785  x:  0.10020   3.07234   0.08636  
  2 24540.2670 1067877.865105  x:  0.10679   3.07246   0.05801  
  3 43442.0148 1067875.250678  x:  0.10668   2.97118   0.05732  
  4 46.2495 1067830.721380  x:  0.11252   2.90525   0.06177  
  5  0.0888 1067829.037710  x:  0.11324   2.92191   0.06013  
  6  0.0213 1067829.036298  x:  0.11325   2.91968   0.06010  
  7  0.0024 1067829.036296  x:  0.11325   2.91969   0.06010  
  8  0.0000 1067829.036296  x:  0.11325   2.91969   0.06010  
  9  0.0000 1067829.036296  x:  0.11325   2.91968   0.06010  
 10  0.0000 1067829.036296  x:  0.11325   2.91969   0.06010  

6 (And_tri) ... 2 (And_ful)
  0  0.0000 1092168.476951  x:  0.13833   2.64343   0.11642  
  1 99.0000 1091004.212602  x:  0.16604   2.64502   0.06285  
  2 34343.6521 1090892.879809  x:  0.15875   2.64557   0.05218  
  3 21080.3219 1090647.416579  x:  0.15568   3.56075   0.05895  
  4 630.0224 1090640.503163  x:  0.15250   3.53367   0.06003  
  5  0.0398 1090640.440195  x:  0.15248   3.51854   0.05982  
  6  0.0105 1090640.438950  x:  0.15250   3.51736   0.05985  
  7  0.0011 1090640.438949  x:  0.15250   3.51736   0.05985  

6 (And_tri) ... 3 (And_hae)
  0  0.0000 1089673.763752  x:  0.11985   3.23467   0.10547  
  1 99.0000 1088892.208289  x:  0.15232   3.23486   0.08862  
  2 46765.7612 1088614.079896  x:  0.15033   3.23514   0.06218  
  3 21705.3436 1088605.966647  x:  0.15024   3.42263   0.06330  
  4 89.5353 1088597.231024  x:  0.14658   3.41541   0.06349  
  5  0.0067 1088597.229381  x:  0.14657   3.41474   0.06354  
  6  0.0010 1088597.229362  x:  0.14657   3.41450   0.06354  
  7  0.0002 1088597.229361  x:  0.14657   3.41449   0.06354  

6 (And_tri) ... 4 (And_hat)
  0  0.0000 1067781.895298  x:  0.09006   3.16906   0.13772  
  1 99.0000 1067118.344579  x:  0.11567   3.16923   0.12556  
  2 51336.2393 1066201.921246  x:  0.11537   3.17004   0.06123  
  3 26617.8284 1066194.007415  x:  0.11527   3.37302   0.06304  
  4 81.6902 1066183.498100  x:  0.11215   3.38395   0.06121  
  5  0.0102 1066182.786747  x:  0.11176   3.37267   0.06241  
  6  0.0225 1066182.786454  x:  0.11177   3.37208   0.06238  
  7  0.0006 1066182.786453  x:  0.11177   3.37204   0.06238  
  8  0.0000 1066182.786453  x:  0.11177   3.37203   0.06238  
  9  0.0000 1066182.786453  x:  0.11177   3.37203   0.06238  

6 (And_tri) ... 5 (And_mar)
  0  0.0000 1066400.666751  x:  0.10536   3.20240   0.06673  
  1 99.0000 1066381.439718  x:  0.10986   3.20232   0.06627  
  2 8642.8956 1066380.907735  x:  0.10985   3.20213   0.06506  
  3 865.8895 1066356.739002  x:  0.10989   2.87585   0.06360  
  4 143.1425 1066356.737185  x:  0.10989   2.87552   0.06353  

7 (Bom_pas) ... 1 (And_bic)
  0  0.0000 1343939.433899  x:  1.08550   2.61461   0.11882  
  1 99.0000 1336580.086527  x:  1.07913   2.61616   0.05684  
  2 173675.3526 1335295.564302  x:  1.10331   3.74263   0.06528  
  3 2650.7926 1335164.167452  x:  1.17996   3.84112   0.05834  
  4 5905.8974 1335130.049371  x:  1.16202   3.89928   0.05679  
  5  0.0903 1335125.687290  x:  1.15782   3.95981   0.05771  
  6  0.0452 1335125.256317  x:  1.16252   3.97945   0.05745  
  7  0.0168 1335125.255861  x:  1.16240   3.97977   0.05745  
  8  0.0003 1335125.255861  x:  1.16240   3.97977   0.05745  
  9  0.0000 1335125.255861  x:  1.16240   3.97977   0.05745  
 10  0.0000 1335125.255861  x:  1.16240   3.97977   0.05745  

7 (Bom_pas) ... 2 (And_ful)
  0  0.0000 1364611.273725  x:  1.40037   3.38766   0.17308  
  1 99.0000 1339643.198739  x:  1.37905   3.38987   0.04775  
  2 230208.3113 1339506.112950  x:  1.33065   3.40362   0.05491  
  3 5848.8520 1339048.362234  x:  1.40794   4.33780   0.05355  
  4 1157.7530 1338567.687194  x:  1.22229   4.20098   0.05674  
  5  0.2246 1338562.819962  x:  1.23284   4.24440   0.05549  
  6  0.0408 1338562.664822  x:  1.23024   4.24708   0.05553  
  7  0.0047 1338562.660112  x:  1.23042   4.24998   0.05554  
  8  0.0023 1338562.660110  x:  1.23042   4.25001   0.05554  
  9  0.0000 1338562.660110  x:  1.23042   4.25001   0.05554  
check convergence!


7 (Bom_pas) ... 3 (And_hae)
  0  0.0000 1351297.955145  x:  1.22024   3.54563   0.15509  
  1 99.0000 1335917.410849  x:  1.20533   3.54690   0.05481  
  2 196765.4992 1335872.416611  x:  1.17421   3.55686   0.05909  
  3 2815.0497 1335706.633490  x:  1.21322   4.09954   0.05834  
  4 695.2180 1335648.535275  x:  1.16658   4.08342   0.05806  
  5  0.0705 1335648.442816  x:  1.16756   4.08755   0.05788  
  6  0.0042 1335648.442301  x:  1.16752   4.08837   0.05789  
  7  0.0007 1335648.442294  x:  1.16753   4.08843   0.05789  

7 (Bom_pas) ... 4 (And_hat)
  0  0.0000 1350896.926065  x:  1.29095   3.42643   0.14259  
  1 99.0000 1335762.219177  x:  1.27783   3.42772   0.05098  
  2 213524.4155 1335601.793511  x:  1.21027   3.44598   0.05929  
  3 4862.2226 1335325.202948  x:  1.26724   4.14274   0.05804  
  4 902.5643 1335109.247732  x:  1.17073   4.10626   0.05790  
  5  0.1420 1335106.537486  x:  1.17933   4.12450   0.05691  
  6  0.0217 1335106.508609  x:  1.17850   4.12669   0.05690  
  7  0.0024 1335106.507946  x:  1.17858   4.12776   0.05690  
  8  0.0009 1335106.507945  x:  1.17858   4.12777   0.05690  

7 (Bom_pas) ... 5 (And_mar)
  0  0.0000 1354965.119239  x:  1.27944   3.47095   0.16799  
  1 99.0000 1335072.950311  x:  1.25965   3.47262   0.05205  
  2 207651.1632 1334965.133706  x:  1.21412   3.48248   0.05884  
  3 4877.7556 1334799.035065  x:  1.25367   4.01688   0.05805  
  4 680.5032 1334552.234043  x:  1.14281   3.95314   0.05925  
  5  0.1635 1334549.136737  x:  1.15057   3.97834   0.05819  
  6  0.0263 1334549.096409  x:  1.14939   3.97923   0.05819  
  7  0.0017 1334549.096136  x:  1.14942   3.97989   0.05819  
  8  0.0006 1334549.096136  x:  1.14942   3.97990   0.05819  

7 (Bom_pas) ... 6 (And_tri)
  0  0.0000 1337984.932420  x:  1.16613   3.61541   0.09476  
  1 99.0000 1334407.335312  x:  1.16278   3.61573   0.05632  
  2 149236.4489 1334386.347845  x:  1.13370   3.62889   0.05868  
  3 1303.7613 1334309.551866  x:  1.16313   3.99634   0.05808  
  4 495.8339 1334306.469540  x:  1.15764   3.99588   0.05749  
  5  0.0086 1334306.467487  x:  1.15736   3.99618   0.05752  
  6  0.0004 1334306.467486  x:  1.15736   3.99621   0.05752  