Supplemental results for CODEML (seqf: /home/yzliu/eDNA/faststorage/yzliu/DK_proj/data/ref_genome/ref_annotation/primary_transcripts/extracted_cds_new/new_transcript_id_8_bom_apis/bootstraps/cat.out.OG_cds_8_species_same_header_fas.shuf_211OG_299.phy  treef: xxx.trees)


pairwise comparison (Goldman & Yang 1994)
seq seq        N       S       dN       dS     dN/dS   Paras.
  2   1 168516.2  56000.8   0.0573   0.5765   0.0994   0.5604   4.1488   0.0994 -394355.877
  3   1 168122.7  56394.3   0.0572   0.5939   0.0963   0.5760   4.2386   0.0963 -394924.458
  3   2 164227.9  60289.1   0.0146   0.1048   0.1397   0.1165   5.5867   0.1397 -335411.328
  4   1 168571.6  55945.4   0.0569   0.5868   0.0970   0.5668   4.2063   0.0970 -394162.537
  4   2 164806.4  59710.6   0.0138   0.1000   0.1384   0.1103   5.4036   0.1384 -333830.576
  4   3 164080.5  60436.5   0.0083   0.0599   0.1393   0.0667   5.8592   0.1393 -322758.637
  5   1 168596.4  55920.6   0.0576   0.5936   0.0970   0.5733   4.1756   0.0970 -394824.163
  5   2 164698.2  59818.8   0.0152   0.1060   0.1439   0.1183   5.4840   0.1439 -335784.342
  5   3 164195.2  60321.8   0.0088   0.0606   0.1458   0.0683   5.7230   0.1458 -323252.387
  5   4 164516.0  60001.0   0.0088   0.0636   0.1381   0.0703   5.7902   0.1381 -323491.426
  6   1 168565.7  55951.3   0.0577   0.5933   0.0972   0.5734   4.1718   0.0972 -394884.809
  6   2 164691.2  59825.8   0.0155   0.1075   0.1443   0.1201   5.4584   0.1443 -336239.292
  6   3 164074.0  60443.0   0.0090   0.0612   0.1473   0.0692   5.8091   0.1473 -323532.742
  6   4 164307.4  60209.6   0.0092   0.0638   0.1437   0.0714   5.9698   0.1437 -323883.795
  6   5 163977.2  60539.8   0.0029   0.0202   0.1446   0.0227   6.3102   0.1446 -308764.410
  7   1 168677.4  55839.6   0.0582   0.5919   0.0982   0.5727   4.1605   0.0982 -395041.154
  7   2 164801.4  59715.6   0.0158   0.1083   0.1456   0.1211   5.4378   0.1456 -336504.693
  7   3 164313.9  60203.1   0.0093   0.0636   0.1456   0.0715   5.6586   0.1456 -324152.475
  7   4 164687.0  59830.0   0.0097   0.0655   0.1474   0.0736   5.6732   0.1474 -324604.233
  7   5 164768.6  59748.4   0.0094   0.0594   0.1584   0.0681   5.5731   0.1584 -323250.734
  7   6 164632.0  59885.0   0.0097   0.0597   0.1622   0.0690   5.6713   0.1622 -323574.526
  8   1 168525.0  55992.0   0.0576   0.5936   0.0970   0.5738   4.1762   0.0970 -394860.044
  8   2 164672.4  59844.6   0.0151   0.1058   0.1427   0.1179   5.4465   0.1427 -335716.711
  8   3 164179.0  60338.0   0.0088   0.0598   0.1465   0.0675   5.6744   0.1465 -323093.555
  8   4 164438.7  60078.3   0.0089   0.0632   0.1406   0.0703   5.7999   0.1406 -323593.578
  8   5 164178.1  60338.9   0.0025   0.0186   0.1332   0.0205   6.0497   0.1332 -307897.938
  8   6 163949.9  60567.1   0.0028   0.0203   0.1394   0.0226   6.2631   0.1394 -308713.868
  8   7 164665.0  59852.0   0.0093   0.0588   0.1578   0.0674   5.6078   0.1578 -323082.103

