Supplemental results for CODEML (seqf: /home/yzliu/eDNA/faststorage/yzliu/DK_proj/data/ref_genome/ref_annotation/primary_transcripts/extracted_cds_new/new_transcript_id_7_and_pas/bootstraps/cat.out.OG_cds_7_species_same_header_fas.shuf_537OG_22.phy  treef: xxx.trees)


pairwise comparison (Goldman & Yang 1994)
seq seq        N       S       dN       dS     dN/dS   Paras.
  2   1 461742.5 178229.5   0.0108   0.1682   0.0643   0.1639   3.6068   0.0643 -989597.485
  3   1 461091.0 178881.0   0.0107   0.1604   0.0666   0.1577   3.5204   0.0666 -987353.231
  3   2 460337.9 179634.1   0.0111   0.1537   0.0722   0.1534   3.8807   0.0722 -984818.316
  4   1 461497.6 178474.4   0.0081   0.1200   0.0674   0.1179   3.4688   0.0674 -965168.156
  4   2 460068.1 179903.9   0.0106   0.1569   0.0678   0.1553   3.9316   0.0678 -984934.538
  4   3 458905.9 181066.1   0.0106   0.1499   0.0704   0.1500   3.8989   0.0704 -983071.959
  5   1 464009.6 175962.4   0.0062   0.0937   0.0658   0.0906   3.0875   0.0658 -948366.253
  5   2 461066.5 178905.5   0.0110   0.1663   0.0665   0.1633   3.6743   0.0665 -989758.765
  5   3 460705.4 179266.6   0.0109   0.1562   0.0697   0.1547   3.5480   0.0697 -986517.724
  5   4 461331.5 178640.5   0.0081   0.1146   0.0710   0.1135   3.4659   0.0710 -963192.653
  6   1 465614.4 174357.6   0.0075   0.1196   0.0624   0.1140   2.9159   0.0624 -963324.236
  6   2 462381.6 177590.4   0.0102   0.1608   0.0633   0.1559   3.5007   0.0633 -985550.941
  6   3 461874.6 178097.4   0.0103   0.1532   0.0673   0.1502   3.4011   0.0673 -983940.686
  6   4 462192.2 177779.8   0.0078   0.1143   0.0683   0.1122   3.3631   0.0683 -962115.184
  6   5 465567.6 174404.4   0.0077   0.1144   0.0675   0.1104   2.9014   0.0675 -962016.885
  7   1 458189.4 181782.6   0.0704   1.1659   0.0604   1.1447   3.9123   0.0604 -1206883.667
  7   2 455337.0 184635.0   0.0717   1.2362   0.0580   1.2230   4.1671   0.0580 -1211088.304
  7   3 457058.0 182914.0   0.0710   1.1700   0.0607   1.1553   4.0380   0.0607 -1207598.825
  7   4 456827.3 183144.7   0.0707   1.1756   0.0601   1.1606   4.0666   0.0601 -1207215.219
  7   5 458331.5 181640.5   0.0705   1.1578   0.0609   1.1373   3.9067   0.0609 -1206784.975
  7   6 458149.1 181822.9   0.0702   1.1689   0.0601   1.1472   3.9274   0.0601 -1206680.810

