

2 (And_ful) ... 1 (And_bic)
  0  0.0000 1002926.560296  x:  0.14406   1.61367   0.39593  
  1 99.0000 996282.814398  x:  0.27964   1.66403   0.06975  
  2 34890.9473 995785.045817  x:  0.27854   1.66781   0.04371  
  3 181031.2150 990424.170271  x:  0.18476   5.37317   0.09525  
  4 4217.0042 989927.285263  x:  0.15662   5.01833   0.07899  
  5  0.3147 989699.550413  x:  0.16314   4.27615   0.05871  
  6  0.5940 989614.603476  x:  0.16909   3.74380   0.06351  
  7  0.2687 989598.342068  x:  0.16467   3.55990   0.06361  
  8  0.1687 989597.486049  x:  0.16393   3.60830   0.06432  
  9  0.0711 989597.485222  x:  0.16392   3.60685   0.06434  
 10  0.0015 989597.485222  x:  0.16392   3.60683   0.06434  

3 (And_hae) ... 1 (And_bic)
  0  0.0000 988166.307814  x:  0.12919   3.26218   0.09779  
  1 99.0000 987498.222638  x:  0.16179   3.26238   0.08297  
  2 40582.9305 987370.629066  x:  0.15999   3.26263   0.06524  
  3 14461.7365 987356.031012  x:  0.15992   3.52434   0.06668  
  4 116.8260 987353.241537  x:  0.15768   3.52126   0.06649  
  5  0.0032 987353.230545  x:  0.15765   3.52060   0.06664  
  6  0.0009 987353.230538  x:  0.15765   3.52041   0.06664  
  7  0.0002 987353.230538  x:  0.15765   3.52041   0.06664  

3 (And_hae) ... 2 (And_ful)
  0  0.0000 985767.603795  x:  0.14042   3.03985   0.12160  
  1 99.0000 985095.558943  x:  0.16576   3.04099   0.07873  
  2 25610.8631 984982.372687  x:  0.15876   3.04153   0.06491  
  3 19419.8513 984832.859235  x:  0.15749   3.72644   0.06962  
  4 407.8339 984819.215881  x:  0.15304   3.80748   0.07209  
  5  0.0965 984818.317143  x:  0.15338   3.88271   0.07212  
  6  0.0525 984818.315601  x:  0.15336   3.88072   0.07215  
  7  0.0020 984818.315601  x:  0.15336   3.88068   0.07215  
  8  0.0000 984818.315601  x:  0.15336   3.88069   0.07215  
  9  0.0000 984818.315601  x:  0.15336   3.88070   0.07215  

4 (And_hat) ... 1 (And_bic)
  0  0.0000 967526.797211  x:  0.12448   3.26494   0.19936  
  1 99.0000 966834.814397  x:  0.09893   3.26558   0.16074  
  2 27581.0282 965368.996901  x:  0.10278   3.26706   0.06689  
  3 65246.8737 965352.347980  x:  0.10321   3.57501   0.07028  
  4 109.8703 965170.337165  x:  0.11763   3.49361   0.06505  
  5  0.0884 965168.158739  x:  0.11784   3.46534   0.06735  
  6  0.0752 965168.155652  x:  0.11787   3.46890   0.06736  
  7  0.0032 965168.155644  x:  0.11788   3.46877   0.06736  

4 (And_hat) ... 2 (And_ful)
  0  0.0000 988158.376518  x:  0.13140   3.00681   0.18875  
  1 99.0000 986770.612711  x:  0.18366   3.00849   0.12983  
  2 39696.6302 985455.996457  x:  0.18159   3.01035   0.06125  
  3 61427.5013 985234.019628  x:  0.17927   4.04927   0.07149  
  4 498.7206 984948.471886  x:  0.15717   4.05248   0.06335  
  5  0.0223 984935.034865  x:  0.15505   3.98670   0.06817  
  6  0.1213 984934.551236  x:  0.15542   3.93578   0.06794  
  7  0.0376 984934.538012  x:  0.15531   3.93149   0.06784  
  8  0.0046 984934.537979  x:  0.15531   3.93163   0.06784  
  9  0.0001 984934.537979  x:  0.15531   3.93161   0.06784  
 10  0.0000 984934.537979  x:  0.15531   3.93161   0.06784  
 11  0.0000 984934.537979  x:  0.15531   3.93161   0.06784  
check convergence!


4 (And_hat) ... 3 (And_hae)
  0  0.0000 983653.693212  x:  0.14940   3.47582   0.11416  
  1 99.0000 983119.841083  x:  0.14446   3.47645   0.07025  
  2 20200.5655 983102.314792  x:  0.14966   3.47661   0.06789  
  3 6897.4055 983071.990528  x:  0.15001   3.89842   0.07071  
  4 153.8942 983071.959489  x:  0.14996   3.89939   0.07044  
  5  0.0017 983071.959266  x:  0.14998   3.89895   0.07044  
  6  0.0004 983071.959266  x:  0.14998   3.89888   0.07044  
  7  0.0000 983071.959266  x:  0.14998   3.89891   0.07044  
  8  0.0000 983071.959266  x:  0.14998   3.89891   0.07044  
check convergence!


5 (And_mar) ... 1 (And_bic)
  0  0.0000 949139.879132  x:  0.09556   3.37508   0.13858  
  1 99.0000 948919.099096  x:  0.08242   3.37515   0.12232  
  2 20007.5726 948402.060854  x:  0.08597   3.37532   0.06628  
  3 32194.6525 948392.302254  x:  0.08588   3.14310   0.06441  
  4 72.7198 948367.418055  x:  0.09024   3.06839   0.06756  
  5  0.0854 948366.253058  x:  0.09065   3.08655   0.06578  
  6  0.0341 948366.252581  x:  0.09065   3.08752   0.06575  
  7  0.0010 948366.252580  x:  0.09065   3.08747   0.06575  
  8  0.0001 948366.252580  x:  0.09065   3.08747   0.06575  
  9  0.0000 948366.252580  x:  0.09065   3.08747   0.06575  
 10  0.0000 948366.252580  x:  0.09065   3.08747   0.06575  
check convergence!


5 (And_mar) ... 2 (And_ful)
  0  0.0000 992082.389019  x:  0.15199   2.77743   0.15786  
  1 99.0000 990022.984864  x:  0.17391   2.78020   0.06502  
  2 31810.2124 989966.000524  x:  0.16555   2.78073   0.05951  
  3 12455.2167 989762.861841  x:  0.16192   3.61852   0.06874  
  4 555.2484 989758.911977  x:  0.16367   3.65609   0.06657  
  5  0.0777 989758.770539  x:  0.16329   3.66957   0.06639  
  6  0.0119 989758.764556  x:  0.16331   3.67418   0.06647  
  7  0.0034 989758.764541  x:  0.16332   3.67428   0.06646  

5 (And_mar) ... 3 (And_hae)
  0  0.0000 986995.081852  x:  0.14247   3.35081   0.10604  
  1 99.0000 986595.064605  x:  0.16299   3.35113   0.07725  
  2 22074.3995 986532.207764  x:  0.15777   3.35129   0.06685  
  3 13189.3059 986523.088556  x:  0.15756   3.56807   0.06807  
  4 88.6992 986517.729067  x:  0.15479   3.55019   0.06983  
  5  0.0219 986517.723658  x:  0.15475   3.54827   0.06973  
  6  0.0020 986517.723636  x:  0.15475   3.54797   0.06973  
  7  0.0003 986517.723636  x:  0.15475   3.54796   0.06973  
  8  0.0000 986517.723636  x:  0.15475   3.54796   0.06973  
check convergence!


5 (And_mar) ... 4 (And_hat)
  0  0.0000 965231.321382  x:  0.11223   3.07404   0.19577  
  1 99.0000 963471.636863  x:  0.09738   3.07653   0.07844  
  2 21685.1791 963288.110425  x:  0.10656   3.07694   0.06085  
  3 54803.7165 963228.250108  x:  0.10842   3.65172   0.06687  
  4 226.1711 963193.444228  x:  0.11289   3.46978   0.07231  
  5  0.3719 963192.654952  x:  0.11354   3.46937   0.07103  
  6  0.0013 963192.652547  x:  0.11352   3.46578   0.07099  
  7  0.0032 963192.652542  x:  0.11352   3.46586   0.07099  

6 (And_tri) ... 1 (And_bic)
  0  0.0000 965328.794470  x:  0.12404   3.00116   0.17583  
  1 99.0000 964705.736684  x:  0.09923   3.00150   0.14714  
  2 30402.1212 963428.079131  x:  0.10312   3.00240   0.06320  
  3 46529.7118 963427.088529  x:  0.10311   2.94015   0.06250  
  4 12.6261 963324.376280  x:  0.11400   2.90863   0.06297  
  5  0.0848 963324.235707  x:  0.11403   2.91557   0.06241  
  6  0.0187 963324.235653  x:  0.11403   2.91593   0.06241  
  7  0.0004 963324.235653  x:  0.11403   2.91591   0.06241  

6 (And_tri) ... 2 (And_ful)
  0  0.0000 988080.298933  x:  0.13669   2.88503   0.16401  
  1 99.0000 986413.692453  x:  0.18662   2.88690   0.08555  
  2 35934.0627 985943.032986  x:  0.17986   2.88764   0.05470  
  3 51322.3656 985780.267778  x:  0.17681   3.74532   0.06097  
  4 435.0985 985552.230061  x:  0.15572   3.58189   0.06354  
  5  0.1874 985550.953260  x:  0.15590   3.50191   0.06342  
  6  0.0657 985550.940546  x:  0.15590   3.50073   0.06325  
  7  0.0014 985550.940544  x:  0.15590   3.50071   0.06325  
  8  0.0000 985550.940544  x:  0.15590   3.50071   0.06325  
  9  0.0000 985550.940544  x:  0.15590   3.50071   0.06325  

6 (And_tri) ... 3 (And_hae)
  0  0.0000 984116.171752  x:  0.14622   3.28766   0.04973  
  1 99.0000 983943.918059  x:  0.15108   3.28764   0.06653  
  2 21960.1444 983943.427093  x:  0.15019   3.28769   0.06683  
  3 1031.7575 983940.696252  x:  0.15019   3.40244   0.06720  
  4 49.3376 983940.685931  x:  0.15022   3.40064   0.06734  
  5  0.0013 983940.685883  x:  0.15022   3.40111   0.06734  

6 (And_tri) ... 4 (And_hat)
  0  0.0000 963335.779591  x:  0.09736   2.98341   0.14483  
  1 99.0000 962922.331942  x:  0.11956   2.98374   0.12770  
  2 31767.2056 962170.817811  x:  0.11826   2.98487   0.06571  
  3 29191.0157 962142.465969  x:  0.11795   3.36810   0.06951  
  4 157.8097 962116.275882  x:  0.11263   3.38018   0.06669  
  5  0.0128 962115.186770  x:  0.11217   3.36679   0.06830  
  6  0.0259 962115.184458  x:  0.11216   3.36325   0.06831  
  7  0.0031 962115.184445  x:  0.11216   3.36315   0.06830  
  8  0.0001 962115.184445  x:  0.11216   3.36315   0.06830  

6 (And_tri) ... 5 (And_mar)
  0  0.0000 962059.581387  x:  0.11450   3.13287   0.06103  
  1 99.0000 962032.656891  x:  0.10939   3.13277   0.06533  
  2 8014.5105 962028.120550  x:  0.11055   3.13264   0.06849  
  3 3103.7969 962016.898193  x:  0.11053   2.90464   0.06747  
  4 93.0681 962016.884909  x:  0.11042   2.90105   0.06745  
  5  0.0037 962016.884865  x:  0.11041   2.90143   0.06746  
  6  0.0004 962016.884865  x:  0.11041   2.90143   0.06746  

7 (Bom_pas) ... 1 (And_bic)
  0  0.0000 1209262.711509  x:  1.00825   2.91511   0.09260  
  1 99.0000 1207680.046138  x:  1.00719   2.91570   0.06406  
  2 94725.1213 1207510.751062  x:  1.08841   2.94398   0.05788  
  3 4124.2345 1206891.976340  x:  1.12258   3.89579   0.06123  
  4 1710.5417 1206884.438319  x:  1.14162   3.90032   0.06093  
  5  0.0172 1206883.682724  x:  1.14435   3.90675   0.06036  
  6  0.0091 1206883.667031  x:  1.14476   3.91234   0.06036  
  7  0.0038 1206883.667016  x:  1.14473   3.91234   0.06037  
  8  0.0000 1206883.667016  x:  1.14473   3.91234   0.06037  

7 (Bom_pas) ... 2 (And_ful)
  0  0.0000 1213038.440219  x:  1.49462   3.54367   0.05734  
  1 99.0000 1212470.916324  x:  1.49341   3.54386   0.04623  
  2 92937.6219 1211242.979625  x:  1.17949   3.61069   0.05916  
  3 6469.4897 1211099.468168  x:  1.24037   4.12736   0.05832  
  4 598.5022 1211088.811788  x:  1.21992   4.16230   0.05849  
  5  0.0522 1211088.304278  x:  1.22298   4.16612   0.05803  
  6  0.0042 1211088.303838  x:  1.22302   4.16701   0.05802  
  7  0.0008 1211088.303832  x:  1.22303   4.16706   0.05802  

7 (Bom_pas) ... 3 (And_hae)
  0  0.0000 1226723.490022  x:  1.26895   3.58272   0.18160  
  1 99.0000 1207944.751757  x:  1.24597   3.58455   0.05525  
  2 177556.1026 1207879.903353  x:  1.21495   3.59115   0.06028  
  3 3808.9480 1207761.946841  x:  1.24878   4.07352   0.05964  
  4 531.5000 1207599.683437  x:  1.15181   4.01717   0.06121  
  5  0.1418 1207598.833920  x:  1.15582   4.03674   0.06064  
  6  0.0190 1207598.825323  x:  1.15523   4.03758   0.06065  
  7  0.0012 1207598.825240  x:  1.15526   4.03795   0.06065  
  8  0.0003 1207598.825240  x:  1.15526   4.03796   0.06065  

7 (Bom_pas) ... 4 (And_hat)
  0  0.0000 1222654.349550  x:  1.13042   3.65052   0.18306  
  1 99.0000 1207311.465477  x:  1.11113   3.65198   0.06143  
  2 157576.9531 1207306.534859  x:  1.12028   3.65611   0.05996  
  3 958.3579 1207222.648123  x:  1.14210   4.06352   0.06027  
  4 548.4038 1207215.291936  x:  1.15947   4.06483   0.06028  
  5  0.0253 1207215.219641  x:  1.16056   4.06601   0.06010  
  6  0.0016 1207215.219482  x:  1.16063   4.06655   0.06010  
  7  0.0005 1207215.219481  x:  1.16063   4.06656   0.06010  

7 (Bom_pas) ... 5 (And_mar)
  0  0.0000 1214273.045025  x:  1.30431   3.50037   0.10973  
  1 99.0000 1207422.458722  x:  1.29742   3.50101   0.05263  
  2 175290.9693 1207027.143685  x:  1.14929   3.52690   0.06619  
  3 5324.3799 1206951.787389  x:  1.18305   3.89819   0.06533  
  4 436.6575 1206791.918524  x:  1.12260   3.90708   0.06264  
  5  0.0943 1206784.987622  x:  1.13751   3.91173   0.06091  
  6  0.0195 1206784.975052  x:  1.13732   3.90680   0.06090  
  7  0.0041 1206784.975034  x:  1.13730   3.90675   0.06090  
  8  0.0001 1206784.975034  x:  1.13730   3.90675   0.06090  
  9  0.0000 1206784.975034  x:  1.13730   3.90675   0.06090  

7 (Bom_pas) ... 6 (And_tri)
  0  0.0000 1212260.008271  x:  1.21884   3.58593   0.10846  
  1 99.0000 1206875.998266  x:  1.21311   3.58642   0.05612  
  2 155215.6987 1206773.228685  x:  1.14434   3.60078   0.06245  
  3 2911.1989 1206716.036774  x:  1.17010   3.92682   0.06192  
  4 372.0888 1206680.970165  x:  1.14462   3.92555   0.06034  
  5  0.0402 1206680.809987  x:  1.14715   3.92728   0.06009  
  6  0.0034 1206680.809979  x:  1.14716   3.92740   0.06009  