

2 (Bom_con) ... 1 (Apis_mel)
  0  0.0000 438385.800904  x:  0.48180   1.44139   0.44956  
  1 99.0000 428458.241662  x:  0.39706   1.51795   0.08696  
  2 27274.2535 428227.312236  x:  0.41893   1.52667   0.06745  
  3 18593.2522 425384.088164  x:  0.54596   3.22466   0.10319  
  4 5003.3826 425175.366958  x:  0.51209   3.56989   0.08878  
  5  0.2809 425098.986123  x:  0.55211   3.80172   0.07937  
  6  0.1262 425086.406470  x:  0.55746   3.92608   0.08358  
  7  0.0778 425082.055044  x:  0.55549   4.07667   0.08320  
  8  0.0944 425082.051297  x:  0.55516   4.07422   0.08321  
  9  0.0022 425082.051288  x:  0.55516   4.07420   0.08321  
 10  0.0000 425082.051288  x:  0.55516   4.07421   0.08321  
 11  0.0000 425082.051288  x:  0.55516   4.07421   0.08321  
 12  0.0000 425082.051288  x:  0.55516   4.07421   0.08321  
check convergence!


3 (Bom_hor) ... 1 (Apis_mel)
  0  0.0000 425733.201094  x:  0.53673   3.56915   0.10721  
  1 99.0000 425524.123621  x:  0.53621   3.56949   0.08597  
  2 15271.8362 425504.303482  x:  0.56046   3.57217   0.08276  
  3 1667.3139 425454.112208  x:  0.56720   4.11591   0.08428  
  4 201.9698 425448.298116  x:  0.56653   4.12456   0.08075  
  5  0.0139 425448.290963  x:  0.56662   4.13116   0.08071  
  6  0.0054 425448.290897  x:  0.56663   4.13139   0.08072  
  7  0.0002 425448.290897  x:  0.56663   4.13139   0.08072  

3 (Bom_hor) ... 2 (Bom_con)
  0  0.0000 365160.907943  x:  0.10103   3.49462   0.20254  
  1 99.0000 365033.569438  x:  0.12100   3.49505   0.19219  
  2 12087.9116 364731.812804  x:  0.12102   3.49854   0.10742  
  3 7073.9963 364617.155725  x:  0.12054   5.15575   0.12461  
  4 171.6320 364610.307301  x:  0.11957   5.22307   0.11459  
  5  0.1051 364609.938435  x:  0.11855   5.26744   0.11540  
  6  0.0366 364609.920024  x:  0.11863   5.29416   0.11542  
  7  0.0142 364609.919928  x:  0.11864   5.29392   0.11546  

4 (Bom_hyp) ... 1 (Apis_mel)
  0  0.0000 426324.359549  x:  0.51950   4.34753   0.17808  
  1 99.0000 424646.486534  x:  0.51121   4.34769   0.08609  
  2 26568.2764 424571.147837  x:  0.55246   4.34659   0.07658  
  3 3684.8368 424566.286878  x:  0.54993   4.15509   0.07617  
  4 47.6381 424550.369366  x:  0.55841   4.12739   0.08067  
  5  0.0814 424550.288038  x:  0.55994   4.13641   0.08040  
  6  0.0082 424550.287507  x:  0.55994   4.13469   0.08038  
  7  0.0018 424550.287506  x:  0.55993   4.13472   0.08038  

4 (Bom_hyp) ... 2 (Bom_con)
  0  0.0000 362636.375778  x:  0.09008   3.55621   0.11891  
  1 99.0000 362496.067411  x:  0.10966   3.55639   0.11795  
  2 15384.5589 362491.285039  x:  0.10981   3.55765   0.10924  
  3 1035.1375 362401.515140  x:  0.10967   5.13552   0.11902  
  4 143.6441 362401.023917  x:  0.10984   5.14103   0.11609  
  5  0.0059 362401.020980  x:  0.10988   5.15163   0.11611  
  6  0.0058 362401.020939  x:  0.10987   5.15204   0.11612  
  7  0.0003 362401.020938  x:  0.10987   5.15204   0.11612  

4 (Bom_hyp) ... 3 (Bom_hor)
  0  0.0000 350698.784530  x:  0.05250   4.12492   0.20073  
  1 99.0000 350581.112528  x:  0.06592   4.12498   0.19825  
  2 18732.4826 350361.888751  x:  0.06632   4.12740   0.10218  
  3 3601.6350 350328.585718  x:  0.06620   5.49474   0.11392  
  4 57.6221 350326.745055  x:  0.06623   5.55194   0.10719  
  5  0.1091 350326.725655  x:  0.06622   5.59317   0.10735  
  6  0.0241 350326.725631  x:  0.06622   5.59266   0.10737  
  7  0.0005 350326.725630  x:  0.06622   5.59267   0.10736  
  8  0.0000 350326.725630  x:  0.06622   5.59267   0.10736  

5 (Bom_mus) ... 1 (Apis_mel)
  0  0.0000 426582.859181  x:  0.53009   4.59954   0.16046  
  1 99.0000 425367.936071  x:  0.52498   4.59943   0.08638  
  2 25005.5791 425299.500227  x:  0.56676   4.59755   0.07794  
  3 3306.6310 425275.841403  x:  0.56120   4.17005   0.07721  
  4 102.6742 425265.806333  x:  0.56674   4.15072   0.08097  
  5  0.0511 425265.777538  x:  0.56773   4.15425   0.08087  
  6  0.0034 425265.777402  x:  0.56773   4.15341   0.08086  
  7  0.0009 425265.777400  x:  0.56773   4.15346   0.08086  

5 (Bom_mus) ... 2 (Bom_con)
  0  0.0000 364744.910259  x:  0.11485   3.69875   0.16718  
  1 99.0000 364648.867213  x:  0.12420   3.70069   0.12326  
  2 3884.0697 364634.342764  x:  0.11863   3.70127   0.11464  
  3 5535.6772 364546.514098  x:  0.11760   5.25475   0.12675  
  4 138.6616 364546.193735  x:  0.11789   5.26362   0.12441  
  5  0.0108 364546.183421  x:  0.11771   5.26802   0.12433  
  6  0.0047 364546.182931  x:  0.11772   5.27246   0.12436  
  7  0.0026 364546.182930  x:  0.11772   5.27244   0.12436  

5 (Bom_mus) ... 3 (Bom_hor)
  0  0.0000 351111.885189  x:  0.06138   4.41232   0.23774  
  1 99.0000 351086.956350  x:  0.06796   4.41239   0.23413  
  2 6889.0405 350822.914928  x:  0.06823   4.41495   0.11590  
  3 4341.0489 350803.537298  x:  0.06809   5.47972   0.12574  
  4 41.2458 350802.196048  x:  0.06776   5.53306   0.11983  
  5  0.1062 350802.080934  x:  0.06732   5.54748   0.12038  
  6  0.0140 350802.080573  x:  0.06731   5.55287   0.12038  
  7  0.0038 350802.080569  x:  0.06732   5.55295   0.12039  

5 (Bom_mus) ... 4 (Bom_hyp)
  0  0.0000 350296.344779  x:  0.05742   4.69398   0.18453  
  1 99.0000 350250.819563  x:  0.06605   4.69402   0.18219  
  2 10712.5151 350125.241641  x:  0.06627   4.69531   0.11051  
  3 3059.0020 350110.160988  x:  0.06619   5.72675   0.11716  
  4 32.8428 350109.771471  x:  0.06613   5.74795   0.11394  
  5  0.0361 350109.766439  x:  0.06604   5.75738   0.11402  
  6  0.0079 350109.766402  x:  0.06605   5.75905   0.11402  

6 (Bom_pas) ... 1 (Apis_mel)
  0  0.0000 425593.534535  x:  0.52491   4.82259   0.08678  
  1 99.0000 425540.904995  x:  0.55516   4.82094   0.09120  
  2 3507.5778 425509.690518  x:  0.57347   4.81968   0.08223  
  3 9104.4553 425455.520202  x:  0.56576   4.15051   0.08186  
  4 149.6219 425455.480213  x:  0.56691   4.15035   0.08174  
  5  0.0011 425455.480013  x:  0.56691   4.15055   0.08177  
  6  0.0002 425455.480013  x:  0.56691   4.15054   0.08177  
  7  0.0000 425455.480013  x:  0.56691   4.15054   0.08177  

6 (Bom_pas) ... 2 (Bom_con)
  0  0.0000 364791.489160  x:  0.11713   3.67285   0.10657  
  1 99.0000 364784.196965  x:  0.12042   3.67342   0.11391  
  2 1869.6990 364781.192366  x:  0.11786   3.67407   0.11854  
  3 1778.0584 364690.113397  x:  0.11770   5.26670   0.12662  
  4 143.7960 364690.051001  x:  0.11808   5.26612   0.12591  
  5  0.0009 364690.050345  x:  0.11805   5.26686   0.12583  
  6  0.0006 364690.050336  x:  0.11805   5.26746   0.12584  

6 (Bom_pas) ... 3 (Bom_hor)
  0  0.0000 350964.589343  x:  0.06622   4.46943   0.16973  
  1 99.0000 350945.577385  x:  0.07199   4.46982   0.15475  
  2 2435.8672 350896.854640  x:  0.06945   4.47087   0.11558  
  3 12632.4828 350871.509396  x:  0.06902   5.77739   0.12372  
  4 45.2020 350870.186418  x:  0.06751   5.76778   0.12234  
  5  0.0108 350870.185068  x:  0.06750   5.76322   0.12250  
  6  0.0050 350870.184945  x:  0.06750   5.76020   0.12246  
  7  0.0023 350870.184944  x:  0.06750   5.76026   0.12246  
  8  0.0000 350870.184944  x:  0.06750   5.76026   0.12246  
check convergence!


6 (Bom_pas) ... 4 (Bom_hyp)
  0  0.0000 350685.135727  x:  0.05776   4.62480   0.20554  
  1 99.0000 350636.173476  x:  0.06672   4.62485   0.20307  
  2 11094.6044 350472.284418  x:  0.06702   4.62667   0.11643  
  3 3204.7860 350450.704817  x:  0.06692   5.84545   0.12543  
  4 40.4517 350449.785430  x:  0.06687   5.88444   0.12029  
  5  0.0701 350449.773537  x:  0.06676   5.90813   0.12042  
  6  0.0176 350449.773314  x:  0.06678   5.91137   0.12044  

6 (Bom_pas) ... 5 (Bom_mus)
  0  0.0000 335161.983736  x:  0.01983   4.86726   0.18707  
  1 99.0000 335157.968113  x:  0.02130   4.86726   0.18686  
  2 5619.9297 335125.476785  x:  0.02136   4.86804   0.12094  
  3 837.5146 335124.572203  x:  0.02135   5.30246   0.12373  
  4  4.4381 335124.555551  x:  0.02134   5.30426   0.12250  
  5  0.0037 335124.555458  x:  0.02134   5.30056   0.12247  
  6  0.0044 335124.555455  x:  0.02134   5.30056   0.12247  

7 (Bom_syl) ... 1 (Apis_mel)
  0  0.0000 428336.125219  x:  0.51061   4.43201   0.22311  
  1 99.0000 425662.550895  x:  0.49831   4.43225   0.09028  
  2 27139.6652 425537.192215  x:  0.54545   4.43098   0.07664  
  3 5289.8221 425527.338164  x:  0.54166   4.15405   0.07596  
  4 63.9973 425476.358895  x:  0.56040   4.08108   0.08307  
  5  0.2582 425475.665910  x:  0.56458   4.11625   0.08228  
  6  0.0316 425475.651314  x:  0.56470   4.10787   0.08217  
  7  0.0090 425475.651275  x:  0.56468   4.10793   0.08217  
  8  0.0001 425475.651275  x:  0.56468   4.10793   0.08217  

7 (Bom_syl) ... 2 (Bom_con)
  0  0.0000 365486.367171  x:  0.11410   3.51199   0.16820  
  1 99.0000 365435.396692  x:  0.12708   3.51294   0.15028  
  2 4808.2561 365365.401072  x:  0.12341   3.51492   0.11537  
  3 8032.2944 365246.623017  x:  0.12248   5.24455   0.12960  
  4 172.7461 365244.071665  x:  0.12035   5.25629   0.12525  
  5  0.0137 365244.062989  x:  0.12024   5.26575   0.12551  
  6  0.0082 365244.061593  x:  0.12026   5.27230   0.12548  
  7  0.0042 365244.061591  x:  0.12026   5.27232   0.12548  

7 (Bom_syl) ... 3 (Bom_hor)
  0  0.0000 351898.831563  x:  0.05840   4.33197   0.17084  
  1 99.0000 351815.345954  x:  0.07028   4.33203   0.16882  
  2 14826.2691 351732.664420  x:  0.07052   4.33348   0.11394  
  3 2631.4949 351705.361504  x:  0.07041   5.59683   0.12250  
  4 50.1399 351704.852037  x:  0.07043   5.61603   0.11878  
  5  0.0284 351704.848888  x:  0.07042   5.63207   0.11881  
  6  0.0102 351704.848879  x:  0.07042   5.63207   0.11883  
  7  0.0000 351704.848878  x:  0.07042   5.63207   0.11883  
  8  0.0000 351704.848878  x:  0.07042   5.63207   0.11883  
  9  0.0000 351704.848878  x:  0.07042   5.63207   0.11883  
 10  0.0000 351704.848878  x:  0.07042   5.63206   0.11883  
 11  0.0000 351704.848878  x:  0.07042   5.63206   0.11883  
 12  0.0000 351704.848878  x:  0.07042   5.63206   0.11883  
 13  0.0082 351704.848878  x:  0.07042   5.63206   0.11883  
check convergence!


7 (Bom_syl) ... 4 (Bom_hyp)
  0  0.0000 351311.761595  x:  0.06841   4.44256   0.11569  
  1 99.0000 351310.997405  x:  0.06961   4.44261   0.11556  
  2 1273.3574 351310.831221  x:  0.06962   4.44327   0.11351  
  3 152.6999 351286.328609  x:  0.06952   5.70524   0.11932  
  4 50.0010 351286.286636  x:  0.06955   5.69830   0.11823  
  5  0.0066 351286.286613  x:  0.06955   5.69725   0.11821  
  6  0.0008 351286.286612  x:  0.06955   5.69706   0.11822  
  7  0.0002 351286.286612  x:  0.06955   5.69707   0.11822  
  8  0.0000 351286.286612  x:  0.06955   5.69706   0.11822  
  9  0.0000 351286.286612  x:  0.06955   5.69707   0.11822  
 10  0.0000 351286.286612  x:  0.06955   5.69707   0.11822  
check convergence!


7 (Bom_syl) ... 5 (Bom_mus)
  0  0.0000 350204.033826  x:  0.06145   4.58080   0.17920  
  1 99.0000 350195.271259  x:  0.06536   4.58085   0.17724  
  2 4140.2183 350145.087020  x:  0.06524   4.58210   0.12991  
  3 2311.2237 350127.235306  x:  0.06514   5.68687   0.13716  
  4 36.6607 350126.986143  x:  0.06497   5.69794   0.13431  
  5  0.0150 350126.982497  x:  0.06490   5.70356   0.13443  
  6  0.0053 350126.982449  x:  0.06490   5.70555   0.13443  
  7  0.0014 350126.982449  x:  0.06490   5.70554   0.13443  
  8  0.0000 350126.982449  x:  0.06490   5.70555   0.13443  
  9  0.0000 350126.982449  x:  0.06490   5.70556   0.13443  

7 (Bom_syl) ... 6 (Bom_pas)
  0  0.0000 350227.617515  x:  0.06314   4.55118   0.18810  
  1 99.0000 350220.102205  x:  0.06677   4.55134   0.18224  
  2 2225.9742 350168.352248  x:  0.06560   4.55267   0.13365  
  3 6233.4573 350149.361614  x:  0.06538   5.68912   0.14151  
  4 38.0247 350148.811945  x:  0.06465   5.69793   0.13863  
  5  0.0105 350148.801554  x:  0.06456   5.69958   0.13912  
  6  0.0021 350148.801534  x:  0.06456   5.70094   0.13912  
  7  0.0008 350148.801534  x:  0.06456   5.70082   0.13912  

8 (Bom_vet) ... 1 (Apis_mel)
  0  0.0000 426658.604729  x:  0.45143   4.73224   0.15082  
  1 99.0000 425784.509220  x:  0.47456   4.73179   0.08824  
  2 20796.5136 425425.641689  x:  0.57314   4.72931   0.08432  
  3 9357.3110 425384.998278  x:  0.56827   4.16136   0.08272  
  4 133.2819 425384.375465  x:  0.56819   4.16605   0.08157  
  5  0.0106 425384.327259  x:  0.56692   4.16041   0.08166  
  6  0.0048 425384.326904  x:  0.56690   4.16188   0.08167  
  7  0.0018 425384.326904  x:  0.56690   4.16188   0.08167  

8 (Bom_vet) ... 2 (Bom_con)
  0  0.0000 364588.555180  x:  0.11501   3.50849   0.09654  
  1 99.0000 364566.216613  x:  0.12115   3.50903   0.10749  
  2 3669.3985 364557.171838  x:  0.11684   3.50980   0.11556  
  3 2803.5880 364431.197067  x:  0.11644   5.36781   0.12477  
  4 175.7386 364430.977053  x:  0.11731   5.36873   0.12468  
  5  0.0012 364430.976130  x:  0.11730   5.36949   0.12481  
  6  0.0006 364430.976129  x:  0.11730   5.36949   0.12481  

8 (Bom_vet) ... 3 (Bom_hor)
  0  0.0000 350632.762976  x:  0.06456   4.43255   0.17615  
  1 99.0000 350619.294439  x:  0.06952   4.43278   0.16711  
  2 2691.0516 350552.104973  x:  0.06790   4.43410   0.11706  
  3 8951.5793 350526.345066  x:  0.06756   5.73946   0.12576  
  4 45.7867 350525.097432  x:  0.06632   5.74956   0.12249  
  5  0.0120 350525.077729  x:  0.06621   5.75008   0.12315  
  6  0.0011 350525.077714  x:  0.06621   5.75101   0.12314  
  7  0.0007 350525.077714  x:  0.06621   5.75116   0.12314  
  8  0.0001 350525.077714  x:  0.06621   5.75116   0.12314  

8 (Bom_vet) ... 4 (Bom_hyp)
  0  0.0000 350260.220310  x:  0.06585   4.63515   0.17485  
  1 99.0000 350201.899925  x:  0.05942   4.63605   0.13502  
  2 2679.9149 350163.350032  x:  0.06389   4.63671   0.10686  
  3 26090.8321 350135.278308  x:  0.06437   6.10533   0.11541  
  4 44.6562 350133.589854  x:  0.06601   6.06380   0.11728  
  5  0.0476 350133.556121  x:  0.06607   6.05643   0.11631  
  6  0.0080 350133.555795  x:  0.06607   6.05059   0.11629  
  7  0.0038 350133.555794  x:  0.06607   6.05058   0.11630  
  8  0.0000 350133.555794  x:  0.06607   6.05058   0.11630  

8 (Bom_vet) ... 5 (Bom_mus)
  0  0.0000 334574.640378  x:  0.01871   4.97171   0.18013  
  1 99.0000 334571.732916  x:  0.01992   4.97171   0.17994  
  2 4904.0872 334540.997004  x:  0.01998   4.97239   0.11566  
  3 815.5477 334540.324649  x:  0.01997   5.36860   0.11803  
  4  3.6165 334540.312309  x:  0.01996   5.37019   0.11697  
  5  0.0032 334540.312237  x:  0.01996   5.36781   0.11695  
  6  0.0022 334540.312237  x:  0.01996   5.36773   0.11695  

8 (Bom_vet) ... 6 (Bom_pas)
  0  0.0000 334799.266014  x:  0.01868   4.27482   0.13803  
  1 99.0000 334792.981009  x:  0.02047   4.27482   0.13797  
  2 7331.9065 334790.650045  x:  0.02049   4.27592   0.12248  
  3 280.8293 334778.928862  x:  0.02042   5.84588   0.13173  
  4 18.2106 334778.848049  x:  0.02040   5.84628   0.12885  
  5  0.0030 334778.847967  x:  0.02040   5.84953   0.12880  
  6  0.0041 334778.847958  x:  0.02040   5.84953   0.12880  
  7  0.0061 334778.847958  x:  0.02040   5.84953   0.12880  
  8  0.0000 334778.847947  x:  0.02040   5.84953   0.12880  
  9  3.0273 334778.847947  x:  0.02040   5.84953   0.12880  
check convergence!


8 (Bom_vet) ... 7 (Bom_syl)
  0  0.0000 349999.811926  x:  0.06637   4.86890   0.23126  
  1 99.0000 349986.332494  x:  0.06164   4.86896   0.22831  
  2 4711.3625 349845.219574  x:  0.06274   4.87075   0.13629  
  3 3346.8484 349832.377976  x:  0.06278   5.90177   0.14425  
  4 28.8481 349831.677164  x:  0.06329   5.90988   0.13948  
  5  0.0146 349831.629553  x:  0.06354   5.89931   0.14003  
  6  0.0123 349831.629375  x:  0.06355   5.89573   0.13997  
  7  0.0028 349831.629372  x:  0.06354   5.89545   0.13998  