

2 (And_ful) ... 1 (And_bic)
  0  0.0000 1107760.034001  x:  0.17943   1.59827   0.47099  
  1 99.0000 1105864.704648  x:  0.13044   1.60840   0.41282  
  2 44482.5439 1092670.337180  x:  0.12269   1.66881   0.05431  
  3 90003.3270 1091984.996175  x:  0.12518   2.18966   0.09296  
  4 3253.6345 1089995.454320  x:  0.14461   2.94292   0.04805  
  5  2.3203 1089555.220645  x:  0.16298   3.11579   0.06609  
  6  0.2002 1089475.905442  x:  0.16970   3.38265   0.05890  
  7  0.1854 1089459.997727  x:  0.16666   3.58898   0.06118  
  8  0.0750 1089459.651634  x:  0.16728   3.61125   0.06097  
  9  0.0187 1089459.648495  x:  0.16727   3.61324   0.06104  
 10  0.0018 1089459.648493  x:  0.16728   3.61321   0.06104  
 11  0.0000 1089459.648492  x:  0.16728   3.61320   0.06104  
 12  0.0000 1089459.648492  x:  0.16728   3.61320   0.06104  
 13  0.0000 1089459.648492  x:  0.16728   3.61320   0.06104  
check convergence!


3 (And_hae) ... 1 (And_bic)
  0  0.0000 1086663.490605  x:  0.12996   3.14571   0.09584  
  1 99.0000 1085876.712299  x:  0.16366   3.14598   0.07880  
  2 45167.2898 1085727.624623  x:  0.16149   3.14631   0.06120  
  3 17279.8344 1085693.161499  x:  0.16131   3.52461   0.06333  
  4 195.0730 1085688.924689  x:  0.15866   3.51962   0.06311  
  5  0.0048 1085688.907950  x:  0.15863   3.51850   0.06328  
  6  0.0014 1085688.907910  x:  0.15863   3.51808   0.06328  
  7  0.0004 1085688.907910  x:  0.15863   3.51808   0.06328  

3 (And_hae) ... 2 (And_ful)
  0  0.0000 1083847.083774  x:  0.16751   3.31354   0.14799  
  1 99.0000 1082479.915804  x:  0.13234   3.31455   0.09464  
  2 38413.5899 1081920.697160  x:  0.14102   3.31526   0.05909  
  3 48713.4915 1081795.390690  x:  0.14283   4.13462   0.06466  
  4 344.8685 1081707.842337  x:  0.15408   4.02307   0.06596  
  5  0.1268 1081706.798187  x:  0.15431   4.02135   0.06450  
  6  0.0030 1081706.788066  x:  0.15431   4.01323   0.06447  
  7  0.0064 1081706.788036  x:  0.15431   4.01317   0.06447  
  8  0.0001 1081706.788036  x:  0.15431   4.01318   0.06447  

4 (And_hat) ... 1 (And_bic)
  0  0.0000 1063416.876671  x:  0.11096   3.67426   0.14229  
  1 99.0000 1062707.164227  x:  0.13708   3.67451   0.09164  
  2 24828.3520 1062358.292066  x:  0.13075   3.67462   0.06082  
  3 49004.0645 1062354.844161  x:  0.13092   3.53234   0.06003  
  4 38.0162 1062241.825862  x:  0.11972   3.42077   0.06637  
  5  0.1702 1062240.872086  x:  0.11928   3.44410   0.06516  
  6  0.0324 1062240.867318  x:  0.11933   3.44175   0.06509  
  7  0.0026 1062240.867315  x:  0.11933   3.44183   0.06509  

4 (And_hat) ... 2 (And_ful)
  0  0.0000 1085960.793099  x:  0.13915   3.19069   0.18750  
  1 99.0000 1083344.022333  x:  0.19272   3.19339   0.07579  
  2 38146.6903 1082917.702405  x:  0.18491   3.19403   0.05042  
  3 60868.6442 1082610.529593  x:  0.17869   4.55353   0.05881  
  4 544.4397 1082310.650466  x:  0.15566   4.24414   0.06193  
  5  0.4202 1082304.703244  x:  0.15619   4.05002   0.06211  
  6  0.1595 1082304.622783  x:  0.15625   4.04363   0.06172  
  7  0.0062 1082304.622729  x:  0.15624   4.04388   0.06171  
  8  0.0003 1082304.622729  x:  0.15624   4.04389   0.06171  
  9  0.0000 1082304.622729  x:  0.15624   4.04389   0.06171  
 10  0.0000 1082304.622729  x:  0.15624   4.04389   0.06171  
 11  0.0000 1082304.622729  x:  0.15624   4.04389   0.06171  
check convergence!


4 (And_hat) ... 3 (And_hae)
  0  0.0000 1081277.704567  x:  0.11924   3.56427   0.15230  
  1 99.0000 1080157.992697  x:  0.15962   3.56466   0.12576  
  2 51746.0835 1079020.172193  x:  0.15842   3.56555   0.06234  
  3 38584.9330 1078981.275411  x:  0.15807   4.03849   0.06591  
  4 175.5099 1078925.322982  x:  0.14910   4.05030   0.06292  
  5  0.0129 1078922.857449  x:  0.14838   4.02736   0.06499  
  6  0.0456 1078922.851481  x:  0.14843   4.02186   0.06497  
  7  0.0048 1078922.851418  x:  0.14842   4.02155   0.06496  

5 (And_mar) ... 1 (And_bic)
  0  0.0000 1043058.342434  x:  0.08885   3.54230   0.12564  
  1 99.0000 1042404.119721  x:  0.09404   3.54232   0.06407  
  2 16643.7431 1042391.162755  x:  0.09082   3.54227   0.06227  
  3 8321.2380 1042364.244842  x:  0.09114   3.12980   0.05916  
  4 119.5033 1042362.006732  x:  0.09069   3.10173   0.06153  
  5  0.0656 1042362.003308  x:  0.09068   3.10511   0.06149  
  6  0.0037 1042362.003252  x:  0.09068   3.10476   0.06147  
  7  0.0004 1042362.003252  x:  0.09068   3.10476   0.06147  
  8  0.0000 1042362.003252  x:  0.09068   3.10476   0.06147  

5 (And_mar) ... 2 (And_ful)
  0  0.0000 1090763.958981  x:  0.13752   2.85534   0.13897  
  1 99.0000 1089252.171896  x:  0.18667   2.85661   0.08941  
  2 46763.8295 1088683.878696  x:  0.18177   2.85750   0.05571  
  3 44087.6558 1088480.676837  x:  0.17975   3.74538   0.06237  
  4 532.8049 1088360.336928  x:  0.16485   3.68966   0.06139  
  5  0.0545 1088359.636275  x:  0.16472   3.66064   0.06227  
  6  0.0335 1088359.567528  x:  0.16478   3.64473   0.06205  
  7  0.0130 1088359.567479  x:  0.16478   3.64471   0.06205  
  8  0.0000 1088359.567479  x:  0.16478   3.64472   0.06205  
  9  0.0000 1088359.567479  x:  0.16478   3.64472   0.06205  
 10  0.0000 1088359.567479  x:  0.16478   3.64472   0.06205  

5 (And_mar) ... 3 (And_hae)
  0  0.0000 1083661.912078  x:  0.14307   3.42494   0.07736  
  1 99.0000 1083540.121098  x:  0.15570   3.42503   0.06903  
  2 16421.2122 1083530.607448  x:  0.15437   3.42510   0.06496  
  3 4648.5124 1083527.360275  x:  0.15436   3.55029   0.06551  
  4 53.7264 1083527.266716  x:  0.15398   3.54807   0.06562  
  5  0.0022 1083527.266711  x:  0.15397   3.54797   0.06562  
  6  0.0001 1083527.266711  x:  0.15397   3.54797   0.06562  
  7  0.0000 1083527.266711  x:  0.15397   3.54797   0.06562  
check convergence!


5 (And_mar) ... 4 (And_hat)
  0  0.0000 1060013.390016  x:  0.10250   3.13978   0.16414  
  1 99.0000 1059417.812114  x:  0.12923   3.14042   0.12664  
  2 27835.5898 1058529.457827  x:  0.12639   3.14145   0.06377  
  3 57682.3753 1058501.294675  x:  0.12576   3.54064   0.06755  
  4 151.7185 1058361.067355  x:  0.11279   3.46841   0.06720  
  5  0.0718 1058360.863683  x:  0.11277   3.44977   0.06777  
  6  0.0318 1058360.841530  x:  0.11279   3.44005   0.06760  
  7  0.0100 1058360.841527  x:  0.11279   3.44008   0.06759  
  8  0.0000 1058360.841527  x:  0.11279   3.44006   0.06759  

6 (And_tri) ... 1 (And_bic)
  0  0.0000 1062817.851290  x:  0.12111   3.07081   0.16263  
  1 99.0000 1061916.278811  x:  0.09629   3.07130   0.11048  
  2 28340.5852 1061127.651970  x:  0.10232   3.07174   0.05818  
  3 85427.4180 1060994.888935  x:  0.11194   3.42525   0.06591  
  4  0.6236 1060924.066342  x:  0.11530   2.90245   0.06360  
  5 143.1663 1060916.826378  x:  0.11658   2.92975   0.05997  
  6  0.0455 1060916.690562  x:  0.11694   2.92587   0.06015  
  7  0.0036 1060916.690088  x:  0.11695   2.92722   0.06015  
  8  0.0016 1060916.690086  x:  0.11695   2.92721   0.06015  
  9  0.0000 1060916.690085  x:  0.11695   2.92720   0.06015  
 10  0.0000 1060916.690085  x:  0.11695   2.92720   0.06015  
 11  0.0000 1060916.690085  x:  0.11695   2.92720   0.06015  
check convergence!


6 (And_tri) ... 2 (And_ful)
  0  0.0000 1085130.030802  x:  0.15804   2.94147   0.11292  
  1 99.0000 1084003.664423  x:  0.15070   2.94258   0.05723  
  2 31538.8999 1083969.524248  x:  0.15759   2.94289   0.05412  
  3 9955.8328 1083872.177299  x:  0.15857   3.54264   0.05901  
  4 360.0177 1083871.420427  x:  0.15826   3.55328   0.05800  
  5  0.0201 1083871.409374  x:  0.15839   3.55557   0.05796  
  6  0.0021 1083871.409295  x:  0.15838   3.55611   0.05797  
  7  0.0004 1083871.409295  x:  0.15838   3.55613   0.05796  
  8  0.0000 1083871.409295  x:  0.15838   3.55613   0.05796  

6 (And_tri) ... 3 (And_hae)
  0  0.0000 1082942.258195  x:  0.13117   3.17927   0.16447  
  1 99.0000 1081433.279690  x:  0.17888   3.18040   0.09593  
  2 38053.4274 1080752.305421  x:  0.17346   3.18101   0.05614  
  3 61188.5212 1080693.222466  x:  0.17205   3.71430   0.05993  
  4 239.1893 1080400.353331  x:  0.14967   3.54405   0.06294  
  5  0.1790 1080399.895058  x:  0.14970   3.50747   0.06220  
  6  0.0364 1080399.884228  x:  0.14972   3.50289   0.06229  
  7  0.0064 1080399.884228  x:  0.14972   3.50289   0.06229  
  8  0.0000 1080399.884228  x:  0.14972   3.50288   0.06229  
  9  0.0000 1080399.884228  x:  0.14972   3.50289   0.06229  

6 (And_tri) ... 4 (And_hat)
  0  0.0000 1058328.259929  x:  0.10874   3.04751   0.14587  
  1 99.0000 1056972.129468  x:  0.11476   3.04892   0.06209  
  2 23377.4849 1056964.289218  x:  0.11189   3.04900   0.06122  
  3 5417.4285 1056945.584393  x:  0.11152   3.34976   0.06452  
  4 133.5356 1056943.855391  x:  0.11187   3.37178   0.06261  
  5  0.0553 1056943.853466  x:  0.11186   3.37272   0.06255  
  6  0.0010 1056943.853463  x:  0.11186   3.37283   0.06256  

6 (And_tri) ... 5 (And_mar)
  0  0.0000 1060008.438909  x:  0.09603   2.95820   0.16610  
  1 99.0000 1059478.637008  x:  0.12019   2.95844   0.14667  
  2 37146.8123 1058148.966926  x:  0.11978   2.95937   0.06356  
  3 37803.3709 1058148.493170  x:  0.11981   2.91691   0.06306  
  4 16.3471 1058092.893345  x:  0.11193   2.91510   0.06307  
  5  0.0094 1058092.833694  x:  0.11184   2.91100   0.06341  
  6  0.0097 1058092.825555  x:  0.11175   2.91145   0.06337  
  7  0.0006 1058092.825554  x:  0.11175   2.91144   0.06337  
  8  0.0000 1058092.825554  x:  0.11175   2.91143   0.06337  
  9  0.0000 1058092.825554  x:  0.11175   2.91143   0.06337  
check convergence!


7 (Bom_pas) ... 1 (And_bic)
  0  0.0000 1322432.649491  x:  1.32709   2.76798   0.06286  
  1 99.0000 1321204.756360  x:  1.32526   2.76843   0.04617  
  2 128867.4403 1319876.266758  x:  1.06316   2.86459   0.05955  
  3 8263.1771 1318924.447822  x:  1.17841   3.97710   0.05923  
  4 2150.4887 1318849.339012  x:  1.14153   4.03763   0.05767  
  5  0.0728 1318847.328973  x:  1.15032   4.05742   0.05686  
  6  0.0199 1318847.193331  x:  1.15099   4.07320   0.05692  
  7  0.0101 1318847.193296  x:  1.15100   4.07320   0.05692  
  8  0.0000 1318847.193296  x:  1.15100   4.07320   0.05692  
check convergence!


7 (Bom_pas) ... 2 (And_ful)
  0  0.0000 1345692.650578  x:  1.27569   3.65089   0.18051  
  1 99.0000 1323294.985049  x:  1.25418   3.65276   0.05199  
  2 205238.7768 1323268.031755  x:  1.23460   3.66075   0.05511  
  3 2597.2454 1322998.483302  x:  1.28665   4.40187   0.05424  
  4 884.9265 1322941.535725  x:  1.23180   4.37445   0.05464  
  5  0.0699 1322941.497657  x:  1.23087   4.37638   0.05461  
  6  0.0022 1322941.496997  x:  1.23105   4.37744   0.05460  
  7  0.0009 1322941.496986  x:  1.23104   4.37752   0.05461  

7 (Bom_pas) ... 3 (And_hae)
  0  0.0000 1321406.755266  x:  1.05028   3.84938   0.09484  
  1 99.0000 1319046.894471  x:  1.04873   3.84957   0.06155  
  2 118052.0577 1318908.541389  x:  1.11991   3.85249   0.05586  
  3 3971.4928 1318845.772311  x:  1.13864   4.21020   0.05588  
  4 371.2616 1318823.535236  x:  1.15125   4.21225   0.05761  
  5  0.0220 1318822.916581  x:  1.15663   4.21218   0.05721  
  6  0.0043 1318822.915602  x:  1.15668   4.21360   0.05721  
  7  0.0013 1318822.915601  x:  1.15668   4.21361   0.05721  

7 (Bom_pas) ... 4 (And_hat)
  0  0.0000 1318464.494997  x:  1.22535   3.68282   0.04531  
  1 99.0000 1318210.853003  x:  1.22525   3.68289   0.05253  
  2 74802.0848 1317994.559058  x:  1.11965   3.70800   0.05628  
  3 3737.5033 1317859.953502  x:  1.16161   4.21991   0.05591  
  4 576.0323 1317857.746136  x:  1.15292   4.22222   0.05675  
  5  0.0077 1317857.654399  x:  1.15405   4.21970   0.05682  
  6  0.0024 1317857.654289  x:  1.15398   4.21931   0.05682  
  7  0.0004 1317857.654288  x:  1.15398   4.21928   0.05682  
  8  0.0000 1317857.654288  x:  1.15398   4.21928   0.05682  

7 (Bom_pas) ... 5 (And_mar)
  0  0.0000 1324587.214053  x:  1.11454   3.60925   0.11653  
  1 99.0000 1318043.993797  x:  1.10863   3.60979   0.05760  
  2 164661.4021 1317968.918311  x:  1.15559   3.89857   0.05455  
  3 531.6278 1317931.605062  x:  1.13587   4.04788   0.05741  
  4 6060.0203 1317931.394158  x:  1.13925   4.05719   0.05736  
  5  0.0121 1317931.366574  x:  1.13951   4.06174   0.05728  
  6  0.0052 1317931.366539  x:  1.13950   4.06192   0.05729  

7 (Bom_pas) ... 6 (And_tri)
  0  0.0000 1341321.683874  x:  1.31732   3.41016   0.17082  
  1 99.0000 1318779.131356  x:  1.29564   3.41214   0.04880  
  2 216351.4206 1318630.304905  x:  1.24413   3.42377   0.05663  
  3 6053.6085 1318353.315875  x:  1.30041   4.15509   0.05552  
  4 881.0072 1317907.150383  x:  1.13831   4.02633   0.05820  
  5  0.2377 1317899.959707  x:  1.14977   4.06885   0.05661  
  6  0.0418 1317899.783200  x:  1.14713   4.06931   0.05662  
  7  0.0034 1317899.782005  x:  1.14717   4.07074   0.05663  
  8  0.0011 1317899.782004  x:  1.14718   4.07076   0.05663  
  9  0.0000 1317899.782004  x:  1.14718   4.07076   0.05663  