

2 (And_ful) ... 1 (And_bic)
  0  0.0000 1015850.935015  x:  0.18099   1.66080   0.49323  
  1 99.0000 1014138.827524  x:  0.13183   1.66982   0.44018  
  2 42334.0826 1000418.208447  x:  0.12382   1.73413   0.04937  
  3 73199.9310 999926.126228  x:  0.12567   2.16503   0.08216  
  4 2787.1499 998077.028910  x:  0.14487   3.05068   0.04253  
  5  2.8668 997665.922639  x:  0.16298   3.24468   0.05999  
  6  0.2272 997592.699173  x:  0.16977   3.54895   0.05351  
  7  0.1922 997578.323858  x:  0.16640   3.75408   0.05547  
  8  0.0790 997577.908190  x:  0.16713   3.78430   0.05539  
  9  0.0240 997577.904440  x:  0.16710   3.78635   0.05547  
 10  0.0019 997577.904437  x:  0.16710   3.78631   0.05547  
 11  0.0000 997577.904437  x:  0.16710   3.78631   0.05547  

3 (And_hae) ... 1 (And_bic)
  0  0.0000 994474.842856  x:  0.14394   3.47371   0.08854  
  1 99.0000 993948.285600  x:  0.16579   3.47401   0.05877  
  2 27034.5331 993915.890678  x:  0.16168   3.47412   0.05295  
  3 9540.6575 993901.206065  x:  0.16136   3.80269   0.05437  
  4 108.6664 993897.971626  x:  0.15920   3.76064   0.05532  
  5  0.0509 993897.942251  x:  0.15922   3.74844   0.05520  
  6  0.0114 993897.942215  x:  0.15923   3.74830   0.05520  
  7  0.0001 993897.942215  x:  0.15923   3.74830   0.05520  
  8  0.0000 993897.942215  x:  0.15923   3.74830   0.05520  
check convergence!


3 (And_hae) ... 2 (And_ful)
  0  0.0000 994715.128177  x:  0.15562   3.37687   0.17591  
  1 99.0000 992232.607116  x:  0.13138   3.37899   0.06747  
  2 32935.9518 991976.659435  x:  0.14250   3.37940   0.05003  
  3 46284.2253 991815.812274  x:  0.14664   4.36662   0.05706  
  4 371.5532 991756.443447  x:  0.15457   4.13301   0.06142  
  5  0.4108 991754.477893  x:  0.15544   4.11086   0.05957  
  6  0.0186 991754.471946  x:  0.15541   4.10445   0.05955  
  7  0.0053 991754.471918  x:  0.15540   4.10457   0.05955  

4 (And_hat) ... 1 (And_bic)
  0  0.0000 973356.596611  x:  0.13092   3.41931   0.06598  
  1 99.0000 973240.111607  x:  0.11929   3.41939   0.05969  
  2 17053.8881 973232.589575  x:  0.12048   3.41949   0.05570  
  3 3660.8986 973224.355772  x:  0.12052   3.65437   0.05661  
  4 73.0098 973224.349261  x:  0.12057   3.65406   0.05650  
  5  0.0003 973224.349260  x:  0.12057   3.65405   0.05650  
  6  0.0000 973224.349260  x:  0.12057   3.65405   0.05650  

4 (And_hat) ... 2 (And_ful)
  0  0.0000 994314.166884  x:  0.15773   3.11863   0.12948  
  1 99.0000 992707.182576  x:  0.14655   3.12028   0.05654  
  2 32407.1076 992636.270485  x:  0.15607   3.12070   0.05062  
  3 15097.6218 992446.657930  x:  0.15868   4.09457   0.05850  
  4 452.6135 992443.871293  x:  0.15781   4.12681   0.05661  
  5  0.0630 992443.768614  x:  0.15820   4.13540   0.05646  
  6  0.0074 992443.766925  x:  0.15819   4.13855   0.05650  
  7  0.0021 992443.766917  x:  0.15819   4.13865   0.05649  
  8  0.0001 992443.766917  x:  0.15819   4.13865   0.05649  
check convergence!


4 (And_hat) ... 3 (And_hae)
  0  0.0000 993113.630297  x:  0.15297   3.58204   0.18093  
  1 99.0000 990504.230925  x:  0.12617   3.58395   0.06663  
  2 32958.7181 990212.237889  x:  0.13653   3.58430   0.04742  
  3 56189.4792 990077.055734  x:  0.14045   4.57182   0.05354  
  4 308.9570 989958.958799  x:  0.15156   4.19808   0.05912  
  5  0.6387 989955.675350  x:  0.15268   4.19253   0.05678  
  6  0.0052 989955.664133  x:  0.15268   4.18298   0.05675  
  7  0.0090 989955.664034  x:  0.15267   4.18297   0.05675  
  8  0.0000 989955.664033  x:  0.15267   4.18297   0.05675  

5 (And_mar) ... 1 (And_bic)
  0  0.0000 956083.587125  x:  0.08526   3.71964   0.12821  
  1 99.0000 955722.582071  x:  0.10349   3.71968   0.09336  
  2 18991.9131 955347.748523  x:  0.09946   3.71969   0.05430  
  3 51974.7934 955329.647052  x:  0.09982   3.33315   0.05214  
  4 83.8197 955242.697612  x:  0.09125   3.21983   0.05784  
  5  0.1410 955240.532824  x:  0.09052   3.25928   0.05599  
  6  0.0670 955240.530380  x:  0.09052   3.25545   0.05594  
  7  0.0049 955240.530380  x:  0.09052   3.25545   0.05594  
check convergence!


5 (And_mar) ... 2 (And_ful)
  0  0.0000 999011.961375  x:  0.14037   2.84632   0.12484  
  1 99.0000 997583.662905  x:  0.18502   2.84778   0.07010  
  2 40540.7310 997322.515147  x:  0.17870   2.84843   0.05011  
  3 31800.8175 997064.361511  x:  0.17569   3.92649   0.05687  
  4 571.5095 997003.112221  x:  0.16457   3.86100   0.05760  
  5  0.0731 997002.725742  x:  0.16462   3.81476   0.05764  
  6  0.0312 997002.721026  x:  0.16463   3.81259   0.05755  
  7  0.0023 997002.721026  x:  0.16463   3.81257   0.05755  
  8  0.0000 997002.721026  x:  0.16463   3.81257   0.05755  
check convergence!


5 (And_mar) ... 3 (And_hae)
  0  0.0000 992968.454736  x:  0.13944   3.31236   0.06063  
  1 99.0000 992820.715565  x:  0.15510   3.31250   0.05866  
  2 19517.0985 992819.291184  x:  0.15505   3.31267   0.05705  
  3 1738.1006 992785.178043  x:  0.15509   3.73983   0.05869  
  4 173.6503 992785.161426  x:  0.15510   3.73837   0.05850  
  5  0.0014 992785.161420  x:  0.15510   3.73822   0.05850  
  6  0.0001 992785.161420  x:  0.15510   3.73821   0.05850  
  7  0.0000 992785.161420  x:  0.15510   3.73821   0.05850  
check convergence!


5 (And_mar) ... 4 (And_hat)
  0  0.0000 970876.542000  x:  0.09877   3.29169   0.05750  
  1 99.0000 970652.801109  x:  0.11462   3.29173   0.05870  
  2 29791.4844 970652.721081  x:  0.11459   3.29186   0.05915  
  3 341.4653 970640.512517  x:  0.11457   3.57361   0.06022  
  4 98.1085 970640.510245  x:  0.11453   3.57277   0.06017  
  5  0.0008 970640.510238  x:  0.11453   3.57277   0.06017  
  6  0.0000 970640.510238  x:  0.11453   3.57277   0.06017  
  7  0.0000 970640.510238  x:  0.11453   3.57277   0.06017  
  8  0.0000 970640.510238  x:  0.11453   3.57277   0.06017  
  9  0.0156 970640.510238  x:  0.11453   3.57277   0.06017  
check convergence!


6 (And_tri) ... 1 (And_bic)
  0  0.0000 973685.353059  x:  0.12162   3.25793   0.16167  
  1 99.0000 972632.852505  x:  0.09383   3.25842   0.10220  
  2 28717.6213 971796.640742  x:  0.09922   3.25881   0.04945  
  3 93548.6840 971762.858438  x:  0.10198   3.67624   0.05333  
  4  4.0652 971517.061769  x:  0.11448   2.93828   0.05370  
  5 27.5608 971504.421399  x:  0.11635   3.06290   0.05038  
  6  0.2271 971503.717294  x:  0.11709   3.06841   0.05109  
  7  0.0056 971503.703359  x:  0.11716   3.06260   0.05098  
  8  0.0073 971503.703358  x:  0.11716   3.06263   0.05098  

6 (And_tri) ... 2 (And_ful)
  0  0.0000 993754.353942  x:  0.15170   2.72058   0.07879  
  1 99.0000 993331.565312  x:  0.15875   2.72146   0.04951  
  2 23844.2795 993330.549976  x:  0.15747   2.72464   0.04921  
  3 589.6256 993120.556930  x:  0.15834   3.63663   0.05556  
  4 3674.5264 993115.573404  x:  0.15906   3.65128   0.05276  
  5  0.0200 993115.500425  x:  0.15874   3.65922   0.05271  
  6  0.0072 993115.497336  x:  0.15877   3.66302   0.05274  
  7  0.0026 993115.497327  x:  0.15877   3.66306   0.05274  
  8  0.0000 993115.497327  x:  0.15877   3.66306   0.05274  

6 (And_tri) ... 3 (And_hae)
  0  0.0000 991181.039126  x:  0.13083   3.25719   0.07565  
  1 99.0000 990715.993378  x:  0.15660   3.25742   0.06030  
  2 32561.1753 990674.319818  x:  0.15450   3.25760   0.05204  
  3 10055.4857 990642.107241  x:  0.15433   3.66799   0.05375  
  4 168.8558 990640.839382  x:  0.15283   3.66325   0.05380  
  5  0.0045 990640.838241  x:  0.15283   3.66241   0.05383  
  6  0.0009 990640.838230  x:  0.15283   3.66217   0.05383  
  7  0.0002 990640.838230  x:  0.15283   3.66217   0.05383  

6 (And_tri) ... 4 (And_hat)
  0  0.0000 971867.473305  x:  0.09889   3.34562   0.16221  
  1 99.0000 971214.608714  x:  0.12842   3.34599   0.13364  
  2 35190.2206 969815.656269  x:  0.12809   3.34697   0.05241  
  3 46812.5829 969807.633212  x:  0.12783   3.56443   0.05439  
  4 71.8109 969685.627942  x:  0.11533   3.57432   0.05122  
  5  0.0149 969682.224269  x:  0.11477   3.53043   0.05366  
  6  0.1195 969682.208275  x:  0.11484   3.52129   0.05359  
  7  0.0090 969682.208198  x:  0.11483   3.52107   0.05358  
  8  0.0002 969682.208198  x:  0.11483   3.52108   0.05358  

6 (And_tri) ... 5 (And_mar)
  0  0.0000 969493.766338  x:  0.11927   3.33132   0.04157  
  1 99.0000 969351.935235  x:  0.11075   3.33119   0.05480  
  2 19126.0202 969350.151018  x:  0.11201   3.33110   0.05583  
  3 2259.9557 969330.264683  x:  0.11193   3.04253   0.05500  
  4 116.0355 969329.914361  x:  0.11188   3.00178   0.05487  
  5  0.0491 969329.914222  x:  0.11186   3.00154   0.05487  
  6  0.0002 969329.914222  x:  0.11186   3.00156   0.05487  
  7  0.0000 969329.914222  x:  0.11186   3.00156   0.05487  

7 (Bom_pas) ... 1 (And_bic)
  0  0.0000 1211600.243377  x:  1.33097   2.86813   0.09839  
  1 99.0000 1202865.598374  x:  1.32461   2.86917   0.04257  
  2 218685.8515 1202050.981739  x:  1.10739   2.94682   0.06102  
  3 7288.4870 1201284.311668  x:  1.22790   4.02828   0.05907  
  4 1762.0483 1200716.543894  x:  1.11197   4.13318   0.05481  
  5  0.2156 1200691.925052  x:  1.14254   4.18000   0.05192  
  6  0.0723 1200691.017236  x:  1.14488   4.22792   0.05197  
  7  0.0261 1200691.016974  x:  1.14489   4.22722   0.05197  
  8  0.0007 1200691.016974  x:  1.14489   4.22722   0.05197  

7 (Bom_pas) ... 2 (And_ful)
  0  0.0000 1215815.218002  x:  1.40107   3.49700   0.10271  
  1 99.0000 1205998.058363  x:  1.39470   3.49776   0.04216  
  2 225402.3772 1205514.711914  x:  1.22117   3.54534   0.05637  
  3 5775.1755 1205131.154674  x:  1.31767   4.47610   0.05398  
  4 964.5228 1204790.600330  x:  1.20185   4.47653   0.05211  
  5  0.1659 1204778.111309  x:  1.22459   4.50401   0.05006  
  6  0.0449 1204778.061481  x:  1.22340   4.50379   0.05002  
  7  0.0013 1204778.061404  x:  1.22335   4.50384   0.05003  
  8  0.0001 1204778.061402  x:  1.22335   4.50390   0.05003  
  9  0.0000 1204778.061402  x:  1.22335   4.50390   0.05003  
 10  0.0000 1204778.061402  x:  1.22335   4.50390   0.05003  
check convergence!


7 (Bom_pas) ... 3 (And_hae)
  0  0.0000 1220829.553548  x:  1.12362   3.74510   0.18684  
  1 99.0000 1201385.275370  x:  1.10118   3.74679   0.05325  
  2 171810.6638 1201380.835308  x:  1.10897   3.75582   0.05200  
  3 729.5166 1201226.012187  x:  1.14180   4.45685   0.05297  
  4 1473.6256 1201218.148250  x:  1.15633   4.38757   0.05243  
  5  0.0759 1201217.805357  x:  1.15374   4.36622   0.05230  
  6  0.0220 1201217.799796  x:  1.15329   4.36440   0.05234  
  7  0.0017 1201217.799796  x:  1.15330   4.36440   0.05234  

7 (Bom_pas) ... 4 (And_hat)
  0  0.0000 1208577.898380  x:  1.05305   3.60386   0.12201  
  1 99.0000 1201206.768728  x:  1.04704   3.60454   0.05489  
  2 157667.2869 1201152.054831  x:  1.08514   3.61354   0.05087  
  3 2750.0816 1200886.382585  x:  1.12375   4.38489   0.05150  
  4 823.7446 1200855.840534  x:  1.15128   4.38052   0.05250  
  5  0.0465 1200854.114962  x:  1.15898   4.38335   0.05173  
  6  0.0070 1200854.104814  x:  1.15955   4.38791   0.05173  
  7  0.0036 1200854.104722  x:  1.15953   4.38816   0.05173  
  8  0.0002 1200854.104722  x:  1.15953   4.38816   0.05173  

7 (Bom_pas) ... 5 (And_mar)
  0  0.0000 1218465.528716  x:  1.16819   3.85687   0.17277  
  1 99.0000 1200301.643265  x:  1.14811   3.85814   0.05128  
  2 179389.5644 1200292.261553  x:  1.13609   3.86144   0.05319  
  3 1524.7042 1200240.976037  x:  1.15618   4.20410   0.05283  
  4 326.6275 1200222.732418  x:  1.12687   4.18510   0.05293  
  5  0.0464 1200222.724597  x:  1.12699   4.18613   0.05288  
  6  0.0010 1200222.724589  x:  1.12699   4.18626   0.05288  
  7  0.0001 1200222.724589  x:  1.12699   4.18626   0.05288  
  8  0.0000 1200222.724589  x:  1.12699   4.18626   0.05288  
  9  0.0000 1200222.724589  x:  1.12699   4.18626   0.05288  
 10  0.0000 1200222.724589  x:  1.12699   4.18626   0.05288  

7 (Bom_pas) ... 6 (And_tri)
  0  0.0000 1200459.117245  x:  1.26407   3.78063   0.05027  
  1 99.0000 1200384.272124  x:  1.26339   3.78073   0.04623  
  2 35278.2943 1199994.788331  x:  1.10753   3.80685   0.05241  
  3 4548.9896 1199932.573655  x:  1.14057   4.18452   0.05199  
  4 354.0293 1199931.584837  x:  1.13325   4.18581   0.05219  
  5  0.0088 1199931.582863  x:  1.13317   4.18429   0.05217  
  6  0.0013 1199931.582863  x:  1.13317   4.18429   0.05217  