Supplemental results for CODEML (seqf: /home/yzliu/eDNA/faststorage/yzliu/DK_proj/data/ref_genome/ref_annotation/primary_transcripts/extracted_cds_new/new_transcript_id_7_and_pas/bootstraps/cat.out.OG_cds_7_species_same_header_fas.shuf_537OG_255.phy  treef: xxx.trees)


pairwise comparison (Goldman & Yang 1994)
seq seq        N       S       dN       dS     dN/dS   Paras.
  2   1 471490.1 185506.9   0.0101   0.1697   0.0595   0.1655   3.6985   0.0595 -1016365.099
  3   1 470909.9 186087.1   0.0099   0.1593   0.0622   0.1566   3.6346   0.0622 -1012699.257
  3   2 469626.4 187370.6   0.0098   0.1551   0.0631   0.1537   4.0443   0.0631 -1009969.855
  4   1 471632.5 185364.5   0.0078   0.1211   0.0645   0.1194   3.5374   0.0645 -992127.737
  4   2 469322.0 187675.0   0.0099   0.1605   0.0614   0.1587   4.1004   0.0614 -1012232.182
  4   3 468291.9 188705.1   0.0097   0.1503   0.0645   0.1502   4.0810   0.0645 -1008694.695
  5   1 474676.1 182320.9   0.0058   0.0923   0.0625   0.0894   3.1101   0.0625 -973132.944
  5   2 470703.4 186293.6   0.0100   0.1673   0.0598   0.1639   3.7946   0.0598 -1015411.037
  5   3 470401.1 186595.9   0.0097   0.1550   0.0628   0.1529   3.6912   0.0628 -1010751.714
  5   4 471316.7 185680.3   0.0076   0.1148   0.0658   0.1136   3.5657   0.0658 -988786.018
  6   1 475852.1 181144.9   0.0072   0.1208   0.0593   0.1155   2.9827   0.0593 -990050.457
  6   2 472184.0 184813.0   0.0093   0.1635   0.0569   0.1580   3.5890   0.0569 -1012162.375
  6   3 471417.5 185579.5   0.0092   0.1534   0.0602   0.1498   3.5548   0.0602 -1008843.446
  6   4 472291.5 184705.5   0.0073   0.1161   0.0629   0.1137   3.4407   0.0629 -988579.425
  6   5 475345.9 181651.1   0.0071   0.1154   0.0611   0.1111   3.0272   0.0611 -987545.802
  7   1 470385.8 186611.2   0.0634   1.1579   0.0548   1.1229   4.0431   0.0548 -1226479.312
  7   2 467086.6 189910.4   0.0644   1.2289   0.0524   1.2031   4.3261   0.0524 -1230470.745
  7   3 469215.7 187781.3   0.0639   1.1595   0.0551   1.1311   4.1692   0.0551 -1226903.121
  7   4 468915.8 188081.2   0.0637   1.1698   0.0544   1.1410   4.2020   0.0544 -1226997.075
  7   5 470429.6 186567.4   0.0635   1.1503   0.0552   1.1162   4.0569   0.0552 -1226019.861
  7   6 470523.6 186473.4   0.0631   1.1582   0.0545   1.1218   4.0272   0.0545 -1225997.451

