

2 (Bom_con) ... 1 (Apis_mel)
  0  0.0000 417513.612653  x:  0.47949   1.60039   0.46544  
  1 99.0000 409026.649429  x:  0.36947   1.67081   0.10095  
  2 24372.1817 408775.176053  x:  0.38812   1.67802   0.07688  
  3 22574.0724 406084.313670  x:  0.50273   3.74385   0.11536  
  4 3854.0904 405926.669904  x:  0.51564   3.89778   0.09127  
  5  0.0866 405911.410073  x:  0.53719   4.01247   0.09096  
  6  0.0639 405906.539463  x:  0.53239   4.16726   0.09138  
  7  0.0618 405906.382585  x:  0.53362   4.18160   0.09181  
  8  0.0146 405906.377865  x:  0.53390   4.18409   0.09171  
  9  0.0029 405906.377854  x:  0.53389   4.18433   0.09171  

3 (Bom_hor) ... 1 (Apis_mel)
  0  0.0000 409392.147761  x:  0.49554   3.75997   0.20218  
  1 99.0000 407682.027638  x:  0.48985   3.76121   0.09634  
  2 23287.1237 407580.927480  x:  0.53692   3.76215   0.08491  
  3 4427.0306 407553.089822  x:  0.54312   4.19180   0.08714  
  4 136.7547 407543.227040  x:  0.54933   4.14182   0.09106  
  5  0.1369 407543.033777  x:  0.55154   4.13769   0.09051  
  6  0.0038 407543.033652  x:  0.55152   4.13822   0.09050  
  7  0.0005 407543.033651  x:  0.55152   4.13824   0.09050  

3 (Bom_hor) ... 2 (Bom_con)
  0  0.0000 348754.404819  x:  0.10896   3.59018   0.13007  
  1 99.0000 348729.853483  x:  0.11806   3.59046   0.12631  
  2 5133.8635 348713.689871  x:  0.11758   3.59179   0.10978  
  3 2097.6202 348631.261535  x:  0.11739   5.09638   0.12001  
  4 134.8862 348630.662119  x:  0.11737   5.10374   0.11680  
  5  0.0081 348630.657861  x:  0.11738   5.11701   0.11682  
  6  0.0073 348630.657837  x:  0.11738   5.11709   0.11684  
  7  0.0001 348630.657837  x:  0.11738   5.11709   0.11684  
  8  0.0000 348630.657837  x:  0.11738   5.11709   0.11684  
  9  0.0000 348630.657837  x:  0.11738   5.11709   0.11684  

4 (Bom_hyp) ... 1 (Apis_mel)
  0  0.0000 406152.266462  x:  0.47529   4.35277   0.12296  
  1 99.0000 405962.761333  x:  0.48443   4.35265   0.09475  
  2 11344.5823 405853.551091  x:  0.53897   4.35166   0.09107  
  3 4890.8456 405850.674738  x:  0.53756   4.20174   0.09069  
  4 37.4578 405850.669873  x:  0.53726   4.20087   0.09064  
  5  0.0009 405850.669589  x:  0.53720   4.20074   0.09067  
  6  0.0002 405850.669588  x:  0.53720   4.20081   0.09067  

4 (Bom_hyp) ... 2 (Bom_con)
  0  0.0000 345373.621236  x:  0.09755   3.70638   0.16847  
  1 99.0000 345330.515375  x:  0.10904   3.70689   0.15729  
  2 5588.9230 345221.887149  x:  0.10726   3.70918   0.10790  
  3 6841.8859 345109.464701  x:  0.10650   5.72929   0.12443  
  4 143.4554 345105.512246  x:  0.10507   5.76304   0.11680  
  5  0.0417 345105.441093  x:  0.10464   5.78737   0.11725  
  6  0.0220 345105.432706  x:  0.10470   5.80911   0.11725  
  7  0.0114 345105.432675  x:  0.10470   5.80907   0.11727  
  8  0.0001 345105.432675  x:  0.10470   5.80906   0.11727  
  9  0.0000 345105.432675  x:  0.10470   5.80906   0.11727  

4 (Bom_hyp) ... 3 (Bom_hor)
  0  0.0000 336488.574222  x:  0.06647   4.73029   0.20531  
  1 99.0000 336472.457600  x:  0.07216   4.73038   0.19719  
  2 3345.2650 336343.549917  x:  0.07116   4.73129   0.12009  
  3 7948.4072 336341.453475  x:  0.07104   5.09618   0.12281  
  4 11.8723 336339.558196  x:  0.06913   5.08494   0.12183  
  5  0.0117 336339.548835  x:  0.06910   5.07972   0.12232  
  6  0.0094 336339.548746  x:  0.06910   5.07749   0.12230  
  7  0.0020 336339.548746  x:  0.06910   5.07749   0.12230  
  8  0.0000 336339.548746  x:  0.06910   5.07749   0.12230  
check convergence!


5 (Bom_mus) ... 1 (Apis_mel)
  0  0.0000 408544.065272  x:  0.51948   4.13265   0.21779  
  1 99.0000 406396.479986  x:  0.49716   4.13350   0.09633  
  2 24539.8518 406343.082107  x:  0.52807   4.13325   0.08623  
  3 3339.2089 406342.138062  x:  0.52949   4.21917   0.08660  
  4 17.1669 406325.103130  x:  0.54034   4.14436   0.09096  
  5  0.2546 406324.958010  x:  0.54223   4.15068   0.09046  
  6  0.0058 406324.957827  x:  0.54220   4.14974   0.09045  
  7  0.0009 406324.957827  x:  0.54220   4.14976   0.09045  
  8  0.0000 406324.957827  x:  0.54220   4.14976   0.09045  

5 (Bom_mus) ... 2 (Bom_con)
  0  0.0000 347359.530969  x:  0.10700   3.69759   0.17734  
  1 99.0000 347291.379218  x:  0.12123   3.69877   0.14989  
  2 4504.6453 347211.795322  x:  0.11643   3.70051   0.11192  
  3 11512.2040 347113.005901  x:  0.11511   5.50195   0.12663  
  4 139.0297 347109.334475  x:  0.11197   5.49143   0.12327  
  5  0.0128 347109.332570  x:  0.11193   5.48319   0.12323  
  6  0.0051 347109.332414  x:  0.11195   5.48159   0.12322  
  7  0.0014 347109.332413  x:  0.11195   5.48160   0.12323  

5 (Bom_mus) ... 3 (Bom_hor)
  0  0.0000 337387.461075  x:  0.07181   4.36803   0.12635  
  1 99.0000 337386.746640  x:  0.07089   4.36803   0.12955  
  2 430.5343 337386.120228  x:  0.07164   4.36804   0.13288  
  3 1614.3710 337386.047428  x:  0.07164   4.42608   0.13318  
  4  2.5681 337386.046387  x:  0.07159   4.42519   0.13323  
  5  0.0009 337386.046387  x:  0.07159   4.42520   0.13323  
  6  0.0000 337386.046387  x:  0.07159   4.42521   0.13323  

5 (Bom_mus) ... 4 (Bom_hyp)
  0  0.0000 335279.321436  x:  0.06433   3.92109   0.22182  
  1 99.0000 335189.944270  x:  0.07522   3.92332   0.16004  
  2 2764.3299 335124.531768  x:  0.07053   3.92492   0.11636  
  3 34403.6654 335070.462756  x:  0.06886   5.73641   0.13267  
  4 73.8117 335064.493466  x:  0.06553   5.65577   0.13382  
  5  0.1106 335064.421814  x:  0.06550   5.59881   0.13251  
  6  0.0425 335064.414883  x:  0.06553   5.58052   0.13275  
  7  0.0159 335064.414879  x:  0.06553   5.58076   0.13276  
  8  0.0003 335064.414879  x:  0.06553   5.58076   0.13276  
check convergence!


6 (Bom_pas) ... 1 (Apis_mel)
  0  0.0000 408841.496026  x:  0.40272   4.70800   0.21929  
  1 99.0000 406672.811754  x:  0.46400   4.70747   0.09492  
  2 22584.8359 406434.328302  x:  0.53289   4.70581   0.10298  
  3 8512.4837 406383.347937  x:  0.53070   4.07615   0.09974  
  4 149.3245 406357.153210  x:  0.54218   4.14003   0.09038  
  5  0.1493 406357.146230  x:  0.54261   4.13881   0.09036  
  6  0.0011 406357.146184  x:  0.54262   4.13936   0.09036  
  7  0.0006 406357.146184  x:  0.54263   4.13937   0.09036  

6 (Bom_pas) ... 2 (Bom_con)
  0  0.0000 347866.075456  x:  0.08894   3.74468   0.10322  
  1 99.0000 347638.210971  x:  0.11455   3.74485   0.10610  
  2 19396.8647 347632.606385  x:  0.11408   3.74587   0.11564  
  3 1226.0755 347536.192454  x:  0.11394   5.53634   0.12479  
  4 137.4631 347536.070368  x:  0.11402   5.53672   0.12327  
  5  0.0012 347536.069875  x:  0.11401   5.54091   0.12323  
  6  0.0025 347536.069845  x:  0.11401   5.54158   0.12326  
  7  0.0006 347536.069844  x:  0.11401   5.54162   0.12326  
  8  0.0000 347536.069844  x:  0.11401   5.54161   0.12326  
  9  0.0000 347536.069844  x:  0.11401   5.54161   0.12326  

6 (Bom_pas) ... 3 (Bom_hor)
  0  0.0000 337706.947114  x:  0.05660   4.41375   0.15032  
  1 99.0000 337564.344346  x:  0.07240   4.41376   0.14977  
  2 19748.4010 337557.162781  x:  0.07253   4.41402   0.13366  
  3 838.1806 337556.346709  x:  0.07251   4.61155   0.13486  
  4  8.5264 337556.342358  x:  0.07252   4.61098   0.13447  
  5  0.0008 337556.342353  x:  0.07253   4.61086   0.13447  
  6  0.0001 337556.342353  x:  0.07253   4.61086   0.13447  
  7  0.0000 337556.342353  x:  0.07253   4.61086   0.13447  
check convergence!


6 (Bom_pas) ... 4 (Bom_hyp)
  0  0.0000 335575.093124  x:  0.05737   3.88713   0.20635  
  1 99.0000 335526.368240  x:  0.06645   3.88722   0.20435  
  2 11041.5722 335414.650406  x:  0.06674   3.89057   0.12860  
  3 2536.7292 335353.260495  x:  0.06654   5.78148   0.14761  
  4 82.3223 335350.762306  x:  0.06658   5.82810   0.13788  
  5  0.0684 335350.728881  x:  0.06655   5.88475   0.13784  
  6  0.0287 335350.727988  x:  0.06656   5.88615   0.13802  
  7  0.0014 335350.727983  x:  0.06656   5.88619   0.13802  
  8  0.0000 335350.727983  x:  0.06656   5.88619   0.13802  

6 (Bom_pas) ... 5 (Bom_mus)
  0  0.0000 320342.263247  x:  0.02129   4.82833   0.13139  
  1 99.0000 320342.083581  x:  0.02097   4.82834   0.13139  
  2 1115.5292 320342.068648  x:  0.02097   4.82968   0.13013  
  3 16.0077 320335.404119  x:  0.02091   6.15934   0.13746  
  4 24.7632 320335.388877  x:  0.02092   6.15739   0.13614  
  5  0.0022 320335.388861  x:  0.02092   6.15893   0.13612  
  6  0.0013 320335.388860  x:  0.02092   6.15967   0.13612  
  7  0.0005 320335.388860  x:  0.02092   6.15936   0.13612  

7 (Bom_syl) ... 1 (Apis_mel)
  0  0.0000 408270.247033  x:  0.44541   5.06425   0.19654  
  1 99.0000 406904.082114  x:  0.46976   5.06357   0.09941  
  2 20195.2085 406653.018001  x:  0.55408   5.06073   0.09252  
  3 7237.2353 406574.231644  x:  0.54732   4.21015   0.08944  
  4 168.3936 406572.805932  x:  0.54561   4.19256   0.09159  
  5  0.0502 406572.569701  x:  0.54314   4.19977   0.09166  
  6  0.0069 406572.568559  x:  0.54307   4.19689   0.09165  
  7  0.0038 406572.568559  x:  0.54307   4.19689   0.09165  

7 (Bom_syl) ... 2 (Bom_con)
  0  0.0000 348206.584590  x:  0.10229   3.64969   0.16363  
  1 99.0000 348145.159264  x:  0.11638   3.65003   0.15738  
  2 8369.3758 348065.965299  x:  0.11596   3.65227   0.11572  
  3 3943.5016 347956.553421  x:  0.11563   5.50770   0.13104  
  4 151.4165 347954.128915  x:  0.11531   5.52338   0.12432  
  5  0.0205 347954.112404  x:  0.11513   5.54170   0.12427  
  6  0.0126 347954.110717  x:  0.11517   5.54863   0.12437  
  7  0.0046 347954.110687  x:  0.11517   5.54892   0.12435  
  8  0.0003 347954.110687  x:  0.11517   5.54892   0.12435  
  9  0.0000 347954.110687  x:  0.11517   5.54892   0.12435  

7 (Bom_syl) ... 3 (Bom_hor)
  0  0.0000 338062.632366  x:  0.06786   4.54215   0.22064  
  1 99.0000 338039.469301  x:  0.07491   4.54219   0.21695  
  2 6222.9369 337875.122156  x:  0.07501   4.54330   0.12669  
  3 3688.7976 337873.752846  x:  0.07497   4.80831   0.12895  
  4 10.7564 337873.393241  x:  0.07425   4.81452   0.12723  
  5  0.0071 337873.361840  x:  0.07410   4.80953   0.12804  
  6  0.0084 337873.361837  x:  0.07410   4.80924   0.12803  
  7  0.0003 337873.361837  x:  0.07410   4.80924   0.12803  

7 (Bom_syl) ... 4 (Bom_hyp)
  0  0.0000 335845.298469  x:  0.06443   4.02155   0.19438  
  1 99.0000 335833.836415  x:  0.06910   4.02170   0.19085  
  2 4018.4148 335737.176470  x:  0.06880   4.02441   0.12419  
  3 3767.4159 335679.721077  x:  0.06848   5.88726   0.14091  
  4 76.6714 335677.633936  x:  0.06811   5.93525   0.13262  
  5  0.0664 335677.586447  x:  0.06786   5.97663   0.13294  
  6  0.0309 335677.580991  x:  0.06792   5.99554   0.13299  
  7  0.0123 335677.580990  x:  0.06792   5.99562   0.13300  

7 (Bom_syl) ... 5 (Bom_mus)
  0  0.0000 335256.522298  x:  0.05589   4.94085   0.24655  
  1 99.0000 335213.015724  x:  0.06433   4.94087   0.24466  
  2 10580.2080 335062.429112  x:  0.06464   4.94201   0.14628  
  3 2459.8098 335061.644908  x:  0.06463   5.17600   0.14804  
  4  6.7629 335061.202105  x:  0.06464   5.19105   0.14388  
  5  0.0338 335061.201436  x:  0.06463   5.19394   0.14375  
  6  0.0029 335061.201432  x:  0.06463   5.19422   0.14376  
  7  0.0002 335061.201432  x:  0.06463   5.19423   0.14376  

7 (Bom_syl) ... 6 (Bom_pas)
  0  0.0000 335367.138032  x:  0.05616   4.36311   0.17158  
  1 99.0000 335318.749707  x:  0.06512   4.36314   0.17081  
  2 11350.8930 335303.942900  x:  0.06526   4.36416   0.14475  
  3 1034.4116 335290.644184  x:  0.06520   5.26286   0.15113  
  4 33.1054 335290.516168  x:  0.06523   5.26658   0.14876  
  5  0.0051 335290.515974  x:  0.06524   5.27004   0.14876  
  6  0.0026 335290.515973  x:  0.06524   5.27012   0.14877  
  7  0.0001 335290.515973  x:  0.06524   5.27014   0.14877  

8 (Bom_vet) ... 1 (Apis_mel)
  0  0.0000 406769.259317  x:  0.52345   4.36431   0.13162  
  1 99.0000 406422.010819  x:  0.52115   4.36429   0.09362  
  2 15667.0993 406402.887345  x:  0.54469   4.36327   0.08970  
  3 1653.7416 406397.465670  x:  0.54229   4.15971   0.08927  
  4 51.2959 406396.903372  x:  0.54282   4.15565   0.09045  
  5  0.0072 406396.903348  x:  0.54279   4.15537   0.09045  
  6  0.0003 406396.903348  x:  0.54279   4.15539   0.09046  

8 (Bom_vet) ... 2 (Bom_con)
  0  0.0000 347397.950639  x:  0.09170   3.67443   0.15154  
  1 99.0000 347257.782091  x:  0.11189   3.67467   0.14765  
  2 14659.6600 347203.427389  x:  0.11208   3.67663   0.11374  
  3 2972.2658 347100.329559  x:  0.11190   5.48827   0.12758  
  4 143.6172 347098.605042  x:  0.11202   5.51086   0.12185  
  5  0.0266 347098.580406  x:  0.11206   5.54624   0.12183  
  6  0.0180 347098.579922  x:  0.11205   5.54708   0.12193  
  7  0.0008 347098.579919  x:  0.11204   5.54712   0.12193  
  8  0.0000 347098.579919  x:  0.11204   5.54712   0.12193  

8 (Bom_vet) ... 3 (Bom_hor)
  0  0.0000 337260.629005  x:  0.06501   4.40515   0.13193  
  1 99.0000 337240.654151  x:  0.07118   4.40515   0.13197  
  2 6685.7512 337240.641897  x:  0.07119   4.40522   0.13133  
  3 37.9823 337240.481268  x:  0.07118   4.49367   0.13181  
  4  3.7952 337240.481181  x:  0.07118   4.49171   0.13179  
  5  0.0019 337240.481181  x:  0.07118   4.49171   0.13179  
  6  0.0000 337240.481181  x:  0.07118   4.49171   0.13179  
  7  0.0542 337240.481181  x:  0.07118   4.49171   0.13179  
check convergence!


8 (Bom_vet) ... 4 (Bom_hyp)
  0  0.0000 335294.612318  x:  0.06339   3.89938   0.19013  
  1 99.0000 335285.197232  x:  0.06758   3.89957   0.18563  
  2 3126.5586 335202.172310  x:  0.06693   3.90221   0.12404  
  3 4785.5053 335147.594589  x:  0.06654   5.68404   0.14035  
  4 76.4109 335145.712816  x:  0.06600   5.71916   0.13257  
  5  0.0470 335145.678398  x:  0.06578   5.74231   0.13294  
  6  0.0207 335145.675045  x:  0.06581   5.75882   0.13296  
  7  0.0096 335145.675039  x:  0.06581   5.75877   0.13297  
  8  0.0001 335145.675039  x:  0.06581   5.75877   0.13297  

8 (Bom_vet) ... 5 (Bom_mus)
  0  0.0000 319637.690219  x:  0.01936   4.71425   0.10234  
  1 99.0000 319637.536072  x:  0.01908   4.71425   0.10248  
  2 961.9973 319633.627244  x:  0.01911   4.71456   0.12150  
  3 561.0106 319629.626387  x:  0.01906   5.73234   0.12540  
  4  8.8731 319629.626158  x:  0.01906   5.72976   0.12552  
  5  0.0021 319629.626154  x:  0.01906   5.72932   0.12553  
  6  0.0004 319629.626154  x:  0.01906   5.72925   0.12553  
  7  0.0001 319629.626154  x:  0.01906   5.72923   0.12553  

8 (Bom_vet) ... 6 (Bom_pas)
  0  0.0000 320294.622533  x:  0.01980   4.49699   0.11950  
  1 99.0000 320292.195216  x:  0.02096   4.49699   0.11951  
  2 4302.3566 320292.147812  x:  0.02096   4.49811   0.12168  
  3 39.6578 320277.926006  x:  0.02085   6.44922   0.13032  
  4 23.3195 320277.899094  x:  0.02087   6.43590   0.12861  
  5  0.0119 320277.899063  x:  0.02087   6.43383   0.12857  
  6  0.0016 320277.899059  x:  0.02087   6.43275   0.12857  
  7  0.0008 320277.899059  x:  0.02087   6.43274   0.12857  
  8  0.0002 320277.899059  x:  0.02087   6.43274   0.12857  
  9  0.0000 320277.899059  x:  0.02087   6.43274   0.12857  
 10  0.6138 320277.899059  x:  0.02087   6.43274   0.12857  
check convergence!


8 (Bom_vet) ... 7 (Bom_syl)
  0  0.0000 335057.532052  x:  0.05409   5.12032   0.23328  
  1 99.0000 335000.949701  x:  0.06359   5.12034   0.23165  
  2 12440.1127 334883.984014  x:  0.06389   5.12123   0.14417  
  3 2222.5778 334883.449801  x:  0.06388   5.32337   0.14565  
  4  5.4433 334883.411668  x:  0.06390   5.32844   0.14440  
  5  0.0097 334883.411394  x:  0.06393   5.32825   0.14439  
  6  0.0002 334883.411394  x:  0.06393   5.32825   0.14440  
  7  0.0000 334883.411393  x:  0.06393   5.32826   0.14440  
  8  0.0001 334883.411393  x:  0.06393   5.32827   0.14440  