Supplemental results for CODEML (seqf: /home/yzliu/eDNA/faststorage/yzliu/DK_proj/data/ref_genome/ref_annotation/primary_transcripts/extracted_cds_new/new_transcript_id_8_bom_apis/bootstraps/cat.out.OG_cds_8_species_same_header_fas.shuf_211OG_409.phy  treef: xxx.trees)


pairwise comparison (Goldman & Yang 1994)
seq seq        N       S       dN       dS     dN/dS   Paras.
  2   1 177201.4  58097.6   0.0516   0.5705   0.0904   0.5391   4.0389   0.0904 -410137.097
  3   1 177070.1  58228.9   0.0520   0.5930   0.0878   0.5577   4.0107   0.0878 -411466.937
  3   2 173564.7  61734.3   0.0140   0.1145   0.1225   0.1212   4.5651   0.1225 -353017.552
  4   1 177373.9  57925.1   0.0504   0.5791   0.0870   0.5416   4.0638   0.0870 -409448.239
  4   2 173022.2  62276.8   0.0122   0.1023   0.1191   0.1081   5.2476   0.1191 -349168.693
  4   3 173821.5  61477.5   0.0081   0.0691   0.1177   0.0722   4.5175   0.1177 -340161.788
  5   1 177370.6  57928.4   0.0513   0.5862   0.0875   0.5490   4.0577   0.0875 -410216.630
  5   2 173182.9  62116.1   0.0136   0.1079   0.1264   0.1156   5.1060   0.1264 -351219.343
  5   3 173963.8  61335.2   0.0087   0.0697   0.1252   0.0738   4.4165   0.1252 -340701.986
  5   4 172881.0  62418.0   0.0076   0.0629   0.1208   0.0668   5.5348   0.1208 -338055.900
  6   1 177374.3  57924.7   0.0513   0.5882   0.0872   0.5503   4.0559   0.0872 -410270.140
  6   2 173216.9  62082.1   0.0138   0.1094   0.1263   0.1171   5.0791   0.1263 -351572.398
  6   3 173926.5  61372.5   0.0089   0.0703   0.1265   0.0748   4.4417   0.1265 -340966.328
  6   4 172789.3  62509.7   0.0080   0.0635   0.1255   0.0682   5.6201   0.1255 -338524.827
  6   5 172136.6  63162.4   0.0029   0.0205   0.1394   0.0228   6.2727   0.1394 -323803.196
  7   1 177409.9  57889.1   0.0511   0.5853   0.0874   0.5477   4.0658   0.0874 -410082.505
  7   2 173080.0  62219.0   0.0136   0.1099   0.1241   0.1173   5.2301   0.1241 -351511.483
  7   3 173731.1  61567.9   0.0086   0.0725   0.1184   0.0759   4.6046   0.1184 -341112.269
  7   4 172576.3  62722.7   0.0077   0.0650   0.1192   0.0690   5.8735   0.1192 -338606.201
  7   5 172711.8  62587.2   0.0078   0.0593   0.1312   0.0645   5.7290   0.1312 -337502.311
  7   6 172664.0  62635.0   0.0081   0.0601   0.1341   0.0657   5.7756   0.1341 -337902.760
  8   1 177293.9  58005.1   0.0511   0.5877   0.0870   0.5503   4.0579   0.0870 -410265.026
  8   2 173117.8  62181.2   0.0132   0.1070   0.1233   0.1139   5.1019   0.1233 -350802.441
  8   3 173945.7  61353.3   0.0084   0.0688   0.1217   0.0724   4.3843   0.1217 -340303.162
  8   4 172751.9  62547.1   0.0074   0.0622   0.1185   0.0659   5.5874   0.1185 -337822.536
  8   5 172019.3  63279.7   0.0023   0.0189   0.1219   0.0203   6.3213   0.1219 -322771.905
  8   6 171857.0  63442.0   0.0026   0.0206   0.1243   0.0223   6.5065   0.1243 -323561.388
  8   7 172566.5  62732.5   0.0074   0.0586   0.1261   0.0632   5.7997   0.1261 -337102.855

