Supplemental results for CODEML (seqf: /home/yzliu/eDNA/faststorage/yzliu/DK_proj/data/ref_genome/ref_annotation/primary_transcripts/extracted_cds_new/new_transcript_id_7_and_pas/bootstraps/cat.out.OG_cds_7_species_same_header_fas.shuf_537OG_38.phy  treef: xxx.trees)


pairwise comparison (Goldman & Yang 1994)
seq seq        N       S       dN       dS     dN/dS   Paras.
  2   1 494325.1 194939.9   0.0102   0.1696   0.0602   0.1659   3.7446   0.0602 -1066357.427
  3   1 493009.0 196256.0   0.0101   0.1588   0.0638   0.1574   3.7694   0.0638 -1062873.271
  3   2 491862.6 197402.4   0.0098   0.1524   0.0646   0.1521   4.1740   0.0646 -1058554.163
  4   1 494164.6 195100.4   0.0078   0.1201   0.0648   0.1187   3.6141   0.0648 -1040235.465
  4   2 492125.2 197139.8   0.0095   0.1589   0.0596   0.1566   4.1390   0.0596 -1060126.034
  4   3 490391.6 198873.4   0.0094   0.1505   0.0626   0.1504   4.2182   0.0626 -1057639.798
  5   1 497165.0 192100.0   0.0056   0.0917   0.0608   0.0888   3.1856   0.0608 -1020027.034
  5   2 493883.3 195381.7   0.0101   0.1664   0.0607   0.1632   3.7727   0.0607 -1065181.552
  5   3 492872.3 196392.7   0.0100   0.1552   0.0646   0.1541   3.7598   0.0646 -1061346.824
  5   4 494349.6 194915.4   0.0075   0.1151   0.0655   0.1138   3.5624   0.0655 -1037411.122
  6   1 498132.0 191133.0   0.0071   0.1195   0.0597   0.1148   3.0853   0.0597 -1037892.057
  6   2 494570.6 194694.4   0.0093   0.1604   0.0579   0.1559   3.6886   0.0579 -1060487.462
  6   3 493470.8 195794.2   0.0093   0.1526   0.0607   0.1499   3.6864   0.0607 -1058175.063
  6   4 494460.9 194804.1   0.0070   0.1156   0.0608   0.1132   3.5569   0.0608 -1036106.815
  6   5 498394.2 190870.8   0.0072   0.1148   0.0625   0.1109   3.0363   0.0625 -1036061.326
  7   1 492806.7 196458.3   0.0649   1.1338   0.0572   1.1087   4.0372   0.0572 -1289141.579
  7   2 489526.6 199738.4   0.0655   1.2045   0.0544   1.1868   4.3092   0.0544 -1292785.217
  7   3 491482.6 197782.4   0.0650   1.1332   0.0573   1.1146   4.1869   0.0573 -1288853.566
  7   4 491223.3 198041.7   0.0646   1.1459   0.0564   1.1258   4.2087   0.0564 -1288709.857
  7   5 492951.2 196313.8   0.0648   1.1251   0.0576   1.1003   4.0442   0.0576 -1288402.123
  7   6 492728.2 196536.8   0.0645   1.1342   0.0569   1.1086   4.0626   0.0569 -1288254.286

