Supplemental results for CODEML (seqf: /home/yzliu/eDNA/faststorage/yzliu/DK_proj/data/ref_genome/ref_annotation/primary_transcripts/extracted_cds_new/new_transcript_id_8_bom_apis/bootstraps/cat.out.OG_cds_8_species_same_header_fas.shuf_211OG_887.phy  treef: xxx.trees)


pairwise comparison (Goldman & Yang 1994)
seq seq        N       S       dN       dS     dN/dS   Paras.
  2   1 170710.7  56944.3   0.0704   0.5618   0.1253   0.5800   3.5547   0.1253 -409387.127
  3   1 170482.3  57172.7   0.0697   0.5754   0.1211   0.5901   3.6045   0.1211 -409503.285
  3   2 166142.2  61512.8   0.0162   0.1046   0.1547   0.1202   5.2824   0.1547 -342134.822
  4   1 170932.5  56722.5   0.0686   0.5714   0.1201   0.5817   3.5876   0.1201 -408338.170
  4   2 166715.7  60939.3   0.0154   0.1008   0.1526   0.1147   5.1466   0.1526 -340661.574
  4   3 165965.8  61689.2   0.0093   0.0594   0.1561   0.0686   5.6902   0.1561 -328603.816
  5   1 170937.3  56717.7   0.0695   0.5783   0.1202   0.5889   3.5777   0.1202 -409120.852
  5   2 166752.1  60902.9   0.0166   0.1075   0.1549   0.1228   5.1057   0.1549 -342655.956
  5   3 166019.3  61635.7   0.0095   0.0606   0.1573   0.0700   5.6266   0.1573 -329016.862
  5   4 166560.9  61094.1   0.0095   0.0626   0.1520   0.0713   5.5168   0.1520 -329121.828
  6   1 170923.6  56731.4   0.0697   0.5781   0.1206   0.5893   3.5805   0.1206 -409203.193
  6   2 166759.6  60895.4   0.0169   0.1080   0.1563   0.1237   5.0932   0.1563 -342886.760
  6   3 165884.9  61770.1   0.0098   0.0606   0.1623   0.0709   5.7472   0.1623 -329276.164
  6   4 166434.0  61221.0   0.0100   0.0629   0.1581   0.0726   5.6281   0.1581 -329533.136
  6   5 166099.0  61556.0   0.0029   0.0200   0.1430   0.0225   5.9448   0.1430 -313349.589
  7   1 170856.0  56799.0   0.0705   0.5778   0.1221   0.5913   3.6110   0.1221 -409606.014
  7   2 166628.5  61026.5   0.0176   0.1087   0.1622   0.1262   5.1935   0.1622 -343617.301
  7   3 165887.6  61767.4   0.0106   0.0629   0.1692   0.0745   5.7353   0.1692 -330437.588
  7   4 166349.8  61305.2   0.0108   0.0644   0.1672   0.0756   5.6993   0.1672 -330537.849
  7   5 166165.5  61489.5   0.0100   0.0597   0.1673   0.0702   5.8669   0.1673 -328976.399
  7   6 166089.6  61565.4   0.0104   0.0591   0.1753   0.0706   5.9361   0.1753 -329182.199
  8   1 170892.8  56762.2   0.0697   0.5794   0.1203   0.5903   3.5767   0.1203 -409262.412
  8   2 166722.6  60932.4   0.0167   0.1064   0.1573   0.1222   5.0920   0.1573 -342637.542
  8   3 165884.7  61770.3   0.0098   0.0592   0.1653   0.0696   5.7095   0.1653 -329020.834
  8   4 166383.1  61271.9   0.0099   0.0616   0.1611   0.0715   5.6382   0.1611 -329320.418
  8   5 165997.3  61657.7   0.0028   0.0189   0.1503   0.0216   6.0079   0.1503 -313089.445
  8   6 165704.0  61951.0   0.0030   0.0195   0.1540   0.0224   6.3175   0.1540 -313394.733
  8   7 166031.6  61623.4   0.0102   0.0580   0.1760   0.0694   5.9539   0.1760 -328902.759

