

2 (And_ful) ... 1 (And_bic)
  0  0.0000 1122900.704513  x:  0.14530   1.60608   0.44537  
  1 99.0000 1113276.694593  x:  0.28924   1.67197   0.05794  
  2 37509.2720 1112889.688277  x:  0.28793   1.67505   0.03878  
  3 207222.7605 1105911.011560  x:  0.17858   5.24303   0.08227  
  4 5198.6591 1105601.454148  x:  0.15806   4.91545   0.07056  
  5  0.2750 1105416.719304  x:  0.16420   4.24240   0.05473  
  6  0.5340 1105356.168582  x:  0.16909   3.84427   0.05910  
  7  0.1888 1105343.654496  x:  0.16546   3.67964   0.05911  
  8  0.1435 1105343.115469  x:  0.16489   3.71686   0.05963  
  9  0.0508 1105343.114668  x:  0.16488   3.71557   0.05966  
 10  0.0013 1105343.114668  x:  0.16488   3.71557   0.05966  
 11  0.0000 1105343.114668  x:  0.16488   3.71557   0.05966  

3 (And_hae) ... 1 (And_bic)
  0  0.0000 1103441.146464  x:  0.15831   3.34742   0.12540  
  1 99.0000 1102204.643587  x:  0.14731   3.34820   0.06338  
  2 31069.4717 1102138.658268  x:  0.15607   3.34835   0.05748  
  3 15063.4798 1102115.709146  x:  0.15672   3.66914   0.05982  
  4 150.6685 1102113.059492  x:  0.15776   3.64293   0.06149  
  5  0.0516 1102113.044779  x:  0.15787   3.64111   0.06136  
  6  0.0017 1102113.044772  x:  0.15787   3.64093   0.06136  

3 (And_hae) ... 2 (And_ful)
  0  0.0000 1097643.997365  x:  0.16498   3.12158   0.06881  
  1 99.0000 1097472.146191  x:  0.15099   3.12199   0.05974  
  2 19877.4938 1097471.290304  x:  0.15159   3.12244   0.05867  
  3 1296.4740 1097297.589321  x:  0.15190   4.06484   0.06306  
  4 486.5416 1097297.087183  x:  0.15168   4.06163   0.06211  
  5  0.0032 1097297.084079  x:  0.15175   4.06174   0.06209  
  6  0.0001 1097297.084074  x:  0.15175   4.06192   0.06209  
  7  0.0001 1097297.084074  x:  0.15175   4.06192   0.06209  
  8  0.0000 1097297.084074  x:  0.15175   4.06192   0.06209  
check convergence!


4 (And_hat) ... 1 (And_bic)
  0  0.0000 1078916.764018  x:  0.12379   3.44761   0.09977  
  1 99.0000 1078605.175467  x:  0.11021   3.44784   0.07556  
  2 20995.1867 1078484.324526  x:  0.11615   3.44799   0.05985  
  3 23010.5618 1078478.958683  x:  0.11631   3.62876   0.06085  
  4 61.0136 1078471.471481  x:  0.11880   3.60424   0.06283  
  5  0.0305 1078471.348019  x:  0.11898   3.60540   0.06235  
  6  0.0014 1078471.347992  x:  0.11898   3.60510   0.06234  
  7  0.0003 1078471.347992  x:  0.11898   3.60509   0.06234  
  8  0.0000 1078471.347992  x:  0.11898   3.60509   0.06234  
  9  0.0000 1078471.347992  x:  0.11898   3.60509   0.06234  
 10  0.0000 1078471.347992  x:  0.11898   3.60509   0.06234  
 11  0.0846 1078471.347992  x:  0.11898   3.60509   0.06234  
check convergence!


4 (And_hat) ... 2 (And_ful)
  0  0.0000 1103338.895564  x:  0.16054   3.15704   0.19175  
  1 99.0000 1100740.683600  x:  0.12114   3.15974   0.08919  
  2 39039.7709 1100008.502814  x:  0.12951   3.16073   0.05221  
  3 105107.0990 1099618.649500  x:  0.13521   4.67837   0.06331  
  4 641.9079 1099295.876354  x:  0.15608   4.26328   0.06344  
  5  0.4497 1099291.505884  x:  0.15620   4.21979   0.06056  
  6  0.0481 1099291.300914  x:  0.15608   4.18296   0.06056  
  7  0.0304 1099291.298889  x:  0.15602   4.18302   0.06057  
  8  0.0001 1099291.298885  x:  0.15602   4.18309   0.06057  
  9  0.0001 1099291.298885  x:  0.15602   4.18310   0.06057  

4 (And_hat) ... 3 (And_hae)
  0  0.0000 1096565.323958  x:  0.14335   3.66935   0.08479  
  1 99.0000 1096331.052225  x:  0.15197   3.66965   0.06222  
  2 17667.4477 1096325.662979  x:  0.14956   3.66976   0.06066  
  3 3877.3294 1096298.713976  x:  0.14940   4.07888   0.06252  
  4 140.6998 1096298.707612  x:  0.14940   4.07793   0.06241  
  5  0.0011 1096298.707480  x:  0.14938   4.07759   0.06241  
  6  0.0004 1096298.707479  x:  0.14938   4.07751   0.06241  
  7  0.0001 1096298.707479  x:  0.14938   4.07751   0.06241  
  8  0.0000 1096298.707479  x:  0.14938   4.07751   0.06241  
  9  0.0000 1096298.707479  x:  0.14938   4.07751   0.06241  
 10  0.0431 1096298.707479  x:  0.14938   4.07751   0.06241  
check convergence!


5 (And_mar) ... 1 (And_bic)
  0  0.0000 1058684.080189  x:  0.08924   3.60895   0.13089  
  1 99.0000 1058066.851630  x:  0.07853   3.60910   0.07326  
  2 17764.6645 1057926.030205  x:  0.08504   3.60912   0.05662  
  3 53959.8770 1057915.964786  x:  0.08475   3.32328   0.05487  
  4 68.5765 1057877.707756  x:  0.08848   3.21150   0.06176  
  5  0.2085 1057876.464413  x:  0.08915   3.26153   0.06093  
  6  0.0548 1057876.438058  x:  0.08919   3.25115   0.06073  
  7  0.0113 1057876.438007  x:  0.08919   3.25110   0.06073  
  8  0.0001 1057876.438007  x:  0.08919   3.25112   0.06073  
  9  0.0000 1057876.438007  x:  0.08919   3.25111   0.06073  

5 (And_mar) ... 2 (And_ful)
  0  0.0000 1105283.835161  x:  0.14561   2.92321   0.04670  
  1 99.0000 1104980.700767  x:  0.16153   2.92348   0.05959  
  2 31416.5553 1104977.052349  x:  0.16330   2.92393   0.05777  
  3 2832.9091 1104802.613036  x:  0.16291   3.76221   0.06130  
  4 497.6783 1104802.410889  x:  0.16337   3.75989   0.06089  
  5  0.0023 1104802.410837  x:  0.16337   3.75962   0.06088  
  6  0.0002 1104802.410837  x:  0.16336   3.75958   0.06088  
  7  0.0000 1104802.410837  x:  0.16337   3.75958   0.06088  
  8  0.0000 1104802.410837  x:  0.16337   3.75958   0.06088  

5 (And_mar) ... 3 (And_hae)
  0  0.0000 1103110.807408  x:  0.15317   3.36459   0.14892  
  1 99.0000 1101273.045568  x:  0.14492   3.36572   0.06502  
  2 31975.6280 1101205.299872  x:  0.15423   3.36586   0.05976  
  3 15432.7397 1101186.432151  x:  0.15485   3.65232   0.06233  
  4 137.6558 1101185.827532  x:  0.15524   3.63652   0.06318  
  5  0.0378 1101185.824029  x:  0.15530   3.63520   0.06312  
  6  0.0012 1101185.824028  x:  0.15530   3.63513   0.06312  

5 (And_mar) ... 4 (And_hat)
  0  0.0000 1076708.736309  x:  0.09881   3.36437   0.13005  
  1 99.0000 1076258.969517  x:  0.12082   3.36456   0.11369  
  2 35253.5377 1075621.656850  x:  0.11925   3.36509   0.06395  
  3 29857.3683 1075616.812378  x:  0.11913   3.53405   0.06526  
  4 58.8985 1075593.019473  x:  0.11422   3.53692   0.06306  
  5  0.0058 1075592.273431  x:  0.11389   3.52663   0.06433  
  6  0.0192 1075592.272979  x:  0.11388   3.52511   0.06431  
  7  0.0014 1075592.272979  x:  0.11388   3.52509   0.06431  
  8  0.0000 1075592.272979  x:  0.11388   3.52509   0.06431  
  9  0.0000 1075592.272979  x:  0.11388   3.52509   0.06431  

6 (And_tri) ... 1 (And_bic)
  0  0.0000 1079227.388542  x:  0.12065   3.18962   0.15606  
  1 99.0000 1078399.892781  x:  0.09689   3.19000   0.10847  
  2 28402.6424 1077660.305538  x:  0.10299   3.19034   0.05836  
  3 77844.5669 1077658.305589  x:  0.10290   3.09559   0.05762  
  4 25.3547 1077489.447291  x:  0.11499   2.95454   0.06348  
  5  0.2719 1077482.601122  x:  0.11605   3.00511   0.06011  
  6  0.0845 1077482.588983  x:  0.11615   3.00117   0.06009  
  7  0.0037 1077482.588856  x:  0.11615   3.00167   0.06010  
  8  0.0005 1077482.588856  x:  0.11615   3.00167   0.06010  

6 (And_tri) ... 2 (And_ful)
  0  0.0000 1101202.187365  x:  0.14865   2.70015   0.06704  
  1 99.0000 1101078.519046  x:  0.15800   2.70078   0.05531  
  2 15931.7725 1101077.323185  x:  0.15707   2.70128   0.05440  
  3 1710.4375 1100843.599593  x:  0.15665   3.62477   0.05953  
  4 689.9563 1100842.557399  x:  0.15730   3.62287   0.05831  
  5  0.0023 1100842.549266  x:  0.15720   3.62351   0.05826  
  6  0.0006 1100842.549209  x:  0.15720   3.62403   0.05826  
  7  0.0003 1100842.549208  x:  0.15721   3.62404   0.05826  

6 (And_tri) ... 3 (And_hae)
  0  0.0000 1099021.447311  x:  0.12014   3.28423   0.07942  
  1 99.0000 1098234.775124  x:  0.15245   3.28434   0.07041  
  2 51282.7101 1098172.771001  x:  0.15170   3.28450   0.05932  
  3 10863.2897 1098162.224357  x:  0.15167   3.50749   0.06037  
  4 101.1444 1098161.875128  x:  0.15099   3.50030   0.06011  
  5  0.0060 1098161.869869  x:  0.15096   3.50043   0.06021  
  6  0.0002 1098161.869863  x:  0.15096   3.50060   0.06021  

6 (And_tri) ... 4 (And_hat)
  0  0.0000 1077742.211295  x:  0.11849   3.06837   0.19305  
  1 99.0000 1076878.967939  x:  0.09280   3.06929   0.14732  
  2 30181.2393 1075319.439255  x:  0.09651   3.07099   0.06023  
  3 92661.9717 1075269.852527  x:  0.09729   3.56809   0.06582  
  4 214.5564 1075008.091918  x:  0.11290   3.48141   0.05815  
  5  0.0936 1075001.472586  x:  0.11342   3.43134   0.06174  
  6  0.1246 1075001.455765  x:  0.11353   3.42834   0.06161  
  7  0.0026 1075001.455757  x:  0.11353   3.42853   0.06161  
  8  0.0002 1075001.455757  x:  0.11353   3.42853   0.06161  

6 (And_tri) ... 5 (And_mar)
  0  0.0000 1076955.349489  x:  0.09254   3.14859   0.13146  
  1 99.0000 1076390.970217  x:  0.11631   3.14867   0.11958  
  2 46195.7080 1075680.208714  x:  0.11570   3.14895   0.06395  
  3 24979.9904 1075673.752566  x:  0.11578   2.98214   0.06249  
  4 74.4932 1075664.071386  x:  0.11274   2.96319   0.06454  
  5  0.0175 1075663.439166  x:  0.11240   2.97295   0.06347  
  6  0.0187 1075663.439054  x:  0.11241   2.97275   0.06346  
  7  0.0002 1075663.439054  x:  0.11241   2.97277   0.06346  

7 (Bom_pas) ... 1 (And_bic)
  0  0.0000 1339699.927273  x:  1.08180   2.93569   0.10346  
  1 99.0000 1334057.242666  x:  1.07708   2.93660   0.05337  
  2 170735.4885 1333892.350110  x:  1.02050   3.09038   0.05957  
  3 2019.7428 1333155.505743  x:  1.15823   4.05263   0.05403  
  4 7823.0688 1333136.334693  x:  1.14068   4.08618   0.05319  
  5  0.0508 1333132.878373  x:  1.13265   4.11143   0.05417  
  6  0.0270 1333132.848668  x:  1.13373   4.11822   0.05415  
  7  0.0045 1333132.848161  x:  1.13366   4.11868   0.05415  
  8  0.0004 1333132.848161  x:  1.13366   4.11867   0.05415  

7 (Bom_pas) ... 2 (And_ful)
  0  0.0000 1362422.800539  x:  1.29187   3.58644   0.17857  
  1 99.0000 1337462.616975  x:  1.26939   3.58847   0.04783  
  2 219377.3197 1337411.736167  x:  1.24348   3.59702   0.05193  
  3 3854.1687 1337051.873160  x:  1.30498   4.45981   0.05100  
  4 990.8570 1336898.108081  x:  1.20883   4.40116   0.05207  
  5  0.1160 1336897.899758  x:  1.21110   4.41270   0.05183  
  6  0.0108 1336897.894591  x:  1.21077   4.41467   0.05185  
  7  0.0019 1336897.894403  x:  1.21085   4.41514   0.05185  
  8  0.0004 1336897.894403  x:  1.21085   4.41514   0.05185  

7 (Bom_pas) ... 3 (And_hae)
  0  0.0000 1345460.962938  x:  1.22256   3.81664   0.12901  
  1 99.0000 1333404.272414  x:  1.21258   3.81740   0.05021  
  2 206131.9134 1333322.647887  x:  1.16283   3.82842   0.05578  
  3 3349.9878 1333212.683098  x:  1.19640   4.30621   0.05501  
  4 499.9439 1333136.305803  x:  1.14602   4.28012   0.05426  
  5  0.0867 1333135.836947  x:  1.14909   4.28532   0.05386  
  6  0.0064 1333135.835983  x:  1.14892   4.28551   0.05386  
  7  0.0003 1333135.835979  x:  1.14893   4.28561   0.05386  

7 (Bom_pas) ... 4 (And_hat)
  0  0.0000 1344200.962521  x:  1.24816   3.52480   0.11911  
  1 99.0000 1333179.748998  x:  1.23932   3.52567   0.04825  
  2 213279.2756 1332948.917678  x:  1.14774   3.54851   0.05766  
  3 5124.7241 1332681.980258  x:  1.20506   4.25688   0.05640  
  4 851.1823 1332499.931265  x:  1.13143   4.24607   0.05488  
  5  0.1127 1332497.446364  x:  1.14022   4.26032   0.05397  
  6  0.0190 1332497.436654  x:  1.13990   4.26253   0.05396  
  7  0.0021 1332497.436345  x:  1.13997   4.26325   0.05396  
  8  0.0006 1332497.436345  x:  1.13997   4.26325   0.05396  

7 (Bom_pas) ... 5 (And_mar)
  0  0.0000 1352678.347975  x:  1.29458   3.57900   0.15252  
  1 99.0000 1333326.085026  x:  1.27774   3.58039   0.04714  
  2 223942.8997 1333146.783673  x:  1.21401   3.59230   0.05571  
  3 5988.5719 1332974.042930  x:  1.25690   4.16556   0.05471  
  4 656.5786 1332578.675736  x:  1.11381   4.05747   0.05643  
  5  0.2350 1332568.212383  x:  1.12776   4.10476   0.05455  
  6  0.0497 1332568.006150  x:  1.12501   4.10351   0.05454  
  7  0.0036 1332568.006022  x:  1.12500   4.10386   0.05454  
  8  0.0003 1332568.006021  x:  1.12500   4.10391   0.05454  
  9  0.0000 1332568.006021  x:  1.12500   4.10390   0.05454  
 10  0.0000 1332568.006021  x:  1.12500   4.10391   0.05454  

7 (Bom_pas) ... 6 (And_tri)
  0  0.0000 1333555.615047  x:  1.22195   3.59830   0.06236  
  1 99.0000 1332857.855192  x:  1.22068   3.59847   0.04913  
  2 95119.5716 1332557.946789  x:  1.09654   3.62479   0.05543  
  3 4415.1694 1332435.604186  x:  1.13603   4.09771   0.05493  
  4 559.8213 1332428.901739  x:  1.12802   4.10542   0.05414  
  5  0.0124 1332428.887472  x:  1.12883   4.10687   0.05408  
  6  0.0017 1332428.887332  x:  1.12884   4.10739   0.05408  
  7  0.0004 1332428.887332  x:  1.12884   4.10739   0.05408  