Supplemental results for CODEML (seqf: /home/yzliu/eDNA/faststorage/yzliu/DK_proj/data/ref_genome/ref_annotation/primary_transcripts/extracted_cds_new/new_transcript_id_7_and_pas/bootstraps/cat.out.OG_cds_7_species_same_header_fas.shuf_537OG_931.phy  treef: xxx.trees)


pairwise comparison (Goldman & Yang 1994)
seq seq        N       S       dN       dS     dN/dS   Paras.
  2   1 475707.5 183035.5   0.0101   0.1659   0.0610   0.1602   3.5988   0.0610 -1015756.939
  3   1 475113.0 183630.0   0.0098   0.1616   0.0604   0.1562   3.5284   0.0604 -1014032.144
  3   2 474305.1 184437.9   0.0097   0.1509   0.0644   0.1478   3.8860   0.0644 -1008840.026
  4   1 475282.1 183460.9   0.0076   0.1209   0.0628   0.1174   3.5006   0.0628 -992167.355
  4   2 473511.9 185231.1   0.0097   0.1555   0.0626   0.1522   4.0052   0.0626 -1010710.647
  4   3 472442.9 186300.1   0.0095   0.1520   0.0626   0.1494   3.9840   0.0626 -1009631.803
  5   1 477976.5 180766.5   0.0056   0.0919   0.0606   0.0877   3.1019   0.0606 -973249.281
  5   2 475601.8 183141.2   0.0102   0.1626   0.0629   0.1577   3.5900   0.0629 -1015054.674
  5   3 474989.2 183753.8   0.0100   0.1566   0.0636   0.1526   3.5249   0.0636 -1012832.615
  5   4 475359.6 183383.4   0.0076   0.1155   0.0662   0.1130   3.4706   0.0662 -990158.210
  6   1 480101.8 178641.2   0.0071   0.1193   0.0593   0.1125   2.8760   0.0593 -989928.921
  6   2 476224.7 182518.3   0.0093   0.1577   0.0592   0.1513   3.5135   0.0592 -1010809.517
  6   3 475563.1 183179.9   0.0093   0.1537   0.0603   0.1483   3.4562   0.0603 -1009897.444
  6   4 475961.1 182781.9   0.0073   0.1149   0.0631   0.1114   3.3997   0.0631 -988695.989
  6   5 480122.7 178620.3   0.0073   0.1153   0.0629   0.1096   2.8595   0.0629 -988841.751
  7   1 471095.2 187647.8   0.0649   1.1828   0.0549   1.1501   3.9512   0.0549 -1234162.510
  7   2 468298.7 190444.3   0.0658   1.2405   0.0530   1.2162   4.2179   0.0530 -1237081.029
  7   3 469764.1 188978.9   0.0654   1.1847   0.0552   1.1596   4.0997   0.0552 -1234696.530
  7   4 469594.4 189148.6   0.0649   1.1932   0.0544   1.1666   4.1258   0.0544 -1234012.873
  7   5 471233.1 187509.9   0.0649   1.1716   0.0554   1.1397   3.9459   0.0554 -1233657.188
  7   6 471239.1 187503.9   0.0645   1.1783   0.0548   1.1447   3.9392   0.0548 -1233408.363

