

2 (Bom_con) ... 1 (Apis_mel)
  0  0.0000 388978.140759  x:  0.54236   1.34000   0.44044  
  1 99.0000 381019.099282  x:  0.41709   1.42131   0.10229  
  2 24741.6965 380796.182302  x:  0.43826   1.43203   0.07913  
  3 16144.3026 378107.127385  x:  0.56092   3.15424   0.12112  
  4 4882.5802 377916.267157  x:  0.53862   3.42683   0.10022  
  5  0.1743 377867.015629  x:  0.57625   3.61208   0.09265  
  6  0.1055 377857.181934  x:  0.57957   3.72867   0.09768  
  7  0.0730 377853.060802  x:  0.57606   3.85875   0.09680  
  8  0.0806 377853.050790  x:  0.57643   3.85805   0.09690  
  9  0.0008 377853.050777  x:  0.57644   3.85827   0.09689  
 10  0.0002 377853.050777  x:  0.57644   3.85827   0.09689  

3 (Bom_hor) ... 1 (Apis_mel)
  0  0.0000 378606.283936  x:  0.49245   3.27098   0.12691  
  1 99.0000 378395.336297  x:  0.50654   3.27172   0.09649  
  2 11139.0474 378232.706493  x:  0.57579   3.27445   0.09443  
  3 6230.3672 378164.765970  x:  0.58187   3.88127   0.09735  
  4 245.6989 378162.152611  x:  0.58467   3.89031   0.09430  
  5  0.0133 378162.103646  x:  0.58602   3.89614   0.09425  
  6  0.0047 378162.103622  x:  0.58601   3.89638   0.09426  
  7  0.0002 378162.103621  x:  0.58601   3.89642   0.09426  

3 (Bom_hor) ... 2 (Bom_con)
  0  0.0000 320908.005616  x:  0.11184   3.50458   0.17301  
  1 99.0000 320876.499723  x:  0.12274   3.50509   0.16457  
  2 4720.1527 320818.782304  x:  0.12145   3.50715   0.13185  
  3 4146.6893 320724.344977  x:  0.12100   5.11396   0.14731  
  4 146.0927 320717.907813  x:  0.12007   5.14710   0.13553  
  5  0.0413 320717.817095  x:  0.11973   5.19693   0.13542  
  6  0.0319 320717.808318  x:  0.11985   5.20882   0.13567  
  7  0.0094 320717.808245  x:  0.11986   5.20924   0.13563  
  8  0.0004 320717.808245  x:  0.11986   5.20928   0.13563  
  9  0.0000 320717.808245  x:  0.11986   5.20928   0.13563  
 10  0.0000 320717.808245  x:  0.11986   5.20928   0.13563  
 11  0.0000 320717.808245  x:  0.11986   5.20928   0.13563  
check convergence!


4 (Bom_hyp) ... 1 (Apis_mel)
  0  0.0000 378880.373900  x:  0.53415   4.39559   0.21591  
  1 99.0000 377186.915143  x:  0.52251   4.39549   0.10212  
  2 21260.4498 377101.910109  x:  0.56804   4.39336   0.08933  
  3 3742.8941 377071.823018  x:  0.56128   3.91949   0.08793  
  4 115.9310 377046.705331  x:  0.57333   3.86838   0.09427  
  5  0.1516 377046.564120  x:  0.57534   3.88616   0.09393  
  6  0.0176 377046.560223  x:  0.57545   3.88213   0.09386  
  7  0.0045 377046.560212  x:  0.57544   3.88217   0.09385  

4 (Bom_hyp) ... 2 (Bom_con)
  0  0.0000 319345.194066  x:  0.10533   3.54066   0.16767  
  1 99.0000 319318.903516  x:  0.11588   3.54107   0.16152  
  2 4886.4381 319273.582508  x:  0.11507   3.54345   0.12706  
  3 3084.8248 319175.110633  x:  0.11468   5.28860   0.14248  
  4 142.5922 319173.298982  x:  0.11363   5.30581   0.13659  
  5  0.0196 319173.279635  x:  0.11342   5.32292   0.13688  
  6  0.0133 319173.277402  x:  0.11347   5.33183   0.13687  
  7  0.0055 319173.277402  x:  0.11347   5.33184   0.13687  
  8  0.0000 319173.277401  x:  0.11347   5.33184   0.13687  

4 (Bom_hyp) ... 3 (Bom_hor)
  0  0.0000 307578.975226  x:  0.05801   4.43675   0.14820  
  1 99.0000 307542.988813  x:  0.06621   4.43680   0.14707  
  2 9112.5525 307522.995785  x:  0.06633   4.43787   0.11884  
  3 1318.6238 307498.460568  x:  0.06621   5.82295   0.12700  
  4 41.6186 307498.253794  x:  0.06624   5.83199   0.12429  
  5  0.0110 307498.252823  x:  0.06625   5.84214   0.12430  
  6  0.0064 307498.252817  x:  0.06625   5.84225   0.12431  
  7  0.0001 307498.252816  x:  0.06625   5.84226   0.12431  
  8  0.0000 307498.252816  x:  0.06625   5.84226   0.12431  

5 (Bom_mus) ... 1 (Apis_mel)
  0  0.0000 378391.801682  x:  0.47756   4.75732   0.10313  
  1 99.0000 378143.495009  x:  0.53199   4.75556   0.12151  
  2 9072.1447 377947.452815  x:  0.58397   4.75324   0.09378  
  3 11744.9690 377848.891977  x:  0.57580   3.85881   0.09274  
  4 197.1892 377845.589686  x:  0.58270   3.87003   0.09457  
  5  0.0128 377845.405511  x:  0.58479   3.87230   0.09387  
  6  0.0036 377845.405425  x:  0.58479   3.87156   0.09387  

5 (Bom_mus) ... 2 (Bom_con)
  0  0.0000 321610.584430  x:  0.09570   3.38117   0.10068  
  1 99.0000 321363.836958  x:  0.12469   3.38141   0.10726  
  2 18365.7073 321341.248208  x:  0.12291   3.38265   0.12710  
  3 2491.6614 321226.946778  x:  0.12259   5.13722   0.13749  
  4 167.4466 321226.886817  x:  0.12268   5.13632   0.13632  
  5  0.0010 321226.886517  x:  0.12265   5.13831   0.13630  
  6  0.0013 321226.886499  x:  0.12265   5.13900   0.13631  
  7  0.0004 321226.886498  x:  0.12266   5.13905   0.13631  
  8  0.0000 321226.886498  x:  0.12266   5.13906   0.13631  

5 (Bom_mus) ... 3 (Bom_hor)
  0  0.0000 308702.584822  x:  0.06583   4.32401   0.14844  
  1 99.0000 308694.946559  x:  0.06986   4.32405   0.14756  
  2 3823.5341 308687.238572  x:  0.06988   4.32482   0.13041  
  3 865.9391 308674.801124  x:  0.06980   5.20075   0.13581  
  4 31.7464 308674.721780  x:  0.06977   5.20258   0.13408  
  5  0.0028 308674.721690  x:  0.06977   5.20474   0.13408  
  6  0.0017 308674.721688  x:  0.06977   5.20492   0.13408  
  7  0.0002 308674.721688  x:  0.06977   5.20492   0.13408  
  8  0.0000 308674.721688  x:  0.06977   5.20492   0.13408  
check convergence!


5 (Bom_mus) ... 4 (Bom_hyp)
  0  0.0000 308342.588388  x:  0.07233   4.27742   0.12145  
  1 99.0000 308340.376833  x:  0.07013   4.27748   0.12123  
  2 1966.5520 308340.145220  x:  0.07018   4.27835   0.11859  
  3 162.2195 308309.693777  x:  0.07003   5.73900   0.12634  
  4 54.9087 308309.612941  x:  0.07007   5.74078   0.12470  
  5  0.0022 308309.612699  x:  0.07007   5.74500   0.12467  
  6  0.0028 308309.612688  x:  0.07007   5.74550   0.12469  
  7  0.0005 308309.612688  x:  0.07007   5.74552   0.12469  

6 (Bom_pas) ... 1 (Apis_mel)
  0  0.0000 378113.555821  x:  0.57891   4.60989   0.11586  
  1 99.0000 378023.460947  x:  0.57825   4.60956   0.09719  
  2 8859.3976 378014.707138  x:  0.59639   4.60589   0.09464  
  3 946.0942 377945.476750  x:  0.58563   3.86759   0.09385  
  4 176.6943 377945.450798  x:  0.58525   3.86721   0.09415  
  5  0.0008 377945.450435  x:  0.58514   3.86748   0.09415  
  6  0.0003 377945.450434  x:  0.58514   3.86743   0.09415  
  7  0.0001 377945.450434  x:  0.58514   3.86743   0.09415  
  8  0.0000 377945.450434  x:  0.58514   3.86743   0.09415  
  9  0.0000 377945.450434  x:  0.58514   3.86743   0.09415  
check convergence!


6 (Bom_pas) ... 2 (Bom_con)
  0  0.0000 321744.058599  x:  0.10503   3.28196   0.20609  
  1 99.0000 321643.284145  x:  0.12423   3.28243   0.19828  
  2 10370.9582 321474.137048  x:  0.12426   3.28669   0.12722  
  3 4567.4928 321344.707208  x:  0.12381   5.04073   0.14841  
  4 187.5587 321339.380426  x:  0.12340   5.09203   0.13753  
  5  0.0709 321339.239611  x:  0.12292   5.15192   0.13779  
  6  0.0350 321339.228359  x:  0.12308   5.16462   0.13799  
  7  0.0088 321339.228246  x:  0.12308   5.16540   0.13794  
  8  0.0008 321339.228246  x:  0.12308   5.16546   0.13794  
  9  0.0000 321339.228246  x:  0.12308   5.16546   0.13794  

6 (Bom_pas) ... 3 (Bom_hor)
  0  0.0000 308971.679201  x:  0.05894   4.43953   0.11139  
  1 99.0000 308894.076684  x:  0.07125   4.43956   0.11267  
  2 13418.4807 308885.089549  x:  0.07092   4.43998   0.12959  
  3 1137.8840 308870.357240  x:  0.07083   5.43521   0.13402  
  4 33.5158 308870.357055  x:  0.07082   5.43233   0.13399  
  5  0.0022 308870.357054  x:  0.07082   5.43211   0.13399  
  6  0.0002 308870.357053  x:  0.07082   5.43213   0.13399  

6 (Bom_pas) ... 4 (Bom_hyp)
  0  0.0000 308835.450290  x:  0.06078   4.59911   0.10675  
  1 99.0000 308773.250646  x:  0.07193   4.59914   0.10834  
  2 11715.8058 308760.910562  x:  0.07146   4.59965   0.12764  
  3 1393.5436 308735.760623  x:  0.07133   6.01561   0.13332  
  4 41.8205 308735.759537  x:  0.07137   6.01453   0.13316  
  5  0.0009 308735.759532  x:  0.07136   6.01453   0.13315  
  6  0.0000 308735.759532  x:  0.07136   6.01454   0.13315  
  7  0.0000 308735.759532  x:  0.07136   6.01455   0.13315  
  8  0.0000 308735.759532  x:  0.07136   6.01454   0.13315  
  9  0.0000 308735.759532  x:  0.07136   6.01454   0.13315  
check convergence!


6 (Bom_pas) ... 5 (Bom_mus)
  0  0.0000 294592.903574  x:  0.02256   5.00718   0.17048  
  1 99.0000 294592.384989  x:  0.02315   5.00719   0.17031  
  2 1711.1717 294583.267447  x:  0.02318   5.00816   0.13481  
  3 498.8266 294578.095655  x:  0.02312   6.19505   0.14171  
  4  9.9136 294578.049822  x:  0.02312   6.20145   0.13938  
  5  0.0084 294578.049728  x:  0.02312   6.20694   0.13938  
  6  0.0039 294578.049727  x:  0.02312   6.20710   0.13939  
  7  0.0002 294578.049727  x:  0.02312   6.20711   0.13939  
  8  0.0000 294578.049727  x:  0.02312   6.20711   0.13939  
check convergence!


7 (Bom_syl) ... 1 (Apis_mel)
  0  0.0000 378388.345411  x:  0.55843   4.89453   0.12729  
  1 99.0000 378243.681019  x:  0.55977   4.89401   0.10203  
  2 10135.8206 378208.535382  x:  0.59639   4.88943   0.09688  
  3 2026.7761 378083.831435  x:  0.58326   3.86662   0.09562  
  4 217.8592 378083.642994  x:  0.58166   3.86557   0.09642  
  5  0.0026 378083.633895  x:  0.58121   3.86649   0.09638  
  6  0.0012 378083.633884  x:  0.58121   3.86623   0.09637  
  7  0.0004 378083.633884  x:  0.58121   3.86624   0.09637  

7 (Bom_syl) ... 2 (Bom_con)
  0  0.0000 322171.314189  x:  0.09915   3.53807   0.17552  
  1 99.0000 321989.614517  x:  0.12433   3.53835   0.17170  
  2 15582.4350 321938.160319  x:  0.12466   3.54094   0.13447  
  3 2539.9680 321841.209660  x:  0.12451   5.16258   0.14958  
  4 148.8002 321839.768260  x:  0.12463   5.18060   0.14367  
  5  0.0216 321839.751757  x:  0.12466   5.20690   0.14366  
  6  0.0140 321839.751499  x:  0.12465   5.20740   0.14374  
  7  0.0005 321839.751498  x:  0.12465   5.20741   0.14374  

7 (Bom_syl) ... 3 (Bom_hor)
  0  0.0000 309427.477718  x:  0.07062   4.21383   0.19638  
  1 99.0000 309411.016179  x:  0.07686   4.21420   0.18433  
  2 2546.7631 309335.794980  x:  0.07493   4.21597   0.12650  
  3 9273.8428 309307.836070  x:  0.07447   5.53285   0.13728  
  4 49.7945 309305.891084  x:  0.07269   5.53985   0.13316  
  5  0.0093 309305.862149  x:  0.07255   5.53773   0.13403  
  6  0.0031 309305.862127  x:  0.07254   5.53678   0.13402  
  7  0.0007 309305.862125  x:  0.07254   5.53654   0.13402  
  8  0.0002 309305.862125  x:  0.07254   5.53655   0.13402  
  9  0.0000 309305.862125  x:  0.07254   5.53655   0.13402  

7 (Bom_syl) ... 4 (Bom_hyp)
  0  0.0000 309192.041993  x:  0.07652   4.54739   0.21255  
  1 99.0000 309172.778176  x:  0.07004   4.54749   0.20883  
  2 4998.1213 309055.258314  x:  0.07142   4.54954   0.12993  
  3 3147.6143 309030.177371  x:  0.07146   5.89391   0.14071  
  4 43.2780 309029.104813  x:  0.07201   5.92880   0.13478  
  5  0.0539 309029.070627  x:  0.07226   5.94344   0.13516  
  6  0.0153 309029.069647  x:  0.07225   5.95312   0.13516  
  7  0.0064 309029.069640  x:  0.07225   5.95322   0.13517  
  8  0.0001 309029.069640  x:  0.07225   5.95323   0.13517  

7 (Bom_syl) ... 5 (Bom_mus)
  0  0.0000 308808.007330  x:  0.07022   4.72212   0.14435  
  1 99.0000 308807.961273  x:  0.07052   4.72218   0.14391  
  2 172.7997 308807.780131  x:  0.07037   4.72257   0.14135  
  3 349.5149 308802.096698  x:  0.07032   5.37257   0.14480  
  4 19.8703 308802.087836  x:  0.07033   5.35474   0.14427  
  5  0.0162 308802.087747  x:  0.07032   5.35262   0.14429  
  6  0.0019 308802.087747  x:  0.07032   5.35264   0.14429  
  7  0.0000 308802.087747  x:  0.07032   5.35264   0.14430  
  8  0.0000 308802.087747  x:  0.07032   5.35264   0.14430  
check convergence!


7 (Bom_syl) ... 6 (Bom_pas)
  0  0.0000 309256.100321  x:  0.06153   4.34678   0.11435  
  1 99.0000 309198.915763  x:  0.07227   4.34681   0.11638  
  2 11078.4850 309176.826804  x:  0.07151   4.34734   0.14414  
  3 1799.2029 309155.580826  x:  0.07138   5.52372   0.14968  
  4 41.7411 309155.577976  x:  0.07146   5.52257   0.14982  
  5  0.0010 309155.577946  x:  0.07145   5.52218   0.14985  
  6  0.0003 309155.577946  x:  0.07145   5.52207   0.14985  

8 (Bom_vet) ... 1 (Apis_mel)
  0  0.0000 380120.916736  x:  0.49480   4.43839   0.23805  
  1 99.0000 378098.697022  x:  0.50418   4.43806   0.10388  
  2 20698.9222 377888.167666  x:  0.58229   4.43532   0.08780  
  3 6012.0095 377854.805944  x:  0.57539   3.92567   0.08568  
  4 121.1828 377822.151391  x:  0.58272   3.83294   0.09383  
  5  0.3770 377821.926651  x:  0.58418   3.86915   0.09386  
  6  0.0449 377821.921545  x:  0.58456   3.86724   0.09379  
  7  0.0017 377821.921522  x:  0.58456   3.86731   0.09379  

8 (Bom_vet) ... 2 (Bom_con)
  0  0.0000 321266.841939  x:  0.11279   3.25975   0.07981  
  1 99.0000 321127.775971  x:  0.12990   3.26022   0.10426  
  2 10061.2535 321092.593338  x:  0.12021   3.26104   0.11961  
  3 4572.4401 320949.527262  x:  0.11910   5.37398   0.12972  
  4 193.4198 320946.004353  x:  0.12235   5.29683   0.13283  
  5  0.0561 320945.639331  x:  0.12174   5.25086   0.13507  
  6  0.0312 320945.633515  x:  0.12176   5.23653   0.13484  
  7  0.0071 320945.633484  x:  0.12175   5.23621   0.13484  

8 (Bom_vet) ... 3 (Bom_hor)
  0  0.0000 308470.380164  x:  0.06406   4.16619   0.20222  
  1 99.0000 308457.274324  x:  0.06936   4.16627   0.19928  
  2 4554.0654 308362.348730  x:  0.06929   4.16829   0.12840  
  3 2875.4794 308341.324054  x:  0.06913   5.28784   0.13833  
  4 43.0109 308340.567705  x:  0.06879   5.31420   0.13328  
  5  0.0396 308340.541316  x:  0.06857   5.32578   0.13362  
  6  0.0112 308340.541011  x:  0.06857   5.33070   0.13363  
  7  0.0033 308340.541010  x:  0.06857   5.33069   0.13363  
  8  0.0000 308340.541010  x:  0.06857   5.33069   0.13363  

8 (Bom_vet) ... 4 (Bom_hyp)
  0  0.0000 308369.595360  x:  0.07262   4.40141   0.19341  
  1 99.0000 308355.919569  x:  0.06732   4.40152   0.18951  
  2 4047.4151 308260.668410  x:  0.06881   4.40353   0.12163  
  3 3476.9697 308226.929437  x:  0.06885   5.98569   0.13373  
  4 50.9166 308225.767808  x:  0.06946   6.02032   0.12774  
  5  0.0494 308225.735820  x:  0.06969   6.03779   0.12813  
  6  0.0175 308225.734228  x:  0.06968   6.05054   0.12813  
  7  0.0079 308225.734218  x:  0.06967   6.05064   0.12815  
  8  0.0001 308225.734218  x:  0.06967   6.05060   0.12815  
  9  0.0000 308225.734218  x:  0.06967   6.05063   0.12815  
 10  0.0000 308225.734218  x:  0.06967   6.05064   0.12815  

8 (Bom_vet) ... 5 (Bom_mus)
  0  0.0000 293557.450499  x:  0.01878   5.01579   0.19326  
  1 99.0000 293553.720809  x:  0.02025   5.01579   0.19303  
  2 5220.9122 293514.931297  x:  0.02031   5.01689   0.11498  
  3 811.2020 293512.890405  x:  0.02028   5.80178   0.11997  
  4  5.8395 293512.804718  x:  0.02028   5.81050   0.11703  
  5  0.0169 293512.804448  x:  0.02027   5.80507   0.11693  
  6  0.0048 293512.804444  x:  0.02027   5.80426   0.11694  
  7  0.0007 293512.804444  x:  0.02027   5.80425   0.11694  
  8  0.0000 293512.804444  x:  0.02027   5.80424   0.11694  

8 (Bom_vet) ... 6 (Bom_pas)
  0  0.0000 294201.032986  x:  0.01952   4.86154   0.14064  
  1 99.0000 294189.185805  x:  0.02223   4.86154   0.14056  
  2 9295.3322 294186.475937  x:  0.02226   4.86239   0.12295  
  3 290.0561 294178.427932  x:  0.02219   6.39650   0.13069  
  4 12.4309 294178.382521  x:  0.02216   6.39924   0.12851  
  5  0.0037 294178.382359  x:  0.02215   6.40368   0.12849  
  6  0.0036 294178.382353  x:  0.02215   6.40488   0.12851  
  7  0.0009 294178.382353  x:  0.02215   6.40495   0.12851  
  8  0.0001 294178.382353  x:  0.02215   6.40495   0.12851  
  9  0.0000 294178.382353  x:  0.02215   6.40495   0.12851  
check convergence!


8 (Bom_vet) ... 7 (Bom_syl)
  0  0.0000 308442.127956  x:  0.06478   5.19200   0.16573  
  1 99.0000 308433.966098  x:  0.06890   5.19201   0.16490  
  2 4007.9238 308425.094793  x:  0.06895   5.19236   0.14450  
  3 834.9037 308423.283165  x:  0.06893   5.58795   0.14653  
  4  9.6980 308423.267161  x:  0.06889   5.58484   0.14570  
  5  0.0037 308423.267107  x:  0.06888   5.58400   0.14571  
  6  0.0008 308423.267107  x:  0.06888   5.58402   0.14571  
  7  0.0000 308423.267107  x:  0.06888   5.58402   0.14571  
  8  0.0000 308423.267107  x:  0.06888   5.58402   0.14571  
  9  0.0000 308423.267107  x:  0.06888   5.58402   0.14571  
 10  0.0567 308423.267107  x:  0.06888   5.58402   0.14571  
check convergence!
