Supplemental results for CODEML (seqf: /home/yzliu/eDNA/faststorage/yzliu/DK_proj/data/ref_genome/ref_annotation/primary_transcripts/extracted_cds_new/new_transcript_id_7_and_pas/bootstraps/cat.out.OG_cds_7_species_same_header_fas.shuf_537OG_777.phy  treef: xxx.trees)


pairwise comparison (Goldman & Yang 1994)
seq seq        N       S       dN       dS     dN/dS   Paras.
  2   1 483143.9 188622.1   0.0094   0.1671   0.0561   0.1609   3.6118   0.0561 -1035380.621
  3   1 482280.8 189485.2   0.0093   0.1589   0.0586   0.1545   3.5906   0.0586 -1032923.349
  3   2 480871.0 190895.0   0.0093   0.1528   0.0608   0.1502   4.0379   0.0608 -1029521.948
  4   1 482958.6 188807.4   0.0071   0.1191   0.0600   0.1158   3.4834   0.0600 -1010856.571
  4   2 480863.3 190902.7   0.0091   0.1568   0.0578   0.1532   4.0146   0.0578 -1030597.185
  4   3 480043.5 191722.5   0.0092   0.1508   0.0610   0.1488   3.9674   0.0610 -1029412.968
  5   1 486241.8 185524.2   0.0052   0.0915   0.0565   0.0870   3.0463   0.0565 -991997.340
  5   2 483015.0 188751.0   0.0095   0.1653   0.0575   0.1598   3.6182   0.0575 -1035183.121
  5   3 482766.2 188999.8   0.0095   0.1563   0.0611   0.1525   3.5160   0.0611 -1032640.607
  5   4 483751.9 188014.1   0.0070   0.1152   0.0612   0.1119   3.3732   0.0612 -1008951.399
  6   1 487716.1 184049.9   0.0066   0.1175   0.0560   0.1109   2.8910   0.0560 -1008324.547
  6   2 483961.5 187804.5   0.0086   0.1592   0.0542   0.1521   3.4940   0.0542 -1030493.025
  6   3 483373.6 188392.4   0.0089   0.1520   0.0589   0.1472   3.4391   0.0589 -1029375.148
  6   4 484187.3 187578.7   0.0067   0.1134   0.0592   0.1095   3.3212   0.0592 -1007120.077
  6   5 488195.5 183570.5   0.0067   0.1139   0.0592   0.1081   2.8351   0.0592 -1007262.690
  7   1 480390.4 191375.6   0.0609   1.1782   0.0517   1.1377   4.0662   0.0517 -1250759.770
  7   2 476900.0 194866.0   0.0620   1.2484   0.0497   1.2184   4.3776   0.0497 -1254649.973
  7   3 478787.0 192979.0   0.0616   1.1842   0.0520   1.1522   4.2346   0.0520 -1251725.828
  7   4 478920.4 192845.6   0.0610   1.1868   0.0514   1.1526   4.2187   0.0514 -1250950.969
  7   5 480526.6 191239.4   0.0611   1.1717   0.0521   1.1318   4.0515   0.0521 -1250841.610
  7   6 480257.4 191508.6   0.0607   1.1771   0.0516   1.1370   4.0856   0.0516 -1250325.476

