Supplemental results for CODEML (seqf: /home/yzliu/eDNA/faststorage/yzliu/DK_proj/data/ref_genome/ref_annotation/primary_transcripts/extracted_cds_new/new_transcript_id_7_and_pas/bootstraps/cat.out.OG_cds_7_species_same_header_fas.shuf_537OG_114.phy  treef: xxx.trees)


pairwise comparison (Goldman & Yang 1994)
seq seq        N       S       dN       dS     dN/dS   Paras.
  2   1 458626.7 178630.3   0.0111   0.1761   0.0633   0.1722   3.6454   0.0633 -989705.739
  3   1 458536.0 178721.0   0.0107   0.1684   0.0637   0.1649   3.5122   0.0637 -986732.135
  3   2 457333.8 179923.2   0.0106   0.1572   0.0676   0.1561   3.9115   0.0676 -981549.368
  4   1 458367.3 178889.7   0.0084   0.1250   0.0670   0.1233   3.5218   0.0670 -964599.520
  4   2 456565.5 180691.5   0.0107   0.1630   0.0658   0.1617   4.0191   0.0658 -983931.126
  4   3 455634.2 181622.8   0.0103   0.1557   0.0661   0.1552   3.9901   0.0661 -981056.498
  5   1 461055.0 176202.0   0.0062   0.0965   0.0645   0.0936   3.1199   0.0645 -946480.953
  5   2 458028.2 179228.8   0.0112   0.1717   0.0651   0.1690   3.6965   0.0651 -988513.056
  5   3 458016.6 179240.4   0.0107   0.1633   0.0656   0.1609   3.5544   0.0656 -985166.764
  5   4 458351.7 178905.3   0.0083   0.1188   0.0699   0.1180   3.4944   0.0699 -962056.356
  6   1 462562.7 174694.3   0.0079   0.1254   0.0630   0.1204   2.9530   0.0630 -963508.060
  6   2 458868.7 178388.3   0.0104   0.1672   0.0625   0.1629   3.5842   0.0625 -985105.614
  6   3 458447.0 178810.0   0.0101   0.1600   0.0634   0.1566   3.5030   0.0634 -982466.584
  6   4 459325.1 177931.9   0.0080   0.1185   0.0675   0.1165   3.3715   0.0675 -960947.659
  6   5 462533.9 174723.1   0.0080   0.1195   0.0667   0.1156   2.9341   0.0667 -961358.779
  7   1 455912.5 181344.5   0.0719   1.2293   0.0585   1.2038   4.0659   0.0585 -1204183.010
  7   2 453084.6 184172.4   0.0730   1.2918   0.0565   1.2757   4.3101   0.0565 -1207573.945
  7   3 454825.3 182431.7   0.0723   1.2311   0.0587   1.2121   4.1843   0.0587 -1204532.982
  7   4 454612.4 182644.6   0.0719   1.2388   0.0581   1.2192   4.2281   0.0581 -1203958.909
  7   5 456155.1 181101.9   0.0719   1.2153   0.0591   1.1905   4.0602   0.0591 -1203505.673
  7   6 456122.4 181134.6   0.0717   1.2209   0.0587   1.1950   4.0542   0.0587 -1203540.578

