

2 (Bom_con) ... 1 (Apis_mel)
  0  0.0000 795056.435790  x:  0.43144   1.50880   0.38880  
  1 99.0000 780598.046438  x:  0.43183   1.56532   0.08398  
  2 48472.4217 780085.051458  x:  0.48858   1.58904   0.06704  
  3 17954.8968 777440.880718  x:  0.55572   2.54119   0.10857  
  4 8196.1157 776299.147230  x:  0.48556   3.15566   0.09231  
  5  1.4052 775963.760315  x:  0.54640   3.72719   0.08688  
  6  0.2213 775930.091634  x:  0.53357   3.95490   0.08709  
  7  0.1185 775926.835121  x:  0.53480   3.99794   0.08907  
  8  0.0348 775926.816898  x:  0.53505   4.00473   0.08899  
  9  0.0051 775926.816856  x:  0.53507   4.00460   0.08899  
 10  0.0001 775926.816856  x:  0.53507   4.00460   0.08899  

3 (Bom_hor) ... 1 (Apis_mel)
  0  0.0000 779921.083302  x:  0.45236   3.37450   0.16634  
  1 99.0000 777868.846089  x:  0.46719   3.37580   0.09079  
  2 40844.3895 777468.684480  x:  0.54060   3.37834   0.08375  
  3 12702.6252 777313.477253  x:  0.54708   4.05172   0.08803  
  4 507.6964 777312.153188  x:  0.54784   4.06206   0.08667  
  5  0.0237 777312.020195  x:  0.54935   4.06518   0.08656  
  6  0.0027 777312.020138  x:  0.54934   4.06528   0.08657  
  7  0.0001 777312.020137  x:  0.54934   4.06534   0.08657  

3 (Bom_hor) ... 2 (Bom_con)
  0  0.0000 666111.477440  x:  0.10101   3.49428   0.09875  
  1 99.0000 665940.454085  x:  0.11774   3.49450   0.10232  
  2 21120.6795 665927.829932  x:  0.11688   3.49556   0.11226  
  3 2681.3351 665731.533033  x:  0.11671   5.17715   0.12131  
  4 298.2065 665731.296981  x:  0.11694   5.17593   0.11988  
  5  0.0015 665731.295771  x:  0.11691   5.17860   0.11983  
  6  0.0019 665731.295684  x:  0.11692   5.17977   0.11985  
  7  0.0007 665731.295683  x:  0.11692   5.17980   0.11985  
  8  0.0000 665731.295683  x:  0.11692   5.17980   0.11985  
  9  0.0000 665731.295683  x:  0.11692   5.17980   0.11985  
 10  0.0000 665731.295683  x:  0.11692   5.17980   0.11985  
check convergence!


4 (Bom_hyp) ... 1 (Apis_mel)
  0  0.0000 779275.920452  x:  0.46318   4.25657   0.21385  
  1 99.0000 775395.471871  x:  0.46869   4.25681   0.09330  
  2 44660.2496 775052.829958  x:  0.53316   4.25556   0.08015  
  3 11602.7009 775045.015859  x:  0.53104   4.08060   0.07943  
  4 83.3016 774999.476664  x:  0.53741   4.00088   0.08595  
  5  0.3006 774999.214396  x:  0.53903   4.02390   0.08573  
  6  0.0220 774999.205944  x:  0.53921   4.02006   0.08566  
  7  0.0036 774999.205939  x:  0.53921   4.02007   0.08566  

4 (Bom_hyp) ... 2 (Bom_con)
  0  0.0000 663589.998395  x:  0.08616   3.35015   0.20195  
  1 99.0000 663178.281226  x:  0.11073   3.35046   0.19540  
  2 35714.3147 662659.801694  x:  0.11130   3.35435   0.10948  
  3 10147.2855 662450.615287  x:  0.11101   4.97789   0.12805  
  4 320.0670 662438.737198  x:  0.11090   5.04826   0.11746  
  5  0.1125 662438.371818  x:  0.11051   5.12890   0.11791  
  6  0.0428 662438.360818  x:  0.11064   5.13422   0.11798  
  7  0.0037 662438.360736  x:  0.11064   5.13512   0.11796  
  8  0.0009 662438.360736  x:  0.11064   5.13516   0.11796  

4 (Bom_hyp) ... 3 (Bom_hor)
  0  0.0000 639078.922444  x:  0.06577   4.32933   0.13781  
  1 99.0000 639070.439624  x:  0.06302   4.32941   0.13541  
  2 4561.4231 639029.123031  x:  0.06416   4.33045   0.10853  
  3 4690.8929 638970.417284  x:  0.06412   5.83434   0.11694  
  4 93.9946 638970.023816  x:  0.06432   5.83456   0.11454  
  5  0.0027 638970.023006  x:  0.06435   5.83606   0.11456  
  6  0.0015 638970.022988  x:  0.06435   5.83704   0.11456  
  7  0.0006 638970.022988  x:  0.06435   5.83704   0.11456  

5 (Bom_mus) ... 1 (Apis_mel)
  0  0.0000 780936.539602  x:  0.41190   4.70136   0.21229  
  1 99.0000 776947.307063  x:  0.46201   4.70073   0.09232  
  2 43753.7674 776398.034264  x:  0.54082   4.69859   0.09629  
  3 16727.7904 776272.155576  x:  0.53741   3.98765   0.09283  
  4 324.9159 776248.356141  x:  0.54397   4.03395   0.08668  
  5  0.1282 776248.282872  x:  0.54483   4.02663   0.08663  
  6  0.0066 776248.280693  x:  0.54493   4.02908   0.08664  
  7  0.0028 776248.280691  x:  0.54493   4.02909   0.08664  
  8  0.0000 776248.280691  x:  0.54493   4.02909   0.08664  
  9  0.0000 776248.280691  x:  0.54493   4.02909   0.08664  

5 (Bom_mus) ... 2 (Bom_con)
  0  0.0000 666790.812492  x:  0.09520   3.58576   0.19337  
  1 99.0000 666446.586109  x:  0.11884   3.58605   0.18606  
  2 30340.3179 666031.589328  x:  0.11919   3.58891   0.11255  
  3 10014.2456 665871.952660  x:  0.11898   5.04699   0.12683  
  4 264.7371 665865.673552  x:  0.11871   5.09144   0.11936  
  5  0.0685 665865.511535  x:  0.11828   5.12857   0.11968  
  6  0.0252 665865.505811  x:  0.11835   5.13697   0.11971  
  7  0.0053 665865.505809  x:  0.11835   5.13708   0.11971  
  8  0.0001 665865.505809  x:  0.11835   5.13709   0.11971  

5 (Bom_mus) ... 3 (Bom_hor)
  0  0.0000 642013.157035  x:  0.06209   4.31339   0.18665  
  1 99.0000 641972.177569  x:  0.06834   4.31344   0.18449  
  2 12826.4348 641825.587342  x:  0.06843   4.31470   0.12545  
  3 4713.7890 641806.110077  x:  0.06836   5.06617   0.13123  
  4 57.1978 641805.774746  x:  0.06826   5.07379   0.12889  
  5  0.0119 641805.768767  x:  0.06818   5.07554   0.12894  
  6  0.0016 641805.768764  x:  0.06818   5.07586   0.12895  
  7  0.0003 641805.768764  x:  0.06818   5.07590   0.12895  

5 (Bom_mus) ... 4 (Bom_hyp)
  0  0.0000 641586.955682  x:  0.06965   4.37332   0.22382  
  1 99.0000 641548.399870  x:  0.06377   4.37347   0.21583  
  2 7540.6929 641158.124327  x:  0.06569   4.37537   0.11533  
  3 16195.9734 641135.429711  x:  0.06582   5.19625   0.12248  
  4 60.9746 641128.726302  x:  0.06800   5.22217   0.11676  
  5  0.0313 641128.221370  x:  0.06837   5.20717   0.11902  
  6  0.0262 641128.220751  x:  0.06839   5.20610   0.11895  
  7  0.0010 641128.220746  x:  0.06839   5.20566   0.11895  
  8  0.0003 641128.220746  x:  0.06839   5.20567   0.11895  
  9  0.0001 641128.220746  x:  0.06839   5.20567   0.11895  
check convergence!


6 (Bom_pas) ... 1 (Apis_mel)
  0  0.0000 781381.208713  x:  0.48689   4.28967   0.23037  
  1 99.0000 776797.347613  x:  0.47922   4.29006   0.09516  
  2 46036.9140 776539.211131  x:  0.52989   4.28896   0.08092  
  3 10410.6650 776530.771844  x:  0.52739   4.10435   0.08025  
  4 83.2707 776451.150920  x:  0.54197   4.00791   0.08780  
  5  0.3455 776450.149634  x:  0.54519   4.04439   0.08708  
  6  0.0333 776450.121767  x:  0.54537   4.03646   0.08695  
  7  0.0082 776450.121754  x:  0.54536   4.03643   0.08695  
  8  0.0000 776450.121754  x:  0.54536   4.03643   0.08695  

6 (Bom_pas) ... 2 (Bom_con)
  0  0.0000 666367.352358  x:  0.12349   3.55599   0.10812  
  1 99.0000 666355.691382  x:  0.11876   3.55627   0.10927  
  2 4704.3423 666353.404112  x:  0.11886   3.55742   0.11357  
  3 1103.7142 666175.870273  x:  0.11892   5.14959   0.12209  
  4 298.2428 666175.626792  x:  0.11894   5.14932   0.12059  
  5  0.0013 666175.626140  x:  0.11894   5.15245   0.12056  
  6  0.0019 666175.626096  x:  0.11894   5.15300   0.12057  
  7  0.0005 666175.626096  x:  0.11894   5.15298   0.12057  

6 (Bom_pas) ... 3 (Bom_hor)
  0  0.0000 642466.842959  x:  0.06136   4.18541   0.22715  
  1 99.0000 642410.077133  x:  0.06868   4.18548   0.22447  
  2 15161.1414 642086.361382  x:  0.06894   4.18791   0.12770  
  3 5972.5040 642051.582131  x:  0.06884   5.17327   0.13740  
  4 80.1897 642050.162229  x:  0.06871   5.20239   0.13243  
  5  0.0529 642050.133316  x:  0.06855   5.21158   0.13259  
  6  0.0081 642050.133146  x:  0.06855   5.21404   0.13260  

6 (Bom_pas) ... 4 (Bom_hyp)
  0  0.0000 641874.854094  x:  0.07115   4.31802   0.16846  
  1 99.0000 641858.491339  x:  0.06718   4.31811   0.16505  
  2 6119.4498 641761.456842  x:  0.06864   4.31931   0.12073  
  3 6300.7672 641725.247277  x:  0.06866   5.38306   0.12798  
  4 77.9187 641724.597767  x:  0.06910   5.38847   0.12514  
  5  0.0075 641724.585470  x:  0.06920   5.38991   0.12537  
  6  0.0016 641724.585445  x:  0.06920   5.39077   0.12536  
  7  0.0006 641724.585443  x:  0.06920   5.39094   0.12536  
  8  0.0001 641724.585443  x:  0.06920   5.39093   0.12536  
  9  0.0001 641724.585443  x:  0.06920   5.39093   0.12536  
check convergence!


6 (Bom_pas) ... 5 (Bom_mus)
  0  0.0000 612226.188191  x:  0.01902   4.47358   0.16939  
  1 99.0000 612202.584824  x:  0.02160   4.47358   0.16922  
  2 19151.2160 612167.194837  x:  0.02165   4.47505   0.12107  
  3 1280.7585 612148.667064  x:  0.02159   5.93737   0.13102  
  4 30.0857 612148.350188  x:  0.02160   5.95293   0.12693  
  5  0.0214 612148.348875  x:  0.02160   5.96780   0.12695  
  6  0.0093 612148.348864  x:  0.02160   5.96750   0.12696  
  7  0.0008 612148.348861  x:  0.02160   5.96720   0.12696  
  8  0.0011 612148.348861  x:  0.02160   5.96720   0.12696  
check convergence!


7 (Bom_syl) ... 1 (Apis_mel)
  0  0.0000 782629.867540  x:  0.44684   4.73063   0.24167  
  1 99.0000 777887.595174  x:  0.46924   4.73016   0.09697  
  2 43345.4456 777399.451973  x:  0.55282   4.72750   0.08519  
  3 13686.2236 777303.242518  x:  0.54623   4.08384   0.08212  
  4 277.1562 777271.956307  x:  0.54700   3.99661   0.08820  
  5  0.3998 777271.581062  x:  0.54629   4.02923   0.08842  
  6  0.0382 777271.563254  x:  0.54577   4.02554   0.08846  
  7  0.0034 777271.563217  x:  0.54577   4.02547   0.08847  

7 (Bom_syl) ... 2 (Bom_con)
  0  0.0000 669125.500739  x:  0.10452   3.57633   0.06930  
  1 99.0000 668562.093354  x:  0.13062   3.57655   0.09525  
  2 33605.1410 668457.384782  x:  0.12003   3.57711   0.11500  
  3 10478.0173 668285.186292  x:  0.11933   5.12699   0.12092  
  4 275.4207 668275.886779  x:  0.12289   5.14235   0.12539  
  5  0.0112 668275.267464  x:  0.12227   5.14516   0.12760  
  6  0.0026 668275.266869  x:  0.12230   5.14374   0.12758  
  7  0.0012 668275.266825  x:  0.12229   5.14287   0.12758  
  8  0.0005 668275.266825  x:  0.12229   5.14286   0.12758  

7 (Bom_syl) ... 3 (Bom_hor)
  0  0.0000 642791.090169  x:  0.07106   4.20286   0.22940  
  1 99.0000 642756.788352  x:  0.06542   4.20304   0.22264  
  2 7571.3845 642387.529532  x:  0.06725   4.20579   0.12231  
  3 13349.0175 642331.194201  x:  0.06740   5.50452   0.13483  
  4 101.7590 642325.188195  x:  0.06889   5.55153   0.12665  
  5  0.0681 642324.634682  x:  0.06948   5.55134   0.12845  
  6  0.0024 642324.632656  x:  0.06951   5.55578   0.12832  
  7  0.0041 642324.632564  x:  0.06950   5.55757   0.12834  
  8  0.0012 642324.632563  x:  0.06950   5.55755   0.12835  
  9  0.0000 642324.632563  x:  0.06950   5.55755   0.12835  
 10  0.0000 642324.632563  x:  0.06950   5.55757   0.12835  

7 (Bom_syl) ... 4 (Bom_hyp)
  0  0.0000 642006.790307  x:  0.07310   4.47337   0.16603  
  1 99.0000 641983.622772  x:  0.06825   4.47345   0.16327  
  2 8113.5034 641888.993756  x:  0.06942   4.47469   0.11986  
  3 4903.2261 641841.958001  x:  0.06941   5.75885   0.12805  
  4 85.0026 641841.252221  x:  0.06970   5.77142   0.12481  
  5  0.0166 641841.245148  x:  0.06978   5.77850   0.12492  
  6  0.0068 641841.244841  x:  0.06977   5.78205   0.12492  
  7  0.0025 641841.244840  x:  0.06977   5.78206   0.12493  

7 (Bom_syl) ... 5 (Bom_mus)
  0  0.0000 641777.932030  x:  0.07149   4.71618   0.22348  
  1 99.0000 641746.135477  x:  0.06589   4.71622   0.22067  
  2 9867.8354 641535.111488  x:  0.06700   4.71742   0.14008  
  3 5307.3206 641528.685754  x:  0.06701   5.17560   0.14375  
  4 29.6561 641528.264029  x:  0.06750   5.18258   0.14172  
  5  0.0093 641528.238297  x:  0.06760   5.18068   0.14224  
  6  0.0028 641528.238292  x:  0.06760   5.18069   0.14223  
  7  0.0000 641528.238292  x:  0.06760   5.18069   0.14223  
check convergence!


7 (Bom_syl) ... 6 (Bom_pas)
  0  0.0000 641934.065219  x:  0.06773   4.18179   0.15218  
  1 99.0000 641932.784843  x:  0.06882   4.18198   0.15019  
  2 1130.2396 641928.196842  x:  0.06820   4.18289   0.14095  
  3 3331.2543 641885.931394  x:  0.06806   5.30686   0.14842  
  4 87.9544 641885.824640  x:  0.06806   5.30175   0.14689  
  5  0.0053 641885.824611  x:  0.06806   5.30124   0.14687  
  6  0.0005 641885.824611  x:  0.06806   5.30124   0.14687  
  7  0.0001 641885.824611  x:  0.06806   5.30124   0.14687  
  8  0.2850 641885.824611  x:  0.06806   5.30124   0.14687  
check convergence!


8 (Bom_vet) ... 1 (Apis_mel)
  0  0.0000 780524.691323  x:  0.45391   4.42847   0.20983  
  1 99.0000 776928.735318  x:  0.46963   4.42838   0.09439  
  2 43399.2884 776484.716945  x:  0.54835   4.42650   0.08285  
  3 13024.2423 776455.275638  x:  0.54494   4.10820   0.08145  
  4 163.3597 776431.288377  x:  0.54628   4.03868   0.08659  
  5  0.2630 776431.277814  x:  0.54594   4.03407   0.08659  
  6  0.0046 776431.277414  x:  0.54589   4.03484   0.08661  
  7  0.0007 776431.277414  x:  0.54589   4.03483   0.08661  

8 (Bom_vet) ... 2 (Bom_con)
  0  0.0000 666292.386609  x:  0.09546   3.36954   0.10287  
  1 99.0000 665964.837736  x:  0.11836   3.36979   0.10514  
  2 30808.3116 665960.455630  x:  0.11807   3.37109   0.11074  
  3 1500.6838 665712.387381  x:  0.11792   5.22601   0.12108  
  4 366.3876 665712.031114  x:  0.11807   5.22508   0.11929  
  5  0.0016 665712.029884  x:  0.11806   5.22896   0.11923  
  6  0.0024 665712.029748  x:  0.11806   5.23013   0.11926  
  7  0.0009 665712.029747  x:  0.11806   5.23016   0.11926  
  8  0.0000 665712.029747  x:  0.11806   5.23014   0.11926  
  9  0.0000 665712.029746  x:  0.11806   5.23014   0.11926  
 10  0.0000 665712.029746  x:  0.11806   5.23014   0.11926  
check convergence!


8 (Bom_vet) ... 3 (Bom_hor)
  0  0.0000 641564.619170  x:  0.06456   4.30353   0.17690  
  1 99.0000 641549.774269  x:  0.06841   4.30360   0.17398  
  2 6299.6970 641443.348750  x:  0.06800   4.30482   0.12501  
  3 5878.0113 641416.716347  x:  0.06788   5.20377   0.13159  
  4 66.4279 641416.197782  x:  0.06753   5.21089   0.12899  
  5  0.0095 641416.181752  x:  0.06742   5.21229   0.12928  
  6  0.0015 641416.181741  x:  0.06742   5.21287   0.12927  
  7  0.0004 641416.181740  x:  0.06742   5.21290   0.12928  
  8  0.0000 641416.181740  x:  0.06742   5.21290   0.12928  
check convergence!


8 (Bom_vet) ... 4 (Bom_hyp)
  0  0.0000 641358.972355  x:  0.06874   4.45130   0.14549  
  1 99.0000 641341.122765  x:  0.06542   4.45161   0.13445  
  2 3005.3876 641314.195514  x:  0.06805   4.45217   0.11582  
  3 15598.1180 641285.561513  x:  0.06813   5.42726   0.12126  
  4 66.0934 641285.333718  x:  0.06860   5.42503   0.12079  
  5  0.0023 641285.333681  x:  0.06860   5.42497   0.12076  
  6  0.0001 641285.333680  x:  0.06860   5.42491   0.12076  
  7  0.0000 641285.333680  x:  0.06860   5.42491   0.12076  
check convergence!


8 (Bom_vet) ... 5 (Bom_mus)
  0  0.0000 611169.719782  x:  0.02097   4.39553   0.14226  
  1 99.0000 611168.020213  x:  0.02027   4.39553   0.14210  
  2 4644.0442 611148.664581  x:  0.02036   4.39655   0.10950  
  3 1115.2911 611133.499239  x:  0.02029   5.72704   0.11730  
  4 26.8125 611133.313170  x:  0.02031   5.73462   0.11432  
  5  0.0101 611133.312730  x:  0.02031   5.74241   0.11430  
  6  0.0052 611133.312719  x:  0.02031   5.74291   0.11432  

8 (Bom_vet) ... 6 (Bom_pas)
  0  0.0000 612423.781270  x:  0.02336   4.62073   0.14090  
  1 99.0000 612417.127860  x:  0.02190   4.62074   0.14079  
  2 8859.7652 612410.707754  x:  0.02195   4.62172   0.12220  
  3 643.4488 612390.369363  x:  0.02186   6.24141   0.13095  
  4 30.3036 612390.220350  x:  0.02187   6.24354   0.12811  
  5  0.0038 612390.220106  x:  0.02187   6.24989   0.12810  
  6  0.0029 612390.220094  x:  0.02187   6.25054   0.12810  
  7  0.0102 612390.220091  x:  0.02187   6.25039   0.12811  
  8  0.0002 612390.220089  x:  0.02187   6.25040   0.12811  

8 (Bom_vet) ... 7 (Bom_syl)
  0  0.0000 641113.847974  x:  0.06235   4.87551   0.13381  
  1 99.0000 641092.318678  x:  0.06686   4.87552   0.13418  
  2 9751.3561 641090.276726  x:  0.06677   4.87577   0.14062  
  3 656.0279 641083.413520  x:  0.06674   5.37925   0.14292  
  4 29.0367 641083.412906  x:  0.06674   5.37791   0.14280  
  5  0.0012 641083.412905  x:  0.06674   5.37788   0.14280  
  6  0.0001 641083.412905  x:  0.06674   5.37788   0.14280  