

2 (And_ful) ... 1 (And_bic)
  0  0.0000 1088791.664990  x:  0.16798   1.47428   0.43146  
  1 99.0000 1086664.434748  x:  0.11878   1.48783   0.35777  
  2 42269.9298 1075251.643536  x:  0.11006   1.54274   0.04936  
  3 130278.1418 1074221.653178  x:  0.11419   2.22720   0.09604  
  4 3917.5245 1071852.669508  x:  0.13431   2.85944   0.04324  
  5  1.9597 1071310.010236  x:  0.15425   3.03913   0.06282  
  6  0.2030 1071181.475317  x:  0.16307   3.31125   0.05307  
  7  0.2138 1071154.213362  x:  0.15982   3.60849   0.05593  
  8  0.0838 1071153.557956  x:  0.16052   3.63225   0.05529  
  9  0.0215 1071153.549818  x:  0.16055   3.63650   0.05538  
 10  0.0035 1071153.549816  x:  0.16055   3.63648   0.05538  
 11  0.0000 1071153.549816  x:  0.16055   3.63647   0.05538  
 12  0.0000 1071153.549816  x:  0.16055   3.63647   0.05538  
 13  0.0000 1071153.549816  x:  0.16055   3.63647   0.05538  
check convergence!


3 (And_hae) ... 1 (And_bic)
  0  0.0000 1071020.426153  x:  0.14832   3.13422   0.17947  
  1 99.0000 1067754.423854  x:  0.14156   3.13644   0.05673  
  2 35103.6167 1067681.903477  x:  0.15131   3.13665   0.05196  
  3 16105.0900 1067638.723822  x:  0.15261   3.53150   0.05643  
  4 232.6855 1067638.714479  x:  0.15271   3.52877   0.05644  
  5  0.0036 1067638.711997  x:  0.15273   3.52921   0.05638  
  6  0.0009 1067638.711994  x:  0.15273   3.52908   0.05638  
  7  0.0001 1067638.711994  x:  0.15273   3.52908   0.05638  
  8  0.0000 1067638.711994  x:  0.15273   3.52908   0.05638  
check convergence!


3 (And_hae) ... 2 (And_ful)
  0  0.0000 1064476.492013  x:  0.14557   3.35069   0.12266  
  1 99.0000 1063309.200696  x:  0.13724   3.35173   0.06028  
  2 28918.7761 1063259.813550  x:  0.14495   3.35196   0.05576  
  3 13176.1763 1063180.666593  x:  0.14599   4.00436   0.06039  
  4 268.1090 1063180.630165  x:  0.14606   4.00546   0.06014  
  5  0.0015 1063180.624962  x:  0.14614   4.00434   0.06015  
  6  0.0016 1063180.624958  x:  0.14614   4.00418   0.06015  
  7  0.0001 1063180.624958  x:  0.14614   4.00418   0.06015  
  8  0.0000 1063180.624958  x:  0.14614   4.00418   0.06015  
  9  0.0000 1063180.624958  x:  0.14614   4.00418   0.06015  
 10  0.0545 1063180.624958  x:  0.14614   4.00418   0.06015  
check convergence!


4 (And_hat) ... 1 (And_bic)
  0  0.0000 1047799.038601  x:  0.10018   3.60835   0.06744  
  1 99.0000 1047488.161945  x:  0.11854   3.60835   0.06494  
  2 35843.5894 1047475.728430  x:  0.11846   3.60835   0.05949  
  3 4378.7427 1047475.231750  x:  0.11846   3.55237   0.05928  
  4 17.5151 1047475.214513  x:  0.11835   3.55218   0.05917  
  5  0.0002 1047475.214210  x:  0.11833   3.55217   0.05919  
  6  0.0000 1047475.214210  x:  0.11833   3.55217   0.05919  
check convergence!


4 (And_hat) ... 2 (And_ful)
  0  0.0000 1066277.334297  x:  0.12532   3.25572   0.06279  
  1 99.0000 1065786.944238  x:  0.15161   3.25596   0.05897  
  2 39712.6124 1065779.423966  x:  0.15146   3.25627   0.05540  
  3 4120.5267 1065660.103029  x:  0.15148   4.05970   0.05849  
  4 339.7698 1065659.905326  x:  0.15153   4.06028   0.05790  
  5  0.0008 1065659.904942  x:  0.15154   4.06133   0.05789  
  6  0.0008 1065659.904937  x:  0.15154   4.06144   0.05790  
  7  0.0001 1065659.904937  x:  0.15154   4.06146   0.05790  

4 (And_hat) ... 3 (And_hae)
  0  0.0000 1064471.063376  x:  0.13677   3.49565   0.13908  
  1 99.0000 1062786.183339  x:  0.15420   3.49680   0.05930  
  2 30864.9048 1062735.306754  x:  0.14689   3.49698   0.05444  
  3 12909.4884 1062685.529238  x:  0.14567   4.02679   0.05828  
  4 203.0166 1062685.308971  x:  0.14525   4.01655   0.05870  
  5  0.0227 1062685.303792  x:  0.14520   4.01433   0.05863  
  6  0.0022 1062685.303736  x:  0.14520   4.01378   0.05863  
  7  0.0005 1062685.303736  x:  0.14520   4.01378   0.05863  

5 (And_mar) ... 1 (And_bic)
  0  0.0000 1030554.432414  x:  0.09625   3.47736   0.17759  
  1 99.0000 1030194.520359  x:  0.07983   3.47746   0.15958  
  2 27776.6998 1028725.647665  x:  0.08206   3.47796   0.05806  
  3 42242.5678 1028708.502359  x:  0.08192   3.15142   0.05484  
  4 98.0322 1028639.514501  x:  0.08856   3.00904   0.06024  
  5  0.1751 1028631.581035  x:  0.08975   3.08468   0.05659  
  6  0.2096 1028631.579303  x:  0.08975   3.08360   0.05652  
  7  0.0013 1028631.579285  x:  0.08975   3.08387   0.05652  
  8  0.0003 1028631.579285  x:  0.08975   3.08387   0.05652  
  9  0.0000 1028631.579285  x:  0.08975   3.08386   0.05652  

5 (And_mar) ... 2 (And_ful)
  0  0.0000 1070237.556105  x:  0.15650   2.82438   0.08711  
  1 99.0000 1069774.910218  x:  0.15250   2.82521   0.05535  
  2 24520.9614 1069766.383820  x:  0.15614   2.82562   0.05420  
  3 4654.8002 1069609.039359  x:  0.15664   3.59219   0.05938  
  4 473.8932 1069606.770510  x:  0.15626   3.60387   0.05752  
  5  0.0172 1069606.751239  x:  0.15640   3.60976   0.05750  
  6  0.0049 1069606.750570  x:  0.15638   3.61120   0.05751  
  7  0.0011 1069606.750570  x:  0.15638   3.61121   0.05751  
  8  0.0000 1069606.750570  x:  0.15638   3.61121   0.05751  
check convergence!


5 (And_mar) ... 3 (And_hae)
  0  0.0000 1068850.297249  x:  0.15607   3.31666   0.17003  
  1 99.0000 1067159.927348  x:  0.11989   3.31759   0.09798  
  2 36725.3791 1066387.724838  x:  0.12792   3.31810   0.05513  
  3 79675.2922 1066358.246002  x:  0.12895   3.70099   0.05778  
  4 159.1690 1066084.519496  x:  0.14700   3.41415   0.06232  
  5  0.3485 1066077.388636  x:  0.14809   3.46519   0.05910  
  6  0.0751 1066077.365677  x:  0.14827   3.46253   0.05909  
  7  0.0024 1066077.365602  x:  0.14828   3.46296   0.05910  
  8  0.0004 1066077.365602  x:  0.14828   3.46297   0.05910  
  9  0.0000 1066077.365602  x:  0.14828   3.46297   0.05910  
 10  0.0000 1066077.365602  x:  0.14828   3.46297   0.05910  
check convergence!


5 (And_mar) ... 4 (And_hat)
  0  0.0000 1044808.823925  x:  0.09040   3.24360   0.09200  
  1 99.0000 1044295.208800  x:  0.11284   3.24368   0.08546  
  2 47658.4023 1044133.128326  x:  0.11236   3.24394   0.06231  
  3 13301.9852 1044126.498650  x:  0.11232   3.43774   0.06343  
  4 70.9706 1044125.996673  x:  0.11165   3.43818   0.06295  
  5  0.0008 1044125.978273  x:  0.11158   3.43758   0.06315  
  6  0.0008 1044125.978272  x:  0.11158   3.43754   0.06315  

6 (And_tri) ... 1 (And_bic)
  0  0.0000 1045142.696519  x:  0.11029   3.25727   0.11171  
  1 99.0000 1044325.871763  x:  0.11408   3.25742   0.05499  
  2 22216.8652 1044324.714053  x:  0.11295   3.25736   0.05482  
  3 2012.0330 1044310.345464  x:  0.11309   3.00159   0.05292  
  4 106.4994 1044309.803625  x:  0.11295   2.99070   0.05392  
  5  0.0258 1044309.803421  x:  0.11295   2.99079   0.05390  
  6  0.0001 1044309.803420  x:  0.11295   2.99080   0.05390  
  7  0.0000 1044309.803420  x:  0.11295   2.99079   0.05390  

6 (And_tri) ... 2 (And_ful)
  0  0.0000 1067448.912925  x:  0.12414   2.76653   0.13436  
  1 99.0000 1066045.312105  x:  0.17063   2.76768   0.08842  
  2 47191.8046 1065328.159931  x:  0.16697   2.76861   0.05034  
  3 49636.6064 1065141.847465  x:  0.16515   3.62295   0.05686  
  4 506.5303 1064988.826230  x:  0.14968   3.59188   0.05307  
  5  0.0329 1064985.834647  x:  0.14897   3.56086   0.05513  
  6  0.0454 1064985.703325  x:  0.14912   3.53823   0.05490  
  7  0.0166 1064985.702449  x:  0.14908   3.53729   0.05489  
  8  0.0010 1064985.702447  x:  0.14908   3.53725   0.05490  
  9  0.0000 1064985.702447  x:  0.14908   3.53725   0.05490  

6 (And_tri) ... 3 (And_hae)
  0  0.0000 1064601.211761  x:  0.14630   3.24659   0.13821  
  1 99.0000 1063021.870929  x:  0.12598   3.24750   0.06396  
  2 32634.6200 1062827.278108  x:  0.13591   3.24770   0.04946  
  3 36317.1643 1062800.367373  x:  0.13698   3.60463   0.05180  
  4 158.3139 1062750.118692  x:  0.14317   3.46202   0.05685  
  5  0.2598 1062749.116933  x:  0.14397   3.47233   0.05582  
  6  0.0095 1062749.114203  x:  0.14396   3.46889   0.05579  
  7  0.0032 1062749.114199  x:  0.14396   3.46892   0.05579  
  8  0.0000 1062749.114199  x:  0.14396   3.46892   0.05579  

6 (And_tri) ... 4 (And_hat)
  0  0.0000 1043515.566391  x:  0.09459   3.18974   0.10970  
  1 99.0000 1043108.754683  x:  0.11516   3.18989   0.09703  
  2 36140.9897 1042699.164535  x:  0.11371   3.19034   0.05878  
  3 23448.4549 1042689.197707  x:  0.11358   3.43227   0.06042  
  4 88.1900 1042679.366983  x:  0.11029   3.42227   0.05987  
  5  0.0093 1042679.316255  x:  0.11025   3.41964   0.06022  
  6  0.0045 1042679.316183  x:  0.11024   3.41907   0.06021  
  7  0.0005 1042679.316183  x:  0.11024   3.41905   0.06021  
  8  0.0000 1042679.316183  x:  0.11024   3.41905   0.06021  

6 (And_tri) ... 5 (And_mar)
  0  0.0000 1041869.132108  x:  0.10134   2.94744   0.07987  
  1 99.0000 1041747.742718  x:  0.11154   2.94747   0.06834  
  2 15984.7163 1041696.357781  x:  0.10935   2.94747   0.05973  
  3 13169.2910 1041694.307621  x:  0.10940   2.85574   0.05921  
  4 43.4210 1041689.424444  x:  0.10746   2.85528   0.05754  
  5  0.0028 1041689.401659  x:  0.10736   2.85514   0.05773  
  6  0.0003 1041689.401652  x:  0.10736   2.85513   0.05773  

7 (Bom_pas) ... 1 (And_bic)
  0  0.0000 1315414.629809  x:  1.18688   2.88492   0.15090  
  1 99.0000 1298282.484752  x:  1.17080   2.88700   0.04851  
  2 208169.2969 1298155.934911  x:  1.12090   2.90896   0.05549  
  3 4877.0192 1297507.954174  x:  1.20434   3.87401   0.05464  
  4 1735.6661 1297278.459701  x:  1.11460   3.88614   0.05395  
  5  0.1205 1297277.311824  x:  1.12049   3.91104   0.05340  
  6  0.0231 1297277.237140  x:  1.11986   3.92036   0.05346  
  7  0.0074 1297277.235480  x:  1.12007   3.92104   0.05346  
  8  0.0007 1297277.235480  x:  1.12007   3.92106   0.05346  
  9  0.0000 1297277.235480  x:  1.12007   3.92106   0.05346  
check convergence!


7 (Bom_pas) ... 2 (And_ful)
  0  0.0000 1316411.970605  x:  1.24432   3.39106   0.13835  
  1 99.0000 1301583.968570  x:  1.23227   3.39229   0.04833  
  2 212834.8310 1301499.636741  x:  1.18503   3.40926   0.05402  
  3 3596.4221 1301170.436730  x:  1.24673   4.19059   0.05291  
  4 1007.3418 1301064.235776  x:  1.18275   4.17227   0.05232  
  5  0.0919 1301063.917269  x:  1.18494   4.17947   0.05200  
  6  0.0076 1301063.913661  x:  1.18480   4.18164   0.05200  
  7  0.0018 1301063.913553  x:  1.18487   4.18194   0.05201  

7 (Bom_pas) ... 3 (And_hae)
  0  0.0000 1309438.486260  x:  1.17342   3.46508   0.13221  
  1 99.0000 1297594.157483  x:  1.16275   3.46603   0.05087  
  2 195474.2005 1297527.331552  x:  1.11988   3.47897   0.05592  
  3 3109.9974 1297351.687753  x:  1.16046   4.04020   0.05520  
  4 709.7707 1297291.064965  x:  1.11890   4.03192   0.05425  
  5  0.0659 1297290.904188  x:  1.12096   4.03648   0.05401  
  6  0.0052 1297290.903377  x:  1.12091   4.03751   0.05401  
  7  0.0009 1297290.903366  x:  1.12093   4.03759   0.05401  
  8  0.0001 1297290.903366  x:  1.12093   4.03759   0.05401  

7 (Bom_pas) ... 4 (And_hat)
  0  0.0000 1298172.232482  x:  1.05555   3.63336   0.04127  
  1 99.0000 1297239.438453  x:  1.05624   3.63337   0.05580  
  2 147093.1832 1297193.585479  x:  1.10226   3.64191   0.05427  
  3 2046.0662 1297097.448659  x:  1.12447   4.06841   0.05435  
  4 504.9169 1297095.052933  x:  1.12829   4.07011   0.05346  
  5  0.0032 1297095.049125  x:  1.12834   4.07177   0.05344  
  6  0.0015 1297095.049090  x:  1.12832   4.07193   0.05344  
  7  0.0002 1297095.049090  x:  1.12832   4.07193   0.05344  
  8  0.0000 1297095.049090  x:  1.12832   4.07193   0.05344  

7 (Bom_pas) ... 5 (And_mar)
  0  0.0000 1307227.935850  x:  1.12585   3.66897   0.13173  
  1 99.0000 1296715.148124  x:  1.11622   3.66961   0.05319  
  2 183281.3624 1296706.675271  x:  1.10173   3.67392   0.05491  
  3 1125.7028 1296680.080997  x:  1.11618   3.89669   0.05464  
  4 261.1683 1296673.990836  x:  1.10354   3.89057   0.05429  
  5  0.0232 1296673.989689  x:  1.10363   3.88990   0.05427  
  6  0.0007 1296673.989687  x:  1.10362   3.88984   0.05427  

7 (Bom_pas) ... 6 (And_tri)
  0  0.0000 1305350.582015  x:  1.18323   3.42895   0.11290  
  1 99.0000 1296852.547965  x:  1.17590   3.42963   0.04987  
  2 191972.8357 1296728.930889  x:  1.10999   3.44580   0.05639  
  3 3699.5536 1296593.511124  x:  1.14690   3.92814   0.05571  
  4 617.1993 1296523.451910  x:  1.10763   3.92571   0.05417  
  5  0.0633 1296523.082503  x:  1.11100   3.93016   0.05382  
  6  0.0061 1296523.081983  x:  1.11098   3.93097   0.05382  
  7  0.0007 1296523.081977  x:  1.11099   3.93103   0.05382  
  8  0.0001 1296523.081977  x:  1.11099   3.93103   0.05382  