

2 (And_ful) ... 1 (And_bic)
  0  0.0000 1108095.670700  x:  0.14978   1.49886   0.48378  
  1 99.0000 1099158.078559  x:  0.33463   1.58457   0.05759  
  2 37963.3884 1098747.483424  x:  0.33489   1.58820   0.03799  
  3 244212.6276 1089223.269101  x:  0.18935   5.81689   0.09462  
  4 6087.2475 1088692.134081  x:  0.16198   5.42297   0.07664  
  5  0.2690 1088357.267690  x:  0.17016   4.63710   0.05401  
  6  0.7873 1088245.064393  x:  0.18041   4.16424   0.05894  
  7  0.2449 1088185.802042  x:  0.17592   3.64399   0.05728  
  8  0.3790 1088176.392542  x:  0.17242   3.71636   0.05945  
  9  0.0884 1088176.374285  x:  0.17240   3.70843   0.05952  
 10  0.0092 1088176.374224  x:  0.17241   3.70866   0.05952  
 11  0.0002 1088176.374224  x:  0.17241   3.70866   0.05952  

3 (And_hae) ... 1 (And_bic)
  0  0.0000 1086559.616116  x:  0.17435   3.19800   0.13383  
  1 99.0000 1085047.888144  x:  0.14524   3.19897   0.07216  
  2 37721.6800 1084806.280298  x:  0.15525   3.19932   0.05426  
  3 33112.1998 1084735.336986  x:  0.15688   3.75442   0.05777  
  4 278.5479 1084690.493843  x:  0.16422   3.65832   0.06139  
  5  0.1381 1084689.468248  x:  0.16485   3.65585   0.06015  
  6  0.0028 1084689.466628  x:  0.16485   3.65303   0.06013  
  7  0.0024 1084689.466626  x:  0.16485   3.65303   0.06014  
  8  0.0000 1084689.466625  x:  0.16485   3.65304   0.06014  

3 (And_hae) ... 2 (And_ful)
  0  0.0000 1079121.108479  x:  0.12942   3.14673   0.04712  
  1 99.0000 1078523.412759  x:  0.15404   3.14695   0.06172  
  2 44842.0168 1078522.911596  x:  0.15454   3.14744   0.06091  
  3 916.0640 1078362.480633  x:  0.15408   4.04355   0.06463  
  4 519.7972 1078362.208936  x:  0.15464   4.04457   0.06419  
  5  0.0012 1078362.208392  x:  0.15465   4.04585   0.06421  
  6  0.0009 1078362.208387  x:  0.15465   4.04599   0.06421  
  7  0.0001 1078362.208387  x:  0.15465   4.04599   0.06421  

4 (And_hat) ... 1 (And_bic)
  0  0.0000 1062456.806850  x:  0.11715   3.55672   0.14936  
  1 99.0000 1061175.218187  x:  0.13844   3.55740   0.06977  
  2 25335.4511 1061036.416686  x:  0.13004   3.55749   0.05718  
  3 29656.9144 1061034.192675  x:  0.12969   3.67816   0.05802  
  4 32.8240 1060990.073481  x:  0.12373   3.52571   0.06342  
  5  0.3660 1060990.024004  x:  0.12357   3.53525   0.06329  
  6  0.0110 1060990.023911  x:  0.12358   3.53494   0.06328  
  7  0.0003 1060990.023911  x:  0.12358   3.53494   0.06328  
  8  0.0000 1060990.023911  x:  0.12358   3.53494   0.06328  
  9  0.0000 1060990.023911  x:  0.12358   3.53494   0.06328  
check convergence!


4 (And_hat) ... 2 (And_ful)
  0  0.0000 1081560.957715  x:  0.13927   3.16882   0.05769  
  1 99.0000 1081270.448788  x:  0.16010   3.16910   0.05990  
  2 29191.5061 1081269.478904  x:  0.16030   3.16949   0.05863  
  3 1427.3896 1081116.999773  x:  0.16036   4.03939   0.06224  
  4 441.6518 1081116.786693  x:  0.16056   4.03533   0.06163  
  5  0.0038 1081116.786618  x:  0.16057   4.03488   0.06162  
  6  0.0004 1081116.786615  x:  0.16057   4.03479   0.06162  
  7  0.0001 1081116.786615  x:  0.16057   4.03479   0.06162  

4 (And_hat) ... 3 (And_hae)
  0  0.0000 1080321.300961  x:  0.13062   3.66803   0.13114  
  1 99.0000 1079241.131798  x:  0.17162   3.66848   0.09464  
  2 43108.9503 1078696.093659  x:  0.16767   3.66892   0.05830  
  3 37704.8813 1078655.965753  x:  0.16717   4.16748   0.06100  
  4 172.3129 1078576.533625  x:  0.15540   4.11353   0.06198  
  5  0.0501 1078576.511370  x:  0.15540   4.10131   0.06191  
  6  0.0104 1078576.511361  x:  0.15541   4.10124   0.06191  
  7  0.0001 1078576.511360  x:  0.15541   4.10122   0.06191  

5 (And_mar) ... 1 (And_bic)
  0  0.0000 1040612.968852  x:  0.09047   3.46755   0.07544  
  1 99.0000 1040584.102887  x:  0.09478   3.46747   0.06898  
  2 7427.9943 1040568.082222  x:  0.09296   3.46734   0.06281  
  3 8051.6785 1040546.290479  x:  0.09307   3.09672   0.06114  
  4 110.2588 1040546.010790  x:  0.09263   3.09543   0.06159  
  5  0.0016 1040546.009812  x:  0.09261   3.09601   0.06155  
  6  0.0007 1040546.009811  x:  0.09261   3.09598   0.06155  
  7  0.0001 1040546.009811  x:  0.09261   3.09594   0.06155  

5 (And_mar) ... 2 (And_ful)
  0  0.0000 1088684.831126  x:  0.15563   2.84823   0.15096  
  1 99.0000 1086301.670990  x:  0.17543   2.85060   0.05953  
  2 36804.0324 1086264.386459  x:  0.16844   2.85106   0.05600  
  3 9952.8663 1086090.606637  x:  0.16558   3.59466   0.06384  
  4 527.3056 1086083.780347  x:  0.16759   3.64078   0.06120  
  5  0.1042 1086083.642832  x:  0.16731   3.65883   0.06107  
  6  0.0147 1086083.637124  x:  0.16734   3.66219   0.06115  
  7  0.0028 1086083.637112  x:  0.16734   3.66229   0.06115  
  8  0.0001 1086083.637112  x:  0.16734   3.66229   0.06115  
  9  0.0000 1086083.637112  x:  0.16734   3.66229   0.06115  

5 (And_mar) ... 3 (And_hae)
  0  0.0000 1084630.345945  x:  0.13584   3.34010   0.15784  
  1 99.0000 1083118.697623  x:  0.18582   3.34091   0.09833  
  2 42032.3746 1082389.176421  x:  0.18097   3.34143   0.05703  
  3 54382.2957 1082355.005864  x:  0.18013   3.75590   0.05974  
  4 176.9914 1082111.355372  x:  0.15898   3.61429   0.06263  
  5  0.1394 1082111.051783  x:  0.15895   3.60310   0.06188  
  6  0.0152 1082111.034557  x:  0.15897   3.59439   0.06189  
  7  0.0096 1082111.034556  x:  0.15897   3.59434   0.06189  
  8  0.0000 1082111.034556  x:  0.15897   3.59434   0.06189  
  9  0.0000 1082111.034556  x:  0.15897   3.59434   0.06189  

5 (And_mar) ... 4 (And_hat)
  0  0.0000 1057608.454860  x:  0.09354   3.34511   0.06757  
  1 99.0000 1057091.631056  x:  0.11640   3.34512   0.06752  
  2 49264.2109 1057090.208549  x:  0.11646   3.34516   0.06557  
  3 1425.5278 1057089.634424  x:  0.11645   3.40164   0.06581  
  4 20.6199 1057089.621395  x:  0.11633   3.40131   0.06578  
  5  0.0003 1057089.621375  x:  0.11633   3.40136   0.06579  
  6  0.0001 1057089.621374  x:  0.11633   3.40137   0.06579  

6 (And_tri) ... 1 (And_bic)
  0  0.0000 1061244.847688  x:  0.09901   3.18363   0.13032  
  1 99.0000 1060554.980475  x:  0.12695   3.18372   0.11427  
  2 46973.7523 1059750.606789  x:  0.12604   3.18395   0.05890  
  3 29686.0242 1059742.253334  x:  0.12613   2.99612   0.05740  
  4 85.4187 1059720.485267  x:  0.12124   2.96833   0.06001  
  5  0.0254 1059719.267729  x:  0.12079   2.98253   0.05862  
  6  0.0285 1059719.267402  x:  0.12080   2.98208   0.05860  
  7  0.0005 1059719.267402  x:  0.12080   2.98212   0.05860  
  8  0.0000 1059719.267402  x:  0.12080   2.98212   0.05860  
  9  0.0000 1059719.267402  x:  0.12080   2.98212   0.05860  
check convergence!


6 (And_tri) ... 2 (And_ful)
  0  0.0000 1084109.160575  x:  0.14135   2.79675   0.12953  
  1 99.0000 1082504.407581  x:  0.18166   2.79832   0.06672  
  2 40311.9105 1082282.304278  x:  0.17427   2.79886   0.05005  
  3 31872.8876 1082067.069453  x:  0.17118   3.70094   0.05589  
  4 554.8461 1082008.860957  x:  0.16128   3.62226   0.05809  
  5  0.1033 1082008.461631  x:  0.16120   3.57928   0.05798  
  6  0.0316 1082008.458500  x:  0.16126   3.57798   0.05794  
  7  0.0013 1082008.458497  x:  0.16126   3.57798   0.05794  

6 (And_tri) ... 3 (And_hae)
  0  0.0000 1080308.757722  x:  0.15679   3.14623   0.09766  
  1 99.0000 1079684.098690  x:  0.15037   3.14682   0.05839  
  2 26197.6318 1079664.842097  x:  0.15559   3.14701   0.05604  
  3 7288.3740 1079621.259511  x:  0.15605   3.57567   0.05879  
  4 219.2437 1079621.218669  x:  0.15602   3.57658   0.05853  
  5  0.0015 1079621.217552  x:  0.15606   3.57610   0.05852  
  6  0.0005 1079621.217551  x:  0.15606   3.57602   0.05852  
  7  0.0001 1079621.217551  x:  0.15606   3.57604   0.05852  
  8  0.0000 1079621.217551  x:  0.15606   3.57604   0.05852  

6 (And_tri) ... 4 (And_hat)
  0  0.0000 1056501.514997  x:  0.12326   3.07535   0.05030  
  1 99.0000 1056425.541824  x:  0.11548   3.07542   0.05788  
  2 14048.6280 1056422.108269  x:  0.11677   3.07553   0.05991  
  3 3002.8017 1056401.849243  x:  0.11682   3.39625   0.06113  
  4 134.6745 1056401.747365  x:  0.11655   3.39508   0.06145  
  5  0.0011 1056401.747198  x:  0.11655   3.39485   0.06146  
  6  0.0002 1056401.747198  x:  0.11655   3.39482   0.06146  
  7  0.0000 1056401.747198  x:  0.11655   3.39482   0.06146  
check convergence!


6 (And_tri) ... 5 (And_mar)
  0  0.0000 1057755.086081  x:  0.12044   2.95941   0.15089  
  1 99.0000 1057099.376597  x:  0.09783   2.95978   0.11492  
  2 28584.0330 1056321.671724  x:  0.10336   2.96027   0.06026  
  3 59694.8126 1056315.255392  x:  0.10415   3.11879   0.06196  
  4  3.1344 1056212.205701  x:  0.11334   2.84191   0.06373  
  5  7.2081 1056209.106231  x:  0.11400   2.88073   0.06146  
  6  0.0706 1056209.081476  x:  0.11411   2.88613   0.06160  
  7  0.0055 1056209.081171  x:  0.11413   2.88543   0.06159  
  8  0.0007 1056209.081170  x:  0.11413   2.88542   0.06159  
  9  0.0000 1056209.081170  x:  0.11413   2.88542   0.06159  
check convergence!


7 (Bom_pas) ... 1 (And_bic)
  0  0.0000 1320348.282663  x:  1.37368   2.88903   0.07281  
  1 99.0000 1317165.516075  x:  1.37089   2.88959   0.04459  
  2 183579.4484 1315795.118162  x:  1.09001   2.98729   0.06101  
  3 8153.5767 1314968.769242  x:  1.20800   4.05844   0.05995  
  4 1906.8823 1314790.143718  x:  1.15875   4.14349   0.05663  
  5  0.1125 1314785.718043  x:  1.17247   4.16724   0.05544  
  6  0.0295 1314785.399750  x:  1.17406   4.19228   0.05552  
  7  0.0157 1314785.398073  x:  1.17395   4.19268   0.05551  
  8  0.0004 1314785.398072  x:  1.17395   4.19267   0.05551  

7 (Bom_pas) ... 2 (And_ful)
  0  0.0000 1341986.089856  x:  1.29763   3.67439   0.17860  
  1 99.0000 1319104.560591  x:  1.27652   3.67625   0.05071  
  2 209730.1256 1319073.174187  x:  1.25526   3.68487   0.05403  
  3 2799.3912 1318754.727148  x:  1.31312   4.50977   0.05300  
  4 947.2224 1318687.407459  x:  1.24933   4.47150   0.05354  
  5  0.0785 1318687.400728  x:  1.24970   4.47367   0.05350  
  6  0.0020 1318687.400584  x:  1.24967   4.47411   0.05350  
  7  0.0004 1318687.400582  x:  1.24968   4.47414   0.05350  

7 (Bom_pas) ... 3 (And_hae)
  0  0.0000 1317697.796110  x:  1.35118   3.67487   0.06891  
  1 99.0000 1315952.448760  x:  1.34920   3.67512   0.04774  
  2 141073.4557 1315267.971667  x:  1.14213   3.71984   0.05881  
  3 5865.0413 1315081.124999  x:  1.20125   4.32377   0.05774  
  4 679.7313 1315045.081652  x:  1.18065   4.35094   0.05602  
  5  0.0400 1315044.659377  x:  1.18495   4.35324   0.05566  
  6  0.0056 1315044.657806  x:  1.18512   4.35508   0.05566  
  7  0.0014 1315044.657800  x:  1.18511   4.35512   0.05566  

7 (Bom_pas) ... 4 (And_hat)
  0  0.0000 1334309.812863  x:  1.22179   3.86642   0.17415  
  1 99.0000 1314779.170112  x:  1.20231   3.86781   0.05346  
  2 195832.8552 1314766.009217  x:  1.18787   3.87335   0.05571  
  3 1746.2056 1314639.755837  x:  1.22056   4.39562   0.05503  
  4 566.4523 1314619.943596  x:  1.18997   4.37581   0.05511  
  5  0.0458 1314619.941116  x:  1.18989   4.37583   0.05509  
  6  0.0001 1314619.941114  x:  1.18990   4.37589   0.05509  
  7  0.0001 1314619.941114  x:  1.18990   4.37589   0.05509  
  8  0.0000 1314619.941114  x:  1.18990   4.37589   0.05509  
  9  0.0000 1314619.941114  x:  1.18990   4.37589   0.05509  

7 (Bom_pas) ... 5 (And_mar)
  0  0.0000 1314440.373243  x:  1.17256   3.67669   0.06626  
  1 99.0000 1313966.610921  x:  1.17164   3.67684   0.05445  
  2 73687.5515 1313913.412179  x:  1.12121   3.69580   0.05722  
  3 1907.5520 1313797.209415  x:  1.15944   4.16822   0.05664  
  4 566.8875 1313796.032878  x:  1.15641   4.16967   0.05626  
  5  0.0039 1313796.029123  x:  1.15604   4.17033   0.05629  
  6  0.0007 1313796.029121  x:  1.15605   4.17040   0.05629  
  7  0.0001 1313796.029121  x:  1.15605   4.17040   0.05629  

7 (Bom_pas) ... 6 (And_tri)
  0  0.0000 1314897.671874  x:  1.18747   3.62821   0.07026  
  1 99.0000 1313950.146850  x:  1.18616   3.62840   0.05330  
  2 99369.3229 1313879.640428  x:  1.12752   3.65115   0.05671  
  3 2176.9876 1313723.183160  x:  1.17301   4.19803   0.05599  
  4 668.4641 1313720.271966  x:  1.16883   4.20070   0.05536  
  5  0.0062 1313720.263332  x:  1.16830   4.20212   0.05540  
  6  0.0015 1313720.263306  x:  1.16832   4.20235   0.05540  