

2 (And_ful) ... 1 (And_bic)
  0  0.0000 1041833.044616  x:  0.15087   1.54450   0.49790  
  1 99.0000 1028591.614152  x:  0.24822   1.63114   0.05467  
  2 31614.8915 1028356.734469  x:  0.24382   1.63401   0.04036  
  3 118185.7749 1024254.657467  x:  0.16511   3.34860   0.06469  
  4 5375.9686 1024245.464869  x:  0.16893   3.43448   0.06443  
  5  0.0880 1024237.729275  x:  0.16716   3.59283   0.06392  
  6  0.0819 1024237.692432  x:  0.16737   3.59842   0.06405  
  7  0.0044 1024237.689325  x:  0.16732   3.59949   0.06412  
  8  0.0007 1024237.689316  x:  0.16732   3.59931   0.06412  
  9  0.0002 1024237.689316  x:  0.16732   3.59931   0.06412  

3 (And_hae) ... 1 (And_bic)
  0  0.0000 1024020.556225  x:  0.14436   3.18808   0.17928  
  1 99.0000 1021804.406590  x:  0.18903   3.18987   0.07588  
  2 33773.5434 1021522.535294  x:  0.17968   3.19023   0.05537  
  3 41198.9291 1021449.121977  x:  0.17695   3.78862   0.05949  
  4 266.2131 1021275.924161  x:  0.15986   3.54687   0.06532  
  5  0.3875 1021275.512836  x:  0.16010   3.50572   0.06539  
  6  0.0432 1021275.509603  x:  0.16009   3.50423   0.06531  
  7  0.0014 1021275.509593  x:  0.16009   3.50431   0.06531  
  8  0.0001 1021275.509593  x:  0.16009   3.50431   0.06531  

3 (And_hae) ... 2 (And_ful)
  0  0.0000 1019776.020077  x:  0.15179   3.16538   0.16656  
  1 99.0000 1017626.081785  x:  0.14463   3.16766   0.06645  
  2 30296.5719 1017564.148506  x:  0.15400   3.16800   0.06161  
  3 14177.8004 1017451.106168  x:  0.15569   3.87726   0.06933  
  4 355.2583 1017447.246840  x:  0.15487   3.92030   0.06694  
  5  0.1042 1017447.193863  x:  0.15508   3.93276   0.06684  
  6  0.0103 1017447.192837  x:  0.15507   3.93429   0.06689  
  7  0.0013 1017447.192829  x:  0.15506   3.93441   0.06688  
  8  0.0001 1017447.192829  x:  0.15506   3.93440   0.06688  

4 (And_hat) ... 1 (And_bic)
  0  0.0000 999924.146082  x:  0.12221   3.35658   0.06955  
  1 99.0000 999918.654805  x:  0.12294   3.35668   0.06593  
  2 2754.0152 999918.596961  x:  0.12267   3.35673   0.06584  
  3 416.4481 999912.251381  x:  0.12267   3.55400   0.06673  
  4 69.3571 999912.216508  x:  0.12273   3.55191   0.06642  
  5  0.0022 999912.216472  x:  0.12273   3.55144   0.06642  
  6  0.0004 999912.216471  x:  0.12273   3.55144   0.06642  
  7  0.0000 999912.216471  x:  0.12273   3.55144   0.06642  
  8  0.0000 999912.216471  x:  0.12273   3.55144   0.06642  
check convergence!


4 (And_hat) ... 2 (And_ful)
  0  0.0000 1020050.049319  x:  0.14979   3.05074   0.12621  
  1 99.0000 1018852.077088  x:  0.16285   3.05232   0.06208  
  2 28563.3807 1018839.037851  x:  0.15850   3.05271   0.06028  
  3 5639.7370 1018671.837257  x:  0.15695   3.92627   0.06786  
  4 442.3910 1018666.378467  x:  0.15843   3.95972   0.06487  
  5  0.0609 1018666.305211  x:  0.15818   3.97348   0.06481  
  6  0.0112 1018666.301670  x:  0.15821   3.97708   0.06486  
  7  0.0029 1018666.301663  x:  0.15821   3.97714   0.06486  
  8  0.0001 1018666.301663  x:  0.15821   3.97715   0.06486  

4 (And_hat) ... 3 (And_hae)
  0  0.0000 1019190.959114  x:  0.14886   3.55816   0.18481  
  1 99.0000 1016672.559763  x:  0.14237   3.56006   0.06723  
  2 29506.5235 1016611.250473  x:  0.15168   3.56024   0.06247  
  3 14323.5817 1016575.511155  x:  0.15267   3.99756   0.06693  
  4 173.7243 1016575.487176  x:  0.15277   3.99281   0.06709  
  5  0.0121 1016575.483405  x:  0.15283   3.99188   0.06702  
  6  0.0009 1016575.483402  x:  0.15283   3.99175   0.06702  
  7  0.0001 1016575.483401  x:  0.15283   3.99175   0.06702  
  8  0.0000 1016575.483401  x:  0.15283   3.99175   0.06702  
check convergence!


5 (And_mar) ... 1 (And_bic)
  0  0.0000 980785.474354  x:  0.08845   3.61517   0.11620  
  1 99.0000 980512.047492  x:  0.10050   3.61505   0.08124  
  2 14083.1454 980399.582059  x:  0.09497   3.61493   0.06360  
  3 32188.7200 980362.592944  x:  0.09549   3.09912   0.06062  
  4 130.8017 980340.645428  x:  0.09180   3.04902   0.06575  
  5  0.0766 980340.412911  x:  0.09153   3.07053   0.06535  
  6  0.0283 980340.410919  x:  0.09154   3.06816   0.06528  
  7  0.0028 980340.410896  x:  0.09154   3.06829   0.06528  
  8  0.0001 980340.410896  x:  0.09154   3.06829   0.06528  
check convergence!


5 (And_mar) ... 2 (And_ful)
  0  0.0000 1023598.828420  x:  0.15541   3.01497   0.06041  
  1 99.0000 1023541.648694  x:  0.16481   3.01522   0.06352  
  2 11826.8255 1023541.372658  x:  0.16508   3.01565   0.06284  
  3 644.2237 1023453.299157  x:  0.16504   3.62313   0.06585  
  4 431.7239 1023453.227117  x:  0.16515   3.62197   0.06548  
  5  0.0012 1023453.227080  x:  0.16515   3.62206   0.06547  
  6  0.0001 1023453.227079  x:  0.16515   3.62209   0.06547  
  7  0.0000 1023453.227079  x:  0.16515   3.62209   0.06547  
check convergence!


5 (And_mar) ... 3 (And_hae)
  0  0.0000 1021517.949403  x:  0.16290   3.14705   0.14303  
  1 99.0000 1020347.050388  x:  0.13715   3.14801   0.08229  
  2 30614.4139 1020093.081664  x:  0.14733   3.14837   0.06126  
  3 35629.4255 1020051.410582  x:  0.14850   3.57926   0.06444  
  4 207.2471 1020002.997277  x:  0.15595   3.47624   0.06889  
  5  0.1463 1020001.817680  x:  0.15668   3.47913   0.06744  
  6  0.0033 1020001.816269  x:  0.15668   3.47657   0.06742  
  7  0.0023 1020001.816267  x:  0.15668   3.47656   0.06742  

5 (And_mar) ... 4 (And_hat)
  0  0.0000 996880.844556  x:  0.09806   2.99505   0.09336  
  1 99.0000 996516.524685  x:  0.11814   2.99521   0.08601  
  2 36452.4134 996383.784042  x:  0.11734   2.99569   0.06485  
  3 12416.5934 996347.797139  x:  0.11719   3.43081   0.06774  
  4 179.5790 996347.012827  x:  0.11649   3.43150   0.06673  
  5  0.0014 996346.978475  x:  0.11634   3.43097   0.06696  
  6  0.0006 996346.978469  x:  0.11634   3.43080   0.06696  
  7  0.0001 996346.978469  x:  0.11634   3.43080   0.06696  
  8  0.0000 996346.978469  x:  0.11634   3.43080   0.06696  
  9  0.2326 996346.978469  x:  0.11634   3.43080   0.06696  
check convergence!


6 (And_tri) ... 1 (And_bic)
  0  0.0000 998320.897031  x:  0.11970   2.97263   0.06642  
  1 99.0000 998309.366022  x:  0.11913   2.97268   0.06107  
  2 4117.9243 998309.137896  x:  0.11967   2.97269   0.06091  
  3 851.7513 998308.923598  x:  0.11967   3.00322   0.06106  
  4 14.1910 998308.922538  x:  0.11966   3.00313   0.06101  
  5  0.0001 998308.922538  x:  0.11966   3.00311   0.06101  

6 (And_tri) ... 2 (And_ful)
  0  0.0000 1019776.281552  x:  0.15447   2.69559   0.05225  
  1 99.0000 1019747.605734  x:  0.15928   2.69596   0.05687  
  2 8804.0376 1019747.099065  x:  0.15999   2.69689   0.05622  
  3 757.5950 1019563.009167  x:  0.15931   3.51902   0.06047  
  4 999.0743 1019562.708681  x:  0.15980   3.52037   0.05989  
  5  0.0014 1019562.706739  x:  0.15977   3.52170   0.05986  
  6  0.0011 1019562.706693  x:  0.15977   3.52212   0.05986  
  7  0.0003 1019562.706693  x:  0.15977   3.52213   0.05986  
  8  0.0000 1019562.706693  x:  0.15977   3.52213   0.05986  

6 (And_tri) ... 3 (And_hae)
  0  0.0000 1017610.366579  x:  0.13767   3.33666   0.07045  
  1 99.0000 1017435.655556  x:  0.15419   3.33672   0.06579  
  2 21217.7773 1017429.765283  x:  0.15381   3.33678   0.06253  
  3 3403.8775 1017426.805750  x:  0.15381   3.45637   0.06304  
  4 51.2280 1017426.766195  x:  0.15367   3.45489   0.06280  
  5  0.0015 1017426.766010  x:  0.15366   3.45480   0.06281  
  6  0.0001 1017426.766010  x:  0.15366   3.45481   0.06281  

6 (And_tri) ... 4 (And_hat)
  0  0.0000 996231.257771  x:  0.11580   2.97348   0.09892  
  1 99.0000 995796.292928  x:  0.11515   2.97419   0.05905  
  2 17989.3567 995793.366661  x:  0.11705   2.97432   0.05869  
  3 3137.1302 995755.491637  x:  0.11705   3.41291   0.06204  
  4 187.7235 995754.712379  x:  0.11699   3.42096   0.06069  
  5  0.0137 995754.711187  x:  0.11701   3.42290   0.06067  
  6  0.0017 995754.711171  x:  0.11701   3.42311   0.06068  
  7  0.0002 995754.711171  x:  0.11701   3.42312   0.06068  
  8  0.0000 995754.711171  x:  0.11701   3.42312   0.06068  
  9  0.0000 995754.711171  x:  0.11701   3.42312   0.06068  
 10  0.1231 995754.711171  x:  0.11701   3.42312   0.06068  
check convergence!


6 (And_tri) ... 5 (And_mar)
  0  0.0000 995643.939776  x:  0.11138   3.24639   0.09523  
  1 99.0000 995414.613365  x:  0.11706   3.24630   0.06612  
  2 13646.6245 995406.020949  x:  0.11413   3.24622   0.06429  
  3 5616.7338 995384.641751  x:  0.11431   2.96355   0.06250  
  4 127.3915 995383.686497  x:  0.11393   2.92717   0.06355  
  5  0.0552 995383.671161  x:  0.11395   2.92048   0.06340  
  6  0.0085 995383.671144  x:  0.11395   2.92058   0.06340  
  7  0.0001 995383.671144  x:  0.11395   2.92059   0.06340  

7 (Bom_pas) ... 1 (And_bic)
  0  0.0000 1251398.216363  x:  1.14821   2.61852   0.12325  
  1 99.0000 1242302.652158  x:  1.13990   2.62030   0.05372  
  2 181268.8774 1242098.451064  x:  1.06862   2.72563   0.06259  
  3 3300.4342 1240804.932415  x:  1.24106   4.03053   0.05742  
  4 5538.1622 1240661.423520  x:  1.19135   4.08424   0.05455  
  5  0.1057 1240652.839821  x:  1.17462   4.11582   0.05614  
  6  0.0354 1240652.583315  x:  1.17777   4.13744   0.05610  
  7  0.0122 1240652.574106  x:  1.17749   4.13918   0.05608  
  8  0.0017 1240652.574102  x:  1.17750   4.13918   0.05608  

7 (Bom_pas) ... 2 (And_ful)
  0  0.0000 1259293.137408  x:  1.22556   3.46285   0.15481  
  1 99.0000 1244169.238978  x:  1.21158   3.46434   0.05330  
  2 189734.4114 1244146.567188  x:  1.19060   3.48543   0.05625  
  3 1553.3217 1243747.226338  x:  1.26623   4.39009   0.05428  
  4 1710.4850 1243736.342592  x:  1.24459   4.38541   0.05407  
  5  0.0287 1243736.296891  x:  1.24328   4.38487   0.05420  
  6  0.0014 1243736.296800  x:  1.24330   4.38451   0.05420  
  7  0.0003 1243736.296797  x:  1.24329   4.38445   0.05420  
  8  0.0001 1243736.296797  x:  1.24329   4.38445   0.05420  

7 (Bom_pas) ... 3 (And_hae)
  0  0.0000 1243943.922265  x:  1.02181   3.66814   0.10507  
  1 99.0000 1240736.450228  x:  1.01993   3.66846   0.06266  
  2 121572.8933 1240497.004541  x:  1.10779   3.67343   0.05484  
  3 5472.1984 1240348.862362  x:  1.13523   4.22793   0.05522  
  4 580.8272 1240293.487904  x:  1.15925   4.22229   0.05773  
  5  0.0444 1240289.859318  x:  1.17246   4.22427   0.05668  
  6  0.0100 1240289.845631  x:  1.17287   4.22996   0.05668  
  7  0.0046 1240289.845629  x:  1.17287   4.22995   0.05668  

7 (Bom_pas) ... 4 (And_hat)
  0  0.0000 1243274.796515  x:  1.26568   3.69431   0.08301  
  1 99.0000 1240438.071163  x:  1.26280   3.69464   0.05138  
  2 146428.2437 1240217.311613  x:  1.15072   3.72252   0.05894  
  3 3685.7264 1240068.392146  x:  1.19921   4.28041   0.05799  
  4 589.1366 1240038.614665  x:  1.18112   4.28858   0.05619  
  5  0.0275 1240038.574571  x:  1.18256   4.29086   0.05608  
  6  0.0029 1240038.574262  x:  1.18260   4.29170   0.05608  
  7  0.0007 1240038.574262  x:  1.18260   4.29171   0.05608  

7 (Bom_pas) ... 5 (And_mar)
  0  0.0000 1252574.457450  x:  1.28022   3.79843   0.13612  
  1 99.0000 1240181.598533  x:  1.26878   3.79926   0.05150  
  2 193808.4744 1240067.211515  x:  1.20671   3.80950   0.05874  
  3 3815.2449 1240011.993251  x:  1.23185   4.15022   0.05807  
  4 340.1899 1239874.258405  x:  1.15282   4.09877   0.05790  
  5  0.1396 1239871.658212  x:  1.16107   4.11359   0.05687  
  6  0.0184 1239871.643668  x:  1.16033   4.11213   0.05686  
  7  0.0018 1239871.643656  x:  1.16032   4.11197   0.05686  
  8  0.0001 1239871.643656  x:  1.16032   4.11197   0.05686  

7 (Bom_pas) ... 6 (And_tri)
  0  0.0000 1252321.209438  x:  1.25272   3.69102   0.13829  
  1 99.0000 1239756.569540  x:  1.24109   3.69194   0.05183  
  2 191716.9268 1239683.199429  x:  1.19310   3.70296   0.05758  
  3 3165.0562 1239579.674485  x:  1.22687   4.16442   0.05680  
  4 487.6135 1239494.415816  x:  1.16772   4.13319   0.05637  
  5  0.0976 1239493.749330  x:  1.17124   4.13964   0.05586  
  6  0.0077 1239493.747466  x:  1.17097   4.13982   0.05586  
  7  0.0003 1239493.747458  x:  1.17098   4.13995   0.05586  
  8  0.0001 1239493.747458  x:  1.17098   4.13995   0.05586  
  9  0.0000 1239493.747458  x:  1.17098   4.13995   0.05586  