

2 (Bom_con) ... 1 (Apis_mel)
  0  0.0000 392058.604593  x:  0.57513   1.42542   0.42549  
  1 99.0000 384558.366923  x:  0.42176   1.49126   0.10927  
  2 25740.7667 384345.482314  x:  0.44130   1.50051   0.08477  
  3 14960.6912 382120.512684  x:  0.54352   3.22208   0.12456  
  4 3904.7110 381988.481654  x:  0.54841   3.37235   0.10141  
  5  0.0885 381973.351933  x:  0.57160   3.48830   0.10026  
  6  0.0641 381969.049439  x:  0.56534   3.60119   0.10220  
  7  0.0492 381968.890101  x:  0.56694   3.61907   0.10168  
  8  0.0174 381968.886401  x:  0.56711   3.62068   0.10176  
  9  0.0018 381968.886394  x:  0.56710   3.62083   0.10176  

3 (Bom_hor) ... 1 (Apis_mel)
  0  0.0000 383330.276774  x:  0.53702   3.38034   0.15937  
  1 99.0000 382729.136442  x:  0.53661   3.38102   0.10174  
  2 17040.0942 382671.730149  x:  0.57893   3.38210   0.09447  
  3 2843.6639 382658.358118  x:  0.58265   3.64666   0.09594  
  4 105.3417 382657.252182  x:  0.58400   3.63776   0.09760  
  5  0.0179 382657.243337  x:  0.58452   3.63651   0.09750  
  6  0.0012 382657.243336  x:  0.58452   3.63659   0.09750  

3 (Bom_hor) ... 2 (Bom_con)
  0  0.0000 324033.293368  x:  0.12318   3.24721   0.11418  
  1 99.0000 324029.238352  x:  0.11965   3.24782   0.11853  
  2 1430.3213 324026.691943  x:  0.12121   3.24895   0.12436  
  3 1311.7569 323926.464089  x:  0.12130   4.80188   0.13522  
  4 168.4072 323926.342561  x:  0.12103   4.80137   0.13375  
  5  0.0013 323926.341459  x:  0.12108   4.80356   0.13367  
  6  0.0018 323926.341383  x:  0.12107   4.80514   0.13369  
  7  0.0009 323926.341382  x:  0.12107   4.80515   0.13369  

4 (Bom_hyp) ... 1 (Apis_mel)
  0  0.0000 382853.917485  x:  0.49270   4.17225   0.21183  
  1 99.0000 381470.982412  x:  0.50251   4.17191   0.10628  
  2 19124.4941 381299.312094  x:  0.57447   4.16904   0.09378  
  3 5365.6888 381261.891360  x:  0.56825   3.66905   0.09119  
  4 139.6950 381248.159394  x:  0.57057   3.61787   0.09717  
  5  0.1691 381248.102856  x:  0.57061   3.63536   0.09732  
  6  0.0218 381248.102364  x:  0.57049   3.63497   0.09734  
  7  0.0003 381248.102364  x:  0.57049   3.63497   0.09734  
  8  0.0000 381248.102364  x:  0.57049   3.63497   0.09734  

4 (Bom_hyp) ... 2 (Bom_con)
  0  0.0000 321232.716804  x:  0.11265   3.13588   0.16679  
  1 99.0000 321204.069367  x:  0.10363   3.13662   0.15609  
  2 3972.0440 321146.774217  x:  0.10758   3.13938   0.11902  
  3 5296.3939 321031.088274  x:  0.10805   4.83511   0.13714  
  4 174.9366 321028.729613  x:  0.10915   4.85826   0.13008  
  5  0.0258 321028.698086  x:  0.10935   4.88759   0.13028  
  6  0.0174 321028.694631  x:  0.10926   4.89473   0.13029  
  7  0.0057 321028.694629  x:  0.10926   4.89483   0.13030  
  8  0.0001 321028.694629  x:  0.10926   4.89483   0.13030  
  9  0.0000 321028.694629  x:  0.10926   4.89483   0.13030  
 10  0.0000 321028.694629  x:  0.10926   4.89483   0.13030  
check convergence!


4 (Bom_hyp) ... 3 (Bom_hor)
  0  0.0000 311284.343612  x:  0.05817   4.15730   0.24521  
  1 99.0000 311230.678019  x:  0.06816   4.15736   0.24267  
  2 11012.8733 311016.091185  x:  0.06854   4.15995   0.12525  
  3 2936.0912 311006.367336  x:  0.06848   4.87583   0.13329  
  4 29.7317 311005.747237  x:  0.06845   4.91123   0.12884  
  5  0.0768 311005.741014  x:  0.06837   4.92472   0.12877  
  6  0.0112 311005.740950  x:  0.06837   4.92564   0.12882  
  7  0.0009 311005.740949  x:  0.06837   4.92582   0.12882  
  8  0.0001 311005.740949  x:  0.06837   4.92580   0.12882  

5 (Bom_mus) ... 1 (Apis_mel)
  0  0.0000 382785.029618  x:  0.44744   3.96319   0.16366  
  1 99.0000 382047.973286  x:  0.48840   3.96273   0.10001  
  2 16032.1397 381763.791232  x:  0.56845   3.96101   0.10682  
  3 9607.4822 381745.427015  x:  0.56620   3.63254   0.10512  
  4 105.4670 381729.014862  x:  0.57575   3.65713   0.09710  
  5  0.0408 381728.865411  x:  0.57792   3.65922   0.09714  
  6  0.0024 381728.865306  x:  0.57793   3.65924   0.09712  
  7  0.0000 381728.865306  x:  0.57793   3.65926   0.09712  
  8  0.0000 381728.865306  x:  0.57793   3.65926   0.09712  

5 (Bom_mus) ... 2 (Bom_con)
  0  0.0000 323183.547813  x:  0.09919   3.30669   0.11484  
  1 99.0000 323067.538507  x:  0.11897   3.30696   0.11658  
  2 12473.3566 323065.923415  x:  0.11871   3.30878   0.12239  
  3 571.0773 322942.918534  x:  0.11854   5.14793   0.13452  
  4 191.4708 322942.583800  x:  0.11875   5.14760   0.13182  
  5  0.0022 322942.582132  x:  0.11874   5.15364   0.13171  
  6  0.0039 322942.581913  x:  0.11874   5.15587   0.13177  
  7  0.0017 322942.581911  x:  0.11874   5.15591   0.13177  
  8  0.0000 322942.581911  x:  0.11874   5.15591   0.13177  

5 (Bom_mus) ... 3 (Bom_hor)
  0  0.0000 312052.965042  x:  0.07614   4.16288   0.16028  
  1 99.0000 312041.967308  x:  0.07118   4.16292   0.15882  
  2 4155.1928 312027.472596  x:  0.07175   4.16361   0.13390  
  3 1154.3104 312022.035562  x:  0.07171   4.68574   0.13770  
  4 22.3599 312022.013220  x:  0.07176   4.68654   0.13678  
  5  0.0014 312022.013202  x:  0.07177   4.68693   0.13678  
  6  0.0004 312022.013202  x:  0.07176   4.68704   0.13678  

5 (Bom_mus) ... 4 (Bom_hyp)
  0  0.0000 310356.515468  x:  0.06425   4.08821   0.13909  
  1 99.0000 310350.530537  x:  0.06775   4.08827   0.13782  
  2 3303.5718 310337.590564  x:  0.06766   4.08926   0.11623  
  3 1252.9578 310315.588703  x:  0.06752   5.25085   0.12371  
  4 43.9499 310315.445123  x:  0.06748   5.25616   0.12152  
  5  0.0063 310315.444660  x:  0.06746   5.26180   0.12154  
  6  0.0039 310315.444651  x:  0.06747   5.26214   0.12155  
  7  0.0003 310315.444651  x:  0.06747   5.26223   0.12155  

6 (Bom_pas) ... 1 (Apis_mel)
  0  0.0000 382709.973934  x:  0.45788   4.23164   0.15115  
  1 99.0000 382196.546316  x:  0.49546   4.23079   0.10017  
  2 13799.7006 381930.837910  x:  0.57345   4.22836   0.10707  
  3 9840.3106 381878.368366  x:  0.56903   3.64539   0.10465  
  4 166.2669 381866.284178  x:  0.57674   3.66211   0.09785  
  5  0.0267 381866.223493  x:  0.57814   3.65866   0.09770  
  6  0.0032 381866.222809  x:  0.57818   3.66030   0.09772  
  7  0.0019 381866.222807  x:  0.57818   3.66026   0.09773  

6 (Bom_pas) ... 2 (Bom_con)
  0  0.0000 323229.666066  x:  0.10574   3.12024   0.14368  
  1 99.0000 323182.634582  x:  0.11867   3.12065   0.14094  
  2 7436.3456 323167.299373  x:  0.11867   3.12332   0.12273  
  3 1633.8011 323009.151686  x:  0.11831   5.10159   0.14192  
  4 215.5151 323006.958834  x:  0.11857   5.12209   0.13473  
  5  0.0198 323006.914583  x:  0.11862   5.16669   0.13483  
  6  0.0192 323006.914194  x:  0.11860   5.16696   0.13492  
  7  0.0003 323006.914192  x:  0.11859   5.16698   0.13492  
  8  0.0000 323006.914192  x:  0.11859   5.16700   0.13492  
  9  0.0000 323006.914191  x:  0.11859   5.16699   0.13492  

6 (Bom_pas) ... 3 (Bom_hor)
  0  0.0000 312100.983256  x:  0.07546   4.16279   0.22086  
  1 99.0000 312084.603990  x:  0.06952   4.16287   0.21770  
  2 4741.5731 311982.055925  x:  0.07074   4.16471   0.13956  
  3 2727.7999 311972.900543  x:  0.07076   4.85031   0.14644  
  4 29.1835 311972.525688  x:  0.07122   4.86400   0.14303  
  5  0.0203 311972.507434  x:  0.07140   4.86524   0.14345  
  6  0.0016 311972.507411  x:  0.07140   4.86622   0.14344  
  7  0.0008 311972.507410  x:  0.07140   4.86632   0.14344  

6 (Bom_pas) ... 4 (Bom_hyp)
  0  0.0000 310712.235916  x:  0.05407   3.91220   0.19670  
  1 99.0000 310611.717684  x:  0.06742   3.91227   0.19484  
  2 16169.7514 310511.660564  x:  0.06771   3.91493   0.12302  
  3 2338.9537 310472.933173  x:  0.06756   5.40775   0.13759  
  4 62.3127 310471.564601  x:  0.06762   5.44964   0.13050  
  5  0.0627 310471.543125  x:  0.06765   5.49404   0.13062  
  6  0.0248 310471.542994  x:  0.06764   5.49380   0.13068  
  7  0.0002 310471.542993  x:  0.06764   5.49379   0.13068  
  8  0.0000 310471.542993  x:  0.06764   5.49379   0.13068  
  9  0.0000 310471.542993  x:  0.06764   5.49379   0.13068  
check convergence!


6 (Bom_pas) ... 5 (Bom_mus)
  0  0.0000 296914.132577  x:  0.02081   4.35645   0.16205  
  1 99.0000 296908.617105  x:  0.02271   4.35645   0.16187  
  2 6100.7444 296895.401770  x:  0.02276   4.35784   0.12177  
  3 579.0261 296885.836869  x:  0.02268   5.80916   0.13202  
  4 15.7353 296885.640749  x:  0.02266   5.82206   0.12745  
  5  0.0171 296885.639903  x:  0.02264   5.83443   0.12748  
  6  0.0087 296885.639865  x:  0.02265   5.83670   0.12750  

7 (Bom_syl) ... 1 (Apis_mel)
  0  0.0000 383298.459979  x:  0.46710   4.56518   0.13185  
  1 99.0000 382914.129432  x:  0.52595   4.56329   0.09522  
  2 10277.0747 382733.380342  x:  0.57723   4.56117   0.10851  
  3 13514.4728 382620.664303  x:  0.57054   3.71169   0.10608  
  4 225.1618 382609.546710  x:  0.58160   3.65082   0.09969  
  5  0.0556 382609.442913  x:  0.58246   3.67427   0.09964  
  6  0.0315 382609.440730  x:  0.58266   3.67361   0.09966  
  7  0.0007 382609.440726  x:  0.58267   3.67357   0.09966  

7 (Bom_syl) ... 2 (Bom_con)
  0  0.0000 324830.576692  x:  0.13103   3.21925   0.09589  
  1 99.0000 324757.181122  x:  0.11891   3.22003   0.11999  
  2 5675.7017 324741.855848  x:  0.12509   3.22073   0.12925  
  3 3719.0028 324606.600758  x:  0.12574   5.06241   0.14033  
  4 193.1367 324605.619635  x:  0.12400   5.06133   0.14300  
  5  0.0025 324605.587102  x:  0.12416   5.05734   0.14375  
  6  0.0031 324605.586699  x:  0.12415   5.05339   0.14373  
  7  0.0019 324605.586696  x:  0.12416   5.05331   0.14373  
  8  0.0001 324605.586696  x:  0.12416   5.05331   0.14373  

7 (Bom_syl) ... 3 (Bom_hor)
  0  0.0000 313256.712971  x:  0.06929   4.34676   0.20397  
  1 99.0000 313237.646572  x:  0.07585   4.34681   0.20180  
  2 5780.0030 313177.703632  x:  0.07592   4.34815   0.14488  
  3 2022.6200 313169.400483  x:  0.07586   5.01736   0.15069  
  4 27.0228 313169.277045  x:  0.07571   5.02357   0.14858  
  5  0.0090 313169.273862  x:  0.07563   5.02514   0.14869  
  6  0.0015 313169.273861  x:  0.07563   5.02549   0.14869  
  7  0.0002 313169.273861  x:  0.07563   5.02549   0.14869  
  8  0.0001 313169.273861  x:  0.07563   5.02549   0.14869  
  9  0.0253 313169.273861  x:  0.07563   5.02549   0.14869  
 10  0.0214 313169.273861  x:  0.07563   5.02549   0.14869  
 11  0.0150 313169.273861  x:  0.07563   5.02549   0.14869  
check convergence!


7 (Bom_syl) ... 4 (Bom_hyp)
  0  0.0000 311451.773700  x:  0.07036   4.21179   0.14100  
  1 99.0000 311451.031421  x:  0.07162   4.21193   0.13944  
  2 751.9708 311448.047837  x:  0.07110   4.21293   0.12919  
  3 1264.8386 311417.737605  x:  0.07092   5.62614   0.13812  
  4 51.3624 311417.625439  x:  0.07092   5.62907   0.13603  
  5  0.0035 311417.625085  x:  0.07092   5.63480   0.13604  
  6  0.0034 311417.625084  x:  0.07092   5.63481   0.13605  
  7  0.0000 311417.625084  x:  0.07092   5.63481   0.13605  
  8  0.0000 311417.625084  x:  0.07092   5.63481   0.13605  

7 (Bom_syl) ... 5 (Bom_mus)
  0  0.0000 311366.056408  x:  0.05589   4.47135   0.17844  
  1 99.0000 311265.653719  x:  0.06946   4.47139   0.17740  
  2 15972.1837 311239.145986  x:  0.06964   4.47258   0.14070  
  3 1314.1783 311224.644165  x:  0.06958   5.46638   0.14793  
  4 32.8921 311224.527992  x:  0.06962   5.47163   0.14569  
  5  0.0071 311224.527694  x:  0.06963   5.47570   0.14569  
  6  0.0030 311224.527693  x:  0.06963   5.47583   0.14570  
  7  0.0001 311224.527692  x:  0.06963   5.47584   0.14570  

7 (Bom_syl) ... 6 (Bom_pas)
  0  0.0000 311365.455225  x:  0.07112   4.41083   0.20977  
  1 99.0000 311358.985047  x:  0.06757   4.41093   0.20672  
  2 2673.0875 311300.845184  x:  0.06889   4.41282   0.14771  
  3 2842.1102 311280.717116  x:  0.06892   5.57809   0.15787  
  4 39.5396 311280.271670  x:  0.06932   5.59454   0.15362  
  5  0.0221 311280.263201  x:  0.06944   5.60211   0.15389  
  6  0.0077 311280.263019  x:  0.06943   5.60602   0.15389  
  7  0.0027 311280.263018  x:  0.06943   5.60602   0.15389  
  8  0.0000 311280.263018  x:  0.06943   5.60602   0.15389  
check convergence!


8 (Bom_vet) ... 1 (Apis_mel)
  0  0.0000 383065.236739  x:  0.43275   4.47203   0.15857  
  1 99.0000 382260.729719  x:  0.49346   4.47070   0.09704  
  2 15915.4792 381970.146054  x:  0.56254   4.46841   0.11141  
  3 12242.4165 381865.525672  x:  0.55756   3.62555   0.10813  
  4 222.1895 381833.503578  x:  0.57578   3.65406   0.09708  
  5  0.0392 381833.267744  x:  0.57810   3.64804   0.09727  
  6  0.0056 381833.265016  x:  0.57827   3.65149   0.09723  
  7  0.0041 381833.264990  x:  0.57827   3.65132   0.09722  
  8  0.0002 381833.264990  x:  0.57827   3.65132   0.09722  

8 (Bom_vet) ... 2 (Bom_con)
  0  0.0000 322871.916133  x:  0.10545   3.12977   0.12995  
  1 99.0000 322834.346093  x:  0.11694   3.13014   0.12895  
  2 6770.4553 322831.364166  x:  0.11705   3.13258   0.12127  
  3 720.4378 322672.026917  x:  0.11672   5.15499   0.13980  
  4 229.6295 322670.410373  x:  0.11706   5.17143   0.13362  
  5  0.0144 322670.379928  x:  0.11703   5.20923   0.13376  
  6  0.0160 322670.379825  x:  0.11704   5.20926   0.13380  
  7  0.0000 322670.379824  x:  0.11704   5.20925   0.13380  
  8  0.0000 322670.379824  x:  0.11704   5.20926   0.13380  

8 (Bom_vet) ... 3 (Bom_hor)
  0  0.0000 311982.430715  x:  0.05746   4.43718   0.24691  
  1 99.0000 311900.023052  x:  0.06984   4.43721   0.24481  
  2 14087.5235 311738.264013  x:  0.07021   4.43886   0.13950  
  3 2479.3781 311736.172614  x:  0.07019   4.78299   0.14303  
  4 12.9084 311736.094705  x:  0.07022   4.79077   0.14129  
  5  0.0161 311736.094241  x:  0.07025   4.78899   0.14125  
  6  0.0015 311736.094240  x:  0.07025   4.78906   0.14126  

8 (Bom_vet) ... 4 (Bom_hyp)
  0  0.0000 310547.835980  x:  0.07157   4.01909   0.22224  
  1 99.0000 310525.304384  x:  0.06485   4.01920   0.21847  
  2 5648.6844 310352.451752  x:  0.06608   4.02219   0.11970  
  3 3503.0335 310322.661161  x:  0.06611   5.33215   0.13353  
  4 53.1694 310320.484518  x:  0.06674   5.39530   0.12513  
  5  0.1074 310320.397266  x:  0.06712   5.42243   0.12573  
  6  0.0274 310320.392779  x:  0.06709   5.44161   0.12574  
  7  0.0122 310320.392752  x:  0.06709   5.44159   0.12577  
  8  0.0000 310320.392752  x:  0.06709   5.44159   0.12577  
check convergence!


8 (Bom_vet) ... 5 (Bom_mus)
  0  0.0000 296142.849671  x:  0.01713   4.30114   0.09631  
  1 99.0000 296119.429819  x:  0.02067   4.30114   0.09636  
  2 14135.2136 296118.846952  x:  0.02066   4.30173   0.10372  
  3 175.5427 296109.624131  x:  0.02058   5.82483   0.11013  
  4 14.8188 296109.605618  x:  0.02058   5.81179   0.10880  
  5  0.0110 296109.605605  x:  0.02058   5.81028   0.10877  
  6  0.0012 296109.605604  x:  0.02058   5.80989   0.10878  

8 (Bom_vet) ... 6 (Bom_pas)
  0  0.0000 296559.703652  x:  0.02175   4.70836   0.11344  
  1 99.0000 296559.675241  x:  0.02162   4.70837   0.11360  
  2 272.4201 296558.685339  x:  0.02169   4.70899   0.12350  
  3 495.6426 296548.816620  x:  0.02160   6.41174   0.13094  
  4 14.0745 296548.809045  x:  0.02162   6.40987   0.13001  
  5  0.0017 296548.809019  x:  0.02161   6.41125   0.13000  
  6  0.0012 296548.809017  x:  0.02161   6.41217   0.13000  

8 (Bom_vet) ... 7 (Bom_syl)
  0  0.0000 311147.868634  x:  0.05479   5.09853   0.22455  
  1 99.0000 311051.223751  x:  0.06793   5.09855   0.22303  
  2 15806.8114 310966.661693  x:  0.06820   5.09965   0.14814  
  3 1903.5584 310963.369151  x:  0.06818   5.63223   0.15213  
  4 13.3356 310963.282636  x:  0.06822   5.63626   0.15013  
  5  0.0074 310963.281872  x:  0.06826   5.63387   0.15010  
  6  0.0019 310963.281870  x:  0.06826   5.63403   0.15011  
  7  0.0002 310963.281870  x:  0.06826   5.63403   0.15011  
check convergence!
