

2 (And_ful) ... 1 (And_bic)
  0  0.0000 1032449.470030  x:  0.16880   1.43335   0.42233  
  1 99.0000 1029293.373739  x:  0.11017   1.45867   0.29322  
  2 37814.5870 1021457.481795  x:  0.10072   1.50402   0.05485  
  3 254771.4973 1019408.295733  x:  0.11173   2.75163   0.12456  
  4 4692.4548 1016533.285033  x:  0.13507   3.14192   0.04960  
  5  0.9915 1015962.762761  x:  0.15604   3.29483   0.07235  
  6  0.1553 1015789.114582  x:  0.16766   3.47167   0.05847  
  7  0.1776 1015775.342646  x:  0.16753   3.72642   0.06079  
  8  0.0555 1015774.611089  x:  0.16709   3.73896   0.05983  
  9  0.0113 1015774.590119  x:  0.16690   3.73914   0.05992  
 10  0.0002 1015774.590117  x:  0.16690   3.73906   0.05992  
 11  0.0001 1015774.590117  x:  0.16690   3.73906   0.05992  

3 (And_hae) ... 1 (And_bic)
  0  0.0000 1013881.867855  x:  0.12836   3.45771   0.08379  
  1 99.0000 1013146.674527  x:  0.16223   3.45781   0.07218  
  2 44968.5930 1013081.091572  x:  0.16109   3.45792   0.06048  
  3 10988.5409 1013077.567589  x:  0.16107   3.59250   0.06108  
  4 54.1851 1013076.611537  x:  0.15976   3.58901   0.06111  
  5  0.0030 1013076.610771  x:  0.15975   3.58906   0.06115  
  6  0.0001 1013076.610769  x:  0.15975   3.58908   0.06115  
  7  0.0000 1013076.610769  x:  0.15975   3.58908   0.06115  
  8  0.0000 1013076.610769  x:  0.15975   3.58908   0.06115  
check convergence!


3 (And_hae) ... 2 (And_ful)
  0  0.0000 1010168.386610  x:  0.15748   3.36543   0.06687  
  1 99.0000 1010159.423006  x:  0.15441   3.36564   0.06436  
  2 4462.2297 1010159.285205  x:  0.15472   3.36597   0.06391  
  3 442.8714 1010100.321555  x:  0.15479   3.93938   0.06641  
  4 306.4563 1010100.278668  x:  0.15478   3.93883   0.06610  
  5  0.0006 1010100.278645  x:  0.15478   3.93898   0.06610  
  6  0.0001 1010100.278644  x:  0.15478   3.93903   0.06610  

4 (And_hat) ... 1 (And_bic)
  0  0.0000 993161.005918  x:  0.12772   3.56678   0.17643  
  1 99.0000 992388.565298  x:  0.10116   3.56722   0.13560  
  2 29201.4351 991228.226319  x:  0.10600   3.56797   0.06119  
  3 65312.3052 991223.646521  x:  0.10628   3.74776   0.06268  
  4 44.9471 991051.412527  x:  0.12020   3.54602   0.06363  
  5  0.2503 991050.249002  x:  0.12041   3.57627   0.06215  
  6  0.0700 991050.236111  x:  0.12046   3.58456   0.06222  
  7  0.0085 991050.236043  x:  0.12046   3.58434   0.06221  
  8  0.0002 991050.236043  x:  0.12046   3.58434   0.06221  

4 (And_hat) ... 2 (And_ful)
  0  0.0000 1012132.237396  x:  0.12787   3.20742   0.08769  
  1 99.0000 1011384.188969  x:  0.16174   3.20780   0.07377  
  2 44607.5923 1011292.181062  x:  0.16016   3.20830   0.05991  
  3 13184.9411 1011150.918207  x:  0.15988   4.08846   0.06435  
  4 371.2503 1011149.137014  x:  0.15862   4.08640   0.06309  
  5  0.0026 1011149.091621  x:  0.15841   4.08581   0.06331  
  6  0.0006 1011149.091580  x:  0.15841   4.08529   0.06331  
  7  0.0004 1011149.091580  x:  0.15841   4.08528   0.06331  

4 (And_hat) ... 3 (And_hae)
  0  0.0000 1011108.361557  x:  0.16004   3.44390   0.15075  
  1 99.0000 1009752.987326  x:  0.13039   3.44499   0.08437  
  2 32178.3101 1009386.536415  x:  0.14014   3.44546   0.05768  
  3 47622.6205 1009297.643954  x:  0.14204   4.18946   0.06241  
  4 266.1309 1009212.238427  x:  0.15260   4.01970   0.06663  
  5  0.2201 1009210.021254  x:  0.15328   4.01939   0.06450  
  6  0.0024 1009210.013947  x:  0.15329   4.01232   0.06446  
  7  0.0061 1009210.013917  x:  0.15329   4.01224   0.06446  
  8  0.0001 1009210.013917  x:  0.15329   4.01225   0.06446  

5 (And_mar) ... 1 (And_bic)
  0  0.0000 974220.377976  x:  0.09665   3.51274   0.18666  
  1 99.0000 973890.934312  x:  0.08052   3.51286   0.16820  
  2 25236.2671 972450.986738  x:  0.08270   3.51351   0.06123  
  3 41181.8722 972438.060229  x:  0.08258   3.22178   0.05818  
  4 81.6709 972368.391131  x:  0.08962   3.07165   0.06336  
  5  0.1800 972361.654136  x:  0.09067   3.14706   0.05976  
  6  0.2143 972361.652837  x:  0.09066   3.14697   0.05970  
  7  0.0001 972361.652821  x:  0.09066   3.14725   0.05970  

5 (And_mar) ... 2 (And_ful)
  0  0.0000 1015517.015144  x:  0.16521   2.83698   0.07283  
  1 99.0000 1015404.491731  x:  0.16351   2.83762   0.05846  
  2 13890.0306 1015403.092525  x:  0.16511   2.83819   0.05810  
  3 1641.3246 1015191.771864  x:  0.16512   3.77653   0.06363  
  4 597.8186 1015189.187248  x:  0.16502   3.77921   0.06144  
  5  0.0039 1015189.178279  x:  0.16514   3.78231   0.06141  
  6  0.0027 1015189.177859  x:  0.16513   3.78370   0.06142  
  7  0.0010 1015189.177858  x:  0.16513   3.78370   0.06142  

5 (And_mar) ... 3 (And_hae)
  0  0.0000 1014460.721768  x:  0.15629   3.42746   0.17421  
  1 99.0000 1012198.302707  x:  0.13656   3.42885   0.07041  
  2 31516.9439 1011996.875154  x:  0.14839   3.42907   0.05558  
  3 35702.6318 1011970.005747  x:  0.14981   3.79815   0.05851  
  4 151.6432 1011920.022415  x:  0.15588   3.60630   0.06404  
  5  0.4131 1011919.086869  x:  0.15679   3.62341   0.06310  
  6  0.0154 1011919.081686  x:  0.15679   3.61846   0.06304  
  7  0.0047 1011919.081672  x:  0.15678   3.61851   0.06304  

5 (And_mar) ... 4 (And_hat)
  0  0.0000 990142.610954  x:  0.11472   3.26572   0.13255  
  1 99.0000 989204.672355  x:  0.11379   3.26672   0.06381  
  2 20783.1773 989198.137871  x:  0.11661   3.26680   0.06314  
  3 4780.5586 989181.163472  x:  0.11668   3.58185   0.06598  
  4 113.7056 989180.599287  x:  0.11660   3.59391   0.06481  
  5  0.0267 989180.598651  x:  0.11661   3.59558   0.06480  
  6  0.0015 989180.598647  x:  0.11661   3.59567   0.06480  
  7  0.0001 989180.598647  x:  0.11661   3.59568   0.06480  
  8  0.0000 989180.598647  x:  0.11661   3.59568   0.06480  

6 (And_tri) ... 1 (And_bic)
  0  0.0000 989083.766792  x:  0.12348   3.26677   0.07575  
  1 99.0000 988968.829706  x:  0.11309   3.26673   0.06669  
  2 16112.8743 988940.954299  x:  0.11565   3.26666   0.05870  
  3 7569.4834 988930.252900  x:  0.11559   3.04049   0.05764  
  4 88.5239 988929.911830  x:  0.11613   3.03303   0.05805  
  5  0.0086 988929.909662  x:  0.11616   3.03330   0.05799  
  6  0.0003 988929.909662  x:  0.11616   3.03330   0.05799  
  7  0.0000 988929.909662  x:  0.11616   3.03330   0.05799  

6 (And_tri) ... 2 (And_ful)
  0  0.0000 1012709.796475  x:  0.15469   2.83051   0.12055  
  1 99.0000 1011460.808190  x:  0.15264   2.83208   0.05728  
  2 29974.1086 1011446.523215  x:  0.15759   2.83250   0.05616  
  3 5923.0262 1011295.053287  x:  0.15818   3.58318   0.06338  
  4 460.1425 1011287.293785  x:  0.15762   3.62239   0.05980  
  5  0.0761 1011287.202023  x:  0.15784   3.64158   0.05986  
  6  0.0136 1011287.200223  x:  0.15779   3.64295   0.05988  
  7  0.0012 1011287.200221  x:  0.15779   3.64299   0.05988  

6 (And_tri) ... 3 (And_hae)
  0  0.0000 1010069.550655  x:  0.12714   3.29473   0.08760  
  1 99.0000 1009500.169439  x:  0.15624   3.29490   0.07384  
  2 38080.5042 1009412.055495  x:  0.15444   3.29510   0.06000  
  3 12919.5271 1009399.352973  x:  0.15436   3.54334   0.06122  
  4 106.7477 1009397.400730  x:  0.15252   3.54033   0.06131  
  5  0.0030 1009397.399802  x:  0.15252   3.53992   0.06136  
  6  0.0005 1009397.399799  x:  0.15252   3.53980   0.06135  

6 (And_tri) ... 4 (And_hat)
  0  0.0000 990498.972875  x:  0.11829   3.34519   0.16676  
  1 99.0000 989522.591198  x:  0.09425   3.34596   0.10120  
  2 24750.5743 988958.036548  x:  0.10099   3.34644   0.05821  
  3 91779.6492 988945.096286  x:  0.10157   3.63486   0.06036  
  4 87.9726 988754.495402  x:  0.11470   3.34563   0.06623  
  5  0.3706 988748.055490  x:  0.11578   3.40676   0.06273  
  6  0.0861 988748.033762  x:  0.11591   3.40001   0.06269  
  7  0.0064 988748.033586  x:  0.11592   3.40061   0.06271  
  8  0.0006 988748.033585  x:  0.11592   3.40063   0.06271  
  9  0.0000 988748.033585  x:  0.11592   3.40063   0.06271  

6 (And_tri) ... 5 (And_mar)
  0  0.0000 988026.663771  x:  0.12249   3.20345   0.05065  
  1 99.0000 987928.726858  x:  0.11266   3.20337   0.05795  
  2 15745.6005 987923.361767  x:  0.11406   3.20330   0.06104  
  3 3462.9517 987918.210252  x:  0.11404   3.04539   0.06045  
  4 62.3221 987918.119588  x:  0.11372   3.04283   0.06057  
  5  0.0026 987918.119558  x:  0.11372   3.04314   0.06057  
  6  0.0003 987918.119558  x:  0.11372   3.04313   0.06057  
  7  0.0000 987918.119558  x:  0.11372   3.04313   0.06057  

7 (Bom_pas) ... 1 (And_bic)
  0  0.0000 1249156.494351  x:  1.11396   2.81836   0.15939  
  1 99.0000 1234994.337409  x:  1.09909   2.82072   0.05593  
  2 175471.5216 1234713.748827  x:  1.05756   3.13031   0.06558  
  3 1893.6880 1234120.054313  x:  1.19305   3.83582   0.05484  
  4 17456.0524 1234087.923858  x:  1.16093   3.93896   0.05608  
  5  0.1023 1234085.854768  x:  1.16411   3.97071   0.05669  
  6  0.0383 1234085.624821  x:  1.16662   3.98847   0.05649  
  7  0.0141 1234085.624765  x:  1.16658   3.98853   0.05649  

7 (Bom_pas) ... 2 (And_ful)
  0  0.0000 1262353.872032  x:  1.35138   3.32703   0.17928  
  1 99.0000 1239104.418471  x:  1.32897   3.32943   0.04902  
  2 205616.3336 1239031.543927  x:  1.29517   3.34175   0.05431  
  3 4236.4082 1238565.380566  x:  1.37425   4.30307   0.05315  
  4 1186.0065 1238328.142839  x:  1.24403   4.23638   0.05487  
  5  0.1409 1238327.532355  x:  1.24835   4.25647   0.05444  
  6  0.0185 1238327.510070  x:  1.24756   4.26008   0.05447  
  7  0.0037 1238327.508888  x:  1.24773   4.26130   0.05447  
  8  0.0011 1238327.508888  x:  1.24773   4.26130   0.05447  
  9  0.0000 1238327.508888  x:  1.24773   4.26130   0.05447  
check convergence!


7 (Bom_pas) ... 3 (And_hae)
  0  0.0000 1242382.530272  x:  1.10519   3.52848   0.12599  
  1 99.0000 1235217.770763  x:  1.09863   3.52916   0.05907  
  2 155398.3441 1235193.542901  x:  1.12550   3.53852   0.05622  
  3 1674.5941 1235030.412423  x:  1.15464   4.09776   0.05681  
  4 732.0910 1235019.260230  x:  1.17172   4.09658   0.05738  
  5  0.0280 1235018.851232  x:  1.17538   4.09787   0.05698  
  6  0.0035 1235018.850076  x:  1.17557   4.09933   0.05698  
  7  0.0012 1235018.850071  x:  1.17556   4.09937   0.05698  

7 (Bom_pas) ... 4 (And_hat)
  0  0.0000 1254907.915709  x:  1.26197   3.56338   0.17631  
  1 99.0000 1235163.380259  x:  1.24108   3.56518   0.05232  
  2 189824.0453 1235127.204922  x:  1.21658   3.57309   0.05616  
  3 2878.6138 1234929.382270  x:  1.26173   4.20665   0.05540  
  4 719.3063 1234847.612986  x:  1.19600   4.17364   0.05593  
  5  0.0892 1234847.418169  x:  1.19517   4.17875   0.05576  
  6  0.0050 1234847.416373  x:  1.19549   4.18041   0.05575  
  7  0.0016 1234847.416325  x:  1.19546   4.18059   0.05576  
  8  0.0002 1234847.416325  x:  1.19546   4.18059   0.05576  

7 (Bom_pas) ... 5 (And_mar)
  0  0.0000 1249190.836482  x:  1.11640   3.50660   0.17378  
  1 99.0000 1233848.827703  x:  1.09922   3.50804   0.05847  
  2 167264.6285 1233840.811128  x:  1.11077   3.51313   0.05671  
  3 1235.5745 1233716.191625  x:  1.13715   3.99282   0.05719  
  4 693.6183 1233705.706065  x:  1.15773   3.99268   0.05720  
  5  0.0297 1233705.543443  x:  1.15935   3.99479   0.05695  
  6  0.0026 1233705.542849  x:  1.15950   3.99581   0.05694  
  7  0.0009 1233705.542847  x:  1.15949   3.99583   0.05695  

7 (Bom_pas) ... 6 (And_tri)
  0  0.0000 1239315.881216  x:  1.36632   3.35007   0.08467  
  1 99.0000 1234927.502379  x:  1.36256   3.35053   0.04692  
  2 181607.7246 1234193.546784  x:  1.14197   3.39942   0.06178  
  3 6139.0621 1234022.884060  x:  1.20018   3.95014   0.06064  
  4 696.1194 1233888.782788  x:  1.15549   3.98720   0.05744  
  5  0.0784 1233884.258936  x:  1.16852   3.98634   0.05617  
  6  0.0166 1233884.254941  x:  1.16871   3.98513   0.05618  
  7  0.0012 1233884.254878  x:  1.16868   3.98480   0.05618  
  8  0.0003 1233884.254877  x:  1.16868   3.98480   0.05618  