Supplemental results for CODEML (seqf: /home/yzliu/eDNA/faststorage/yzliu/DK_proj/data/ref_genome/ref_annotation/primary_transcripts/extracted_cds_new/new_transcript_id_7_and_pas/bootstraps/cat.out.OG_cds_7_species_same_header_fas.shuf_537OG_743.phy  treef: xxx.trees)


pairwise comparison (Goldman & Yang 1994)
seq seq        N       S       dN       dS     dN/dS   Paras.
  2   1 447952.0 174578.0   0.0109   0.1709   0.0640   0.1674   3.6691   0.0640 -963932.584
  3   1 447241.0 175289.0   0.0108   0.1617   0.0665   0.1598   3.6143   0.0665 -961021.437
  3   2 446717.1 175812.9   0.0105   0.1556   0.0676   0.1545   3.9420   0.0676 -957336.992
  4   1 446886.3 175643.7   0.0084   0.1195   0.0699   0.1191   3.6614   0.0699 -939428.590
  4   2 446200.4 176329.6   0.0108   0.1592   0.0676   0.1584   4.0246   0.0676 -959159.370
  4   3 444566.2 177963.8   0.0106   0.1532   0.0692   0.1541   4.1017   0.0692 -957508.146
  5   1 449812.9 172717.1   0.0060   0.0931   0.0647   0.0905   3.1987   0.0647 -921875.713
  5   2 447305.2 175224.8   0.0110   0.1690   0.0649   0.1663   3.7443   0.0649 -963498.916
  5   3 446657.6 175872.4   0.0108   0.1585   0.0680   0.1575   3.6807   0.0680 -960115.974
  5   4 446940.3 175589.7   0.0084   0.1152   0.0725   0.1155   3.6332   0.0725 -937778.972
  6   1 450579.0 171951.0   0.0077   0.1201   0.0639   0.1162   3.1142   0.0639 -937975.635
  6   2 448513.4 174016.6   0.0103   0.1637   0.0631   0.1596   3.5786   0.0631 -959964.942
  6   3 447423.8 175106.2   0.0104   0.1565   0.0665   0.1545   3.5805   0.0665 -958446.337
  6   4 447332.1 175197.9   0.0082   0.1153   0.0708   0.1150   3.5887   0.0708 -937232.025
  6   5 450857.5 171672.5   0.0078   0.1157   0.0676   0.1127   3.0654   0.0676 -936540.886
  7   1 445524.6 177005.4   0.0689   1.1891   0.0579   1.1621   4.0546   0.0579 -1170021.120
  7   2 442354.9 180175.1   0.0697   1.2634   0.0551   1.2455   4.3471   0.0551 -1173435.732
  7   3 444438.6 178091.4   0.0692   1.1911   0.0581   1.1706   4.1590   0.0581 -1170614.214
  7   4 444126.7 178403.3   0.0691   1.1992   0.0576   1.1788   4.2016   0.0576 -1170548.217
  7   5 445472.4 177057.6   0.0689   1.1818   0.0583   1.1563   4.0772   0.0583 -1169542.185
  7   6 445331.9 177198.1   0.0688   1.1898   0.0578   1.1636   4.0792   0.0578 -1169746.543

