

2 (Bom_con) ... 1 (Apis_mel)
  0  0.0000 423818.185759  x:  0.44560   1.50040   0.41908  
  1 99.0000 415143.588110  x:  0.41699   1.56610   0.08461  
  2 25779.8701 414899.738891  x:  0.45410   1.58020   0.06598  
  3 12552.0300 412955.304257  x:  0.55738   2.78939   0.10333  
  4 4639.6084 412519.875164  x:  0.49005   3.32097   0.09257  
  5  0.8790 412353.659978  x:  0.54704   3.87823   0.08286  
  6  0.2094 412337.089381  x:  0.53551   4.12492   0.08597  
  7  0.1082 412336.571398  x:  0.53863   4.14970   0.08637  
  8  0.0206 412336.564917  x:  0.53869   4.15532   0.08631  
  9  0.0047 412336.564912  x:  0.53870   4.15525   0.08630  

3 (Bom_hor) ... 1 (Apis_mel)
  0  0.0000 412811.787847  x:  0.49814   3.69649   0.06768  
  1 99.0000 412627.878083  x:  0.50291   3.69655   0.08736  
  2 20283.4539 412575.069290  x:  0.54119   3.69819   0.08363  
  3 2906.7260 412542.527981  x:  0.54607   4.15864   0.08442  
  4 151.1386 412542.165696  x:  0.54690   4.15825   0.08343  
  5  0.0011 412542.165366  x:  0.54687   4.15897   0.08341  
  6  0.0007 412542.165363  x:  0.54686   4.15904   0.08342  

3 (Bom_hor) ... 2 (Bom_con)
  0  0.0000 355229.389585  x:  0.10242   3.72214   0.20417  
  1 99.0000 355131.746667  x:  0.12027   3.72253   0.19390  
  2 10089.4169 354876.859584  x:  0.12001   3.72565   0.11291  
  3 6637.2678 354779.160586  x:  0.11956   5.39571   0.12920  
  4 143.9785 354773.746134  x:  0.11843   5.45542   0.12007  
  5  0.0898 354773.437165  x:  0.11746   5.49105   0.12088  
  6  0.0316 354773.425641  x:  0.11752   5.51391   0.12090  
  7  0.0122 354773.425595  x:  0.11752   5.51384   0.12093  
  8  0.0001 354773.425595  x:  0.11752   5.51385   0.12093  
  9  0.0000 354773.425595  x:  0.11752   5.51384   0.12093  

4 (Bom_hyp) ... 1 (Apis_mel)
  0  0.0000 414491.050841  x:  0.42812   4.40667   0.23183  
  1 99.0000 411841.649807  x:  0.45657   4.40684   0.08994  
  2 24359.1615 411565.434979  x:  0.54158   4.40539   0.08175  
  3 7703.1175 411557.406012  x:  0.53945   4.16029   0.08040  
  4 63.0760 411554.430265  x:  0.53889   4.12192   0.08297  
  5  0.1682 411554.400258  x:  0.53806   4.12713   0.08306  
  6  0.0044 411554.399911  x:  0.53801   4.12565   0.08306  
  7  0.0016 411554.399911  x:  0.53801   4.12565   0.08306  

4 (Bom_hyp) ... 2 (Bom_con)
  0  0.0000 352824.601703  x:  0.11583   3.73444   0.17013  
  1 99.0000 352769.187677  x:  0.10335   3.73484   0.15933  
  2 6465.6440 352658.679230  x:  0.10712   3.73683   0.11009  
  3 5951.6309 352578.124049  x:  0.10754   5.34041   0.12276  
  4 124.8438 352575.796741  x:  0.10901   5.35349   0.11705  
  5  0.0175 352575.760880  x:  0.10931   5.35874   0.11740  
  6  0.0057 352575.760221  x:  0.10931   5.36370   0.11737  
  7  0.0031 352575.760184  x:  0.10931   5.36432   0.11739  
  8  0.0006 352575.760184  x:  0.10931   5.36436   0.11739  
  9  0.0000 352575.760184  x:  0.10931   5.36433   0.11739  

4 (Bom_hyp) ... 3 (Bom_hor)
  0  0.0000 341085.004932  x:  0.06120   4.45715   0.10748  
  1 99.0000 341069.295064  x:  0.06646   4.45719   0.10741  
  2 6149.6651 341069.119611  x:  0.06649   4.45781   0.10533  
  3 158.5642 341043.306047  x:  0.06636   5.82304   0.11128  
  4 48.1825 341043.256091  x:  0.06640   5.82414   0.11013  
  5  0.0015 341043.255997  x:  0.06640   5.82688   0.11011  
  6  0.0019 341043.255994  x:  0.06640   5.82711   0.11012  
  7  0.0002 341043.255994  x:  0.06640   5.82711   0.11012  

5 (Bom_mus) ... 1 (Apis_mel)
  0  0.0000 413739.491554  x:  0.50216   4.77230   0.17320  
  1 99.0000 412452.968293  x:  0.49866   4.77201   0.09012  
  2 23264.0544 412362.529700  x:  0.54668   4.76965   0.07996  
  3 3961.5570 412310.063657  x:  0.53902   4.10048   0.07852  
  4 144.1410 412295.810614  x:  0.54460   4.07297   0.08345  
  5  0.0775 412295.786227  x:  0.54475   4.08609   0.08349  
  6  0.0172 412295.786212  x:  0.54474   4.08604   0.08349  

5 (Bom_mus) ... 2 (Bom_con)
  0  0.0000 355516.394214  x:  0.10085   3.55100   0.20079  
  1 99.0000 355395.495384  x:  0.12051   3.55137   0.19212  
  2 12046.4479 355161.874977  x:  0.12056   3.55456   0.11506  
  3 5819.8267 355066.092210  x:  0.12020   5.09306   0.13082  
  4 152.0794 355061.794205  x:  0.11956   5.14321   0.12241  
  5  0.0764 355061.629489  x:  0.11888   5.17893   0.12285  
  6  0.0281 355061.622036  x:  0.11895   5.19480   0.12292  
  7  0.0091 355061.622034  x:  0.11895   5.19475   0.12292  
  8  0.0001 355061.622034  x:  0.11895   5.19477   0.12292  
  9  0.0000 355061.622034  x:  0.11895   5.19476   0.12292  

5 (Bom_mus) ... 3 (Bom_hor)
  0  0.0000 341764.090856  x:  0.07156   4.28375   0.16854  
  1 99.0000 341749.439302  x:  0.06636   4.28383   0.16542  
  2 4703.8145 341680.281053  x:  0.06761   4.28519   0.11430  
  3 3060.2275 341657.016137  x:  0.06760   5.46216   0.12244  
  4 45.4321 341656.530238  x:  0.06798   5.47842   0.11894  
  5  0.0223 341656.521115  x:  0.06810   5.48556   0.11915  
  6  0.0074 341656.520883  x:  0.06810   5.48975   0.11915  
  7  0.0028 341656.520882  x:  0.06810   5.48976   0.11915  

5 (Bom_mus) ... 4 (Bom_hyp)
  0  0.0000 341557.537170  x:  0.07278   4.63534   0.16798  
  1 99.0000 341535.971594  x:  0.06642   4.63539   0.16446  
  2 5749.2823 341444.709746  x:  0.06774   4.63620   0.10709  
  3 3392.7697 341438.257353  x:  0.06775   5.29313   0.11104  
  4 21.8492 341437.987048  x:  0.06826   5.28872   0.10905  
  5  0.0062 341437.974030  x:  0.06837   5.28292   0.10942  
  6  0.0076 341437.973975  x:  0.06837   5.28101   0.10940  
  7  0.0016 341437.973975  x:  0.06837   5.28098   0.10940  
  8  0.0000 341437.973975  x:  0.06837   5.28098   0.10940  

6 (Bom_pas) ... 1 (Apis_mel)
  0  0.0000 412951.520480  x:  0.47050   4.24282   0.12369  
  1 99.0000 412640.989531  x:  0.48103   4.24272   0.08883  
  2 14705.0878 412478.784058  x:  0.54744   4.24159   0.08428  
  3 5948.7030 412475.793211  x:  0.54605   4.09458   0.08389  
  4 39.5976 412475.776199  x:  0.54570   4.09281   0.08410  
  5  0.0027 412475.774333  x:  0.54549   4.09238   0.08409  
  6  0.0005 412475.774331  x:  0.54549   4.09250   0.08409  

6 (Bom_pas) ... 2 (Bom_con)
  0  0.0000 355819.953698  x:  0.10443   3.59693   0.06558  
  1 99.0000 355514.211486  x:  0.12905   3.59717   0.09517  
  2 17731.4317 355462.007313  x:  0.11799   3.59769   0.11206  
  3 5681.1549 355359.955591  x:  0.11718   5.30461   0.11806  
  4 151.8888 355354.168948  x:  0.12077   5.30972   0.12365  
  5  0.0052 355353.741752  x:  0.11995   5.30984   0.12596  
  6  0.0019 355353.741109  x:  0.11999   5.30848   0.12598  
  7  0.0012 355353.741082  x:  0.11999   5.30746   0.12598  
  8  0.0006 355353.741082  x:  0.11999   5.30746   0.12598  
  9  0.0000 355353.741082  x:  0.11999   5.30746   0.12598  
check convergence!


6 (Bom_pas) ... 3 (Bom_hor)
  0  0.0000 341994.467056  x:  0.06624   4.25043   0.18385  
  1 99.0000 341982.603558  x:  0.07138   4.25062   0.17767  
  2 3254.5496 341896.086827  x:  0.07044   4.25247   0.11858  
  3 5818.7366 341858.206339  x:  0.07008   5.79181   0.13025  
  4 58.7716 341856.498288  x:  0.06899   5.81952   0.12470  
  5  0.0346 341856.439776  x:  0.06871   5.82820   0.12556  
  6  0.0102 341856.439049  x:  0.06871   5.83612   0.12554  
  7  0.0048 341856.439033  x:  0.06871   5.83644   0.12556  
  8  0.0003 341856.439033  x:  0.06871   5.83642   0.12556  
  9  0.0000 341856.439033  x:  0.06871   5.83642   0.12556  

6 (Bom_pas) ... 4 (Bom_hyp)
  0  0.0000 342104.438831  x:  0.05919   4.83895   0.19360  
  1 99.0000 342045.252904  x:  0.06934   4.83899   0.19129  
  2 12044.0801 341923.836372  x:  0.06960   4.84011   0.11868  
  3 2861.4850 341915.375805  x:  0.06954   5.63323   0.12389  
  4 24.0748 341915.117728  x:  0.06951   5.63741   0.12116  
  5  0.0087 341915.115565  x:  0.06946   5.62986   0.12108  
  6  0.0063 341915.115556  x:  0.06946   5.62932   0.12110  
  7  0.0005 341915.115554  x:  0.06946   5.62915   0.12109  
  8  0.0001 341915.115554  x:  0.06946   5.62915   0.12109  
check convergence!


6 (Bom_pas) ... 5 (Bom_mus)
  0  0.0000 326625.416627  x:  0.01983   4.49439   0.12460  
  1 99.0000 326611.163289  x:  0.02264   4.49439   0.12460  
  2 10642.9091 326611.081567  x:  0.02264   4.49532   0.12195  
  3 56.2759 326598.259831  x:  0.02255   6.20043   0.13078  
  4 20.5925 326598.218512  x:  0.02256   6.19321   0.12877  
  5  0.0069 326598.218469  x:  0.02256   6.19557   0.12873  
  6  0.0019 326598.218466  x:  0.02256   6.19528   0.12874  
  7  0.0002 326598.218464  x:  0.02256   6.19543   0.12873  

7 (Bom_syl) ... 1 (Apis_mel)
  0  0.0000 413384.645490  x:  0.40410   5.06136   0.12180  
  1 99.0000 412702.232352  x:  0.46803   5.06015   0.07939  
  2 16073.6794 412394.267656  x:  0.52703   5.05865   0.09527  
  3 18874.7136 412285.551109  x:  0.52185   4.08071   0.09322  
  4 199.2378 412253.735870  x:  0.54172   4.12126   0.08409  
  5  0.0388 412253.617019  x:  0.54293   4.10898   0.08424  
  6  0.0119 412253.613226  x:  0.54314   4.11363   0.08424  
  7  0.0055 412253.613191  x:  0.54316   4.11353   0.08423  
  8  0.0001 412253.613191  x:  0.54316   4.11353   0.08423  

7 (Bom_syl) ... 2 (Bom_con)
  0  0.0000 355506.492332  x:  0.09500   3.46753   0.12838  
  1 99.0000 355315.777649  x:  0.11890   3.46779   0.12725  
  2 17309.8576 355309.330184  x:  0.11909   3.46957   0.11687  
  3 1158.9734 355167.910883  x:  0.11888   5.46063   0.13105  
  4 191.5470 355166.651991  x:  0.11917   5.46099   0.12611  
  5  0.0045 355166.646637  x:  0.11923   5.47532   0.12610  
  6  0.0071 355166.646438  x:  0.11921   5.47655   0.12614  
  7  0.0010 355166.646432  x:  0.11921   5.47663   0.12614  
  8  0.0001 355166.646432  x:  0.11921   5.47663   0.12614  

7 (Bom_syl) ... 3 (Bom_hor)
  0  0.0000 342327.605973  x:  0.06328   4.32865   0.17911  
  1 99.0000 342300.967635  x:  0.07027   4.32873   0.17663  
  2 7453.2976 342212.784596  x:  0.07034   4.33071   0.11733  
  3 2816.0898 342164.561491  x:  0.07014   6.14010   0.13049  
  4 65.3145 342163.232181  x:  0.07004   6.17693   0.12417  
  5  0.0520 342163.212513  x:  0.06993   6.21540   0.12427  
  6  0.0237 342163.211479  x:  0.06997   6.22088   0.12433  
  7  0.0043 342163.211477  x:  0.06997   6.22107   0.12432  
  8  0.0002 342163.211476  x:  0.06997   6.22104   0.12432  
  9  0.0000 342163.211476  x:  0.06997   6.22104   0.12432  
check convergence!


7 (Bom_syl) ... 4 (Bom_hyp)
  0  0.0000 342114.540834  x:  0.06965   4.87438   0.22132  
  1 99.0000 342045.095998  x:  0.06022   4.87502   0.18500  
  2 3488.7980 341890.069762  x:  0.06394   4.87637   0.10909  
  3 37354.0926 341867.188309  x:  0.06461   6.30180   0.11855  
  4 37.7119 341852.168044  x:  0.06988   6.14080   0.11628  
  5  0.1624 341852.137549  x:  0.06984   6.08610   0.11601  
  6  0.0396 341852.137529  x:  0.06984   6.08532   0.11603  
  7  0.0011 341852.137527  x:  0.06984   6.08510   0.11602  
  8  0.0003 341852.137527  x:  0.06984   6.08511   0.11602  
  9  0.0000 341852.137527  x:  0.06984   6.08511   0.11602  

7 (Bom_syl) ... 5 (Bom_mus)
  0  0.0000 341098.303850  x:  0.05861   4.82788   0.10950  
  1 99.0000 341059.498632  x:  0.06676   4.82790   0.11048  
  2 9903.6902 341053.034195  x:  0.06649   4.82825   0.12422  
  3 1000.1745 341039.954062  x:  0.06641   5.88370   0.12820  
  4 29.1045 341039.932548  x:  0.06642   5.83891   0.12792  
  5  0.0327 341039.932510  x:  0.06642   5.83787   0.12795  
  6  0.0009 341039.932510  x:  0.06642   5.83800   0.12795  

7 (Bom_syl) ... 6 (Bom_pas)
  0  0.0000 341485.978794  x:  0.05334   4.84405   0.16052  
  1 99.0000 341370.377259  x:  0.06693   4.84409   0.15968  
  2 18439.1594 341351.659232  x:  0.06708   4.84505   0.13190  
  3 1245.0690 341331.447742  x:  0.06700   6.12723   0.13896  
  4 36.2613 341331.322726  x:  0.06704   6.13339   0.13681  
  5  0.0076 341331.322265  x:  0.06706   6.13944   0.13682  
  6  0.0042 341331.322262  x:  0.06706   6.13973   0.13683  
  7  0.0002 341331.322262  x:  0.06706   6.13972   0.13683  

8 (Bom_vet) ... 1 (Apis_mel)
  0  0.0000 413526.978086  x:  0.50815   4.86530   0.15430  
  1 99.0000 412642.341409  x:  0.50672   4.86496   0.08949  
  2 21486.8718 412565.064534  x:  0.55262   4.86228   0.08104  
  3 3516.7690 412498.207688  x:  0.54432   4.11438   0.07966  
  4 160.2911 412490.914151  x:  0.54705   4.09375   0.08323  
  5  0.0528 412490.898942  x:  0.54704   4.09547   0.08342  
  6  0.0016 412490.898862  x:  0.54701   4.09476   0.08343  
  7  0.0009 412490.898861  x:  0.54701   4.09478   0.08343  

8 (Bom_vet) ... 2 (Bom_con)
  0  0.0000 355150.591544  x:  0.11053   3.51303   0.12531  
  1 99.0000 355131.649923  x:  0.11849   3.51332   0.12378  
  2 4795.7200 355127.731629  x:  0.11848   3.51488   0.11562  
  3 950.7006 355013.277450  x:  0.11832   5.27138   0.12758  
  4 170.4440 355012.617066  x:  0.11850   5.27905   0.12408  
  5  0.0076 355012.611451  x:  0.11851   5.29468   0.12411  
  6  0.0078 355012.611434  x:  0.11851   5.29471   0.12413  

8 (Bom_vet) ... 3 (Bom_hor)
  0  0.0000 341551.106450  x:  0.06550   4.47806   0.19926  
  1 99.0000 341501.265634  x:  0.07456   4.47888   0.16384  
  2 2761.8989 341427.820042  x:  0.07083   4.48003   0.11489  
  3 25445.4625 341402.957663  x:  0.07005   5.80683   0.12423  
  4 43.2703 341397.374155  x:  0.06683   5.74716   0.12517  
  5  0.0727 341397.355667  x:  0.06678   5.71747   0.12460  
  6  0.0255 341397.354171  x:  0.06679   5.70917   0.12472  
  7  0.0084 341397.354159  x:  0.06679   5.70911   0.12471  
  8  0.0001 341397.354159  x:  0.06679   5.70910   0.12471  
  9  0.0000 341397.354159  x:  0.06679   5.70910   0.12471  
check convergence!


8 (Bom_vet) ... 4 (Bom_hyp)
  0  0.0000 341622.661534  x:  0.06216   4.69918   0.17505  
  1 99.0000 341599.979333  x:  0.06856   4.69923   0.17240  
  2 6783.1819 341505.832488  x:  0.06858   4.70020   0.11179  
  3 3036.1279 341496.752954  x:  0.06849   5.48034   0.11663  
  4 25.4649 341496.554788  x:  0.06830   5.49193   0.11448  
  5  0.0176 341496.544485  x:  0.06817   5.49468   0.11467  
  6  0.0027 341496.544480  x:  0.06817   5.49531   0.11467  
  7  0.0005 341496.544480  x:  0.06817   5.49531   0.11467  
  8  0.0000 341496.544480  x:  0.06817   5.49531   0.11467  

8 (Bom_vet) ... 5 (Bom_mus)
  0  0.0000 326072.739419  x:  0.02076   4.48239   0.22354  
  1 99.0000 326069.266332  x:  0.02222   4.48252   0.21702  
  2 1078.7508 325996.599814  x:  0.02192   4.48458   0.11183  
  3 21676.0328 325991.389005  x:  0.02174   5.49339   0.12078  
  4 11.3455 325990.165544  x:  0.02112   5.53265   0.11417  
  5  0.0533 325990.050467  x:  0.02094   5.51249   0.11649  
  6  0.0332 325990.050220  x:  0.02094   5.50547   0.11640  
  7  0.0052 325990.050217  x:  0.02094   5.50503   0.11641  
  8  0.0005 325990.050217  x:  0.02094   5.50500   0.11641  
  9  0.0000 325990.050217  x:  0.02094   5.50502   0.11641  

8 (Bom_vet) ... 6 (Bom_pas)
  0  0.0000 326849.740678  x:  0.01877   4.35494   0.14462  
  1 99.0000 326816.920182  x:  0.02296   4.35494   0.14455  
  2 16822.5144 326814.086581  x:  0.02299   4.35638   0.12756  
  3 311.2485 326793.493421  x:  0.02288   6.53405   0.14084  
  4 24.5441 326793.292442  x:  0.02290   6.53181   0.13616  
  5  0.0051 326793.292051  x:  0.02290   6.54309   0.13612  
  6  0.0062 326793.292045  x:  0.02290   6.54279   0.13615  
  7  0.0004 326793.292040  x:  0.02290   6.54335   0.13616  

8 (Bom_vet) ... 7 (Bom_syl)
  0  0.0000 340952.369482  x:  0.05300   5.15045   0.15520  
  1 99.0000 340857.540804  x:  0.06522   5.15047   0.15441  
  2 16687.6424 340841.458437  x:  0.06536   5.15107   0.12887  
  3 1170.0374 340832.918014  x:  0.06531   6.04498   0.13319  
  4 21.6076 340832.878654  x:  0.06534   6.03087   0.13198  
  5  0.0165 340832.878103  x:  0.06535   6.02374   0.13198  
  6  0.0056 340832.878102  x:  0.06535   6.02371   0.13198  