Supplemental results for CODEML (seqf: /home/yzliu/eDNA/faststorage/yzliu/DK_proj/data/ref_genome/ref_annotation/primary_transcripts/extracted_cds_new/new_transcript_id_7_and_pas/bootstraps/cat.out.OG_cds_7_species_same_header_fas.shuf_537OG_317.phy  treef: xxx.trees)


pairwise comparison (Goldman & Yang 1994)
seq seq        N       S       dN       dS     dN/dS   Paras.
  2   1 459627.7 181940.3   0.0100   0.1695   0.0588   0.1657   3.7933   0.0588 -992616.253
  3   1 459904.3 181663.7   0.0098   0.1607   0.0609   0.1576   3.6076   0.0609 -989662.510
  3   2 458366.7 183201.3   0.0099   0.1533   0.0645   0.1525   4.0715   0.0645 -986103.712
  4   1 460157.5 181410.5   0.0076   0.1204   0.0634   0.1186   3.5585   0.0634 -968507.720
  4   2 458002.1 183565.9   0.0097   0.1583   0.0615   0.1567   4.1148   0.0615 -987706.121
  4   3 457696.8 183871.2   0.0094   0.1499   0.0629   0.1490   3.9867   0.0629 -984580.044
  5   1 463252.7 178315.3   0.0059   0.0932   0.0638   0.0906   3.1149   0.0638 -951532.301
  5   2 459574.1 181993.9   0.0105   0.1661   0.0631   0.1638   3.7795   0.0631 -992671.054
  5   3 460128.5 181439.5   0.0103   0.1551   0.0663   0.1538   3.5584   0.0663 -988939.385
  5   4 460420.5 181147.5   0.0079   0.1149   0.0691   0.1144   3.5051   0.0691 -966907.012
  6   1 464629.8 176938.2   0.0071   0.1196   0.0597   0.1145   2.9635   0.0597 -966597.005
  6   2 460480.4 181087.6   0.0091   0.1612   0.0564   0.1561   3.6540   0.0564 -987422.273
  6   3 460898.4 180669.6   0.0091   0.1522   0.0598   0.1482   3.4605   0.0598 -984738.415
  6   4 461334.4 180233.6   0.0072   0.1148   0.0623   0.1122   3.3898   0.0623 -964657.661
  6   5 464587.5 176980.5   0.0076   0.1146   0.0663   0.1114   2.9551   0.0663 -965691.676
  7   1 459493.3 182074.7   0.0652   1.1437   0.0570   1.1137   4.0019   0.0570 -1200879.357
  7   2 456149.3 185418.7   0.0661   1.2131   0.0545   1.1927   4.3069   0.0545 -1204486.779
  7   3 458139.6 183428.4   0.0657   1.1508   0.0571   1.1277   4.1502   0.0571 -1201519.787
  7   4 458199.9 183368.1   0.0650   1.1534   0.0564   1.1283   4.1451   0.0564 -1200660.377
  7   5 459677.1 181890.9   0.0654   1.1362   0.0576   1.1069   3.9872   0.0576 -1200894.180
  7   6 459479.7 182088.3   0.0647   1.1430   0.0566   1.1121   4.0160   0.0566 -1199927.830

