

2 (Bom_con) ... 1 (Apis_mel)
  0  0.0000 441758.453351  x:  0.48913   1.47427   0.42237  
  1 99.0000 432229.604300  x:  0.39145   1.53724   0.08527  
  2 28883.4586 432012.085008  x:  0.41125   1.54455   0.06634  
  3 18351.2749 429385.589868  x:  0.52518   3.29763   0.09924  
  4 4438.3166 429238.034926  x:  0.51026   3.54404   0.08330  
  5  0.1685 429201.406650  x:  0.54052   3.66155   0.07814  
  6  0.0791 429194.785321  x:  0.54312   3.76749   0.08159  
  7  0.0594 429192.434921  x:  0.54139   3.85724   0.08066  
  8  0.0622 429192.428744  x:  0.54157   3.85880   0.08075  
  9  0.0015 429192.428737  x:  0.54158   3.85898   0.08075  
 10  0.0002 429192.428737  x:  0.54158   3.85898   0.08075  

3 (Bom_hor) ... 1 (Apis_mel)
  0  0.0000 431635.534524  x:  0.41608   3.25737   0.16068  
  1 99.0000 430211.184059  x:  0.44822   3.25869   0.08172  
  2 25286.4816 429821.458894  x:  0.53921   3.26098   0.08261  
  3 10768.0951 429739.873980  x:  0.54269   3.88398   0.08680  
  4 286.6487 429713.383279  x:  0.55041   3.93829   0.07866  
  5  0.1117 429712.731784  x:  0.55435   3.97718   0.07873  
  6  0.0275 429712.731219  x:  0.55432   3.97707   0.07870  
  7  0.0001 429712.731215  x:  0.55431   3.97709   0.07870  
  8  0.0000 429712.731215  x:  0.55432   3.97711   0.07870  
  9  0.0000 429712.731215  x:  0.55432   3.97712   0.07870  

3 (Bom_hor) ... 2 (Bom_con)
  0  0.0000 367144.890637  x:  0.11786   3.60412   0.07826  
  1 99.0000 367123.047461  x:  0.11004   3.60442   0.08437  
  2 4326.7683 367116.902677  x:  0.11195   3.60500   0.09164  
  3 2023.4189 367026.343041  x:  0.11206   5.23630   0.09834  
  4 139.6318 367026.236206  x:  0.11152   5.23536   0.09794  
  5  0.0011 367026.235418  x:  0.11154   5.23551   0.09784  
  6  0.0001 367026.235414  x:  0.11154   5.23587   0.09784  
  7  0.0002 367026.235414  x:  0.11154   5.23591   0.09784  
  8  0.0000 367026.235414  x:  0.11154   5.23591   0.09784  
  9  0.0000 367026.235414  x:  0.11154   5.23591   0.09784  
check convergence!


4 (Bom_hyp) ... 1 (Apis_mel)
  0  0.0000 431939.774504  x:  0.54418   4.42239   0.21987  
  1 99.0000 428760.073570  x:  0.51170   4.42267   0.08320  
  2 30368.8324 428721.970705  x:  0.53499   4.42141   0.07515  
  3 3039.2888 428695.214495  x:  0.52830   3.97783   0.07422  
  4 112.6289 428668.058064  x:  0.54547   3.93024   0.07828  
  5  0.1355 428667.878210  x:  0.54727   3.95037   0.07787  
  6  0.0205 428667.875075  x:  0.54735   3.94679   0.07782  
  7  0.0040 428667.875074  x:  0.54735   3.94678   0.07782  

4 (Bom_hyp) ... 2 (Bom_con)
  0  0.0000 365963.611424  x:  0.09943   3.52514   0.05954  
  1 99.0000 365827.440908  x:  0.11313   3.52539   0.08140  
  2 11550.8481 365803.556676  x:  0.10585   3.52577   0.09081  
  3 4537.7259 365713.673685  x:  0.10516   5.15739   0.09605  
  4 139.4869 365711.531624  x:  0.10720   5.15419   0.09919  
  5  0.0033 365711.406811  x:  0.10675   5.15130   0.10017  
  6  0.0025 365711.406463  x:  0.10677   5.14927   0.10020  
  7  0.0016 365711.406431  x:  0.10676   5.14825   0.10019  
  8  0.0007 365711.406431  x:  0.10676   5.14824   0.10019  
  9  0.0000 365711.406431  x:  0.10676   5.14824   0.10019  
 10  0.0000 365711.406431  x:  0.10676   5.14824   0.10019  
 11  0.0589 365711.406431  x:  0.10676   5.14824   0.10019  
 12  0.0287 365711.406431  x:  0.10676   5.14824   0.10019  
check convergence!


4 (Bom_hyp) ... 3 (Bom_hor)
  0  0.0000 353900.840836  x:  0.06714   4.35926   0.14830  
  1 99.0000 353880.259684  x:  0.06130   4.35933   0.14498  
  2 5938.1194 353793.596375  x:  0.06251   4.36045   0.09338  
  3 3624.1965 353769.059919  x:  0.06249   5.64448   0.10098  
  4 44.4022 353768.390631  x:  0.06290   5.66738   0.09736  
  5  0.0328 353768.374680  x:  0.06305   5.67710   0.09759  
  6  0.0102 353768.374195  x:  0.06304   5.68364   0.09758  
  7  0.0043 353768.374192  x:  0.06304   5.68369   0.09759  
  8  0.0000 353768.374192  x:  0.06304   5.68369   0.09759  

5 (Bom_mus) ... 1 (Apis_mel)
  0  0.0000 431211.060346  x:  0.48137   4.71530   0.17326  
  1 99.0000 429796.279754  x:  0.48632   4.71485   0.08783  
  2 24554.8529 429614.155948  x:  0.55415   4.71193   0.07609  
  3 5883.9987 429540.324681  x:  0.54558   3.95193   0.07419  
  4 176.8059 429520.229739  x:  0.54999   3.91109   0.07996  
  5  0.1296 429520.157869  x:  0.55025   3.93222   0.08003  
  6  0.0290 429520.157816  x:  0.55022   3.93211   0.08004  
  7  0.0001 429520.157816  x:  0.55022   3.93212   0.08004  
  8  0.0000 429520.157816  x:  0.55022   3.93212   0.08004  

5 (Bom_mus) ... 2 (Bom_con)
  0  0.0000 368406.040873  x:  0.10628   3.53747   0.17292  
  1 99.0000 368331.166170  x:  0.12177   3.53819   0.15486  
  2 6579.3466 368186.136429  x:  0.11900   3.54030   0.10331  
  3 9973.9290 368085.857804  x:  0.11804   5.11962   0.11674  
  4 154.0501 368080.177142  x:  0.11495   5.15740   0.11085  
  5  0.0433 368080.034319  x:  0.11446   5.17125   0.11199  
  6  0.0163 368080.027853  x:  0.11447   5.18733   0.11197  
  7  0.0087 368080.027798  x:  0.11448   5.18745   0.11199  
  8  0.0001 368080.027798  x:  0.11448   5.18744   0.11200  
  9  0.0000 368080.027798  x:  0.11448   5.18745   0.11200  

5 (Bom_mus) ... 3 (Bom_hor)
  0  0.0000 354619.107976  x:  0.06265   4.23973   0.15518  
  1 99.0000 354611.091629  x:  0.06638   4.23990   0.14996  
  2 2568.2867 354566.419897  x:  0.06524   4.24111   0.11136  
  3 5571.9389 354536.791090  x:  0.06492   5.68045   0.12071  
  4 51.2412 354536.124159  x:  0.06433   5.65287   0.11707  
  5  0.0322 354536.110080  x:  0.06422   5.63477   0.11734  
  6  0.0170 354536.108961  x:  0.06424   5.62613   0.11727  
  7  0.0064 354536.108960  x:  0.06424   5.62616   0.11727  

5 (Bom_mus) ... 4 (Bom_hyp)
  0  0.0000 354355.923521  x:  0.06129   4.52760   0.17343  
  1 99.0000 354343.610093  x:  0.06597   4.52768   0.16958  
  2 4251.8819 354245.602617  x:  0.06555   4.52902   0.10873  
  3 4436.6179 354223.120569  x:  0.06534   5.77831   0.11689  
  4 41.4005 354222.279648  x:  0.06476   5.80330   0.11282  
  5  0.0340 354222.234121  x:  0.06452   5.81026   0.11342  
  6  0.0078 354222.233919  x:  0.06451   5.81455   0.11341  
  7  0.0029 354222.233916  x:  0.06452   5.81466   0.11342  

6 (Bom_pas) ... 1 (Apis_mel)
  0  0.0000 431809.381984  x:  0.49096   4.84301   0.19129  
  1 99.0000 429934.826198  x:  0.49064   4.84250   0.08817  
  2 25952.9175 429773.554162  x:  0.55104   4.83960   0.07516  
  3 5631.1303 429680.476418  x:  0.54066   3.96852   0.07313  
  4 191.7854 429645.308093  x:  0.55048   3.91276   0.08006  
  5  0.1901 429645.090627  x:  0.55178   3.94783   0.08003  
  6  0.0478 429645.083475  x:  0.55217   3.94567   0.07995  
  7  0.0020 429645.083454  x:  0.55217   3.94570   0.07994  

6 (Bom_pas) ... 2 (Bom_con)
  0  0.0000 368706.525886  x:  0.09167   3.62722   0.15989  
  1 99.0000 368502.458639  x:  0.11570   3.62746   0.15414  
  2 18097.2249 368379.931193  x:  0.11591   3.62947   0.10552  
  3 4545.0486 368289.251087  x:  0.11568   5.18390   0.11789  
  4 143.0886 368287.088292  x:  0.11557   5.21143   0.11216  
  5  0.0373 368287.057547  x:  0.11539   5.24143   0.11225  
  6  0.0180 368287.056610  x:  0.11543   5.24444   0.11231  
  7  0.0022 368287.056593  x:  0.11543   5.24472   0.11229  

6 (Bom_pas) ... 3 (Bom_hor)
  0  0.0000 354952.094245  x:  0.06746   4.41500   0.18116  
  1 99.0000 354939.088300  x:  0.06284   4.41510   0.17700  
  2 4085.8757 354836.074950  x:  0.06436   4.41672   0.11287  
  3 4640.1067 354807.652481  x:  0.06441   5.78966   0.12266  
  4 48.3883 354806.561288  x:  0.06511   5.81789   0.11773  
  5  0.0390 354806.517690  x:  0.06534   5.82760   0.11829  
  6  0.0108 354806.517002  x:  0.06534   5.83528   0.11827  
  7  0.0050 354806.516988  x:  0.06534   5.83560   0.11829  
  8  0.0003 354806.516988  x:  0.06534   5.83561   0.11829  
  9  0.0000 354806.516988  x:  0.06534   5.83560   0.11829  

6 (Bom_pas) ... 4 (Bom_hyp)
  0  0.0000 354735.326909  x:  0.05703   4.81027   0.12752  
  1 99.0000 354687.733663  x:  0.06577   4.81030   0.12699  
  2 11449.9163 354682.883889  x:  0.06585   4.81091   0.11494  
  3 773.0421 354664.079534  x:  0.06576   6.03138   0.12034  
  4 35.3470 354664.025531  x:  0.06579   6.03378   0.11910  
  5  0.0028 354664.025419  x:  0.06579   6.03684   0.11909  
  6  0.0022 354664.025417  x:  0.06579   6.03700   0.11909  
  7  0.0001 354664.025417  x:  0.06579   6.03701   0.11909  

6 (Bom_pas) ... 5 (Bom_mus)
  0  0.0000 339134.315811  x:  0.01731   4.94050   0.21514  
  1 99.0000 339113.933448  x:  0.02039   4.94050   0.21491  
  2 14010.0751 339044.213227  x:  0.02047   4.94294   0.11247  
  3 1046.8401 339030.021385  x:  0.02041   6.98315   0.12766  
  4 16.9447 339029.114317  x:  0.02043   7.08330   0.11860  
  5  0.1805 339029.090232  x:  0.02043   7.19634   0.11897  
  6  0.0564 339029.090223  x:  0.02043   7.19700   0.11899  
  7  0.0016 339029.090204  x:  0.02043   7.19635   0.11901  
  8  0.0019 339029.090199  x:  0.02043   7.19552   0.11901  

7 (Bom_syl) ... 1 (Apis_mel)
  0  0.0000 432260.016527  x:  0.44730   5.58117   0.21136  
  1 99.0000 429985.257040  x:  0.47059   5.57992   0.08914  
  2 25146.2630 429638.755703  x:  0.57039   5.57537   0.07702  
  3 8436.3037 429377.120889  x:  0.55606   3.99851   0.07266  
  4 279.7597 429355.493289  x:  0.55559   3.92418   0.07898  
  5  0.3475 429354.204129  x:  0.55201   3.98903   0.07968  
  6  0.0751 429354.036444  x:  0.55012   3.96578   0.07977  
  7  0.0296 429354.036091  x:  0.55014   3.96499   0.07979  
  8  0.0007 429354.036090  x:  0.55014   3.96504   0.07979  

7 (Bom_syl) ... 2 (Bom_con)
  0  0.0000 368505.578659  x:  0.10879   3.45814   0.13974  
  1 99.0000 368457.356138  x:  0.12103   3.45877   0.12693  
  2 5622.9689 368397.867117  x:  0.11828   3.46031   0.09797  
  3 6448.0973 368282.208496  x:  0.11745   5.19214   0.11040  
  4 169.7949 368280.260735  x:  0.11616   5.20106   0.10607  
  5  0.0109 368280.252824  x:  0.11602   5.20965   0.10623  
  6  0.0073 368280.251790  x:  0.11605   5.21547   0.10621  
  7  0.0035 368280.251788  x:  0.11605   5.21548   0.10622  

7 (Bom_syl) ... 3 (Bom_hor)
  0  0.0000 355288.065370  x:  0.06962   4.29275   0.12825  
  1 99.0000 355281.034830  x:  0.06614   4.29283   0.12574  
  2 3212.0773 355256.612384  x:  0.06725   4.29374   0.10079  
  3 2523.3840 355222.742584  x:  0.06719   5.76999   0.10858  
  4 54.7201 355222.355203  x:  0.06742   5.78022   0.10561  
  5  0.0122 355222.353061  x:  0.06746   5.79070   0.10565  
  6  0.0077 355222.352914  x:  0.06745   5.79316   0.10566  
  7  0.0020 355222.352914  x:  0.06745   5.79316   0.10566  
check convergence!


7 (Bom_syl) ... 4 (Bom_hyp)
  0  0.0000 354659.631761  x:  0.05751   4.69396   0.11883  
  1 99.0000 354612.029123  x:  0.06630   4.69399   0.11786  
  2 11326.5675 354599.500004  x:  0.06639   4.69453   0.10008  
  3 1326.3739 354582.569436  x:  0.06630   5.81396   0.10483  
  4 34.4525 354582.488165  x:  0.06633   5.81610   0.10344  
  5  0.0029 354582.488076  x:  0.06633   5.81882   0.10344  
  6  0.0019 354582.488075  x:  0.06633   5.81889   0.10345  
  7  0.0001 354582.488075  x:  0.06633   5.81889   0.10345  
check convergence!


7 (Bom_syl) ... 5 (Bom_mus)
  0  0.0000 354219.889096  x:  0.06659   4.60044   0.16826  
  1 99.0000 354208.437688  x:  0.06224   4.60051   0.16559  
  2 4378.1922 354144.196690  x:  0.06334   4.60176   0.11550  
  3 2955.5631 354120.556794  x:  0.06332   5.92534   0.12373  
  4 41.3962 354120.103469  x:  0.06365   5.94278   0.12024  
  5  0.0238 354120.095920  x:  0.06375   5.95153   0.12042  
  6  0.0088 354120.095654  x:  0.06374   5.95650   0.12042  
  7  0.0034 354120.095653  x:  0.06374   5.95650   0.12042  
  8  0.0000 354120.095653  x:  0.06374   5.95649   0.12042  
  9  0.0000 354120.095653  x:  0.06374   5.95650   0.12042  

7 (Bom_syl) ... 6 (Bom_pas)
  0  0.0000 354442.905951  x:  0.06400   4.72124   0.13179  
  1 99.0000 354441.854237  x:  0.06533   4.72133   0.13025  
  2 1040.7432 354437.123051  x:  0.06482   4.72202   0.11831  
  3 1620.2218 354413.244786  x:  0.06467   6.10240   0.12484  
  4 40.4378 354413.168750  x:  0.06465   6.10544   0.12332  
  5  0.0035 354413.168553  x:  0.06465   6.10973   0.12330  
  6  0.0029 354413.168549  x:  0.06465   6.11000   0.12331  
  7  0.0003 354413.168548  x:  0.06465   6.10998   0.12331  
  8  0.0000 354413.168548  x:  0.06465   6.10998   0.12331  
check convergence!


8 (Bom_vet) ... 1 (Apis_mel)
  0  0.0000 431116.139750  x:  0.45424   4.95368   0.16155  
  1 99.0000 429983.863074  x:  0.47230   4.95298   0.08744  
  2 22717.9951 429672.734363  x:  0.56559   4.94936   0.07918  
  3 8151.2118 429550.996568  x:  0.55657   3.95577   0.07653  
  4 218.1374 429547.172840  x:  0.55479   3.93513   0.07944  
  5  0.0590 429546.823399  x:  0.55184   3.94783   0.07966  
  6  0.0116 429546.817994  x:  0.55165   3.94225   0.07965  
  7  0.0078 429546.817994  x:  0.55165   3.94223   0.07965  

8 (Bom_vet) ... 2 (Bom_con)
  0  0.0000 368433.570672  x:  0.09208   3.52706   0.11307  
  1 99.0000 368250.937954  x:  0.11466   3.52728   0.11215  
  2 17517.9577 368246.429835  x:  0.11482   3.52856   0.10415  
  3 1072.2266 368134.503799  x:  0.11463   5.27501   0.11483  
  4 165.8407 368133.830481  x:  0.11485   5.28258   0.11160  
  5  0.0075 368133.824833  x:  0.11489   5.29763   0.11163  
  6  0.0078 368133.824753  x:  0.11488   5.29811   0.11165  
  7  0.0004 368133.824752  x:  0.11488   5.29815   0.11164  
  8  0.0000 368133.824752  x:  0.11488   5.29815   0.11164  
  9  0.0000 368133.824752  x:  0.11488   5.29815   0.11164  

8 (Bom_vet) ... 3 (Bom_hor)
  0  0.0000 354597.689162  x:  0.05774   4.32148   0.15082  
  1 99.0000 354569.905546  x:  0.06441   4.32153   0.14921  
  2 8417.7705 354525.901874  x:  0.06449   4.32280   0.11038  
  3 2113.1357 354492.698489  x:  0.06433   5.81932   0.11967  
  4 52.8674 354492.212187  x:  0.06432   5.83583   0.11594  
  5  0.0214 354492.208780  x:  0.06429   5.85342   0.11598  
  6  0.0107 354492.208737  x:  0.06430   5.85390   0.11600  
  7  0.0004 354492.208737  x:  0.06430   5.85393   0.11599  
  8  0.0000 354492.208737  x:  0.06430   5.85392   0.11599  
  9  0.0000 354492.208737  x:  0.06430   5.85392   0.11599  
 10  0.0000 354492.208737  x:  0.06430   5.85392   0.11599  

8 (Bom_vet) ... 4 (Bom_hyp)
  0  0.0000 354554.768595  x:  0.05170   4.58767   0.09866  
  1 99.0000 354429.673958  x:  0.06543   4.58770   0.09945  
  2 19810.5269 354425.555280  x:  0.06529   4.58819   0.10938  
  3 865.6834 354395.857188  x:  0.06516   6.11230   0.11496  
  4 46.5473 354395.845472  x:  0.06515   6.11013   0.11439  
  5  0.0018 354395.845467  x:  0.06514   6.11068   0.11439  
  6  0.0004 354395.845467  x:  0.06514   6.11077   0.11439  

8 (Bom_vet) ... 5 (Bom_mus)
  0  0.0000 338414.752380  x:  0.01583   4.80077   0.14184  
  1 99.0000 338393.790149  x:  0.01882   4.80077   0.14170  
  2 14876.4688 338375.664006  x:  0.01887   4.80162   0.09867  
  3 728.3502 338369.962650  x:  0.01882   6.04894   0.10505  
  4 10.5054 338369.875586  x:  0.01883   6.06272   0.10245  
  5  0.0198 338369.875274  x:  0.01883   6.07303   0.10243  
  6  0.0070 338369.875270  x:  0.01883   6.07335   0.10245  
  7  0.0003 338369.875270  x:  0.01883   6.07335   0.10245  

8 (Bom_vet) ... 6 (Bom_pas)
  0  0.0000 339037.013788  x:  0.01875   4.88141   0.08416  
  1 99.0000 339029.010310  x:  0.02078   4.88142   0.08427  
  2 8301.3233 339026.693078  x:  0.02075   4.88189   0.09605  
  3 416.9550 339009.999345  x:  0.02062   7.26012   0.10316  
  4 18.0236 339009.981997  x:  0.02063   7.25370   0.10203  
  5  0.0050 339009.981916  x:  0.02063   7.25722   0.10199  
  6  0.0022 339009.981904  x:  0.02063   7.25870   0.10202  
  7  0.0009 339009.981899  x:  0.02063   7.25907   0.10202  
  8  0.0207 339009.981893  x:  0.02063   7.25907   0.10202  
  9  0.0083 339009.981893  x:  0.02063   7.25907   0.10202  
check convergence!


8 (Bom_vet) ... 7 (Bom_syl)
  0  0.0000 354221.084310  x:  0.05873   5.79238   0.08177  
  1 99.0000 354189.470382  x:  0.06587   5.79237   0.08568  
  2 8084.0522 354143.194324  x:  0.06330   5.79237   0.11763  
  3 3963.2214 354142.005998  x:  0.06329   6.14593   0.11841  
  4  6.9261 354141.780874  x:  0.06390   6.14503   0.11883  
  5  0.0011 354141.778721  x:  0.06389   6.14548   0.11908  
  6  0.0003 354141.778721  x:  0.06389   6.14548   0.11908  
  7  0.0000 354141.778721  x:  0.06389   6.14548   0.11908  
  8  0.0000 354141.778721  x:  0.06389   6.14548   0.11908  
  9  0.3086 354141.778721  x:  0.06389   6.14548   0.11908  