

2 (And_ful) ... 1 (And_bic)
  0  0.0000 1020551.990321  x:  0.15825   1.34997   0.39233  
  1 99.0000 1011315.888635  x:  0.09881   1.41461   0.07612  
  2 35206.3669 1010686.286185  x:  0.10191   1.42082   0.04576  
  3 436384.0669 1005695.661561  x:  0.14797   3.88686   0.08898  
  4 6436.4438 1005313.735435  x:  0.16306   3.71958   0.06174  
  5  0.0987 1005312.445325  x:  0.16371   3.65453   0.06219  
  6  0.0181 1005312.252866  x:  0.16359   3.63567   0.06166  
  7  0.0138 1005312.204656  x:  0.16332   3.63182   0.06179  
  8  0.0034 1005312.204649  x:  0.16332   3.63198   0.06179  
  9  0.0002 1005312.204649  x:  0.16332   3.63198   0.06179  

3 (And_hae) ... 1 (And_bic)
  0  0.0000 1002573.732529  x:  0.12670   3.26726   0.07391  
  1 99.0000 1002035.599434  x:  0.15541   3.26736   0.06878  
  2 39932.2483 1002019.179930  x:  0.15516   3.26751   0.06294  
  3 5408.7350 1002005.083885  x:  0.15517   3.52565   0.06411  
  4 114.3270 1002005.030021  x:  0.15502   3.52541   0.06382  
  5  0.0004 1002005.029140  x:  0.15498   3.52536   0.06384  
  6  0.0001 1002005.029140  x:  0.15498   3.52535   0.06384  
  7  0.0000 1002005.029140  x:  0.15498   3.52535   0.06384  
  8  0.0000 1002005.029140  x:  0.15498   3.52535   0.06384  

3 (And_hae) ... 2 (And_ful)
  0  0.0000 1000448.399857  x:  0.12137   3.34131   0.12817  
  1 99.0000 999556.738626  x:  0.15850   3.34166   0.10648  
  2 45975.5461 999032.903696  x:  0.15646   3.34233   0.06544  
  3 26919.6904 998987.071156  x:  0.15617   3.83895   0.06883  
  4 199.2095 998966.080400  x:  0.15041   3.83783   0.06726  
  5  0.0052 998965.629136  x:  0.15012   3.83104   0.06824  
  6  0.0107 998965.628241  x:  0.15012   3.82892   0.06821  
  7  0.0017 998965.628238  x:  0.15012   3.82886   0.06821  

4 (And_hat) ... 1 (And_bic)
  0  0.0000 982924.480024  x:  0.11621   3.37754   0.18849  
  1 99.0000 981234.007515  x:  0.09899   3.37929   0.07907  
  2 22887.2784 981008.487352  x:  0.10813   3.37962   0.05880  
  3 63727.3995 980968.888138  x:  0.10964   3.89589   0.06315  
  4 163.3810 980900.649848  x:  0.11621   3.62999   0.07004  
  5  0.5099 980898.917162  x:  0.11714   3.65331   0.06832  
  6  0.0211 980898.905060  x:  0.11714   3.64442   0.06823  
  7  0.0086 980898.905014  x:  0.11714   3.64443   0.06822  
  8  0.0000 980898.905014  x:  0.11714   3.64443   0.06822  

4 (And_hat) ... 2 (And_ful)
  0  0.0000 1003787.210779  x:  0.15985   3.30387   0.17247  
  1 99.0000 1002007.110796  x:  0.12802   3.30558   0.08679  
  2 32451.4744 1001574.862956  x:  0.13806   3.30619   0.05784  
  3 61916.5891 1001430.126002  x:  0.14104   4.23020   0.06430  
  4 358.5394 1001290.188389  x:  0.15466   3.97637   0.06912  
  5  0.3309 1001286.349409  x:  0.15545   3.97253   0.06623  
  6  0.0050 1001286.329181  x:  0.15547   3.96103   0.06617  
  7  0.0100 1001286.329051  x:  0.15546   3.96087   0.06617  
  8  0.0001 1001286.329051  x:  0.15546   3.96088   0.06617  
  9  0.0000 1001286.329050  x:  0.15546   3.96088   0.06617  

4 (And_hat) ... 3 (And_hae)
  0  0.0000 1001199.597124  x:  0.12082   3.39104   0.18881  
  1 99.0000 1000141.851088  x:  0.16248   3.39166   0.15663  
  2 45019.2347 998395.170441  x:  0.16243   3.39330   0.06608  
  3 43881.0805 998339.936792  x:  0.16189   3.93709   0.07159  
  4 218.9445 998244.208670  x:  0.15150   4.02005   0.06374  
  5  0.0873 998226.560584  x:  0.14798   3.96202   0.06872  
  6  0.1183 998226.500942  x:  0.14814   3.94485   0.06869  
  7  0.0149 998226.499723  x:  0.14811   3.94329   0.06866  
  8  0.0015 998226.499720  x:  0.14811   3.94333   0.06866  
  9  0.0000 998226.499720  x:  0.14811   3.94332   0.06866  
 10  0.0000 998226.499720  x:  0.14811   3.94333   0.06866  
 11  0.0000 998226.499720  x:  0.14811   3.94333   0.06866  
 12  0.0000 998226.499720  x:  0.14811   3.94333   0.06866  
 13  0.0029 998226.499720  x:  0.14811   3.94333   0.06866  
 14  0.0008 998226.499720  x:  0.14811   3.94333   0.06866  
check convergence!


5 (And_mar) ... 1 (And_bic)
  0  0.0000 963280.811949  x:  0.09301   3.56909   0.12525  
  1 99.0000 963104.450743  x:  0.08143   3.56910   0.11131  
  2 18617.2506 962736.233452  x:  0.08490   3.56910   0.06586  
  3 27582.6517 962718.900188  x:  0.08479   3.21900   0.06348  
  4 89.9665 962703.545236  x:  0.08807   3.17008   0.06647  
  5  0.0569 962702.783444  x:  0.08845   3.18438   0.06505  
  6  0.0242 962702.783270  x:  0.08844   3.18427   0.06503  
  7  0.0001 962702.783269  x:  0.08844   3.18434   0.06503  

5 (And_mar) ... 2 (And_ful)
  0  0.0000 1007201.103638  x:  0.13042   2.87580   0.09107  
  1 99.0000 1006320.213404  x:  0.16785   2.87629   0.07494  
  2 47412.4317 1006210.351435  x:  0.16606   2.87686   0.06015  
  3 14599.8025 1006065.216202  x:  0.16570   3.64179   0.06468  
  4 434.0466 1006062.508925  x:  0.16405   3.64339   0.06323  
  5  0.0026 1006062.430578  x:  0.16378   3.64370   0.06354  
  6  0.0005 1006062.430555  x:  0.16378   3.64337   0.06354  
  7  0.0002 1006062.430554  x:  0.16378   3.64336   0.06354  

5 (And_mar) ... 3 (And_hae)
  0  0.0000 1002900.658063  x:  0.15248   3.21552   0.11971  
  1 99.0000 1002129.848164  x:  0.14740   3.21622   0.06854  
  2 23729.9187 1002106.309382  x:  0.15345   3.21636   0.06592  
  3 7987.1910 1002087.832212  x:  0.15375   3.50383   0.06820  
  4 135.0691 1002087.320816  x:  0.15351   3.51142   0.06723  
  5  0.0145 1002087.320384  x:  0.15353   3.51251   0.06722  
  6  0.0010 1002087.320382  x:  0.15353   3.51257   0.06722  

5 (And_mar) ... 4 (And_hat)
  0  0.0000 979543.319676  x:  0.12328   3.13923   0.05756  
  1 99.0000 979438.531580  x:  0.11247   3.13931   0.06404  
  2 16249.2842 979429.430637  x:  0.11387   3.13946   0.06861  
  3 4150.1057 979405.931612  x:  0.11392   3.51223   0.07022  
  4 135.2827 979405.775336  x:  0.11351   3.51104   0.07051  
  5  0.0013 979405.774966  x:  0.11352   3.51059   0.07054  
  6  0.0004 979405.774965  x:  0.11352   3.51055   0.07054  
  7  0.0000 979405.774965  x:  0.11352   3.51056   0.07054  

6 (And_tri) ... 1 (And_bic)
  0  0.0000 980930.328958  x:  0.11052   3.06224   0.14090  
  1 99.0000 979837.705020  x:  0.12111   3.06287   0.06414  
  2 21460.7684 979804.671117  x:  0.11534   3.06287   0.06030  
  3 11507.6438 979803.199772  x:  0.11549   2.98221   0.05954  
  4 35.4445 979799.234426  x:  0.11446   2.94839   0.06220  
  5  0.0854 979799.230561  x:  0.11446   2.95249   0.06223  
  6  0.0044 979799.230559  x:  0.11446   2.95248   0.06223  

6 (And_tri) ... 2 (And_ful)
  0  0.0000 1005121.890604  x:  0.16576   2.69957   0.17619  
  1 99.0000 1003193.621090  x:  0.12494   2.70193   0.09786  
  2 37840.6972 1002404.093370  x:  0.13311   2.70324   0.05494  
  3 77349.7003 1002119.806262  x:  0.13696   3.75865   0.06455  
  4 643.1058 1001881.651029  x:  0.15626   3.55609   0.06328  
  5  0.2159 1001880.449619  x:  0.15627   3.54241   0.06170  
  6  0.0178 1001880.363137  x:  0.15621   3.52196   0.06169  
  7  0.0159 1001880.362931  x:  0.15619   3.52198   0.06170  
  8  0.0000 1001880.362931  x:  0.15619   3.52200   0.06169  

6 (And_tri) ... 3 (And_hae)
  0  0.0000 1001931.105136  x:  0.14086   3.04904   0.18909  
  1 99.0000 999150.935493  x:  0.15544   3.05153   0.06389  
  2 29726.2593 999124.127312  x:  0.14922   3.05171   0.06138  
  3 8449.9786 999093.570665  x:  0.14802   3.42225   0.06619  
  4 193.9049 999092.606702  x:  0.14857   3.43486   0.06491  
  5  0.0354 999092.489410  x:  0.14857   3.41180   0.06468  
  6  0.0208 999092.489339  x:  0.14857   3.41156   0.06469  
  7  0.0003 999092.489339  x:  0.14857   3.41155   0.06469  

6 (And_tri) ... 4 (And_hat)
  0  0.0000 979311.445005  x:  0.11984   3.18383   0.13463  
  1 99.0000 978906.767918  x:  0.10077   3.18415   0.11010  
  2 24513.0511 978436.492628  x:  0.10612   3.18471   0.06553  
  3 35212.7796 978426.732796  x:  0.10634   3.42079   0.06741  
  4 85.2920 978395.557765  x:  0.11227   3.37442   0.06870  
  5  0.0501 978395.275351  x:  0.11235   3.37993   0.06780  
  6  0.0091 978395.274737  x:  0.11232   3.37959   0.06779  
  7  0.0003 978395.274737  x:  0.11232   3.37956   0.06779  
  8  0.0000 978395.274737  x:  0.11232   3.37956   0.06779  

6 (And_tri) ... 5 (And_mar)
  0  0.0000 979935.415062  x:  0.09333   3.09540   0.11078  
  1 99.0000 979519.804040  x:  0.11454   3.09542   0.10205  
  2 39050.4754 979231.378784  x:  0.11378   3.09548   0.06715  
  3 16185.6793 979223.747989  x:  0.11384   2.91061   0.06578  
  4 78.9392 979221.474346  x:  0.11231   2.90306   0.06685  
  5  0.0070 979221.380390  x:  0.11218   2.90579   0.06640  
  6  0.0043 979221.380382  x:  0.11218   2.90592   0.06640  

7 (Bom_pas) ... 1 (And_bic)
  0  0.0000 1237215.511334  x:  1.03272   2.85464   0.16410  
  1 99.0000 1224616.656875  x:  1.01977   2.85687   0.06043  
  2 159064.7941 1224540.011597  x:  1.05522   2.87271   0.05541  
  3 3763.0668 1223774.597449  x:  1.11348   3.92081   0.05939  
  4 2148.8026 1223745.735317  x:  1.15049   3.90021   0.05850  
  5  0.0497 1223741.606748  x:  1.15501   3.91123   0.05725  
  6  0.0130 1223741.525006  x:  1.15632   3.92395   0.05724  
  7  0.0080 1223741.524914  x:  1.15627   3.92391   0.05725  
  8  0.0001 1223741.524914  x:  1.15627   3.92392   0.05725  
  9  0.0000 1223741.524914  x:  1.15627   3.92392   0.05725  

7 (Bom_pas) ... 2 (And_ful)
  0  0.0000 1232459.839864  x:  1.35826   3.34851   0.08486  
  1 99.0000 1228467.453197  x:  1.35489   3.34899   0.04835  
  2 172848.6902 1228019.811128  x:  1.18559   3.40124   0.05969  
  3 4859.7243 1227695.599433  x:  1.26675   4.17303   0.05821  
  4 972.1660 1227604.138584  x:  1.22997   4.20293   0.05546  
  5  0.0642 1227603.650112  x:  1.23517   4.21028   0.05506  
  6  0.0101 1227603.641594  x:  1.23545   4.21464   0.05507  
  7  0.0031 1227603.641573  x:  1.23543   4.21467   0.05507  
  8  0.0000 1227603.641573  x:  1.23543   4.21467   0.05507  
  9  0.0000 1227603.641573  x:  1.23543   4.21467   0.05507  
check convergence!


7 (Bom_pas) ... 3 (And_hae)
  0  0.0000 1229314.192958  x:  1.23085   3.77774   0.09795  
  1 99.0000 1225021.337863  x:  1.22670   3.77807   0.05432  
  2 153354.9761 1224949.040927  x:  1.16662   3.78997   0.05919  
  3 2333.0639 1224914.497645  x:  1.18764   4.05509   0.05873  
  4 273.1673 1224896.432731  x:  1.17057   4.05146   0.05750  
  5  0.0270 1224896.391015  x:  1.17189   4.05187   0.05738  
  6  0.0015 1224896.391014  x:  1.17189   4.05182   0.05738  

7 (Bom_pas) ... 4 (And_hat)
  0  0.0000 1231831.844650  x:  1.06320   3.58936   0.13480  
  1 99.0000 1224150.757268  x:  1.05634   3.59003   0.06124  
  2 149531.1078 1224068.618315  x:  1.10159   3.59433   0.05597  
  3 3540.3702 1223952.608633  x:  1.12713   4.07087   0.05625  
  4 529.8925 1223897.426797  x:  1.16109   4.06673   0.05790  
  5  0.0599 1223895.506882  x:  1.16951   4.07070   0.05704  
  6  0.0078 1223895.497973  x:  1.16999   4.07453   0.05705  
  7  0.0033 1223895.497949  x:  1.16998   4.07464   0.05705  

7 (Bom_pas) ... 5 (And_mar)
  0  0.0000 1225142.399928  x:  1.32596   3.45782   0.06285  
  1 99.0000 1224440.901586  x:  1.32449   3.45802   0.04930  
  2 93072.3383 1223778.315151  x:  1.11834   3.49608   0.05944  
  3 5650.4821 1223691.012710  x:  1.15666   3.88494   0.05890  
  4 476.7339 1223681.598729  x:  1.14433   3.90131   0.05815  
  5  0.0225 1223681.334821  x:  1.14741   3.90137   0.05784  
  6  0.0035 1223681.334615  x:  1.14747   3.90199   0.05784  
  7  0.0005 1223681.334615  x:  1.14747   3.90200   0.05784  

7 (Bom_pas) ... 6 (And_tri)
  0  0.0000 1234546.541246  x:  1.29294   3.45999   0.12544  
  1 99.0000 1223885.244890  x:  1.28322   3.46087   0.05051  
  2 193656.3411 1223665.057043  x:  1.18710   3.47984   0.06076  
  3 4749.5269 1223560.137853  x:  1.22448   3.91455   0.05981  
  4 517.7583 1223366.552727  x:  1.13896   3.88882   0.05884  
  5  0.1376 1223360.527515  x:  1.15206   3.90571   0.05728  
  6  0.0246 1223360.501453  x:  1.15117   3.90402   0.05725  
  7  0.0020 1223360.501393  x:  1.15114   3.90370   0.05725  
  8  0.0003 1223360.501392  x:  1.15115   3.90368   0.05725  