Supplemental results for CODEML (seqf: /home/yzliu/eDNA/faststorage/yzliu/DK_proj/data/ref_genome/ref_annotation/primary_transcripts/extracted_cds_new/new_transcript_id_8_bom_apis/bootstraps/cat.out.OG_cds_8_species_same_header_fas.shuf_211OG_133.phy  treef: xxx.trees)


pairwise comparison (Goldman & Yang 1994)
seq seq        N       S       dN       dS     dN/dS   Paras.
  2   1 333346.5 106156.5   0.0578   0.5963   0.0969   0.5635   4.0554   0.0969 -770328.654
  3   1 332479.9 107023.1   0.0579   0.6133   0.0944   0.5793   4.1367   0.0944 -771832.424
  3   2 323489.2 116013.8   0.0139   0.1106   0.1260   0.1184   5.4979   0.1260 -655378.003
  4   1 333572.3 105930.7   0.0569   0.6007   0.0947   0.5639   4.0592   0.0947 -769353.437
  4   2 324608.7 114894.3   0.0132   0.1034   0.1276   0.1104   5.3534   0.1276 -651657.514
  4   3 322840.9 116662.1   0.0078   0.0629   0.1243   0.0673   5.9333   0.1243 -630265.426
  5   1 333594.7 105908.3   0.0581   0.6088   0.0954   0.5723   4.0719   0.0954 -770933.438
  5   2 324891.4 114611.6   0.0148   0.1102   0.1343   0.1190   5.2530   0.1343 -655980.835
  5   3 323550.6 115952.4   0.0088   0.0653   0.1344   0.0711   5.6021   0.1344 -632646.099
  5   4 324463.5 115039.5   0.0086   0.0645   0.1333   0.0697   5.5579   0.1333 -631544.555
  6   1 333627.1 105875.9   0.0584   0.6074   0.0961   0.5719   4.0550   0.0961 -771261.339
  6   2 324991.9 114511.1   0.0152   0.1112   0.1363   0.1206   5.2007   0.1363 -656829.749
  6   3 323463.6 116039.4   0.0092   0.0655   0.1411   0.0723   5.6374   0.1411 -633488.517
  6   4 324351.7 115151.3   0.0093   0.0641   0.1453   0.0709   5.6055   0.1453 -632601.995
  6   5 323309.3 116193.7   0.0032   0.0201   0.1598   0.0230   6.2038   0.1598 -603175.826
  7   1 333608.5 105894.5   0.0587   0.6064   0.0968   0.5720   4.0888   0.0968 -771348.599
  7   2 324590.3 114912.7   0.0151   0.1125   0.1339   0.1216   5.4179   0.1339 -656978.336
  7   3 322684.0 116819.0   0.0089   0.0667   0.1334   0.0728   6.0846   0.1334 -633308.039
  7   4 323566.2 115936.8   0.0088   0.0650   0.1354   0.0709   6.0596   0.1354 -632018.318
  7   5 324305.3 115197.7   0.0091   0.0615   0.1472   0.0684   5.6981   0.1472 -631198.423
  7   6 324343.0 115160.0   0.0096   0.0612   0.1571   0.0694   5.6704   0.1571 -632108.996
  8   1 333539.9 105963.1   0.0581   0.6080   0.0956   0.5722   4.0647   0.0956 -771071.713
  8   2 324698.7 114804.3   0.0148   0.1102   0.1341   0.1191   5.3079   0.1341 -656014.554
  8   3 323323.9 116179.1   0.0087   0.0643   0.1359   0.0702   5.6789   0.1359 -632293.155
  8   4 324120.2 115382.8   0.0087   0.0636   0.1368   0.0693   5.6933   0.1368 -631496.330
  8   5 323642.6 115860.4   0.0026   0.0185   0.1400   0.0204   5.9817   0.1400 -601170.546
  8   6 323409.5 116093.5   0.0031   0.0200   0.1565   0.0228   6.1029   0.1565 -603086.829
  8   7 324076.3 115426.7   0.0090   0.0600   0.1502   0.0672   5.7783   0.1502 -630730.976

