Supplemental results for CODEML (seqf: /home/yzliu/eDNA/faststorage/yzliu/DK_proj/data/ref_genome/ref_annotation/primary_transcripts/extracted_cds_new/new_transcript_id_8_bom_apis/bootstraps/cat.out.OG_cds_8_species_same_header_fas.shuf_211OG_981.phy  treef: xxx.trees)


pairwise comparison (Goldman & Yang 1994)
seq seq        N       S       dN       dS     dN/dS   Paras.
  2   1 161880.8  55790.2   0.0612   0.5624   0.1089   0.5691   3.8838   0.1089 -386814.986
  3   1 161802.3  55868.7   0.0613   0.5792   0.1058   0.5827   3.8998   0.1058 -387497.413
  3   2 157842.3  59828.7   0.0142   0.1073   0.1319   0.1193   5.3378   0.1319 -326824.770
  4   1 162080.3  55590.7   0.0601   0.5718   0.1052   0.5724   3.9005   0.1052 -386295.887
  4   2 157961.4  59709.6   0.0134   0.1000   0.1339   0.1114   5.4655   0.1339 -324941.720
  4   3 157684.0  59987.0   0.0081   0.0615   0.1324   0.0686   5.6734   0.1324 -314477.052
  5   1 162111.1  55559.9   0.0613   0.5789   0.1058   0.5802   3.9020   0.1058 -387086.701
  5   2 158100.5  59570.5   0.0145   0.1066   0.1360   0.1191   5.3727   0.1360 -326720.163
  5   3 158286.1  59384.9   0.0091   0.0632   0.1434   0.0715   5.1698   0.1434 -315503.903
  5   4 158137.8  59533.2   0.0086   0.0620   0.1395   0.0697   5.5349   0.1395 -314742.241
  6   1 162072.8  55598.2   0.0615   0.5796   0.1061   0.5815   3.9047   0.1061 -387231.117
  6   2 158023.2  59647.8   0.0149   0.1067   0.1401   0.1202   5.4117   0.1401 -327060.606
  6   3 158003.3  59667.7   0.0094   0.0630   0.1499   0.0723   5.3832   0.1499 -315775.252
  6   4 157768.3  59902.7   0.0092   0.0611   0.1500   0.0704   5.8582   0.1500 -315024.409
  6   5 157930.4  59740.6   0.0028   0.0203   0.1385   0.0229   5.7336   0.1385 -300549.106
  7   1 162058.5  55612.5   0.0616   0.5753   0.1071   0.5786   3.9417   0.1071 -387090.871
  7   2 157832.5  59838.5   0.0150   0.1087   0.1382   0.1224   5.6271   0.1382 -327404.515
  7   3 157507.9  60163.1   0.0090   0.0653   0.1372   0.0736   5.8913   0.1372 -315788.273
  7   4 157448.6  60222.4   0.0087   0.0638   0.1369   0.0719   6.2437   0.1369 -315131.170
  7   5 157824.4  59846.6   0.0089   0.0598   0.1481   0.0686   5.8842   0.1481 -314470.718
  7   6 157641.1  60029.9   0.0094   0.0589   0.1592   0.0691   6.0377   0.1592 -314747.190
  8   1 162055.3  55615.7   0.0613   0.5765   0.1064   0.5789   3.9024   0.1064 -387059.974
  8   2 157908.4  59762.6   0.0147   0.1047   0.1404   0.1182   5.4968   0.1404 -326616.522
  8   3 158059.6  59611.4   0.0092   0.0610   0.1517   0.0702   5.3168   0.1517 -315274.236
  8   4 157780.2  59890.8   0.0090   0.0601   0.1494   0.0691   5.8254   0.1494 -314690.794
  8   5 157911.1  59759.9   0.0024   0.0180   0.1350   0.0201   5.7320   0.1350 -299527.956
  8   6 157113.8  60557.2   0.0030   0.0186   0.1605   0.0220   6.5537   0.1605 -300289.408
  8   7 157475.0  60196.0   0.0091   0.0577   0.1575   0.0675   6.1933   0.1575 -314260.933

