Supplemental results for CODEML (seqf: /home/yzliu/eDNA/faststorage/yzliu/DK_proj/data/ref_genome/ref_annotation/primary_transcripts/extracted_cds_new/new_transcript_id_7_and_pas/bootstraps/cat.out.OG_cds_7_species_same_header_fas.shuf_537OG_737.phy  treef: xxx.trees)


pairwise comparison (Goldman & Yang 1994)
seq seq        N       S       dN       dS     dN/dS   Paras.
  2   1 490528.3 195190.7   0.0099   0.1726   0.0574   0.1687   3.8652   0.0574 -1061492.317
  3   1 490432.6 195286.4   0.0094   0.1601   0.0590   0.1571   3.7316   0.0590 -1056262.389
  3   2 489036.1 196682.9   0.0096   0.1556   0.0614   0.1544   4.1682   0.0614 -1053912.887
  4   1 491295.4 194423.6   0.0074   0.1213   0.0614   0.1192   3.6141   0.0614 -1034682.909
  4   2 488913.1 196805.9   0.0095   0.1610   0.0593   0.1591   4.1921   0.0593 -1055978.400
  4   3 487922.2 197796.8   0.0094   0.1506   0.0622   0.1503   4.1623   0.0622 -1052287.584
  5   1 493382.2 192336.8   0.0056   0.0916   0.0611   0.0891   3.3063   0.0611 -1014991.841
  5   2 490412.6 195306.4   0.0100   0.1683   0.0595   0.1653   3.8730   0.0595 -1060247.509
  5   3 490734.6 194984.4   0.0097   0.1553   0.0627   0.1533   3.6817   0.0627 -1055185.486
  5   4 490990.4 194728.6   0.0076   0.1149   0.0661   0.1142   3.6474   0.0661 -1032292.077
  6   1 495382.4 190336.6   0.0070   0.1200   0.0580   0.1151   3.0860   0.0580 -1032545.546
  6   2 491577.9 194141.1   0.0093   0.1638   0.0569   0.1592   3.7204   0.0569 -1056641.198
  6   3 491828.6 193890.4   0.0091   0.1529   0.0598   0.1494   3.5460   0.0598 -1052676.585
  6   4 492432.1 193286.9   0.0072   0.1161   0.0622   0.1138   3.4688   0.0622 -1031685.201
  6   5 495389.2 190329.8   0.0072   0.1149   0.0625   0.1112   3.0788   0.0625 -1030896.333
  7   1 491508.7 194210.3   0.0628   1.1710   0.0536   1.1299   4.2020   0.0536 -1276770.595
  7   2 487181.9 198537.1   0.0640   1.2510   0.0512   1.2231   4.5709   0.0512 -1281757.749
  7   3 489774.9 195944.1   0.0633   1.1772   0.0538   1.1448   4.3822   0.0538 -1277705.482
  7   4 489629.8 196089.2   0.0630   1.1856   0.0531   1.1520   4.3923   0.0531 -1277513.398
  7   5 491481.1 194237.9   0.0630   1.1627   0.0542   1.1234   4.2066   0.0542 -1276812.688
  7   6 491191.7 194527.3   0.0628   1.1759   0.0534   1.1357   4.2333   0.0534 -1276941.694

