

2 (Bom_con) ... 1 (Apis_mel)
  0  0.0000 429495.631092  x:  0.50563   1.52689   0.38540  
  1 99.0000 422593.678644  x:  0.41394   1.58085   0.10135  
  2 26871.0277 422383.135832  x:  0.43895   1.59189   0.07993  
  3 13534.7360 419802.057146  x:  0.53474   3.46594   0.12080  
  4 4310.5296 419632.606746  x:  0.50177   3.73217   0.10553  
  5  0.2454 419564.895847  x:  0.53614   3.93724   0.09426  
  6  0.1252 419552.363499  x:  0.54349   4.08160   0.09922  
  7  0.0801 419547.490690  x:  0.54050   4.22152   0.09805  
  8  0.0875 419547.454575  x:  0.54027   4.23098   0.09835  
  9  0.0085 419547.454550  x:  0.54024   4.23084   0.09835  
 10  0.0001 419547.454550  x:  0.54024   4.23083   0.09835  
 11  0.0000 419547.454550  x:  0.54024   4.23083   0.09835  
 12  0.0000 419547.454550  x:  0.54024   4.23083   0.09835  

3 (Bom_hor) ... 1 (Apis_mel)
  0  0.0000 421829.979840  x:  0.46192   3.53343   0.21740  
  1 99.0000 419969.500073  x:  0.47208   3.53559   0.10282  
  2 22632.4336 419789.302952  x:  0.53734   3.53830   0.09169  
  3 6172.3688 419687.061934  x:  0.54598   4.30772   0.09696  
  4 293.8807 419686.767755  x:  0.54663   4.31665   0.09601  
  5  0.0207 419686.624792  x:  0.54868   4.31808   0.09590  
  6  0.0025 419686.624768  x:  0.54868   4.31851   0.09590  
  7  0.0003 419686.624768  x:  0.54868   4.31851   0.09590  

3 (Bom_hor) ... 2 (Bom_con)
  0  0.0000 357489.376435  x:  0.09536   3.78071   0.14558  
  1 99.0000 357387.258880  x:  0.11261   3.78091   0.14198  
  2 12313.1503 357348.122000  x:  0.11268   3.78235   0.11522  
  3 2670.5377 357274.313454  x:  0.11258   5.28659   0.12502  
  4 121.0056 357273.099953  x:  0.11263   5.28826   0.12030  
  5  0.0058 357273.098706  x:  0.11264   5.29387   0.12021  
  6  0.0039 357273.098599  x:  0.11264   5.29531   0.12025  
  7  0.0012 357273.098599  x:  0.11264   5.29530   0.12025  

4 (Bom_hyp) ... 1 (Apis_mel)
  0  0.0000 420677.888633  x:  0.52810   4.30466   0.21250  
  1 99.0000 418784.002990  x:  0.50533   4.30525   0.10065  
  2 24039.6290 418747.320077  x:  0.53144   4.30492   0.09222  
  3 2705.8185 418743.660631  x:  0.53262   4.16687   0.09317  
  4  0.9675 418737.349577  x:  0.53957   4.28166   0.09590  
  5 11.1136 418737.295833  x:  0.54062   4.27671   0.09561  
  6  0.0046 418737.295759  x:  0.54062   4.27726   0.09560  
  7  0.0005 418737.295759  x:  0.54062   4.27726   0.09560  
  8  0.0000 418737.295759  x:  0.54062   4.27727   0.09560  

4 (Bom_hyp) ... 2 (Bom_con)
  0  0.0000 356113.233090  x:  0.10450   3.61199   0.10080  
  1 99.0000 356101.117905  x:  0.11002   3.61228   0.10571  
  2 3338.7227 356092.765866  x:  0.10745   3.61321   0.11651  
  3 2045.9956 355999.896974  x:  0.10724   5.36382   0.12492  
  4 140.6331 355999.637330  x:  0.10793   5.31126   0.12364  
  5  0.0423 355999.617434  x:  0.10779   5.28604   0.12352  
  6  0.0166 355999.616988  x:  0.10780   5.28476   0.12360  
  7  0.0010 355999.616987  x:  0.10780   5.28472   0.12360  

4 (Bom_hyp) ... 3 (Bom_hor)
  0  0.0000 343940.847146  x:  0.05787   4.34731   0.18893  
  1 99.0000 343916.526358  x:  0.06422   4.34738   0.18620  
  2 7303.2617 343775.338357  x:  0.06433   4.34939   0.10835  
  3 3435.9719 343740.076798  x:  0.06416   5.90354   0.11946  
  4 54.0854 343738.796408  x:  0.06398   5.94685   0.11351  
  5  0.0718 343738.765075  x:  0.06377   5.97421   0.11375  
  6  0.0223 343738.763607  x:  0.06380   5.98519   0.11377  
  7  0.0070 343738.763607  x:  0.06380   5.98517   0.11377  

5 (Bom_mus) ... 1 (Apis_mel)
  0  0.0000 419226.325994  x:  0.49707   4.80639   0.09912  
  1 99.0000 419179.474194  x:  0.51538   4.80569   0.10796  
  2 4724.1183 419121.500410  x:  0.54834   4.80411   0.09576  
  3 6333.6493 419087.551223  x:  0.54315   4.26929   0.09531  
  4 119.2127 419087.419858  x:  0.54371   4.26994   0.09586  
  5  0.0011 419087.418597  x:  0.54390   4.27039   0.09582  
  6  0.0005 419087.418596  x:  0.54390   4.27030   0.09582  

5 (Bom_mus) ... 2 (Bom_con)
  0  0.0000 357084.117919  x:  0.09836   3.78377   0.15742  
  1 99.0000 357023.572694  x:  0.11178   3.78398   0.15289  
  2 8954.9696 356969.061998  x:  0.11160   3.78564   0.11840  
  3 3136.3540 356900.593623  x:  0.11146   5.22710   0.12841  
  4 116.0805 356899.824319  x:  0.11134   5.22831   0.12458  
  5  0.0049 356899.822999  x:  0.11128   5.23020   0.12455  
  6  0.0016 356899.822976  x:  0.11128   5.23100   0.12457  
  7  0.0006 356899.822975  x:  0.11128   5.23112   0.12456  

5 (Bom_mus) ... 3 (Bom_hor)
  0  0.0000 343370.110428  x:  0.05814   4.36210   0.13536  
  1 99.0000 343360.676719  x:  0.06208   4.36214   0.13441  
  2 4779.4495 343348.389917  x:  0.06210   4.36287   0.11407  
  3 1188.9222 343333.126019  x:  0.06200   5.35340   0.11906  
  4 34.9767 343333.070717  x:  0.06199   5.35430   0.11775  
  5  0.0018 343333.070664  x:  0.06199   5.35604   0.11775  
  6  0.0013 343333.070663  x:  0.06199   5.35619   0.11775  
  7  0.0001 343333.070663  x:  0.06199   5.35618   0.11775  
  8  0.0000 343333.070663  x:  0.06199   5.35618   0.11775  
  9  0.0000 343333.070663  x:  0.06199   5.35618   0.11775  
 10  0.0000 343333.070663  x:  0.06199   5.35618   0.11775  
check convergence!


5 (Bom_mus) ... 4 (Bom_hyp)
  0  0.0000 344026.924555  x:  0.05930   4.44299   0.23147  
  1 99.0000 344008.385996  x:  0.06499   4.44307   0.22783  
  2 5747.8601 343777.441455  x:  0.06514   4.44557   0.11582  
  3 4379.5848 343754.706275  x:  0.06499   5.65398   0.12605  
  4 43.0402 343753.228084  x:  0.06455   5.70875   0.11976  
  5  0.1027 343753.075182  x:  0.06405   5.72570   0.12053  
  6  0.0173 343753.074412  x:  0.06405   5.73403   0.12052  
  7  0.0055 343753.074403  x:  0.06406   5.73412   0.12053  
  8  0.0001 343753.074403  x:  0.06406   5.73417   0.12054  
  9  0.0000 343753.074403  x:  0.06406   5.73417   0.12054  

6 (Bom_pas) ... 1 (Apis_mel)
  0  0.0000 421179.459669  x:  0.51368   4.81022   0.21749  
  1 99.0000 419371.660289  x:  0.49932   4.81007   0.10385  
  2 22782.3370 419295.212824  x:  0.53844   4.80840   0.09207  
  3 3885.9408 419262.806802  x:  0.53239   4.28110   0.09096  
  4 114.5332 419242.010944  x:  0.54265   4.24884   0.09674  
  5  0.0955 419241.917737  x:  0.54403   4.26615   0.09648  
  6  0.0176 419241.915261  x:  0.54413   4.26292   0.09643  
  7  0.0035 419241.915256  x:  0.54413   4.26293   0.09642  
  8  0.0000 419241.915256  x:  0.54413   4.26293   0.09642  

6 (Bom_pas) ... 2 (Bom_con)
  0  0.0000 357743.321498  x:  0.11988   3.78466   0.08566  
  1 99.0000 357658.477607  x:  0.10875   3.78506   0.11008  
  2 6636.9641 357643.061683  x:  0.11494   3.78542   0.11845  
  3 4206.9393 357570.052059  x:  0.11536   5.28933   0.12413  
  4 120.2887 357568.734204  x:  0.11356   5.27276   0.12691  
  5  0.0122 357568.696640  x:  0.11373   5.26658   0.12761  
  6  0.0049 357568.696482  x:  0.11372   5.26414   0.12759  
  7  0.0015 357568.696479  x:  0.11372   5.26403   0.12759  
  8  0.0001 357568.696479  x:  0.11372   5.26404   0.12759  

6 (Bom_pas) ... 3 (Bom_hor)
  0  0.0000 344266.795366  x:  0.05298   4.32053   0.24433  
  1 99.0000 344194.874926  x:  0.06347   4.32059   0.24205  
  2 14297.6701 343938.857367  x:  0.06388   4.32349   0.11912  
  3 3237.6038 343917.158700  x:  0.06380   5.46125   0.12985  
  4 43.7097 343915.906152  x:  0.06382   5.51112   0.12388  
  5  0.1128 343915.893433  x:  0.06379   5.53757   0.12359  
  6  0.0209 343915.892767  x:  0.06379   5.54179   0.12373  
  7  0.0037 343915.892765  x:  0.06379   5.54195   0.12373  
  8  0.0002 343915.892765  x:  0.06379   5.54195   0.12373  

6 (Bom_pas) ... 4 (Bom_hyp)
  0  0.0000 344554.816290  x:  0.06708   4.68445   0.18974  
  1 99.0000 344544.905286  x:  0.06307   4.68457   0.18454  
  2 2943.9650 344464.986954  x:  0.06488   4.68598   0.12496  
  3 5661.3370 344443.192595  x:  0.06497   5.95088   0.13293  
  4 39.5735 344442.383903  x:  0.06584   5.96548   0.12915  
  5  0.0180 344442.352805  x:  0.06600   5.96786   0.12987  
  6  0.0031 344442.352708  x:  0.06600   5.97036   0.12985  
  7  0.0019 344442.352704  x:  0.06600   5.97070   0.12986  
  8  0.0003 344442.352704  x:  0.06600   5.97075   0.12986  

6 (Bom_pas) ... 5 (Bom_mus)
  0  0.0000 328926.060427  x:  0.02017   4.91736   0.13583  
  1 99.0000 328926.050434  x:  0.02010   4.91736   0.13583  
  2 274.4240 328926.037452  x:  0.02010   4.91859   0.13462  
  3 14.9460 328920.413134  x:  0.01994   6.14567   0.14075  
  4 21.2613 328920.382686  x:  0.02006   6.14120   0.13989  
  5  0.0045 328920.382628  x:  0.02006   6.14419   0.13984  
  6  0.0035 328920.382627  x:  0.02006   6.14423   0.13984  
  7  0.0025 328920.382624  x:  0.02006   6.14422   0.13984  

7 (Bom_syl) ... 1 (Apis_mel)
  0  0.0000 421375.739367  x:  0.46553   4.86130   0.22499  
  1 99.0000 419536.700834  x:  0.47732   4.86091   0.10633  
  2 21520.7259 419334.658969  x:  0.54924   4.85871   0.09334  
  3 6379.0410 419297.786590  x:  0.54362   4.29613   0.09147  
  4 122.5911 419288.862898  x:  0.54532   4.25704   0.09624  
  5  0.1441 419288.830984  x:  0.54504   4.27068   0.09631  
  6  0.0155 419288.829975  x:  0.54487   4.26939   0.09633  
  7  0.0012 419288.829973  x:  0.54487   4.26938   0.09633  

7 (Bom_syl) ... 2 (Bom_con)
  0  0.0000 358243.026425  x:  0.12344   3.56660   0.09732  
  1 99.0000 358214.047706  x:  0.11415   3.56702   0.10536  
  2 4622.3688 358201.335471  x:  0.11699   3.56794   0.11736  
  3 2724.9062 358075.790393  x:  0.11729   5.47210   0.12640  
  4 171.0119 358075.555985  x:  0.11641   5.47192   0.12626  
  5  0.0009 358075.555791  x:  0.11641   5.47210   0.12620  
  6  0.0001 358075.555790  x:  0.11641   5.47236   0.12620  

7 (Bom_syl) ... 3 (Bom_hor)
  0  0.0000 344377.514445  x:  0.07037   4.42369   0.16044  
  1 99.0000 344359.323056  x:  0.06462   4.42377   0.15781  
  2 5592.7870 344299.984796  x:  0.06565   4.42523   0.11151  
  3 2628.2777 344260.342193  x:  0.06561   6.12368   0.12149  
  4 56.5522 344259.662250  x:  0.06586   6.14440   0.11712  
  5  0.0279 344259.655636  x:  0.06595   6.16146   0.11720  
  6  0.0133 344259.654947  x:  0.06592   6.16817   0.11722  
  7  0.0050 344259.654946  x:  0.06592   6.16819   0.11722  

7 (Bom_syl) ... 4 (Bom_hyp)
  0  0.0000 345055.849361  x:  0.05993   4.96240   0.09711  
  1 99.0000 345004.725800  x:  0.06939   4.96243   0.09913  
  2 11143.6391 344984.641503  x:  0.06864   4.96286   0.12148  
  3 2023.8015 344955.077588  x:  0.06852   6.69226   0.12670  
  4 43.1562 344955.002788  x:  0.06864   6.59982   0.12634  
  5  0.0578 344955.001899  x:  0.06860   6.59612   0.12639  
  6  0.0031 344955.001895  x:  0.06860   6.59632   0.12640  
  7  0.0001 344955.001895  x:  0.06860   6.59628   0.12640  
  8  0.0000 344955.001895  x:  0.06860   6.59626   0.12640  

7 (Bom_syl) ... 5 (Bom_mus)
  0  0.0000 342679.007548  x:  0.05059   5.38007   0.12360  
  1 99.0000 342615.647204  x:  0.06024   5.38008   0.12393  
  2 13967.2881 342614.620752  x:  0.06019   5.38039   0.13007  
  3 344.5243 342607.514699  x:  0.06014   6.23908   0.13295  
  4 18.2093 342607.513330  x:  0.06013   6.23606   0.13273  
  5  0.0027 342607.513330  x:  0.06013   6.23585   0.13273  
  6  0.0002 342607.513329  x:  0.06013   6.23565   0.13273  
  7  0.0001 342607.513329  x:  0.06013   6.23566   0.13273  

7 (Bom_syl) ... 6 (Bom_pas)
  0  0.0000 343564.856547  x:  0.05105   5.00430   0.23173  
  1 99.0000 343485.566731  x:  0.06186   5.00434   0.23006  
  2 15528.0177 343341.861765  x:  0.06215   5.00626   0.13882  
  3 2470.1552 343323.546379  x:  0.06209   6.32814   0.14827  
  4 32.9092 343321.812816  x:  0.06216   6.35811   0.13978  
  5  0.0566 343321.811999  x:  0.06218   6.36324   0.13972  
  6  0.0041 343321.811979  x:  0.06219   6.36418   0.13974  
  7  0.0009 343321.811979  x:  0.06218   6.36433   0.13974  

8 (Bom_vet) ... 1 (Apis_mel)
  0  0.0000 419795.423432  x:  0.50627   5.13230   0.14570  
  1 99.0000 419401.692931  x:  0.50918   5.13184   0.10186  
  2 15196.0774 419329.128004  x:  0.55486   5.12902   0.09493  
  3 3434.0322 419250.764088  x:  0.54641   4.28447   0.09379  
  4 168.6601 419249.229523  x:  0.54610   4.28042   0.09596  
  5  0.0086 419249.210412  x:  0.54541   4.28355   0.09603  
  6  0.0031 419249.210284  x:  0.54538   4.28261   0.09603  
  7  0.0012 419249.210284  x:  0.54538   4.28261   0.09603  

8 (Bom_vet) ... 2 (Bom_con)
  0  0.0000 357494.312660  x:  0.09774   3.56631   0.16663  
  1 99.0000 357411.505210  x:  0.11345   3.56660   0.16104  
  2 10480.2980 357321.470870  x:  0.11331   3.56894   0.11626  
  3 3924.2378 357217.409035  x:  0.11307   5.25103   0.12970  
  4 154.4388 357215.457613  x:  0.11288   5.27490   0.12370  
  5  0.0307 357215.430200  x:  0.11272   5.30395   0.12381  
  6  0.0171 357215.428782  x:  0.11277   5.30805   0.12386  
  7  0.0031 357215.428775  x:  0.11277   5.30820   0.12385  
  8  0.0002 357215.428775  x:  0.11277   5.30820   0.12385  
  9  0.0000 357215.428775  x:  0.11277   5.30820   0.12385  
 10  0.0198 357215.428775  x:  0.11277   5.30820   0.12385  
 11  1.0515 357215.428775  x:  0.11277   5.30820   0.12385  
 12  0.0198 357215.428775  x:  0.11277   5.30820   0.12385  
 13  0.0037 357215.428775  x:  0.11277   5.30820   0.12385  
 14  0.1139 357215.428775  x:  0.11277   5.30820   0.12385  
check convergence!


8 (Bom_vet) ... 3 (Bom_hor)
  0  0.0000 343804.559654  x:  0.05497   4.42103   0.18791  
  1 99.0000 343763.503632  x:  0.06302   4.42108   0.18586  
  2 10384.5622 343649.789878  x:  0.06323   4.42257   0.11471  
  3 2764.2233 343633.353800  x:  0.06315   5.44898   0.12186  
  4 36.1791 343632.884388  x:  0.06311   5.46999   0.11811  
  5  0.0356 343632.880664  x:  0.06305   5.48063   0.11818  
  6  0.0085 343632.880617  x:  0.06305   5.48221   0.11818  

8 (Bom_vet) ... 4 (Bom_hyp)
  0  0.0000 344230.719358  x:  0.06344   4.32422   0.14878  
  1 99.0000 344226.471698  x:  0.06621   4.32431   0.14643  
  2 2390.0036 344202.508072  x:  0.06569   4.32549   0.11762  
  3 2527.1788 344169.039013  x:  0.06550   5.82118   0.12605  
  4 53.4101 344168.753301  x:  0.06531   5.82940   0.12318  
  5  0.0100 344168.751729  x:  0.06527   5.83660   0.12324  
  6  0.0059 344168.751619  x:  0.06528   5.83922   0.12324  
  7  0.0019 344168.751619  x:  0.06528   5.83923   0.12324  
  8  0.0000 344168.751619  x:  0.06528   5.83923   0.12324  

8 (Bom_vet) ... 5 (Bom_mus)
  0  0.0000 328278.442637  x:  0.01540   4.69486   0.21223  
  1 99.0000 328257.499247  x:  0.01838   4.69486   0.21206  
  2 14902.3954 328207.290814  x:  0.01845   4.69651   0.12709  
  3 851.7024 328202.563107  x:  0.01842   5.77322   0.13361  
  4  9.5933 328201.375561  x:  0.01844   5.80756   0.12220  
  5  0.0767 328201.368754  x:  0.01844   5.85041   0.12195  
  6  0.0307 328201.368535  x:  0.01844   5.85376   0.12211  
  7  0.0034 328201.368535  x:  0.01844   5.85383   0.12211  
  8  0.0000 328201.368535  x:  0.01844   5.85382   0.12211  
  9  0.0000 328201.368535  x:  0.01844   5.85382   0.12211  
check convergence!


8 (Bom_vet) ... 6 (Bom_pas)
  0  0.0000 329238.589423  x:  0.01758   4.80056   0.23712  
  1 99.0000 329217.730575  x:  0.02076   4.80057   0.23691  
  2 13879.9479 329152.423444  x:  0.02085   4.80347   0.12861  
  3 929.8482 329139.059363  x:  0.02080   6.67555   0.14368  
  4 17.2386 329138.322606  x:  0.02082   6.75221   0.13466  
  5  0.1400 329138.307733  x:  0.02083   6.83363   0.13492  
  6  0.0453 329138.307717  x:  0.02082   6.82992   0.13493  
  7  0.0093 329138.307701  x:  0.02082   6.82899   0.13494  
  8  0.0043 329138.307701  x:  0.02082   6.82899   0.13494  
  9  0.0006 329138.307699  x:  0.02082   6.82899   0.13494  
 10  6.4157 329138.307699  x:  0.02082   6.82899   0.13494  
check convergence!


8 (Bom_vet) ... 7 (Bom_syl)
  0  0.0000 342870.036149  x:  0.06152   5.53196   0.13233  
  1 99.0000 342869.857499  x:  0.06098   5.53198   0.13228  
  2 648.4417 342869.834471  x:  0.06099   5.53239   0.13135  
  3 45.2232 342862.297612  x:  0.06095   6.44389   0.13466  
  4 21.7063 342862.294615  x:  0.06095   6.44229   0.13431  
  5  0.0016 342862.294614  x:  0.06095   6.44217   0.13431  
  6  0.0001 342862.294614  x:  0.06095   6.44217   0.13431  
  7  0.0001 342862.294614  x:  0.06095   6.44217   0.13431  
  8  0.0378 342862.294614  x:  0.06095   6.44217   0.13431  
check convergence!
