Supplemental results for CODEML (seqf: /home/yzliu/eDNA/faststorage/yzliu/DK_proj/data/ref_genome/ref_annotation/primary_transcripts/extracted_cds_new/new_transcript_id_8_bom_apis/bootstraps/cat.out.OG_cds_8_species_same_header_fas.shuf_211OG_379.phy  treef: xxx.trees)


pairwise comparison (Goldman & Yang 1994)
seq seq        N       S       dN       dS     dN/dS   Paras.
  2   1 180794.5  58695.5   0.0658   0.6002   0.1097   0.5904   4.2693   0.1097 -425270.482
  3   1 180697.7  58792.3   0.0678   0.6231   0.1089   0.6124   4.2407   0.1089 -427385.042
  3   2 176464.9  63025.1   0.0159   0.1188   0.1342   0.1290   4.6968   0.1342 -361405.953
  4   1 181072.1  58417.9   0.0657   0.6071   0.1083   0.5934   4.2589   0.1083 -425187.175
  4   2 176327.2  63162.8   0.0137   0.1064   0.1289   0.1145   5.0529   0.1289 -357286.031
  4   3 176469.7  63020.3   0.0099   0.0718   0.1382   0.0786   4.8522   0.1382 -348176.794
  5   1 181004.9  58485.1   0.0663   0.6170   0.1074   0.6023   4.2772   0.1074 -425802.495
  5   2 176269.5  63220.5   0.0147   0.1106   0.1327   0.1200   5.0730   0.1327 -358734.271
  5   3 176992.1  62497.9   0.0103   0.0699   0.1468   0.0775   4.4741   0.1468 -348154.310
  5   4 176266.7  63223.3   0.0089   0.0654   0.1359   0.0715   5.2606   0.1359 -345717.471
  6   1 181041.5  58448.5   0.0665   0.6191   0.1074   0.6040   4.2826   0.1074 -425885.939
  6   2 176277.6  63212.4   0.0152   0.1127   0.1348   0.1228   5.0983   0.1348 -359435.980
  6   3 176814.7  62675.3   0.0107   0.0710   0.1503   0.0793   4.6171   0.1503 -348643.233
  6   4 176073.0  63417.0   0.0094   0.0671   0.1404   0.0740   5.4589   0.1404 -346449.038
  6   5 175394.2  64095.8   0.0030   0.0202   0.1504   0.0229   6.0659   0.1504 -329533.531
  7   1 181070.9  58419.1   0.0677   0.6160   0.1099   0.6044   4.2819   0.1099 -426498.301
  7   2 176175.9  63314.1   0.0161   0.1137   0.1416   0.1257   5.1970   0.1416 -360345.271
  7   3 176412.4  63077.6   0.0109   0.0716   0.1516   0.0806   4.9170   0.1516 -348921.077
  7   4 175679.9  63810.1   0.0097   0.0676   0.1438   0.0754   5.8391   0.1438 -346785.072
  7   5 175943.6  63546.4   0.0097   0.0608   0.1588   0.0697   5.5646   0.1588 -345472.316
  7   6 175839.6  63650.4   0.0102   0.0621   0.1643   0.0720   5.6970   0.1643 -346175.307
  8   1 180954.7  58535.3   0.0665   0.6192   0.1075   0.6048   4.2773   0.1075 -426072.938
  8   2 176193.5  63296.5   0.0145   0.1109   0.1312   0.1200   5.0968   0.1312 -358728.238
  8   3 176831.9  62658.1   0.0104   0.0698   0.1488   0.0778   4.5497   0.1488 -348306.096
  8   4 176152.2  63337.8   0.0090   0.0659   0.1367   0.0721   5.3169   0.1367 -345973.045
  8   5 175348.7  64141.3   0.0027   0.0182   0.1471   0.0205   6.0218   0.1471 -328634.246
  8   6 175164.5  64325.5   0.0030   0.0207   0.1462   0.0233   6.2551   0.1462 -329697.088
  8   7 175820.2  63669.8   0.0098   0.0608   0.1605   0.0699   5.6335   0.1605 -345621.652

