

2 (Bom_con) ... 1 (Apis_mel)
  0  0.0000 434622.982674  x:  0.51593   1.62802   0.39875  
  1 99.0000 428084.258883  x:  0.46359   1.68254   0.10906  
  2 25039.6309 427849.167412  x:  0.50207   1.69917   0.08693  
  3 10877.2532 425644.917389  x:  0.59637   3.29065   0.13238  
  4 4226.7682 425395.799128  x:  0.54450   3.64177   0.11938  
  5  0.5050 425285.182097  x:  0.58998   4.01421   0.10503  
  6  0.1671 425272.728905  x:  0.59272   4.17812   0.11060  
  7  0.0835 425270.483742  x:  0.59027   4.26719   0.10965  
  8  0.0682 425270.482352  x:  0.59037   4.26921   0.10969  
  9  0.0019 425270.482349  x:  0.59038   4.26928   0.10969  
 10  0.0001 425270.482349  x:  0.59038   4.26927   0.10969  
 11  0.0000 425270.482349  x:  0.59038   4.26927   0.10969  

3 (Bom_hor) ... 1 (Apis_mel)
  0  0.0000 427446.282118  x:  0.60294   3.82087   0.11939  
  1 99.0000 427414.973233  x:  0.60188   3.82120   0.10873  
  2 5579.4428 427414.008628  x:  0.60765   3.82458   0.10791  
  3 289.3585 427385.057085  x:  0.61215   4.24167   0.10910  
  4 198.9751 427385.041630  x:  0.61235   4.24083   0.10885  
  5  0.0010 427385.041561  x:  0.61239   4.24069   0.10885  
  6  0.0001 427385.041561  x:  0.61239   4.24067   0.10885  

3 (Bom_hor) ... 2 (Bom_con)
  0  0.0000 361675.611259  x:  0.10899   3.82192   0.09239  
  1 99.0000 361482.136564  x:  0.13364   3.82202   0.10516  
  2 15010.6144 361439.077755  x:  0.12825   3.82246   0.12902  
  3 4054.2583 361406.259308  x:  0.12809   4.70583   0.13310  
  4 84.9418 361405.958437  x:  0.12907   4.69914   0.13390  
  5  0.0055 361405.953109  x:  0.12900   4.69700   0.13417  
  6  0.0016 361405.953105  x:  0.12900   4.69678   0.13417  
  7  0.0002 361405.953105  x:  0.12900   4.69678   0.13417  

4 (Bom_hyp) ... 1 (Apis_mel)
  0  0.0000 425776.767610  x:  0.46742   3.96019   0.12678  
  1 99.0000 425201.571617  x:  0.58921   3.96032   0.10668  
  2 10472.5836 425201.187023  x:  0.58947   3.96049   0.10781  
  3 671.5357 425187.227818  x:  0.59208   4.25809   0.10854  
  4 99.8432 425187.174780  x:  0.59338   4.25855   0.10827  
  5  0.0010 425187.174647  x:  0.59339   4.25886   0.10829  
  6  0.0003 425187.174647  x:  0.59339   4.25888   0.10829  
  7  0.0000 425187.174647  x:  0.59339   4.25888   0.10829  
  8  0.0000 425187.174647  x:  0.59339   4.25888   0.10829  

4 (Bom_hyp) ... 2 (Bom_con)
  0  0.0000 357565.902170  x:  0.10126   3.51338   0.18219  
  1 99.0000 357496.763585  x:  0.11592   3.51371   0.17531  
  2 8985.5719 357376.518570  x:  0.11555   3.51632   0.12097  
  3 4568.9521 357288.281227  x:  0.11526   4.99570   0.13492  
  4 145.5405 357286.077929  x:  0.11475   5.02258   0.12856  
  5  0.0360 357286.033786  x:  0.11443   5.04419   0.12882  
  6  0.0168 357286.031110  x:  0.11448   5.05289   0.12885  
  7  0.0054 357286.031110  x:  0.11448   5.05294   0.12885  
  8  0.0000 357286.031110  x:  0.11448   5.05294   0.12885  
  9  0.0000 357286.031110  x:  0.11448   5.05294   0.12885  
 10  0.0134 357286.031110  x:  0.11448   5.05294   0.12885  
 11  0.0118 357286.031110  x:  0.11448   5.05294   0.12885  
 12  0.0027 357286.031110  x:  0.11448   5.05294   0.12885  
check convergence!


4 (Bom_hyp) ... 3 (Bom_hor)
  0  0.0000 348379.971350  x:  0.07897   4.09610   0.23195  
  1 99.0000 348345.950758  x:  0.07137   4.09653   0.21366  
  2 3315.3383 348197.854295  x:  0.07477   4.09843   0.13275  
  3 16878.5996 348182.897493  x:  0.07505   4.88026   0.14025  
  4 41.9338 348176.813155  x:  0.07865   4.86062   0.13749  
  5  0.0199 348176.793906  x:  0.07866   4.85524   0.13824  
  6  0.0089 348176.793634  x:  0.07864   4.85249   0.13821  
  7  0.0023 348176.793631  x:  0.07865   4.85224   0.13821  

5 (Bom_mus) ... 1 (Apis_mel)
  0  0.0000 426300.594821  x:  0.57493   4.06580   0.15929  
  1 99.0000 425834.039502  x:  0.57103   4.06619   0.11087  
  2 16242.3077 425810.047949  x:  0.59857   4.06689   0.10558  
  3 1796.4060 425803.029541  x:  0.60152   4.28127   0.10619  
  4 67.3652 425802.495603  x:  0.60228   4.27777   0.10741  
  5  0.0066 425802.495497  x:  0.60231   4.27723   0.10739  
  6  0.0005 425802.495497  x:  0.60231   4.27724   0.10739  
  7  0.0000 425802.495497  x:  0.60231   4.27724   0.10739  

5 (Bom_mus) ... 2 (Bom_con)
  0  0.0000 359142.942416  x:  0.10339   3.75689   0.21832  
  1 99.0000 359040.693502  x:  0.12154   3.75719   0.20976  
  2 10842.4626 358798.801592  x:  0.12155   3.76015   0.12597  
  3 5661.9069 358737.025599  x:  0.12134   5.02133   0.13888  
  4 115.9828 358734.413954  x:  0.12062   5.05405   0.13208  
  5  0.0513 358734.272081  x:  0.11995   5.06732   0.13266  
  6  0.0120 358734.271215  x:  0.11995   5.07296   0.13266  
  7  0.0035 358734.271204  x:  0.11995   5.07304   0.13267  

5 (Bom_mus) ... 3 (Bom_hor)
  0  0.0000 348341.662096  x:  0.07769   4.21171   0.24928  
  1 99.0000 348311.980136  x:  0.07060   4.21198   0.23178  
  2 3040.0354 348162.882949  x:  0.07378   4.21335   0.14385  
  3 16591.6602 348160.463942  x:  0.07393   4.51946   0.14696  
  4 15.6104 348154.325554  x:  0.07752   4.47245   0.14755  
  5  0.0485 348154.309833  x:  0.07752   4.47482   0.14682  
  6  0.0043 348154.309695  x:  0.07750   4.47409   0.14681  

5 (Bom_mus) ... 4 (Bom_hyp)
  0  0.0000 345760.175211  x:  0.07005   3.85881   0.12631  
  1 99.0000 345758.925102  x:  0.07161   3.85888   0.12650  
  2 1600.9017 345758.643050  x:  0.07154   3.86014   0.12946  
  3 180.1857 345717.548775  x:  0.07140   5.30691   0.13737  
  4 83.9235 345717.473214  x:  0.07147   5.27219   0.13585  
  5  0.0284 345717.470820  x:  0.07146   5.26049   0.13590  
  6  0.0076 345717.470804  x:  0.07146   5.26058   0.13592  
  7  0.0001 345717.470804  x:  0.07146   5.26058   0.13592  
  8  0.0000 345717.470804  x:  0.07146   5.26058   0.13592  
  9  0.0000 345717.470804  x:  0.07146   5.26058   0.13592  
check convergence!


6 (Bom_pas) ... 1 (Apis_mel)
  0  0.0000 425944.593426  x:  0.56561   4.32009   0.11907  
  1 99.0000 425920.750973  x:  0.57156   4.32000   0.10914  
  2 3951.3168 425886.167789  x:  0.60430   4.31943   0.10779  
  3 3102.7434 425885.969164  x:  0.60383   4.28273   0.10772  
  4 10.6345 425885.939441  x:  0.60401   4.28262   0.10738  
  5  0.0004 425885.939432  x:  0.60403   4.28256   0.10738  
  6  0.0001 425885.939432  x:  0.60403   4.28257   0.10738  
  7  0.0000 425885.939432  x:  0.60403   4.28257   0.10738  

6 (Bom_pas) ... 2 (Bom_con)
  0  0.0000 359745.315971  x:  0.09879   3.54298   0.15572  
  1 99.0000 359564.586297  x:  0.12235   3.54323   0.15269  
  2 16457.7694 359532.723402  x:  0.12260   3.54521   0.12680  
  3 2304.1739 359436.940355  x:  0.12251   5.09598   0.13930  
  4 154.9993 359435.980924  x:  0.12271   5.09418   0.13485  
  5  0.0052 359435.979679  x:  0.12277   5.09709   0.13481  
  6  0.0022 359435.979628  x:  0.12277   5.09808   0.13483  
  7  0.0007 359435.979625  x:  0.12277   5.09827   0.13483  
  8  0.0002 359435.979625  x:  0.12277   5.09827   0.13483  

6 (Bom_pas) ... 3 (Bom_hor)
  0  0.0000 348669.105632  x:  0.08199   4.19066   0.12382  
  1 99.0000 348662.753589  x:  0.07831   4.19068   0.12693  
  2 2598.5385 348647.934411  x:  0.07968   4.19088   0.14739  
  3 2369.5888 348643.372500  x:  0.07967   4.55958   0.14934  
  4 23.0438 348643.234359  x:  0.07929   4.61354   0.15021  
  5  0.0489 348643.233362  x:  0.07933   4.61710   0.15028  
  6  0.0033 348643.233361  x:  0.07932   4.61715   0.15028  

6 (Bom_pas) ... 4 (Bom_hyp)
  0  0.0000 346535.177967  x:  0.06492   4.07744   0.14771  
  1 99.0000 346491.352439  x:  0.07398   4.07750   0.14711  
  2 10105.3082 346486.130227  x:  0.07408   4.07875   0.13371  
  3 747.4166 346449.194216  x:  0.07397   5.46201   0.14275  
  4 64.4180 346449.038043  x:  0.07403   5.45797   0.14039  
  5  0.0047 346449.038016  x:  0.07403   5.45871   0.14038  
  6  0.0006 346449.038015  x:  0.07403   5.45893   0.14038  
  7  0.0002 346449.038015  x:  0.07403   5.45893   0.14038  

6 (Bom_pas) ... 5 (Bom_mus)
  0  0.0000 329602.675882  x:  0.01847   4.61419   0.20154  
  1 99.0000 329564.940344  x:  0.02290   4.61420   0.20139  
  2 18354.9418 329543.337547  x:  0.02296   4.61604   0.14408  
  3 650.7935 329533.700560  x:  0.02292   6.03910   0.15494  
  4 15.9638 329533.531311  x:  0.02292   6.05319   0.15041  
  5  0.0202 329533.530734  x:  0.02293   6.06592   0.15042  
  6  0.0080 329533.530734  x:  0.02293   6.06592   0.15042  
  7  0.0010 329533.530733  x:  0.02293   6.06592   0.15042  
  8  2.2983 329533.530729  x:  0.02293   6.06592   0.15044  
  9  0.3212 329533.530729  x:  0.02293   6.06592   0.15044  
check convergence!


7 (Bom_syl) ... 1 (Apis_mel)
  0  0.0000 427185.030913  x:  0.53600   4.82593   0.17338  
  1 99.0000 426675.603457  x:  0.54516   4.82548   0.11768  
  2 15020.8212 426536.680551  x:  0.61209   4.82275   0.10875  
  3 4784.0348 426499.897378  x:  0.60601   4.28676   0.10742  
  4 128.9448 426498.327633  x:  0.60529   4.27979   0.10981  
  5  0.0149 426498.300725  x:  0.60440   4.28277   0.10990  
  6  0.0028 426498.300607  x:  0.60437   4.28189   0.10990  
  7  0.0010 426498.300607  x:  0.60437   4.28189   0.10991  

7 (Bom_syl) ... 2 (Bom_con)
  0  0.0000 360434.122384  x:  0.12100   3.72144   0.13596  
  1 99.0000 360428.393464  x:  0.12554   3.72168   0.13576  
  2 2560.3458 360428.001211  x:  0.12561   3.72381   0.13303  
  3 226.0653 360345.609021  x:  0.12560   5.20796   0.14438  
  4 217.4261 360345.270636  x:  0.12569   5.19736   0.14163  
  5  0.0096 360345.270625  x:  0.12569   5.19710   0.14162  
  6  0.0002 360345.270624  x:  0.12569   5.19697   0.14162  

7 (Bom_syl) ... 3 (Bom_hor)
  0  0.0000 349083.741517  x:  0.06479   4.34262   0.18541  
  1 99.0000 348958.605971  x:  0.08029   4.34265   0.18414  
  2 17366.9689 348928.611462  x:  0.08051   4.34358   0.14846  
  3 1539.0560 348921.115834  x:  0.08048   4.91451   0.15270  
  4 28.2552 348921.077079  x:  0.08054   4.91625   0.15154  
  5  0.0026 348921.076629  x:  0.08057   4.91699   0.15156  
  6  0.0006 348921.076629  x:  0.08057   4.91694   0.15156  
  7  0.0000 348921.076629  x:  0.08057   4.91697   0.15156  

7 (Bom_syl) ... 4 (Bom_hyp)
  0  0.0000 346925.845773  x:  0.06327   4.09053   0.15246  
  1 99.0000 346847.437132  x:  0.07534   4.09061   0.15179  
  2 13821.3539 346840.021112  x:  0.07546   4.09216   0.13569  
  3 873.9910 346785.430310  x:  0.07532   5.84161   0.14746  
  4 78.5003 346785.072358  x:  0.07539   5.83628   0.14384  
  5  0.0064 346785.072231  x:  0.07540   5.83849   0.14381  
  6  0.0015 346785.072221  x:  0.07540   5.83911   0.14382  
  7  0.0005 346785.072221  x:  0.07540   5.83915   0.14382  
  8  0.0000 346785.072221  x:  0.07540   5.83913   0.14382  

7 (Bom_syl) ... 5 (Bom_mus)
  0  0.0000 345641.500669  x:  0.05432   4.60285   0.17831  
  1 99.0000 345498.546078  x:  0.06954   4.60288   0.17771  
  2 20540.0864 345486.937254  x:  0.06967   4.60392   0.15406  
  3 919.2493 345472.373139  x:  0.06962   5.56129   0.16037  
  4 34.1067 345472.316092  x:  0.06965   5.56283   0.15877  
  5  0.0025 345472.316001  x:  0.06966   5.56463   0.15877  

7 (Bom_syl) ... 6 (Bom_pas)
  0  0.0000 346308.799906  x:  0.07636   4.53538   0.23756  
  1 99.0000 346291.292213  x:  0.07049   4.53546   0.23499  
  2 5310.0669 346197.132873  x:  0.07152   4.53774   0.15840  
  3 2429.9237 346175.786166  x:  0.07154   5.67561   0.16856  
  4 42.9545 346175.314348  x:  0.07184   5.68987   0.16410  
  5  0.0219 346175.306843  x:  0.07196   5.69437   0.16426  
  6  0.0048 346175.306755  x:  0.07195   5.69695   0.16426  
  7  0.0018 346175.306755  x:  0.07195   5.69695   0.16426  
check convergence!


8 (Bom_vet) ... 1 (Apis_mel)
  0  0.0000 427263.990228  x:  0.43483   4.53790   0.13245  
  1 99.0000 426118.220322  x:  0.60217   4.53595   0.12011  
  2 15981.0488 426082.312595  x:  0.60555   4.53579   0.10806  
  3 6154.7759 426072.978574  x:  0.60364   4.27800   0.10756  
  4 69.5329 426072.938529  x:  0.60477   4.27548   0.10744  
  5  0.0017 426072.938024  x:  0.60481   4.27726   0.10745  
  6  0.0019 426072.938024  x:  0.60481   4.27726   0.10745  

8 (Bom_vet) ... 2 (Bom_con)
  0  0.0000 359161.310369  x:  0.10844   3.69174   0.22646  
  1 99.0000 359082.784140  x:  0.12485   3.69225   0.21269  
  2 7717.5685 358806.258776  x:  0.12396   3.69553   0.12345  
  3 8225.2287 358734.503515  x:  0.12349   5.02991   0.13778  
  4 127.5838 358728.795312  x:  0.12122   5.07747   0.12930  
  5  0.0659 358728.239895  x:  0.12000   5.08758   0.13119  
  6  0.0120 358728.237672  x:  0.11998   5.09582   0.13114  
  7  0.0054 358728.237554  x:  0.11999   5.09676   0.13117  
  8  0.0009 358728.237554  x:  0.11999   5.09676   0.13117  

8 (Bom_vet) ... 3 (Bom_hor)
  0  0.0000 348486.961305  x:  0.06069   4.24516   0.17821  
  1 99.0000 348329.944594  x:  0.07762   4.24518   0.17722  
  2 20268.7303 348308.425811  x:  0.07782   4.24577   0.14716  
  3 1319.7364 348306.126175  x:  0.07780   4.57821   0.14963  
  4 15.9443 348306.096728  x:  0.07783   4.55411   0.14874  
  5  0.0252 348306.095873  x:  0.07784   4.54969   0.14883  
  6  0.0047 348306.095871  x:  0.07784   4.54973   0.14883  

8 (Bom_vet) ... 4 (Bom_hyp)
  0  0.0000 346137.101192  x:  0.05741   3.99212   0.13955  
  1 99.0000 346010.740922  x:  0.07214   3.99218   0.13926  
  2 18642.2948 346008.266890  x:  0.07222   3.99330   0.13038  
  3 527.9633 345973.176863  x:  0.07210   5.31995   0.13891  
  4 64.0095 345973.044531  x:  0.07213   5.31587   0.13675  
  5  0.0045 345973.044511  x:  0.07214   5.31681   0.13675  
  6  0.0007 345973.044510  x:  0.07214   5.31691   0.13675  

8 (Bom_vet) ... 5 (Bom_mus)
  0  0.0000 328645.546182  x:  0.02098   4.44189   0.13953  
  1 99.0000 328645.209489  x:  0.02055   4.44190   0.13953  
  2 1557.8517 328645.140391  x:  0.02055   4.44912   0.14251  
  3 18.0125 328634.247191  x:  0.02048   6.02519   0.14737  
  4 116.2489 328634.246126  x:  0.02049   6.02278   0.14711  
  5  0.0024 328634.246120  x:  0.02049   6.02199   0.14709  
  6  0.0006 328634.246120  x:  0.02049   6.02172   0.14710  
  7  0.0002 328634.246120  x:  0.02049   6.02175   0.14710  

8 (Bom_vet) ... 6 (Bom_pas)
  0  0.0000 329707.683883  x:  0.02319   4.98907   0.12180  
  1 99.0000 329707.532022  x:  0.02350   4.98907   0.12198  
  2 867.7695 329703.711121  x:  0.02337   4.98954   0.14141  
  3 561.7925 329697.089165  x:  0.02334   6.25862   0.14654  
  4 12.0151 329697.087929  x:  0.02334   6.25662   0.14616  
  5  0.0016 329697.087922  x:  0.02334   6.25507   0.14615  
  6  0.0010 329697.087919  x:  0.02334   6.25505   0.14615  
  7  0.0045 329697.087915  x:  0.02334   6.25505   0.14615  
  8  0.0000 329697.087915  x:  0.02334   6.25505   0.14615  
check convergence!


8 (Bom_vet) ... 7 (Bom_syl)
  0  0.0000 345669.567138  x:  0.06837   4.93102   0.20466  
  1 99.0000 345665.309940  x:  0.07123   4.93109   0.20129  
  2 1955.9786 345628.894173  x:  0.07046   4.93206   0.15694  
  3 3379.9625 345621.794683  x:  0.07038   5.65342   0.16183  
  4 21.9912 345621.654397  x:  0.06998   5.63950   0.16027  
  5  0.0152 345621.651657  x:  0.06994   5.63503   0.16053  
  6  0.0053 345621.651623  x:  0.06994   5.63348   0.16052  