Supplemental results for CODEML (seqf: /home/yzliu/eDNA/faststorage/yzliu/DK_proj/data/ref_genome/ref_annotation/primary_transcripts/extracted_cds_new/new_transcript_id_7_and_pas/bootstraps/cat.out.OG_cds_7_species_same_header_fas.shuf_537OG_930.phy  treef: xxx.trees)


pairwise comparison (Goldman & Yang 1994)
seq seq        N       S       dN       dS     dN/dS   Paras.
  2   1 485259.9 188984.1   0.0103   0.1721   0.0599   0.1670   3.6773   0.0599 -1042195.238
  3   1 485389.1 188854.9   0.0101   0.1650   0.0612   0.1605   3.5169   0.0612 -1039691.152
  3   2 484490.9 189753.1   0.0102   0.1550   0.0656   0.1527   3.8662   0.0656 -1035022.187
  4   1 485636.6 188607.4   0.0079   0.1240   0.0634   0.1210   3.4790   0.0634 -1017337.443
  4   2 483522.7 190721.3   0.0101   0.1619   0.0626   0.1592   4.0041   0.0626 -1037755.800
  4   3 483248.1 190995.9   0.0100   0.1556   0.0642   0.1537   3.8688   0.0642 -1035784.904
  5   1 488604.1 185639.9   0.0057   0.0937   0.0612   0.0898   3.0707   0.0612 -997137.052
  5   2 485434.2 188809.8   0.0103   0.1699   0.0609   0.1650   3.6294   0.0609 -1041650.707
  5   3 485375.0 188869.0   0.0101   0.1612   0.0626   0.1573   3.4990   0.0626 -1038437.136
  5   4 485838.8 188405.2   0.0078   0.1195   0.0649   0.1169   3.4341   0.0649 -1015191.002
  6   1 490012.8 184231.2   0.0072   0.1214   0.0589   0.1151   2.9264   0.0589 -1014227.305
  6   2 486321.1 187922.9   0.0096   0.1631   0.0588   0.1571   3.5191   0.0588 -1037177.284
  6   3 486449.4 187794.6   0.0096   0.1567   0.0615   0.1517   3.3701   0.0615 -1035539.171
  6   4 486824.6 187419.4   0.0075   0.1163   0.0643   0.1132   3.3188   0.0643 -1012953.471
  6   5 490453.9 183790.1   0.0073   0.1172   0.0619   0.1117   2.8672   0.0619 -1012697.500
  7   1 482149.1 192094.9   0.0663   1.2319   0.0538   1.1952   4.1519   0.0538 -1262584.087
  7   2 478683.7 195560.3   0.0674   1.3006   0.0518   1.2753   4.4562   0.0518 -1266464.515
  7   3 480768.4 193475.6   0.0668   1.2306   0.0543   1.2023   4.2789   0.0543 -1263321.712
  7   4 480610.3 193633.7   0.0666   1.2427   0.0536   1.2130   4.3173   0.0536 -1263039.796
  7   5 482310.6 191933.4   0.0664   1.2205   0.0544   1.1849   4.1481   0.0544 -1262262.120
  7   6 482202.0 192042.0   0.0660   1.2292   0.0537   1.1921   4.1527   0.0537 -1262037.743

