Supplemental results for CODEML (seqf: /home/yzliu/eDNA/faststorage/yzliu/DK_proj/data/ref_genome/ref_annotation/primary_transcripts/extracted_cds_new/new_transcript_id_8_bom_apis/bootstraps/cat.out.OG_cds_8_species_same_header_fas.shuf_211OG_701.phy  treef: xxx.trees)


pairwise comparison (Goldman & Yang 1994)
seq seq        N       S       dN       dS     dN/dS   Paras.
  2   1 177717.7  60005.3   0.0631   0.5705   0.1106   0.5736   3.8973   0.1106 -422729.035
  3   1 177536.1  60186.9   0.0626   0.5849   0.1071   0.5846   3.9193   0.1071 -423132.534
  3   2 173108.2  64614.8   0.0162   0.1060   0.1531   0.1219   5.3043   0.1531 -357724.751
  4   1 178060.8  59662.2   0.0616   0.5774   0.1067   0.5732   3.8687   0.1067 -421881.555
  4   2 173666.6  64056.4   0.0153   0.0998   0.1529   0.1141   5.1820   0.1529 -355647.170
  4   3 172946.4  64776.6   0.0088   0.0599   0.1468   0.0681   5.6711   0.1468 -343021.067
  5   1 178015.5  59707.5   0.0626   0.5832   0.1073   0.5801   3.8882   0.1073 -422591.350
  5   2 173531.4  64191.6   0.0163   0.1054   0.1543   0.1210   5.2858   0.1543 -357310.845
  5   3 173650.8  64072.2   0.0097   0.0618   0.1566   0.0712   5.0779   0.1566 -344192.288
  5   4 174058.3  63664.7   0.0097   0.0626   0.1543   0.0715   5.0808   0.1543 -344106.663
  6   1 177984.3  59738.7   0.0630   0.5851   0.1076   0.5825   3.8911   0.1076 -422887.566
  6   2 173463.5  64259.5   0.0167   0.1067   0.1569   0.1232   5.3223   0.1569 -357888.339
  6   3 173455.9  64267.1   0.0102   0.0620   0.1638   0.0726   5.2122   0.1638 -344658.973
  6   4 173848.9  63874.1   0.0103   0.0628   0.1645   0.0733   5.2282   0.1645 -344747.433
  6   5 173402.2  64320.8   0.0030   0.0199   0.1491   0.0227   5.6039   0.1491 -327582.480
  7   1 178070.1  59652.9   0.0631   0.5857   0.1077   0.5826   3.8910   0.1077 -422908.053
  7   2 173501.6  64221.4   0.0171   0.1092   0.1563   0.1258   5.3569   0.1563 -358501.168
  7   3 172728.9  64994.1   0.0093   0.0636   0.1463   0.0725   5.9206   0.1463 -344102.163
  7   4 173083.8  64639.2   0.0096   0.0639   0.1499   0.0731   5.9891   0.1499 -344159.811
  7   5 173576.9  64146.1   0.0094   0.0586   0.1606   0.0681   5.5207   0.1606 -342979.387
  7   6 173448.2  64274.8   0.0099   0.0585   0.1693   0.0691   5.6137   0.1693 -343398.228
  8   1 177948.2  59774.8   0.0628   0.5841   0.1074   0.5815   3.9085   0.1074 -422700.352
  8   2 173364.4  64358.6   0.0164   0.1053   0.1554   0.1213   5.4001   0.1554 -357423.389
  8   3 173403.6  64319.4   0.0097   0.0608   0.1596   0.0706   5.2494   0.1596 -344066.289
  8   4 173763.2  63959.8   0.0098   0.0619   0.1584   0.0715   5.2934   0.1584 -344186.137
  8   5 173746.6  63976.4   0.0025   0.0192   0.1306   0.0210   5.3012   0.1306 -326896.310
  8   6 172334.2  65388.8   0.0030   0.0194   0.1540   0.0225   6.6682   0.1540 -327485.808
  8   7 173270.9  64452.1   0.0095   0.0575   0.1647   0.0674   5.7713   0.1647 -342849.771

