

2 (Bom_con) ... 1 (Apis_mel)
  0  0.0000 447807.007616  x:  0.52127   1.34995   0.42481  
  1 99.0000 438648.423658  x:  0.38435   1.42606   0.09703  
  2 29633.3670 438387.396512  x:  0.40247   1.43538   0.07401  
  3 20918.0474 435012.073066  x:  0.52132   3.38027   0.11593  
  4 5513.1683 434778.378819  x:  0.50681   3.63468   0.09201  
  5  0.1500 434727.661550  x:  0.54217   3.83373   0.08665  
  6  0.1048 434714.873107  x:  0.54244   3.99036   0.09190  
  7  0.0852 434709.548608  x:  0.53888   4.12361   0.09050  
  8  0.0990 434709.528135  x:  0.53956   4.13056   0.09050  
  9  0.0060 434709.528113  x:  0.53955   4.13074   0.09050  

3 (Bom_hor) ... 1 (Apis_mel)
  0  0.0000 437789.188268  x:  0.44000   3.61016   0.19496  
  1 99.0000 435987.189161  x:  0.46571   3.61149   0.09193  
  2 24530.1906 435696.415411  x:  0.55029   3.61306   0.08635  
  3 8267.9469 435648.694141  x:  0.55463   4.13004   0.08982  
  4 198.3389 435645.659424  x:  0.55580   4.15505   0.08713  
  5  0.0734 435645.607932  x:  0.55697   4.16369   0.08693  
  6  0.0069 435645.607233  x:  0.55702   4.16359   0.08697  
  7  0.0001 435645.607232  x:  0.55702   4.16352   0.08697  

3 (Bom_hor) ... 2 (Bom_con)
  0  0.0000 372014.455056  x:  0.10979   3.72088   0.06951  
  1 99.0000 371849.394242  x:  0.11934   3.72120   0.10453  
  2 10511.5848 371831.543989  x:  0.11198   3.72148   0.10999  
  3 4398.0024 371756.233470  x:  0.11164   5.20183   0.11487  
  4 124.6131 371754.551622  x:  0.11284   5.20835   0.11946  
  5  0.0043 371754.496459  x:  0.11245   5.20617   0.11985  
  6  0.0022 371754.496318  x:  0.11245   5.20424   0.11987  
  7  0.0013 371754.496311  x:  0.11245   5.20389   0.11986  
  8  0.0003 371754.496310  x:  0.11245   5.20390   0.11986  
  9  0.0000 371754.496310  x:  0.11245   5.20390   0.11986  
 10  0.0000 371754.496310  x:  0.11245   5.20390   0.11986  
 11  0.0050 371754.496310  x:  0.11245   5.20390   0.11986  
 12  0.0109 371754.496310  x:  0.11245   5.20390   0.11986  
 13  0.0040 371754.496310  x:  0.11245   5.20390   0.11986  
 14  0.0008 371754.496310  x:  0.11245   5.20390   0.11986  
check convergence!


4 (Bom_hyp) ... 1 (Apis_mel)
  0  0.0000 435464.855574  x:  0.47724   4.27630   0.16204  
  1 99.0000 434517.809982  x:  0.48372   4.27635   0.09317  
  2 21426.2341 434367.697526  x:  0.54553   4.27534   0.08407  
  3 5401.4599 434365.851836  x:  0.54431   4.16074   0.08373  
  4 30.7769 434360.961034  x:  0.54550   4.14258   0.08707  
  5  0.0463 434360.957217  x:  0.54562   4.14562   0.08699  
  6  0.0029 434360.957188  x:  0.54563   4.14532   0.08699  
  7  0.0003 434360.957188  x:  0.54564   4.14534   0.08699  

4 (Bom_hyp) ... 2 (Bom_con)
  0  0.0000 369567.497534  x:  0.09986   3.51227   0.12218  
  1 99.0000 369557.667721  x:  0.10518   3.51254   0.12025  
  2 3572.2414 369551.396071  x:  0.10495   3.51406   0.10990  
  3 1286.8375 369435.280893  x:  0.10472   5.37273   0.12203  
  4 163.2521 369434.500934  x:  0.10481   5.38183   0.11822  
  5  0.0091 369434.493416  x:  0.10482   5.40103   0.11825  
  6  0.0092 369434.493376  x:  0.10482   5.40114   0.11827  
  7  0.0001 369434.493376  x:  0.10482   5.40112   0.11827  

4 (Bom_hyp) ... 3 (Bom_hor)
  0  0.0000 358313.447692  x:  0.05742   4.49246   0.15724  
  1 99.0000 358280.460554  x:  0.06466   4.49249   0.15545  
  2 9235.8711 358221.034803  x:  0.06477   4.49313   0.10959  
  3 2376.8919 358216.986643  x:  0.06473   4.98435   0.11251  
  4 17.9515 358216.938329  x:  0.06468   4.98133   0.11138  
  5  0.0047 358216.937250  x:  0.06464   4.97732   0.11140  
  6  0.0036 358216.937249  x:  0.06464   4.97715   0.11140  
  7  0.0001 358216.937249  x:  0.06464   4.97715   0.11140  

5 (Bom_mus) ... 1 (Apis_mel)
  0  0.0000 435346.890388  x:  0.47856   4.28290   0.14042  
  1 99.0000 434805.407939  x:  0.48743   4.28286   0.09213  
  2 18269.8648 434646.635628  x:  0.55247   4.28184   0.08521  
  3 5633.9484 434644.976871  x:  0.55136   4.17343   0.08492  
  4 29.8277 434643.954229  x:  0.55119   4.16636   0.08653  
  5  0.0146 434643.952071  x:  0.55098   4.16681   0.08652  
  6  0.0004 434643.952061  x:  0.55097   4.16670   0.08652  
  7  0.0001 434643.952061  x:  0.55097   4.16672   0.08652  
  8  0.0000 434643.952061  x:  0.55097   4.16671   0.08652  

5 (Bom_mus) ... 2 (Bom_con)
  0  0.0000 371410.627013  x:  0.11140   3.50539   0.08459  
  1 99.0000 371367.311309  x:  0.11655   3.50607   0.10375  
  2 4684.7171 371360.575296  x:  0.11218   3.50654   0.10786  
  3 2858.4103 371220.140779  x:  0.11178   5.54611   0.11670  
  4 182.3274 371219.964750  x:  0.11250   5.54651   0.11705  
  5  0.0008 371219.957735  x:  0.11246   5.54605   0.11739  
  6  0.0004 371219.957700  x:  0.11246   5.54474   0.11738  
  7  0.0006 371219.957700  x:  0.11246   5.54473   0.11738  
  8  0.0000 371219.957700  x:  0.11246   5.54472   0.11738  
  9  0.0000 371219.957700  x:  0.11246   5.54472   0.11738  
check convergence!


5 (Bom_mus) ... 3 (Bom_hor)
  0  0.0000 359000.024142  x:  0.05222   4.46720   0.13704  
  1 99.0000 358866.580911  x:  0.06638   4.46722   0.13626  
  2 20526.1491 358852.193109  x:  0.06652   4.46758   0.11499  
  3 1257.9363 358849.633726  x:  0.06649   4.84268   0.11696  
  4 14.6005 358849.623461  x:  0.06652   4.83779   0.11642  
  5  0.0057 358849.623319  x:  0.06653   4.83600   0.11643  
  6  0.0015 358849.623318  x:  0.06653   4.83622   0.11643  

5 (Bom_mus) ... 4 (Bom_hyp)
  0  0.0000 358181.315576  x:  0.05887   4.04251   0.09294  
  1 99.0000 358147.703666  x:  0.06629   4.04256   0.09367  
  2 9409.4078 358145.143407  x:  0.06613   4.04312   0.10110  
  3 721.0401 358112.879950  x:  0.06598   5.39869   0.10659  
  4 57.5281 358112.857777  x:  0.06602   5.38702   0.10586  
  5  0.0097 358112.857673  x:  0.06602   5.38435   0.10585  
  6  0.0017 358112.857671  x:  0.06602   5.38428   0.10586  
  7  0.0001 358112.857671  x:  0.06602   5.38428   0.10586  
  8  0.0000 358112.857671  x:  0.06602   5.38427   0.10586  
  9  0.0000 358112.857671  x:  0.06602   5.38427   0.10586  
 10  0.0000 358112.857670  x:  0.06602   5.38427   0.10586  
 11  0.0233 358112.857670  x:  0.06602   5.38427   0.10586  
check convergence!


6 (Bom_pas) ... 1 (Apis_mel)
  0  0.0000 437087.323245  x:  0.43777   4.39484   0.21265  
  1 99.0000 434942.220656  x:  0.46634   4.39490   0.09323  
  2 24470.1801 434640.290742  x:  0.55489   4.39349   0.08650  
  3 8254.2398 434633.783360  x:  0.55308   4.17977   0.08543  
  4 58.7841 434633.445932  x:  0.55241   4.16884   0.08636  
  5  0.0368 434633.389792  x:  0.55113   4.16760   0.08641  
  6  0.0015 434633.389778  x:  0.55113   4.16785   0.08641  
  7  0.0003 434633.389778  x:  0.55113   4.16784   0.08641  

6 (Bom_pas) ... 2 (Bom_con)
  0  0.0000 371604.215589  x:  0.11000   3.46188   0.10281  
  1 99.0000 371598.564647  x:  0.11404   3.46222   0.10487  
  2 2531.1302 371596.229677  x:  0.11315   3.46361   0.11058  
  3 903.1340 371442.643470  x:  0.11299   5.57269   0.12164  
  4 204.8136 371442.280864  x:  0.11332   5.57419   0.11923  
  5  0.0023 371442.277650  x:  0.11326   5.58026   0.11911  
  6  0.0046 371442.277132  x:  0.11327   5.58469   0.11916  
  7  0.0025 371442.277129  x:  0.11327   5.58474   0.11916  
  8  0.0000 371442.277129  x:  0.11327   5.58473   0.11916  

6 (Bom_pas) ... 3 (Bom_hor)
  0  0.0000 359031.520412  x:  0.06314   4.49386   0.22292  
  1 99.0000 359014.765932  x:  0.06859   4.49395   0.21722  
  2 4375.1554 358809.280551  x:  0.06831   4.49551   0.11667  
  3 6557.2852 358803.285799  x:  0.06818   5.06739   0.12150  
  4 22.2947 358801.761853  x:  0.06688   5.09172   0.11779  
  5  0.0294 358801.603132  x:  0.06655   5.08138   0.11947  
  6  0.0178 358801.603096  x:  0.06654   5.08030   0.11945  
  7  0.0010 358801.603095  x:  0.06654   5.08017   0.11945  
  8  0.0001 358801.603095  x:  0.06654   5.08020   0.11945  

6 (Bom_pas) ... 4 (Bom_hyp)
  0  0.0000 358318.454902  x:  0.06289   4.07506   0.08982  
  1 99.0000 358307.440951  x:  0.06723   4.07512   0.09152  
  2 4861.2868 358296.699608  x:  0.06640   4.07570   0.10656  
  3 1687.5140 358253.918874  x:  0.06620   5.67741   0.11284  
  4 65.3969 358253.898206  x:  0.06637   5.67613   0.11248  
  5  0.0012 358253.897958  x:  0.06636   5.67632   0.11241  
  6  0.0002 358253.897957  x:  0.06636   5.67651   0.11241  
  7  0.0001 358253.897957  x:  0.06636   5.67663   0.11241  
  8  0.0001 358253.897957  x:  0.06636   5.67663   0.11241  
  9  0.0001 358253.897957  x:  0.06636   5.67663   0.11241  
 10  0.0096 358253.897957  x:  0.06636   5.67663   0.11241  
 11  0.0041 358253.897957  x:  0.06636   5.67663   0.11241  
 12  0.0013 358253.897957  x:  0.06636   5.67663   0.11241  
 13  0.0000 358253.897957  x:  0.06636   5.67663   0.11241  
 14  0.0881 358253.897957  x:  0.06636   5.67663   0.11241  
check convergence!


6 (Bom_pas) ... 5 (Bom_mus)
  0  0.0000 342688.252221  x:  0.02195   4.66168   0.16148  
  1 99.0000 342686.813364  x:  0.02107   4.66168   0.16127  
  2 3122.6918 342667.959835  x:  0.02117   4.66288   0.11532  
  3 749.0515 342659.526623  x:  0.02111   6.05896   0.12369  
  4 14.2054 342659.387231  x:  0.02113   6.06992   0.12016  
  5  0.0157 342659.386862  x:  0.02114   6.07925   0.12012  
  6  0.0065 342659.386849  x:  0.02113   6.08098   0.12017  
  7  0.0011 342659.386849  x:  0.02113   6.08098   0.12017  
  8  0.0008 342659.386843  x:  0.02113   6.08036   0.12015  
  9  0.0352 342659.386841  x:  0.02113   6.08036   0.12015  

7 (Bom_syl) ... 1 (Apis_mel)
  0  0.0000 437224.165825  x:  0.48434   4.76223   0.21271  
  1 99.0000 435243.254672  x:  0.48510   4.76199   0.09858  
  2 24252.0555 435068.951958  x:  0.54717   4.75992   0.08408  
  3 6002.6837 435032.472126  x:  0.54079   4.21047   0.08246  
  4 123.4892 435008.362924  x:  0.54821   4.15286   0.08881  
  5  0.2011 435008.227614  x:  0.54959   4.17902   0.08870  
  6  0.0295 435008.222357  x:  0.54986   4.17588   0.08863  
  7  0.0030 435008.222347  x:  0.54986   4.17591   0.08862  
  8  0.0000 435008.222347  x:  0.54986   4.17591   0.08862  
  9  0.0000 435008.222347  x:  0.54986   4.17591   0.08862  

7 (Bom_syl) ... 2 (Bom_con)
  0  0.0000 372602.115549  x:  0.09187   3.71133   0.08965  
  1 99.0000 372360.368622  x:  0.11758   3.71152   0.09706  
  2 19732.4469 372327.575471  x:  0.11520   3.71246   0.11833  
  3 3424.9038 372203.603487  x:  0.11492   5.69388   0.12736  
  4 162.1720 372203.536773  x:  0.11532   5.69145   0.12672  
  5  0.0020 372203.536383  x:  0.11530   5.69176   0.12665  
  6  0.0002 372203.536381  x:  0.11530   5.69212   0.12665  

7 (Bom_syl) ... 3 (Bom_hor)
  0  0.0000 359426.996788  x:  0.05615   4.76359   0.13928  
  1 99.0000 359335.828161  x:  0.06820   4.76361   0.13859  
  2 16204.0705 359326.058900  x:  0.06832   4.76405   0.12082  
  3 1038.0013 359320.172483  x:  0.06828   5.39637   0.12388  
  4 20.6667 359320.152905  x:  0.06831   5.38293   0.12312  
  5  0.0147 359320.152584  x:  0.06831   5.37849   0.12313  
  6  0.0038 359320.152584  x:  0.06831   5.37846   0.12313  

7 (Bom_syl) ... 4 (Bom_hyp)
  0  0.0000 358908.792088  x:  0.07150   4.52804   0.09336  
  1 99.0000 358899.702432  x:  0.06745   4.52809   0.09592  
  2 3711.0309 358884.537455  x:  0.06848   4.52849   0.11398  
  3 2358.5939 358857.730421  x:  0.06842   5.89001   0.11874  
  4 46.2320 358857.674319  x:  0.06810   5.88861   0.11895  
  5  0.0015 358857.674153  x:  0.06810   5.88733   0.11901  
  6  0.0009 358857.674152  x:  0.06811   5.88704   0.11901  
  7  0.0002 358857.674152  x:  0.06811   5.88705   0.11901  

7 (Bom_syl) ... 5 (Bom_mus)
  0  0.0000 357629.617803  x:  0.05480   4.63736   0.14425  
  1 99.0000 357580.963018  x:  0.06340   4.63739   0.14344  
  2 11865.2498 357566.850624  x:  0.06352   4.63820   0.12112  
  3 1180.4358 357548.084907  x:  0.06344   5.81015   0.12722  
  4 36.6342 357547.982640  x:  0.06347   5.81480   0.12539  
  5  0.0057 357547.982374  x:  0.06348   5.81954   0.12540  
  6  0.0033 357547.982372  x:  0.06348   5.81965   0.12540  
  7  0.0001 357547.982372  x:  0.06348   5.81965   0.12540  

7 (Bom_syl) ... 6 (Bom_pas)
  0  0.0000 357616.574665  x:  0.06082   4.74884   0.12382  
  1 99.0000 357612.290889  x:  0.06347   4.74887   0.12400  
  2 3280.7784 357612.004407  x:  0.06343   4.74944   0.12713  
  3 186.5420 357594.938191  x:  0.06335   5.89638   0.13194  
  4 35.0553 357594.927200  x:  0.06336   5.89622   0.13132  
  5  0.0006 357594.927190  x:  0.06336   5.89709   0.13132  
  6  0.0006 357594.927190  x:  0.06336   5.89713   0.13132  

8 (Bom_vet) ... 1 (Apis_mel)
  0  0.0000 436759.634869  x:  0.49070   4.76163   0.20138  
  1 99.0000 434920.368808  x:  0.49002   4.76141   0.09443  
  2 24672.1789 434768.386256  x:  0.54824   4.75941   0.08132  
  3 5517.2415 434734.126257  x:  0.54201   4.22438   0.07994  
  4 118.8228 434705.897215  x:  0.55054   4.17001   0.08661  
  5  0.1794 434705.756281  x:  0.55201   4.19626   0.08648  
  6  0.0290 434705.750520  x:  0.55228   4.19274   0.08641  
  7  0.0034 434705.750506  x:  0.55228   4.19278   0.08640  
  8  0.0000 434705.750506  x:  0.55228   4.19278   0.08640  
  9  0.0000 434705.750506  x:  0.55228   4.19278   0.08640  
check convergence!


8 (Bom_vet) ... 2 (Bom_con)
  0  0.0000 371281.744380  x:  0.10559   3.50005   0.07804  
  1 99.0000 371205.070550  x:  0.11734   3.50045   0.09434  
  2 8060.8641 371179.388492  x:  0.11047   3.50116   0.10725  
  3 4419.0498 371030.547874  x:  0.10973   5.65550   0.11615  
  4 186.2627 371029.184778  x:  0.11167   5.64783   0.11750  
  5  0.0068 371029.115867  x:  0.11149   5.64026   0.11853  
  6  0.0053 371029.115008  x:  0.11150   5.63388   0.11848  
  7  0.0029 371029.114997  x:  0.11150   5.63366   0.11849  

8 (Bom_vet) ... 3 (Bom_hor)
  0  0.0000 358758.924580  x:  0.06625   4.51271   0.23511  
  1 99.0000 358740.105768  x:  0.06087   4.51281   0.22786  
  2 4052.1549 358503.183942  x:  0.06254   4.51435   0.11635  
  3 8708.3517 358499.663294  x:  0.06265   4.95990   0.12024  
  4 16.5218 358495.982158  x:  0.06504   4.95315   0.11652  
  5  0.0087 358495.857457  x:  0.06517   4.93707   0.11824  
  6  0.0344 358495.857328  x:  0.06516   4.93447   0.11821  
  7  0.0022 358495.857328  x:  0.06516   4.93446   0.11821  

8 (Bom_vet) ... 4 (Bom_hyp)
  0  0.0000 358457.265608  x:  0.06973   4.11983   0.23771  
  1 99.0000 358425.936717  x:  0.06274   4.11994   0.23327  
  2 7042.1527 358093.010409  x:  0.06399   4.12320   0.10595  
  3 5170.5685 358062.061435  x:  0.06406   5.39057   0.11891  
  4 56.8324 358057.668806  x:  0.06479   5.49064   0.10887  
  5  0.2145 358057.348104  x:  0.06550   5.52491   0.10958  
  6  0.0361 358057.339230  x:  0.06548   5.55114   0.10955  
  7  0.0166 358057.339060  x:  0.06547   5.55171   0.10961  
  8  0.0006 358057.339060  x:  0.06547   5.55172   0.10961  
  9  0.0000 358057.339060  x:  0.06547   5.55172   0.10961  

8 (Bom_vet) ... 5 (Bom_mus)
  0  0.0000 341864.431984  x:  0.01989   4.63687   0.15759  
  1 99.0000 341862.606781  x:  0.01890   4.63688   0.15742  
  2 3741.4290 341846.868000  x:  0.01898   4.63793   0.11475  
  3 647.8950 341840.465385  x:  0.01893   5.89339   0.12205  
  4 11.8354 341840.313081  x:  0.01898   5.90455   0.11826  
  5  0.0160 341840.312492  x:  0.01899   5.91174   0.11825  
  6  0.0065 341840.312459  x:  0.01899   5.91459   0.11826  
  7  0.0021 341840.312459  x:  0.01899   5.91456   0.11826  
  8  0.0000 341840.312459  x:  0.01899   5.91457   0.11826  

8 (Bom_vet) ... 6 (Bom_pas)
  0  0.0000 342340.415306  x:  0.01768   4.69103   0.11811  
  1 99.0000 342326.433806  x:  0.02023   4.69103   0.11810  
  2 11455.8800 342326.248434  x:  0.02024   4.69159   0.11413  
  3 88.9463 342319.817521  x:  0.02019   5.93897   0.11956  
  4 12.1920 342319.806285  x:  0.02019   5.93335   0.11852  
  5  0.0055 342319.806277  x:  0.02019   5.93229   0.11851  
  6  0.0022 342319.806275  x:  0.02019   5.93228   0.11851  

8 (Bom_vet) ... 7 (Bom_syl)
  0  0.0000 357258.687659  x:  0.05991   4.74245   0.12283  
  1 99.0000 357255.543124  x:  0.06216   4.74248   0.12306  
  2 2824.0500 357255.043322  x:  0.06210   4.74309   0.12719  
  3 247.9806 357234.614962  x:  0.06201   6.03022   0.13258  
  4 37.5169 357234.600923  x:  0.06203   6.03000   0.13187  
  5  0.0007 357234.600906  x:  0.06203   6.03111   0.13186  
  6  0.0008 357234.600906  x:  0.06203   6.03115   0.13186  