

2 (And_ful) ... 1 (And_bic)
  0  0.0000 1047454.851087  x:  0.17229   1.59642   0.46282  
  1 99.0000 1045754.044951  x:  0.12582   1.60671   0.40222  
  2 39787.9860 1034150.810287  x:  0.11807   1.66368   0.05622  
  3 94192.9374 1033481.326286  x:  0.12079   2.21934   0.09591  
  4 2979.8893 1031683.257094  x:  0.13960   2.92135   0.04988  
  5  2.1574 1031259.022511  x:  0.15819   3.07059   0.06813  
  6  0.1737 1031190.732638  x:  0.16461   3.29642   0.06073  
  7  0.1687 1031179.443334  x:  0.16232   3.48139   0.06269  
  8  0.0647 1031179.271489  x:  0.16278   3.49469   0.06250  
  9  0.0116 1031179.269848  x:  0.16279   3.49596   0.06256  
 10  0.0011 1031179.269847  x:  0.16279   3.49594   0.06256  
 11  0.0000 1031179.269847  x:  0.16279   3.49594   0.06256  

3 (And_hae) ... 1 (And_bic)
  0  0.0000 1029981.979628  x:  0.13927   3.08098   0.13140  
  1 99.0000 1028912.854637  x:  0.17438   3.08181   0.07838  
  2 32723.8126 1028686.259309  x:  0.16715   3.08214   0.05850  
  3 30114.5200 1028646.367898  x:  0.16619   3.49461   0.06119  
  4 206.6302 1028585.750473  x:  0.15630   3.41876   0.06481  
  5  0.0958 1028585.666295  x:  0.15612   3.40766   0.06450  
  6  0.0114 1028585.664853  x:  0.15615   3.40559   0.06450  
  7  0.0021 1028585.664853  x:  0.15615   3.40559   0.06450  

3 (And_hae) ... 2 (And_ful)
  0  0.0000 1024969.884861  x:  0.13939   2.95772   0.16870  
  1 99.0000 1022739.074655  x:  0.15565   2.96041   0.06470  
  2 30008.6780 1022696.155730  x:  0.14829   2.96077   0.06073  
  3 11285.4110 1022567.708153  x:  0.14588   3.66679   0.06899  
  4 405.8767 1022562.490013  x:  0.14740   3.71601   0.06633  
  5  0.1186 1022562.397128  x:  0.14718   3.73331   0.06623  
  6  0.0142 1022562.393683  x:  0.14721   3.73602   0.06631  
  7  0.0023 1022562.393679  x:  0.14721   3.73608   0.06630  

4 (And_hat) ... 1 (And_bic)
  0  0.0000 1007260.959578  x:  0.11111   3.35254   0.05853  
  1 99.0000 1007185.619294  x:  0.12005   3.35254   0.06253  
  2 15807.1675 1007181.690225  x:  0.11923   3.35255   0.06561  
  3 2588.4854 1007181.227367  x:  0.11923   3.40528   0.06582  
  4 18.2386 1007181.226255  x:  0.11926   3.40401   0.06581  
  5  0.0012 1007181.226251  x:  0.11926   3.40389   0.06581  

4 (And_hat) ... 2 (And_ful)
  0  0.0000 1026444.488060  x:  0.13833   3.02352   0.05487  
  1 99.0000 1026246.836844  x:  0.15440   3.02378   0.06139  
  2 23699.9484 1026246.438906  x:  0.15474   3.02530   0.06059  
  3 450.6753 1026111.002679  x:  0.15432   3.82285   0.06490  
  4 1555.3045 1026110.731444  x:  0.15469   3.82115   0.06424  
  5  0.0017 1026110.731080  x:  0.15467   3.82164   0.06422  
  6  0.0004 1026110.731076  x:  0.15467   3.82178   0.06423  
  7  0.0001 1026110.731076  x:  0.15467   3.82180   0.06423  

4 (And_hat) ... 3 (And_hae)
  0  0.0000 1025873.261105  x:  0.13029   3.28804   0.14648  
  1 99.0000 1024829.309167  x:  0.17033   3.28887   0.09830  
  2 35444.2804 1024282.246901  x:  0.16516   3.28951   0.06035  
  3 44125.2845 1024212.773295  x:  0.16410   3.90512   0.06454  
  4 247.5963 1024089.333288  x:  0.14938   3.81934   0.06603  
  5  0.0869 1024089.200251  x:  0.14940   3.79148   0.06583  
  6  0.0233 1024089.200146  x:  0.14940   3.79109   0.06584  
  7  0.0005 1024089.200144  x:  0.14940   3.79103   0.06584  
  8  0.0001 1024089.200144  x:  0.14940   3.79102   0.06584  

5 (And_mar) ... 1 (And_bic)
  0  0.0000 986957.329366  x:  0.08200   3.46849   0.05554  
  1 99.0000 986891.200625  x:  0.08930   3.46844   0.05861  
  2 17195.2252 986877.900459  x:  0.08832   3.46827   0.06511  
  3 4478.3411 986860.561519  x:  0.08839   3.12137   0.06385  
  4 94.0698 986860.543537  x:  0.08844   3.12035   0.06361  
  5  0.0010 986860.543530  x:  0.08844   3.12042   0.06361  
  6  0.0001 986860.543530  x:  0.08844   3.12039   0.06361  
  7  0.0000 986860.543530  x:  0.08844   3.12039   0.06361  
  8  0.0000 986860.543530  x:  0.08844   3.12039   0.06361  
check convergence!


5 (And_mar) ... 2 (And_ful)
  0  0.0000 1031353.409911  x:  0.14421   2.90290   0.12588  
  1 99.0000 1030179.616756  x:  0.17570   2.90419   0.06912  
  2 32847.3756 1030047.341182  x:  0.16837   2.90460   0.05681  
  3 22192.1690 1029917.964262  x:  0.16631   3.62286   0.06180  
  4 406.0231 1029896.206910  x:  0.16026   3.57524   0.06371  
  5  0.0677 1029896.107174  x:  0.16017   3.55837   0.06338  
  6  0.0140 1029896.105067  x:  0.16020   3.55628   0.06340  
  7  0.0019 1029896.105065  x:  0.16020   3.55627   0.06341  
  8  0.0000 1029896.105065  x:  0.16020   3.55628   0.06341  
  9  0.0000 1029896.105065  x:  0.16020   3.55628   0.06341  
check convergence!


5 (And_mar) ... 3 (And_hae)
  0  0.0000 1027114.831788  x:  0.15917   3.18981   0.07501  
  1 99.0000 1027044.574578  x:  0.15128   3.18996   0.06666  
  2 11871.8872 1027041.992062  x:  0.15264   3.19008   0.06478  
  3 2280.9732 1027029.993443  x:  0.15276   3.42625   0.06592  
  4 109.7276 1027029.977605  x:  0.15279   3.41857   0.06581  
  5  0.0070 1027029.977566  x:  0.15279   3.41836   0.06582  
  6  0.0002 1027029.977566  x:  0.15279   3.41835   0.06582  

5 (And_mar) ... 4 (And_hat)
  0  0.0000 1004737.541781  x:  0.10464   3.27640   0.06716  
  1 99.0000 1004650.038723  x:  0.11452   3.27643   0.06801  
  2 18236.3090 1004649.910740  x:  0.11448   3.27651   0.06863  
  3 411.4780 1004645.925575  x:  0.11447   3.43006   0.06931  
  4 54.8795 1004645.924951  x:  0.11446   3.42818   0.06930  
  5  0.0017 1004645.924951  x:  0.11446   3.42817   0.06930  

6 (And_tri) ... 1 (And_bic)
  0  0.0000 1005964.922477  x:  0.10026   3.01278   0.12394  
  1 99.0000 1005541.265183  x:  0.12246   3.01292   0.10674  
  2 32363.0756 1005026.959233  x:  0.12048   3.01321   0.06181  
  3 27989.4293 1005025.924461  x:  0.12052   2.94670   0.06127  
  4 29.2096 1005002.296877  x:  0.11524   2.92793   0.06312  
  5  0.0190 1005002.015399  x:  0.11509   2.93367   0.06235  
  6  0.0105 1005002.015275  x:  0.11508   2.93353   0.06235  

6 (And_tri) ... 2 (And_ful)
  0  0.0000 1027670.447373  x:  0.13181   2.67391   0.09834  
  1 99.0000 1026935.591584  x:  0.16376   2.67465   0.07268  
  2 37701.8985 1026783.384354  x:  0.15989   2.67527   0.05611  
  3 20055.9439 1026621.057308  x:  0.15889   3.43761   0.06117  
  4 491.9810 1026611.405530  x:  0.15488   3.42709   0.06058  
  5  0.0109 1026611.372382  x:  0.15481   3.42223   0.06079  
  6  0.0049 1026611.370844  x:  0.15482   3.41978   0.06076  
  7  0.0018 1026611.370844  x:  0.15482   3.41978   0.06076  
  8  0.0000 1026611.370844  x:  0.15482   3.41978   0.06076  
check convergence!


6 (And_tri) ... 3 (And_hae)
  0  0.0000 1026371.063510  x:  0.14847   3.07108   0.15267  
  1 99.0000 1024622.256371  x:  0.13461   3.07242   0.06686  
  2 30013.0053 1024499.508488  x:  0.14529   3.07263   0.05690  
  3 24217.4905 1024471.656999  x:  0.14635   3.40564   0.05997  
  4 176.5636 1024461.448467  x:  0.14868   3.33973   0.06298  
  5  0.1452 1024461.321526  x:  0.14904   3.33811   0.06263  
  6  0.0015 1024461.321409  x:  0.14903   3.33763   0.06262  
  7  0.0004 1024461.321409  x:  0.14903   3.33761   0.06262  

6 (And_tri) ... 4 (And_hat)
  0  0.0000 1003714.685519  x:  0.12204   2.95128   0.06246  
  1 99.0000 1003653.550256  x:  0.11331   2.95139   0.06336  
  2 13548.3552 1003652.457226  x:  0.11332   2.95162   0.06510  
  3 1280.8837 1003619.744948  x:  0.11328   3.36082   0.06707  
  4 176.4333 1003619.740268  x:  0.11328   3.35865   0.06695  
  5  0.0020 1003619.740260  x:  0.11328   3.35845   0.06695  
  6  0.0002 1003619.740260  x:  0.11328   3.35845   0.06695  
  7  0.0000 1003619.740260  x:  0.11328   3.35845   0.06695  

6 (And_tri) ... 5 (And_mar)
  0  0.0000 1003350.278105  x:  0.10120   3.13108   0.09982  
  1 99.0000 1003170.339768  x:  0.11510   3.13109   0.08913  
  2 21396.2121 1003027.916202  x:  0.11293   3.13107   0.06673  
  3 15800.7302 1003019.045068  x:  0.11302   2.93175   0.06543  
  4 84.2986 1003015.256867  x:  0.11104   2.92215   0.06663  
  5  0.0098 1003015.211923  x:  0.11096   2.92428   0.06631  
  6  0.0030 1003015.211921  x:  0.11096   2.92436   0.06631  
  7  0.0001 1003015.211921  x:  0.11096   2.92436   0.06631  
  8  0.0000 1003015.211921  x:  0.11096   2.92436   0.06631  
check convergence!


7 (Bom_pas) ... 1 (And_bic)
  0  0.0000 1260368.012783  x:  1.03910   2.86171   0.11054  
  1 99.0000 1255711.860188  x:  1.03523   2.86269   0.05985  
  2 141703.2692 1255605.937249  x:  1.09332   2.89823   0.05459  
  3 3119.2105 1254848.089663  x:  1.12809   3.91169   0.05928  
  4 2448.1666 1254833.672309  x:  1.15749   3.93411   0.05777  
  5  0.0288 1254833.040152  x:  1.15748   3.94544   0.05740  
  6  0.0168 1254832.969816  x:  1.15783   3.95651   0.05746  
  7  0.0078 1254832.969638  x:  1.15794   3.95662   0.05745  
  8  0.0001 1254832.969638  x:  1.15794   3.95663   0.05745  
  9  0.0000 1254832.969638  x:  1.15794   3.95663   0.05745  
check convergence!


7 (Bom_pas) ... 2 (And_ful)
  0  0.0000 1267320.381401  x:  1.22829   3.47661   0.12483  
  1 99.0000 1257973.865960  x:  1.22041   3.47748   0.05434  
  2 184027.3081 1257945.290125  x:  1.19054   3.50307   0.05767  
  3 1485.4476 1257655.538534  x:  1.25910   4.25381   0.05573  
  4 1282.6614 1257631.901820  x:  1.23230   4.24939   0.05496  
  5  0.0401 1257631.803894  x:  1.23030   4.25033   0.05514  
  6  0.0023 1257631.803788  x:  1.23037   4.25071   0.05514  
  7  0.0003 1257631.803785  x:  1.23037   4.25077   0.05514  

7 (Bom_pas) ... 3 (And_hae)
  0  0.0000 1267211.551284  x:  1.24428   3.81636   0.14201  
  1 99.0000 1254852.290467  x:  1.23231   3.81720   0.05398  
  2 186076.4161 1254798.828990  x:  1.19239   3.82475   0.05887  
  3 2734.2346 1254751.141381  x:  1.21431   4.13859   0.05835  
  4 319.9906 1254689.396314  x:  1.16449   4.10867   0.05798  
  5  0.0872 1254688.976650  x:  1.16726   4.11383   0.05756  
  6  0.0061 1254688.975823  x:  1.16707   4.11373   0.05756  
  7  0.0002 1254688.975823  x:  1.16707   4.11375   0.05756  
  8  0.0000 1254688.975823  x:  1.16707   4.11375   0.05756  
  9  0.0000 1254688.975823  x:  1.16707   4.11375   0.05756  

7 (Bom_pas) ... 4 (And_hat)
  0  0.0000 1273777.405933  x:  1.19018   3.52768   0.18069  
  1 99.0000 1255204.560523  x:  1.16928   3.52947   0.05570  
  2 179756.8242 1255194.631709  x:  1.15716   3.53751   0.05773  
  3 1384.1701 1255009.675090  x:  1.19940   4.13228   0.05690  
  4 884.4908 1254998.669252  x:  1.17780   4.12663   0.05685  
  5  0.0290 1254998.667302  x:  1.17754   4.12695   0.05687  
  6  0.0004 1254998.667297  x:  1.17755   4.12704   0.05687  
  7  0.0001 1254998.667297  x:  1.17755   4.12705   0.05687  

7 (Bom_pas) ... 5 (And_mar)
  0  0.0000 1255466.425284  x:  1.13025   3.54038   0.07802  
  1 99.0000 1254376.441668  x:  1.12889   3.54057   0.05767  
  2 94227.4400 1254358.437017  x:  1.10551   3.60005   0.05942  
  3 559.2050 1254271.972713  x:  1.15503   3.97154   0.05770  
  4 2064.6939 1254271.788171  x:  1.15288   3.97611   0.05767  
  5  0.0054 1254271.779348  x:  1.15257   3.97720   0.05773  
  6  0.0013 1254271.779345  x:  1.15257   3.97727   0.05773  
  7  0.0001 1254271.779345  x:  1.15257   3.97727   0.05773  

7 (Bom_pas) ... 6 (And_tri)
  0  0.0000 1256932.006552  x:  1.19362   3.37555   0.08480  
  1 99.0000 1254446.545171  x:  1.19090   3.37592   0.05410  
  2 133721.1082 1254342.274857  x:  1.12116   3.40259   0.05909  
  3 2694.5018 1254139.400193  x:  1.17224   3.99723   0.05833  
  4 802.2685 1254125.797065  x:  1.16129   4.00333   0.05703  
  5  0.0178 1254125.777108  x:  1.16064   4.00658   0.05709  
  6  0.0031 1254125.776817  x:  1.16075   4.00725   0.05709  
  7  0.0006 1254125.776817  x:  1.16075   4.00725   0.05709  