

2 (And_ful) ... 1 (And_bic)
  0  0.0000 998050.143410  x:  0.15290   1.58799   0.47384  
  1 99.0000 983447.244692  x:  0.15148   1.66448   0.05006  
  2 30328.1347 983366.735541  x:  0.16209   1.66735   0.04508  
  3 16875.8869 982864.555883  x:  0.17548   2.02328   0.07021  
  4 3468.0174 981798.225547  x:  0.15553   2.99868   0.05177  
  5  2.4478 981656.686969  x:  0.16625   3.34680   0.06166  
  6  0.2138 981618.170446  x:  0.16405   3.70615   0.05870  
  7  0.1619 981617.505333  x:  0.16422   3.73723   0.05976  
  8  0.0241 981617.498237  x:  0.16415   3.74099   0.05972  
  9  0.0033 981617.498231  x:  0.16415   3.74114   0.05972  
 10  0.0001 981617.498231  x:  0.16415   3.74114   0.05972  

3 (And_hae) ... 1 (And_bic)
  0  0.0000 979624.544883  x:  0.13132   3.45416   0.16320  
  1 99.0000 978274.271297  x:  0.18173   3.45490   0.10496  
  2 38676.3612 977426.449915  x:  0.17801   3.45547   0.05570  
  3 54182.5476 977401.077901  x:  0.17727   3.84857   0.05831  
  4 136.5153 977137.907465  x:  0.15438   3.69730   0.06048  
  5  0.1432 977137.708528  x:  0.15437   3.68601   0.05984  
  6  0.0163 977137.690083  x:  0.15439   3.67621   0.05987  
  7  0.0118 977137.690082  x:  0.15439   3.67616   0.05987  
  8  0.0001 977137.690082  x:  0.15439   3.67616   0.05987  
  9  0.0000 977137.690082  x:  0.15439   3.67616   0.05987  
 10  0.0000 977137.690082  x:  0.15439   3.67616   0.05987  

3 (And_hae) ... 2 (And_ful)
  0  0.0000 977692.362447  x:  0.16053   3.12665   0.14831  
  1 99.0000 976381.531831  x:  0.12929   3.12816   0.08519  
  2 32459.1046 975989.013272  x:  0.13867   3.12893   0.05672  
  3 47032.9753 975777.721517  x:  0.14163   4.22578   0.06441  
  4 453.8645 975707.041897  x:  0.15223   4.09917   0.06627  
  5  0.1472 975705.562872  x:  0.15240   4.08890   0.06440  
  6  0.0116 975705.538048  x:  0.15235   4.07549   0.06436  
  7  0.0094 975705.538017  x:  0.15235   4.07545   0.06437  
  8  0.0000 975705.538017  x:  0.15235   4.07545   0.06437  

4 (And_hat) ... 1 (And_bic)
  0  0.0000 957153.976555  x:  0.12198   3.67344   0.04992  
  1 99.0000 957024.876308  x:  0.11400   3.67339   0.06423  
  2 16705.1035 957020.758994  x:  0.11595   3.67337   0.06589  
  3 3367.3904 957020.270560  x:  0.11594   3.61367   0.06572  
  4 16.1486 957020.168288  x:  0.11573   3.61459   0.06621  
  5  0.0008 957020.168264  x:  0.11574   3.61473   0.06621  
  6  0.0001 957020.168264  x:  0.11574   3.61472   0.06621  
  7  0.0000 957020.168264  x:  0.11574   3.61472   0.06621  

4 (And_hat) ... 2 (And_ful)
  0  0.0000 979002.265842  x:  0.15551   3.40857   0.13703  
  1 99.0000 977589.514585  x:  0.14548   3.40987   0.06284  
  2 28708.1016 977527.057641  x:  0.15467   3.41015   0.05716  
  3 14036.9849 977439.040601  x:  0.15618   4.12332   0.06255  
  4 274.3100 977438.978128  x:  0.15649   4.11791   0.06262  
  5  0.0069 977438.967816  x:  0.15653   4.11786   0.06247  
  6  0.0002 977438.967785  x:  0.15653   4.11739   0.06247  
  7  0.0003 977438.967785  x:  0.15653   4.11739   0.06247  

4 (And_hat) ... 3 (And_hae)
  0  0.0000 976092.346303  x:  0.12901   3.71548   0.17574  
  1 99.0000 974839.944212  x:  0.17674   3.71635   0.11083  
  2 33879.8787 973996.528635  x:  0.17268   3.71700   0.05879  
  3 60131.0559 973953.791097  x:  0.17163   4.28531   0.06241  
  4 159.0740 973651.568015  x:  0.14763   4.10214   0.06446  
  5  0.1805 973651.275111  x:  0.14767   4.06215   0.06390  
  6  0.0396 973651.268299  x:  0.14768   4.05798   0.06399  
  7  0.0069 973651.268292  x:  0.14768   4.05780   0.06399  

5 (And_mar) ... 1 (And_bic)
  0  0.0000 938250.458717  x:  0.07647   3.41229   0.06887  
  1 99.0000 938145.053276  x:  0.08592   3.41227   0.06782  
  2 23120.6168 938138.351311  x:  0.08591   3.41220   0.06270  
  3 2549.1259 938133.738739  x:  0.08593   3.22692   0.06190  
  4 47.3895 938133.736989  x:  0.08592   3.22354   0.06187  
  5  0.0036 938133.736984  x:  0.08592   3.22360   0.06187  
  6  0.0000 938133.736984  x:  0.08592   3.22359   0.06187  

5 (And_mar) ... 2 (And_ful)
  0  0.0000 982341.921329  x:  0.17532   3.03004   0.11465  
  1 99.0000 981315.720004  x:  0.14885   3.03106   0.06776  
  2 33328.4806 981186.695717  x:  0.15741   3.03154   0.05441  
  3 19966.4711 981035.667694  x:  0.15946   3.87473   0.05968  
  4 410.3871 981028.309679  x:  0.16287   3.84561   0.06081  
  5  0.0383 981028.136431  x:  0.16307   3.84061   0.06025  
  6  0.0050 981028.135349  x:  0.16307   3.83803   0.06024  
  7  0.0018 981028.135345  x:  0.16306   3.83802   0.06024  
  8  0.0000 981028.135345  x:  0.16306   3.83802   0.06024  

5 (And_mar) ... 3 (And_hae)
  0  0.0000 977837.136228  x:  0.15173   3.33952   0.15153  
  1 99.0000 976250.262076  x:  0.13392   3.34075   0.06833  
  2 28866.5330 976098.355264  x:  0.14474   3.34099   0.05551  
  3 28280.1684 976056.231492  x:  0.14620   3.81852   0.05907  
  4 189.5572 976031.223464  x:  0.15054   3.70451   0.06337  
  5  0.2238 976030.827028  x:  0.15112   3.70158   0.06265  
  6  0.0027 976030.826427  x:  0.15111   3.70013   0.06263  
  7  0.0013 976030.826426  x:  0.15111   3.70011   0.06263  

5 (And_mar) ... 4 (And_hat)
  0  0.0000 954794.960584  x:  0.09972   3.15306   0.09095  
  1 99.0000 954619.400166  x:  0.11380   3.15322   0.08318  
  2 22854.7008 954522.315682  x:  0.11242   3.15362   0.06469  
  3 11516.9111 954492.096775  x:  0.11227   3.59310   0.06730  
  4 148.9356 954491.164846  x:  0.11130   3.59176   0.06665  
  5  0.0017 954491.153494  x:  0.11124   3.59106   0.06682  
  6  0.0009 954491.153483  x:  0.11125   3.59078   0.06682  

6 (And_tri) ... 1 (And_bic)
  0  0.0000 957129.023530  x:  0.09563   3.11028   0.19837  
  1 99.0000 956576.042392  x:  0.12201   3.11059   0.17497  
  2 34393.4931 954551.482536  x:  0.12302   3.11206   0.05806  
  3 41820.6230 954550.735461  x:  0.12302   3.05452   0.05732  
  4  9.8672 954453.699134  x:  0.11171   3.04458   0.05888  
  5  0.0325 954453.530479  x:  0.11169   3.05607   0.05832  
  6  0.0395 954453.530351  x:  0.11168   3.05658   0.05833  
  7  0.0005 954453.530351  x:  0.11168   3.05660   0.05833  
  8  0.0000 954453.530351  x:  0.11168   3.05661   0.05833  
  9  0.0000 954453.530351  x:  0.11168   3.05660   0.05833  

6 (And_tri) ... 2 (And_ful)
  0  0.0000 980110.884071  x:  0.16060   2.94070   0.15857  
  1 99.0000 978139.511916  x:  0.13037   2.94270   0.07137  
  2 34314.4173 977816.814422  x:  0.14052   2.94326   0.04978  
  3 50430.3108 977633.106240  x:  0.14427   3.87007   0.05660  
  4 460.7293 977539.035508  x:  0.15544   3.66637   0.06068  
  5  0.2879 977536.239637  x:  0.15617   3.64936   0.05838  
  6  0.0159 977536.222076  x:  0.15616   3.63942   0.05836  
  7  0.0082 977536.221939  x:  0.15615   3.63938   0.05836  
  8  0.0000 977536.221939  x:  0.15615   3.63938   0.05836  
  9  0.0000 977536.221939  x:  0.15615   3.63938   0.05836  

6 (And_tri) ... 3 (And_hae)
  0  0.0000 975057.168068  x:  0.15753   3.27911   0.12147  
  1 99.0000 974161.130521  x:  0.13156   3.27970   0.07561  
  2 30323.5456 973938.151868  x:  0.14012   3.27998   0.05529  
  3 29550.3325 973911.205346  x:  0.14089   3.65891   0.05754  
  4 150.9247 973878.461814  x:  0.14725   3.58596   0.06078  
  5  0.0966 973877.721906  x:  0.14776   3.58839   0.05964  
  6  0.0030 973877.721355  x:  0.14776   3.58666   0.05962  
  7  0.0016 973877.721354  x:  0.14776   3.58665   0.05962  
  8  0.0000 973877.721354  x:  0.14776   3.58665   0.05962  

6 (And_tri) ... 4 (And_hat)
  0  0.0000 954453.165946  x:  0.11698   3.08924   0.10256  
  1 99.0000 954195.200358  x:  0.10267   3.08955   0.08255  
  2 19747.0728 954031.998266  x:  0.10794   3.08993   0.06039  
  3 22787.0648 954007.613692  x:  0.10822   3.47142   0.06285  
  4 136.9366 954001.093685  x:  0.11092   3.45324   0.06376  
  5  0.0203 954001.031008  x:  0.11098   3.45311   0.06333  
  6  0.0006 954001.030931  x:  0.11098   3.45244   0.06333  
  7  0.0006 954001.030931  x:  0.11098   3.45242   0.06333  
  8  0.0000 954001.030931  x:  0.11098   3.45242   0.06333  
  9  0.0000 954001.030931  x:  0.11098   3.45242   0.06333  
check convergence!


6 (And_tri) ... 5 (And_mar)
  0  0.0000 953459.499285  x:  0.09245   3.09596   0.10502  
  1 99.0000 953119.151993  x:  0.11178   3.09603   0.09489  
  2 33407.3415 952825.694478  x:  0.11063   3.09622   0.06068  
  3 17876.2311 952825.181732  x:  0.11065   3.04571   0.06033  
  4 19.3730 952820.646577  x:  0.10835   3.03971   0.06107  
  5  0.0058 952820.613484  x:  0.10831   3.04137   0.06079  
  6  0.0028 952820.613481  x:  0.10831   3.04143   0.06079  
  7  0.0001 952820.613481  x:  0.10831   3.04142   0.06079  

7 (Bom_pas) ... 1 (And_bic)
  0  0.0000 1183966.559409  x:  1.10971   3.00642   0.06146  
  1 99.0000 1183632.794900  x:  1.10878   3.00674   0.05147  
  2 61553.5663 1183481.017037  x:  1.02960   3.05902   0.05575  
  3 3063.3466 1182818.287565  x:  1.12254   4.12953   0.05521  
  4 1882.1197 1182808.959409  x:  1.11382   4.13933   0.05411  
  5  0.0137 1182808.845425  x:  1.11214   4.14596   0.05427  
  6  0.0060 1182808.843705  x:  1.11237   4.14783   0.05426  
  7  0.0012 1182808.843704  x:  1.11237   4.14783   0.05426  

7 (Bom_pas) ... 2 (And_ful)
  0  0.0000 1188366.752763  x:  1.10199   3.57039   0.04477  
  1 99.0000 1188000.749216  x:  1.10249   3.57046   0.05429  
  2 83685.3263 1187953.521111  x:  1.15858   3.60298   0.05237  
  3 1621.4535 1187618.778397  x:  1.19221   4.46393   0.05307  
  4 1213.4929 1187616.513914  x:  1.19891   4.47089   0.05215  
  5  0.0079 1187616.502022  x:  1.19958   4.47631   0.05215  
  6  0.0039 1187616.502012  x:  1.19955   4.47636   0.05215  
  7  0.0000 1187616.502012  x:  1.19956   4.47636   0.05215  
  8  0.0000 1187616.502012  x:  1.19956   4.47636   0.05215  

7 (Bom_pas) ... 3 (And_hae)
  0  0.0000 1202516.833687  x:  1.25392   3.96046   0.16741  
  1 99.0000 1184103.534218  x:  1.23387   3.96172   0.04936  
  2 186507.0672 1184031.378582  x:  1.19635   3.96715   0.05496  
  3 3978.9088 1183972.935997  x:  1.21950   4.34569   0.05439  
  4 324.3388 1183788.394745  x:  1.11622   4.24366   0.05562  
  5  0.1877 1183786.080015  x:  1.12273   4.26965   0.05469  
  6  0.0267 1183786.056103  x:  1.12168   4.26828   0.05469  
  7  0.0020 1183786.056099  x:  1.12167   4.26819   0.05469  
  8  0.0001 1183786.056099  x:  1.12167   4.26819   0.05469  

7 (Bom_pas) ... 4 (And_hat)
  0  0.0000 1186793.651206  x:  1.30330   3.52834   0.07177  
  1 99.0000 1184498.074127  x:  1.30072   3.52867   0.04568  
  2 145722.2193 1183744.304131  x:  1.08461   3.57528   0.05817  
  3 6195.5022 1183515.427985  x:  1.14862   4.26071   0.05707  
  4 744.7034 1183453.709241  x:  1.12144   4.29808   0.05467  
  5  0.0567 1183452.829200  x:  1.12751   4.30268   0.05412  
  6  0.0090 1183452.823548  x:  1.12781   4.30630   0.05413  
  7  0.0027 1183452.823512  x:  1.12779   4.30640   0.05413  

7 (Bom_pas) ... 5 (And_mar)
  0  0.0000 1196092.540337  x:  0.94109   3.65141   0.18000  
  1 99.0000 1183083.499200  x:  0.92825   3.65258   0.06238  
  2 142032.8635 1182865.962728  x:  0.98037   3.65354   0.05375  
  3 7904.8526 1182744.670466  x:  1.00456   4.16722   0.05438  
  4 507.6868 1182476.379399  x:  1.07755   4.09598   0.05736  
  5  0.1941 1182461.633925  x:  1.09743   4.12039   0.05493  
  6  0.0246 1182461.409384  x:  1.10015   4.13480   0.05499  
  7  0.0122 1182461.408860  x:  1.10022   4.13535   0.05498  
  8  0.0006 1182461.408858  x:  1.10021   4.13538   0.05498  
  9  0.0000 1182461.408858  x:  1.10021   4.13538   0.05498  

7 (Bom_pas) ... 6 (And_tri)
  0  0.0000 1194588.748838  x:  1.16025   3.69254   0.14123  
  1 99.0000 1182579.295174  x:  1.14772   3.69347   0.05159  
  2 175726.4948 1182538.133825  x:  1.11512   3.70159   0.05574  
  3 2512.1898 1182443.557178  x:  1.14460   4.15455   0.05514  
  4 458.0483 1182399.578606  x:  1.10506   4.13654   0.05458  
  5  0.0670 1182399.483065  x:  1.10653   4.13977   0.05439  
  6  0.0037 1182399.482844  x:  1.10647   4.14016   0.05439  
  7  0.0004 1182399.482841  x:  1.10648   4.14022   0.05439  