Supplemental results for CODEML (seqf: /home/yzliu/eDNA/faststorage/yzliu/DK_proj/data/ref_genome/ref_annotation/primary_transcripts/extracted_cds_new/new_transcript_id_8_bom_apis/bootstraps/cat.out.OG_cds_8_species_same_header_fas.shuf_211OG_516.phy  treef: xxx.trees)


pairwise comparison (Goldman & Yang 1994)
seq seq        N       S       dN       dS     dN/dS   Paras.
  2   1 174340.2  58804.8   0.0588   0.5921   0.0994   0.5800   3.9617   0.0994 -412202.057
  3   1 174123.4  59021.6   0.0589   0.6025   0.0977   0.5895   4.0032   0.0977 -412612.455
  3   2 170088.5  63056.5   0.0140   0.1100   0.1274   0.1199   5.1462   0.1274 -349540.895
  4   1 174607.0  58538.0   0.0579   0.5934   0.0975   0.5770   3.9517   0.0975 -411473.786
  4   2 170391.6  62753.4   0.0133   0.1039   0.1276   0.1129   5.2014   0.1276 -347680.373
  4   3 170249.5  62895.5   0.0085   0.0628   0.1359   0.0695   5.2008   0.1359 -336675.012
  5   1 174594.5  58550.5   0.0590   0.6019   0.0981   0.5861   3.9442   0.0981 -412367.865
  5   2 170572.7  62572.3   0.0152   0.1114   0.1360   0.1230   5.0415   0.1360 -350404.094
  5   3 170337.6  62807.4   0.0092   0.0656   0.1397   0.0731   5.1133   0.1397 -337694.278
  5   4 170461.9  62683.1   0.0093   0.0650   0.1426   0.0728   5.3170   0.1426 -337409.427
  6   1 174615.7  58529.3   0.0590   0.6032   0.0978   0.5868   3.9354   0.0978 -412389.979
  6   2 170478.6  62666.4   0.0154   0.1137   0.1357   0.1255   5.1170   0.1357 -350918.337
  6   3 170067.6  63077.4   0.0096   0.0667   0.1434   0.0751   5.3318   0.1434 -338232.166
  6   4 170144.7  63000.3   0.0099   0.0663   0.1488   0.0754   5.5932   0.1488 -338151.627
  6   5 169565.6  63579.4   0.0030   0.0222   0.1352   0.0247   6.1221   0.1352 -321807.070
  7   1 174649.6  58495.4   0.0592   0.5986   0.0990   0.5837   3.9538   0.0990 -412308.978
  7   2 170542.5  62602.5   0.0152   0.1108   0.1372   0.1226   5.1155   0.1372 -350305.461
  7   3 170163.9  62981.1   0.0094   0.0659   0.1430   0.0740   5.3038   0.1430 -337966.741
  7   4 170322.8  62822.2   0.0095   0.0643   0.1480   0.0728   5.4931   0.1480 -337483.320
  7   5 170428.1  62716.9   0.0094   0.0609   0.1549   0.0699   5.3810   0.1549 -336746.731
  7   6 170121.8  63023.2   0.0100   0.0618   0.1613   0.0720   5.6522   0.1613 -337387.740
  8   1 174565.0  58580.0   0.0589   0.6024   0.0978   0.5865   3.9250   0.0978 -412442.706
  8   2 170415.4  62729.6   0.0150   0.1122   0.1341   0.1236   5.1170   0.1341 -350495.432
  8   3 170213.8  62931.2   0.0090   0.0652   0.1387   0.0726   5.1637   0.1387 -337577.921
  8   4 170233.9  62911.1   0.0093   0.0654   0.1422   0.0733   5.4582   0.1422 -337576.409
  8   5 170293.2  62851.8   0.0025   0.0214   0.1162   0.0227   5.3866   0.1162 -321079.732
  8   6 169041.0  64104.0   0.0029   0.0223   0.1282   0.0246   6.6226   0.1282 -321752.648
  8   7 170192.6  62952.4   0.0092   0.0611   0.1513   0.0698   5.5311   0.1513 -336709.137

