Supplemental results for CODEML (seqf: /home/yzliu/eDNA/faststorage/yzliu/DK_proj/data/ref_genome/ref_annotation/primary_transcripts/extracted_cds_new/new_transcript_id_8_bom_apis/bootstraps/cat.out.OG_cds_8_species_same_header_fas.shuf_211OG_875.phy  treef: xxx.trees)


pairwise comparison (Goldman & Yang 1994)
seq seq        N       S       dN       dS     dN/dS   Paras.
  2   1 190011.3  63335.7   0.0488   0.5829   0.0838   0.5470   4.2520   0.0838 -440513.491
  3   1 189648.3  63698.7   0.0496   0.6060   0.0818   0.5684   4.2816   0.0818 -442116.594
  3   2 185670.8  67676.2   0.0130   0.1123   0.1158   0.1186   4.9197   0.1158 -379242.082
  4   1 189995.9  63351.1   0.0481   0.5950   0.0808   0.5545   4.3423   0.0808 -440103.334
  4   2 185444.3  67902.7   0.0112   0.1036   0.1084   0.1080   5.3891   0.1084 -375722.697
  4   3 185822.1  67524.9   0.0076   0.0666   0.1141   0.0700   4.8910   0.1141 -365677.099
  5   1 190046.3  63300.7   0.0487   0.5960   0.0817   0.5563   4.2756   0.0817 -440667.212
  5   2 185475.9  67871.1   0.0129   0.1081   0.1191   0.1152   5.3252   0.1191 -378042.780
  5   3 186012.3  67334.7   0.0083   0.0656   0.1259   0.0705   4.7314   0.1259 -366074.151
  5   4 185065.0  68282.0   0.0072   0.0632   0.1143   0.0669   5.7648   0.1143 -364200.922
  6   1 190006.9  63340.1   0.0490   0.5987   0.0818   0.5593   4.3029   0.0818 -440924.874
  6   2 185373.3  67973.7   0.0133   0.1092   0.1214   0.1169   5.4108   0.1214 -378509.143
  6   3 185709.2  67637.8   0.0086   0.0662   0.1301   0.0720   4.9405   0.1301 -366530.062
  6   4 184697.7  68649.3   0.0078   0.0636   0.1223   0.0688   6.1108   0.1223 -364824.326
  6   5 184391.7  68955.3   0.0024   0.0188   0.1260   0.0205   6.3659   0.1260 -347970.650
  7   1 190131.0  63216.0   0.0500   0.5952   0.0839   0.5580   4.2897   0.0839 -441348.198
  7   2 185590.5  67756.5   0.0138   0.1095   0.1256   0.1181   5.3115   0.1256 -379034.063
  7   3 185831.9  67515.1   0.0090   0.0682   0.1321   0.0744   4.9174   0.1321 -367330.364
  7   4 185126.3  68220.7   0.0081   0.0655   0.1237   0.0707   5.7991   0.1237 -365549.762
  7   5 185312.5  68034.5   0.0082   0.0590   0.1390   0.0655   5.5923   0.1390 -364297.841
  7   6 185100.2  68246.8   0.0086   0.0590   0.1464   0.0666   5.7817   0.1464 -364670.608
  8   1 189963.1  63383.9   0.0488   0.5988   0.0814   0.5591   4.3002   0.0814 -440831.695
  8   2 185251.4  68095.6   0.0127   0.1077   0.1184   0.1148   5.4729   0.1184 -377903.664
  8   3 185545.9  67801.1   0.0084   0.0649   0.1291   0.0705   5.0249   0.1291 -366105.198
  8   4 184625.1  68721.9   0.0074   0.0632   0.1168   0.0676   6.1354   0.1168 -364423.771
  8   5 183945.5  69401.5   0.0020   0.0175   0.1137   0.0187   6.7978   0.1137 -347190.366
  8   6 183616.7  69730.3   0.0023   0.0190   0.1229   0.0207   7.1962   0.1229 -348037.911
  8   7 184923.4  68423.6   0.0082   0.0581   0.1416   0.0651   5.8995   0.1416 -364181.337

