Supplemental results for CODEML (seqf: /home/yzliu/eDNA/faststorage/yzliu/DK_proj/data/ref_genome/ref_annotation/primary_transcripts/extracted_cds_new/new_transcript_id_7_and_pas/bootstraps/cat.out.OG_cds_7_species_same_header_fas.shuf_537OG_473.phy  treef: xxx.trees)


pairwise comparison (Goldman & Yang 1994)
seq seq        N       S       dN       dS     dN/dS   Paras.
  2   1 474165.1 185924.9   0.0100   0.1674   0.0595   0.1629   3.7207   0.0595 -1018929.481
  3   1 474434.7 185655.3   0.0099   0.1587   0.0623   0.1552   3.5217   0.0623 -1016345.483
  3   2 473073.5 187016.5   0.0102   0.1507   0.0676   0.1500   3.9683   0.0676 -1012977.040
  4   1 474713.8 185376.2   0.0076   0.1192   0.0641   0.1169   3.4894   0.0641 -994576.517
  4   2 473380.1 186709.9   0.0098   0.1552   0.0634   0.1529   3.9284   0.0634 -1013695.273
  4   3 472162.0 187928.0   0.0097   0.1493   0.0652   0.1484   3.9204   0.0652 -1012144.675
  5   1 475902.0 184188.0   0.0057   0.0905   0.0631   0.0881   3.2670   0.0631 -976006.564
  5   2 473838.5 186251.5   0.0101   0.1649   0.0614   0.1614   3.7446   0.0614 -1018635.918
  5   3 473659.9 186430.1   0.0101   0.1548   0.0650   0.1529   3.6086   0.0650 -1015561.369
  5   4 474469.4 185620.6   0.0077   0.1144   0.0671   0.1130   3.5032   0.0671 -992679.641
  6   1 479241.0 180849.0   0.0070   0.1174   0.0595   0.1117   2.9005   0.0595 -991881.833
  6   2 475540.7 184549.3   0.0094   0.1582   0.0593   0.1529   3.5255   0.0593 -1014051.825
  6   3 475268.4 184821.6   0.0095   0.1512   0.0625   0.1474   3.4097   0.0625 -1012389.936
  6   4 475680.0 184410.0   0.0072   0.1132   0.0640   0.1106   3.3619   0.0640 -990826.469
  6   5 478997.7 181092.3   0.0072   0.1140   0.0629   0.1094   2.9124   0.0629 -990964.809
  7   1 472259.0 187831.0   0.0663   1.1678   0.0568   1.1392   3.9875   0.0568 -1237857.612
  7   2 468563.7 191526.3   0.0677   1.2429   0.0544   1.2260   4.3373   0.0544 -1242032.068
  7   3 470745.6 189344.4   0.0670   1.1737   0.0571   1.1534   4.1492   0.0571 -1238809.467
  7   4 470558.1 189531.9   0.0663   1.1874   0.0558   1.1646   4.1701   0.0558 -1238140.253
  7   5 472303.2 187786.8   0.0662   1.1609   0.0571   1.1330   3.9996   0.0571 -1237428.706
  7   6 472016.2 188073.8   0.0662   1.1743   0.0564   1.1457   4.0164   0.0564 -1237823.692

