Supplemental results for CODEML (seqf: /home/yzliu/eDNA/faststorage/yzliu/DK_proj/data/ref_genome/ref_annotation/primary_transcripts/extracted_cds_new/new_transcript_id_7_and_pas/bootstraps/cat.out.OG_cds_7_species_same_header_fas.shuf_537OG_905.phy  treef: xxx.trees)


pairwise comparison (Goldman & Yang 1994)
seq seq        N       S       dN       dS     dN/dS   Paras.
  2   1 469765.4 184249.6   0.0100   0.1721   0.0581   0.1670   3.7472   0.0581 -1011563.618
  3   1 469377.6 184637.4   0.0100   0.1602   0.0623   0.1571   3.6238   0.0623 -1007957.504
  3   2 468686.0 185329.0   0.0101   0.1531   0.0657   0.1518   3.9695   0.0657 -1004627.176
  4   1 468986.2 185028.8   0.0076   0.1204   0.0633   0.1186   3.6901   0.0633 -986176.403
  4   2 467753.8 186261.2   0.0098   0.1605   0.0610   0.1581   4.1450   0.0610 -1006517.991
  4   3 466119.5 187895.5   0.0099   0.1506   0.0656   0.1509   4.1854   0.0656 -1004030.261
  5   1 471892.6 182122.4   0.0055   0.0927   0.0594   0.0894   3.2419   0.0594 -967659.964
  5   2 469104.6 184910.4   0.0101   0.1690   0.0601   0.1652   3.8164   0.0601 -1011015.044
  5   3 468778.8 185236.2   0.0101   0.1555   0.0652   0.1539   3.6850   0.0652 -1006863.002
  5   4 468492.4 185522.6   0.0075   0.1152   0.0651   0.1141   3.7372   0.0651 -983777.871
  6   1 473486.9 180528.1   0.0067   0.1204   0.0558   0.1143   3.0667   0.0558 -983571.056
  6   2 470072.9 183942.1   0.0091   0.1633   0.0558   0.1574   3.6934   0.0558 -1006162.167
  6   3 469200.3 184814.7   0.0094   0.1514   0.0619   0.1485   3.6403   0.0619 -1003263.074
  6   4 469147.7 184867.3   0.0070   0.1145   0.0611   0.1122   3.6589   0.0611 -981977.963
  6   5 473023.7 180991.3   0.0068   0.1150   0.0595   0.1103   3.1018   0.0595 -981753.117
  7   1 467510.6 186504.4   0.0651   1.2017   0.0542   1.1676   4.1973   0.0542 -1223688.770
  7   2 463999.7 190015.3   0.0664   1.2710   0.0522   1.2491   4.5147   0.0522 -1227829.049
  7   3 466437.2 187577.8   0.0657   1.1956   0.0549   1.1693   4.3167   0.0549 -1224197.930
  7   4 465726.5 188288.5   0.0652   1.2149   0.0536   1.1885   4.3965   0.0536 -1223797.934
  7   5 467587.0 186428.0   0.0651   1.1894   0.0547   1.1567   4.2090   0.0547 -1223024.785
  7   6 467424.7 186590.3   0.0647   1.1944   0.0542   1.1611   4.2085   0.0542 -1222900.206

