Supplemental results for CODEML (seqf: /home/yzliu/eDNA/faststorage/yzliu/DK_proj/data/ref_genome/ref_annotation/primary_transcripts/extracted_cds_new/new_transcript_id_8_bom_apis/bootstraps/cat.out.OG_cds_8_species_same_header_fas.shuf_211OG_122.phy  treef: xxx.trees)


pairwise comparison (Goldman & Yang 1994)
seq seq        N       S       dN       dS     dN/dS   Paras.
  2   1 330517.5 110653.5   0.0520   0.5576   0.0933   0.5365   4.0063   0.0933 -770558.276
  3   1 329982.6 111188.4   0.0531   0.5748   0.0923   0.5537   4.0506   0.0923 -773238.000
  3   2 323022.3 118148.7   0.0133   0.1086   0.1221   0.1164   5.1451   0.1221 -659429.096
  4   1 330842.1 110328.9   0.0520   0.5661   0.0919   0.5417   4.0207   0.0919 -770656.173
  4   2 323512.8 117658.2   0.0122   0.1010   0.1206   0.1076   5.2477   0.1206 -654855.727
  4   3 323000.3 118170.7   0.0078   0.0635   0.1227   0.0682   5.3038   0.1227 -635639.513
  5   1 330860.3 110310.7   0.0523   0.5728   0.0914   0.5474   4.0391   0.0914 -771358.633
  5   2 323587.9 117583.1   0.0130   0.1065   0.1218   0.1137   5.2477   0.1218 -657619.714
  5   3 324014.3 117156.7   0.0080   0.0645   0.1243   0.0691   4.9089   0.1243 -636294.894
  5   4 323960.4 117210.6   0.0076   0.0629   0.1202   0.0667   5.2391   0.1202 -634340.807
  6   1 330805.2 110365.8   0.0526   0.5727   0.0919   0.5482   4.0479   0.0919 -771615.084
  6   2 323604.7 117566.3   0.0135   0.1079   0.1248   0.1159   5.2295   0.1248 -658826.788
  6   3 323541.7 117629.3   0.0085   0.0650   0.1306   0.0706   5.0919   0.1306 -637252.300
  6   4 323477.1 117693.9   0.0081   0.0634   0.1273   0.0685   5.4476   0.1273 -635430.541
  6   5 322253.4 118917.6   0.0026   0.0201   0.1307   0.0220   6.1114   0.1307 -606825.721
  7   1 330894.9 110276.1   0.0535   0.5689   0.0940   0.5469   4.0314   0.0940 -772376.046
  7   2 323321.1 117849.9   0.0141   0.1084   0.1298   0.1178   5.3704   0.1298 -659932.468
  7   3 322674.2 118496.8   0.0087   0.0659   0.1325   0.0723   5.4894   0.1325 -638051.828
  7   4 322783.0 118388.0   0.0085   0.0649   0.1307   0.0708   5.8039   0.1307 -636670.548
  7   5 323580.0 117591.0   0.0082   0.0594   0.1385   0.0656   5.4499   0.1385 -634247.559
  7   6 323318.9 117852.1   0.0087   0.0599   0.1461   0.0672   5.5622   0.1461 -635353.839
  8   1 330850.1 110320.9   0.0526   0.5724   0.0918   0.5477   4.0348   0.0918 -771611.411
  8   2 323502.9 117668.1   0.0130   0.1062   0.1226   0.1137   5.2754   0.1226 -657675.046
  8   3 323794.5 117376.5   0.0082   0.0636   0.1287   0.0688   4.9884   0.1287 -636314.164
  8   4 323675.7 117495.3   0.0078   0.0626   0.1243   0.0671   5.3568   0.1243 -634655.034
  8   5 322624.2 118546.8   0.0023   0.0177   0.1289   0.0193   5.9114   0.1289 -604883.061
  8   6 321946.6 119224.4   0.0026   0.0200   0.1322   0.0220   6.2723   0.1322 -606845.403
  8   7 323304.5 117866.5   0.0084   0.0586   0.1439   0.0655   5.5703   0.1439 -634382.421

