Supplemental results for CODEML (seqf: /home/yzliu/eDNA/faststorage/yzliu/DK_proj/data/ref_genome/ref_annotation/primary_transcripts/extracted_cds_new/new_transcript_id_8_bom_apis/bootstraps/cat.out.OG_cds_8_species_same_header_fas.shuf_211OG_612.phy  treef: xxx.trees)


pairwise comparison (Goldman & Yang 1994)
seq seq        N       S       dN       dS     dN/dS   Paras.
  2   1 171472.4  55954.6   0.0597   0.5850   0.1020   0.5667   4.1938   0.1020 -400192.113
  3   1 171883.5  55543.5   0.0622   0.6133   0.1014   0.5904   4.0192   0.1014 -402749.058
  3   2 168631.4  58795.6   0.0169   0.1226   0.1381   0.1327   4.2274   0.1381 -344035.570
  4   1 171748.3  55678.7   0.0586   0.5928   0.0989   0.5682   4.1500   0.0989 -399665.790
  4   2 167295.0  60132.0   0.0134   0.1041   0.1286   0.1122   5.2521   0.1286 -338229.535
  4   3 169461.7  57965.3   0.0106   0.0762   0.1396   0.0820   3.8440   0.1396 -331598.018
  5   1 171753.6  55673.4   0.0599   0.5974   0.1002   0.5744   4.1686   0.1002 -400404.978
  5   2 167303.7  60123.3   0.0146   0.1074   0.1362   0.1174   5.2737   0.1362 -339630.816
  5   3 170004.0  57423.0   0.0119   0.0780   0.1528   0.0858   3.5720   0.1528 -332922.720
  5   4 167512.1  59914.9   0.0089   0.0647   0.1370   0.0708   5.2578   0.1370 -327712.412
  6   1 171716.4  55710.6   0.0601   0.5989   0.1003   0.5762   4.1768   0.1003 -400557.011
  6   2 167174.3  60252.7   0.0150   0.1082   0.1382   0.1190   5.3668   0.1382 -340009.836
  6   3 169733.6  57693.4   0.0123   0.0774   0.1591   0.0865   3.7012   0.1591 -333193.838
  6   4 167190.5  60236.5   0.0095   0.0646   0.1471   0.0723   5.5249   0.1471 -328269.055
  6   5 166207.7  61219.3   0.0029   0.0203   0.1412   0.0226   6.6083   0.1412 -312370.432
  7   1 171853.4  55573.6   0.0602   0.5971   0.1008   0.5742   4.1569   0.1008 -400563.865
  7   2 167465.2  59961.8   0.0151   0.1117   0.1356   0.1218   5.1985   0.1356 -340701.314
  7   3 169513.1  57913.9   0.0114   0.0788   0.1451   0.0858   3.8725   0.1451 -332643.988
  7   4 167006.6  60420.4   0.0085   0.0658   0.1288   0.0711   5.7969   0.1288 -327513.440
  7   5 167624.7  59802.3   0.0090   0.0615   0.1470   0.0685   5.2543   0.1470 -327228.537
  7   6 167350.2  60076.8   0.0096   0.0609   0.1573   0.0694   5.4782   0.1573 -327628.123
  8   1 171727.0  55700.0   0.0598   0.5979   0.0999   0.5747   4.1639   0.0999 -400400.579
  8   2 167098.6  60328.4   0.0145   0.1084   0.1340   0.1182   5.4264   0.1340 -339704.472
  8   3 169886.6  57540.4   0.0119   0.0770   0.1540   0.0850   3.6175   0.1540 -332751.986
  8   4 167312.1  60114.9   0.0090   0.0646   0.1386   0.0710   5.4056   0.1386 -327800.147
  8   5 166839.3  60587.7   0.0023   0.0197   0.1148   0.0207   5.8921   0.1148 -311574.431
  8   6 165839.5  61587.5   0.0027   0.0199   0.1349   0.0220   7.0353   0.1349 -312095.069
  8   7 167483.5  59943.5   0.0089   0.0609   0.1465   0.0679   5.3498   0.1465 -327075.373

