

2 (Bom_con) ... 1 (Apis_mel)
  0  0.0000 411267.295934  x:  0.46575   1.57381   0.47980  
  1 99.0000 402807.972167  x:  0.44021   1.65511   0.09976  
  2 22041.0984 402561.603374  x:  0.48240   1.67198   0.07872  
  3 11434.2442 400787.774294  x:  0.58419   2.84374   0.12095  
  4 4358.3965 400357.225861  x:  0.51671   3.40603   0.10868  
  5  1.0082 400204.745455  x:  0.57548   3.95785   0.09914  
  6  0.2114 400192.891277  x:  0.56441   4.16287   0.10083  
  7  0.1001 400192.117368  x:  0.56657   4.18890   0.10207  
  8  0.0213 400192.112717  x:  0.56673   4.19385   0.10201  
  9  0.0039 400192.112709  x:  0.56675   4.19375   0.10200  

3 (Bom_hor) ... 1 (Apis_mel)
  0  0.0000 403525.073856  x:  0.46284   3.60496   0.08882  
  1 99.0000 403149.488264  x:  0.48590   3.60495   0.12321  
  2 20952.5018 402779.638814  x:  0.58621   3.60604   0.10227  
  3 9152.2205 402750.153050  x:  0.59009   4.01890   0.10337  
  4 151.9227 402749.060750  x:  0.59064   4.01829   0.10140  
  5  0.0022 402749.058361  x:  0.59038   4.01937   0.10141  
  6  0.0008 402749.058349  x:  0.59037   4.01919   0.10142  
  7  0.0002 402749.058349  x:  0.59037   4.01917   0.10142  
  8  0.0000 402749.058349  x:  0.59037   4.01917   0.10142  
  9  0.0000 402749.058349  x:  0.59037   4.01917   0.10142  

3 (Bom_hor) ... 2 (Bom_con)
  0  0.0000 344220.277883  x:  0.11089   3.42960   0.11831  
  1 99.0000 344077.135255  x:  0.13367   3.42975   0.12224  
  2 13289.4416 344070.356922  x:  0.13284   3.43054   0.13338  
  3 1291.1267 344035.581310  x:  0.13280   4.22917   0.13859  
  4 99.0494 344035.569929  x:  0.13273   4.22737   0.13814  
  5  0.0015 344035.569928  x:  0.13273   4.22740   0.13814  

4 (Bom_hyp) ... 1 (Apis_mel)
  0  0.0000 400833.737021  x:  0.44640   3.49026   0.17029  
  1 99.0000 399995.986761  x:  0.47752   3.49146   0.10134  
  2 17740.6976 399745.164086  x:  0.55419   3.49346   0.10286  
  3 8260.4081 399681.369917  x:  0.55831   4.09377   0.10651  
  4 231.1846 399666.058933  x:  0.56544   4.12760   0.09883  
  5  0.0589 399665.789722  x:  0.56817   4.14961   0.09888  
  6  0.0168 399665.789516  x:  0.56817   4.14989   0.09886  
  7  0.0003 399665.789512  x:  0.56816   4.15001   0.09886  
  8  0.0001 399665.789512  x:  0.56816   4.15002   0.09886  

4 (Bom_hyp) ... 2 (Bom_con)
  0  0.0000 338447.914055  x:  0.09322   3.52723   0.12659  
  1 99.0000 338330.713243  x:  0.11199   3.52744   0.12616  
  2 13344.0526 338328.729658  x:  0.11212   3.52903   0.11997  
  3 604.9228 338230.077981  x:  0.11196   5.23272   0.13201  
  4 154.7126 338229.539172  x:  0.11215   5.23859   0.12860  
  5  0.0060 338229.535257  x:  0.11217   5.25198   0.12863  
  6  0.0068 338229.535236  x:  0.11216   5.25210   0.12865  
  7  0.0001 338229.535236  x:  0.11216   5.25211   0.12864  

4 (Bom_hyp) ... 3 (Bom_hor)
  0  0.0000 331711.381844  x:  0.07331   4.39190   0.20284  
  1 99.0000 331677.764011  x:  0.08198   4.39188   0.20041  
  2 7771.3149 331606.995200  x:  0.08214   4.39152   0.14302  
  3 2295.2968 331598.063815  x:  0.08217   3.86269   0.13875  
  4 30.5436 331598.020441  x:  0.08209   3.84805   0.13972  
  5  0.0225 331598.018534  x:  0.08205   3.84310   0.13959  
  6  0.0056 331598.018478  x:  0.08204   3.84401   0.13959  

5 (Bom_mus) ... 1 (Apis_mel)
  0  0.0000 402005.019790  x:  0.47934   3.54157   0.20428  
  1 99.0000 400658.018743  x:  0.49350   3.54323   0.10587  
  2 20097.0042 400471.767756  x:  0.56583   3.54560   0.09617  
  3 5928.1496 400405.071391  x:  0.57266   4.16941   0.10045  
  4 232.7519 400404.980822  x:  0.57437   4.16777   0.10034  
  5  0.0019 400404.977814  x:  0.57443   4.16849   0.10024  
  6  0.0019 400404.977811  x:  0.57443   4.16863   0.10024  
  7  0.0001 400404.977811  x:  0.57443   4.16864   0.10024  

5 (Bom_mus) ... 2 (Bom_con)
  0  0.0000 339748.869600  x:  0.11295   3.54005   0.11621  
  1 99.0000 339739.491064  x:  0.11849   3.54034   0.11893  
  2 3092.0226 339735.310566  x:  0.11729   3.54167   0.12757  
  3 1085.5702 339630.959222  x:  0.11715   5.26831   0.13785  
  4 156.5294 339630.817955  x:  0.11748   5.26898   0.13622  
  5  0.0015 339630.816585  x:  0.11743   5.27173   0.13614  
  6  0.0023 339630.816489  x:  0.11743   5.27365   0.13616  
  7  0.0011 339630.816489  x:  0.11743   5.27367   0.13616  
  8  0.0000 339630.816489  x:  0.11743   5.27367   0.13616  
  9  0.0000 339630.816489  x:  0.11743   5.27367   0.13616  
 10  0.0000 339630.816489  x:  0.11743   5.27367   0.13616  
check convergence!


5 (Bom_mus) ... 3 (Bom_hor)
  0  0.0000 333076.395191  x:  0.06937   4.50219   0.15253  
  1 99.0000 332952.891498  x:  0.08583   4.50213   0.15310  
  2 16188.6371 332951.796319  x:  0.08573   4.50102   0.15962  
  3 340.8280 332922.762536  x:  0.08578   3.57561   0.15410  
  4 56.4563 332922.719737  x:  0.08577   3.57164   0.15284  
  5  0.0043 332922.719716  x:  0.08577   3.57211   0.15283  
  6  0.0005 332922.719715  x:  0.08577   3.57199   0.15283  
  7  0.0001 332922.719714  x:  0.08577   3.57200   0.15283  

5 (Bom_mus) ... 4 (Bom_hyp)
  0  0.0000 327835.694460  x:  0.07322   3.35899   0.16494  
  1 99.0000 327828.341157  x:  0.06956   3.35917   0.16250  
  2 3146.2701 327794.853800  x:  0.07074   3.36200   0.12647  
  3 2303.8875 327713.921786  x:  0.07059   5.19229   0.14419  
  4 114.0946 327712.436849  x:  0.07074   5.21580   0.13686  
  5  0.0270 327712.412683  x:  0.07076   5.25671   0.13684  
  6  0.0197 327712.412129  x:  0.07075   5.25780   0.13698  
  7  0.0011 327712.412129  x:  0.07075   5.25780   0.13698  
  8  0.0000 327712.412129  x:  0.07075   5.25780   0.13698  
check convergence!


6 (Bom_pas) ... 1 (Apis_mel)
  0  0.0000 401170.972813  x:  0.46118   4.25582   0.13937  
  1 99.0000 400802.206017  x:  0.49726   4.25554   0.09969  
  2 12126.0396 400571.105462  x:  0.56507   4.25471   0.10746  
  3 10759.1254 400569.589381  x:  0.56430   4.15130   0.10709  
  4 27.8327 400557.125417  x:  0.57424   4.17183   0.10032  
  5  0.0274 400557.010725  x:  0.57621   4.17729   0.10026  
  6  0.0049 400557.010632  x:  0.57619   4.17682   0.10027  
  7  0.0005 400557.010632  x:  0.57619   4.17680   0.10027  

6 (Bom_pas) ... 2 (Bom_con)
  0  0.0000 340300.292756  x:  0.10749   3.63475   0.08492  
  1 99.0000 340160.915203  x:  0.12631   3.63502   0.10372  
  2 11152.5793 340111.916046  x:  0.11710   3.63574   0.12599  
  3 5002.0129 340012.787998  x:  0.11646   5.37338   0.13367  
  4 145.0709 340009.991388  x:  0.11935   5.37330   0.13647  
  5  0.0032 340009.836691  x:  0.11901   5.37042   0.13823  
  6  0.0023 340009.836382  x:  0.11902   5.36739   0.13818  
  7  0.0019 340009.836359  x:  0.11902   5.36677   0.13819  
  8  0.0005 340009.836359  x:  0.11902   5.36678   0.13819  
  9  0.0000 340009.836359  x:  0.11902   5.36677   0.13819  
 10  0.0000 340009.836359  x:  0.11902   5.36677   0.13819  
check convergence!


6 (Bom_pas) ... 3 (Bom_hor)
  0  0.0000 333218.151863  x:  0.08740   4.52101   0.17436  
  1 99.0000 333217.427244  x:  0.08606   4.52094   0.17368  
  2 958.6125 333215.597694  x:  0.08642   4.51996   0.16493  
  3 485.2815 333193.844831  x:  0.08643   3.70270   0.15961  
  4 48.1819 333193.837734  x:  0.08647   3.70124   0.15910  
  5  0.0018 333193.837723  x:  0.08648   3.70124   0.15910  
  6  0.0000 333193.837723  x:  0.08648   3.70124   0.15910  

6 (Bom_pas) ... 4 (Bom_hyp)
  0  0.0000 328522.610492  x:  0.05620   3.41123   0.12208  
  1 99.0000 328370.607764  x:  0.07273   3.41132   0.12297  
  2 20193.3146 328365.648639  x:  0.07255   3.41314   0.13557  
  3 816.3258 328269.234810  x:  0.07224   5.52161   0.14979  
  4 124.8773 328269.055457  x:  0.07230   5.51816   0.14713  
  5  0.0033 328269.054837  x:  0.07229   5.52258   0.14703  
  6  0.0028 328269.054734  x:  0.07229   5.52476   0.14708  
  7  0.0015 328269.054732  x:  0.07229   5.52490   0.14708  
  8  0.0001 328269.054732  x:  0.07229   5.52490   0.14708  
  9  0.0001 328269.054732  x:  0.07229   5.52489   0.14708  

6 (Bom_pas) ... 5 (Bom_mus)
  0  0.0000 312391.273858  x:  0.02313   4.63437   0.16010  
  1 99.0000 312390.863486  x:  0.02262   4.63438   0.15997  
  2 1544.3517 312385.201978  x:  0.02269   4.63579   0.13352  
  3 421.2591 312370.581914  x:  0.02260   6.57345   0.14528  
  4 18.6445 312370.433622  x:  0.02262   6.58656   0.14112  
  5  0.0149 312370.432441  x:  0.02262   6.60812   0.14114  
  6  0.0116 312370.432432  x:  0.02262   6.60830   0.14117  
  7  0.0002 312370.432432  x:  0.02262   6.60830   0.14117  

7 (Bom_syl) ... 1 (Apis_mel)
  0  0.0000 402395.635606  x:  0.43887   5.23549   0.20537  
  1 99.0000 400994.669541  x:  0.49314   5.23423   0.10609  
  2 19030.2862 400721.542994  x:  0.56957   5.23150   0.11342  
  3 8869.4669 400582.012024  x:  0.56363   4.12811   0.10934  
  4 222.9709 400563.912785  x:  0.57326   4.16691   0.10084  
  5  0.0790 400563.867950  x:  0.57389   4.15378   0.10079  
  6  0.0148 400563.864798  x:  0.57415   4.15691   0.10080  
  7  0.0033 400563.864794  x:  0.57416   4.15692   0.10080  
  8  0.0000 400563.864794  x:  0.57416   4.15692   0.10080  

7 (Bom_syl) ... 2 (Bom_con)
  0  0.0000 340961.155631  x:  0.10150   3.46212   0.11028  
  1 99.0000 340823.725309  x:  0.12271   3.46237   0.11419  
  2 13636.1456 340814.604430  x:  0.12180   3.46369   0.12679  
  3 1524.6577 340701.428957  x:  0.12163   5.19421   0.13713  
  4 168.0221 340701.314514  x:  0.12183   5.19436   0.13561  
  5  0.0012 340701.313906  x:  0.12180   5.19746   0.13557  
  6  0.0021 340701.313861  x:  0.12181   5.19848   0.13559  
  7  0.0007 340701.313860  x:  0.12181   5.19854   0.13559  

7 (Bom_syl) ... 3 (Bom_hor)
  0  0.0000 332754.363793  x:  0.07201   4.26608   0.18063  
  1 99.0000 332673.156660  x:  0.08548   4.26607   0.17923  
  2 12744.9216 332648.962784  x:  0.08570   4.26577   0.14771  
  3 1425.9896 332643.993425  x:  0.08572   3.87332   0.14481  
  4 23.9491 332643.988173  x:  0.08576   3.87233   0.14518  
  5  0.0013 332643.987937  x:  0.08579   3.87256   0.14514  
  6  0.0002 332643.987937  x:  0.08579   3.87253   0.14514  

7 (Bom_syl) ... 4 (Bom_hyp)
  0  0.0000 328001.186170  x:  0.05534   3.26406   0.22366  
  1 99.0000 327864.385281  x:  0.07076   3.26421   0.22111  
  2 19153.6314 327644.066950  x:  0.07121   3.27041   0.11663  
  3 3302.9895 327524.355748  x:  0.07090   5.43279   0.14625  
  4 146.4791 327514.061128  x:  0.07105   5.56364   0.12749  
  5  0.1986 327513.441890  x:  0.07110   5.79674   0.12910  
  6  0.0885 327513.439549  x:  0.07108   5.79703   0.12883  
  7  0.0004 327513.439515  x:  0.07108   5.79677   0.12884  
  8  0.0002 327513.439514  x:  0.07108   5.79691   0.12884  
  9  0.0001 327513.439514  x:  0.07108   5.79682   0.12884  
 10  0.0001 327513.439514  x:  0.07108   5.79686   0.12884  
 11  0.0000 327513.439514  x:  0.07108   5.79686   0.12884  

7 (Bom_syl) ... 5 (Bom_mus)
  0  0.0000 327357.081035  x:  0.05657   4.59860   0.19298  
  1 99.0000 327278.654613  x:  0.06825   4.59862   0.19172  
  2 14289.8520 327235.321537  x:  0.06847   4.59964   0.14382  
  3 1614.3253 327228.592654  x:  0.06843   5.24844   0.14846  
  4 22.4182 327228.537632  x:  0.06847   5.25259   0.14695  
  5  0.0061 327228.537428  x:  0.06849   5.25429   0.14696  

7 (Bom_syl) ... 6 (Bom_pas)
  0  0.0000 327745.013678  x:  0.06865   4.29983   0.22870  
  1 99.0000 327663.677958  x:  0.07433   4.30205   0.15857  
  2 2025.3447 327651.578731  x:  0.07018   4.30247   0.14661  
  3 11415.8822 327628.141666  x:  0.06959   5.49376   0.15758  
  4 45.6210 327628.123722  x:  0.06941   5.48366   0.15748  
  5  0.0115 327628.122765  x:  0.06942   5.48033   0.15727  
  6  0.0040 327628.122692  x:  0.06942   5.47818   0.15729  
  7  0.0017 327628.122691  x:  0.06942   5.47819   0.15729  
  8  0.0000 327628.122691  x:  0.06942   5.47819   0.15729  

8 (Bom_vet) ... 1 (Apis_mel)
  0  0.0000 400606.045412  x:  0.53267   4.54928   0.12901  
  1 99.0000 400475.663783  x:  0.53704   4.54904   0.10461  
  2 9540.9506 400419.294652  x:  0.57992   4.54709   0.09981  
  3 2959.4693 400400.785625  x:  0.57561   4.17315   0.09910  
  4 92.5184 400400.581607  x:  0.57497   4.16515   0.09993  
  5  0.0116 400400.578884  x:  0.57468   4.16362   0.09993  
  6  0.0015 400400.578868  x:  0.57467   4.16393   0.09994  

8 (Bom_vet) ... 2 (Bom_con)
  0  0.0000 340094.917049  x:  0.09859   3.74213   0.20417  
  1 99.0000 339969.452135  x:  0.11864   3.74242   0.19754  
  2 12711.8123 339793.911102  x:  0.11887   3.74547   0.12595  
  3 4481.3527 339707.434071  x:  0.11867   5.33942   0.14151  
  4 132.5397 339704.532357  x:  0.11847   5.37999   0.13373  
  5  0.0601 339704.474727  x:  0.11816   5.41929   0.13391  
  6  0.0251 339704.472085  x:  0.11823   5.42607   0.13400  
  7  0.0047 339704.472061  x:  0.11823   5.42643   0.13398  
  8  0.0004 339704.472061  x:  0.11823   5.42645   0.13398  
  9  0.0000 339704.472061  x:  0.11823   5.42644   0.13398  
 10  0.0000 339704.472061  x:  0.11823   5.42644   0.13398  

8 (Bom_vet) ... 3 (Bom_hor)
  0  0.0000 332796.185663  x:  0.08988   4.45900   0.13874  
  1 99.0000 332786.156316  x:  0.08477   4.45892   0.14056  
  2 3624.8112 332775.507160  x:  0.08508   4.45796   0.16044  
  3 1298.2663 332752.135738  x:  0.08509   3.65622   0.15605  
  4 49.8237 332751.994163  x:  0.08503   3.60965   0.15435  
  5  0.0536 332751.986156  x:  0.08503   3.61750   0.15397  
  6  0.0090 332751.986152  x:  0.08503   3.61748   0.15397  

8 (Bom_vet) ... 4 (Bom_hyp)
  0  0.0000 327928.698907  x:  0.07323   3.15795   0.14092  
  1 99.0000 327925.456275  x:  0.07066   3.15814   0.13989  
  2 2297.8704 327919.328107  x:  0.07114   3.16094   0.12558  
  3 912.3290 327801.651437  x:  0.07077   5.33509   0.14588  
  4 151.5346 327800.180324  x:  0.07098   5.35554   0.13845  
  5  0.0189 327800.148175  x:  0.07092   5.40385   0.13856  
  6  0.0201 327800.147372  x:  0.07096   5.40548   0.13865  
  7  0.0016 327800.147372  x:  0.07096   5.40558   0.13865  

8 (Bom_vet) ... 5 (Bom_mus)
  0  0.0000 311592.655418  x:  0.02163   4.42584   0.13808  
  1 99.0000 311591.267399  x:  0.02072   4.42584   0.13792  
  2 2983.5794 311583.499052  x:  0.02079   4.42684   0.10975  
  3 510.1698 311574.530910  x:  0.02071   5.88239   0.11786  
  4 14.7295 311574.431183  x:  0.02073   5.88596   0.11481  
  5  0.0056 311574.431063  x:  0.02073   5.89151   0.11478  
  6  0.0037 311574.431058  x:  0.02073   5.89210   0.11480  
  7  0.0005 311574.431058  x:  0.02073   5.89209   0.11480  
  8  0.0000 311574.431058  x:  0.02073   5.89212   0.11480  
  9  0.0000 311574.431058  x:  0.02073   5.89212   0.11480  
check convergence!


8 (Bom_vet) ... 6 (Bom_pas)
  0  0.0000 312146.051524  x:  0.01910   4.87802   0.08883  
  1 99.0000 312128.969159  x:  0.02219   4.87802   0.08916  
  2 11569.4454 312109.751804  x:  0.02207   4.87846   0.12777  
  3 1180.1296 312095.073462  x:  0.02196   7.04268   0.13447  
  4 17.0700 312095.069026  x:  0.02200   7.03837   0.13480  
  5  0.0033 312095.068824  x:  0.02200   7.03600   0.13492  
  6  0.0015 312095.068823  x:  0.02200   7.03541   0.13492  
  7  0.0004 312095.068823  x:  0.02200   7.03531   0.13492  
  8  0.0001 312095.068823  x:  0.02200   7.03532   0.13492  
  9  0.0000 312095.068823  x:  0.02200   7.03532   0.13492  
 10  0.0000 312095.068823  x:  0.02200   7.03532   0.13492  
 11  0.0000 312095.068823  x:  0.02200   7.03532   0.13492  
 12  0.0052 312095.068823  x:  0.02200   7.03532   0.13492  
check convergence!


8 (Bom_vet) ... 7 (Bom_syl)
  0  0.0000 327078.385232  x:  0.06712   5.53640   0.15769  
  1 99.0000 327077.938709  x:  0.06806   5.53640   0.15711  
  2 813.5862 327075.803161  x:  0.06792   5.53634   0.14744  
  3 577.8712 327075.374910  x:  0.06793   5.35803   0.14665  
  4  4.5079 327075.373320  x:  0.06790   5.34970   0.14649  
  5  0.0088 327075.373319  x:  0.06790   5.34981   0.14650  
  6  0.0001 327075.373318  x:  0.06790   5.34979   0.14650  
  7  0.0001 327075.373318  x:  0.06790   5.34979   0.14650  
  8  0.1177 327075.373318  x:  0.06790   5.34979   0.14650  
  9  0.0000 327075.373318  x:  0.06790   5.34979   0.14650  
check convergence!
