Supplemental results for CODEML (seqf: /home/yzliu/eDNA/faststorage/yzliu/DK_proj/data/ref_genome/ref_annotation/primary_transcripts/extracted_cds_new/new_transcript_id_8_bom_apis/bootstraps/cat.out.OG_cds_8_species_same_header_fas.shuf_211OG_16.phy  treef: xxx.trees)


pairwise comparison (Goldman & Yang 1994)
seq seq        N       S       dN       dS     dN/dS   Paras.
  2   1 347991.9 118604.1   0.0574   0.5754   0.0997   0.5672   3.9261   0.0997 -824545.561
  3   1 347504.5 119091.5   0.0582   0.5888   0.0988   0.5808   3.9814   0.0988 -826405.399
  3   2 339033.2 127562.8   0.0132   0.1060   0.1244   0.1157   5.2046   0.1244 -698346.725
  4   1 348341.3 118254.7   0.0570   0.5830   0.0978   0.5710   3.9411   0.0978 -824204.484
  4   2 339509.1 127086.9   0.0125   0.1013   0.1232   0.1100   5.2702   0.1232 -695178.116
  4   3 338404.6 128191.4   0.0080   0.0612   0.1310   0.0679   5.6170   0.1310 -673542.104
  5   1 348490.4 118105.6   0.0582   0.5898   0.0987   0.5783   3.9248   0.0987 -825935.402
  5   2 340031.3 126564.7   0.0140   0.1075   0.1303   0.1182   5.0991   0.1303 -699587.818
  5   3 339863.1 126732.9   0.0089   0.0623   0.1421   0.0702   5.0567   0.1421 -675281.657
  5   4 340012.9 126583.1   0.0089   0.0636   0.1399   0.0712   5.2518   0.1399 -675473.373
  6   1 348390.3 118205.7   0.0584   0.5930   0.0986   0.5816   3.9507   0.0986 -826290.896
  6   2 339781.0 126815.0   0.0145   0.1094   0.1326   0.1209   5.1939   0.1326 -700893.770
  6   3 339235.0 127361.0   0.0093   0.0632   0.1477   0.0721   5.3000   0.1477 -676410.571
  6   4 339329.9 127266.1   0.0095   0.0643   0.1470   0.0732   5.5354   0.1470 -676709.622
  6   5 337641.3 128954.7   0.0029   0.0200   0.1451   0.0229   6.4032   0.1451 -643824.724
  7   1 348452.2 118143.8   0.0588   0.5867   0.1003   0.5774   3.9365   0.1003 -826329.829
  7   2 339486.6 127109.4   0.0146   0.1081   0.1352   0.1203   5.3159   0.1352 -700671.853
  7   3 338454.2 128141.8   0.0089   0.0634   0.1409   0.0717   5.6346   0.1409 -675772.465
  7   4 338607.8 127988.2   0.0094   0.0645   0.1458   0.0735   5.8684   0.1458 -676648.427
  7   5 339598.4 126997.6   0.0092   0.0588   0.1567   0.0681   5.4619   0.1567 -674032.475
  7   6 339008.4 127587.6   0.0097   0.0593   0.1633   0.0697   5.7197   0.1633 -675040.400
  8   1 348371.5 118224.5   0.0584   0.5918   0.0987   0.5806   3.9325   0.0987 -826343.238
  8   2 339870.6 126725.4   0.0140   0.1081   0.1294   0.1186   5.1281   0.1294 -699801.589
  8   3 339604.8 126991.2   0.0089   0.0625   0.1429   0.0705   5.1229   0.1429 -675526.546
  8   4 339635.2 126960.8   0.0091   0.0639   0.1427   0.0721   5.3708   0.1427 -676098.284
  8   5 339120.6 127475.4   0.0026   0.0192   0.1355   0.0214   5.6323   0.1355 -642798.025
  8   6 336574.7 130021.3   0.0028   0.0204   0.1396   0.0232   6.9691   0.1396 -644016.855
  8   7 339252.8 127343.2   0.0091   0.0589   0.1552   0.0682   5.5735   0.1552 -674105.304

