Supplemental results for CODEML (seqf: /home/yzliu/eDNA/faststorage/yzliu/DK_proj/data/ref_genome/ref_annotation/primary_transcripts/extracted_cds_new/new_transcript_id_7_and_pas/bootstraps/cat.out.OG_cds_7_species_same_header_fas.shuf_537OG_574.phy  treef: xxx.trees)


pairwise comparison (Goldman & Yang 1994)
seq seq        N       S       dN       dS     dN/dS   Paras.
  2   1 479327.2 187836.8   0.0105   0.1725   0.0608   0.1683   3.6984   0.0608 -1033694.017
  3   1 479002.5 188161.5   0.0100   0.1644   0.0607   0.1606   3.5834   0.0607 -1030279.646
  3   2 477529.4 189634.6   0.0101   0.1523   0.0666   0.1516   4.0219   0.0666 -1025096.954
  4   1 479651.1 187512.9   0.0083   0.1277   0.0647   0.1255   3.5096   0.0647 -1011148.904
  4   2 477372.2 189791.8   0.0102   0.1622   0.0629   0.1603   4.0711   0.0629 -1028934.671
  4   3 476780.9 190383.1   0.0099   0.1546   0.0642   0.1537   3.9681   0.0642 -1026239.613
  5   1 482777.0 184387.0   0.0060   0.0975   0.0610   0.0938   3.0478   0.0610 -991072.527
  5   2 479200.7 187963.3   0.0107   0.1682   0.0635   0.1652   3.6666   0.0635 -1032911.573
  5   3 479386.7 187777.3   0.0101   0.1581   0.0642   0.1553   3.4909   0.0642 -1028540.991
  5   4 480488.7 186675.3   0.0082   0.1210   0.0679   0.1193   3.3601   0.0679 -1008280.450
  6   1 483728.0 183436.0   0.0073   0.1246   0.0586   0.1187   2.9530   0.0586 -1007257.576
  6   2 479690.9 187473.1   0.0097   0.1630   0.0596   0.1583   3.6145   0.0596 -1028511.436
  6   3 479517.6 187646.4   0.0096   0.1553   0.0617   0.1518   3.4871   0.0617 -1026002.250
  6   4 480715.8 186448.2   0.0077   0.1201   0.0643   0.1174   3.3445   0.0643 -1006475.690
  6   5 484781.6 182382.4   0.0075   0.1182   0.0634   0.1133   2.8136   0.0634 -1005002.781
  7   1 476180.4 190983.6   0.0681   1.2008   0.0567   1.1769   4.1562   0.0567 -1254488.172
  7   2 473303.5 193860.5   0.0691   1.2526   0.0551   1.2389   4.4276   0.0551 -1257436.284
  7   3 475242.6 191921.4   0.0684   1.1886   0.0575   1.1719   4.2659   0.0575 -1254241.721
  7   4 474768.1 192395.9   0.0682   1.2113   0.0563   1.1935   4.3278   0.0563 -1254453.493
  7   5 476756.9 190407.1   0.0679   1.1819   0.0575   1.1576   4.1105   0.0575 -1253642.978
  7   6 476421.4 190742.6   0.0678   1.1989   0.0565   1.1735   4.1421   0.0565 -1253949.197

