Supplemental results for CODEML (seqf: /home/yzliu/eDNA/faststorage/yzliu/DK_proj/data/ref_genome/ref_annotation/primary_transcripts/extracted_cds_new/new_transcript_id_7_and_pas/bootstraps/cat.out.OG_cds_7_species_same_header_fas.shuf_537OG_944.phy  treef: xxx.trees)


pairwise comparison (Goldman & Yang 1994)
seq seq        N       S       dN       dS     dN/dS   Paras.
  2   1 498490.9 192121.1   0.0095   0.1697   0.0558   0.1621   3.6089   0.0558 -1064449.185
  3   1 498074.7 192537.3   0.0092   0.1601   0.0576   0.1538   3.4981   0.0576 -1060953.381
  3   2 496693.5 193918.5   0.0091   0.1554   0.0584   0.1505   3.9254   0.0584 -1057596.338
  4   1 498024.6 192587.4   0.0070   0.1199   0.0581   0.1154   3.5055   0.0581 -1037989.975
  4   2 495691.7 194920.3   0.0089   0.1573   0.0567   0.1523   4.0811   0.0567 -1057931.803
  4   3 494595.3 196016.7   0.0086   0.1496   0.0577   0.1459   4.0334   0.0577 -1055135.985
  5   1 501712.7 188899.3   0.0052   0.0922   0.0564   0.0870   3.0218   0.0564 -1019275.805
  5   2 497879.2 192732.8   0.0094   0.1659   0.0564   0.1591   3.6583   0.0564 -1062933.617
  5   3 497834.4 192777.6   0.0090   0.1559   0.0580   0.1501   3.5029   0.0580 -1059024.813
  5   4 497909.0 192703.0   0.0067   0.1135   0.0592   0.1096   3.4945   0.0592 -1034494.971
  6   1 502683.3 187928.7   0.0066   0.1207   0.0548   0.1130   2.9338   0.0548 -1037162.332
  6   2 498356.5 192255.5   0.0087   0.1618   0.0537   0.1539   3.6138   0.0537 -1059346.641
  6   3 498160.9 192451.1   0.0085   0.1543   0.0551   0.1474   3.4764   0.0551 -1056795.156
  6   4 498260.0 192352.0   0.0064   0.1149   0.0557   0.1099   3.4653   0.0557 -1034016.685
  6   5 502592.0 188020.0   0.0065   0.1146   0.0565   0.1077   2.9242   0.0565 -1034036.470
  7   1 493889.2 196722.8   0.0615   1.1653   0.0528   1.1278   3.9920   0.0528 -1286649.944
  7   2 490563.5 200048.5   0.0624   1.2356   0.0505   1.2068   4.2948   0.0505 -1290263.725
  7   3 492619.0 197993.0   0.0618   1.1663   0.0530   1.1353   4.1297   0.0530 -1286818.668
  7   4 492194.7 198417.3   0.0613   1.1721   0.0523   1.1413   4.1784   0.0523 -1286087.274
  7   5 494105.5 196506.5   0.0613   1.1553   0.0531   1.1178   3.9857   0.0531 -1285829.789
  7   6 493771.1 196840.9   0.0611   1.1621   0.0526   1.1247   4.0123   0.0526 -1285694.889

