

2 (And_ful) ... 1 (And_bic)
  0  0.0000 1080192.707058  x:  0.17429   1.61658   0.39741  
  1 99.0000 1078032.550882  x:  0.12314   1.62644   0.33102  
  2 45617.9594 1067705.473459  x:  0.11608   1.66666   0.05004  
  3 107573.3814 1066820.147102  x:  0.11975   2.39120   0.09162  
  4 3148.4762 1064951.017510  x:  0.13901   3.00421   0.04502  
  5  1.7870 1064541.238925  x:  0.15714   3.14386   0.06142  
  6  0.1634 1064464.291803  x:  0.16394   3.36742   0.05397  
  7  0.1819 1064449.369641  x:  0.16170   3.59593   0.05609  
  8  0.0732 1064449.186032  x:  0.16211   3.60736   0.05578  
  9  0.0105 1064449.184592  x:  0.16212   3.60893   0.05582  
 10  0.0013 1064449.184592  x:  0.16213   3.60892   0.05582  
 11  0.0000 1064449.184592  x:  0.16213   3.60892   0.05582  

3 (And_hae) ... 1 (And_bic)
  0  0.0000 1061580.057685  x:  0.15352   3.17906   0.09592  
  1 99.0000 1060989.407195  x:  0.14923   3.17955   0.05731  
  2 25232.9903 1060976.774672  x:  0.15363   3.17969   0.05580  
  3 5798.0733 1060953.431340  x:  0.15390   3.49694   0.05786  
  4 155.7569 1060953.380859  x:  0.15383   3.49848   0.05759  
  5  0.0027 1060953.380817  x:  0.15384   3.49818   0.05758  
  6  0.0003 1060953.380817  x:  0.15384   3.49815   0.05759  

3 (And_hae) ... 2 (And_ful)
  0  0.0000 1058297.674374  x:  0.14303   3.16349   0.09429  
  1 99.0000 1057716.174426  x:  0.15358   3.16426   0.05662  
  2 25097.3724 1057709.161546  x:  0.15063   3.16453   0.05522  
  3 4337.7096 1057597.647645  x:  0.14988   3.90796   0.05984  
  4 339.4264 1057596.351317  x:  0.15056   3.91936   0.05846  
  5  0.0174 1057596.338709  x:  0.15045   3.92408   0.05842  
  6  0.0042 1057596.338325  x:  0.15046   3.92541   0.05844  
  7  0.0010 1057596.338324  x:  0.15046   3.92542   0.05844  
  8  0.0000 1057596.338324  x:  0.15046   3.92542   0.05844  
  9  0.0000 1057596.338324  x:  0.15046   3.92542   0.05844  
 10  0.0000 1057596.338324  x:  0.15046   3.92542   0.05844  
 11  0.0380 1057596.338324  x:  0.15046   3.92542   0.05844  
 12  0.0004 1057596.338324  x:  0.15046   3.92542   0.05844  
 13  0.0021 1057596.338324  x:  0.15046   3.92542   0.05844  

4 (And_hat) ... 1 (And_bic)
  0  0.0000 1039051.978096  x:  0.11759   3.46869   0.12640  
  1 99.0000 1038266.960450  x:  0.10051   3.46915   0.07314  
  2 24293.0034 1038047.855588  x:  0.10834   3.46931   0.05310  
  3 47398.5078 1038043.918857  x:  0.10865   3.64180   0.05416  
  4 46.8424 1037991.527997  x:  0.11456   3.49069   0.05956  
  5  0.2461 1037989.979256  x:  0.11541   3.51057   0.05813  
  6  0.0206 1037989.974815  x:  0.11541   3.50551   0.05809  
  7  0.0052 1037989.974811  x:  0.11541   3.50550   0.05809  
  8  0.0000 1037989.974811  x:  0.11541   3.50550   0.05809  
  9  0.0000 1037989.974811  x:  0.11541   3.50550   0.05809  
 10  0.0000 1037989.974811  x:  0.11541   3.50550   0.05809  
 11  0.0000 1037989.974811  x:  0.11541   3.50550   0.05809  
 12  0.0020 1037989.974811  x:  0.11541   3.50550   0.05809  
 13  0.0101 1037989.974811  x:  0.11541   3.50550   0.05809  
check convergence!


4 (And_hat) ... 2 (And_ful)
  0  0.0000 1058332.825422  x:  0.15628   3.26584   0.07788  
  1 99.0000 1058060.321792  x:  0.14848   3.26633   0.05577  
  2 20901.9658 1058051.070207  x:  0.15185   3.26662   0.05365  
  3 4901.1731 1057932.306135  x:  0.15252   4.07346   0.05759  
  4 335.5443 1057931.809638  x:  0.15226   4.07813   0.05673  
  5  0.0060 1057931.803495  x:  0.15235   4.08026   0.05670  
  6  0.0020 1057931.803392  x:  0.15235   4.08107   0.05670  
  7  0.0006 1057931.803392  x:  0.15235   4.08107   0.05670  

4 (And_hat) ... 3 (And_hae)
  0  0.0000 1055657.804334  x:  0.13634   3.71476   0.09236  
  1 99.0000 1055185.998821  x:  0.15232   3.71507   0.06027  
  2 23941.0155 1055154.666494  x:  0.14760   3.71518   0.05510  
  3 9935.6733 1055137.874021  x:  0.14730   4.04867   0.05658  
  4 105.9129 1055135.986750  x:  0.14592   4.03549   0.05775  
  5  0.0187 1055135.985392  x:  0.14590   4.03359   0.05771  
  6  0.0018 1055135.985384  x:  0.14590   4.03341   0.05772  
  7  0.0002 1055135.985384  x:  0.14590   4.03340   0.05772  

5 (And_mar) ... 1 (And_bic)
  0  0.0000 1020046.558345  x:  0.08647   3.36575   0.12347  
  1 99.0000 1019347.315695  x:  0.08052   3.36591   0.06084  
  2 17457.2814 1019298.822848  x:  0.08596   3.36589   0.05470  
  3 22252.9842 1019284.725103  x:  0.08571   3.07152   0.05250  
  4 88.7737 1019275.886186  x:  0.08680   3.01333   0.05629  
  5  0.1458 1019275.805815  x:  0.08702   3.02395   0.05641  
  6  0.0111 1019275.804801  x:  0.08703   3.02185   0.05640  
  7  0.0023 1019275.804801  x:  0.08703   3.02184   0.05640  
  8  0.0000 1019275.804801  x:  0.08703   3.02185   0.05640  

5 (And_mar) ... 2 (And_ful)
  0  0.0000 1064305.375733  x:  0.14408   2.96121   0.11072  
  1 99.0000 1063135.833737  x:  0.17017   2.96230   0.05815  
  2 34507.9234 1063067.695289  x:  0.16351   2.96264   0.05060  
  3 15207.4510 1062937.732081  x:  0.16153   3.69202   0.05523  
  4 401.8307 1062933.635539  x:  0.15914   3.66804   0.05643  
  5  0.0371 1062933.616646  x:  0.15914   3.65842   0.05636  
  6  0.0070 1062933.616596  x:  0.15914   3.65829   0.05636  
  7  0.0001 1062933.616596  x:  0.15914   3.65829   0.05636  
  8  0.0000 1062933.616596  x:  0.15914   3.65829   0.05636  
  9  0.0000 1062933.616596  x:  0.15914   3.65829   0.05636  

5 (And_mar) ... 3 (And_hae)
  0  0.0000 1059150.818795  x:  0.14544   3.11936   0.06960  
  1 99.0000 1059058.746468  x:  0.15079   3.11962   0.05688  
  2 12548.6655 1059058.274219  x:  0.15004   3.11977   0.05649  
  3 1099.0418 1059024.879532  x:  0.14996   3.50065   0.05833  
  4 192.3100 1059024.813502  x:  0.15010   3.50222   0.05801  
  5  0.0018 1059024.813310  x:  0.15009   3.50282   0.05801  
  6  0.0006 1059024.813309  x:  0.15009   3.50289   0.05801  
  7  0.0001 1059024.813308  x:  0.15009   3.50291   0.05801  
  8  0.0000 1059024.813308  x:  0.15009   3.50291   0.05801  
check convergence!


5 (And_mar) ... 4 (And_hat)
  0  0.0000 1034895.084465  x:  0.09337   3.33442   0.08052  
  1 99.0000 1034587.228496  x:  0.11090   3.33448   0.07454  
  2 35376.5035 1034499.465588  x:  0.11022   3.33465   0.05862  
  3 10862.3348 1034495.346885  x:  0.11018   3.49508   0.05942  
  4 52.9328 1034494.976944  x:  0.10959   3.49484   0.05912  
  5  0.0006 1034494.971304  x:  0.10956   3.49456   0.05923  
  6  0.0004 1034494.971303  x:  0.10956   3.49454   0.05923  

6 (And_tri) ... 1 (And_bic)
  0  0.0000 1038797.710483  x:  0.10185   3.03069   0.14300  
  1 99.0000 1038066.917974  x:  0.13156   3.03108   0.10074  
  2 30358.3216 1037346.819567  x:  0.12813   3.03146   0.05241  
  3 59045.6429 1037302.501825  x:  0.12340   3.44485   0.05704  
  4  1.5664 1037164.018382  x:  0.11306   2.94662   0.05677  
  5 47.6087 1037162.385388  x:  0.11290   2.94697   0.05490  
  6  0.0033 1037162.332094  x:  0.11301   2.93344   0.05481  
  7  0.0193 1037162.331880  x:  0.11302   2.93381   0.05481  
  8  0.0004 1037162.331879  x:  0.11302   2.93380   0.05481  
  9  0.0000 1037162.331879  x:  0.11302   2.93381   0.05481  
 10  0.0000 1037162.331879  x:  0.11302   2.93380   0.05481  
 11  0.0000 1037162.331879  x:  0.11302   2.93380   0.05481  
check convergence!


6 (And_tri) ... 2 (And_ful)
  0  0.0000 1060471.582589  x:  0.15815   2.66485   0.09522  
  1 99.0000 1059627.295088  x:  0.14580   2.66603   0.05297  
  2 31809.6053 1059587.688019  x:  0.15234   2.66654   0.04848  
  3 11026.8474 1059348.635786  x:  0.15420   3.59738   0.05541  
  4 611.5200 1059346.719143  x:  0.15359   3.60921   0.05385  
  5  0.0174 1059346.641528  x:  0.15392   3.61190   0.05371  
  6  0.0026 1059346.640827  x:  0.15392   3.61368   0.05372  
  7  0.0011 1059346.640819  x:  0.15392   3.61375   0.05372  
  8  0.0001 1059346.640819  x:  0.15392   3.61375   0.05372  
  9  0.0000 1059346.640819  x:  0.15392   3.61375   0.05372  
check convergence!


6 (And_tri) ... 3 (And_hae)
  0  0.0000 1058485.790669  x:  0.12995   3.38966   0.12874  
  1 99.0000 1057248.803627  x:  0.16842   3.39018   0.07349  
  2 36627.4672 1056929.955158  x:  0.16197   3.39038   0.05031  
  3 39314.2106 1056920.820856  x:  0.16148   3.60995   0.05147  
  4 83.0545 1056795.469407  x:  0.14758   3.47853   0.05583  
  5  0.1622 1056795.158206  x:  0.14736   3.47909   0.05516  
  6  0.0011 1056795.155785  x:  0.14739   3.47641   0.05513  
  7  0.0028 1056795.155784  x:  0.14739   3.47636   0.05513  

6 (And_tri) ... 4 (And_hat)
  0  0.0000 1034213.968722  x:  0.10321   3.27009   0.07653  
  1 99.0000 1034077.204046  x:  0.11415   3.27022   0.06455  
  2 17087.6514 1034025.089888  x:  0.11133   3.27034   0.05420  
  3 12835.2383 1034018.424922  x:  0.11121   3.47726   0.05517  
  4 68.6513 1034016.687416  x:  0.10988   3.46679   0.05580  
  5  0.0113 1034016.684868  x:  0.10986   3.46559   0.05573  
  6  0.0013 1034016.684855  x:  0.10986   3.46531   0.05573  
  7  0.0003 1034016.684855  x:  0.10986   3.46532   0.05573  
  8  0.0000 1034016.684855  x:  0.10986   3.46531   0.05573  

6 (And_tri) ... 5 (And_mar)
  0  0.0000 1034321.282514  x:  0.11665   3.09451   0.08221  
  1 99.0000 1034123.623388  x:  0.10346   3.09452   0.07112  
  2 21925.3890 1034043.825019  x:  0.10660   3.09450   0.05710  
  3 12827.3084 1034037.764585  x:  0.10655   2.92842   0.05618  
  4 70.1976 1034036.480104  x:  0.10767   2.92357   0.05663  
  5  0.0056 1034036.469973  x:  0.10770   2.92420   0.05649  
  6  0.0008 1034036.469973  x:  0.10770   2.92418   0.05649  

7 (Bom_pas) ... 1 (And_bic)
  0  0.0000 1309569.459435  x:  1.12955   2.73549   0.17981  
  1 99.0000 1287815.742905  x:  1.10632   2.73889   0.05003  
  2 195971.0199 1287760.454547  x:  1.08138   2.76241   0.05452  
  3 3327.0875 1286771.683811  x:  1.19276   3.94674   0.05308  
  4 3225.6109 1286650.503620  x:  1.12972   3.96884   0.05250  
  5  0.0814 1286649.990198  x:  1.12646   3.98325   0.05281  
  6  0.0137 1286649.944770  x:  1.12782   3.99168   0.05277  
  7  0.0058 1286649.943990  x:  1.12777   3.99197   0.05276  
  8  0.0003 1286649.943990  x:  1.12777   3.99197   0.05276  
  9  0.0000 1286649.943990  x:  1.12777   3.99197   0.05276  
 10  0.0000 1286649.943990  x:  1.12777   3.99197   0.05276  
 11  0.0361 1286649.943990  x:  1.12777   3.99197   0.05276  
 12  0.0114 1286649.943990  x:  1.12777   3.99197   0.05276  
check convergence!


7 (Bom_pas) ... 2 (And_ful)
  0  0.0000 1306066.711363  x:  1.11610   3.40134   0.15567  
  1 99.0000 1290708.408073  x:  1.10302   3.40278   0.05264  
  2 190148.1279 1290685.884791  x:  1.12269   3.41358   0.05006  
  3 1959.7698 1290285.378553  x:  1.17098   4.28546   0.05136  
  4 1422.8307 1290264.806450  x:  1.20251   4.28317   0.05111  
  5  0.0413 1290263.736814  x:  1.20619   4.28954   0.05052  
  6  0.0072 1290263.724609  x:  1.20684   4.29466   0.05052  
  7  0.0037 1290263.724554  x:  1.20679   4.29477   0.05052  
  8  0.0001 1290263.724554  x:  1.20679   4.29477   0.05052  

7 (Bom_pas) ... 3 (And_hae)
  0  0.0000 1287560.110771  x:  1.08414   3.57627   0.06753  
  1 99.0000 1286982.526282  x:  1.08350   3.57642   0.05394  
  2 77254.4809 1286965.718105  x:  1.11279   3.60096   0.05238  
  3 898.4909 1286819.007542  x:  1.13080   4.12437   0.05315  
  4 1081.6482 1286818.671200  x:  1.13529   4.12864   0.05300  
  5  0.0055 1286818.668517  x:  1.13533   4.12931   0.05298  
  6  0.0008 1286818.668450  x:  1.13533   4.12965   0.05298  
  7  0.0003 1286818.668450  x:  1.13533   4.12966   0.05298  
  8  0.0000 1286818.668450  x:  1.13533   4.12966   0.05298  

7 (Bom_pas) ... 4 (And_hat)
  0  0.0000 1287094.034312  x:  1.03294   3.44998   0.04312  
  1 99.0000 1286451.879263  x:  1.03368   3.45003   0.05541  
  2 116900.9661 1286356.601242  x:  1.09994   3.46587   0.05309  
  3 2979.2741 1286091.095074  x:  1.13376   4.16891   0.05349  
  4 900.0384 1286087.285352  x:  1.14074   4.17374   0.05233  
  5  0.0068 1286087.273846  x:  1.14135   4.17845   0.05233  
  6  0.0035 1286087.273845  x:  1.14135   4.17845   0.05233  

7 (Bom_pas) ... 5 (And_mar)
  0  0.0000 1300977.380152  x:  1.27961   3.59549   0.13249  
  1 99.0000 1286433.620063  x:  1.26765   3.59645   0.04624  
  2 217747.2040 1286223.380866  x:  1.18556   3.61016   0.05566  
  3 5450.6311 1286131.354441  x:  1.21886   4.02948   0.05480  
  4 466.2854 1285840.731240  x:  1.10467   3.95594   0.05505  
  5  0.2033 1285829.917693  x:  1.11994   3.99007   0.05311  
  6  0.0410 1285829.789484  x:  1.11786   3.98638   0.05307  
  7  0.0048 1285829.789268  x:  1.11781   3.98576   0.05307  
  8  0.0006 1285829.789266  x:  1.11782   3.98574   0.05307  

7 (Bom_pas) ... 6 (And_tri)
  0  0.0000 1299057.546691  x:  1.26030   3.38087   0.12379  
  1 99.0000 1286412.117035  x:  1.25012   3.38186   0.04612  
  2 216303.3828 1286167.226422  x:  1.15744   3.40288   0.05608  
  3 5501.3170 1285956.202987  x:  1.20949   4.01472   0.05492  
  4 765.0863 1285701.433339  x:  1.11260   3.98727   0.05406  
  5  0.1516 1285694.932289  x:  1.12569   4.01052   0.05258  
  6  0.0303 1285694.889219  x:  1.12468   4.01154   0.05256  
  7  0.0015 1285694.888920  x:  1.12470   4.01224   0.05256  
  8  0.0005 1285694.888918  x:  1.12470   4.01227   0.05256  
  9  0.0000 1285694.888918  x:  1.12470   4.01227   0.05256  