

2 (And_ful) ... 1 (And_bic)
  0  0.0000 1070669.938250  x:  0.14670   1.64297   0.43532  
  1 99.0000 1061988.651533  x:  0.28743   1.70300   0.06209  
  2 35912.2223 1061579.689731  x:  0.28601   1.70621   0.04099  
  3 194456.1448 1055396.513042  x:  0.18255   5.32984   0.08629  
  4 4660.1868 1055037.330965  x:  0.15944   4.97541   0.07373  
  5  0.3099 1054831.267497  x:  0.16564   4.22004   0.05632  
  6  0.5783 1054761.510049  x:  0.17057   3.76975   0.06104  
  7  0.2265 1054750.293740  x:  0.16673   3.63906   0.06146  
  8  0.1166 1054749.927630  x:  0.16634   3.67328   0.06193  
  9  0.0498 1054749.927192  x:  0.16634   3.67233   0.06195  
 10  0.0010 1054749.927192  x:  0.16634   3.67233   0.06195  
 11  0.0000 1054749.927192  x:  0.16634   3.67233   0.06195  
 12  0.3023 1054749.927192  x:  0.16634   3.67233   0.06195  
 13  0.0230 1054749.927192  x:  0.16634   3.67233   0.06195  
 14  0.0116 1054749.927192  x:  0.16634   3.67233   0.06195  
 15  0.2821 1054749.927192  x:  0.16634   3.67233   0.06195  
 16  0.0223 1054749.927192  x:  0.16634   3.67233   0.06195  
 17  0.0077 1054749.927192  x:  0.16634   3.67233   0.06195  
check convergence!


3 (And_hae) ... 1 (And_bic)
  0  0.0000 1051745.656934  x:  0.14354   3.23639   0.06468  
  1 99.0000 1051586.789728  x:  0.15955   3.23653   0.06287  
  2 20519.0446 1051585.190126  x:  0.15950   3.23670   0.06115  
  3 1836.1020 1051557.076106  x:  0.15954   3.59339   0.06267  
  4 169.4225 1051557.063161  x:  0.15958   3.59218   0.06251  
  5  0.0012 1051557.063149  x:  0.15958   3.59208   0.06251  

3 (And_hae) ... 2 (And_ful)
  0  0.0000 1049446.779076  x:  0.16822   3.25360   0.10801  
  1 99.0000 1048809.013342  x:  0.14462   3.25424   0.07679  
  2 30021.8863 1048696.916560  x:  0.15147   3.25469   0.06276  
  3 17114.8970 1048587.478178  x:  0.15256   4.01063   0.06722  
  4 325.8183 1048584.185920  x:  0.15485   3.99895   0.06755  
  5  0.0136 1048584.142058  x:  0.15489   3.99763   0.06724  
  6  0.0015 1048584.141954  x:  0.15489   3.99681   0.06723  
  7  0.0006 1048584.141954  x:  0.15489   3.99681   0.06723  
  8  0.0000 1048584.141954  x:  0.15489   3.99680   0.06723  
  9  0.0000 1048584.141954  x:  0.15489   3.99680   0.06723  
check convergence!


4 (And_hat) ... 1 (And_bic)
  0  0.0000 1029708.378084  x:  0.12431   3.62403   0.12011  
  1 99.0000 1029248.287098  x:  0.10788   3.62425   0.08491  
  2 21754.8395 1029041.108182  x:  0.11508   3.62438   0.06227  
  3 34865.3620 1029039.614630  x:  0.11542   3.72121   0.06305  
  4  2.5379 1029013.860732  x:  0.11972   3.56597   0.06640  
  5  2.2671 1029013.062189  x:  0.12032   3.58262   0.06529  
  6  0.0191 1029013.061554  x:  0.12033   3.58071   0.06527  
  7  0.0020 1029013.061554  x:  0.12033   3.58071   0.06527  

4 (And_hat) ... 2 (And_ful)
  0  0.0000 1053217.669750  x:  0.17209   3.18744   0.16481  
  1 99.0000 1051609.646468  x:  0.13265   3.18885   0.10288  
  2 39011.5883 1050864.297391  x:  0.14126   3.18984   0.05977  
  3 58874.9628 1050678.078415  x:  0.14382   4.17453   0.06732  
  4 439.9481 1050533.823284  x:  0.15887   4.02645   0.06696  
  5  0.1609 1050533.013510  x:  0.15892   4.01939   0.06564  
  6  0.0099 1050532.979696  x:  0.15889   4.00464   0.06561  
  7  0.0113 1050532.979662  x:  0.15888   4.00467   0.06562  
  8  0.0000 1050532.979662  x:  0.15888   4.00467   0.06562  
  9  0.0000 1050532.979662  x:  0.15888   4.00467   0.06562  

4 (And_hat) ... 3 (And_hae)
  0  0.0000 1048167.965132  x:  0.15436   3.63875   0.05481  
  1 99.0000 1048104.339476  x:  0.15425   3.63883   0.06571  
  2 12572.2449 1048103.982877  x:  0.15349   3.63895   0.06576  
  3 915.4855 1048078.832069  x:  0.15360   4.03301   0.06697  
  4 139.1759 1048078.823666  x:  0.15360   4.03123   0.06710  
  5  0.0014 1048078.823665  x:  0.15360   4.03130   0.06710  
  6  0.0001 1048078.823665  x:  0.15360   4.03130   0.06710  
  7  0.0000 1048078.823665  x:  0.15360   4.03130   0.06710  
  8  0.0000 1048078.823665  x:  0.15360   4.03130   0.06710  

5 (And_mar) ... 1 (And_bic)
  0  0.0000 1008730.297228  x:  0.08947   3.64311   0.14015  
  1 99.0000 1008296.677144  x:  0.07553   3.64317   0.09675  
  2 17389.3888 1007966.351909  x:  0.08103   3.64320   0.06052  
  3 78553.6209 1007949.249374  x:  0.08074   3.28626   0.05827  
  4 86.2278 1007871.191009  x:  0.08738   3.13286   0.06577  
  5  0.2091 1007866.338974  x:  0.08846   3.19858   0.06286  
  6  0.0891 1007866.308389  x:  0.08849   3.18609   0.06267  
  7  0.0157 1007866.308359  x:  0.08849   3.18587   0.06267  
  8  0.0002 1007866.308359  x:  0.08849   3.18587   0.06267  

5 (And_mar) ... 2 (And_ful)
  0  0.0000 1055285.120668  x:  0.14676   2.99978   0.10672  
  1 99.0000 1054513.174767  x:  0.17512   3.00063   0.06941  
  2 31844.4237 1054425.691793  x:  0.16942   3.00104   0.05855  
  3 16462.8169 1054302.750984  x:  0.16819   3.71659   0.06290  
  4 388.1938 1054295.594171  x:  0.16468   3.69672   0.06393  
  5  0.0241 1054295.576872  x:  0.16465   3.68808   0.06384  
  6  0.0066 1054295.576612  x:  0.16466   3.68759   0.06385  
  7  0.0005 1054295.576612  x:  0.16466   3.68759   0.06385  
  8  0.0000 1054295.576612  x:  0.16466   3.68759   0.06385  
  9  0.0000 1054295.576612  x:  0.16466   3.68759   0.06385  
check convergence!


5 (And_mar) ... 3 (And_hae)
  0  0.0000 1053613.673830  x:  0.14050   3.25746   0.19660  
  1 99.0000 1051184.762587  x:  0.19147   3.25954   0.08151  
  2 34393.6327 1050781.975833  x:  0.18302   3.25999   0.05526  
  3 57972.4578 1050682.206719  x:  0.17954   4.02490   0.06035  
  4 298.5620 1050348.645865  x:  0.15557   3.67055   0.06606  
  5  0.5104 1050347.019444  x:  0.15597   3.58344   0.06600  
  6  0.0945 1050346.998780  x:  0.15598   3.58093   0.06578  
  7  0.0025 1050346.998773  x:  0.15598   3.58103   0.06578  

5 (And_mar) ... 4 (And_hat)
  0  0.0000 1027044.761157  x:  0.11104   3.36938   0.10489  
  1 99.0000 1026793.786761  x:  0.12261   3.36969   0.07660  
  2 15498.4070 1026736.389345  x:  0.11732   3.36982   0.06673  
  3 16632.4609 1026730.106472  x:  0.11713   3.56658   0.06794  
  4 65.9343 1026726.384400  x:  0.11544   3.54942   0.07001  
  5  0.0239 1026726.382439  x:  0.11542   3.54841   0.06994  
  6  0.0011 1026726.382433  x:  0.11542   3.54824   0.06994  
  7  0.0002 1026726.382433  x:  0.11542   3.54823   0.06994  

6 (And_tri) ... 1 (And_bic)
  0  0.0000 1027132.006256  x:  0.09136   3.04508   0.10721  
  1 99.0000 1026465.414071  x:  0.11761   3.04517   0.09763  
  2 52361.9853 1026084.776893  x:  0.11701   3.04545   0.06054  
  3 19213.2452 1026084.756718  x:  0.11700   3.05500   0.06061  
  4  2.3117 1026081.905476  x:  0.11516   3.04835   0.06082  
  5  0.0100 1026081.903167  x:  0.11515   3.04868   0.06075  
  6  0.0006 1026081.903164  x:  0.11515   3.04863   0.06075  
  7  0.0001 1026081.903164  x:  0.11515   3.04863   0.06075  
  8  0.0000 1026081.903164  x:  0.11515   3.04863   0.06075  
  9  0.0000 1026081.903164  x:  0.11515   3.04863   0.06075  

6 (And_tri) ... 2 (And_ful)
  0  0.0000 1050783.005405  x:  0.16629   2.89531   0.08296  
  1 99.0000 1050503.891892  x:  0.15350   2.89584   0.06291  
  2 21791.6945 1050490.675654  x:  0.15692   2.89621   0.05931  
  3 5582.7430 1050384.002619  x:  0.15755   3.54321   0.06310  
  4 372.6218 1050383.823042  x:  0.15753   3.54305   0.06252  
  5  0.0007 1050383.820536  x:  0.15759   3.54306   0.06251  
  6  0.0001 1050383.820535  x:  0.15759   3.54313   0.06251  

6 (And_tri) ... 3 (And_hae)
  0  0.0000 1049474.936873  x:  0.15906   3.18460   0.14878  
  1 99.0000 1048157.984471  x:  0.12921   3.18557   0.08649  
  2 33316.3854 1047757.681279  x:  0.13868   3.18602   0.05827  
  3 49263.1201 1047709.719573  x:  0.13993   3.65754   0.06164  
  4 217.9556 1047614.133455  x:  0.15070   3.50741   0.06623  
  5  0.1945 1047611.567839  x:  0.15149   3.51916   0.06408  
  6  0.0136 1047611.563844  x:  0.15151   3.51503   0.06404  
  7  0.0038 1047611.563836  x:  0.15151   3.51495   0.06404  
  8  0.0001 1047611.563836  x:  0.15151   3.51495   0.06404  
  9  0.0000 1047611.563836  x:  0.15151   3.51495   0.06404  

6 (And_tri) ... 4 (And_hat)
  0  0.0000 1025883.779389  x:  0.10766   3.03583   0.08777  
  1 99.0000 1025761.804929  x:  0.11866   3.03609   0.07654  
  2 15943.7129 1025706.125777  x:  0.11534   3.03651   0.06143  
  3 12483.2077 1025664.877978  x:  0.11502   3.51150   0.06420  
  4 189.1457 1025661.663609  x:  0.11446   3.49876   0.06709  
  5  0.0143 1025661.660799  x:  0.11443   3.49611   0.06703  
  6  0.0024 1025661.660759  x:  0.11443   3.49576   0.06703  
  7  0.0003 1025661.660759  x:  0.11443   3.49575   0.06703  
  8  0.0000 1025661.660759  x:  0.11443   3.49575   0.06703  
  9  0.0000 1025661.660759  x:  0.11443   3.49575   0.06703  

6 (And_tri) ... 5 (And_mar)
  0  0.0000 1026725.662259  x:  0.09547   3.18517   0.18930  
  1 99.0000 1026229.096261  x:  0.11909   3.18536   0.17056  
  2 35772.5556 1024569.654741  x:  0.11929   3.18628   0.06677  
  3 36453.6207 1024561.985505  x:  0.11941   3.00548   0.06451  
  4 79.6725 1024508.117242  x:  0.11171   2.94056   0.06808  
  5  0.0593 1024505.381423  x:  0.11117   2.97784   0.06582  
  6  0.1068 1024505.379825  x:  0.11121   2.97752   0.06578  
  7  0.0004 1024505.379824  x:  0.11121   2.97758   0.06578  
  8  0.0001 1024505.379824  x:  0.11121   2.97758   0.06578  
check convergence!


7 (Bom_pas) ... 1 (And_bic)
  0  0.0000 1282581.746079  x:  1.23899   2.79287   0.10555  
  1 99.0000 1274546.858136  x:  1.23207   2.79410   0.04799  
  2 200469.3335 1274018.148152  x:  1.08613   2.85830   0.06158  
  3 6617.7245 1273005.596685  x:  1.20534   4.05000   0.06040  
  4 2252.3414 1272685.443367  x:  1.13028   4.12159   0.05626  
  5  0.1451 1272682.142740  x:  1.14276   4.16702   0.05535  
  6  0.0408 1272681.670656  x:  1.14254   4.19473   0.05556  
  7  0.0193 1272681.670075  x:  1.14254   4.19490   0.05554  
  8  0.0002 1272681.670075  x:  1.14254   4.19490   0.05554  

7 (Bom_pas) ... 2 (And_ful)
  0  0.0000 1281731.782469  x:  1.21244   3.71410   0.09345  
  1 99.0000 1277487.031688  x:  1.20899   3.71452   0.05236  
  2 162157.2201 1277446.532878  x:  1.16757   3.74283   0.05562  
  3 1602.5920 1277171.519253  x:  1.23669   4.52150   0.05395  
  4 1026.2366 1277165.911361  x:  1.22772   4.52169   0.05327  
  5  0.0138 1277165.853479  x:  1.22607   4.52289   0.05339  
  6  0.0020 1277165.853470  x:  1.22608   4.52305   0.05339  
  7  0.0001 1277165.853470  x:  1.22608   4.52304   0.05339  
  8  0.0000 1277165.853470  x:  1.22608   4.52304   0.05339  
check convergence!


7 (Bom_pas) ... 3 (And_hae)
  0  0.0000 1277613.673555  x:  1.28626   3.93407   0.08333  
  1 99.0000 1274291.995835  x:  1.28308   3.93436   0.04983  
  2 159729.6356 1273949.882918  x:  1.14189   3.95839   0.05932  
  3 4571.6279 1273880.462552  x:  1.17565   4.34856   0.05851  
  4 375.9920 1273832.824236  x:  1.15235   4.35853   0.05632  
  5  0.0352 1273832.289875  x:  1.15703   4.35836   0.05591  
  6  0.0056 1273832.289563  x:  1.15704   4.35779   0.05591  
  7  0.0005 1273832.289559  x:  1.15704   4.35772   0.05591  

7 (Bom_pas) ... 4 (And_hat)
  0  0.0000 1277247.703190  x:  1.30705   3.80936   0.08035  
  1 99.0000 1274014.011099  x:  1.30401   3.80967   0.04836  
  2 163378.7560 1273546.499811  x:  1.13679   3.84190   0.05910  
  3 5185.1746 1273424.273470  x:  1.18323   4.35156   0.05807  
  4 517.8005 1273364.379768  x:  1.15685   4.37095   0.05569  
  5  0.0441 1273363.701159  x:  1.16218   4.37195   0.05522  
  6  0.0065 1273363.700917  x:  1.16225   4.37204   0.05523  
  7  0.0001 1273363.700916  x:  1.16226   4.37207   0.05523  

7 (Bom_pas) ... 5 (And_mar)
  0  0.0000 1273188.203255  x:  1.06883   3.69909   0.04449  
  1 99.0000 1272438.627313  x:  1.06948   3.69911   0.05810  
  2 124404.9326 1272413.285047  x:  1.10447   3.71054   0.05685  
  3 1420.5964 1272301.021286  x:  1.12746   4.18294   0.05698  
  4 578.9932 1272299.580769  x:  1.13115   4.18504   0.05625  
  5  0.0033 1272299.577981  x:  1.13111   4.18652   0.05623  
  6  0.0013 1272299.577962  x:  1.13109   4.18660   0.05623  
  7  0.0001 1272299.577962  x:  1.13109   4.18661   0.05623  
  8  0.0000 1272299.577962  x:  1.13109   4.18661   0.05623  

7 (Bom_pas) ... 6 (And_tri)
  0  0.0000 1278285.907964  x:  1.28006   3.74722   0.09358  
  1 99.0000 1272960.773053  x:  1.27546   3.74763   0.04899  
  2 182111.8723 1272609.270370  x:  1.13726   3.77263   0.05964  
  3 4935.2382 1272517.617143  x:  1.17474   4.20297   0.05870  
  4 454.3068 1272423.681287  x:  1.13539   4.21139   0.05622  
  5  0.0602 1272421.845881  x:  1.14344   4.21322   0.05543  
  6  0.0100 1272421.844335  x:  1.14341   4.21144   0.05543  
  7  0.0015 1272421.844329  x:  1.14339   4.21140   0.05543  