

2 (Bom_con) ... 1 (Apis_mel)
  0  0.0000 400615.519429  x:  0.48799   1.60914   0.47140  
  1 99.0000 391545.062407  x:  0.34566   1.67913   0.09508  
  2 25042.7263 391286.033652  x:  0.35941   1.68501   0.07092  
  3 28218.9614 388310.114447  x:  0.47645   4.16339   0.10730  
  4 3712.5030 388078.194677  x:  0.52520   4.08954   0.08019  
  5  0.0524 388071.015841  x:  0.53356   4.29034   0.08153  
  6  0.0590 388070.079874  x:  0.53360   4.32729   0.08022  
  7  0.0359 388069.962269  x:  0.53206   4.34044   0.08054  
  8  0.0109 388069.962241  x:  0.53207   4.34087   0.08054  
  9  0.0004 388069.962241  x:  0.53207   4.34088   0.08054  

3 (Bom_hor) ... 1 (Apis_mel)
  0  0.0000 391861.517005  x:  0.50379   3.72407   0.18642  
  1 99.0000 390044.518270  x:  0.49360   3.72537   0.08496  
  2 25429.9614 389974.957314  x:  0.53233   3.72690   0.07552  
  3 3601.2084 389922.796261  x:  0.54156   4.34238   0.07806  
  4 183.6828 389915.113355  x:  0.54871   4.29941   0.08111  
  5  0.1098 389914.867007  x:  0.55083   4.29356   0.08040  
  6  0.0051 389914.866940  x:  0.55087   4.29368   0.08041  
  7  0.0001 389914.866940  x:  0.55087   4.29373   0.08041  

3 (Bom_hor) ... 2 (Bom_con)
  0  0.0000 335110.321743  x:  0.10649   3.78331   0.10296  
  1 99.0000 335094.509408  x:  0.11374   3.78344   0.10419  
  2 4398.6954 335093.798749  x:  0.11350   3.78411   0.10753  
  3 428.5646 335054.570173  x:  0.11347   4.87148   0.11281  
  4 88.1398 335054.533106  x:  0.11352   4.86046   0.11201  
  5  0.0098 335054.533019  x:  0.11352   4.85870   0.11200  
  6  0.0012 335054.533019  x:  0.11352   4.85866   0.11200  
  7  0.0000 335054.533018  x:  0.11352   4.85865   0.11200  
  8  0.0000 335054.533018  x:  0.11352   4.85866   0.11200  
  9  0.0000 335054.533018  x:  0.11352   4.85868   0.11200  

4 (Bom_hyp) ... 1 (Apis_mel)
  0  0.0000 388534.629806  x:  0.46131   4.04243   0.09978  
  1 99.0000 388432.957862  x:  0.47262   4.04254   0.08176  
  2 8766.8542 388304.599637  x:  0.53011   4.04285   0.08134  
  3 6630.4290 388295.872008  x:  0.53253   4.30705   0.08194  
  4 68.4622 388294.851779  x:  0.53417   4.31118   0.08026  
  5  0.0058 388294.844609  x:  0.53466   4.31278   0.08024  
  6  0.0014 388294.844606  x:  0.53465   4.31271   0.08024  
  7  0.0001 388294.844606  x:  0.53465   4.31270   0.08024  
  8  0.0000 388294.844606  x:  0.53465   4.31271   0.08024  

4 (Bom_hyp) ... 2 (Bom_con)
  0  0.0000 332193.417803  x:  0.08596   3.82013   0.11418  
  1 99.0000 332103.244934  x:  0.10181   3.82027   0.11336  
  2 12084.1583 332099.894062  x:  0.10193   3.82130   0.10570  
  3 831.8415 332030.217262  x:  0.10178   5.52459   0.11500  
  4 107.0803 332029.794331  x:  0.10194   5.48829   0.11210  
  5  0.0336 332029.787908  x:  0.10195   5.46944   0.11210  
  6  0.0105 332029.787885  x:  0.10195   5.46931   0.11211  
  7  0.0001 332029.787885  x:  0.10195   5.46929   0.11211  
  8  0.0000 332029.787884  x:  0.10195   5.46930   0.11211  

4 (Bom_hyp) ... 3 (Bom_hor)
  0  0.0000 323685.829811  x:  0.05337   4.47964   0.15209  
  1 99.0000 323584.590995  x:  0.06645   4.47965   0.15088  
  2 16701.2190 323553.147860  x:  0.06664   4.47993   0.11638  
  3 1645.4269 323552.967935  x:  0.06664   4.57905   0.11697  
  4  3.5051 323552.966020  x:  0.06666   4.58242   0.11677  
  5  0.0045 323552.965709  x:  0.06667   4.57952   0.11672  
  6  0.0031 323552.965671  x:  0.06668   4.57908   0.11675  
  7  0.0004 323552.965670  x:  0.06668   4.57901   0.11675  

5 (Bom_mus) ... 1 (Apis_mel)
  0  0.0000 391973.316106  x:  0.50897   3.90910   0.23252  
  1 99.0000 388992.860433  x:  0.48111   3.91089   0.08646  
  2 26491.4834 388924.079427  x:  0.51242   3.91157   0.07530  
  3 4164.7862 388888.655894  x:  0.52135   4.44235   0.07731  
  4 141.0776 388861.236891  x:  0.53841   4.34404   0.08165  
  5  0.2666 388860.554727  x:  0.54199   4.33941   0.08046  
  6  0.0049 388860.554465  x:  0.54201   4.34089   0.08046  
  7  0.0014 388860.554464  x:  0.54201   4.34090   0.08046  

5 (Bom_mus) ... 2 (Bom_con)
  0  0.0000 333888.847446  x:  0.09714   3.56955   0.07588  
  1 99.0000 333786.696025  x:  0.11360   3.56979   0.08790  
  2 10619.0272 333755.161580  x:  0.10776   3.57055   0.10707  
  3 3916.2690 333645.363799  x:  0.10710   5.49829   0.11510  
  4 147.6300 333644.338376  x:  0.10897   5.50274   0.11501  
  5  0.0044 333644.330889  x:  0.10895   5.50671   0.11540  
  6  0.0026 333644.330884  x:  0.10895   5.50695   0.11539  
  7  0.0002 333644.330883  x:  0.10895   5.50712   0.11539  
  8  0.0001 333644.330883  x:  0.10895   5.50711   0.11539  

5 (Bom_mus) ... 3 (Bom_hor)
  0  0.0000 324708.463671  x:  0.05650   4.39389   0.14707  
  1 99.0000 324610.888349  x:  0.06971   4.39389   0.14639  
  2 15935.4670 324601.849540  x:  0.06984   4.39400   0.12801  
  3 927.1563 324601.849393  x:  0.06984   4.39137   0.12799  
  4  0.0920 324601.849088  x:  0.06986   4.39177   0.12791  
  5  0.0004 324601.849076  x:  0.06986   4.39155   0.12792  
  6  0.0002 324601.849075  x:  0.06986   4.39161   0.12792  
  7  0.0001 324601.849075  x:  0.06986   4.39158   0.12792  

5 (Bom_mus) ... 4 (Bom_hyp)
  0  0.0000 322550.709435  x:  0.05067   3.69671   0.14885  
  1 99.0000 322443.628232  x:  0.06378   3.69678   0.14759  
  2 17682.3206 322405.827235  x:  0.06398   3.69871   0.11047  
  3 1814.2310 322349.372330  x:  0.06376   5.48216   0.12403  
  4 79.7554 322348.323768  x:  0.06385   5.50487   0.11825  
  5  0.0278 322348.309864  x:  0.06388   5.53937   0.11821  
  6  0.0180 322348.309480  x:  0.06387   5.54077   0.11832  
  7  0.0014 322348.309475  x:  0.06387   5.54086   0.11832  
  8  0.0001 322348.309475  x:  0.06387   5.54095   0.11832  
  9  0.0001 322348.309475  x:  0.06387   5.54088   0.11832  

6 (Bom_pas) ... 1 (Apis_mel)
  0  0.0000 391774.608978  x:  0.53111   4.38561   0.21723  
  1 99.0000 389121.133622  x:  0.50171   4.38637   0.08578  
  2 26753.5079 389081.919225  x:  0.52662   4.38605   0.07729  
  3 2928.6888 389077.417188  x:  0.53251   4.55994   0.07858  
  4  2.1290 389061.461425  x:  0.54142   4.33767   0.08117  
  5  9.9915 389061.228730  x:  0.54398   4.35044   0.08063  
  6  0.0118 389061.228098  x:  0.54396   4.34839   0.08061  
  7  0.0021 389061.228097  x:  0.54396   4.34843   0.08060  
  8  0.0000 389061.228097  x:  0.54396   4.34842   0.08061  
  9  0.0000 389061.228097  x:  0.54396   4.34842   0.08061  
 10  0.0000 389061.228097  x:  0.54396   4.34842   0.08061  
check convergence!


6 (Bom_pas) ... 2 (Bom_con)
  0  0.0000 334540.205817  x:  0.08739   3.88098   0.07232  
  1 99.0000 334264.375416  x:  0.11509   3.88111   0.08497  
  2 19944.7111 334212.320960  x:  0.10988   3.88163   0.11023  
  3 4684.4815 334144.303929  x:  0.10949   5.45254   0.11600  
  4 106.2943 334143.818062  x:  0.11074   5.45329   0.11670  
  5  0.0012 334143.807322  x:  0.11066   5.45337   0.11713  
  6  0.0003 334143.807295  x:  0.11067   5.45283   0.11713  
  7  0.0005 334143.807293  x:  0.11066   5.45253   0.11713  
  8  0.0002 334143.807293  x:  0.11066   5.45254   0.11713  

6 (Bom_pas) ... 3 (Bom_hor)
  0  0.0000 325142.302582  x:  0.05669   4.38074   0.19648  
  1 99.0000 325034.898362  x:  0.07055   4.38076   0.19474  
  2 16660.1358 324954.131121  x:  0.07085   4.38138   0.13174  
  3 2198.7625 324953.912766  x:  0.07084   4.48534   0.13255  
  4  4.3652 324953.906524  x:  0.07088   4.48518   0.13211  
  5  0.0007 324953.905937  x:  0.07092   4.48398   0.13214  
  6  0.0011 324953.905936  x:  0.07092   4.48419   0.13214  
  7  0.0002 324953.905936  x:  0.07092   4.48419   0.13214  

6 (Bom_pas) ... 4 (Bom_hyp)
  0  0.0000 323058.085500  x:  0.06915   3.97741   0.18229  
  1 99.0000 323042.954926  x:  0.06381   3.97751   0.17938  
  2 4842.6537 322963.421076  x:  0.06498   3.97980   0.11943  
  3 2829.8428 322918.582174  x:  0.06493   5.62940   0.13315  
  4 66.3693 322917.292666  x:  0.06531   5.66352   0.12661  
  5  0.0475 322917.272007  x:  0.06547   5.69153   0.12680  
  6  0.0214 322917.269648  x:  0.06542   5.70317   0.12683  
  7  0.0084 322917.269646  x:  0.06542   5.70322   0.12683  
  8  0.0001 322917.269646  x:  0.06542   5.70322   0.12683  
check convergence!


6 (Bom_pas) ... 5 (Bom_mus)
  0  0.0000 308836.518800  x:  0.01873   4.65024   0.24128  
  1 99.0000 308829.373259  x:  0.02072   4.65025   0.24104  
  2 7494.3212 308760.638683  x:  0.02082   4.65336   0.12571  
  3 918.2796 308749.011746  x:  0.02076   6.39002   0.14155  
  4 16.1541 308748.269810  x:  0.02076   6.47130   0.13238  
  5  0.1521 308748.258073  x:  0.02074   6.54147   0.13265  
  6  0.0388 308748.257985  x:  0.02075   6.54077   0.13268  
  7  0.0006 308748.257984  x:  0.02075   6.54128   0.13268  
  8  0.0009 308748.257983  x:  0.02075   6.54138   0.13268  

7 (Bom_syl) ... 1 (Apis_mel)
  0  0.0000 389966.506536  x:  0.51938   5.32381   0.14251  
  1 99.0000 389274.940680  x:  0.51560   5.32347   0.08684  
  2 19952.4556 389234.788192  x:  0.55029   5.32070   0.08036  
  3 2361.5642 389150.251507  x:  0.53994   4.35838   0.07934  
  4 158.3316 389146.933020  x:  0.54201   4.35435   0.08193  
  5  0.0111 389146.924885  x:  0.54171   4.36021   0.08199  
  6  0.0067 389146.924625  x:  0.54164   4.35913   0.08200  
  7  0.0013 389146.924624  x:  0.54164   4.35912   0.08200  

7 (Bom_syl) ... 2 (Bom_con)
  0  0.0000 334805.482864  x:  0.10341   3.65658   0.07891  
  1 99.0000 334720.783726  x:  0.11772   3.65685   0.09329  
  2 8783.8151 334691.659917  x:  0.11097   3.65749   0.10978  
  3 4028.1381 334594.110428  x:  0.11037   5.48061   0.11721  
  4 137.3131 334592.861817  x:  0.11233   5.47697   0.11848  
  5  0.0037 334592.816832  x:  0.11219   5.47315   0.11937  
  6  0.0027 334592.816615  x:  0.11220   5.46996   0.11934  
  7  0.0017 334592.816611  x:  0.11220   5.46981   0.11935  
  8  0.0001 334592.816611  x:  0.11220   5.46981   0.11935  

7 (Bom_syl) ... 3 (Bom_hor)
  0  0.0000 325201.004729  x:  0.05849   4.59545   0.20253  
  1 99.0000 325112.308191  x:  0.07125   4.59546   0.20036  
  2 14730.9429 324995.489656  x:  0.07159   4.59609   0.12525  
  3 2614.8663 324995.441487  x:  0.07158   4.64704   0.12562  
  4  1.9354 324995.437522  x:  0.07159   4.64809   0.12527  
  5  0.0020 324995.437446  x:  0.07161   4.64755   0.12527  
  6  0.0004 324995.437446  x:  0.07161   4.64766   0.12527  
  7  0.0001 324995.437446  x:  0.07161   4.64767   0.12527  
  8  0.0000 324995.437446  x:  0.07161   4.64766   0.12527  
  9  0.0001 324995.437445  x:  0.07161   4.64770   0.12527  
 10  0.6813 324995.437445  x:  0.07161   4.64770   0.12527  

7 (Bom_syl) ... 4 (Bom_hyp)
  0  0.0000 323088.255327  x:  0.06991   3.89037   0.14937  
  1 99.0000 323076.466304  x:  0.06514   3.89048   0.14709  
  2 4352.2449 323041.569935  x:  0.06610   3.89226   0.11193  
  3 2111.0839 322983.545086  x:  0.06597   5.79177   0.12531  
  4 77.1758 322982.544870  x:  0.06619   5.81502   0.11973  
  5  0.0277 322982.531430  x:  0.06624   5.85029   0.11973  
  6  0.0186 322982.530909  x:  0.06621   5.85250   0.11981  
  7  0.0021 322982.530909  x:  0.06621   5.85251   0.11981  

7 (Bom_syl) ... 5 (Bom_mus)
  0  0.0000 322669.627903  x:  0.05002   4.89200   0.10496  
  1 99.0000 322544.711462  x:  0.06420   4.89201   0.10643  
  2 19191.4231 322526.072928  x:  0.06380   4.89217   0.13094  
  3 1683.1123 322521.021563  x:  0.06375   5.54437   0.13327  
  4 17.1397 322521.014417  x:  0.06367   5.52638   0.13338  
  5  0.0142 322521.014413  x:  0.06367   5.52657   0.13340  
  6  0.0002 322521.014412  x:  0.06367   5.52667   0.13340  
  7  0.0001 322521.014412  x:  0.06367   5.52665   0.13340  
  8  0.0001 322521.014412  x:  0.06367   5.52665   0.13340  
check convergence!


7 (Bom_syl) ... 6 (Bom_pas)
  0  0.0000 323041.526870  x:  0.06635   4.41376   0.18825  
  1 99.0000 323035.318885  x:  0.06303   4.41385   0.18520  
  2 2696.4731 322982.384886  x:  0.06435   4.41540   0.13336  
  3 3126.3083 322961.616872  x:  0.06437   5.61334   0.14223  
  4 39.8480 322961.226920  x:  0.06479   5.62683   0.13868  
  5  0.0176 322961.218689  x:  0.06489   5.63270   0.13896  
  6  0.0062 322961.218557  x:  0.06489   5.63610   0.13896  
  7  0.0023 322961.218556  x:  0.06489   5.63616   0.13896  
  8  0.0001 322961.218555  x:  0.06489   5.63618   0.13896  

8 (Bom_vet) ... 1 (Apis_mel)
  0  0.0000 389753.006091  x:  0.41145   4.68909   0.11796  
  1 99.0000 389272.997248  x:  0.45166   4.68863   0.07912  
  2 14964.9828 388938.040104  x:  0.52741   4.68744   0.08948  
  3 14991.4286 388920.518446  x:  0.52504   4.29101   0.08851  
  4 83.4375 388895.658474  x:  0.53936   4.32142   0.08010  
  5  0.0362 388895.372582  x:  0.54205   4.32755   0.08028  
  6  0.0054 388895.371559  x:  0.54213   4.32716   0.08023  
  7  0.0004 388895.371559  x:  0.54213   4.32721   0.08023  

8 (Bom_vet) ... 2 (Bom_con)
  0  0.0000 333928.401952  x:  0.08576   3.66623   0.07871  
  1 99.0000 333702.303664  x:  0.11100   3.66638   0.08656  
  2 18746.3976 333671.726179  x:  0.10844   3.66711   0.10675  
  3 3378.0802 333580.565703  x:  0.10810   5.44620   0.11422  
  4 130.0994 333580.509651  x:  0.10852   5.44423   0.11393  
  5  0.0017 333580.509647  x:  0.10852   5.44415   0.11393  
  6  0.0001 333580.509647  x:  0.10852   5.44412   0.11392  

8 (Bom_vet) ... 3 (Bom_hor)
  0  0.0000 324386.578009  x:  0.06786   4.58320   0.12473  
  1 99.0000 324385.995844  x:  0.06894   4.58319   0.12504  
  2 1045.0976 324385.456695  x:  0.06880   4.58303   0.12948  
  3 273.7147 324384.560238  x:  0.06882   4.37293   0.12849  
  4  8.2436 324384.558502  x:  0.06882   4.37091   0.12824  
  5  0.0020 324384.558501  x:  0.06882   4.37103   0.12824  
  6  0.0002 324384.558501  x:  0.06882   4.37103   0.12824  
check convergence!


8 (Bom_vet) ... 4 (Bom_hyp)
  0  0.0000 322447.772574  x:  0.06473   3.87574   0.14285  
  1 99.0000 322443.279699  x:  0.06198   3.87590   0.13952  
  2 2047.4273 322419.805657  x:  0.06339   3.87733   0.11182  
  3 3316.4166 322374.293946  x:  0.06334   5.54201   0.12313  
  4 67.5106 322373.585266  x:  0.06369   5.55754   0.11851  
  5  0.0180 322373.579038  x:  0.06375   5.57729   0.11858  
  6  0.0126 322373.578564  x:  0.06373   5.58118   0.11860  

8 (Bom_vet) ... 5 (Bom_mus)
  0  0.0000 307741.355122  x:  0.01507   4.47261   0.13055  
  1 99.0000 307720.344313  x:  0.01814   4.47262   0.13048  
  2 14604.3252 307715.995131  x:  0.01817   4.47360   0.10840  
  3 362.7863 307705.987252  x:  0.01810   6.18243   0.11735  
  4 14.2482 307705.897871  x:  0.01810   6.19229   0.11427  
  5  0.0113 307705.897348  x:  0.01810   6.20729   0.11428  
  6  0.0085 307705.897344  x:  0.01810   6.20742   0.11430  

8 (Bom_vet) ... 6 (Bom_pas)
  0  0.0000 308502.515252  x:  0.02089   5.04403   0.12730  
  1 99.0000 308501.421602  x:  0.02010   5.04403   0.12727  
  2 2716.7655 308501.135878  x:  0.02011   5.04473   0.12188  
  3 99.7218 308491.958322  x:  0.02003   6.95195   0.13006  
  4 12.5615 308491.900182  x:  0.02005   6.88015   0.12758  
  5  0.0642 308491.897783  x:  0.02005   6.84673   0.12760  
  6  0.0219 308491.897762  x:  0.02005   6.84643   0.12765  
  7  0.0003 308491.897761  x:  0.02005   6.84691   0.12765  

8 (Bom_vet) ... 7 (Bom_syl)
  0  0.0000 322464.607247  x:  0.04978   5.34902   0.14945  
  1 99.0000 322357.452023  x:  0.06276   5.34903   0.14898  
  2 17940.4432 322350.517388  x:  0.06286   5.34919   0.13166  
  3 757.8057 322350.220277  x:  0.06286   5.51283   0.13238  
  4  3.7136 322350.219416  x:  0.06287   5.51235   0.13221  
  5  0.0006 322350.219395  x:  0.06288   5.51221   0.13222  
  6  0.0001 322350.219395  x:  0.06288   5.51232   0.13222  