Supplemental results for CODEML (seqf: /home/yzliu/eDNA/faststorage/yzliu/DK_proj/data/ref_genome/ref_annotation/primary_transcripts/extracted_cds_new/new_transcript_id_7_and_pas/bootstraps/cat.out.OG_cds_7_species_same_header_fas.shuf_537OG_241.phy  treef: xxx.trees)


pairwise comparison (Goldman & Yang 1994)
seq seq        N       S       dN       dS     dN/dS   Paras.
  2   1 481378.1 186832.9   0.0110   0.1719   0.0641   0.1680   3.6054   0.0641 -1035874.067
  3   1 480469.7 187741.3   0.0106   0.1620   0.0654   0.1594   3.5671   0.0654 -1031983.826
  3   2 479139.4 189071.6   0.0107   0.1494   0.0718   0.1499   3.9809   0.0718 -1026399.618
  4   1 481040.3 187170.7   0.0083   0.1246   0.0667   0.1226   3.5023   0.0667 -1011015.900
  4   2 479442.9 188768.1   0.0106   0.1587   0.0667   0.1573   3.9520   0.0667 -1029714.783
  4   3 477751.4 190459.6   0.0104   0.1503   0.0690   0.1507   4.0156   0.0690 -1026768.616
  5   1 483722.3 184488.7   0.0061   0.0951   0.0636   0.0919   3.1041   0.0636 -991315.906
  5   2 481221.0 186990.0   0.0111   0.1663   0.0670   0.1637   3.5835   0.0670 -1034402.507
  5   3 480598.9 187612.1   0.0107   0.1559   0.0688   0.1545   3.5134   0.0688 -1030219.122
  5   4 481289.5 186921.5   0.0083   0.1179   0.0707   0.1169   3.4338   0.0707 -1008338.465
  6   1 485120.4 183090.6   0.0079   0.1262   0.0623   0.1208   2.9717   0.0623 -1010432.119
  6   2 482241.6 185969.4   0.0105   0.1620   0.0646   0.1579   3.4792   0.0646 -1030911.104
  6   3 481163.9 187047.1   0.0104   0.1540   0.0676   0.1518   3.4666   0.0676 -1028571.666
  6   4 481955.3 186255.7   0.0081   0.1186   0.0682   0.1167   3.3759   0.0682 -1007805.038
  6   5 485573.9 182637.1   0.0080   0.1186   0.0674   0.1147   2.8969   0.0674 -1007633.847
  7   1 477558.3 190652.7   0.0708   1.1578   0.0612   1.1429   4.0153   0.0612 -1260228.011
  7   2 474669.1 193541.9   0.0719   1.2130   0.0592   1.2071   4.2833   0.0592 -1263423.422
  7   3 476449.2 191761.8   0.0713   1.1525   0.0618   1.1447   4.1500   0.0618 -1260119.851
  7   4 476149.4 192061.6   0.0708   1.1661   0.0607   1.1568   4.1731   0.0607 -1260038.409
  7   5 477819.5 190391.5   0.0708   1.1457   0.0618   1.1311   4.0059   0.0618 -1259473.456
  7   6 477562.3 190648.7   0.0708   1.1579   0.0612   1.1429   4.0176   0.0612 -1260179.871

