Supplemental results for CODEML (seqf: /home/yzliu/eDNA/faststorage/yzliu/DK_proj/data/ref_genome/ref_annotation/primary_transcripts/extracted_cds_new/new_transcript_id_8_bom_apis/bootstraps/cat.out.OG_cds_8_species_same_header_fas.shuf_211OG_637.phy  treef: xxx.trees)


pairwise comparison (Goldman & Yang 1994)
seq seq        N       S       dN       dS     dN/dS   Paras.
  2   1 168843.1  56375.9   0.0620   0.5687   0.1091   0.5666   3.8025   0.1091 -399031.233
  3   1 169109.8  56109.2   0.0645   0.5923   0.1089   0.5880   3.6775   0.1089 -401466.279
  3   2 166149.9  59069.1   0.0175   0.1176   0.1492   0.1314   4.2721   0.1492 -340712.703
  4   1 169078.3  56140.7   0.0614   0.5761   0.1065   0.5691   3.8009   0.1065 -398689.391
  4   2 165104.6  60114.4   0.0139   0.0976   0.1421   0.1087   5.1384   0.1421 -334510.472
  4   3 166954.4  58264.6   0.0111   0.0711   0.1566   0.0799   3.9271   0.1566 -328120.564
  5   1 169069.1  56149.9   0.0630   0.5820   0.1083   0.5772   3.7956   0.1083 -399737.398
  5   2 165199.1  60019.9   0.0161   0.1057   0.1525   0.1200   5.0518   0.1525 -337464.306
  5   3 167306.5  57912.5   0.0121   0.0740   0.1630   0.0839   3.7315   0.1630 -329345.664
  5   4 165158.6  60060.4   0.0092   0.0603   0.1527   0.0685   5.2682   0.1527 -324135.254
  6   1 169033.1  56185.9   0.0634   0.5819   0.1089   0.5782   3.8029   0.1089 -399942.815
  6   2 165159.9  60059.1   0.0165   0.1062   0.1551   0.1212   5.0649   0.1551 -337821.845
  6   3 167118.0  58101.0   0.0125   0.0730   0.1716   0.0843   3.8193   0.1716 -329555.740
  6   4 164927.4  60291.6   0.0100   0.0593   0.1679   0.0695   5.4470   0.1679 -324585.605
  6   5 164972.6  60246.4   0.0032   0.0207   0.1545   0.0236   5.3945   0.1545 -309897.417
  7   1 169117.7  56101.3   0.0634   0.5798   0.1093   0.5760   3.8227   0.1093 -399770.207
  7   2 164980.4  60238.6   0.0160   0.1083   0.1476   0.1221   5.3040   0.1476 -337716.454
  7   3 166846.1  58372.9   0.0120   0.0757   0.1586   0.0855   4.0295   0.1586 -329573.895
  7   4 164701.7  60517.3   0.0093   0.0623   0.1487   0.0706   5.7626   0.1487 -324554.045
  7   5 164963.8  60255.2   0.0094   0.0594   0.1586   0.0684   5.5049   0.1586 -324136.817
  7   6 164864.8  60354.2   0.0099   0.0588   0.1691   0.0691   5.5734   0.1691 -324489.954
  8   1 169022.8  56196.2   0.0631   0.5825   0.1083   0.5781   3.7976   0.1083 -399826.299
  8   2 165042.1  60176.9   0.0160   0.1058   0.1514   0.1201   5.1426   0.1514 -337449.652
  8   3 167215.7  58003.3   0.0120   0.0731   0.1644   0.0833   3.7583   0.1644 -329212.840
  8   4 165052.2  60166.8   0.0093   0.0599   0.1546   0.0684   5.3213   0.1546 -324155.195
  8   5 165500.3  59718.7   0.0026   0.0199   0.1321   0.0216   4.9479   0.1321 -309114.852
  8   6 164481.5  60737.5   0.0031   0.0199   0.1553   0.0229   5.8039   0.1553 -309642.398
  8   7 164810.1  60408.9   0.0093   0.0585   0.1585   0.0674   5.6045   0.1585 -323885.223

