

2 (Bom_con) ... 1 (Apis_mel)
  0  0.0000 436513.753121  x:  0.52217   1.65578   0.46577  
  1 99.0000 428586.714946  x:  0.44622   1.72215   0.11348  
  2 23924.3408 428338.417312  x:  0.47623   1.73302   0.08911  
  3 14806.6448 426110.756283  x:  0.58365   3.41441   0.12891  
  4 3815.9469 425987.972175  x:  0.56120   3.67872   0.11420  
  5  0.2429 425939.586673  x:  0.59626   3.81398   0.10476  
  6  0.0932 425934.389193  x:  0.60079   3.88984   0.10824  
  7  0.0484 425932.748233  x:  0.59977   3.97323   0.10756  
  8  0.0523 425932.741373  x:  0.59962   3.97289   0.10772  
  9  0.0004 425932.741355  x:  0.59960   3.97293   0.10772  
 10  0.0000 425932.741355  x:  0.59960   3.97293   0.10772  

3 (Bom_hor) ... 1 (Apis_mel)
  0  0.0000 426558.287003  x:  0.52834   3.61628   0.13264  
  1 99.0000 426405.680651  x:  0.54166   3.61673   0.10631  
  2 9604.9200 426267.521975  x:  0.60469   3.61825   0.10426  
  3 5998.9695 426235.151897  x:  0.60962   4.03648   0.10583  
  4 164.7547 426234.509498  x:  0.61126   4.03927   0.10429  
  5  0.0045 426234.498163  x:  0.61188   4.04047   0.10428  
  6  0.0011 426234.498163  x:  0.61188   4.04048   0.10428  
  7  0.0000 426234.498163  x:  0.61188   4.04048   0.10428  
  8  0.0000 426234.498163  x:  0.61188   4.04048   0.10428  
check convergence!


3 (Bom_hor) ... 2 (Bom_con)
  0  0.0000 359072.949780  x:  0.10460   3.65032   0.15057  
  1 99.0000 358969.819819  x:  0.12280   3.65056   0.14823  
  2 11913.2969 358953.649264  x:  0.12300   3.65226   0.12995  
  3 1683.6627 358868.463287  x:  0.12296   5.15408   0.14124  
  4 141.4522 358867.841248  x:  0.12313   5.14763   0.13758  
  5  0.0076 358867.840996  x:  0.12316   5.14778   0.13755  
  6  0.0001 358867.840994  x:  0.12316   5.14786   0.13756  
  7  0.0001 358867.840994  x:  0.12316   5.14789   0.13756  
  8  0.0000 358867.840994  x:  0.12316   5.14789   0.13756  

4 (Bom_hyp) ... 1 (Apis_mel)
  0  0.0000 426330.152003  x:  0.53244   4.16288   0.19655  
  1 99.0000 425275.993744  x:  0.53593   4.16293   0.11297  
  2 19492.7994 425140.059932  x:  0.59876   4.16140   0.10091  
  3 4717.4919 425135.690732  x:  0.59656   3.99673   0.10032  
  4 50.8573 425127.610795  x:  0.59939   3.97397   0.10506  
  5  0.0585 425127.588146  x:  0.59976   3.97970   0.10482  
  6  0.0054 425127.587922  x:  0.59980   3.97886   0.10481  
  7  0.0008 425127.587921  x:  0.59981   3.97890   0.10481  
  8  0.0000 425127.587921  x:  0.59981   3.97890   0.10481  
  9  0.0000 425127.587921  x:  0.59981   3.97890   0.10481  

4 (Bom_hyp) ... 2 (Bom_con)
  0  0.0000 357456.628122  x:  0.11832   3.33801   0.09423  
  1 99.0000 357372.449327  x:  0.11857   3.33898   0.12985  
  2 5511.2502 357371.703264  x:  0.11699   3.33931   0.13012  
  3 919.0265 357253.631148  x:  0.11707   5.01940   0.13884  
  4 186.5033 357253.629534  x:  0.11713   5.01699   0.13890  
  5  0.0019 357253.629357  x:  0.11712   5.01554   0.13894  
  6  0.0010 357253.629355  x:  0.11712   5.01535   0.13894  
  7  0.0001 357253.629355  x:  0.11712   5.01535   0.13894  
  8  0.0000 357253.629355  x:  0.11712   5.01535   0.13894  

4 (Bom_hyp) ... 3 (Bom_hor)
  0  0.0000 344732.186989  x:  0.07283   4.28400   0.21700  
  1 99.0000 344715.252317  x:  0.06728   4.28413   0.21203  
  2 4421.7066 344557.033612  x:  0.06890   4.28648   0.12703  
  3 5032.4418 344526.580615  x:  0.06901   5.61133   0.13870  
  4 53.9153 344523.597175  x:  0.06996   5.65924   0.12952  
  5  0.0764 344523.445946  x:  0.07045   5.67618   0.13037  
  6  0.0183 344523.443787  x:  0.07045   5.68838   0.13029  
  7  0.0083 344523.443702  x:  0.07044   5.68943   0.13034  
  8  0.0010 344523.443702  x:  0.07044   5.68943   0.13034  

5 (Bom_mus) ... 1 (Apis_mel)
  0  0.0000 426290.169247  x:  0.53876   4.70395   0.17240  
  1 99.0000 425694.211433  x:  0.54594   4.70334   0.11322  
  2 16414.4732 425551.736116  x:  0.61422   4.69963   0.10293  
  3 4722.8258 425481.019624  x:  0.60566   4.01139   0.10130  
  4 182.9313 425477.272945  x:  0.60520   3.98849   0.10468  
  5  0.0505 425477.230308  x:  0.60399   3.98249   0.10477  
  6  0.0058 425477.229658  x:  0.60395   3.98426   0.10479  
  7  0.0022 425477.229658  x:  0.60395   3.98424   0.10479  

5 (Bom_mus) ... 2 (Bom_con)
  0  0.0000 358885.251210  x:  0.09827   3.58455   0.14122  
  1 99.0000 358700.437978  x:  0.12208   3.58476   0.14067  
  2 16802.4424 358697.207871  x:  0.12226   3.58634   0.13264  
  3 764.2561 358614.307148  x:  0.12221   5.03292   0.14336  
  4 146.5854 358613.942075  x:  0.12240   5.02185   0.14049  
  5  0.0107 358613.941794  x:  0.12242   5.01995   0.14048  
  6  0.0013 358613.941785  x:  0.12242   5.01955   0.14048  
  7  0.0003 358613.941784  x:  0.12242   5.01951   0.14048  
  8  0.0000 358613.941784  x:  0.12242   5.01951   0.14048  
  9  0.0000 358613.941784  x:  0.12242   5.01951   0.14048  
check convergence!


5 (Bom_mus) ... 3 (Bom_hor)
  0  0.0000 344602.263559  x:  0.06964   4.07525   0.19729  
  1 99.0000 344576.236473  x:  0.06371   4.07585   0.17816  
  2 2511.0393 344508.161988  x:  0.06720   4.07747   0.12717  
  3 18012.3736 344478.655114  x:  0.06752   5.32413   0.13742  
  4 55.4741 344476.356464  x:  0.06957   5.30960   0.13502  
  5  0.0148 344476.353684  x:  0.06958   5.30593   0.13531  
  6  0.0046 344476.353533  x:  0.06957   5.30288   0.13528  
  7  0.0021 344476.353532  x:  0.06958   5.30278   0.13528  
  8  0.0001 344476.353532  x:  0.06958   5.30283   0.13528  

5 (Bom_mus) ... 4 (Bom_hyp)
  0  0.0000 344921.000531  x:  0.07316   4.40939   0.17685  
  1 99.0000 344913.640667  x:  0.06951   4.40947   0.17307  
  2 2736.5199 344868.047780  x:  0.07114   4.41049   0.13043  
  3 3626.8010 344856.302611  x:  0.07118   5.20966   0.13582  
  4 32.5047 344856.070565  x:  0.07169   5.21187   0.13390  
  5  0.0034 344856.065922  x:  0.07176   5.21191   0.13418  
  6  0.0004 344856.065921  x:  0.07176   5.21203   0.13418  
  7  0.0001 344856.065921  x:  0.07176   5.21210   0.13418  
  8  0.0000 344856.065921  x:  0.07176   5.21206   0.13418  
  9  0.0000 344856.065921  x:  0.07176   5.21206   0.13418  
check convergence!


6 (Bom_pas) ... 1 (Apis_mel)
  0  0.0000 427157.762011  x:  0.54841   4.17049   0.21447  
  1 99.0000 425717.275852  x:  0.54415   4.17069   0.11330  
  2 21236.7283 425603.834111  x:  0.59882   4.16927   0.09997  
  3 4322.2094 425599.684792  x:  0.59648   4.00781   0.09942  
  4 48.4406 425583.804600  x:  0.60347   3.97705   0.10514  
  5  0.0896 425583.726726  x:  0.60506   3.98617   0.10486  
  6  0.0082 425583.725988  x:  0.60507   3.98435   0.10484  
  7  0.0019 425583.725986  x:  0.60507   3.98437   0.10483  

6 (Bom_pas) ... 2 (Bom_con)
  0  0.0000 359234.891521  x:  0.11389   3.38117   0.16829  
  1 99.0000 359197.565848  x:  0.12525   3.38160   0.16298  
  2 6162.6978 359154.897834  x:  0.12469   3.38414   0.13299  
  3 3010.7355 359028.896522  x:  0.12446   5.06664   0.14858  
  4 189.5280 359026.698805  x:  0.12430   5.08524   0.14177  
  5  0.0214 359026.671721  x:  0.12425   5.11609   0.14177  
  6  0.0159 359026.671122  x:  0.12427   5.11703   0.14187  
  7  0.0009 359026.671119  x:  0.12428   5.11706   0.14186  
  8  0.0000 359026.671119  x:  0.12428   5.11706   0.14186  

6 (Bom_pas) ... 3 (Bom_hor)
  0  0.0000 345052.542217  x:  0.07373   4.30199   0.15417  
  1 99.0000 345048.832595  x:  0.07105   4.30206   0.15282  
  2 2430.0486 345038.032002  x:  0.07170   4.30326   0.13297  
  3 1238.1972 345005.707534  x:  0.07164   5.68995   0.14164  
  4 55.1423 345005.532835  x:  0.07171   5.69513   0.13916  
  5  0.0061 345005.532213  x:  0.07172   5.70222   0.13917  
  6  0.0044 345005.532209  x:  0.07172   5.70233   0.13918  

6 (Bom_pas) ... 4 (Bom_hyp)
  0  0.0000 345545.332617  x:  0.06739   4.78586   0.10833  
  1 99.0000 345514.681945  x:  0.07511   4.78588   0.11083  
  2 7847.2762 345490.216258  x:  0.07388   4.78612   0.13686  
  3 2212.0164 345480.900179  x:  0.07383   5.55545   0.13973  
  4 26.5228 345480.883253  x:  0.07400   5.55456   0.14001  
  5  0.0008 345480.883076  x:  0.07399   5.55427   0.14008  
  6  0.0002 345480.883076  x:  0.07399   5.55423   0.14008  
  7  0.0000 345480.883076  x:  0.07399   5.55427   0.14008  

6 (Bom_pas) ... 5 (Bom_mus)
  0  0.0000 328699.833181  x:  0.01875   4.65104   0.14697  
  1 99.0000 328662.701607  x:  0.02320   4.65104   0.14691  
  2 17990.1115 328660.723233  x:  0.02322   4.65200   0.13243  
  3 259.3687 328651.016446  x:  0.02317   6.11684   0.14045  
  4 15.7942 328650.974461  x:  0.02317   6.11325   0.13834  
  5  0.0043 328650.974444  x:  0.02317   6.11394   0.13830  
  6  0.0006 328650.974444  x:  0.02317   6.11436   0.13831  

7 (Bom_syl) ... 1 (Apis_mel)
  0  0.0000 426835.682507  x:  0.51375   4.78640   0.15656  
  1 99.0000 426483.415677  x:  0.53510   4.78550   0.11312  
  2 12573.9802 426263.697322  x:  0.61557   4.78184   0.11115  
  3 7419.0641 426173.469753  x:  0.60731   3.98295   0.10907  
  4 205.2892 426172.278759  x:  0.60720   3.98585   0.10708  
  5  0.0054 426172.245838  x:  0.60612   3.98140   0.10720  
  6  0.0042 426172.245555  x:  0.60610   3.98261   0.10721  
  7  0.0016 426172.245555  x:  0.60610   3.98261   0.10721  

7 (Bom_syl) ... 2 (Bom_con)
  0  0.0000 360762.726774  x:  0.10166   3.41684   0.21276  
  1 99.0000 360546.451139  x:  0.12787   3.41720   0.20705  
  2 17541.2749 360393.717100  x:  0.12836   3.42127   0.14064  
  3 4061.9959 360266.799732  x:  0.12822   5.07169   0.15967  
  4 192.1148 360263.113771  x:  0.12837   5.10779   0.15051  
  5  0.0496 360263.047216  x:  0.12842   5.15699   0.15058  
  6  0.0248 360263.046509  x:  0.12841   5.15701   0.15071  
  7  0.0001 360263.046505  x:  0.12841   5.15698   0.15071  
  8  0.0000 360263.046505  x:  0.12841   5.15699   0.15071  
  9  0.0000 360263.046505  x:  0.12841   5.15699   0.15071  

7 (Bom_syl) ... 3 (Bom_hor)
  0  0.0000 346202.055154  x:  0.06140   4.39748   0.20558  
  1 99.0000 346105.750911  x:  0.07461   4.39755   0.20362  
  2 15483.1208 346014.729972  x:  0.07492   4.39963   0.13806  
  3 2393.2923 345982.291590  x:  0.07484   5.77216   0.14911  
  4 55.2980 345981.582615  x:  0.07490   5.79571   0.14412  
  5  0.0349 345981.576975  x:  0.07492   5.81682   0.14417  
  6  0.0132 345981.576944  x:  0.07492   5.81703   0.14420  
  7  0.0002 345981.576944  x:  0.07492   5.81708   0.14419  

7 (Bom_syl) ... 4 (Bom_hyp)
  0  0.0000 346380.244381  x:  0.06355   4.86714   0.15272  
  1 99.0000 346290.196138  x:  0.07659   4.86717   0.15238  
  2 14781.1929 346287.545343  x:  0.07668   4.86777   0.14261  
  3 522.9770 346276.255657  x:  0.07665   5.72224   0.14698  
  4 29.2195 346276.237871  x:  0.07666   5.72200   0.14617  
  5  0.0009 346276.237864  x:  0.07666   5.72257   0.14617  
  6  0.0005 346276.237864  x:  0.07666   5.72260   0.14617  

7 (Bom_syl) ... 5 (Bom_mus)
  0  0.0000 344817.981999  x:  0.07324   4.60220   0.14378  
  1 99.0000 344814.811718  x:  0.07073   4.60223   0.14416  
  2 2451.4834 344813.463613  x:  0.07070   4.60285   0.15197  
  3 387.3265 344800.540588  x:  0.07065   5.49514   0.15659  
  4 32.4770 344800.525073  x:  0.07065   5.49353   0.15576  
  5  0.0016 344800.525068  x:  0.07065   5.49402   0.15576  
  6  0.0004 344800.525068  x:  0.07065   5.49403   0.15576  

7 (Bom_syl) ... 6 (Bom_pas)
  0  0.0000 345503.018569  x:  0.06604   4.49428   0.17526  
  1 99.0000 345479.094455  x:  0.07275   4.49433   0.17455  
  2 7334.5457 345470.616227  x:  0.07287   4.49559   0.15526  
  3 824.0449 345444.880735  x:  0.07280   5.75015   0.16365  
  4 47.6121 345444.732272  x:  0.07284   5.75429   0.16109  
  5  0.0052 345444.731895  x:  0.07284   5.75975   0.16110  
  6  0.0036 345444.731893  x:  0.07284   5.75986   0.16111  
  7  0.0001 345444.731892  x:  0.07284   5.75982   0.16111  

8 (Bom_vet) ... 1 (Apis_mel)
  0  0.0000 428367.089726  x:  0.45726   4.64612   0.25669  
  1 99.0000 425938.672393  x:  0.51914   4.64518   0.11157  
  2 21796.5310 425665.349781  x:  0.59851   4.64257   0.11664  
  3 8159.0794 425591.962172  x:  0.59468   3.95060   0.11260  
  4 194.6984 425575.169789  x:  0.60392   4.00162   0.10461  
  5  0.1407 425575.084600  x:  0.60541   3.99521   0.10456  
  6  0.0056 425575.083431  x:  0.60549   3.99774   0.10457  
  7  0.0030 425575.083429  x:  0.60549   3.99775   0.10457  

8 (Bom_vet) ... 2 (Bom_con)
  0  0.0000 358898.689710  x:  0.09945   3.43491   0.15661  
  1 99.0000 358733.881734  x:  0.12201   3.43519   0.15395  
  2 15633.9325 358708.153466  x:  0.12228   3.43738   0.13100  
  3 2051.9792 358593.849804  x:  0.12218   5.07448   0.14496  
  4 175.9890 358592.383613  x:  0.12242   5.08752   0.13937  
  5  0.0146 358592.369050  x:  0.12250   5.10943   0.13938  
  6  0.0118 358592.368725  x:  0.12248   5.11047   0.13944  
  7  0.0009 358592.368718  x:  0.12247   5.11056   0.13943  
  8  0.0001 358592.368718  x:  0.12247   5.11057   0.13943  
  9  0.0000 358592.368718  x:  0.12247   5.11057   0.13943  

8 (Bom_vet) ... 3 (Bom_hor)
  0  0.0000 344611.547703  x:  0.06445   4.22463   0.15816  
  1 99.0000 344595.492189  x:  0.06987   4.22469   0.15699  
  2 5950.0072 344577.370847  x:  0.06994   4.22602   0.13066  
  3 1328.9815 344544.933209  x:  0.06983   5.60320   0.13976  
  4 55.7043 344544.698890  x:  0.06985   5.61059   0.13689  
  5  0.0089 344544.697873  x:  0.06985   5.61971   0.13690  
  6  0.0056 344544.697868  x:  0.06985   5.61977   0.13691  
  7  0.0001 344544.697868  x:  0.06985   5.61977   0.13691  

8 (Bom_vet) ... 4 (Bom_hyp)
  0  0.0000 345314.343572  x:  0.05931   4.58726   0.19480  
  1 99.0000 345217.683094  x:  0.07233   4.58730   0.19298  
  2 15806.3276 345137.662419  x:  0.07262   4.58866   0.13280  
  3 2307.2618 345122.836784  x:  0.07257   5.53380   0.13950  
  4 35.0253 345122.611737  x:  0.07261   5.54487   0.13676  
  5  0.0170 345122.611013  x:  0.07264   5.55085   0.13678  
  6  0.0045 345122.611010  x:  0.07263   5.55108   0.13678  
  7  0.0002 345122.611010  x:  0.07263   5.55106   0.13678  
  8  0.0000 345122.611010  x:  0.07263   5.55098   0.13678  
  9  0.0000 345122.611010  x:  0.07263   5.55098   0.13678  
check convergence!


8 (Bom_vet) ... 5 (Bom_mus)
  0  0.0000 328071.742686  x:  0.01948   4.53861   0.21813  
  1 99.0000 328065.490254  x:  0.02132   4.53862   0.21787  
  2 7039.1547 328004.561752  x:  0.02142   4.54043   0.12131  
  3 990.4808 328000.689387  x:  0.02139   5.39442   0.12833  
  4 10.0228 328000.453626  x:  0.02139   5.42529   0.12380  
  5  0.0627 328000.452264  x:  0.02138   5.44009   0.12368  
  6  0.0121 328000.452230  x:  0.02138   5.44162   0.12374  
  7  0.0014 328000.452229  x:  0.02138   5.44166   0.12374  
  8  0.0000 328000.452229  x:  0.02138   5.44166   0.12374  
  9  0.0000 328000.452229  x:  0.02138   5.44166   0.12374  
check convergence!


8 (Bom_vet) ... 6 (Bom_pas)
  0  0.0000 328698.781411  x:  0.02171   4.57880   0.18390  
  1 99.0000 328695.197717  x:  0.02318   4.57881   0.18368  
  2 5004.4398 328669.762607  x:  0.02325   4.58060   0.12690  
  3 781.6665 328656.563212  x:  0.02317   6.29116   0.13886  
  4 18.7524 328656.268549  x:  0.02317   6.31264   0.13343  
  5  0.0305 328656.267055  x:  0.02317   6.33428   0.13344  
  6  0.0126 328656.267030  x:  0.02317   6.33487   0.13348  
  7  0.0006 328656.267030  x:  0.02317   6.33487   0.13348  
  8  0.0000 328656.267030  x:  0.02317   6.33488   0.13348  

8 (Bom_vet) ... 7 (Bom_syl)
  0  0.0000 345065.492659  x:  0.06239   5.12707   0.22303  
  1 99.0000 345025.143685  x:  0.07089   5.12710   0.22136  
  2 9751.1094 344951.149595  x:  0.07113   5.12828   0.15570  
  3 1986.6009 344943.982664  x:  0.07110   5.88150   0.16090  
  4 21.2273 344943.845014  x:  0.07112   5.87871   0.15843  
  5  0.0057 344943.844452  x:  0.07112   5.87180   0.15837  
  6  0.0056 344943.844451  x:  0.07112   5.87178   0.15838  
  7  0.0000 344943.844450  x:  0.07112   5.87173   0.15838  