Supplemental results for CODEML (seqf: /home/yzliu/eDNA/faststorage/yzliu/DK_proj/data/ref_genome/ref_annotation/primary_transcripts/extracted_cds_new/new_transcript_id_8_bom_apis/bootstraps/cat.out.OG_cds_8_species_same_header_fas.shuf_211OG_182.phy  treef: xxx.trees)


pairwise comparison (Goldman & Yang 1994)
seq seq        N       S       dN       dS     dN/dS   Paras.
  2   1 339825.4 110321.6   0.0639   0.5939   0.1076   0.5814   3.9066   0.1076 -798391.328
  3   1 339358.3 110788.7   0.0645   0.6093   0.1058   0.5957   3.9382   0.1058 -800267.584
  3   2 330082.4 120064.6   0.0150   0.1089   0.1375   0.1200   5.4383   0.1375 -673567.867
  4   1 340228.6 109918.4   0.0634   0.5995   0.1057   0.5829   3.8996   0.1057 -797800.400
  4   2 330733.7 119413.3   0.0141   0.1018   0.1389   0.1122   5.4620   0.1389 -669649.277
  4   3 329692.2 120454.8   0.0087   0.0612   0.1413   0.0682   5.7849   0.1413 -647372.460
  5   1 340310.8 109836.2   0.0643   0.6094   0.1055   0.5919   3.8953   0.1055 -799226.682
  5   2 331183.6 118963.4   0.0155   0.1095   0.1419   0.1211   5.2951   0.1419 -674013.470
  5   3 330852.1 119294.9   0.0092   0.0635   0.1450   0.0708   5.2863   0.1450 -649012.961
  5   4 331157.1 118989.9   0.0090   0.0634   0.1417   0.0701   5.4657   0.1417 -648105.445
  6   1 340270.2 109876.8   0.0643   0.6095   0.1055   0.5922   3.9017   0.1055 -799217.233
  6   2 331056.9 119090.1   0.0158   0.1107   0.1427   0.1227   5.3423   0.1427 -674687.578
  6   3 330260.3 119886.7   0.0096   0.0635   0.1504   0.0718   5.5414   0.1504 -649532.274
  6   4 330580.2 119566.8   0.0094   0.0633   0.1483   0.0711   5.7293   0.1483 -648716.921
  6   5 328837.3 121309.7   0.0031   0.0198   0.1559   0.0227   6.7365   0.1559 -618162.362
  7   1 340207.0 109940.0   0.0649   0.6071   0.1070   0.5920   3.9111   0.1070 -799829.717
  7   2 330759.3 119387.7   0.0161   0.1109   0.1453   0.1238   5.4590   0.1453 -675370.216
  7   3 329803.0 120344.0   0.0095   0.0657   0.1444   0.0735   5.7403   0.1444 -650345.387
  7   4 330147.3 119999.7   0.0096   0.0643   0.1491   0.0725   5.9280   0.1491 -649574.098
  7   5 330906.7 119240.3   0.0094   0.0614   0.1524   0.0694   5.5907   0.1524 -648020.546
  7   6 330306.4 119840.6   0.0098   0.0611   0.1605   0.0704   5.8751   0.1605 -648647.377
  8   1 340226.2 109920.8   0.0644   0.6094   0.1056   0.5924   3.8879   0.1056 -799453.216
  8   2 331024.5 119122.5   0.0153   0.1101   0.1393   0.1212   5.3192   0.1393 -673946.456
  8   3 330714.4 119432.6   0.0091   0.0631   0.1449   0.0703   5.3013   0.1449 -648853.542
  8   4 330815.8 119331.2   0.0090   0.0635   0.1424   0.0704   5.5749   0.1424 -648335.984
  8   5 330265.1 119881.9   0.0026   0.0186   0.1381   0.0205   5.8804   0.1381 -616553.638
  8   6 328242.0 121905.0   0.0029   0.0199   0.1456   0.0225   7.0522   0.1456 -617911.469
  8   7 330545.6 119601.4   0.0093   0.0608   0.1522   0.0688   5.7130   0.1522 -647742.739

