

2 (And_ful) ... 1 (And_bic)
  0  0.0000 1097129.565369  x:  0.16231   1.55072   0.45602  
  1 99.0000 1088174.242945  x:  0.08852   1.61231   0.11579  
  2 35731.8905 1086732.852879  x:  0.08776   1.62324   0.05444  
  3 905298.0829 1081129.683183  x:  0.12884   5.00225   0.11605  
  4 5645.7976 1079447.165278  x:  0.15041   4.63371   0.05541  
  5  0.3188 1079176.970303  x:  0.16556   4.34436   0.06875  
  6  0.1489 1079104.180325  x:  0.17203   4.04716   0.05914  
  7  0.3154 1079074.102045  x:  0.16977   3.66182   0.05926  
  8  0.1370 1079072.969529  x:  0.16839   3.68336   0.05948  
  9  0.0213 1079072.963186  x:  0.16837   3.68021   0.05938  
 10  0.0036 1079072.963184  x:  0.16837   3.68029   0.05938  
 11  0.0001 1079072.963184  x:  0.16837   3.68028   0.05938  
 12  0.0000 1079072.963184  x:  0.16837   3.68029   0.05938  

3 (And_hae) ... 1 (And_bic)
  0  0.0000 1075086.851563  x:  0.16157   3.26555   0.05725  
  1 99.0000 1075086.330263  x:  0.16063   3.26572   0.05724  
  2 1081.5919 1075086.218356  x:  0.16059   3.26670   0.05767  
  3 219.1464 1075049.193314  x:  0.16077   3.68102   0.05881  
  4 1153.2529 1075049.190281  x:  0.16077   3.67896   0.05874  
  5  0.0019 1075049.190267  x:  0.16077   3.67872   0.05875  
  6  0.0002 1075049.190267  x:  0.16077   3.67872   0.05875  
  7  0.0000 1075049.190267  x:  0.16077   3.67872   0.05875  
  8  0.0000 1075049.190267  x:  0.16077   3.67872   0.05875  
check convergence!


3 (And_hae) ... 2 (And_ful)
  0  0.0000 1072790.521754  x:  0.16038   3.42940   0.13616  
  1 99.0000 1071464.629809  x:  0.13564   3.43045   0.07353  
  2 33311.0657 1071230.838347  x:  0.14562   3.43083   0.05547  
  3 35632.3981 1071126.050469  x:  0.14760   4.20894   0.06023  
  4 300.8261 1071088.822546  x:  0.15408   4.10325   0.06373  
  5  0.1516 1071087.881181  x:  0.15464   4.09453   0.06245  
  6  0.0085 1071087.878182  x:  0.15464   4.09000   0.06243  
  7  0.0036 1071087.878176  x:  0.15463   4.09001   0.06243  
  8  0.0000 1071087.878176  x:  0.15463   4.09001   0.06243  
  9  0.0000 1071087.878176  x:  0.15463   4.09001   0.06243  
 10  0.0000 1071087.878176  x:  0.15463   4.09001   0.06243  

4 (And_hat) ... 1 (And_bic)
  0  0.0000 1053675.729859  x:  0.10685   3.63414   0.11185  
  1 99.0000 1053302.113292  x:  0.12765   3.63422   0.09631  
  2 30573.2864 1052990.621038  x:  0.12527   3.63436   0.06389  
  3 23184.9693 1052989.672299  x:  0.12530   3.55753   0.06345  
  4 23.3225 1052977.212405  x:  0.12144   3.54441   0.06492  
  5  0.0135 1052977.104627  x:  0.12134   3.54762   0.06444  
  6  0.0050 1052977.104613  x:  0.12134   3.54758   0.06444  

4 (And_hat) ... 2 (And_ful)
  0  0.0000 1074046.240623  x:  0.13448   3.05693   0.05124  
  1 99.0000 1073610.058281  x:  0.15768   3.05723   0.06059  
  2 36928.9103 1073609.342694  x:  0.15813   3.05781   0.05956  
  3 1109.4807 1073390.650659  x:  0.15781   4.07011   0.06416  
  4 626.6187 1073390.133336  x:  0.15835   4.08917   0.06341  
  5  0.0162 1073390.119074  x:  0.15830   4.09857   0.06346  
  6  0.0061 1073390.119065  x:  0.15831   4.09853   0.06346  
  7  0.0000 1073390.119065  x:  0.15831   4.09854   0.06346  
  8  0.0000 1073390.119065  x:  0.15831   4.09854   0.06346  
  9  0.0000 1073390.119065  x:  0.15831   4.09854   0.06346  
 10  0.0142 1073390.119065  x:  0.15831   4.09854   0.06346  
check convergence!


4 (And_hat) ... 3 (And_hae)
  0  0.0000 1070054.730718  x:  0.15661   3.41218   0.05516  
  1 99.0000 1070029.281562  x:  0.15185   3.41243   0.06010  
  2 7545.7520 1070027.574110  x:  0.15304   3.42430   0.06129  
  3 286.9869 1069934.580412  x:  0.15174   4.15871   0.06235  
  4 14306.3508 1069934.485251  x:  0.15209   4.16140   0.06253  
  5  0.0027 1069934.485165  x:  0.15208   4.16218   0.06254  
  6  0.0006 1069934.485164  x:  0.15208   4.16219   0.06254  
  7  0.0000 1069934.485164  x:  0.15208   4.16219   0.06254  

5 (And_mar) ... 1 (And_bic)
  0  0.0000 1034983.130987  x:  0.09119   3.55039   0.15139  
  1 99.0000 1033863.933257  x:  0.08956   3.55069   0.06471  
  2 18678.2063 1033853.007339  x:  0.09264   3.55064   0.06347  
  3 7634.7109 1033830.614648  x:  0.09251   3.17687   0.05997  
  4 111.2321 1033829.167523  x:  0.09268   3.14782   0.06185  
  5  0.0854 1033829.165801  x:  0.09269   3.15043   0.06182  
  6  0.0028 1033829.165778  x:  0.09269   3.15022   0.06181  
  7  0.0002 1033829.165778  x:  0.09269   3.15022   0.06181  
  8  0.0000 1033829.165778  x:  0.09269   3.15022   0.06181  
  9  0.0000 1033829.165778  x:  0.09269   3.15022   0.06181  
 10  0.0000 1033829.165778  x:  0.09269   3.15022   0.06181  
check convergence!


5 (And_mar) ... 2 (And_ful)
  0  0.0000 1080941.620208  x:  0.16712   2.78142   0.16219  
  1 99.0000 1078452.938546  x:  0.14284   2.78430   0.06696  
  2 38058.3572 1078210.348414  x:  0.15454   2.78498   0.05148  
  3 38972.2904 1077873.459172  x:  0.16011   3.88111   0.06155  
  4 730.2925 1077856.636811  x:  0.16486   3.79945   0.06312  
  5  0.1265 1077855.379812  x:  0.16538   3.78657   0.06164  
  6  0.0114 1077855.369782  x:  0.16536   3.77927   0.06163  
  7  0.0049 1077855.369710  x:  0.16535   3.77930   0.06163  
  8  0.0000 1077855.369710  x:  0.16535   3.77930   0.06163  
check convergence!


5 (And_mar) ... 3 (And_hae)
  0  0.0000 1073987.573447  x:  0.15356   3.45210   0.10310  
  1 99.0000 1073369.074965  x:  0.15432   3.45258   0.06109  
  2 24161.0183 1073366.231422  x:  0.15649   3.45269   0.06089  
  3 2651.4058 1073348.266090  x:  0.15656   3.75279   0.06279  
  4 126.0236 1073347.926567  x:  0.15656   3.75796   0.06201  
  5  0.0092 1073347.926431  x:  0.15657   3.75864   0.06201  
  6  0.0006 1073347.926431  x:  0.15656   3.75868   0.06201  
  7  0.0000 1073347.926431  x:  0.15656   3.75868   0.06201  

5 (And_mar) ... 4 (And_hat)
  0  0.0000 1050167.719832  x:  0.09808   3.25373   0.10249  
  1 99.0000 1049825.647760  x:  0.11700   3.25386   0.09456  
  2 35537.3505 1049639.788601  x:  0.11609   3.25429   0.06845  
  3 14363.6547 1049619.137038  x:  0.11597   3.61032   0.07078  
  4 126.1289 1049617.911140  x:  0.11495   3.60454   0.06988  
  5  0.0056 1049617.870123  x:  0.11484   3.60278   0.07018  
  6  0.0022 1049617.870114  x:  0.11484   3.60254   0.07018  

6 (And_tri) ... 1 (And_bic)
  0  0.0000 1051563.960859  x:  0.12122   3.19759   0.09936  
  1 99.0000 1051185.735217  x:  0.10920   3.19772   0.06816  
  2 20449.5564 1051095.461074  x:  0.11569   3.19774   0.05651  
  3 22171.7065 1051093.005109  x:  0.11559   3.09159   0.05588  
  4 44.3763 1051082.999469  x:  0.11797   3.06319   0.05894  
  5  0.0424 1051082.839612  x:  0.11827   3.06883   0.05853  
  6  0.0058 1051082.839371  x:  0.11827   3.06793   0.05851  
  7  0.0009 1051082.839371  x:  0.11827   3.06795   0.05851  

6 (And_tri) ... 2 (And_ful)
  0  0.0000 1074610.159905  x:  0.14408   2.75805   0.06295  
  1 99.0000 1074447.821174  x:  0.15964   2.75853   0.05755  
  2 20388.3213 1074445.486286  x:  0.15923   2.75900   0.05571  
  3 2395.9373 1074228.718527  x:  0.15908   3.67463   0.06030  
  4 595.5497 1074228.236984  x:  0.15930   3.67001   0.05939  
  5  0.0042 1074228.236657  x:  0.15932   3.66983   0.05938  
  6  0.0002 1074228.236656  x:  0.15932   3.66980   0.05938  
  7  0.0000 1074228.236655  x:  0.15932   3.66978   0.05938  

6 (And_tri) ... 3 (And_hae)
  0  0.0000 1073801.315646  x:  0.13449   3.20866   0.17453  
  1 99.0000 1071714.834284  x:  0.18820   3.21039   0.08187  
  2 38549.7044 1071173.488361  x:  0.18174   3.21095   0.05063  
  3 64786.8771 1071042.157161  x:  0.17869   4.06204   0.05593  
  4 347.6357 1070656.962444  x:  0.15258   3.79266   0.05940  
  5  0.3165 1070655.027208  x:  0.15268   3.68891   0.05918  
  6  0.0972 1070655.005664  x:  0.15272   3.68767   0.05898  
  7  0.0015 1070655.005653  x:  0.15272   3.68760   0.05898  
  8  0.0001 1070655.005653  x:  0.15272   3.68758   0.05898  
  9  0.0000 1070655.005653  x:  0.15272   3.68759   0.05898  
 10  0.0000 1070655.005653  x:  0.15272   3.68759   0.05898  
check convergence!


6 (And_tri) ... 4 (And_hat)
  0  0.0000 1049533.252070  x:  0.09914   3.44680   0.07381  
  1 99.0000 1049279.835323  x:  0.11544   3.44683   0.07141  
  2 32541.9337 1049265.297027  x:  0.11535   3.44690   0.06507  
  3 4404.0750 1049264.010982  x:  0.11534   3.53623   0.06547  
  4 29.3639 1049263.996590  x:  0.11531   3.53602   0.06529  
  5  0.0003 1049263.996497  x:  0.11530   3.53599   0.06529  
  6  0.0000 1049263.996497  x:  0.11530   3.53599   0.06529  
  7  0.0000 1049263.996497  x:  0.11530   3.53599   0.06529  

6 (And_tri) ... 5 (And_mar)
  0  0.0000 1049509.276650  x:  0.12267   3.09049   0.10508  
  1 99.0000 1049197.964265  x:  0.10625   3.09065   0.08747  
  2 24519.8207 1048991.874554  x:  0.11107   3.09086   0.06248  
  3 22116.4426 1048991.100391  x:  0.11111   3.15159   0.06290  
  4 25.2579 1048983.848704  x:  0.11378   3.13412   0.06418  
  5  0.0205 1048983.745317  x:  0.11390   3.13615   0.06369  
  6  0.0028 1048983.745304  x:  0.11389   3.13608   0.06369  

7 (Bom_pas) ... 1 (And_bic)
  0  0.0000 1320596.063276  x:  1.15439   2.78974   0.16275  
  1 99.0000 1302434.072266  x:  1.13622   2.79252   0.05126  
  2 199773.1290 1302341.727920  x:  1.09824   2.82350   0.05724  
  3 3919.9793 1301190.785773  x:  1.21990   4.12098   0.05552  
  4 3118.1939 1301029.291992  x:  1.14963   4.15071   0.05439  
  5  0.0963 1301028.509225  x:  1.14692   4.17625   0.05475  
  6  0.0203 1301028.415705  x:  1.14911   4.18738   0.05465  
  7  0.0084 1301028.414620  x:  1.14900   4.18767   0.05464  
  8  0.0003 1301028.414620  x:  1.14900   4.18767   0.05464  

7 (Bom_pas) ... 2 (And_ful)
  0  0.0000 1319802.094023  x:  1.44093   3.76675   0.11808  
  1 99.0000 1306085.547999  x:  1.43226   3.76760   0.04383  
  2 245159.1695 1305682.453619  x:  1.28715   3.79985   0.05741  
  3 6108.0989 1305424.086486  x:  1.36170   4.57259   0.05516  
  4 750.5903 1304979.926092  x:  1.20557   4.47572   0.05559  
  5  0.2609 1304953.450485  x:  1.23408   4.52747   0.05257  
  6  0.0702 1304952.941515  x:  1.22978   4.51874   0.05247  
  7  0.0111 1304952.938087  x:  1.22951   4.51598   0.05248  
  8  0.0022 1304952.938003  x:  1.22956   4.51581   0.05248  

7 (Bom_pas) ... 3 (And_hae)
  0  0.0000 1316662.024355  x:  1.29413   3.89630   0.14159  
  1 99.0000 1301103.026461  x:  1.28087   3.89727   0.04866  
  2 213635.3933 1300958.931123  x:  1.21667   3.90856   0.05648  
  3 4719.9361 1300845.566300  x:  1.25256   4.41229   0.05548  
  4 483.4278 1300621.912734  x:  1.14623   4.32206   0.05602  
  5  0.1935 1300617.225802  x:  1.15658   4.34741   0.05471  
  6  0.0291 1300617.174870  x:  1.15518   4.34558   0.05470  
  7  0.0026 1300617.174863  x:  1.15516   4.34550   0.05470  
  8  0.0001 1300617.174863  x:  1.15516   4.34549   0.05470  
  9  0.0000 1300617.174863  x:  1.15516   4.34549   0.05470  
 10  0.0000 1300617.174863  x:  1.15516   4.34549   0.05470  

7 (Bom_pas) ... 4 (And_hat)
  0  0.0000 1311874.978854  x:  1.02982   3.76478   0.14945  
  1 99.0000 1300964.549275  x:  1.02046   3.76561   0.05966  
  2 165172.5632 1300856.423584  x:  1.06356   3.76870   0.05393  
  3 4764.4361 1300707.599797  x:  1.09144   4.32916   0.05423  
  4 578.9967 1300598.179434  x:  1.14143   4.31956   0.05598  
  5  0.0875 1300593.357847  x:  1.15323   4.32887   0.05466  
  6  0.0126 1300593.312430  x:  1.15446   4.33681   0.05468  
  7  0.0067 1300593.312261  x:  1.15445   4.33720   0.05468  
  8  0.0004 1300593.312260  x:  1.15445   4.33720   0.05468  

7 (Bom_pas) ... 5 (And_mar)
  0  0.0000 1312348.135773  x:  1.27214   3.58490   0.12456  
  1 99.0000 1300435.899176  x:  1.26213   3.58579   0.04854  
  2 210872.9476 1300179.368888  x:  1.16389   3.60611   0.05909  
  3 5443.0198 1299999.646486  x:  1.21169   4.19410   0.05782  
  4 670.5618 1299762.792046  x:  1.11951   4.16088   0.05687  
  5  0.1489 1299756.157769  x:  1.13279   4.18154   0.05531  
  6  0.0283 1299756.123146  x:  1.13183   4.18071   0.05528  
  7  0.0014 1299756.123133  x:  1.13181   4.18067   0.05528  
  8  0.0000 1299756.123133  x:  1.13181   4.18067   0.05528  

7 (Bom_pas) ... 6 (And_tri)
  0  0.0000 1303509.434059  x:  1.02100   3.71809   0.09743  
  1 99.0000 1300505.365582  x:  1.01917   3.71834   0.05936  
  2 128171.0651 1300337.507785  x:  1.09339   3.72267   0.05316  
  3 4571.1685 1300228.781427  x:  1.11720   4.19298   0.05331  
  4 499.6681 1300193.709106  x:  1.13484   4.19214   0.05530  
  5  0.0312 1300192.167355  x:  1.14311   4.19180   0.05466  
  6  0.0065 1300192.163246  x:  1.14327   4.19484   0.05466  
  7  0.0026 1300192.163244  x:  1.14328   4.19485   0.05466  