

2 (And_ful) ... 1 (And_bic)
  0  0.0000 1029313.903736  x:  0.14303   1.48238   0.48933  
  1 99.0000 1025033.408207  x:  0.36685   1.56949   0.06646  
  2 35523.2258 1024435.500308  x:  0.37081   1.57450   0.03934  
  3 307877.0398 1013768.145727  x:  0.19089   7.29343   0.14116  
  4 5431.3677 1012412.842208  x:  0.14702   6.65979   0.10046  
  5  0.3214 1011556.531928  x:  0.15571   5.53768   0.05504  
  6  1.8327 1011319.233527  x:  0.17519   5.07158   0.06042  
  7  0.3833 1011146.580544  x:  0.17639   3.96078   0.05011  
  8  0.6212 1011034.381979  x:  0.16991   3.46621   0.05748  
  9  0.5454 1011020.101694  x:  0.16673   3.67080   0.05965  
 10  0.3192 1011019.789673  x:  0.16612   3.64496   0.05960  
 11  0.0290 1011019.788605  x:  0.16615   3.64308   0.05959  
 12  0.0018 1011019.788605  x:  0.16615   3.64308   0.05959  
 13  0.0000 1011019.788605  x:  0.16615   3.64308   0.05959  

3 (And_hae) ... 1 (And_bic)
  0  0.0000 1012014.037603  x:  0.13810   3.32573   0.17129  
  1 99.0000 1010301.604246  x:  0.19381   3.32689   0.09620  
  2 39109.7786 1009600.195910  x:  0.18861   3.32745   0.05567  
  3 58694.4926 1009545.781787  x:  0.18717   3.86868   0.05929  
  4 214.8096 1009202.617533  x:  0.16072   3.67196   0.06243  
  5  0.1994 1009202.139111  x:  0.16075   3.63301   0.06167  
  6  0.0395 1009202.127958  x:  0.16077   3.62804   0.06176  
  7  0.0070 1009202.127957  x:  0.16077   3.62804   0.06176  
  8  0.0000 1009202.127957  x:  0.16077   3.62803   0.06176  
  9  0.0000 1009202.127957  x:  0.16077   3.62803   0.06176  
 10  0.0000 1009202.127957  x:  0.16077   3.62803   0.06176  
check convergence!


3 (And_hae) ... 2 (And_ful)
  0  0.0000 1004275.496594  x:  0.15739   3.14366   0.09249  
  1 99.0000 1003929.199370  x:  0.14550   3.14431   0.06564  
  2 21346.4918 1003900.524971  x:  0.15076   3.14468   0.06042  
  3 8748.4278 1003775.887796  x:  0.15167   3.95421   0.06519  
  4 351.1698 1003775.686897  x:  0.15190   3.95620   0.06457  
  5  0.0021 1003775.683815  x:  0.15197   3.95672   0.06460  
  6  0.0006 1003775.683779  x:  0.15197   3.95721   0.06460  
  7  0.0003 1003775.683778  x:  0.15197   3.95722   0.06460  

4 (And_hat) ... 1 (And_bic)
  0  0.0000 989264.019621  x:  0.11882   3.54303   0.13629  
  1 99.0000 988228.930386  x:  0.12462   3.54361   0.06414  
  2 21674.4478 988224.865754  x:  0.12234   3.54361   0.06358  
  3 3533.4327 988224.797424  x:  0.12236   3.52326   0.06342  
  4  6.6123 988224.709753  x:  0.12228   3.51817   0.06386  
  5  0.0123 988224.709748  x:  0.12228   3.51826   0.06386  

4 (And_hat) ... 2 (And_ful)
  0  0.0000 1006524.624116  x:  0.14532   3.32667   0.09206  
  1 99.0000 1006083.885808  x:  0.16297   3.32721   0.06250  
  2 23753.4447 1006059.947825  x:  0.15878   3.32745   0.05771  
  3 8083.9630 1005984.868109  x:  0.15813   3.97134   0.06098  
  4 257.9414 1005984.485823  x:  0.15734   3.96700   0.06131  
  5  0.0056 1005984.484163  x:  0.15733   3.96580   0.06126  
  6  0.0012 1005984.484146  x:  0.15733   3.96548   0.06126  
  7  0.0003 1005984.484146  x:  0.15733   3.96548   0.06126  

4 (And_hat) ... 3 (And_hae)
  0  0.0000 1005253.018867  x:  0.15079   3.61155   0.12295  
  1 99.0000 1004274.101874  x:  0.14605   3.61229   0.06341  
  2 25722.3341 1004250.554560  x:  0.15211   3.61242   0.06106  
  3 8022.4039 1004224.885177  x:  0.15252   4.00953   0.06381  
  4 137.3568 1004224.852348  x:  0.15248   4.01173   0.06357  
  5  0.0045 1004224.852126  x:  0.15250   4.01137   0.06356  
  6  0.0003 1004224.852126  x:  0.15250   4.01131   0.06356  
  7  0.0000 1004224.852126  x:  0.15250   4.01134   0.06356  

5 (And_mar) ... 1 (And_bic)
  0  0.0000 970751.612075  x:  0.09079   3.45454   0.15424  
  1 99.0000 969635.331886  x:  0.09053   3.45507   0.06438  
  2 17788.5887 969631.546789  x:  0.09244   3.45503   0.06395  
  3 4123.9841 969621.441538  x:  0.09241   3.19966   0.06137  
  4 74.9729 969621.076276  x:  0.09245   3.18428   0.06235  
  5  0.0454 969621.076170  x:  0.09244   3.18399   0.06233  
  6  0.0003 969621.076169  x:  0.09244   3.18404   0.06233  

5 (And_mar) ... 2 (And_ful)
  0  0.0000 1012148.797321  x:  0.13398   2.87350   0.12099  
  1 99.0000 1010930.857468  x:  0.17866   2.87438   0.08503  
  2 46010.5792 1010528.202695  x:  0.17459   2.87513   0.05600  
  3 32002.5420 1010372.263026  x:  0.17334   3.67474   0.06163  
  4 447.4417 1010326.106786  x:  0.16402   3.65338   0.06031  
  5  0.0211 1010325.707935  x:  0.16383   3.64127   0.06109  
  6  0.0154 1010325.694238  x:  0.16386   3.63320   0.06102  
  7  0.0059 1010325.694221  x:  0.16386   3.63313   0.06102  

5 (And_mar) ... 3 (And_hae)
  0  0.0000 1007634.293096  x:  0.14742   3.41625   0.07832  
  1 99.0000 1007516.890932  x:  0.15827   3.41637   0.06596  
  2 14062.4469 1007511.021211  x:  0.15642   3.41643   0.06323  
  3 3755.0065 1007507.931008  x:  0.15639   3.54203   0.06380  
  4 50.8742 1007507.839524  x:  0.15605   3.53981   0.06404  
  5  0.0025 1007507.839498  x:  0.15604   3.53952   0.06404  
  6  0.0003 1007507.839498  x:  0.15604   3.53952   0.06404  

5 (And_mar) ... 4 (And_hat)
  0  0.0000 985981.560407  x:  0.10884   3.24031   0.11949  
  1 99.0000 985551.297521  x:  0.12899   3.24072   0.08441  
  2 21208.4142 985347.990834  x:  0.12320   3.24099   0.06119  
  3 31807.6930 985338.891958  x:  0.12284   3.47538   0.06273  
  4 80.2200 985305.405872  x:  0.11669   3.41579   0.06615  
  5  0.0750 985305.297754  x:  0.11653   3.41393   0.06566  
  6  0.0023 985305.297224  x:  0.11654   3.41223   0.06565  
  7  0.0016 985305.297224  x:  0.11654   3.41223   0.06565  
  8  0.0000 985305.297224  x:  0.11654   3.41223   0.06565  
  9  0.0000 985305.297224  x:  0.11654   3.41223   0.06565  

6 (And_tri) ... 1 (And_bic)
  0  0.0000 989027.581655  x:  0.12726   3.23538   0.19120  
  1 99.0000 988245.427693  x:  0.09983   3.23574   0.15424  
  2 31318.6164 986624.623072  x:  0.10346   3.23655   0.06055  
  3 62187.7962 986620.277249  x:  0.10332   3.09516   0.05902  
  4 51.1926 986418.150628  x:  0.11834   2.95661   0.06067  
  5  0.1707 986416.282591  x:  0.11860   2.99376   0.05896  
  6  0.1109 986416.257275  x:  0.11863   3.00359   0.05908  
  7  0.0113 986416.257167  x:  0.11863   3.00363   0.05907  
  8  0.0000 986416.257166  x:  0.11864   3.00361   0.05907  

6 (And_tri) ... 2 (And_ful)
  0  0.0000 1008044.402265  x:  0.15702   2.86013   0.12927  
  1 99.0000 1006545.112441  x:  0.14538   2.86169   0.05869  
  2 31957.3326 1006474.136989  x:  0.15469   2.86206   0.05263  
  3 15336.9993 1006357.078996  x:  0.15656   3.52604   0.05866  
  4 395.2203 1006356.949032  x:  0.15701   3.52314   0.05843  
  5  0.0027 1006356.947859  x:  0.15699   3.52340   0.05839  
  6  0.0005 1006356.947835  x:  0.15699   3.52306   0.05839  
  7  0.0002 1006356.947835  x:  0.15699   3.52306   0.05839  

6 (And_tri) ... 3 (And_hae)
  0  0.0000 1007717.022372  x:  0.13405   3.33263   0.19174  
  1 99.0000 1005689.474243  x:  0.19079   3.33416   0.08959  
  2 34886.9072 1005089.854678  x:  0.18480   3.33464   0.05348  
  3 70552.9611 1005033.988662  x:  0.18271   3.91296   0.05719  
  4 205.1736 1004516.676920  x:  0.15136   3.56969   0.06208  
  5  0.3981 1004515.688771  x:  0.15147   3.50577   0.06120  
  6  0.0666 1004515.687989  x:  0.15149   3.50625   0.06117  
  7  0.0006 1004515.687985  x:  0.15150   3.50614   0.06117  
  8  0.0001 1004515.687984  x:  0.15150   3.50614   0.06117  
  9  0.0000 1004515.687984  x:  0.15150   3.50613   0.06117  
 10  0.0000 1004515.687984  x:  0.15150   3.50613   0.06117  
check convergence!


6 (And_tri) ... 4 (And_hat)
  0  0.0000 985469.965928  x:  0.12172   3.28810   0.16458  
  1 99.0000 984810.798930  x:  0.09764   3.28856   0.12826  
  2 27982.6837 983826.031134  x:  0.10251   3.28935   0.06051  
  3 59410.6485 983819.205762  x:  0.10279   3.49024   0.06230  
  4 65.9488 983691.138540  x:  0.11467   3.35118   0.06314  
  5  0.1548 983690.467230  x:  0.11479   3.36989   0.06195  
  6  0.0407 983690.464662  x:  0.11481   3.37368   0.06197  
  7  0.0038 983690.464659  x:  0.11481   3.37363   0.06197  

6 (And_tri) ... 5 (And_mar)
  0  0.0000 984818.054694  x:  0.09440   2.93321   0.09325  
  1 99.0000 984395.830965  x:  0.11581   2.93327   0.08553  
  2 39964.1837 984231.186261  x:  0.11506   2.93344   0.06196  
  3 13652.5251 984231.165565  x:  0.11505   2.94297   0.06203  
  4  3.9528 984230.169809  x:  0.11395   2.94094   0.06217  
  5  0.0021 984230.169449  x:  0.11395   2.94102   0.06214  
  6  0.0001 984230.169448  x:  0.11395   2.94101   0.06214  

7 (Bom_pas) ... 1 (And_bic)
  0  0.0000 1246597.216107  x:  1.27505   2.96045   0.16393  
  1 99.0000 1227217.175202  x:  1.25553   2.96299   0.04895  
  2 201702.3872 1227069.709764  x:  1.20148   2.98469   0.05701  
  3 5430.6024 1226358.926639  x:  1.30116   4.07597   0.05571  
  4 1673.6732 1225986.512498  x:  1.16063   4.05089   0.05661  
  5  0.1599 1225983.689846  x:  1.17021   4.08957   0.05565  
  6  0.0366 1225983.501416  x:  1.16843   4.10198   0.05572  
  7  0.0112 1225983.488251  x:  1.16898   4.10548   0.05574  
  8  0.0032 1225983.488247  x:  1.16899   4.10554   0.05574  

7 (Bom_pas) ... 2 (And_ful)
  0  0.0000 1246231.184446  x:  1.48050   3.55847   0.12803  
  1 99.0000 1230661.163587  x:  1.46993   3.55962   0.04384  
  2 236705.0550 1230291.146980  x:  1.33441   3.59339   0.05763  
  3 6148.5949 1229953.323160  x:  1.42349   4.46852   0.05516  
  4 883.8654 1229363.187102  x:  1.21777   4.32506   0.05746  
  5  0.3244 1229326.883577  x:  1.25206   4.40822   0.05376  
  6  0.0997 1229325.528225  x:  1.24447   4.40348   0.05366  
  7  0.0110 1229325.526646  x:  1.24422   4.40335   0.05369  
  8  0.0003 1229325.526634  x:  1.24423   4.40353   0.05369  

7 (Bom_pas) ... 3 (And_hae)
  0  0.0000 1252573.754918  x:  1.37463   3.61732   0.18738  
  1 99.0000 1227178.254325  x:  1.34800   3.61960   0.04789  
  2 203151.8253 1227069.350135  x:  1.30800   3.62794   0.05449  
  3 5675.0005 1226820.709408  x:  1.36428   4.39687   0.05345  
  4 749.1276 1226318.067193  x:  1.16626   4.18548   0.05769  
  5  0.2769 1226312.234441  x:  1.17666   4.24659   0.05633  
  6  0.0543 1226312.078144  x:  1.17378   4.24520   0.05636  
  7  0.0044 1226312.078112  x:  1.17377   4.24540   0.05636  
  8  0.0002 1226312.078112  x:  1.17377   4.24542   0.05636  

7 (Bom_pas) ... 4 (And_hat)
  0  0.0000 1226287.810790  x:  1.21574   3.69324   0.05583  
  1 99.0000 1226250.092438  x:  1.21530   3.69335   0.05270  
  2 23262.1153 1226153.075664  x:  1.14107   3.71721   0.05603  
  3 2405.0304 1226021.439900  x:  1.18606   4.24626   0.05551  
  4 561.5821 1226020.890987  x:  1.18176   4.24884   0.05545  
  5  0.0049 1226020.890864  x:  1.18183   4.24919   0.05545  
  6  0.0003 1226020.890863  x:  1.18183   4.24923   0.05545  

7 (Bom_pas) ... 5 (And_mar)
  0  0.0000 1240264.799183  x:  1.11808   3.53348   0.16939  
  1 99.0000 1225366.906327  x:  1.10131   3.53490   0.05751  
  2 168123.1110 1225360.524813  x:  1.11222   3.54758   0.05596  
  3 747.3486 1225219.624959  x:  1.13600   4.06335   0.05712  
  4 1517.8951 1225217.121859  x:  1.14733   4.06526   0.05691  
  5  0.0156 1225217.030009  x:  1.14818   4.06714   0.05672  
  6  0.0021 1225217.029709  x:  1.14825   4.06795   0.05672  
  7  0.0007 1225217.029709  x:  1.14825   4.06795   0.05672  

7 (Bom_pas) ... 6 (And_tri)
  0  0.0000 1240938.129033  x:  1.22165   3.69952   0.15802  
  1 99.0000 1225496.636804  x:  1.20576   3.70071   0.05300  
  2 184912.8237 1225465.611083  x:  1.18005   3.70716   0.05661  
  3 2389.6422 1225384.367353  x:  1.20792   4.11698   0.05608  
  4 431.5718 1225334.182546  x:  1.15977   4.09078   0.05612  
  5  0.0755 1225334.068145  x:  1.16076   4.09498   0.05592  
  6  0.0043 1225334.067906  x:  1.16069   4.09542   0.05592  
  7  0.0004 1225334.067903  x:  1.16070   4.09549   0.05592  