Supplemental results for CODEML (seqf: /home/yzliu/eDNA/faststorage/yzliu/DK_proj/data/ref_genome/ref_annotation/primary_transcripts/extracted_cds_new/new_transcript_id_8_bom_apis/bootstraps/cat.out.OG_cds_8_species_same_header_fas.shuf_211OG_736.phy  treef: xxx.trees)


pairwise comparison (Goldman & Yang 1994)
seq seq        N       S       dN       dS     dN/dS   Paras.
  2   1 160708.9  55303.1   0.0641   0.5816   0.1102   0.5898   3.7805   0.1102 -385894.777
  3   1 160600.9  55411.1   0.0639   0.6056   0.1055   0.6085   3.8377   0.1055 -386465.124
  3   2 156891.4  59120.6   0.0156   0.1094   0.1426   0.1238   5.1379   0.1426 -325576.312
  4   1 160949.6  55062.4   0.0626   0.5905   0.1060   0.5915   3.8030   0.1060 -385081.056
  4   2 157041.0  58971.0   0.0144   0.1011   0.1425   0.1143   5.2434   0.1425 -323244.826
  4   3 157047.5  58964.5   0.0086   0.0615   0.1393   0.0690   5.2296   0.1393 -312265.337
  5   1 160878.4  55133.6   0.0635   0.6025   0.1054   0.6032   3.8401   0.1054 -385814.072
  5   2 157025.7  58986.3   0.0157   0.1073   0.1461   0.1221   5.2524   0.1461 -324992.880
  5   3 157250.2  58761.8   0.0095   0.0645   0.1468   0.0733   5.0554   0.1468 -313470.449
  5   4 157130.1  58881.9   0.0087   0.0609   0.1424   0.0687   5.4007   0.1424 -311917.234
  6   1 160855.2  55156.8   0.0637   0.6007   0.1061   0.6025   3.8281   0.1061 -385931.113
  6   2 156866.0  59146.0   0.0163   0.1082   0.1502   0.1243   5.3553   0.1502 -325545.211
  6   3 156823.2  59188.8   0.0102   0.0643   0.1588   0.0751   5.3849   0.1588 -314033.879
  6   4 156677.4  59334.6   0.0096   0.0611   0.1564   0.0711   5.7921   0.1564 -312683.532
  6   5 156695.5  59316.5   0.0032   0.0203   0.1576   0.0237   5.7688   0.1576 -298388.095
  7   1 160999.3  55012.7   0.0639   0.5970   0.1071   0.5990   3.8165   0.1071 -385873.341
  7   2 156962.8  59049.2   0.0163   0.1094   0.1492   0.1253   5.3733   0.1492 -325766.604
  7   3 156769.4  59242.6   0.0095   0.0657   0.1450   0.0749   5.5418   0.1450 -313712.679
  7   4 156801.0  59211.0   0.0089   0.0627   0.1422   0.0710   5.7893   0.1422 -312457.426
  7   5 156886.1  59125.9   0.0090   0.0593   0.1520   0.0683   5.6989   0.1520 -311828.911
  7   6 156496.6  59515.4   0.0099   0.0588   0.1689   0.0702   6.0541   0.1689 -312502.775
  8   1 160841.2  55170.8   0.0635   0.6005   0.1058   0.6020   3.8204   0.1058 -385858.612
  8   2 156802.3  59209.7   0.0157   0.1071   0.1466   0.1223   5.3877   0.1466 -325036.114
  8   3 157004.9  59007.1   0.0095   0.0633   0.1493   0.0725   5.2023   0.1493 -313292.203
  8   4 156756.2  59255.8   0.0088   0.0605   0.1454   0.0690   5.6858   0.1454 -312021.303
  8   5 157172.9  58839.1   0.0024   0.0192   0.1257   0.0209   5.2937   0.1257 -297325.861
  8   6 155824.4  60187.6   0.0031   0.0192   0.1613   0.0227   6.6589   0.1613 -298053.786
  8   7 156554.2  59457.8   0.0091   0.0585   0.1550   0.0680   5.9625   0.1550 -311807.407

