

2 (Bom_con) ... 1 (Apis_mel)
  0  0.0000 396591.567095  x:  0.48600   1.41984   0.49491  
  1 99.0000 388381.089579  x:  0.46510   1.51789   0.10531  
  2 20928.6129 388109.913085  x:  0.51606   1.54157   0.08279  
  3 10384.1972 386591.131741  x:  0.61250   2.45737   0.12845  
  4 4999.1853 386069.680306  x:  0.53644   3.05091   0.11593  
  5  1.0364 385908.973636  x:  0.60039   3.56024   0.10868  
  6  0.2018 385896.239114  x:  0.58878   3.73810   0.10800  
  7  0.1043 385894.785140  x:  0.58987   3.77598   0.11027  
  8  0.0249 385894.777493  x:  0.58970   3.78015   0.11019  
  9  0.0038 385894.777412  x:  0.58975   3.78053   0.11019  
 10  0.0003 385894.777412  x:  0.58976   3.78052   0.11019  

3 (Bom_hor) ... 1 (Apis_mel)
  0  0.0000 387258.476427  x:  0.48367   3.35279   0.15919  
  1 99.0000 386762.402643  x:  0.51431   3.35367   0.10701  
  2 13867.8650 386517.636390  x:  0.59381   3.35527   0.11022  
  3 8399.3262 386478.342441  x:  0.59762   3.80088   0.11295  
  4 188.6250 386465.336861  x:  0.60570   3.82281   0.10554  
  5  0.0336 386465.124226  x:  0.60850   3.83786   0.10543  
  6  0.0119 386465.124056  x:  0.60846   3.83771   0.10546  
  7  0.0002 386465.124056  x:  0.60846   3.83768   0.10546  
  8  0.0000 386465.124056  x:  0.60846   3.83768   0.10546  
  9  0.0000 386465.124056  x:  0.60846   3.83768   0.10546  

3 (Bom_hor) ... 2 (Bom_con)
  0  0.0000 325727.477914  x:  0.11848   3.54790   0.10391  
  1 99.0000 325687.620072  x:  0.12889   3.54828   0.11630  
  2 5092.5363 325667.049050  x:  0.12273   3.54918   0.13250  
  3 3256.5842 325576.938949  x:  0.12235   5.13897   0.14132  
  4 141.6786 325576.323500  x:  0.12386   5.13959   0.14206  
  5  0.0017 325576.311791  x:  0.12380   5.13909   0.14258  
  6  0.0005 325576.311758  x:  0.12380   5.13794   0.14258  
  7  0.0006 325576.311757  x:  0.12380   5.13791   0.14258  
  8  0.0000 325576.311757  x:  0.12380   5.13792   0.14258  

4 (Bom_hyp) ... 1 (Apis_mel)
  0  0.0000 386788.327565  x:  0.54995   4.39132   0.23171  
  1 99.0000 385237.115016  x:  0.53934   4.39104   0.11535  
  2 19416.8116 385147.301729  x:  0.58770   4.38837   0.10149  
  3 3762.6699 385103.474712  x:  0.57959   3.82724   0.09947  
  4 144.7987 385081.180526  x:  0.58981   3.78397   0.10631  
  5  0.1266 385081.059814  x:  0.59132   3.80589   0.10613  
  6  0.0249 385081.055602  x:  0.59156   3.80299   0.10604  
  7  0.0029 385081.055595  x:  0.59155   3.80301   0.10604  
  8  0.0000 385081.055595  x:  0.59155   3.80301   0.10604  

4 (Bom_hyp) ... 2 (Bom_con)
  0  0.0000 323412.601826  x:  0.11046   3.51642   0.17866  
  1 99.0000 323384.033255  x:  0.12016   3.51751   0.16182  
  2 3013.1247 323343.318344  x:  0.11640   3.51964   0.13101  
  3 6721.3553 323246.064480  x:  0.11557   5.22720   0.14680  
  4 143.9504 323244.828960  x:  0.11427   5.23237   0.14251  
  5  0.0072 323244.826448  x:  0.11427   5.24268   0.14246  
  6  0.0055 323244.826364  x:  0.11427   5.24335   0.14251  
  7  0.0007 323244.826363  x:  0.11427   5.24335   0.14251  
  8  0.0000 323244.826363  x:  0.11427   5.24335   0.14251  
  9  0.0000 323244.826363  x:  0.11427   5.24335   0.14251  
 10  0.0000 323244.826363  x:  0.11427   5.24335   0.14251  
 11  0.0137 323244.826363  x:  0.11427   5.24335   0.14251  
 12  0.9441 323244.826363  x:  0.11427   5.24335   0.14251  
 13  0.0136 323244.826363  x:  0.11427   5.24335   0.14251  
 14  0.0020 323244.826363  x:  0.11427   5.24335   0.14251  
 15  0.0117 323244.826363  x:  0.11427   5.24335   0.14251  
 16  3.7738 323244.826363  x:  0.11427   5.24335   0.14251  
check convergence!


4 (Bom_hyp) ... 3 (Bom_hor)
  0  0.0000 312479.692645  x:  0.05784   4.25532   0.22887  
  1 99.0000 312415.990640  x:  0.06873   4.25537   0.22679  
  2 12237.3335 312280.781763  x:  0.06907   4.25768   0.13454  
  3 2432.2377 312265.817376  x:  0.06900   5.19516   0.14361  
  4 35.9064 312265.339035  x:  0.06902   5.21865   0.13924  
  5  0.0418 312265.337470  x:  0.06901   5.22961   0.13930  
  6  0.0077 312265.337469  x:  0.06901   5.22959   0.13930  
  7  0.0000 312265.337469  x:  0.06901   5.22958   0.13930  
  8  0.0000 312265.337469  x:  0.06901   5.22958   0.13930  
check convergence!


5 (Bom_mus) ... 1 (Apis_mel)
  0  0.0000 386089.021583  x:  0.52292   4.38846   0.11408  
  1 99.0000 385945.310131  x:  0.57126   4.38669   0.12563  
  2 5975.6627 385858.089746  x:  0.60433   4.38504   0.10577  
  3 8725.5170 385814.986121  x:  0.59832   3.83628   0.10487  
  4 146.2046 385814.089294  x:  0.60260   3.83946   0.10562  
  5  0.0049 385814.072273  x:  0.60315   3.84028   0.10537  
  6  0.0012 385814.072270  x:  0.60315   3.84014   0.10537  

5 (Bom_mus) ... 2 (Bom_con)
  0  0.0000 325321.502276  x:  0.10357   3.47023   0.09421  
  1 99.0000 325155.785287  x:  0.12699   3.47048   0.10671  
  2 13441.3247 325105.127197  x:  0.12102   3.47157   0.13545  
  3 4113.1881 324993.551672  x:  0.12052   5.25511   0.14517  
  4 160.6667 324992.890795  x:  0.12211   5.25439   0.14560  
  5  0.0015 324992.880250  x:  0.12207   5.25370   0.14612  
  6  0.0005 324992.880214  x:  0.12207   5.25246   0.14611  
  7  0.0006 324992.880213  x:  0.12207   5.25242   0.14612  
  8  0.0000 324992.880213  x:  0.12207   5.25243   0.14612  
  9  0.0000 324992.880213  x:  0.12207   5.25243   0.14612  
check convergence!


5 (Bom_mus) ... 3 (Bom_hor)
  0  0.0000 313525.973495  x:  0.07060   4.38579   0.19231  
  1 99.0000 313520.028825  x:  0.07427   4.38586   0.18952  
  2 2649.8778 313478.442860  x:  0.07383   4.38697   0.14315  
  3 2471.0871 313470.580291  x:  0.07375   5.05035   0.14827  
  4 25.7392 313470.452299  x:  0.07342   5.05457   0.14651  
  5  0.0054 313470.448630  x:  0.07335   5.05518   0.14676  
  6  0.0008 313470.448629  x:  0.07335   5.05539   0.14676  
  7  0.0002 313470.448629  x:  0.07335   5.05540   0.14676  
  8  0.0000 313470.448629  x:  0.07335   5.05540   0.14676  
  9  0.0072 313470.448629  x:  0.07335   5.05540   0.14676  

5 (Bom_mus) ... 4 (Bom_hyp)
  0  0.0000 312015.189692  x:  0.06923   4.13853   0.19953  
  1 99.0000 312005.178837  x:  0.06503   4.13879   0.19168  
  2 2188.4217 311943.866054  x:  0.06735   4.14070   0.13544  
  3 7325.5007 311918.192778  x:  0.06749   5.38250   0.14602  
  4 48.0829 311917.256400  x:  0.06855   5.39487   0.14170  
  5  0.0147 311917.234411  x:  0.06869   5.39773   0.14243  
  6  0.0036 311917.234293  x:  0.06870   5.40047   0.14241  
  7  0.0019 311917.234289  x:  0.06869   5.40075   0.14242  

6 (Bom_pas) ... 1 (Apis_mel)
  0  0.0000 386398.741589  x:  0.58832   4.39337   0.15799  
  1 99.0000 385995.830842  x:  0.58398   4.39305   0.11064  
  2 14406.1289 385976.842874  x:  0.61048   4.38988   0.10549  
  3 1461.7564 385932.025169  x:  0.60231   3.83195   0.10428  
  4 150.0866 385931.116873  x:  0.60283   3.82741   0.10601  
  5  0.0086 385931.113440  x:  0.60249   3.82827   0.10607  
  6  0.0009 385931.113435  x:  0.60248   3.82811   0.10607  
  7  0.0002 385931.113435  x:  0.60248   3.82811   0.10607  

6 (Bom_pas) ... 2 (Bom_con)
  0  0.0000 325917.178816  x:  0.10352   3.23137   0.19117  
  1 99.0000 325795.802937  x:  0.12427   3.23181   0.18624  
  2 12211.7407 325715.020954  x:  0.12449   3.23604   0.13745  
  3 3057.5542 325549.718295  x:  0.12420   5.24592   0.16077  
  4 217.2734 325545.324383  x:  0.12431   5.28334   0.15005  
  5  0.0441 325545.215094  x:  0.12433   5.35218   0.14988  
  6  0.0312 325545.210640  x:  0.12433   5.35526   0.15024  
  7  0.0032 325545.210640  x:  0.12433   5.35526   0.15024  
  8  0.0000 325545.210639  x:  0.12433   5.35526   0.15023  
  9  0.0794 325545.210639  x:  0.12433   5.35526   0.15023  
check convergence!


6 (Bom_pas) ... 3 (Bom_hor)
  0  0.0000 314165.293149  x:  0.06065   4.48610   0.18348  
  1 99.0000 314062.686083  x:  0.07492   4.48613   0.18263  
  2 15483.5708 314047.036484  x:  0.07509   4.48726   0.15408  
  3 1019.7578 314033.940790  x:  0.07504   5.38071   0.16050  
  4 32.6878 314033.879725  x:  0.07510   5.38289   0.15881  
  5  0.0032 314033.879483  x:  0.07512   5.38474   0.15883  
  6  0.0015 314033.879483  x:  0.07512   5.38488   0.15883  
  7  0.0001 314033.879483  x:  0.07512   5.38490   0.15883  

6 (Bom_pas) ... 4 (Bom_hyp)
  0  0.0000 312713.729174  x:  0.06983   4.39631   0.14192  
  1 99.0000 312712.616390  x:  0.07139   4.39637   0.14236  
  2 1399.6848 312711.365868  x:  0.07120   4.39733   0.14971  
  3 369.2104 312683.553186  x:  0.07110   5.79180   0.15742  
  4 47.9548 312683.532094  x:  0.07113   5.79072   0.15641  
  5  0.0013 312683.532064  x:  0.07113   5.79181   0.15640  
  6  0.0009 312683.532062  x:  0.07113   5.79213   0.15640  
  7  0.0002 312683.532062  x:  0.07113   5.79213   0.15640  
  8  0.0000 312683.532062  x:  0.07113   5.79213   0.15640  
  9  0.2770 312683.532062  x:  0.07113   5.79213   0.15640  
check convergence!


6 (Bom_pas) ... 5 (Bom_mus)
  0  0.0000 298428.120113  x:  0.01965   4.56126   0.18244  
  1 99.0000 298400.994143  x:  0.02372   4.56126   0.18234  
  2 14245.0636 298394.943157  x:  0.02375   4.56259   0.15172  
  3 362.1998 298388.145213  x:  0.02371   5.76365   0.16029  
  4 13.0910 298388.094774  x:  0.02371   5.76544   0.15760  
  5  0.0037 298388.094733  x:  0.02371   5.76867   0.15759  
  6  0.0021 298388.094732  x:  0.02371   5.76881   0.15760  
  7  0.0001 298388.094732  x:  0.02371   5.76881   0.15760  
check convergence!


7 (Bom_syl) ... 1 (Apis_mel)
  0  0.0000 386277.621766  x:  0.51011   4.66824   0.12148  
  1 99.0000 385997.345177  x:  0.60104   4.66452   0.12010  
  2 6646.2698 385969.812268  x:  0.60872   4.66370   0.10853  
  3 5545.3949 385873.403855  x:  0.60020   3.81840   0.10729  
  4 205.6015 385873.342640  x:  0.59926   3.81648   0.10701  
  5  0.0020 385873.340567  x:  0.59904   3.81649   0.10709  
  6  0.0003 385873.340566  x:  0.59904   3.81654   0.10709  

7 (Bom_syl) ... 2 (Bom_con)
  0  0.0000 325928.887037  x:  0.12584   3.28949   0.13378  
  1 99.0000 325928.396358  x:  0.12453   3.29046   0.13517  
  2 455.5332 325927.590367  x:  0.12521   3.29383   0.13912  
  3 626.6765 325766.855622  x:  0.12523   5.36571   0.15173  
  4 357.6882 325766.605264  x:  0.12532   5.36571   0.14920  
  5  0.0021 325766.604021  x:  0.12531   5.37151   0.14911  
  6  0.0033 325766.603848  x:  0.12532   5.37334   0.14917  
  7  0.0014 325766.603848  x:  0.12532   5.37335   0.14917  

7 (Bom_syl) ... 3 (Bom_hor)
  0  0.0000 313773.867195  x:  0.06593   4.53529   0.12554  
  1 99.0000 313733.484775  x:  0.07519   4.53533   0.12656  
  2 9087.0341 313728.115798  x:  0.07491   4.53586   0.14062  
  3 820.3136 313712.682853  x:  0.07485   5.54429   0.14544  
  4 34.6466 313712.678508  x:  0.07485   5.54169   0.14501  
  5  0.0022 313712.678508  x:  0.07485   5.54181   0.14501  
  6  0.0001 313712.678508  x:  0.07485   5.54177   0.14501  
  7  0.0000 313712.678508  x:  0.07485   5.54178   0.14501  

7 (Bom_syl) ... 4 (Bom_hyp)
  0  0.0000 312507.732785  x:  0.06687   4.66811   0.17324  
  1 99.0000 312498.789797  x:  0.07124   4.66816   0.17171  
  2 3987.0372 312473.977429  x:  0.07122   4.66926   0.13736  
  3 1469.5181 312457.546968  x:  0.07113   5.77763   0.14433  
  4 33.6201 312457.426194  x:  0.07106   5.78399   0.14215  
  5  0.0081 312457.425582  x:  0.07103   5.78829   0.14219  
  6  0.0037 312457.425568  x:  0.07103   5.78927   0.14219  
  7  0.0007 312457.425568  x:  0.07103   5.78929   0.14219  
  8  0.0000 312457.425568  x:  0.07103   5.78929   0.14219  
check convergence!


7 (Bom_syl) ... 5 (Bom_mus)
  0  0.0000 311999.431406  x:  0.07168   4.82803   0.25645  
  1 99.0000 311984.976759  x:  0.06626   4.82809   0.25333  
  2 4503.8727 311838.825553  x:  0.06742   4.83018   0.14834  
  3 2893.1625 311829.531860  x:  0.06747   5.70015   0.15606  
  4 24.2309 311828.958238  x:  0.06803   5.71084   0.15143  
  5  0.0182 311828.910624  x:  0.06830   5.70156   0.15210  
  6  0.0113 311828.910526  x:  0.06830   5.69917   0.15204  
  7  0.0020 311828.910524  x:  0.06830   5.69888   0.15205  
  8  0.0003 311828.910523  x:  0.06830   5.69896   0.15205  
  9  0.0000 311828.910523  x:  0.06830   5.69891   0.15205  
 10  0.0001 311828.910523  x:  0.06830   5.69892   0.15205  
 11  0.0000 311828.910523  x:  0.06830   5.69892   0.15205  
 12  0.0000 311828.910523  x:  0.06830   5.69892   0.15205  
 13  0.0158 311828.910523  x:  0.06830   5.69892   0.15205  
check convergence!


7 (Bom_syl) ... 6 (Bom_pas)
  0  0.0000 312751.000147  x:  0.05496   4.49003   0.24682  
  1 99.0000 312628.831473  x:  0.06978   4.49009   0.24534  
  2 17891.8651 312534.667769  x:  0.07010   4.49312   0.16116  
  3 1871.9269 312503.661285  x:  0.07003   5.99076   0.17563  
  4 48.8776 312502.785344  x:  0.07012   6.02334   0.16875  
  5  0.0499 312502.775383  x:  0.07019   6.05279   0.16883  
  6  0.0184 312502.775271  x:  0.07017   6.05399   0.16889  
  7  0.0010 312502.775267  x:  0.07017   6.05411   0.16888  

8 (Bom_vet) ... 1 (Apis_mel)
  0  0.0000 387553.647522  x:  0.57841   4.94345   0.22458  
  1 99.0000 386096.243602  x:  0.56361   4.94257   0.11509  
  2 19573.8836 386029.985900  x:  0.60636   4.93841   0.10243  
  3 3065.1049 385876.639631  x:  0.59074   3.82256   0.09987  
  4 241.1570 385858.713900  x:  0.60154   3.80092   0.10611  
  5  0.0625 385858.617959  x:  0.60198   3.82294   0.10589  
  6  0.0300 385858.612422  x:  0.60197   3.82040   0.10576  
  7  0.0026 385858.612420  x:  0.60198   3.82037   0.10576  

8 (Bom_vet) ... 2 (Bom_con)
  0  0.0000 325264.001460  x:  0.10525   3.37556   0.12771  
  1 99.0000 325180.019181  x:  0.12246   3.37586   0.12942  
  2 10247.7730 325178.028400  x:  0.12216   3.37805   0.13609  
  3 587.9479 325036.440554  x:  0.12207   5.36929   0.14943  
  4 207.2943 325036.117424  x:  0.12229   5.37473   0.14661  
  5  0.0049 325036.113922  x:  0.12227   5.38563   0.14651  
  6  0.0059 325036.113602  x:  0.12227   5.38768   0.14659  
  7  0.0017 325036.113599  x:  0.12228   5.38773   0.14659  
  8  0.0000 325036.113599  x:  0.12228   5.38773   0.14659  
  9  0.0000 325036.113599  x:  0.12228   5.38773   0.14659  
 10  0.0000 325036.113599  x:  0.12228   5.38773   0.14659  

8 (Bom_vet) ... 3 (Bom_hor)
  0  0.0000 313355.374608  x:  0.06229   4.40449   0.14342  
  1 99.0000 313302.927998  x:  0.07255   4.40452   0.14360  
  2 10792.2580 313302.849976  x:  0.07253   4.40522   0.14542  
  3 80.8388 313292.206073  x:  0.07248   5.20600   0.14971  
  4 33.9980 313292.202568  x:  0.07248   5.20277   0.14931  
  5  0.0030 313292.202565  x:  0.07248   5.20232   0.14931  
  6  0.0003 313292.202565  x:  0.07248   5.20230   0.14931  
  7  0.0000 313292.202564  x:  0.07248   5.20231   0.14931  

8 (Bom_vet) ... 4 (Bom_hyp)
  0  0.0000 312062.681523  x:  0.07365   4.24961   0.14576  
  1 99.0000 312052.625818  x:  0.06895   4.24967   0.14533  
  2 4166.9397 312051.504675  x:  0.06907   4.25082   0.13849  
  3 316.6854 312021.395803  x:  0.06896   5.67893   0.14747  
  4 51.4070 312021.303240  x:  0.06899   5.68089   0.14546  
  5  0.0027 312021.302972  x:  0.06898   5.68528   0.14543  
  6  0.0029 312021.302961  x:  0.06899   5.68578   0.14545  
  7  0.0005 312021.302961  x:  0.06899   5.68579   0.14545  

8 (Bom_vet) ... 5 (Bom_mus)
  0  0.0000 297358.175199  x:  0.01713   4.74103   0.14617  
  1 99.0000 297331.250871  x:  0.02092   4.74103   0.14609  
  2 15227.7337 297327.192033  x:  0.02095   4.74150   0.12349  
  3 333.2541 297325.866481  x:  0.02093   5.30772   0.12652  
  4  5.1491 297325.860863  x:  0.02093   5.29768   0.12571  
  5  0.0117 297325.860801  x:  0.02093   5.29372   0.12571  
  6  0.0034 297325.860801  x:  0.02093   5.29372   0.12571  

8 (Bom_vet) ... 6 (Bom_pas)
  0  0.0000 298099.197360  x:  0.01912   4.44684   0.12992  
  1 99.0000 298075.933306  x:  0.02284   4.44685   0.13003  
  2 13315.5141 298072.394282  x:  0.02280   4.44818   0.15526  
  3 369.8876 298053.967044  x:  0.02269   6.64298   0.16664  
  4 21.5347 298053.786754  x:  0.02272   6.64088   0.16148  
  5  0.0042 298053.785680  x:  0.02272   6.65201   0.16118  
  6  0.0087 298053.785519  x:  0.02272   6.65890   0.16129  
  7  0.0044 298053.785518  x:  0.02272   6.65893   0.16129  
  8  0.0000 298053.785517  x:  0.02272   6.65893   0.16129  
  9  0.0001 298053.785517  x:  0.02272   6.65893   0.16129  
check convergence!


8 (Bom_vet) ... 7 (Bom_syl)
  0  0.0000 311978.835251  x:  0.06353   5.21335   0.26560  
  1 99.0000 311966.562158  x:  0.06859   5.21339   0.26279  
  2 4457.4811 311813.636244  x:  0.06870   5.21520   0.15173  
  3 2842.3750 311807.749811  x:  0.06863   5.95565   0.15783  
  4 17.4986 311807.446185  x:  0.06829   5.96930   0.15443  
  5  0.0223 311807.407412  x:  0.06803   5.96347   0.15505  
  6  0.0067 311807.407402  x:  0.06803   5.96257   0.15504  
  7  0.0008 311807.407402  x:  0.06803   5.96255   0.15504  
  8  0.0000 311807.407402  x:  0.06803   5.96255   0.15504  