Supplemental results for CODEML (seqf: /home/yzliu/eDNA/faststorage/yzliu/DK_proj/data/ref_genome/ref_annotation/primary_transcripts/extracted_cds_new/new_transcript_id_7_and_pas/bootstraps/cat.out.OG_cds_7_species_same_header_fas.shuf_537OG_544.phy  treef: xxx.trees)


pairwise comparison (Goldman & Yang 1994)
seq seq        N       S       dN       dS     dN/dS   Paras.
  2   1 492069.9 190844.1   0.0103   0.1711   0.0600   0.1656   3.6361   0.0600 -1056464.947
  3   1 491985.4 190928.6   0.0099   0.1647   0.0602   0.1596   3.5105   0.0602 -1053860.599
  3   2 490106.0 192808.0   0.0100   0.1535   0.0650   0.1515   4.0174   0.0650 -1048645.445
  4   1 493195.6 189718.4   0.0080   0.1221   0.0654   0.1190   3.3435   0.0654 -1031177.200
  4   2 489814.3 193099.7   0.0102   0.1602   0.0637   0.1578   4.0431   0.0637 -1051897.856
  4   3 488856.3 194057.7   0.0099   0.1547   0.0641   0.1532   4.0165   0.0641 -1049792.614
  5   1 495769.7 187144.3   0.0058   0.0936   0.0623   0.0897   2.9888   0.0623 -1011632.851
  5   2 491321.2 191592.8   0.0104   0.1678   0.0617   0.1636   3.7085   0.0617 -1055768.648
  5   3 491415.3 191498.7   0.0100   0.1604   0.0624   0.1565   3.5594   0.0624 -1052618.301
  5   4 492395.7 190518.3   0.0080   0.1174   0.0680   0.1155   3.4185   0.0680 -1029295.151
  6   1 496610.4 186303.6   0.0073   0.1210   0.0602   0.1149   2.9156   0.0602 -1028651.806
  6   2 492182.7 190731.3   0.0096   0.1623   0.0593   0.1568   3.6150   0.0593 -1051525.478
  6   3 491408.6 191505.4   0.0095   0.1577   0.0600   0.1530   3.5811   0.0600 -1050034.119
  6   4 492804.0 190110.0   0.0077   0.1163   0.0661   0.1138   3.3867   0.0661 -1027796.758
  6   5 496225.6 186688.4   0.0074   0.1158   0.0639   0.1111   2.9367   0.0639 -1026902.252
  7   1 487972.5 194941.5   0.0693   1.1885   0.0583   1.1663   4.1113   0.0583 -1285223.478
  7   2 484750.9 198163.1   0.0707   1.2532   0.0564   1.2414   4.4144   0.0564 -1289174.917
  7   3 486429.4 196484.6   0.0699   1.1906   0.0587   1.1770   4.2823   0.0587 -1285778.915
  7   4 486559.0 196355.0   0.0695   1.1921   0.0583   1.1769   4.2631   0.0583 -1285469.503
  7   5 488243.1 194670.9   0.0693   1.1707   0.0592   1.1498   4.0979   0.0592 -1284468.002
  7   6 487917.3 194996.7   0.0693   1.1824   0.0586   1.1614   4.1194   0.0586 -1284918.619

