Supplemental results for CODEML (seqf: /home/yzliu/eDNA/faststorage/yzliu/DK_proj/data/ref_genome/ref_annotation/primary_transcripts/extracted_cds_new/new_transcript_id_8_bom_apis/bootstraps/cat.out.OG_cds_8_species_same_header_fas.shuf_211OG_180.phy  treef: xxx.trees)


pairwise comparison (Goldman & Yang 1994)
seq seq        N       S       dN       dS     dN/dS   Paras.
  2   1 348648.6 113396.4   0.0584   0.5912   0.0988   0.5676   3.8716   0.0988 -814563.727
  3   1 348273.6 113771.4   0.0597   0.6123   0.0975   0.5873   3.8849   0.0975 -817761.280
  3   2 340336.1 121708.9   0.0149   0.1133   0.1312   0.1224   4.7035   0.1312 -693754.892
  4   1 348778.2 113266.8   0.0582   0.6000   0.0969   0.5729   3.9007   0.0969 -814373.824
  4   2 339809.5 122235.5   0.0133   0.1032   0.1284   0.1111   5.0971   0.1284 -687485.748
  4   3 340874.0 121171.0   0.0087   0.0661   0.1312   0.0712   4.5869   0.1312 -667496.577
  5   1 348800.3 113244.7   0.0588   0.6075   0.0967   0.5798   3.9249   0.0967 -815354.830
  5   2 339623.1 122421.9   0.0142   0.1098   0.1298   0.1186   5.2134   0.1298 -690933.889
  5   3 341351.6 120693.4   0.0094   0.0677   0.1388   0.0739   4.4587   0.1388 -669212.718
  5   4 339338.4 122706.6   0.0084   0.0641   0.1305   0.0695   5.4237   0.1305 -665520.613
  6   1 348718.1 113326.9   0.0589   0.6076   0.0969   0.5805   3.9361   0.0969 -815482.339
  6   2 339530.9 122514.1   0.0145   0.1104   0.1316   0.1198   5.2347   0.1316 -691577.545
  6   3 341003.8 121041.2   0.0096   0.0676   0.1419   0.0743   4.5619   0.1419 -669492.555
  6   4 338905.9 123139.1   0.0088   0.0640   0.1369   0.0704   5.5997   0.1369 -666195.308
  6   5 337066.7 124978.3   0.0028   0.0193   0.1440   0.0217   6.6152   0.1440 -634608.623
  7   1 348853.0 113192.0   0.0592   0.6051   0.0979   0.5789   3.9247   0.0979 -815649.480
  7   2 339694.9 122350.1   0.0147   0.1119   0.1318   0.1214   5.2023   0.1318 -692361.314
  7   3 340679.4 121365.6   0.0093   0.0688   0.1352   0.0748   4.7039   0.1352 -669402.134
  7   4 338758.4 123286.6   0.0086   0.0648   0.1324   0.0708   5.7090   0.1324 -666128.457
  7   5 339230.4 122814.6   0.0084   0.0604   0.1389   0.0666   5.5369   0.1389 -664042.318
  7   6 338960.2 123084.8   0.0087   0.0601   0.1445   0.0672   5.6419   0.1445 -664504.355
  8   1 348648.6 113396.4   0.0587   0.6083   0.0964   0.5807   3.9317   0.0964 -815410.301
  8   2 339276.8 122768.2   0.0141   0.1093   0.1288   0.1181   5.3084   0.1288 -690642.877
  8   3 341124.0 120921.0   0.0092   0.0668   0.1377   0.0728   4.4959   0.1377 -668648.615
  8   4 338919.4 123125.6   0.0084   0.0635   0.1319   0.0692   5.5566   0.1319 -665458.966
  8   5 337689.6 124355.4   0.0023   0.0178   0.1292   0.0194   6.2160   0.1292 -632809.896
  8   6 336450.9 125594.1   0.0025   0.0188   0.1349   0.0209   6.9160   0.1349 -633944.399
  8   7 338880.9 123164.1   0.0083   0.0591   0.1397   0.0654   5.6413   0.1397 -663444.404

