

2 (And_ful) ... 1 (And_bic)
  0  0.0000 1053411.242518  x:  0.16510   1.64947   0.41715  
  1 99.0000 1050652.336712  x:  0.11074   1.66690   0.30292  
  2 37673.1995 1042519.160235  x:  0.10171   1.70377   0.05390  
  3 224307.2527 1041026.969533  x:  0.10937   2.87183   0.10924  
  4 3470.2211 1038631.198975  x:  0.13036   3.33932   0.04681  
  5  1.3260 1037980.311962  x:  0.15302   3.43477   0.06916  
  6  0.1085 1037832.168771  x:  0.16327   3.60147   0.05634  
  7  0.1561 1037826.597856  x:  0.16323   3.76558   0.05782  
  8  0.0434 1037826.356031  x:  0.16305   3.77454   0.05727  
  9  0.0085 1037826.348571  x:  0.16294   3.77459   0.05730  
 10  0.0001 1037826.348571  x:  0.16294   3.77453   0.05730  
 11  0.0000 1037826.348571  x:  0.16294   3.77453   0.05730  

3 (And_hae) ... 1 (And_bic)
  0  0.0000 1034751.008212  x:  0.15755   3.22195   0.07713  
  1 99.0000 1034586.343627  x:  0.15197   3.22227   0.05930  
  2 16140.4252 1034581.459620  x:  0.15458   3.22245   0.05785  
  3 3430.7744 1034541.147982  x:  0.15485   3.65841   0.05996  
  4 200.1170 1034541.096625  x:  0.15479   3.65827   0.05966  
  5  0.0004 1034541.096343  x:  0.15481   3.65808   0.05965  
  6  0.0002 1034541.096343  x:  0.15481   3.65804   0.05965  
  7  0.0000 1034541.096343  x:  0.15481   3.65805   0.05965  
  8  0.0000 1034541.096343  x:  0.15481   3.65805   0.05965  
  9  0.0000 1034541.096343  x:  0.15481   3.65805   0.05965  
check convergence!


3 (And_hae) ... 2 (And_ful)
  0  0.0000 1032048.453051  x:  0.12174   3.27916   0.11799  
  1 99.0000 1031108.673739  x:  0.15901   3.27966   0.09343  
  2 46242.2417 1030638.143359  x:  0.15635   3.28039   0.05834  
  3 29398.8045 1030516.549072  x:  0.15574   4.10596   0.06335  
  4 333.6748 1030490.072604  x:  0.14960   4.10756   0.06099  
  5  0.0061 1030489.287097  x:  0.14912   4.09943   0.06217  
  6  0.0115 1030489.283928  x:  0.14913   4.09503   0.06213  
  7  0.0031 1030489.283904  x:  0.14913   4.09485   0.06213  

4 (And_hat) ... 1 (And_bic)
  0  0.0000 1013610.868674  x:  0.12322   3.48895   0.09042  
  1 99.0000 1013413.334726  x:  0.11097   3.48906   0.07395  
  2 18350.8265 1013334.058908  x:  0.11559   3.48916   0.06035  
  3 15386.3545 1013333.134796  x:  0.11564   3.56874   0.06074  
  4 24.2056 1013330.473964  x:  0.11718   3.55617   0.06192  
  5  0.0151 1013330.443015  x:  0.11727   3.55634   0.06166  
  6  0.0004 1013330.443012  x:  0.11727   3.55623   0.06166  
  7  0.0001 1013330.443012  x:  0.11727   3.55623   0.06166  
  8  0.0000 1013330.443012  x:  0.11727   3.55623   0.06166  
check convergence!


4 (And_hat) ... 2 (And_ful)
  0  0.0000 1034545.076852  x:  0.13565   3.32342   0.13567  
  1 99.0000 1033197.690790  x:  0.17587   3.32456   0.07472  
  2 36072.4114 1032896.442393  x:  0.16880   3.32503   0.05228  
  3 37770.0610 1032747.974840  x:  0.16665   4.26830   0.05729  
  4 360.8910 1032652.127606  x:  0.15406   4.15902   0.05995  
  5  0.1364 1032651.678884  x:  0.15363   4.10981   0.05977  
  6  0.0418 1032651.665019  x:  0.15376   4.10407   0.05974  
  7  0.0057 1032651.665007  x:  0.15376   4.10418   0.05974  
  8  0.0001 1032651.665007  x:  0.15376   4.10419   0.05974  
  9  0.0000 1032651.665007  x:  0.15376   4.10418   0.05974  
 10  0.0000 1032651.665007  x:  0.15376   4.10419   0.05974  

4 (And_hat) ... 3 (And_hae)
  0  0.0000 1032947.450404  x:  0.14918   3.71606   0.17335  
  1 99.0000 1030945.296638  x:  0.12414   3.71741   0.07539  
  2 30974.3848 1030646.670443  x:  0.13458   3.71772   0.05429  
  3 55315.2883 1030577.403964  x:  0.13672   4.42285   0.05854  
  4 213.7385 1030467.758825  x:  0.14686   4.12998   0.06522  
  5  0.4964 1030464.718231  x:  0.14806   4.14548   0.06301  
  6  0.0143 1030464.707018  x:  0.14807   4.13642   0.06296  
  7  0.0086 1030464.706977  x:  0.14806   4.13637   0.06295  
  8  0.0000 1030464.706977  x:  0.14806   4.13637   0.06295  
check convergence!


5 (And_mar) ... 1 (And_bic)
  0  0.0000 997122.504690  x:  0.07936   3.65213   0.19187  
  1 99.0000 996841.379364  x:  0.09537   3.65220   0.17724  
  2 27714.4463 995231.861936  x:  0.09576   3.65268   0.06126  
  3 34636.7000 995204.763225  x:  0.09595   3.21858   0.05676  
  4 116.2145 995169.413094  x:  0.09183   3.07952   0.06358  
  5  0.2007 995154.411591  x:  0.08907   3.17710   0.06008  
  6  0.2201 995154.333726  x:  0.08918   3.16892   0.05962  
  7  0.0095 995154.333140  x:  0.08920   3.17029   0.05963  
  8  0.0016 995154.333140  x:  0.08920   3.17028   0.05963  

5 (And_mar) ... 2 (And_ful)
  0  0.0000 1039185.823135  x:  0.14728   2.95951   0.14642  
  1 99.0000 1037087.887784  x:  0.17377   2.96162   0.05950  
  2 34994.1814 1036998.306630  x:  0.16479   2.96205   0.05160  
  3 17416.7199 1036808.668396  x:  0.16104   3.83484   0.05871  
  4 496.5966 1036808.120066  x:  0.16018   3.82114   0.05917  
  5  0.0280 1036808.107892  x:  0.16013   3.81665   0.05904  
  6  0.0038 1036808.107510  x:  0.16014   3.81544   0.05904  
  7  0.0009 1036808.107510  x:  0.16014   3.81544   0.05904  

5 (And_mar) ... 3 (And_hae)
  0  0.0000 1035034.448499  x:  0.14305   3.43257   0.16151  
  1 99.0000 1032851.208543  x:  0.15711   3.43387   0.06170  
  2 30571.9360 1032827.105399  x:  0.15129   3.43397   0.05932  
  3 8031.0472 1032814.082479  x:  0.15076   3.68627   0.06164  
  4 108.8993 1032814.068132  x:  0.15082   3.68728   0.06148  
  5  0.0026 1032814.066508  x:  0.15080   3.68451   0.06146  
  6  0.0027 1032814.066504  x:  0.15080   3.68445   0.06146  
  7  0.0001 1032814.066504  x:  0.15080   3.68445   0.06146  

5 (And_mar) ... 4 (And_hat)
  0  0.0000 1012041.718237  x:  0.09367   3.27993   0.14512  
  1 99.0000 1011515.827705  x:  0.11764   3.28014   0.13072  
  2 40933.5064 1010581.633316  x:  0.11708   3.28107   0.06244  
  3 28013.3764 1010566.786084  x:  0.11692   3.57740   0.06501  
  4 105.0091 1010548.176564  x:  0.11263   3.59516   0.06249  
  5  0.0170 1010546.965521  x:  0.11210   3.57923   0.06413  
  6  0.0321 1010546.964209  x:  0.11211   3.57749   0.06408  
  7  0.0016 1010546.964205  x:  0.11211   3.57735   0.06408  

6 (And_tri) ... 1 (And_bic)
  0  0.0000 1014129.062263  x:  0.11025   3.24616   0.19714  
  1 99.0000 1011489.178031  x:  0.11159   3.24756   0.05929  
  2 24684.3030 1011485.519238  x:  0.11366   3.24752   0.05901  
  3 3597.5765 1011478.833791  x:  0.11363   3.08141   0.05681  
  4 77.2123 1011477.689861  x:  0.11367   3.05001   0.05817  
  5  0.1286 1011477.689730  x:  0.11367   3.05075   0.05817  

6 (And_tri) ... 2 (And_ful)
  0  0.0000 1036037.050597  x:  0.13879   2.84437   0.14918  
  1 99.0000 1033987.668266  x:  0.17703   2.84656   0.06269  
  2 36439.1877 1033784.227102  x:  0.16827   2.84707   0.04758  
  3 32837.4879 1033549.514346  x:  0.16354   3.84996   0.05434  
  4 550.1731 1033490.831277  x:  0.15395   3.72282   0.05737  
  5  0.2096 1033489.938388  x:  0.15416   3.65735   0.05740  
  6  0.0509 1033489.927980  x:  0.15418   3.65351   0.05728  
  7  0.0035 1033489.927955  x:  0.15418   3.65379   0.05727  
  8  0.0003 1033489.927955  x:  0.15418   3.65379   0.05727  

6 (And_tri) ... 3 (And_hae)
  0  0.0000 1032525.781026  x:  0.12989   3.42746   0.12880  
  1 99.0000 1031570.286459  x:  0.16602   3.42792   0.08397  
  2 34357.5294 1031215.368857  x:  0.16029   3.42818   0.05626  
  3 36597.0480 1031203.165249  x:  0.15988   3.68484   0.05766  
  4 97.4107 1031114.412861  x:  0.14789   3.59981   0.06119  
  5  0.0940 1031114.129745  x:  0.14773   3.59896   0.06047  
  6  0.0015 1031114.127854  x:  0.14775   3.59613   0.06044  
  7  0.0028 1031114.127852  x:  0.14775   3.59608   0.06045  

6 (And_tri) ... 4 (And_hat)
  0  0.0000 1010159.356849  x:  0.11113   3.36258   0.08565  
  1 99.0000 1010009.248912  x:  0.10981   3.36280   0.06291  
  2 11725.5140 1010006.766568  x:  0.11150   3.36283   0.06238  
  3 3032.6665 1010003.307622  x:  0.11151   3.50957   0.06317  
  4 48.4830 1010003.301717  x:  0.11149   3.50963   0.06305  
  5  0.0002 1010003.301675  x:  0.11148   3.50950   0.06305  
  6  0.0001 1010003.301674  x:  0.11148   3.50950   0.06305  
  7  0.0000 1010003.301674  x:  0.11148   3.50949   0.06305  
  8  0.0000 1010003.301674  x:  0.11148   3.50949   0.06305  
check convergence!


6 (And_tri) ... 5 (And_mar)
  0  0.0000 1010972.063137  x:  0.10119   3.17265   0.16578  
  1 99.0000 1010151.425226  x:  0.13167   3.17323   0.10388  
  2 24643.8834 1009553.493195  x:  0.12697   3.17361   0.05764  
  3 74311.7620 1009549.908358  x:  0.12648   3.31770   0.05881  
  4 15.7424 1009294.682998  x:  0.10940   3.03995   0.06403  
  5  0.9971 1009293.035753  x:  0.10903   3.05876   0.06213  
  6  0.0312 1009293.013151  x:  0.10910   3.05002   0.06200  
  7  0.0106 1009293.013139  x:  0.10910   3.05007   0.06200  
  8  0.0001 1009293.013139  x:  0.10910   3.05006   0.06200  
  9  0.0000 1009293.013139  x:  0.10910   3.05006   0.06201  
 10  0.0000 1009293.013139  x:  0.10910   3.05006   0.06200  

7 (Bom_pas) ... 1 (And_bic)
  0  0.0000 1282299.856954  x:  1.26024   2.80642   0.17038  
  1 99.0000 1261165.059092  x:  1.23774   2.80957   0.04882  
  2 204319.1789 1260946.397535  x:  1.17417   2.83564   0.05886  
  3 6956.5099 1259897.125535  x:  1.29115   4.10745   0.05737  
  4 2197.8124 1259292.176816  x:  1.12080   4.08730   0.05846  
  5  0.1922 1259284.869254  x:  1.13541   4.14496   0.05688  
  6  0.0549 1259284.195708  x:  1.13219   4.16765   0.05697  
  7  0.0204 1259284.124828  x:  1.13333   4.17611   0.05703  
  8  0.0073 1259284.124760  x:  1.13337   4.17632   0.05703  

7 (Bom_pas) ... 2 (And_ful)
  0  0.0000 1283205.128108  x:  1.13108   3.61357   0.19154  
  1 99.0000 1263729.412791  x:  1.10985   3.61554   0.05726  
  2 174146.8245 1263711.739698  x:  1.12499   3.62190   0.05476  
  3 2088.7494 1263367.535794  x:  1.17092   4.47416   0.05550  
  4 1107.4195 1263333.308659  x:  1.21181   4.47245   0.05515  
  5  0.0518 1263332.336699  x:  1.21523   4.47960   0.05456  
  6  0.0077 1263332.324312  x:  1.21591   4.48486   0.05456  
  7  0.0039 1263332.324263  x:  1.21586   4.48499   0.05456  
  8  0.0001 1263332.324263  x:  1.21586   4.48499   0.05456  

7 (Bom_pas) ... 3 (And_hae)
  0  0.0000 1274279.153669  x:  1.32753   3.72672   0.13529  
  1 99.0000 1260544.294130  x:  1.31513   3.72777   0.04897  
  2 207266.8208 1260219.682770  x:  1.20159   3.74876   0.06202  
  3 6191.3611 1260043.254157  x:  1.25152   4.36396   0.06039  
  4 627.6413 1259663.497512  x:  1.12048   4.28339   0.06055  
  5  0.2321 1259643.788136  x:  1.14196   4.32571   0.05770  
  6  0.0545 1259643.511838  x:  1.13900   4.31950   0.05762  
  7  0.0078 1259643.510590  x:  1.13887   4.31790   0.05763  
  8  0.0013 1259643.510570  x:  1.13889   4.31783   0.05762  

7 (Bom_pas) ... 4 (And_hat)
  0  0.0000 1270151.057943  x:  1.15610   3.83496   0.13655  
  1 99.0000 1259911.704697  x:  1.14603   3.83572   0.05580  
  2 173806.4831 1259899.989217  x:  1.12819   3.84523   0.05797  
  3 1192.3247 1259787.309161  x:  1.16146   4.33999   0.05709  
  4 582.6357 1259782.409661  x:  1.15002   4.33452   0.05671  
  5  0.0202 1259782.409376  x:  1.14990   4.33418   0.05672  
  6  0.0004 1259782.409374  x:  1.14990   4.33412   0.05672  
  7  0.0001 1259782.409374  x:  1.14990   4.33412   0.05672  

7 (Bom_pas) ... 5 (And_mar)
  0  0.0000 1258988.601055  x:  1.17947   3.68397   0.04743  
  1 99.0000 1258807.979294  x:  1.17936   3.68404   0.05396  
  2 58536.0395 1258646.231575  x:  1.08964   3.70471   0.05737  
  3 3326.6410 1258538.556423  x:  1.12525   4.16824   0.05703  
  4 505.6835 1258537.424464  x:  1.11911   4.16962   0.05766  
  5  0.0056 1258537.389359  x:  1.11980   4.16809   0.05770  
  6  0.0015 1258537.389334  x:  1.11977   4.16789   0.05770  
  7  0.0002 1258537.389334  x:  1.11977   4.16788   0.05770  
  8  0.0000 1258537.389334  x:  1.11977   4.16788   0.05770  

7 (Bom_pas) ... 6 (And_tri)
  0  0.0000 1274739.126506  x:  1.22549   3.48448   0.15174  
  1 99.0000 1259676.653802  x:  1.20991   3.48587   0.05207  
  2 192002.0527 1259558.792148  x:  1.15601   3.49978   0.05937  
  3 4439.4555 1259314.928974  x:  1.20723   4.20483   0.05824  
  4 811.5539 1259148.287692  x:  1.12381   4.15754   0.05800  
  5  0.1359 1259147.067388  x:  1.12891   4.16378   0.05729  
  6  0.0086 1259147.059709  x:  1.12840   4.16359   0.05729  
  7  0.0006 1259147.059697  x:  1.12841   4.16375   0.05729  
  8  0.0001 1259147.059697  x:  1.12841   4.16375   0.05729  
  9  0.0000 1259147.059697  x:  1.12841   4.16375   0.05729  