

2 (Bom_con) ... 1 (Apis_mel)
  0  0.0000 765580.098809  x:  0.48689   1.34999   0.44784  
  1 99.0000 750763.191851  x:  0.40169   1.43542   0.10120  
  2 44518.8420 750313.368976  x:  0.42718   1.44750   0.07829  
  3 30677.3823 745496.960169  x:  0.54485   2.97096   0.12166  
  4 9640.3176 745070.075629  x:  0.50168   3.32231   0.10722  
  5  0.3145 744899.363560  x:  0.54285   3.60739   0.09515  
  6  0.1391 744874.929517  x:  0.54678   3.75870   0.10072  
  7  0.0781 744869.305356  x:  0.54392   3.86113   0.09982  
  8  0.0736 744869.301340  x:  0.54398   3.86318   0.09989  
  9  0.0019 744869.301337  x:  0.54398   3.86326   0.09988  
 10  0.0001 744869.301337  x:  0.54398   3.86326   0.09988  

3 (Bom_hor) ... 1 (Apis_mel)
  0  0.0000 746382.770324  x:  0.52631   3.25795   0.09698  
  1 99.0000 746370.980594  x:  0.53103   3.25871   0.10082  
  2 3926.6799 746349.678603  x:  0.54812   3.26244   0.09666  
  3 3845.4076 746191.876439  x:  0.55483   3.93535   0.09897  
  4 545.7135 746191.731283  x:  0.55568   3.93380   0.09845  
  5  0.0018 746191.730924  x:  0.55575   3.93380   0.09845  
  6  0.0001 746191.730924  x:  0.55575   3.93380   0.09845  

3 (Bom_hor) ... 2 (Bom_con)
  0  0.0000 633484.475897  x:  0.10225   3.54283   0.16972  
  1 99.0000 633396.322780  x:  0.11469   3.54314   0.16390  
  2 13405.6520 633263.785203  x:  0.11421   3.54539   0.12197  
  3 6696.3314 633112.199009  x:  0.11394   5.03364   0.13512  
  4 249.0457 633109.498485  x:  0.11358   5.05296   0.12973  
  5  0.0243 633109.463905  x:  0.11339   5.07216   0.12982  
  6  0.0135 633109.461526  x:  0.11344   5.07738   0.12987  
  7  0.0037 633109.461521  x:  0.11344   5.07746   0.12986  

4 (Bom_hyp) ... 1 (Apis_mel)
  0  0.0000 745361.608985  x:  0.44695   4.08670   0.13071  
  1 99.0000 744801.824327  x:  0.48191   4.08626   0.09609  
  2 20426.9728 744457.814181  x:  0.53924   4.08524   0.10419  
  3 19501.5096 744444.321764  x:  0.53750   3.85362   0.10343  
  4 120.5277 744428.355022  x:  0.54590   3.87991   0.09793  
  5  0.0297 744428.277796  x:  0.54699   3.88102   0.09793  
  6  0.0013 744428.277792  x:  0.54698   3.88101   0.09793  
  7  0.0000 744428.277792  x:  0.54698   3.88101   0.09793  
  8  0.0000 744428.277792  x:  0.54698   3.88101   0.09793  
check convergence!


4 (Bom_hyp) ... 2 (Bom_con)
  0  0.0000 630745.496338  x:  0.10116   3.31306   0.13637  
  1 99.0000 630707.696848  x:  0.10916   3.31337   0.13372  
  2 9215.6450 630683.055837  x:  0.10894   3.31539   0.11722  
  3 3078.0685 630461.224471  x:  0.10864   5.11409   0.13153  
  4 320.8717 630459.130994  x:  0.10878   5.12648   0.12658  
  5  0.0128 630459.106199  x:  0.10881   5.15098   0.12662  
  6  0.0117 630459.105976  x:  0.10880   5.15122   0.12667  
  7  0.0002 630459.105975  x:  0.10880   5.15122   0.12666  
  8  0.0000 630459.105975  x:  0.10880   5.15122   0.12666  
  9  0.0000 630459.105975  x:  0.10880   5.15122   0.12666  
 10  0.0000 630459.105975  x:  0.10880   5.15122   0.12666  
check convergence!


4 (Bom_hyp) ... 3 (Bom_hor)
  0  0.0000 609074.436366  x:  0.06804   4.22679   0.12288  
  1 99.0000 609062.208787  x:  0.06464   4.22684   0.12295  
  2 6731.2374 609061.890852  x:  0.06461   4.22789   0.12545  
  3 243.6641 609002.704957  x:  0.06447   5.72084   0.13259  
  4 112.5226 609002.618441  x:  0.06434   5.71810   0.13144  
  5  0.0028 609002.617934  x:  0.06436   5.71856   0.13137  
  6  0.0005 609002.617929  x:  0.06436   5.71906   0.13138  

5 (Bom_mus) ... 1 (Apis_mel)
  0  0.0000 746478.844756  x:  0.47868   4.67335   0.14728  
  1 99.0000 745828.512279  x:  0.49414   4.67266   0.10402  
  2 24171.1166 745530.980162  x:  0.56166   4.66953   0.10035  
  3 11016.6864 745379.196388  x:  0.55448   3.88082   0.09825  
  4 349.4656 745378.850600  x:  0.55258   3.87957   0.09797  
  5  0.0023 745378.827009  x:  0.55217   3.87864   0.09817  
  6  0.0016 745378.826983  x:  0.55218   3.87894   0.09817  
  7  0.0004 745378.826983  x:  0.55218   3.87894   0.09817  

5 (Bom_mus) ... 2 (Bom_con)
  0  0.0000 633341.865858  x:  0.11561   3.55198   0.22159  
  1 99.0000 633136.539821  x:  0.09950   3.55326   0.18800  
  2 10393.9631 632725.967599  x:  0.10551   3.55619   0.11340  
  3 35475.0639 632560.311561  x:  0.10679   5.13654   0.12947  
  4 260.3760 632529.215954  x:  0.11378   5.12447   0.12122  
  5  0.0165 632528.841147  x:  0.11403   5.11253   0.12305  
  6  0.0176 632528.836114  x:  0.11404   5.10268   0.12292  
  7  0.0057 632528.836022  x:  0.11404   5.10207   0.12294  

5 (Bom_mus) ... 3 (Bom_hor)
  0  0.0000 609888.950331  x:  0.06411   4.39537   0.14637  
  1 99.0000 609885.975105  x:  0.06584   4.39540   0.14514  
  2 2827.6485 609870.924454  x:  0.06555   4.39584   0.12741  
  3 2354.5379 609864.743888  x:  0.06550   4.83046   0.12993  
  4 30.0882 609864.725421  x:  0.06543   4.83074   0.12944  
  5  0.0006 609864.725332  x:  0.06542   4.83089   0.12947  
  6  0.0002 609864.725332  x:  0.06542   4.83091   0.12947  
  7  0.0000 609864.725331  x:  0.06542   4.83090   0.12947  

5 (Bom_mus) ... 4 (Bom_hyp)
  0  0.0000 610825.491303  x:  0.06174   4.19157   0.14908  
  1 99.0000 610784.347969  x:  0.06815   4.19161   0.14795  
  2 13111.7179 610752.540575  x:  0.06823   4.19262   0.12273  
  3 2391.8725 610716.079801  x:  0.06813   5.26395   0.12948  
  4 78.4257 610715.849411  x:  0.06815   5.26382   0.12742  
  5  0.0024 610715.849369  x:  0.06815   5.26490   0.12740  
  6  0.0008 610715.849367  x:  0.06815   5.26505   0.12741  

6 (Bom_pas) ... 1 (Apis_mel)
  0  0.0000 745777.685974  x:  0.53140   4.34466   0.11319  
  1 99.0000 745714.881212  x:  0.53400   4.34437   0.10147  
  2 9929.6246 745676.278391  x:  0.55944   4.34221   0.09901  
  3 3415.1832 745621.905513  x:  0.55412   3.88907   0.09820  
  4 226.4747 745621.866923  x:  0.55352   3.88677   0.09844  
  5  0.0026 745621.866314  x:  0.55345   3.88703   0.09843  
  6  0.0003 745621.866314  x:  0.55345   3.88702   0.09843  
  7  0.0000 745621.866314  x:  0.55345   3.88702   0.09843  
  8  0.0000 745621.866314  x:  0.55345   3.88702   0.09843  
  9  0.0000 745621.866314  x:  0.55345   3.88702   0.09843  
 10  0.0114 745621.866314  x:  0.55345   3.88702   0.09843  
check convergence!


6 (Bom_pas) ... 2 (Bom_con)
  0  0.0000 633887.844114  x:  0.10054   3.56288   0.15126  
  1 99.0000 633752.079712  x:  0.11585   3.56313   0.14750  
  2 18123.5829 633685.731207  x:  0.11585   3.56497   0.11958  
  3 4596.3101 633531.523088  x:  0.11568   5.09888   0.13150  
  4 251.3305 633529.853652  x:  0.11573   5.09835   0.12717  
  5  0.0049 633529.852666  x:  0.11573   5.10174   0.12711  
  6  0.0024 633529.852569  x:  0.11573   5.10277   0.12714  

6 (Bom_pas) ... 3 (Bom_hor)
  0  0.0000 610697.570248  x:  0.06542   4.29071   0.19092  
  1 99.0000 610669.787407  x:  0.07069   4.29105   0.17651  
  2 3721.0893 610584.124971  x:  0.06833   4.29212   0.13209  
  3 22227.3331 610564.058641  x:  0.06808   5.08024   0.13811  
  4 56.0963 610561.792484  x:  0.06655   5.07107   0.13789  
  5  0.0101 610561.791921  x:  0.06654   5.06726   0.13791  
  6  0.0033 610561.791901  x:  0.06654   5.06681   0.13789  
  7  0.0005 610561.791901  x:  0.06654   5.06676   0.13789  
  8  0.0001 610561.791900  x:  0.06654   5.06679   0.13789  
  9  0.0000 610561.791900  x:  0.06654   5.06679   0.13789  
 10  0.0000 610561.791900  x:  0.06654   5.06679   0.13789  
 11  0.1695 610561.791900  x:  0.06654   5.06679   0.13789  
 12  2.2795 610561.791900  x:  0.06654   5.06679   0.13789  
 13  0.1688 610561.791900  x:  0.06654   5.06679   0.13789  
check convergence!


6 (Bom_pas) ... 4 (Bom_hyp)
  0  0.0000 612038.228487  x:  0.06239   4.25755   0.22050  
  1 99.0000 611987.315640  x:  0.06955   4.25762   0.21813  
  2 14038.6638 611760.171532  x:  0.06975   4.25998   0.13510  
  3 4942.6802 611716.942866  x:  0.06964   5.42602   0.14576  
  4 85.7156 611715.658405  x:  0.06956   5.45014   0.14064  
  5  0.0399 611715.645710  x:  0.06945   5.46097   0.14074  
  6  0.0090 611715.645461  x:  0.06946   5.46387   0.14076  
  7  0.0020 611715.645460  x:  0.06946   5.46392   0.14076  
  8  0.0001 611715.645460  x:  0.06946   5.46390   0.14076  
  9  0.0000 611715.645460  x:  0.06946   5.46390   0.14076  
check convergence!


6 (Bom_pas) ... 5 (Bom_mus)
  0  0.0000 583100.837185  x:  0.02200   4.34444   0.13861  
  1 99.0000 583100.548498  x:  0.02170   4.34444   0.13855  
  2 1841.6960 583098.584918  x:  0.02173   4.34557   0.12777  
  3 360.6288 583074.905535  x:  0.02162   6.04058   0.13771  
  4 34.5696 583074.783864  x:  0.02166   6.03895   0.13502  
  5  0.0031 583074.783609  x:  0.02165   6.04316   0.13494  
  6  0.0033 583074.783588  x:  0.02165   6.04454   0.13497  
  7  0.0010 583074.783588  x:  0.02165   6.04454   0.13497  
check convergence!


7 (Bom_syl) ... 1 (Apis_mel)
  0  0.0000 748504.196201  x:  0.48442   5.01697   0.18584  
  1 99.0000 746919.640031  x:  0.49702   5.01600   0.10874  
  2 31751.9721 746612.533097  x:  0.56793   5.01197   0.09926  
  3 10084.9890 746336.246753  x:  0.55730   3.89924   0.09610  
  4 436.3121 746328.088850  x:  0.55606   3.88256   0.10008  
  5  0.0430 746327.699487  x:  0.55396   3.89716   0.10021  
  6  0.0146 746327.689441  x:  0.55373   3.89188   0.10020  
  7  0.0075 746327.689434  x:  0.55372   3.89187   0.10020  

7 (Bom_syl) ... 2 (Bom_con)
  0  0.0000 636086.967898  x:  0.12005   3.57916   0.16341  
  1 99.0000 636020.242562  x:  0.11318   3.58057   0.14001  
  2 5194.4039 635986.686293  x:  0.11859   3.58165   0.12548  
  3 11641.2692 635826.948876  x:  0.11922   5.12088   0.13815  
  4 259.3291 635826.085487  x:  0.11970   5.11398   0.13505  
  5  0.0074 635826.081568  x:  0.11978   5.11318   0.13509  
  6  0.0009 635826.081550  x:  0.11978   5.11262   0.13509  
  7  0.0003 635826.081549  x:  0.11978   5.11255   0.13509  
  8  0.0001 635826.081549  x:  0.11978   5.11254   0.13509  
  9  0.0000 635826.081549  x:  0.11978   5.11254   0.13509  
check convergence!


7 (Bom_syl) ... 3 (Bom_hor)
  0  0.0000 611427.926505  x:  0.06361   4.22525   0.11518  
  1 99.0000 611400.805533  x:  0.06887   4.22529   0.11641  
  2 10339.3891 611384.344042  x:  0.06837   4.22598   0.13336  
  3 2150.5757 611331.715866  x:  0.06824   5.52336   0.13965  
  4 93.2293 611331.677636  x:  0.06834   5.55577   0.13943  
  5  0.0222 611331.676496  x:  0.06831   5.55961   0.13945  
  6  0.0032 611331.676492  x:  0.06831   5.55983   0.13946  
  7  0.0002 611331.676492  x:  0.06831   5.55980   0.13946  
  8  0.0000 611331.676492  x:  0.06831   5.55980   0.13946  
check convergence!


7 (Bom_syl) ... 4 (Bom_hyp)
  0  0.0000 612384.514002  x:  0.06395   4.49036   0.22933  
  1 99.0000 612342.274694  x:  0.07055   4.49043   0.22669  
  2 12303.9194 612083.906070  x:  0.07071   4.49296   0.13659  
  3 5358.6740 612031.553904  x:  0.07059   5.89950   0.14894  
  4 88.7952 612029.681641  x:  0.07045   5.92547   0.14269  
  5  0.0439 612029.660443  x:  0.07030   5.93176   0.14278  
  6  0.0057 612029.660296  x:  0.07030   5.93449   0.14280  
  7  0.0017 612029.660296  x:  0.07030   5.93451   0.14279  
  8  0.0000 612029.660296  x:  0.07030   5.93450   0.14280  

7 (Bom_syl) ... 5 (Bom_mus)
  0  0.0000 610147.850172  x:  0.05213   4.94101   0.17305  
  1 99.0000 609940.826342  x:  0.06556   4.94102   0.17212  
  2 33400.8189 609892.605930  x:  0.06573   4.94141   0.13665  
  3 2472.7135 609891.120823  x:  0.06572   5.19577   0.13811  
  4 12.9184 609891.104729  x:  0.06577   5.18253   0.13759  
  5  0.0145 609891.103967  x:  0.06578   5.17939   0.13766  
  6  0.0033 609891.103957  x:  0.06578   5.17975   0.13766  
  7  0.0003 609891.103957  x:  0.06578   5.17971   0.13766  
  8  0.0000 609891.103957  x:  0.06578   5.17972   0.13766  

7 (Bom_syl) ... 6 (Bom_pas)
  0  0.0000 611007.955418  x:  0.06059   4.41627   0.25073  
  1 99.0000 610968.630626  x:  0.06676   4.41632   0.24844  
  2 12372.5657 610686.202169  x:  0.06700   4.41877   0.14508  
  3 4921.6674 610663.165724  x:  0.06693   5.27966   0.15363  
  4 59.2306 610662.376169  x:  0.06682   5.30393   0.14942  
  5  0.0443 610662.357647  x:  0.06669   5.31264   0.14958  
  6  0.0078 610662.357560  x:  0.06670   5.31445   0.14959  
  7  0.0013 610662.357559  x:  0.06670   5.31445   0.14959  

8 (Bom_vet) ... 1 (Apis_mel)
  0  0.0000 750067.143714  x:  0.44926   4.27698   0.24213  
  1 99.0000 746185.090629  x:  0.47991   4.27685   0.10544  
  2 38398.5597 745766.213689  x:  0.55904   4.27483   0.09903  
  3 12494.8886 745726.772601  x:  0.55586   3.89779   0.09667  
  4 199.2215 745725.613093  x:  0.55510   3.88383   0.09809  
  5  0.0510 745725.541214  x:  0.55403   3.88535   0.09817  
  6  0.0016 745725.541124  x:  0.55401   3.88481   0.09817  
  7  0.0006 745725.541124  x:  0.55401   3.88481   0.09817  

8 (Bom_vet) ... 2 (Bom_con)
  0  0.0000 633351.989674  x:  0.10908   3.30138   0.08585  
  1 99.0000 633246.290117  x:  0.12009   3.30181   0.10042  
  2 12095.5980 633205.136116  x:  0.11363   3.30264   0.11396  
  3 7085.2706 632970.360653  x:  0.11290   5.15382   0.12317  
  4 334.1073 632968.445062  x:  0.11470   5.14680   0.12433  
  5  0.0064 632968.369686  x:  0.11456   5.14070   0.12517  
  6  0.0043 632968.368788  x:  0.11457   5.13630   0.12513  
  7  0.0022 632968.368782  x:  0.11457   5.13620   0.12514  

8 (Bom_vet) ... 3 (Bom_hor)
  0  0.0000 610176.483765  x:  0.05706   4.30959   0.17622  
  1 99.0000 610105.687637  x:  0.06516   4.30962   0.17495  
  2 18139.4353 610037.391282  x:  0.06532   4.31054   0.13283  
  3 2952.0577 610025.764244  x:  0.06528   4.90458   0.13712  
  4 42.3417 610025.677838  x:  0.06528   4.90698   0.13578  
  5  0.0037 610025.677799  x:  0.06527   4.90769   0.13578  
  6  0.0006 610025.677799  x:  0.06527   4.90770   0.13578  
  7  0.0000 610025.677799  x:  0.06527   4.90770   0.13578  

8 (Bom_vet) ... 4 (Bom_hyp)
  0  0.0000 611891.784917  x:  0.05507   3.99691   0.23498  
  1 99.0000 611700.336320  x:  0.06834   3.99698   0.23279  
  2 30885.5052 611353.658507  x:  0.06874   4.00031   0.12822  
  3 5282.8124 611294.686877  x:  0.06864   5.29032   0.14207  
  4 108.0935 611291.776442  x:  0.06868   5.33587   0.13456  
  5  0.0831 611291.756060  x:  0.06868   5.36537   0.13468  
  6  0.0177 611291.756032  x:  0.06868   5.36511   0.13470  
  7  0.0003 611291.756031  x:  0.06868   5.36511   0.13470  

8 (Bom_vet) ... 5 (Bom_mus)
  0  0.0000 581984.159586  x:  0.02004   4.56299   0.18817  
  1 99.0000 581935.610666  x:  0.01787   4.56414   0.13290  
  2 1576.3608 581912.542879  x:  0.01935   4.56472   0.10507  
  3 184045.6305 581899.278578  x:  0.01953   5.88751   0.11414  
  4 22.8786 581898.057731  x:  0.02006   5.81218   0.11731  
  5  0.0961 581898.024942  x:  0.02010   5.79812   0.11607  
  6  0.0142 581898.024558  x:  0.02010   5.79004   0.11604  
  7  0.0057 581898.024557  x:  0.02010   5.79006   0.11605  
  8  0.0000 581898.024557  x:  0.02010   5.79006   0.11605  

8 (Bom_vet) ... 6 (Bom_pas)
  0  0.0000 583269.450509  x:  0.02017   4.62452   0.11899  
  1 99.0000 583259.383606  x:  0.02200   4.62452   0.11904  
  2 11760.8989 583258.354581  x:  0.02199   4.62523   0.12681  
  3 287.0603 583240.483740  x:  0.02191   6.17575   0.13370  
  4 27.8647 583240.444884  x:  0.02185   6.16962   0.13240  
  5  0.0054 583240.444817  x:  0.02185   6.16919   0.13236  
  6  0.0004 583240.444813  x:  0.02185   6.16955   0.13236  

8 (Bom_vet) ... 7 (Bom_syl)
  0  0.0000 609982.056715  x:  0.06269   5.10586   0.15845  
  1 99.0000 609974.566107  x:  0.06542   5.10586   0.15788  
  2 5471.1214 609965.846188  x:  0.06545   5.10602   0.14312  
  3 1178.8449 609965.416295  x:  0.06544   5.24202   0.14380  
  4  6.6581 609965.415098  x:  0.06543   5.23773   0.14366  
  5  0.0045 609965.415091  x:  0.06543   5.23732   0.14366  
  6  0.0004 609965.415090  x:  0.06543   5.23732   0.14366  