

2 (Bom_con) ... 1 (Apis_mel)
  0  0.0000 417005.695162  x:  0.46957   1.43617   0.40812  
  1 99.0000 409519.520207  x:  0.41707   1.50225   0.09392  
  2 25007.9713 409289.673493  x:  0.44966   1.51629   0.07364  
  3 12771.9061 407070.666471  x:  0.54876   2.86726   0.11339  
  4 4773.2488 406792.610410  x:  0.49607   3.26826   0.10270  
  5  0.5376 406654.150039  x:  0.54556   3.74020   0.09095  
  6  0.1915 406639.961529  x:  0.54146   3.93708   0.09652  
  7  0.0868 406639.202837  x:  0.54109   3.98100   0.09552  
  8  0.0370 406639.196822  x:  0.54149   3.98391   0.09551  
  9  0.0025 406639.196821  x:  0.54149   3.98397   0.09551  

3 (Bom_hor) ... 1 (Apis_mel)
  0  0.0000 408183.115078  x:  0.43592   3.51397   0.07968  
  1 99.0000 407824.253791  x:  0.45646   3.51404   0.11102  
  2 21888.8818 407458.623286  x:  0.55104   3.51549   0.09261  
  3 9668.2820 407414.226724  x:  0.55527   4.02641   0.09396  
  4 188.0372 407413.437100  x:  0.55597   4.02482   0.09236  
  5  0.0024 407413.436719  x:  0.55590   4.02570   0.09236  
  6  0.0007 407413.436716  x:  0.55590   4.02566   0.09236  
  7  0.0000 407413.436716  x:  0.55590   4.02564   0.09236  
  8  0.0000 407413.436716  x:  0.55590   4.02565   0.09236  

3 (Bom_hor) ... 2 (Bom_con)
  0  0.0000 348166.056660  x:  0.12057   3.37580   0.08338  
  1 99.0000 348063.269316  x:  0.11600   3.37652   0.11937  
  2 6584.5683 348062.503311  x:  0.11763   3.37682   0.11981  
  3 926.7748 347961.115056  x:  0.11770   4.95791   0.12696  
  4 166.3218 347961.041914  x:  0.11754   4.95507   0.12814  
  5  0.0017 347961.041566  x:  0.11757   4.95447   0.12814  
  6  0.0006 347961.041559  x:  0.11757   4.95396   0.12814  
  7  0.0003 347961.041559  x:  0.11757   4.95397   0.12814  

4 (Bom_hyp) ... 1 (Apis_mel)
  0  0.0000 408085.570213  x:  0.50370   4.10179   0.22361  
  1 99.0000 405994.347597  x:  0.48891   4.10245   0.09911  
  2 23424.0259 405908.281459  x:  0.52913   4.10188   0.08688  
  3 4254.4430 405906.640341  x:  0.52831   3.99552   0.08679  
  4  5.7062 405883.750876  x:  0.54071   4.02470   0.09268  
  5  0.4944 405883.532949  x:  0.54304   4.02670   0.09207  
  6  0.0027 405883.532750  x:  0.54300   4.02669   0.09206  
  7  0.0000 405883.532750  x:  0.54300   4.02667   0.09206  
  8  0.0000 405883.532750  x:  0.54300   4.02668   0.09206  

4 (Bom_hyp) ... 2 (Bom_con)
  0  0.0000 345381.886634  x:  0.10569   3.55303   0.19563  
  1 99.0000 345176.890654  x:  0.10483   3.55631   0.11796  
  2 4252.9674 345174.641473  x:  0.10749   3.55657   0.11687  
  3 1827.2225 345088.528090  x:  0.10757   5.12463   0.13282  
  4 137.3756 345085.409417  x:  0.10733   5.16227   0.12484  
  5  0.0596 345085.378646  x:  0.10754   5.19048   0.12482  
  6  0.0184 345085.376103  x:  0.10747   5.19730   0.12493  
  7  0.0053 345085.376099  x:  0.10747   5.19744   0.12492  

4 (Bom_hyp) ... 3 (Bom_hor)
  0  0.0000 334595.416007  x:  0.05534   4.43044   0.21928  
  1 99.0000 334528.705565  x:  0.06585   4.43048   0.21706  
  2 13219.8328 334358.700319  x:  0.06622   4.43231   0.12125  
  3 2903.5501 334348.011929  x:  0.06616   5.23054   0.12802  
  4 29.3838 334347.648430  x:  0.06616   5.25422   0.12470  
  5  0.0469 334347.646806  x:  0.06614   5.26334   0.12466  
  6  0.0073 334347.646786  x:  0.06614   5.26388   0.12468  

5 (Bom_mus) ... 1 (Apis_mel)
  0  0.0000 407547.312018  x:  0.48261   4.48886   0.13878  
  1 99.0000 407191.915291  x:  0.49413   4.48852   0.09781  
  2 14249.9621 407037.112533  x:  0.56098   4.48635   0.09252  
  3 5598.0160 407010.101694  x:  0.55658   4.03421   0.09137  
  4 112.8054 407009.924297  x:  0.55561   4.03103   0.09213  
  5  0.0055 407009.906696  x:  0.55493   4.03136   0.09211  
  6  0.0007 407009.906694  x:  0.55493   4.03127   0.09211  
  7  0.0001 407009.906694  x:  0.55493   4.03127   0.09211  

5 (Bom_mus) ... 2 (Bom_con)
  0  0.0000 348152.712286  x:  0.12359   3.47408   0.21054  
  1 99.0000 348079.087010  x:  0.10879   3.47476   0.19509  
  2 6595.6741 347878.271956  x:  0.11341   3.47813   0.12153  
  3 8266.9128 347777.825421  x:  0.11411   5.04425   0.13801  
  4 157.9012 347771.678464  x:  0.11706   5.08146   0.12906  
  5  0.0479 347771.449635  x:  0.11776   5.09368   0.13033  
  6  0.0145 347771.442625  x:  0.11779   5.10788   0.13019  
  7  0.0090 347771.442085  x:  0.11777   5.11027   0.13028  
  8  0.0020 347771.442085  x:  0.11777   5.11029   0.13028  
  9  0.0000 347771.442085  x:  0.11777   5.11028   0.13028  

5 (Bom_mus) ... 3 (Bom_hor)
  0  0.0000 335801.311071  x:  0.05806   4.12140   0.14459  
  1 99.0000 335723.611901  x:  0.06975   4.12143   0.14432  
  2 14201.9775 335721.610035  x:  0.06982   4.12226   0.13571  
  3 447.1050 335705.563985  x:  0.06974   5.02634   0.14144  
  4 40.3585 335705.531438  x:  0.06976   5.02437   0.14032  
  5  0.0023 335705.531432  x:  0.06976   5.02412   0.14031  
  6  0.0002 335705.531431  x:  0.06976   5.02403   0.14031  
  7  0.0001 335705.531431  x:  0.06976   5.02403   0.14031  
  8  0.0000 335705.531431  x:  0.06976   5.02403   0.14031  
  9  0.1075 335705.531431  x:  0.06976   5.02403   0.14031  
 10  0.8491 335705.531431  x:  0.06976   5.02403   0.14031  
check convergence!


5 (Bom_mus) ... 4 (Bom_hyp)
  0  0.0000 334988.990002  x:  0.05847   4.13590   0.25366  
  1 99.0000 334937.230084  x:  0.06797   4.13598   0.25079  
  2 11018.8049 334646.925685  x:  0.06846   4.13952   0.11932  
  3 3531.0534 334620.212231  x:  0.06835   5.32660   0.13213  
  4 51.9827 334618.287358  x:  0.06830   5.39517   0.12448  
  5  0.1483 334618.255645  x:  0.06813   5.43131   0.12474  
  6  0.0259 334618.254966  x:  0.06816   5.43613   0.12476  
  7  0.0035 334618.254966  x:  0.06816   5.43623   0.12476  

6 (Bom_pas) ... 1 (Apis_mel)
  0  0.0000 408422.529738  x:  0.54443   4.34355   0.18730  
  1 99.0000 406992.405950  x:  0.52820   4.34368   0.09636  
  2 23242.1792 406968.016068  x:  0.55219   4.34237   0.08992  
  3 1992.6897 406955.127162  x:  0.54801   4.03307   0.08917  
  4 79.9814 406949.614159  x:  0.55350   4.01818   0.09222  
  5  0.0369 406949.602335  x:  0.55377   4.02344   0.09207  
  6  0.0053 406949.602234  x:  0.55378   4.02278   0.09206  
  7  0.0007 406949.602234  x:  0.55378   4.02278   0.09206  
  8  0.0000 406949.602234  x:  0.55378   4.02278   0.09206  
  9  0.0000 406949.602234  x:  0.55378   4.02278   0.09206  

6 (Bom_pas) ... 2 (Bom_con)
  0  0.0000 348046.397311  x:  0.09740   3.55949   0.15016  
  1 99.0000 347914.743328  x:  0.11759   3.55973   0.14723  
  2 13825.5097 347886.666765  x:  0.11780   3.56162   0.12277  
  3 2164.2311 347792.249153  x:  0.11766   5.15071   0.13490  
  4 147.7139 347791.354055  x:  0.11784   5.16170   0.13062  
  5  0.0126 347791.346440  x:  0.11789   5.17837   0.13063  
  6  0.0093 347791.346287  x:  0.11788   5.17914   0.13067  
  7  0.0007 347791.346284  x:  0.11788   5.17920   0.13067  
  8  0.0001 347791.346284  x:  0.11788   5.17919   0.13067  
  9  0.0000 347791.346284  x:  0.11788   5.17919   0.13067  
 10  0.0000 347791.346284  x:  0.11788   5.17919   0.13067  
 11  0.0031 347791.346284  x:  0.11788   5.17919   0.13067  
check convergence!


6 (Bom_pas) ... 3 (Bom_hor)
  0  0.0000 336027.434183  x:  0.06480   4.16653   0.24294  
  1 99.0000 336008.263502  x:  0.07094   4.16662   0.23967  
  2 5771.6885 335825.660212  x:  0.07112   4.16946   0.13531  
  3 3504.2335 335804.840274  x:  0.07098   5.20149   0.14598  
  4 45.8830 335803.761469  x:  0.07066   5.23724   0.13995  
  5  0.0633 335803.701688  x:  0.07033   5.24850   0.14042  
  6  0.0109 335803.701420  x:  0.07033   5.25281   0.14042  
  7  0.0030 335803.701419  x:  0.07033   5.25285   0.14043  
  8  0.0000 335803.701418  x:  0.07033   5.25285   0.14043  

6 (Bom_pas) ... 4 (Bom_hyp)
  0  0.0000 334947.536607  x:  0.05443   4.22945   0.16549  
  1 99.0000 334830.256136  x:  0.06844   4.22951   0.16413  
  2 18122.8591 334786.350238  x:  0.06866   4.23106   0.12237  
  3 1870.6500 334751.373875  x:  0.06854   5.70921   0.13240  
  4 56.4381 334750.889428  x:  0.06861   5.72455   0.12838  
  5  0.0201 334750.886007  x:  0.06863   5.74118   0.12842  
  6  0.0101 334750.885978  x:  0.06863   5.74161   0.12844  
  7  0.0004 334750.885977  x:  0.06863   5.74170   0.12843  
  8  0.0001 334750.885977  x:  0.06863   5.74170   0.12843  
  9  0.0001 334750.885977  x:  0.06863   5.74170   0.12843  
 10  0.0000 334750.885977  x:  0.06863   5.74170   0.12843  

6 (Bom_pas) ... 5 (Bom_mus)
  0  0.0000 319526.357011  x:  0.01921   4.58011   0.24191  
  1 99.0000 319519.479900  x:  0.02115   4.58012   0.24164  
  2 7351.6225 319440.895462  x:  0.02127   4.58322   0.12238  
  3 1003.1368 319429.863682  x:  0.02121   6.17670   0.13703  
  4 16.4834 319429.064666  x:  0.02121   6.25749   0.12795  
  5  0.1589 319429.051865  x:  0.02119   6.32588   0.12821  
  6  0.0394 319429.051776  x:  0.02120   6.32773   0.12825  
  7  0.0019 319429.051766  x:  0.02120   6.32776   0.12826  
  8  0.0023 319429.051766  x:  0.02120   6.32776   0.12826  
check convergence!


7 (Bom_syl) ... 1 (Apis_mel)
  0  0.0000 407770.162142  x:  0.48629   5.00931   0.12962  
  1 99.0000 407569.801441  x:  0.49962   5.00862   0.09948  
  2 10798.2026 407424.286023  x:  0.56408   5.00530   0.09679  
  3 5944.7850 407315.188563  x:  0.55589   4.10470   0.09511  
  4 202.7667 407314.196061  x:  0.55360   4.03214   0.09445  
  5  0.0960 407314.166771  x:  0.55272   4.03565   0.09456  
  6  0.0035 407314.166770  x:  0.55272   4.03566   0.09455  
  7  0.0000 407314.166770  x:  0.55272   4.03565   0.09455  

7 (Bom_syl) ... 2 (Bom_con)
  0  0.0000 348850.288383  x:  0.12652   3.67239   0.19054  
  1 99.0000 348799.817889  x:  0.11401   3.67292   0.17873  
  2 5661.4386 348696.463680  x:  0.11832   3.67541   0.12796  
  3 5762.7313 348606.678672  x:  0.11884   5.26010   0.14213  
  4 140.9003 348604.414482  x:  0.12044   5.26896   0.13605  
  5  0.0128 348604.384770  x:  0.12072   5.27292   0.13641  
  6  0.0043 348604.384361  x:  0.12073   5.27648   0.13638  
  7  0.0022 348604.384335  x:  0.12073   5.27700   0.13640  
  8  0.0005 348604.384335  x:  0.12073   5.27700   0.13640  

7 (Bom_syl) ... 3 (Bom_hor)
  0  0.0000 336320.635469  x:  0.06452   4.33364   0.12745  
  1 99.0000 336289.651681  x:  0.07222   4.33368   0.12808  
  2 8346.6127 336287.369541  x:  0.07208   4.33431   0.13651  
  3 540.0306 336267.187929  x:  0.07198   5.42083   0.14196  
  4 43.0151 336267.186133  x:  0.07199   5.41259   0.14175  
  5  0.0064 336267.186108  x:  0.07199   5.41161   0.14177  
  6  0.0007 336267.186107  x:  0.07199   5.41161   0.14177  
  7  0.0000 336267.186107  x:  0.07199   5.41161   0.14177  
  8  0.0000 336267.186107  x:  0.07199   5.41161   0.14177  
  9  1.3767 336267.186107  x:  0.07199   5.41161   0.14177  

7 (Bom_syl) ... 4 (Bom_hyp)
  0  0.0000 335357.680654  x:  0.06652   4.29127   0.18163  
  1 99.0000 335347.158393  x:  0.07115   4.29137   0.17862  
  2 3975.2923 335280.589638  x:  0.07086   4.29320   0.12538  
  3 3035.6930 335243.034668  x:  0.07065   5.83700   0.13657  
  4 58.2010 335242.259409  x:  0.07033   5.85881   0.13171  
  5  0.0293 335242.245577  x:  0.07018   5.87260   0.13194  
  6  0.0125 335242.244919  x:  0.07019   5.87994   0.13195  
  7  0.0046 335242.244918  x:  0.07019   5.87992   0.13195  
  8  0.0000 335242.244918  x:  0.07019   5.87994   0.13195  

7 (Bom_syl) ... 5 (Bom_mus)
  0  0.0000 335064.716917  x:  0.06291   4.64850   0.15425  
  1 99.0000 335049.754303  x:  0.06815   4.64853   0.15395  
  2 5866.3616 335048.093651  x:  0.06821   4.64927   0.14555  
  3 383.2917 335034.651937  x:  0.06815   5.60830   0.15092  
  4 31.5968 335034.629623  x:  0.06817   5.60784   0.14994  
  5  0.0011 335034.629614  x:  0.06817   5.60857   0.14993  
  6  0.0006 335034.629613  x:  0.06817   5.60866   0.14993  
  7  0.0001 335034.629613  x:  0.06817   5.60866   0.14993  
check convergence!


7 (Bom_syl) ... 6 (Bom_pas)
  0  0.0000 335259.810188  x:  0.06423   4.61238   0.20945  
  1 99.0000 335248.087877  x:  0.06897   4.61244   0.20738  
  2 4700.4453 335179.945088  x:  0.06899   4.61423   0.14557  
  3 2249.0986 335158.469650  x:  0.06889   5.83570   0.15486  
  4 40.2965 335158.104808  x:  0.06873   5.85183   0.15102  
  5  0.0231 335158.099346  x:  0.06864   5.86071   0.15116  
  6  0.0080 335158.099231  x:  0.06864   5.86374   0.15117  
  7  0.0021 335158.099230  x:  0.06864   5.86376   0.15117  

8 (Bom_vet) ... 1 (Apis_mel)
  0  0.0000 407280.435565  x:  0.51266   4.89256   0.11357  
  1 99.0000 407201.244368  x:  0.51919   4.89207   0.09605  
  2 7798.5447 407127.541952  x:  0.56686   4.88884   0.09279  
  3 3884.8819 407040.229757  x:  0.55795   4.03534   0.09158  
  4 184.9443 407040.085742  x:  0.55582   4.03183   0.09167  
  5  0.0039 407040.085550  x:  0.55581   4.03260   0.09169  
  6  0.0010 407040.085550  x:  0.55580   4.03259   0.09169  

8 (Bom_vet) ... 2 (Bom_con)
  0  0.0000 347989.248804  x:  0.12115   3.43346   0.07014  
  1 99.0000 347775.355388  x:  0.11744   3.43403   0.11948  
  2 10915.7871 347745.538175  x:  0.12626   3.80696   0.12152  
  3 165.9588 347669.700408  x:  0.11445   4.78124   0.12422  
  4 128959.9788 347663.562335  x:  0.11826   5.03718   0.12681  
  5  0.1847 347663.045837  x:  0.11744   5.15437   0.12777  
  6  0.0796 347663.044518  x:  0.11750   5.15533   0.12779  
  7  0.0009 347663.044510  x:  0.11750   5.15557   0.12781  
  8  0.0001 347663.044509  x:  0.11750   5.15540   0.12781  

8 (Bom_vet) ... 3 (Bom_hor)
  0  0.0000 335751.748585  x:  0.05962   4.24462   0.17544  
  1 99.0000 335698.261651  x:  0.06938   4.24466   0.17413  
  2 11473.7036 335663.264339  x:  0.06957   4.24579   0.13463  
  3 1614.4389 335651.102323  x:  0.06951   5.04703   0.14043  
  4 33.7113 335651.010299  x:  0.06953   5.04994   0.13859  
  5  0.0045 335651.010237  x:  0.06954   5.05143   0.13858  
  6  0.0012 335651.010237  x:  0.06954   5.05151   0.13858  
  7  0.0001 335651.010236  x:  0.06954   5.05155   0.13858  
  8  0.0000 335651.010236  x:  0.06954   5.05155   0.13858  
check convergence!


8 (Bom_vet) ... 4 (Bom_hyp)
  0  0.0000 334928.818093  x:  0.06815   4.11307   0.20744  
  1 99.0000 334847.119113  x:  0.05951   4.11452   0.15699  
  2 2946.7631 334775.365952  x:  0.06429   4.11584   0.11183  
  3 38462.6716 334735.762140  x:  0.06507   5.65419   0.12371  
  4 61.2895 334729.472472  x:  0.06849   5.57479   0.12548  
  5  0.0860 334729.379649  x:  0.06853   5.56400   0.12373  
  6  0.0126 334729.377331  x:  0.06852   5.55033   0.12370  
  7  0.0087 334729.377328  x:  0.06852   5.55024   0.12371  
  8  0.0001 334729.377328  x:  0.06852   5.55023   0.12371  
  9  0.0000 334729.377328  x:  0.06852   5.55022   0.12371  

8 (Bom_vet) ... 5 (Bom_mus)
  0  0.0000 319240.940335  x:  0.02048   4.54421   0.10575  
  1 99.0000 319240.767686  x:  0.02080   4.54422   0.10577  
  2 1113.1639 319240.640420  x:  0.02079   4.54476   0.10914  
  3 79.1721 319233.361877  x:  0.02071   5.86632   0.11434  
  4 13.3216 319233.354179  x:  0.02073   5.85765   0.11351  
  5  0.0078 319233.354166  x:  0.02073   5.85616   0.11350  
  6  0.0012 319233.354165  x:  0.02073   5.85590   0.11350  
  7  0.0002 319233.354165  x:  0.02073   5.85587   0.11350  
  8  0.0000 319233.354165  x:  0.02073   5.85587   0.11350  
check convergence!


8 (Bom_vet) ... 6 (Bom_pas)
  0  0.0000 319809.488758  x:  0.01835   4.80155   0.11106  
  1 99.0000 319780.413014  x:  0.02230   4.80155   0.11104  
  2 15793.0707 319780.302421  x:  0.02230   4.80213   0.10819  
  3 72.4733 319771.028756  x:  0.02223   6.38515   0.11434  
  4 14.6244 319771.011140  x:  0.02223   6.37596   0.11311  
  5  0.0087 319771.011100  x:  0.02223   6.37104   0.11307  
  6  0.0031 319771.011099  x:  0.02223   6.37210   0.11308  
  7  0.0027 319771.011094  x:  0.02223   6.37206   0.11308  
  8  0.0004 319771.011090  x:  0.02223   6.37210   0.11309  

8 (Bom_vet) ... 7 (Bom_syl)
  0  0.0000 334927.835563  x:  0.06242   5.11648   0.14272  
  1 99.0000 334911.667953  x:  0.06785   5.11649   0.14280  
  2 6129.9656 334911.655308  x:  0.06784   5.11696   0.14352  
  3 29.7139 334907.126956  x:  0.06782   5.71636   0.14590  
  4 22.9428 334907.126473  x:  0.06782   5.71571   0.14576  