Supplemental results for CODEML (seqf: /home/yzliu/eDNA/faststorage/yzliu/DK_proj/data/ref_genome/ref_annotation/primary_transcripts/extracted_cds_new/new_transcript_id_8_bom_apis/bootstraps/cat.out.OG_cds_8_species_same_header_fas.shuf_211OG_680.phy  treef: xxx.trees)


pairwise comparison (Goldman & Yang 1994)
seq seq        N       S       dN       dS     dN/dS   Paras.
  2   1 181594.6  58414.4   0.0557   0.5982   0.0931   0.5632   4.2590   0.0931 -419159.454
  3   1 181431.2  58577.8   0.0561   0.6128   0.0915   0.5759   4.2204   0.0915 -420231.418
  3   2 176344.4  63664.6   0.0132   0.1094   0.1210   0.1162   5.7070   0.1210 -357118.463
  4   1 181764.5  58244.5   0.0555   0.6025   0.0921   0.5646   4.1912   0.0921 -419228.091
  4   2 176632.3  63376.7   0.0129   0.1018   0.1269   0.1091   5.6909   0.1269 -355490.433
  4   3 175964.3  64044.7   0.0072   0.0618   0.1168   0.0654   6.1097   0.1168 -343520.217
  5   1 181839.0  58170.0   0.0560   0.6103   0.0917   0.5710   4.2238   0.0917 -419579.346
  5   2 176657.5  63351.5   0.0136   0.1082   0.1254   0.1157   5.7788   0.1254 -356873.215
  5   3 176985.3  63023.7   0.0081   0.0628   0.1291   0.0674   5.3182   0.1291 -344455.760
  5   4 176961.1  63047.9   0.0081   0.0636   0.1280   0.0681   5.5607   0.1280 -344458.323
  6   1 181840.0  58169.0   0.0562   0.6081   0.0924   0.5698   4.2060   0.0924 -419610.409
  6   2 176606.2  63402.8   0.0139   0.1089   0.1280   0.1171   5.8014   0.1280 -357266.356
  6   3 176642.2  63366.8   0.0085   0.0632   0.1342   0.0687   5.5798   0.1342 -344797.675
  6   4 176649.2  63359.8   0.0087   0.0633   0.1367   0.0693   5.8134   0.1367 -344877.759
  6   5 175769.4  64239.6   0.0026   0.0199   0.1327   0.0218   6.8603   0.1327 -328802.633
  7   1 181750.2  58258.8   0.0569   0.6119   0.0930   0.5749   4.2354   0.0930 -420233.985
  7   2 176727.6  63281.4   0.0144   0.1120   0.1286   0.1204   5.6525   0.1286 -358290.445
  7   3 176219.2  63789.8   0.0080   0.0655   0.1223   0.0698   5.9159   0.1223 -344898.272
  7   4 176104.4  63904.6   0.0082   0.0649   0.1269   0.0699   6.2962   0.1269 -344811.644
  7   5 176997.4  63011.6   0.0086   0.0612   0.1404   0.0672   5.5742   0.1404 -344379.471
  7   6 176763.5  63245.5   0.0090   0.0618   0.1456   0.0688   5.7568   0.1456 -344868.758
  8   1 181796.3  58212.7   0.0561   0.6081   0.0922   0.5698   4.2112   0.0922 -419641.177
  8   2 176655.3  63353.7   0.0135   0.1080   0.1252   0.1154   5.7263   0.1252 -356840.824
  8   3 176869.3  63139.7   0.0082   0.0622   0.1314   0.0672   5.3637   0.1314 -344421.679
  8   4 176834.2  63174.8   0.0084   0.0629   0.1331   0.0682   5.6180   0.1331 -344603.598
  8   5 176902.5  63106.5   0.0022   0.0183   0.1215   0.0193   5.6666   0.1215 -327917.938
  8   6 175682.1  64326.9   0.0025   0.0193   0.1306   0.0211   6.8889   0.1306 -328564.523
  8   7 176895.8  63113.2   0.0086   0.0602   0.1428   0.0665   5.6096   0.1428 -344253.169

