

2 (Bom_con) ... 1 (Apis_mel)
  0  0.0000 409136.347793  x:  0.43185   1.39030   0.41130  
  1 99.0000 401128.069913  x:  0.49068   1.46455   0.08664  
  2 24733.6472 400831.538693  x:  0.57442   1.52297   0.08849  
  3 6619.4674 399988.123310  x:  0.50327   2.16913   0.14179  
  4 3852.1083 398872.577306  x:  0.54849   2.72121   0.08453  
  5  1.4191 398593.333762  x:  0.55937   3.37661   0.10909  
  6  0.3659 398478.195583  x:  0.57229   3.86274   0.09422  
  7  0.3105 398474.363995  x:  0.57213   3.96589   0.09710  
  8  0.0737 398474.163645  x:  0.57243   3.99244   0.09660  
  9  0.0233 398474.163601  x:  0.57240   3.99249   0.09661  
 10  0.0001 398474.163600  x:  0.57239   3.99248   0.09661  

3 (Bom_hor) ... 1 (Apis_mel)
  0  0.0000 400670.551029  x:  0.54697   3.39735   0.17902  
  1 99.0000 399524.454369  x:  0.53914   3.39877   0.09857  
  2 21788.1731 399481.345980  x:  0.57336   3.40168   0.09119  
  3 2561.8648 399413.147312  x:  0.58235   4.01376   0.09428  
  4 245.2567 399412.156358  x:  0.58472   4.00357   0.09557  
  5  0.0222 399412.114935  x:  0.58571   4.00065   0.09528  
  6  0.0027 399412.114933  x:  0.58570   4.00052   0.09528  

3 (Bom_hor) ... 2 (Bom_con)
  0  0.0000 339039.066166  x:  0.11564   3.57469   0.19043  
  1 99.0000 338941.474905  x:  0.13246   3.57641   0.15061  
  2 4511.6336 338867.224795  x:  0.12604   3.57805   0.11551  
  3 12566.4478 338775.759095  x:  0.12454   5.14796   0.12882  
  4 143.2036 338771.718342  x:  0.12067   5.12924   0.12833  
  5  0.0228 338771.707796  x:  0.12065   5.12167   0.12787  
  6  0.0075 338771.706787  x:  0.12065   5.11567   0.12790  
  7  0.0038 338771.706784  x:  0.12065   5.11565   0.12790  

4 (Bom_hyp) ... 1 (Apis_mel)
  0  0.0000 400514.791664  x:  0.47170   4.20854   0.23499  
  1 99.0000 398367.989560  x:  0.49305   4.20874   0.10159  
  2 21911.2620 398122.591721  x:  0.57783   4.20718   0.09059  
  3 6761.6384 398118.242148  x:  0.57592   4.03539   0.08970  
  4 48.3178 398112.024340  x:  0.57629   3.99263   0.09374  
  5  0.1687 398112.014208  x:  0.57602   3.99903   0.09376  
  6  0.0062 398112.013966  x:  0.57594   3.99824   0.09376  
  7  0.0007 398112.013965  x:  0.57594   3.99825   0.09376  
  8  0.0000 398112.013965  x:  0.57594   3.99825   0.09376  

4 (Bom_hyp) ... 2 (Bom_con)
  0  0.0000 336665.460139  x:  0.09349   3.53486   0.09556  
  1 99.0000 336535.411842  x:  0.11327   3.53507   0.10029  
  2 13689.2607 336520.530485  x:  0.11194   3.53615   0.11574  
  3 2088.6271 336411.219729  x:  0.11173   5.37589   0.12485  
  4 153.1734 336411.139423  x:  0.11200   5.37563   0.12372  
  5  0.0009 336411.138708  x:  0.11197   5.37789   0.12366  
  6  0.0016 336411.138672  x:  0.11197   5.37907   0.12367  
  7  0.0007 336411.138672  x:  0.11197   5.37912   0.12367  
  8  0.0000 336411.138672  x:  0.11197   5.37912   0.12367  
  9  0.0000 336411.138672  x:  0.11197   5.37912   0.12367  

4 (Bom_hyp) ... 3 (Bom_hor)
  0  0.0000 326215.711867  x:  0.06049   4.44772   0.17392  
  1 99.0000 326167.392497  x:  0.06996   4.44776   0.17244  
  2 10628.5224 326127.436565  x:  0.07012   4.44892   0.13030  
  3 1722.4093 326112.289003  x:  0.07005   5.41887   0.13669  
  4 35.1091 326112.151587  x:  0.07006   5.42458   0.13446  
  5  0.0081 326112.151317  x:  0.07007   5.42909   0.13446  
  6  0.0032 326112.151316  x:  0.07007   5.42918   0.13446  
  7  0.0001 326112.151315  x:  0.07007   5.42915   0.13447  

5 (Bom_mus) ... 1 (Apis_mel)
  0  0.0000 399950.797413  x:  0.55229   4.37336   0.17036  
  1 99.0000 399079.387469  x:  0.54693   4.37323   0.10077  
  2 19758.8330 399033.289996  x:  0.58460   4.37116   0.09298  
  3 2540.9648 399012.414412  x:  0.57943   3.98929   0.09213  
  4 102.2264 399007.842584  x:  0.58220   3.97572   0.09537  
  5  0.0316 399007.840868  x:  0.58197   3.97637   0.09541  
  6  0.0006 399007.840865  x:  0.58197   3.97624   0.09541  
  7  0.0001 399007.840865  x:  0.58197   3.97625   0.09541  
  8  0.0000 399007.840865  x:  0.58197   3.97625   0.09541  
  9  0.0000 399007.840865  x:  0.58197   3.97625   0.09541  

5 (Bom_mus) ... 2 (Bom_con)
  0  0.0000 339128.313670  x:  0.09631   3.57390   0.08675  
  1 99.0000 338869.297334  x:  0.12483   3.57409   0.09784  
  2 18643.7229 338823.189553  x:  0.12058   3.57495   0.12384  
  3 4044.0221 338731.693477  x:  0.12024   5.18240   0.13135  
  4 143.8498 338731.541873  x:  0.12098   5.16618   0.13123  
  5  0.0130 338731.539293  x:  0.12096   5.15863   0.13135  
  6  0.0043 338731.539275  x:  0.12096   5.15804   0.13134  
  7  0.0004 338731.539275  x:  0.12096   5.15802   0.13133  

5 (Bom_mus) ... 3 (Bom_hor)
  0  0.0000 327002.346034  x:  0.07077   4.12162   0.11143  
  1 99.0000 326993.341747  x:  0.07489   4.12167   0.11659  
  2 2806.2998 326971.142698  x:  0.07163   4.12193   0.14084  
  3 3718.9781 326962.442065  x:  0.07151   4.75845   0.14383  
  4 29.7969 326962.163525  x:  0.07221   4.76042   0.14507  
  5  0.0023 326962.158491  x:  0.07216   4.75951   0.14549  
  6  0.0008 326962.158490  x:  0.07216   4.75936   0.14549  
  7  0.0001 326962.158490  x:  0.07216   4.75936   0.14549  
  8  0.0000 326962.158490  x:  0.07216   4.75936   0.14549  
check convergence!


5 (Bom_mus) ... 4 (Bom_hyp)
  0  0.0000 326153.859676  x:  0.06821   3.85580   0.13441  
  1 99.0000 326149.558584  x:  0.07119   3.85589   0.13394  
  2 2916.3481 326147.527600  x:  0.07121   3.85733   0.12583  
  3 484.8510 326091.918846  x:  0.07102   5.62181   0.13713  
  4 81.9842 326091.625275  x:  0.07109   5.61370   0.13384  
  5  0.0081 326091.625240  x:  0.07108   5.61474   0.13382  
  6  0.0008 326091.625236  x:  0.07108   5.61520   0.13382  
  7  0.0003 326091.625236  x:  0.07108   5.61521   0.13382  
  8  0.0000 326091.625236  x:  0.07108   5.61521   0.13382  
  9  0.0000 326091.625236  x:  0.07108   5.61521   0.13382  
 10  0.0956 326091.625236  x:  0.07108   5.61521   0.13382  
 11  0.0016 326091.625236  x:  0.07108   5.61521   0.13382  
 12  0.2614 326091.625236  x:  0.07108   5.61521   0.13382  
check convergence!


6 (Bom_pas) ... 1 (Apis_mel)
  0  0.0000 400101.066467  x:  0.52774   4.60574   0.17014  
  1 99.0000 399326.660093  x:  0.53087   4.60532   0.10297  
  2 18342.9767 399216.177728  x:  0.58978   4.60238   0.09303  
  3 4072.9125 399168.260193  x:  0.58262   4.01250   0.09166  
  4 146.7555 399162.215401  x:  0.58398   3.99113   0.09544  
  5  0.0544 399162.194876  x:  0.58354   3.98811   0.09569  
  6  0.0028 399162.194781  x:  0.58352   3.98882   0.09569  
  7  0.0008 399162.194779  x:  0.58351   3.98879   0.09569  

6 (Bom_pas) ... 2 (Bom_con)
  0  0.0000 339202.400853  x:  0.11677   3.34951   0.18692  
  1 99.0000 339121.988819  x:  0.13227   3.35150   0.15272  
  2 4304.4281 339055.135073  x:  0.12628   3.35366   0.11898  
  3 11119.9356 338917.071526  x:  0.12455   5.20576   0.13619  
  4 191.4337 338914.287031  x:  0.12167   5.20621   0.13308  
  5  0.0048 338914.276518  x:  0.12175   5.20954   0.13265  
  6  0.0037 338914.276027  x:  0.12174   5.21405   0.13267  
  7  0.0022 338914.276026  x:  0.12174   5.21405   0.13267  
  8  0.0000 338914.276026  x:  0.12174   5.21405   0.13267  
  9  0.0000 338914.276026  x:  0.12174   5.21405   0.13268  

6 (Bom_pas) ... 3 (Bom_hor)
  0  0.0000 327351.917609  x:  0.07411   4.42278   0.23601  
  1 99.0000 327339.873463  x:  0.06932   4.42290   0.22930  
  2 2853.3638 327225.387159  x:  0.07135   4.42444   0.14651  
  3 6313.0698 327219.825779  x:  0.07144   4.95797   0.15125  
  4 22.1176 327218.509309  x:  0.07305   4.95841   0.14878  
  5  0.0031 327218.488532  x:  0.07310   4.95500   0.14965  
  6  0.0058 327218.488526  x:  0.07310   4.95452   0.14964  
  7  0.0004 327218.488526  x:  0.07310   4.95452   0.14964  
  8  0.0000 327218.488526  x:  0.07310   4.95452   0.14964  
  9  0.1105 327218.488526  x:  0.07310   4.95452   0.14964  
check convergence!


6 (Bom_pas) ... 4 (Bom_hyp)
  0  0.0000 326549.848592  x:  0.06390   4.17981   0.14798  
  1 99.0000 326515.378855  x:  0.07209   4.17987   0.14744  
  2 8767.1957 326511.230101  x:  0.07217   4.18123   0.13502  
  3 634.7065 326467.280156  x:  0.07204   5.83030   0.14523  
  4 65.6165 326467.057172  x:  0.07211   5.83534   0.14228  
  5  0.0057 326467.056148  x:  0.07211   5.84495   0.14229  
  6  0.0054 326467.056143  x:  0.07211   5.84502   0.14231  
  7  0.0001 326467.056143  x:  0.07211   5.84507   0.14231  

6 (Bom_pas) ... 5 (Bom_mus)
  0  0.0000 310581.353841  x:  0.01776   4.67150   0.14733  
  1 99.0000 310550.140903  x:  0.02183   4.67151   0.14724  
  2 16482.6176 310544.765173  x:  0.02186   4.67260   0.12246  
  3 399.4647 310534.101701  x:  0.02180   6.34866   0.13140  
  4 15.4734 310534.016092  x:  0.02180   6.34719   0.12835  
  5  0.0038 310534.016064  x:  0.02180   6.34964   0.12832  
  6  0.0017 310534.016062  x:  0.02180   6.35019   0.12833  
  7  0.0005 310534.016062  x:  0.02180   6.35020   0.12833  
  8  0.0000 310534.016062  x:  0.02180   6.35019   0.12833  

7 (Bom_syl) ... 1 (Apis_mel)
  0  0.0000 401421.839778  x:  0.45733   5.06115   0.20204  
  1 99.0000 400068.132498  x:  0.49935   5.05991   0.10465  
  2 19344.8953 399764.543095  x:  0.58904   5.05636   0.10660  
  3 8480.4294 399619.753381  x:  0.58154   3.97528   0.10265  
  4 236.3591 399613.499040  x:  0.58455   3.99615   0.09820  
  5  0.0537 399613.408358  x:  0.58356   3.98372   0.09788  
  6  0.0129 399613.403954  x:  0.58334   3.98749   0.09791  
  7  0.0044 399613.403862  x:  0.58330   3.98711   0.09792  
  8  0.0004 399613.403862  x:  0.58330   3.98711   0.09792  

7 (Bom_syl) ... 2 (Bom_con)
  0  0.0000 340203.939293  x:  0.10804   3.47783   0.18371  
  1 99.0000 340120.558682  x:  0.12518   3.47819   0.17798  
  2 9763.2918 340039.890478  x:  0.12505   3.48111   0.13214  
  3 3418.1850 339930.203075  x:  0.12486   5.12248   0.14767  
  4 166.9372 339928.189983  x:  0.12471   5.14434   0.14102  
  5  0.0278 339928.164107  x:  0.12457   5.17267   0.14101  
  6  0.0163 339928.162876  x:  0.12461   5.17562   0.14113  
  7  0.0025 339928.162858  x:  0.12462   5.17582   0.14111  
  8  0.0002 339928.162857  x:  0.12462   5.17582   0.14111  

7 (Bom_syl) ... 3 (Bom_hor)
  0  0.0000 328263.350872  x:  0.06301   4.19446   0.20967  
  1 99.0000 328186.420788  x:  0.07522   4.19450   0.20816  
  2 13305.0244 328135.035349  x:  0.07545   4.19597   0.15515  
  3 1713.9484 328125.114350  x:  0.07541   4.86976   0.16101  
  4 32.1633 328124.985450  x:  0.07546   4.87490   0.15865  
  5  0.0079 328124.985070  x:  0.07549   4.87716   0.15864  
  6  0.0018 328124.985069  x:  0.07549   4.87725   0.15865  
  7  0.0001 328124.985069  x:  0.07549   4.87730   0.15865  
  8  0.0000 328124.985069  x:  0.07549   4.87729   0.15865  
  9  0.0000 328124.985069  x:  0.07549   4.87728   0.15865  

7 (Bom_syl) ... 4 (Bom_hyp)
  0  0.0000 327624.050706  x:  0.07741   4.04769   0.22553  
  1 99.0000 327611.223619  x:  0.07224   4.04785   0.22159  
  2 3856.2621 327505.815736  x:  0.07376   4.05105   0.14471  
  3 3493.0368 327457.936932  x:  0.07384   5.65763   0.16031  
  4 72.8502 327456.389963  x:  0.07447   5.68433   0.15263  
  5  0.0390 327456.359383  x:  0.07470   5.69725   0.15297  
  6  0.0128 327456.358040  x:  0.07469   5.70732   0.15296  
  7  0.0059 327456.358029  x:  0.07469   5.70745   0.15298  
  8  0.0001 327456.358029  x:  0.07469   5.70745   0.15298  

7 (Bom_syl) ... 5 (Bom_mus)
  0  0.0000 326377.759695  x:  0.07439   4.61212   0.17686  
  1 99.0000 326367.344843  x:  0.06971   4.61215   0.17602  
  2 4285.8875 326360.484140  x:  0.07000   4.61275   0.15746  
  3 709.9754 326356.156687  x:  0.06998   5.13148   0.16074  
  4 18.2481 326356.138848  x:  0.06999   5.12174   0.15981  
  5  0.0108 326356.138724  x:  0.06999   5.11893   0.15981  
  6  0.0024 326356.138724  x:  0.06999   5.11893   0.15981  
check convergence!


7 (Bom_syl) ... 6 (Bom_pas)
  0  0.0000 326708.486055  x:  0.05544   4.19782   0.18509  
  1 99.0000 326578.926624  x:  0.07049   4.19787   0.18444  
  2 18778.5731 326566.121401  x:  0.07063   4.19942   0.15831  
  3 913.9874 326543.061107  x:  0.07056   5.33302   0.16703  
  4 47.2351 326542.943120  x:  0.07060   5.33185   0.16458  
  5  0.0030 326542.943071  x:  0.07060   5.33271   0.16457  
  6  0.0007 326542.943070  x:  0.07060   5.33287   0.16458  
  7  0.0001 326542.943070  x:  0.07060   5.33281   0.16457  
  8  0.0000 326542.943070  x:  0.07060   5.33281   0.16457  
  9  0.0000 326542.943070  x:  0.07060   5.33281   0.16457  
 10  0.0576 326542.943070  x:  0.07060   5.33281   0.16457  
 11  0.0810 326542.943070  x:  0.07060   5.33281   0.16457  
check convergence!


8 (Bom_vet) ... 1 (Apis_mel)
  0  0.0000 402288.148467  x:  0.43640   4.36660   0.26184  
  1 99.0000 399432.909850  x:  0.50016   4.36636   0.10139  
  2 22492.0340 399200.023185  x:  0.57246   4.36462   0.10669  
  3 7425.2102 399168.479152  x:  0.57066   3.91237   0.10368  
  4 130.5922 399150.002349  x:  0.58076   3.97678   0.09566  
  5  0.1977 399149.825014  x:  0.58308   3.97916   0.09570  
  6  0.0027 399149.824836  x:  0.58310   3.97913   0.09568  
  7  0.0000 399149.824835  x:  0.58310   3.97917   0.09568  

8 (Bom_vet) ... 2 (Bom_con)
  0  0.0000 338947.745777  x:  0.11414   3.47222   0.14242  
  1 99.0000 338932.258615  x:  0.12160   3.47258   0.13931  
  2 3916.0471 338920.922641  x:  0.12116   3.47448   0.12416  
  3 1624.5528 338809.050214  x:  0.12101   5.19000   0.13697  
  4 166.8773 338808.264116  x:  0.12109   5.19802   0.13287  
  5  0.0087 338808.258022  x:  0.12111   5.21386   0.13289  
  6  0.0081 338808.257963  x:  0.12110   5.21409   0.13292  
  7  0.0002 338808.257963  x:  0.12110   5.21409   0.13291  
  8  0.0000 338808.257963  x:  0.12110   5.21411   0.13291  
  9  0.0000 338808.257963  x:  0.12110   5.21411   0.13291  
check convergence!


8 (Bom_vet) ... 3 (Bom_hor)
  0  0.0000 327164.080472  x:  0.07302   4.33294   0.24798  
  1 99.0000 327150.903336  x:  0.06805   4.33308   0.24084  
  2 2956.6692 327011.108715  x:  0.07003   4.33490   0.14644  
  3 6898.6882 327005.261452  x:  0.07013   4.87220   0.15162  
  4 23.1125 327003.449190  x:  0.07198   4.87397   0.14844  
  5  0.0043 327003.407551  x:  0.07207   4.86853   0.14966  
  6  0.0097 327003.407536  x:  0.07207   4.86775   0.14964  
  7  0.0007 327003.407536  x:  0.07207   4.86774   0.14964  
  8  0.0000 327003.407536  x:  0.07207   4.86774   0.14964  
  9  0.0000 327003.407536  x:  0.07207   4.86773   0.14964  
 10  0.0000 327003.407536  x:  0.07207   4.86774   0.14964  

8 (Bom_vet) ... 4 (Bom_hyp)
  0  0.0000 326557.986621  x:  0.06823   3.98116   0.21573  
  1 99.0000 326544.922287  x:  0.07346   3.98135   0.21106  
  2 3830.2723 326419.337787  x:  0.07302   3.98451   0.13050  
  3 4512.2257 326367.568835  x:  0.07271   5.66254   0.14647  
  4 75.4278 326365.427487  x:  0.07210   5.70755   0.13813  
  5  0.0663 326365.352799  x:  0.07173   5.73301   0.13870  
  6  0.0242 326365.348514  x:  0.07176   5.75175   0.13872  
  7  0.0107 326365.348500  x:  0.07176   5.75166   0.13874  
  8  0.0001 326365.348500  x:  0.07176   5.75165   0.13874  
  9  0.0000 326365.348500  x:  0.07176   5.75165   0.13874  
 10  0.0000 326365.348500  x:  0.07176   5.75165   0.13874  
 11  0.0070 326365.348500  x:  0.07176   5.75165   0.13874  

8 (Bom_vet) ... 5 (Bom_mus)
  0  0.0000 310324.241198  x:  0.02232   4.68326   0.15232  
  1 99.0000 310321.295548  x:  0.02099   4.68326   0.15218  
  2 4289.2789 310314.031957  x:  0.02105   4.68400   0.12241  
  3 447.5436 310310.749340  x:  0.02101   5.54061   0.12709  
  4  8.4803 310310.729148  x:  0.02101   5.54377   0.12563  
  5  0.0043 310310.729129  x:  0.02101   5.54599   0.12563  
  6  0.0017 310310.729129  x:  0.02101   5.54601   0.12563  
  7  0.0000 310310.729129  x:  0.02101   5.54602   0.12563  
  8  0.0000 310310.729129  x:  0.02101   5.54602   0.12563  
  9  0.0000 310310.729129  x:  0.02101   5.54602   0.12563  
 10  0.0166 310310.729129  x:  0.02101   5.54602   0.12563  
 11  0.0039 310310.729129  x:  0.02101   5.54602   0.12563  
check convergence!


8 (Bom_vet) ... 6 (Bom_pas)
  0  0.0000 310583.882961  x:  0.01923   4.44779   0.16994  
  1 99.0000 310571.689055  x:  0.02184   4.44780   0.16978  
  2 9751.1503 310555.765292  x:  0.02189   4.45006   0.12473  
  3 611.5778 310527.615899  x:  0.02177   7.29863   0.14369  
  4 26.5775 310526.783875  x:  0.02180   7.34897   0.13396  
  5  0.0604 310526.761734  x:  0.02180   7.45565   0.13372  
  6  0.0463 310526.760491  x:  0.02180   7.46311   0.13410  
  7  0.0074 310526.760490  x:  0.02180   7.46329   0.13409  

8 (Bom_vet) ... 7 (Bom_syl)
  0  0.0000 326268.413894  x:  0.06918   5.87422   0.23485  
  1 99.0000 326249.909079  x:  0.06408   5.87416   0.21476  
  2 1731.6825 326201.088756  x:  0.06738   5.87398   0.16176  
  3 17584.6770 326195.819717  x:  0.06738   5.22040   0.15835  
  4 14.7250 326193.788413  x:  0.06914   5.20763   0.16290  
  5  0.0156 326193.729203  x:  0.06930   5.21539   0.16140  
  6  0.0105 326193.729161  x:  0.06930   5.21387   0.16137  
  7  0.0018 326193.729161  x:  0.06929   5.21394   0.16137  
  8  0.0001 326193.729161  x:  0.06929   5.21393   0.16137  
  9  0.0000 326193.729161  x:  0.06929   5.21393   0.16137  