Supplemental results for CODEML (seqf: /home/yzliu/eDNA/faststorage/yzliu/DK_proj/data/ref_genome/ref_annotation/primary_transcripts/extracted_cds_new/new_transcript_id_7_and_pas/bootstraps/cat.out.OG_cds_7_species_same_header_fas.shuf_537OG_808.phy  treef: xxx.trees)


pairwise comparison (Goldman & Yang 1994)
seq seq        N       S       dN       dS     dN/dS   Paras.
  2   1 471110.0 181660.0   0.0104   0.1652   0.0633   0.1605   3.5608   0.0633 -1007071.420
  3   1 471003.4 181766.6   0.0104   0.1585   0.0653   0.1548   3.4379   0.0653 -1005035.389
  3   2 470090.0 182680.0   0.0101   0.1483   0.0682   0.1463   3.7691   0.0682 -999760.746
  4   1 470673.0 182097.0   0.0081   0.1184   0.0683   0.1166   3.4934   0.0683 -983282.933
  4   2 469206.6 183563.4   0.0101   0.1533   0.0658   0.1511   3.9234   0.0658 -1001604.255
  4   3 468499.7 184270.3   0.0101   0.1480   0.0684   0.1471   3.8576   0.0684 -1000444.240
  5   1 473695.7 179074.3   0.0057   0.0928   0.0616   0.0888   3.0516   0.0616 -965104.145
  5   2 471299.6 181470.4   0.0105   0.1621   0.0647   0.1579   3.5090   0.0647 -1006317.683
  5   3 471379.9 181390.1   0.0104   0.1558   0.0670   0.1525   3.3672   0.0670 -1004539.612
  5   4 471370.0 181400.0   0.0080   0.1148   0.0695   0.1130   3.3797   0.0695 -981597.906
  6   1 475449.2 177320.8   0.0073   0.1175   0.0619   0.1116   2.8692   0.0619 -980541.717
  6   2 472208.6 180561.4   0.0096   0.1545   0.0622   0.1491   3.3986   0.0622 -1001127.432
  6   3 471766.1 181003.9   0.0097   0.1505   0.0646   0.1463   3.3268   0.0646 -1000621.762
  6   4 472005.3 180764.7   0.0076   0.1117   0.0682   0.1093   3.3082   0.0682 -979035.752
  6   5 476119.6 176650.4   0.0074   0.1136   0.0650   0.1084   2.7837   0.0650 -979288.950
  7   1 466650.7 186119.3   0.0663   1.1954   0.0555   1.1647   3.9761   0.0555 -1224560.396
  7   2 463913.7 188856.3   0.0672   1.2551   0.0535   1.2326   4.2285   0.0535 -1227680.998
  7   3 465631.2 187138.8   0.0667   1.1988   0.0557   1.1738   4.0795   0.0557 -1225139.577
  7   4 465133.8 187636.2   0.0664   1.2042   0.0552   1.1804   4.1398   0.0552 -1224768.608
  7   5 466749.3 186020.7   0.0664   1.1900   0.0558   1.1597   3.9717   0.0558 -1224540.986
  7   6 466643.1 186126.9   0.0660   1.1942   0.0553   1.1630   3.9827   0.0553 -1223975.951

