Supplemental results for CODEML (seqf: /home/yzliu/eDNA/faststorage/yzliu/DK_proj/data/ref_genome/ref_annotation/primary_transcripts/extracted_cds_new/new_transcript_id_7_and_pas/bootstraps/cat.out.OG_cds_7_species_same_header_fas.shuf_537OG_198.phy  treef: xxx.trees)


pairwise comparison (Goldman & Yang 1994)
seq seq        N       S       dN       dS     dN/dS   Paras.
  2   1 491565.4 192494.6   0.0096   0.1673   0.0574   0.1619   3.6982   0.0574 -1055949.503
  3   1 491898.4 192161.6   0.0095   0.1618   0.0589   0.1569   3.5252   0.0589 -1054254.748
  3   2 489399.0 194661.0   0.0093   0.1520   0.0614   0.1498   4.0846   0.0614 -1049136.393
  4   1 491669.5 192390.5   0.0073   0.1209   0.0605   0.1178   3.5492   0.0605 -1031503.561
  4   2 488828.0 195232.0   0.0089   0.1554   0.0574   0.1521   4.1697   0.0574 -1049418.183
  4   3 488521.1 195538.9   0.0090   0.1504   0.0601   0.1483   4.0518   0.0601 -1048471.853
  5   1 494229.6 189830.4   0.0055   0.0919   0.0596   0.0884   3.1771   0.0596 -1012241.976
  5   2 490616.1 193443.9   0.0095   0.1631   0.0584   0.1589   3.7954   0.0584 -1054558.354
  5   3 491034.5 193025.5   0.0095   0.1556   0.0608   0.1521   3.6090   0.0608 -1052004.774
  5   4 490720.1 193339.9   0.0072   0.1138   0.0629   0.1119   3.6457   0.0629 -1028093.959
  6   1 496283.9 187776.1   0.0070   0.1204   0.0583   0.1145   2.9593   0.0583 -1030193.447
  6   2 492133.1 191926.9   0.0088   0.1574   0.0562   0.1516   3.5944   0.0562 -1050290.591
  6   3 491938.9 192121.1   0.0090   0.1517   0.0593   0.1472   3.4980   0.0593 -1049074.915
  6   4 492112.8 191947.2   0.0068   0.1141   0.0597   0.1107   3.4702   0.0597 -1026970.099
  6   5 495741.1 188318.9   0.0070   0.1137   0.0615   0.1091   2.9943   0.0615 -1027323.911
  7   1 489115.5 194944.5   0.0650   1.1365   0.0572   1.1112   4.0252   0.0572 -1280812.805
  7   2 485900.0 198160.0   0.0659   1.1922   0.0553   1.1766   4.3266   0.0553 -1283812.353
  7   3 487776.8 196283.2   0.0655   1.1370   0.0576   1.1189   4.1720   0.0576 -1281202.457
  7   4 487637.4 196422.6   0.0649   1.1393   0.0569   1.1201   4.1948   0.0569 -1280122.877
  7   5 489272.6 194787.4   0.0650   1.1232   0.0579   1.0989   4.0343   0.0579 -1279941.121
  7   6 489141.5 194918.5   0.0648   1.1299   0.0574   1.1049   4.0388   0.0574 -1279954.783

