

2 (Bom_con) ... 1 (Apis_mel)
  0  0.0000 428152.410757  x:  0.57342   1.54663   0.52419  
  1 99.0000 418609.189550  x:  0.38591   1.62959   0.12278  
  2 25590.6836 418245.411009  x:  0.40064   1.63767   0.08946  
  3 31200.8538 415344.214753  x:  0.51195   3.88663   0.12997  
  4 3959.1019 414963.128742  x:  0.59423   3.65999   0.09688  
  5  0.1522 414961.561348  x:  0.59768   3.74169   0.09752  
  6  0.0264 414961.424503  x:  0.59810   3.74946   0.09689  
  7  0.0089 414961.419671  x:  0.59775   3.75145   0.09693  
  8  0.0015 414961.419671  x:  0.59775   3.75142   0.09693  

3 (Bom_hor) ... 1 (Apis_mel)
  0  0.0000 416170.455458  x:  0.54864   3.40110   0.07716  
  1 99.0000 415953.100761  x:  0.55516   3.40114   0.10001  
  2 20529.9491 415860.769387  x:  0.61004   3.40284   0.09418  
  3 3618.9628 415834.562231  x:  0.61492   3.76144   0.09493  
  4 154.9011 415833.823796  x:  0.61600   3.76032   0.09341  
  5  0.0018 415833.823554  x:  0.61598   3.76129   0.09341  
  6  0.0008 415833.823554  x:  0.61598   3.76129   0.09341  
  7  0.0000 415833.823554  x:  0.61598   3.76129   0.09341  

3 (Bom_hor) ... 2 (Bom_con)
  0  0.0000 351253.255517  x:  0.12745   3.26323   0.10853  
  1 99.0000 351242.206625  x:  0.12293   3.26412   0.11841  
  2 2078.1237 351239.360579  x:  0.12540   3.26483   0.12254  
  3 1758.7794 351131.107622  x:  0.12563   4.79693   0.13158  
  4 183.8141 351131.037411  x:  0.12532   4.77813   0.13076  
  5  0.0157 351131.034300  x:  0.12538   4.76990   0.13069  
  6  0.0053 351131.034197  x:  0.12537   4.76914   0.13073  
  7  0.0006 351131.034197  x:  0.12536   4.76914   0.13073  

4 (Bom_hyp) ... 1 (Apis_mel)
  0  0.0000 416382.770042  x:  0.54860   4.17625   0.20852  
  1 99.0000 414645.109330  x:  0.54293   4.17618   0.10143  
  2 23536.0645 414528.195461  x:  0.59770   4.17392   0.08834  
  3 4391.7185 414507.213002  x:  0.59206   3.80966   0.08726  
  4 108.6149 414482.467481  x:  0.60218   3.76980   0.09359  
  5  0.1220 414482.327438  x:  0.60412   3.78793   0.09332  
  6  0.0178 414482.323531  x:  0.60427   3.78446   0.09326  
  7  0.0036 414482.323522  x:  0.60427   3.78450   0.09325  

4 (Bom_hyp) ... 2 (Bom_con)
  0  0.0000 348367.378038  x:  0.09751   3.47351   0.20695  
  1 99.0000 348267.552137  x:  0.11514   3.47386   0.19934  
  2 11083.8008 348049.901656  x:  0.11524   3.47753   0.12003  
  3 5243.9192 347948.051283  x:  0.11495   5.07556   0.13682  
  4 157.3923 347943.845926  x:  0.11444   5.12381   0.12783  
  5  0.0740 347943.708665  x:  0.11385   5.16307   0.12819  
  6  0.0292 347943.699936  x:  0.11394   5.17941   0.12829  
  7  0.0096 347943.699921  x:  0.11394   5.17954   0.12827  
  8  0.0001 347943.699921  x:  0.11394   5.17955   0.12827  
  9  0.0000 347943.699921  x:  0.11394   5.17954   0.12827  

4 (Bom_hyp) ... 3 (Bom_hor)
  0  0.0000 337392.112473  x:  0.06807   4.12894   0.24554  
  1 99.0000 337372.819151  x:  0.07441   4.12912   0.23791  
  2 4020.5739 337144.301914  x:  0.07405   4.13180   0.12514  
  3 7506.4484 337127.457613  x:  0.07383   5.02464   0.13421  
  4 42.0856 337124.754226  x:  0.07229   5.06604   0.12760  
  5  0.0573 337124.373671  x:  0.07160   5.05774   0.12996  
  6  0.0129 337124.373614  x:  0.07160   5.05766   0.12992  
  7  0.0001 337124.373613  x:  0.07160   5.05757   0.12992  

5 (Bom_mus) ... 1 (Apis_mel)
  0  0.0000 416163.070101  x:  0.49891   4.29110   0.15747  
  1 99.0000 415505.933597  x:  0.52048   4.29052   0.10010  
  2 17541.7772 415190.290363  x:  0.61987   4.28728   0.09546  
  3 8216.8547 415150.033286  x:  0.61438   3.78875   0.09383  
  4 150.7269 415149.592125  x:  0.61394   3.79045   0.09280  
  5  0.0039 415149.544443  x:  0.61259   3.78603   0.09295  
  6  0.0041 415149.544191  x:  0.61258   3.78716   0.09296  
  7  0.0014 415149.544191  x:  0.61258   3.78716   0.09296  
  8  0.0000 415149.544191  x:  0.61258   3.78716   0.09296  
  9  0.0000 415149.544191  x:  0.61258   3.78716   0.09296  
 10  0.0000 415149.544191  x:  0.61258   3.78716   0.09296  
check convergence!


5 (Bom_mus) ... 2 (Bom_con)
  0  0.0000 350272.681782  x:  0.11650   3.22700   0.15419  
  1 99.0000 350245.270482  x:  0.12623   3.22784   0.14424  
  2 4030.8474 350208.507516  x:  0.12382   3.23020   0.11849  
  3 4512.7742 350052.352506  x:  0.12317   5.12141   0.13468  
  4 217.6535 350050.479204  x:  0.12261   5.13090   0.12887  
  5  0.0114 350050.466369  x:  0.12261   5.15264   0.12882  
  6  0.0103 350050.466019  x:  0.12262   5.15356   0.12890  

5 (Bom_mus) ... 3 (Bom_hor)
  0  0.0000 337732.597150  x:  0.07436   4.11891   0.17573  
  1 99.0000 337723.955728  x:  0.07039   4.11905   0.17021  
  2 2488.3030 337677.260792  x:  0.07247   4.12015   0.12771  
  3 5008.2930 337664.937116  x:  0.07253   4.87156   0.13314  
  4 36.2247 337664.563801  x:  0.07331   4.87246   0.13136  
  5  0.0023 337664.559112  x:  0.07336   4.87216   0.13170  
  6  0.0006 337664.559111  x:  0.07336   4.87221   0.13169  
  7  0.0000 337664.559111  x:  0.07336   4.87220   0.13169  
  8  0.0000 337664.559111  x:  0.07336   4.87220   0.13169  

5 (Bom_mus) ... 4 (Bom_hyp)
  0  0.0000 336213.259499  x:  0.06259   3.98726   0.14005  
  1 99.0000 336185.660128  x:  0.06973   3.98734   0.13910  
  2 7960.8607 336174.303024  x:  0.06982   3.98892   0.11971  
  3 1113.9917 336110.433127  x:  0.06964   5.96281   0.13183  
  4 82.5418 336109.884992  x:  0.06973   5.97459   0.12757  
  5  0.0127 336109.879888  x:  0.06974   5.99690   0.12759  
  6  0.0111 336109.879836  x:  0.06973   5.99720   0.12763  
  7  0.0003 336109.879836  x:  0.06973   5.99721   0.12763  

6 (Bom_pas) ... 1 (Apis_mel)
  0  0.0000 417087.734137  x:  0.57144   4.92652   0.19992  
  1 99.0000 415553.138803  x:  0.56482   4.92566   0.10185  
  2 23129.9351 415447.836738  x:  0.61938   4.92101   0.08888  
  3 3932.3423 415275.547892  x:  0.60294   3.78425   0.08710  
  4 264.6838 415253.415716  x:  0.61288   3.76946   0.09312  
  5  0.0520 415253.358264  x:  0.61342   3.78714   0.09311  
  6  0.0270 415253.357608  x:  0.61356   3.78668   0.09308  
  7  0.0004 415253.357607  x:  0.61355   3.78669   0.09308  

6 (Bom_pas) ... 2 (Bom_con)
  0  0.0000 350601.075404  x:  0.10993   3.31559   0.15087  
  1 99.0000 350544.352418  x:  0.12393   3.31598   0.14668  
  2 8121.7997 350513.419069  x:  0.12376   3.31831   0.12203  
  3 2476.4838 350378.106982  x:  0.12358   5.07832   0.13653  
  4 197.6294 350376.449119  x:  0.12363   5.09359   0.13082  
  5  0.0169 350376.429046  x:  0.12365   5.12105   0.13082  
  6  0.0134 350376.428767  x:  0.12364   5.12147   0.13089  
  7  0.0004 350376.428767  x:  0.12364   5.12148   0.13089  

6 (Bom_pas) ... 3 (Bom_hor)
  0  0.0000 338264.428298  x:  0.05825   4.11611   0.10285  
  1 99.0000 338102.613947  x:  0.07550   4.11614   0.10503  
  2 20478.5251 338078.845993  x:  0.07490   4.11653   0.13009  
  3 2107.0940 338063.041103  x:  0.07482   4.97775   0.13384  
  4 41.2706 338063.034782  x:  0.07473   4.97355   0.13407  
  5  0.0032 338063.034768  x:  0.07473   4.97303   0.13408  

6 (Bom_pas) ... 4 (Bom_hyp)
  0  0.0000 336951.041652  x:  0.06085   4.25330   0.23853  
  1 99.0000 336893.072437  x:  0.07110   4.25338   0.23577  
  2 11543.7292 336673.320918  x:  0.07150   4.25686   0.12536  
  3 3270.8375 336627.067682  x:  0.07138   5.91774   0.14109  
  4 67.0080 336624.577385  x:  0.07137   5.98871   0.13200  
  5  0.1307 336624.523938  x:  0.07124   6.05670   0.13231  
  6  0.0386 336624.522943  x:  0.07128   6.05898   0.13235  
  7  0.0018 336624.522940  x:  0.07128   6.05934   0.13234  

6 (Bom_pas) ... 5 (Bom_mus)
  0  0.0000 320492.031908  x:  0.01956   4.98685   0.13379  
  1 99.0000 320484.697173  x:  0.02160   4.98685   0.13366  
  2 7553.0882 320477.291042  x:  0.02164   4.98757   0.10724  
  3 508.6287 320470.235274  x:  0.02158   6.39977   0.11338  
  4 11.6358 320470.172525  x:  0.02157   6.40574   0.11109  
  5  0.0076 320470.172347  x:  0.02156   6.41099   0.11108  
  6  0.0038 320470.172344  x:  0.02156   6.41231   0.11109  
  7  0.0075 320470.172341  x:  0.02156   6.41248   0.11109  
  8  0.0002 320470.172339  x:  0.02156   6.41247   0.11109  

7 (Bom_syl) ... 1 (Apis_mel)
  0  0.0000 416507.366631  x:  0.47916   5.25944   0.14691  
  1 99.0000 415953.898328  x:  0.51939   5.25783   0.09803  
  2 14941.5857 415573.133993  x:  0.61432   5.25340   0.10577  
  3 12656.5277 415287.625283  x:  0.60183   3.72782   0.10240  
  4 325.8365 415270.032364  x:  0.60886   3.80064   0.09509  
  5  0.1009 415269.918512  x:  0.60880   3.77804   0.09480  
  6  0.0363 415269.918326  x:  0.60878   3.77829   0.09478  
  7  0.0003 415269.918323  x:  0.60877   3.77826   0.09478  
  8  0.0000 415269.918323  x:  0.60877   3.77826   0.09478  
  9  0.0000 415269.918323  x:  0.60877   3.77826   0.09478  

7 (Bom_syl) ... 2 (Bom_con)
  0  0.0000 350807.988313  x:  0.10834   3.25493   0.15847  
  1 99.0000 350738.667535  x:  0.12372   3.25535   0.15441  
  2 9169.3891 350703.139856  x:  0.12367   3.25816   0.12671  
  3 2502.1304 350547.172847  x:  0.12345   5.24884   0.14452  
  4 217.5776 350544.722905  x:  0.12357   5.21788   0.13712  
  5  0.0328 350544.706587  x:  0.12361   5.19390   0.13684  
  6  0.0122 350544.705662  x:  0.12359   5.19179   0.13697  
  7  0.0020 350544.705659  x:  0.12359   5.19179   0.13697  
  8  0.0000 350544.705659  x:  0.12359   5.19179   0.13697  

7 (Bom_syl) ... 3 (Bom_hor)
  0  0.0000 338009.783204  x:  0.07293   4.36844   0.17202  
  1 99.0000 338000.619090  x:  0.07724   4.36865   0.16289  
  2 1864.8748 337972.851604  x:  0.07523   4.36939   0.13168  
  3 6957.3000 337964.345119  x:  0.07508   5.02653   0.13594  
  4 28.1368 337963.983347  x:  0.07420   5.02182   0.13586  
  5  0.0050 337963.983303  x:  0.07420   5.02030   0.13586  
  6  0.0012 337963.983302  x:  0.07420   5.02029   0.13586  
  7  0.0000 337963.983302  x:  0.07420   5.02028   0.13586  

7 (Bom_syl) ... 4 (Bom_hyp)
  0  0.0000 336708.002948  x:  0.06876   4.04156   0.19714  
  1 99.0000 336692.546953  x:  0.07445   4.04200   0.18702  
  2 2764.7411 336608.419742  x:  0.07281   4.04463   0.12686  
  3 9026.7777 336540.956324  x:  0.07223   6.10663   0.14387  
  4 84.3627 336538.337129  x:  0.07097   6.12429   0.13603  
  5  0.0237 336538.296995  x:  0.07072   6.13038   0.13665  
  6  0.0069 336538.296423  x:  0.07071   6.13704   0.13661  
  7  0.0038 336538.296376  x:  0.07072   6.13811   0.13664  

7 (Bom_syl) ... 5 (Bom_mus)
  0  0.0000 335693.559272  x:  0.06255   5.08988   0.24341  
  1 99.0000 335679.809873  x:  0.06770   5.08993   0.24000  
  2 4688.3071 335504.679491  x:  0.06773   5.09150   0.13496  
  3 3729.4230 335498.243650  x:  0.06765   5.82377   0.14036  
  4 19.4442 335497.689041  x:  0.06715   5.83914   0.13647  
  5  0.0246 335497.605439  x:  0.06680   5.83048   0.13738  
  6  0.0106 335497.605409  x:  0.06680   5.82907   0.13735  
  7  0.0012 335497.605409  x:  0.06680   5.82904   0.13736  

7 (Bom_syl) ... 6 (Bom_pas)
  0  0.0000 336106.369100  x:  0.05691   4.86016   0.21754  
  1 99.0000 336037.791570  x:  0.06770   4.86020   0.21573  
  2 13339.0693 335930.500613  x:  0.06800   4.86180   0.13752  
  3 2325.4221 335916.890789  x:  0.06796   5.87316   0.14469  
  4 30.0688 335916.624001  x:  0.06798   5.88909   0.14152  
  5  0.0271 335916.623105  x:  0.06800   5.89757   0.14148  
  6  0.0064 335916.623092  x:  0.06799   5.89793   0.14151  
  7  0.0003 335916.623092  x:  0.06799   5.89792   0.14150  

8 (Bom_vet) ... 1 (Apis_mel)
  0  0.0000 416056.198010  x:  0.51965   4.71222   0.14482  
  1 99.0000 415639.442759  x:  0.53543   4.71142   0.10065  
  2 15068.6433 415382.247580  x:  0.62893   4.70673   0.09458  
  3 7098.8296 415266.549652  x:  0.61840   3.80719   0.09263  
  4 230.4099 415265.972802  x:  0.61376   3.80049   0.09332  
  5  0.0072 415265.957298  x:  0.61362   3.80233   0.09315  
  6  0.0033 415265.957291  x:  0.61363   3.80251   0.09315  
  7  0.0003 415265.957291  x:  0.61363   3.80251   0.09315  

8 (Bom_vet) ... 2 (Bom_con)
  0  0.0000 350609.005499  x:  0.12982   3.31655   0.20571  
  1 99.0000 350527.094303  x:  0.11380   3.31736   0.19017  
  2 7022.9788 350336.869773  x:  0.11857   3.32116   0.12094  
  3 7785.0024 350198.453881  x:  0.11945   5.07735   0.13972  
  4 199.9442 350191.823898  x:  0.12214   5.11884   0.12974  
  5  0.0534 350191.633408  x:  0.12282   5.14044   0.13072  
  6  0.0225 350191.615800  x:  0.12281   5.16502   0.13059  
  7  0.0133 350191.615155  x:  0.12279   5.16626   0.13069  
  8  0.0012 350191.615155  x:  0.12279   5.16628   0.13069  
  9  0.0000 350191.615155  x:  0.12279   5.16628   0.13069  
check convergence!


8 (Bom_vet) ... 3 (Bom_hor)
  0  0.0000 338173.535868  x:  0.07116   4.12543   0.22663  
  1 99.0000 338155.703906  x:  0.07737   4.12562   0.21806  
  2 3471.6515 338003.912435  x:  0.07643   4.12764   0.13061  
  3 7863.6884 337990.340742  x:  0.07621   4.90937   0.13791  
  4 38.3054 337988.178560  x:  0.07443   4.92493   0.13358  
  5  0.0185 337988.057739  x:  0.07414   4.91852   0.13526  
  6  0.0104 337988.057694  x:  0.07413   4.91739   0.13523  
  7  0.0010 337988.057693  x:  0.07413   4.91724   0.13523  
  8  0.0001 337988.057693  x:  0.07413   4.91723   0.13523  
  9  0.0000 337988.057692  x:  0.07413   4.91723   0.13523  

8 (Bom_vet) ... 4 (Bom_hyp)
  0  0.0000 336805.692348  x:  0.05630   4.09841   0.16738  
  1 99.0000 336685.158423  x:  0.07073   4.09849   0.16598  
  2 18075.7036 336642.226277  x:  0.07095   4.10054   0.12482  
  3 1861.1505 336580.673398  x:  0.07081   6.05917   0.13858  
  4 79.1340 336579.653436  x:  0.07090   6.08241   0.13270  
  5  0.0289 336579.640398  x:  0.07093   6.11738   0.13265  
  6  0.0183 336579.640045  x:  0.07092   6.11884   0.13276  
  7  0.0014 336579.640040  x:  0.07092   6.11896   0.13275  
  8  0.0001 336579.640040  x:  0.07092   6.11896   0.13275  
  9  0.0000 336579.640040  x:  0.07092   6.11896   0.13275  
 10  0.0000 336579.640040  x:  0.07092   6.11896   0.13275  
 11  0.0013 336579.640040  x:  0.07092   6.11896   0.13275  
check convergence!


8 (Bom_vet) ... 5 (Bom_mus)
  0  0.0000 320232.780699  x:  0.01832   4.85813   0.23568  
  1 99.0000 320224.193762  x:  0.02045   4.85813   0.23541  
  2 8444.0489 320126.946726  x:  0.02055   4.86041   0.10755  
  3 1112.8338 320121.460720  x:  0.02052   6.02272   0.11659  
  4 10.6591 320120.975569  x:  0.02052   6.09065   0.11056  
  5  0.1698 320120.968611  x:  0.02051   6.13158   0.11024  
  6  0.0322 320120.968275  x:  0.02051   6.13732   0.11040  
  7  0.0051 320120.968274  x:  0.02051   6.13749   0.11040  
  8  0.0002 320120.968274  x:  0.02051   6.13749   0.11040  
  9  0.0000 320120.968274  x:  0.02051   6.13749   0.11040  

8 (Bom_vet) ... 6 (Bom_pas)
  0  0.0000 320770.258559  x:  0.01803   5.02871   0.22106  
  1 99.0000 320742.835520  x:  0.02180   5.02871   0.22079  
  2 15514.9145 320661.216673  x:  0.02190   5.03080   0.11078  
  3 1101.8638 320652.827976  x:  0.02187   6.54337   0.12120  
  4 12.9087 320652.135096  x:  0.02189   6.61918   0.11353  
  5  0.1591 320652.125640  x:  0.02190   6.68088   0.11370  
  6  0.0401 320652.125633  x:  0.02190   6.68220   0.11371  
  7  0.0050 320652.125608  x:  0.02190   6.68187   0.11373  
  8  0.0010 320652.125600  x:  0.02190   6.68178   0.11376  
  9  0.0001 320652.125596  x:  0.02190   6.68169   0.11375  
 10  0.0004 320652.125584  x:  0.02190   6.68169   0.11375  
 11  0.0001 320652.125584  x:  0.02190   6.68169   0.11375  
check convergence!


8 (Bom_vet) ... 7 (Bom_syl)
  0  0.0000 335787.706570  x:  0.05883   5.44266   0.19246  
  1 99.0000 335750.188908  x:  0.06690   5.44268   0.19103  
  2 9587.9768 335700.298276  x:  0.06708   5.44330   0.13988  
  3 1760.4979 335697.580796  x:  0.06707   5.94423   0.14251  
  4 11.5935 335697.562617  x:  0.06707   5.94269   0.14165  
  5  0.0026 335697.562563  x:  0.06707   5.94042   0.14164  