Supplemental results for CODEML (seqf: /home/yzliu/eDNA/faststorage/yzliu/DK_proj/data/ref_genome/ref_annotation/primary_transcripts/extracted_cds_new/new_transcript_id_7_and_pas/bootstraps/cat.out.OG_cds_7_species_same_header_fas.shuf_537OG_651.phy  treef: xxx.trees)


pairwise comparison (Goldman & Yang 1994)
seq seq        N       S       dN       dS     dN/dS   Paras.
  2   1 487343.2 189639.8   0.0097   0.1608   0.0602   0.1560   3.5896   0.0602 -1041653.164
  3   1 486912.3 190070.7   0.0093   0.1555   0.0597   0.1510   3.5075   0.0597 -1039286.566
  3   2 485793.2 191189.8   0.0093   0.1457   0.0638   0.1435   3.8576   0.0638 -1034590.330
  4   1 486662.0 190321.0   0.0073   0.1169   0.0629   0.1144   3.5406   0.0629 -1017930.057
  4   2 485421.2 191561.8   0.0094   0.1486   0.0634   0.1464   3.9141   0.0634 -1036064.320
  4   3 484606.1 192376.9   0.0090   0.1444   0.0624   0.1425   3.8659   0.0624 -1034161.113
  5   1 489986.3 186996.7   0.0054   0.0916   0.0584   0.0875   3.0878   0.0584 -999965.222
  5   2 486888.4 190094.6   0.0098   0.1572   0.0621   0.1535   3.6177   0.0621 -1040734.622
  5   3 487005.3 189977.7   0.0093   0.1507   0.0617   0.1469   3.4685   0.0617 -1037644.674
  5   4 487199.6 189783.4   0.0072   0.1103   0.0656   0.1084   3.4444   0.0656 -1014722.762
  6   1 491063.3 185919.7   0.0066   0.1169   0.0567   0.1107   2.9867   0.0567 -1015621.374
  6   2 488359.6 188623.4   0.0088   0.1525   0.0579   0.1465   3.4478   0.0579 -1036195.544
  6   3 488006.3 188976.7   0.0086   0.1474   0.0581   0.1420   3.3621   0.0581 -1034185.715
  6   4 488119.6 188863.4   0.0067   0.1101   0.0612   0.1067   3.3488   0.0612 -1012964.034
  6   5 491570.5 185412.5   0.0066   0.1110   0.0598   0.1057   2.9135   0.0598 -1013036.444
  7   1 483867.2 193115.8   0.0622   1.1673   0.0533   1.1324   4.0569   0.0533 -1261866.612
  7   2 480734.1 196248.9   0.0630   1.2253   0.0514   1.1999   4.3427   0.0514 -1264918.269
  7   3 482569.4 194413.6   0.0625   1.1685   0.0535   1.1403   4.1947   0.0535 -1261971.896
  7   4 482486.4 194496.6   0.0622   1.1732   0.0530   1.1441   4.2101   0.0530 -1261693.690
  7   5 483980.5 193002.5   0.0622   1.1570   0.0537   1.1229   4.0674   0.0537 -1261156.484
  7   6 483832.7 193150.3   0.0618   1.1639   0.0531   1.1286   4.0644   0.0531 -1260971.414

