

2 (And_ful) ... 1 (And_bic)
  0  0.0000 1052939.692956  x:  0.18024   1.59790   0.44621  
  1 99.0000 1050561.287497  x:  0.12557   1.61244   0.36096  
  2 41180.4130 1039495.835048  x:  0.11593   1.66285   0.05493  
  3 137546.2006 1038538.890671  x:  0.12056   2.38310   0.10282  
  4 3452.8853 1036030.514785  x:  0.14161   3.01597   0.04543  
  5  2.1071 1035370.204515  x:  0.16526   3.22393   0.06729  
  6  0.2328 1035215.864637  x:  0.17554   3.50345   0.05563  
  7  0.2279 1035189.758508  x:  0.17285   3.82492   0.05867  
  8  0.0861 1035189.145693  x:  0.17329   3.84345   0.05782  
  9  0.0182 1035189.143428  x:  0.17331   3.84651   0.05785  
 10  0.0025 1035189.143422  x:  0.17331   3.84643   0.05785  
 11  0.0001 1035189.143422  x:  0.17331   3.84643   0.05785  

3 (And_hae) ... 1 (And_bic)
  0  0.0000 1030724.575651  x:  0.13943   3.48427   0.09812  
  1 99.0000 1029958.240886  x:  0.17184   3.48458   0.06850  
  2 35891.1768 1029838.731358  x:  0.16758   3.48476   0.05498  
  3 18387.9241 1029819.262269  x:  0.16730   3.80641   0.05639  
  4 127.3368 1029804.821655  x:  0.16217   3.78616   0.05732  
  5  0.0212 1029804.816856  x:  0.16213   3.78357   0.05725  
  6  0.0028 1029804.816779  x:  0.16213   3.78301   0.05726  
  7  0.0006 1029804.816778  x:  0.16213   3.78300   0.05725  
  8  0.0000 1029804.816778  x:  0.16213   3.78300   0.05725  
  9  0.0000 1029804.816778  x:  0.16213   3.78300   0.05725  
 10  0.0000 1029804.816778  x:  0.16213   3.78300   0.05725  
 11  0.1021 1029804.816778  x:  0.16213   3.78300   0.05725  

3 (And_hae) ... 2 (And_ful)
  0  0.0000 1027506.114939  x:  0.14776   3.40892   0.11814  
  1 99.0000 1026417.747501  x:  0.16235   3.40996   0.05943  
  2 28629.4756 1026399.335519  x:  0.15740   3.41022   0.05689  
  3 6891.6254 1026297.345836  x:  0.15628   4.17143   0.06186  
  4 300.6653 1026296.534943  x:  0.15689   4.18367   0.06078  
  5  0.0227 1026296.526230  x:  0.15679   4.18664   0.06073  
  6  0.0028 1026296.526066  x:  0.15680   4.18764   0.06074  
  7  0.0008 1026296.526066  x:  0.15680   4.18765   0.06074  

4 (And_hat) ... 1 (And_bic)
  0  0.0000 1011389.085865  x:  0.10287   3.65501   0.16182  
  1 99.0000 1010702.245056  x:  0.13241   3.65520   0.14133  
  2 42020.0782 1009400.464395  x:  0.13207   3.65588   0.06178  
  3 35041.1818 1009399.958982  x:  0.13200   3.71397   0.06225  
  4  9.7702 1009351.725977  x:  0.12407   3.69066   0.06083  
  5  0.0376 1009351.148913  x:  0.12386   3.67462   0.06191  
  6  0.0418 1009351.146133  x:  0.12381   3.67259   0.06188  
  7  0.0021 1009351.146131  x:  0.12381   3.67251   0.06188  
  8  0.0001 1009351.146131  x:  0.12381   3.67252   0.06188  

4 (And_hat) ... 2 (And_ful)
  0  0.0000 1030239.679493  x:  0.14022   3.17471   0.10005  
  1 99.0000 1029443.277481  x:  0.17251   3.17549   0.06819  
  2 35724.4185 1029325.611062  x:  0.16779   3.17599   0.05475  
  3 18643.8495 1029117.678340  x:  0.16655   4.23443   0.06003  
  4 462.9847 1029108.403881  x:  0.16243   4.21965   0.05991  
  5  0.0160 1029108.390387  x:  0.16239   4.21071   0.05995  
  6  0.0061 1029108.389946  x:  0.16240   4.20988   0.05993  

4 (And_hat) ... 3 (And_hae)
  0  0.0000 1027628.144281  x:  0.16436   3.54980   0.16473  
  1 99.0000 1026034.086843  x:  0.12612   3.55089   0.09911  
  2 37172.7487 1025274.881510  x:  0.13428   3.55160   0.05549  
  3 65859.4449 1025160.952389  x:  0.13630   4.42607   0.06091  
  4 292.2959 1024966.962611  x:  0.15317   4.20436   0.06237  
  5  0.2468 1024964.975495  x:  0.15347   4.21095   0.06039  
  6  0.0102 1024964.960479  x:  0.15350   4.20049   0.06034  
  7  0.0089 1024964.960426  x:  0.15349   4.20031   0.06034  
  8  0.0002 1024964.960426  x:  0.15349   4.20032   0.06034  

5 (And_mar) ... 1 (And_bic)
  0  0.0000 990878.988316  x:  0.07528   3.56443   0.10984  
  1 99.0000 990433.202664  x:  0.09468   3.56443   0.10328  
  2 47416.4158 990024.900360  x:  0.09445   3.56444   0.05988  
  3 16592.3504 990007.735419  x:  0.09452   3.22750   0.05776  
  4 93.1847 990006.020444  x:  0.09326   3.21277   0.05752  
  5  0.0120 990006.012336  x:  0.09324   3.21491   0.05768  
  6  0.0038 990006.011778  x:  0.09324   3.21668   0.05767  
  7  0.0024 990006.011778  x:  0.09324   3.21667   0.05767  
  8  0.0000 990006.011778  x:  0.09324   3.21668   0.05767  

5 (And_mar) ... 2 (And_ful)
  0  0.0000 1036753.994346  x:  0.17301   2.82082   0.16359  
  1 99.0000 1034184.705084  x:  0.14274   2.82360   0.06671  
  2 38954.5058 1033894.984735  x:  0.15387   2.82427   0.04879  
  3 44521.8571 1033545.022061  x:  0.15978   3.99585   0.05804  
  4 716.1986 1033491.947510  x:  0.16852   3.84839   0.06075  
  5  0.2184 1033489.542277  x:  0.16914   3.82214   0.05871  
  6  0.0224 1033489.516392  x:  0.16911   3.81032   0.05871  
  7  0.0084 1033489.516152  x:  0.16909   3.81035   0.05871  
  8  0.0000 1033489.516152  x:  0.16909   3.81035   0.05871  
  9  0.0000 1033489.516152  x:  0.16909   3.81035   0.05871  
 10  0.0000 1033489.516152  x:  0.16909   3.81035   0.05871  
check convergence!


5 (And_mar) ... 3 (And_hae)
  0  0.0000 1030835.879498  x:  0.16913   3.27752   0.16074  
  1 99.0000 1029085.664667  x:  0.13004   3.27863   0.09148  
  2 38508.0847 1028432.338698  x:  0.13875   3.27922   0.05385  
  3 62295.8903 1028354.807869  x:  0.14050   3.91156   0.05801  
  4 268.6912 1028163.446854  x:  0.15699   3.69210   0.06122  
  5  0.2603 1028159.806353  x:  0.15768   3.70853   0.05872  
  6  0.0227 1028159.796311  x:  0.15776   3.70268   0.05868  
  7  0.0054 1028159.796305  x:  0.15776   3.70262   0.05868  
  8  0.0001 1028159.796305  x:  0.15776   3.70261   0.05868  

5 (And_mar) ... 4 (And_hat)
  0  0.0000 1006588.870140  x:  0.12824   3.15785   0.06156  
  1 99.0000 1006509.800254  x:  0.11803   3.15796   0.06162  
  2 15024.3414 1006509.431283  x:  0.11798   3.15816   0.06260  
  3 748.5034 1006481.039392  x:  0.11797   3.56155   0.06426  
  4 158.1399 1006481.035002  x:  0.11797   3.55956   0.06415  
  5  0.0018 1006481.034995  x:  0.11797   3.55936   0.06415  

6 (And_tri) ... 1 (And_bic)
  0  0.0000 1007708.490845  x:  0.09902   3.10831   0.08658  
  1 99.0000 1007251.094282  x:  0.12173   3.10837   0.07765  
  2 40424.3104 1007100.827624  x:  0.12072   3.10847   0.05702  
  3 14430.3967 1007100.797949  x:  0.12072   3.09679   0.05696  
  4  4.4880 1007099.287296  x:  0.11934   3.09618   0.05723  
  5  0.0014 1007099.285399  x:  0.11933   3.09641   0.05716  
  6  0.0003 1007099.285399  x:  0.11933   3.09641   0.05716  

6 (And_tri) ... 2 (And_ful)
  0  0.0000 1030911.066335  x:  0.14575   2.94831   0.10169  
  1 99.0000 1030005.195672  x:  0.17219   2.94926   0.05897  
  2 32808.1725 1029947.754998  x:  0.16647   2.94964   0.05147  
  3 13433.1847 1029800.930735  x:  0.16484   3.73668   0.05594  
  4 427.0565 1029797.836565  x:  0.16258   3.71970   0.05677  
  5  0.0231 1029797.819745  x:  0.16256   3.71150   0.05666  
  6  0.0062 1029797.819432  x:  0.16257   3.71083   0.05668  
  7  0.0006 1029797.819432  x:  0.16257   3.71083   0.05668  

6 (And_tri) ... 3 (And_hae)
  0  0.0000 1025864.380611  x:  0.15658   3.39856   0.07718  
  1 99.0000 1025670.671197  x:  0.15002   3.39875   0.05789  
  2 17324.8012 1025664.091653  x:  0.15297   3.39884   0.05608  
  3 4010.5473 1025655.623492  x:  0.15313   3.60921   0.05702  
  4 85.1158 1025655.600745  x:  0.15323   3.60526   0.05716  
  5  0.0050 1025655.600318  x:  0.15323   3.60394   0.05714  
  6  0.0013 1025655.600317  x:  0.15323   3.60392   0.05714  

6 (And_tri) ... 4 (And_hat)
  0  0.0000 1007480.430315  x:  0.10913   3.11302   0.18491  
  1 99.0000 1005717.908724  x:  0.14066   3.11507   0.07473  
  2 25252.8158 1005434.401787  x:  0.13256   3.11550   0.05157  
  3 61893.3551 1005352.709113  x:  0.12949   3.83322   0.05671  
  4 251.1962 1005182.651124  x:  0.11571   3.51704   0.06253  
  5  0.5585 1005181.825157  x:  0.11605   3.45231   0.06263  
  6  0.0711 1005181.816169  x:  0.11605   3.44967   0.06248  
  7  0.0024 1005181.816155  x:  0.11605   3.44984   0.06248  
  8  0.0002 1005181.816155  x:  0.11605   3.44985   0.06248  

6 (And_tri) ... 5 (And_mar)
  0  0.0000 1006317.629691  x:  0.10760   3.03001   0.15983  
  1 99.0000 1004958.865404  x:  0.13354   3.03095   0.07072  
  2 24427.1236 1004744.947901  x:  0.12529   3.03112   0.05165  
  3 46261.8083 1004740.480159  x:  0.12469   3.17989   0.05278  
  4 52.7309 1004619.576254  x:  0.11413   2.94504   0.05970  
  5  0.5157 1004619.487654  x:  0.11399   2.96253   0.05971  
  6  0.0222 1004619.487073  x:  0.11399   2.96292   0.05975  
  7  0.0004 1004619.487070  x:  0.11399   2.96288   0.05975  

7 (Bom_pas) ... 1 (And_bic)
  0  0.0000 1253904.727438  x:  1.11953   2.85188   0.09577  
  1 99.0000 1249505.199099  x:  1.11575   2.85278   0.05246  
  2 157927.0677 1249293.041493  x:  1.04309   3.01346   0.05943  
  3 2389.4732 1248317.036566  x:  1.21185   4.17766   0.05361  
  4 6900.7040 1248286.451998  x:  1.19073   4.21878   0.05227  
  5  0.0610 1248280.561082  x:  1.17806   4.25251   0.05353  
  6  0.0346 1248280.505225  x:  1.17965   4.26255   0.05350  
  7  0.0061 1248280.503832  x:  1.17955   4.26336   0.05350  
  8  0.0008 1248280.503831  x:  1.17956   4.26336   0.05350  

7 (Bom_pas) ... 2 (And_ful)
  0  0.0000 1255203.629888  x:  1.18784   3.74712   0.08345  
  1 99.0000 1252669.048945  x:  1.18592   3.74741   0.05279  
  2 136645.0126 1252628.898165  x:  1.23481   3.81956   0.04983  
  3 936.3708 1252359.328559  x:  1.24605   4.56683   0.05200  
  4 2592.9454 1252356.304357  x:  1.26131   4.58843   0.05171  
  5  0.0266 1252356.055875  x:  1.26283   4.59643   0.05144  
  6  0.0101 1252356.050971  x:  1.26294   4.59999   0.05145  

7 (Bom_pas) ... 3 (And_hae)
  0  0.0000 1258126.855189  x:  1.26097   3.80171   0.11594  
  1 99.0000 1249126.790109  x:  1.25358   3.80235   0.05065  
  2 192239.0989 1249030.032504  x:  1.19063   3.82011   0.05689  
  3 3052.4819 1248858.590929  x:  1.24065   4.46389   0.05554  
  4 617.9180 1248767.085324  x:  1.18521   4.42864   0.05429  
  5  0.0990 1248766.779628  x:  1.18767   4.42650   0.05395  
  6  0.0036 1248766.777628  x:  1.18736   4.42470   0.05396  
  7  0.0017 1248766.777583  x:  1.18737   4.42448   0.05396  

7 (Bom_pas) ... 4 (And_hat)
  0  0.0000 1248627.499247  x:  1.16500   3.93800   0.05318  
  1 99.0000 1248626.939782  x:  1.16499   3.93806   0.05356  
  2 2906.4184 1248612.564174  x:  1.14194   3.99108   0.05463  
  3 505.4531 1248527.190601  x:  1.19436   4.41633   0.05338  
  4 1636.9236 1248527.051417  x:  1.19231   4.42138   0.05337  
  5  0.0048 1248527.051116  x:  1.19226   4.42165   0.05338  
  6  0.0003 1248527.051116  x:  1.19226   4.42167   0.05338  

7 (Bom_pas) ... 5 (And_mar)
  0  0.0000 1248087.807499  x:  1.13397   3.70228   0.05599  
  1 99.0000 1248078.131517  x:  1.13389   3.70236   0.05437  
  2 11696.2458 1248009.666577  x:  1.10666   3.94760   0.05623  
  3 564.8109 1247938.963518  x:  1.16180   4.18809   0.05436  
  4 4884.2815 1247937.360647  x:  1.16853   4.24619   0.05404  
  5  0.0496 1247937.357776  x:  1.16840   4.24687   0.05407  
  6  0.0007 1247937.357752  x:  1.16837   4.24692   0.05407  

7 (Bom_pas) ... 6 (And_tri)
  0  0.0000 1249250.065927  x:  1.12853   3.52282   0.07401  
  1 99.0000 1248091.625063  x:  1.12730   3.52305   0.05395  
  2 101141.8484 1247937.964464  x:  1.09465   3.90527   0.05734  
  3 823.7344 1247819.016701  x:  1.17796   4.22147   0.05344  
  4 6839.2316 1247817.475861  x:  1.17433   4.26481   0.05354  
  5  0.0338 1247817.456242  x:  1.17446   4.26638   0.05361  
  6  0.0022 1247817.456065  x:  1.17457   4.26668   0.05361  
  7  0.0003 1247817.456065  x:  1.17457   4.26671   0.05361  