

2 (And_ful) ... 1 (And_bic)
  0  0.0000 1086694.920981  x:  0.13313   1.48664   0.41816  
  1 99.0000 1084773.782405  x:  0.19531   1.49938   0.34867  
  2 47757.9854 1072389.787710  x:  0.21057   1.55181   0.04280  
  3 96229.5877 1071731.735693  x:  0.20625   2.02330   0.07813  
  4 3552.2437 1069755.722458  x:  0.19044   2.97541   0.04050  
  5  2.1451 1069217.189573  x:  0.16482   3.30447   0.05925  
  6  0.3394 1069174.488538  x:  0.16031   3.49635   0.05433  
  7  0.1466 1069161.542686  x:  0.16432   3.61527   0.05316  
  8  0.0649 1069156.906203  x:  0.16372   3.72914   0.05541  
  9  0.0609 1069156.823331  x:  0.16363   3.73619   0.05511  
 10  0.0065 1069156.823211  x:  0.16364   3.73674   0.05511  
 11  0.0005 1069156.823211  x:  0.16364   3.73675   0.05511  
 12  0.0000 1069156.823211  x:  0.16364   3.73676   0.05511  

3 (And_hae) ... 1 (And_bic)
  0  0.0000 1066173.239015  x:  0.14143   3.33903   0.10622  
  1 99.0000 1065335.821618  x:  0.16446   3.33957   0.06173  
  2 29936.4590 1065270.777204  x:  0.15814   3.33973   0.05374  
  3 14800.6253 1065243.585587  x:  0.15750   3.71255   0.05570  
  4 158.3352 1065235.179373  x:  0.15437   3.67697   0.05786  
  5  0.0531 1065235.166933  x:  0.15437   3.66892   0.05781  
  6  0.0071 1065235.166929  x:  0.15437   3.66891   0.05781  
  7  0.0000 1065235.166929  x:  0.15437   3.66891   0.05781  
  8  0.0000 1065235.166929  x:  0.15437   3.66891   0.05781  
  9  0.0589 1065235.166929  x:  0.15437   3.66891   0.05781  
 10  0.1940 1065235.166929  x:  0.15437   3.66891   0.05781  
check convergence!


3 (And_hae) ... 2 (And_ful)
  0  0.0000 1064424.624423  x:  0.16265   3.23106   0.13275  
  1 99.0000 1063175.947877  x:  0.13118   3.23211   0.08112  
  2 36756.1872 1062798.670389  x:  0.13988   3.23274   0.05455  
  3 41322.8134 1062626.881291  x:  0.14204   4.21162   0.06060  
  4 408.8136 1062575.063507  x:  0.15077   4.12030   0.06201  
  5  0.1058 1062574.160144  x:  0.15089   4.11263   0.06066  
  6  0.0091 1062574.146063  x:  0.15085   4.10291   0.06063  
  7  0.0070 1062574.146049  x:  0.15086   4.10285   0.06064  

4 (And_hat) ... 1 (And_bic)
  0  0.0000 1044570.661540  x:  0.11726   3.55608   0.12858  
  1 99.0000 1043576.300255  x:  0.10762   3.55665   0.06258  
  2 23457.9716 1043496.623491  x:  0.11536   3.55673   0.05458  
  3 22811.9380 1043493.563844  x:  0.11558   3.69718   0.05554  
  4 43.3955 1043484.416932  x:  0.11728   3.63286   0.05895  
  5  0.1396 1043484.361256  x:  0.11749   3.63781   0.05876  
  6  0.0046 1043484.361153  x:  0.11749   3.63709   0.05875  
  7  0.0007 1043484.361153  x:  0.11749   3.63710   0.05875  

4 (And_hat) ... 2 (And_ful)
  0  0.0000 1067770.900963  x:  0.16156   3.13529   0.17945  
  1 99.0000 1065511.673757  x:  0.12161   3.13747   0.09012  
  2 39106.9071 1064748.230602  x:  0.12969   3.13844   0.05105  
  3 92869.3524 1064434.440551  x:  0.13409   4.46080   0.06031  
  4 573.3320 1064135.863474  x:  0.15460   4.13839   0.06044  
  5  0.3498 1064132.976790  x:  0.15475   4.11793   0.05813  
  6  0.0257 1064132.847412  x:  0.15469   4.08820   0.05807  
  7  0.0235 1064132.846560  x:  0.15465   4.08817   0.05808  
  8  0.0000 1064132.846557  x:  0.15465   4.08821   0.05808  

4 (And_hat) ... 3 (And_hae)
  0  0.0000 1063231.669647  x:  0.14734   3.56693   0.15015  
  1 99.0000 1061523.194569  x:  0.13219   3.56822   0.06599  
  2 30448.4360 1061387.582470  x:  0.14265   3.56848   0.05517  
  3 27045.0576 1061314.076364  x:  0.14439   4.24030   0.05985  
  4 240.0774 1061302.345449  x:  0.14713   4.15754   0.06290  
  5  0.1676 1061302.123246  x:  0.14752   4.14792   0.06236  
  6  0.0084 1061302.122790  x:  0.14751   4.14648   0.06234  
  7  0.0012 1061302.122789  x:  0.14751   4.14644   0.06235  
  8  0.0000 1061302.122789  x:  0.14751   4.14644   0.06235  
  9  0.0000 1061302.122789  x:  0.14751   4.14644   0.06235  

5 (And_mar) ... 1 (And_bic)
  0  0.0000 1026537.164291  x:  0.07954   3.47733   0.17546  
  1 99.0000 1026237.007682  x:  0.09596   3.47743   0.15935  
  2 27942.1924 1024805.903347  x:  0.09601   3.47800   0.05800  
  3 38449.7621 1024792.173011  x:  0.09617   3.18386   0.05504  
  4 87.0660 1024742.898116  x:  0.09048   3.06396   0.06102  
  5  0.1372 1024733.445042  x:  0.08882   3.14295   0.05748  
  6  0.2032 1024733.421151  x:  0.08889   3.13830   0.05726  
  7  0.0054 1024733.421073  x:  0.08890   3.13867   0.05726  
  8  0.0004 1024733.421072  x:  0.08890   3.13865   0.05726  
  9  0.0000 1024733.421072  x:  0.08890   3.13867   0.05726  
 10  0.0000 1024733.421072  x:  0.08890   3.13865   0.05726  
 11  0.0000 1024733.421072  x:  0.08890   3.13866   0.05726  
 12  0.0000 1024733.421072  x:  0.08890   3.13866   0.05726  
check convergence!


5 (And_mar) ... 2 (And_ful)
  0  0.0000 1069023.790114  x:  0.14077   2.97195   0.08043  
  1 99.0000 1068500.086137  x:  0.16600   2.97251   0.05980  
  2 32617.3132 1068464.722465  x:  0.16314   2.97289   0.05303  
  3 10038.1131 1068306.464405  x:  0.16248   3.79224   0.05694  
  4 444.3448 1068305.605183  x:  0.16133   3.79046   0.05661  
  5  0.0022 1068305.605052  x:  0.16132   3.78984   0.05662  
  6  0.0005 1068305.605047  x:  0.16132   3.78973   0.05662  
  7  0.0001 1068305.605047  x:  0.16132   3.78973   0.05662  
  8  0.0000 1068305.605047  x:  0.16132   3.78973   0.05662  

5 (And_mar) ... 3 (And_hae)
  0  0.0000 1064412.078803  x:  0.12510   3.21844   0.06858  
  1 99.0000 1063914.374067  x:  0.15149   3.21860   0.06317  
  2 39667.8893 1063899.232105  x:  0.15116   3.21883   0.05795  
  3 5587.3498 1063854.499851  x:  0.15114   3.67883   0.05989  
  4 210.4064 1063854.403813  x:  0.15106   3.67894   0.05948  
  5  0.0004 1063854.403641  x:  0.15105   3.67923   0.05948  
  6  0.0002 1063854.403641  x:  0.15105   3.67924   0.05948  
  7  0.0000 1063854.403641  x:  0.15105   3.67924   0.05948  
  8  0.0000 1063854.403641  x:  0.15105   3.67924   0.05948  
  9  0.0545 1063854.403641  x:  0.15105   3.67924   0.05948  
check convergence!


5 (And_mar) ... 4 (And_hat)
  0  0.0000 1041873.452609  x:  0.09186   3.22181   0.09922  
  1 99.0000 1041324.189265  x:  0.11542   3.22195   0.09024  
  2 47357.3453 1041035.067676  x:  0.11467   3.22245   0.05904  
  3 17791.4642 1041003.863051  x:  0.11452   3.65710   0.06172  
  4 155.2123 1041001.625538  x:  0.11328   3.66073   0.06032  
  5  0.0041 1041001.451198  x:  0.11299   3.65845   0.06084  
  6  0.0030 1041001.451160  x:  0.11299   3.65798   0.06084  
  7  0.0004 1041001.451159  x:  0.11299   3.65796   0.06084  
  8  0.0000 1041001.451159  x:  0.11299   3.65796   0.06084  
  9  0.0000 1041001.451159  x:  0.11299   3.65796   0.06084  
 10  0.0000 1041001.451159  x:  0.11299   3.65796   0.06084  
 11  0.0171 1041001.451159  x:  0.11299   3.65796   0.06084  
check convergence!


6 (And_tri) ... 1 (And_bic)
  0  0.0000 1042171.683817  x:  0.09847   3.17164   0.13434  
  1 99.0000 1041605.591663  x:  0.12415   3.17180   0.10929  
  2 34248.6462 1040770.650846  x:  0.12225   3.17210   0.05340  
  3 42194.3054 1040766.437456  x:  0.12237   3.03297   0.05233  
  4 56.1166 1040686.997227  x:  0.11284   2.97519   0.05581  
  5  0.0573 1040685.150076  x:  0.11246   2.99718   0.05405  
  6  0.0465 1040685.148657  x:  0.11249   2.99635   0.05402  
  7  0.0009 1040685.148656  x:  0.11249   2.99637   0.05403  
  8  0.0000 1040685.148656  x:  0.11249   2.99638   0.05403  

6 (And_tri) ... 2 (And_ful)
  0  0.0000 1067823.069746  x:  0.13763   2.74548   0.18320  
  1 99.0000 1064550.417704  x:  0.18544   2.74916   0.06014  
  2 39175.2587 1064266.273880  x:  0.17685   2.74976   0.04281  
  3 48504.9748 1063871.205635  x:  0.16769   4.03979   0.05170  
  4 741.6534 1063727.755775  x:  0.15249   3.79053   0.05452  
  5  0.4220 1063722.175874  x:  0.15322   3.62679   0.05473  
  6  0.1285 1063722.113422  x:  0.15331   3.62251   0.05441  
  7  0.0036 1063722.113168  x:  0.15329   3.62245   0.05440  
  8  0.0001 1063722.113168  x:  0.15329   3.62248   0.05440  
  9  0.0000 1063722.113168  x:  0.15329   3.62248   0.05440  
 10  0.0000 1063722.113168  x:  0.15329   3.62248   0.05440  

6 (And_tri) ... 3 (And_hae)
  0  0.0000 1063676.225743  x:  0.13548   3.31403   0.18135  
  1 99.0000 1060847.653240  x:  0.16213   3.31577   0.06087  
  2 32539.0645 1060717.776286  x:  0.15204   3.31594   0.05082  
  3 24487.5224 1060689.254184  x:  0.15028   3.67691   0.05382  
  4 164.2889 1060655.725959  x:  0.14497   3.51577   0.05810  
  5  0.4312 1060655.651886  x:  0.14518   3.51116   0.05834  
  6  0.0048 1060655.651262  x:  0.14517   3.51221   0.05837  
  7  0.0010 1060655.651262  x:  0.14517   3.51222   0.05837  

6 (And_tri) ... 4 (And_hat)
  0  0.0000 1040675.384933  x:  0.11088   3.20911   0.14567  
  1 99.0000 1039569.815652  x:  0.09383   3.21020   0.07236  
  2 24094.0796 1039335.384810  x:  0.10178   3.21052   0.05199  
  3 62336.9544 1039295.032504  x:  0.10286   3.70841   0.05550  
  4 173.9162 1039229.892939  x:  0.10941   3.52268   0.06145  
  5  0.2989 1039228.138620  x:  0.11020   3.53411   0.05969  
  6  0.0110 1039228.133132  x:  0.11020   3.52827   0.05964  
  7  0.0054 1039228.133119  x:  0.11020   3.52828   0.05964  

6 (And_tri) ... 5 (And_mar)
  0  0.0000 1040264.205065  x:  0.11017   3.14863   0.16281  
  1 99.0000 1039329.265348  x:  0.08718   3.14914   0.10177  
  2 25608.2267 1038664.076695  x:  0.09296   3.14950   0.05454  
  3 105662.0667 1038625.392899  x:  0.09602   3.56317   0.05919  
  4  2.9535 1038432.677564  x:  0.10549   2.88630   0.06057  
  5 38.9890 1038420.792634  x:  0.10740   2.98302   0.05692  
  6  0.1507 1038420.421630  x:  0.10793   2.97136   0.05727  
  7  0.0112 1038420.421398  x:  0.10794   2.97230   0.05727  
  8  0.0010 1038420.421395  x:  0.10794   2.97227   0.05727  

7 (Bom_pas) ... 1 (And_bic)
  0  0.0000 1291911.593843  x:  0.94679   2.76090   0.08234  
  1 99.0000 1290375.154788  x:  0.94636   2.76157   0.05711  
  2 104527.9609 1290075.274361  x:  1.04458   2.80021   0.05043  
  3 5973.5860 1288783.793587  x:  1.07904   4.13387   0.05593  
  4 2728.6194 1288756.348120  x:  1.11034   4.17704   0.05305  
  5  0.0385 1288754.500593  x:  1.11627   4.19237   0.05339  
  6  0.0213 1288754.298992  x:  1.11753   4.21327   0.05332  
  7  0.0130 1288754.296360  x:  1.11724   4.21347   0.05334  
  8  0.0003 1288754.296360  x:  1.11724   4.21347   0.05334  

7 (Bom_pas) ... 2 (And_ful)
  0  0.0000 1314568.908610  x:  1.20535   3.60349   0.17407  
  1 99.0000 1293548.165325  x:  1.18521   3.60531   0.04987  
  2 200958.3105 1293527.430515  x:  1.16817   3.61552   0.05257  
  3 2147.8130 1293130.588847  x:  1.23143   4.54290   0.05140  
  4 1211.8324 1293102.847116  x:  1.19645   4.52943   0.05131  
  5  0.0454 1293102.829710  x:  1.19549   4.52957   0.05137  
  6  0.0010 1293102.829681  x:  1.19551   4.52977   0.05137  
  7  0.0002 1293102.829680  x:  1.19551   4.52981   0.05137  
  8  0.0000 1293102.829680  x:  1.19551   4.52980   0.05137  
  9  0.0000 1293102.829680  x:  1.19551   4.52981   0.05137  
 10  0.0000 1293102.829680  x:  1.19551   4.52981   0.05137  

7 (Bom_pas) ... 3 (And_hae)
  0  0.0000 1292452.239025  x:  1.18619   3.72059   0.08197  
  1 99.0000 1289513.936460  x:  1.18323   3.72090   0.05004  
  2 149736.1168 1289328.525832  x:  1.09162   3.74332   0.05636  
  3 3754.7984 1289163.008110  x:  1.13620   4.32828   0.05555  
  4 627.1751 1289138.319223  x:  1.12063   4.33486   0.05394  
  5  0.0242 1289138.312087  x:  1.12092   4.33878   0.05392  
  6  0.0032 1289138.312031  x:  1.12091   4.33891   0.05392  
  7  0.0001 1289138.312031  x:  1.12091   4.33891   0.05392  

7 (Bom_pas) ... 4 (And_hat)
  0  0.0000 1298463.590944  x:  1.22293   3.63943   0.10988  
  1 99.0000 1289915.898356  x:  1.21581   3.64011   0.04832  
  2 197561.2280 1289703.317363  x:  1.12422   3.66283   0.05695  
  3 4599.3060 1289458.963072  x:  1.17901   4.37252   0.05570  
  4 777.1277 1289344.303403  x:  1.12708   4.36835   0.05375  
  5  0.0815 1289343.525031  x:  1.13215   4.37571   0.05324  
  6  0.0101 1289343.523267  x:  1.13209   4.37731   0.05324  
  7  0.0013 1289343.523224  x:  1.13212   4.37752   0.05324  
  8  0.0002 1289343.523224  x:  1.13213   4.37752   0.05324  

7 (Bom_pas) ... 5 (And_mar)
  0  0.0000 1303041.935372  x:  1.05344   3.86249   0.16547  
  1 99.0000 1288215.589219  x:  1.03829   3.86344   0.05626  
  2 172858.0610 1288196.422986  x:  1.05434   3.86505   0.05384  
  3 2194.5762 1288146.559242  x:  1.07031   4.18922   0.05384  
  4 328.2814 1288113.709943  x:  1.10164   4.19422   0.05432  
  5  0.0512 1288113.255932  x:  1.10458   4.19838   0.05392  
  6  0.0048 1288113.254257  x:  1.10483   4.19994   0.05392  
  7  0.0014 1288113.254255  x:  1.10482   4.19997   0.05392  
  8  0.0000 1288113.254255  x:  1.10482   4.19997   0.05392  

7 (Bom_pas) ... 6 (And_tri)
  0  0.0000 1304349.201698  x:  1.13262   3.62835   0.15867  
  1 99.0000 1288231.737637  x:  1.11624   3.62961   0.05195  
  2 189255.8332 1288213.318768  x:  1.09843   3.63687   0.05456  
  3 1948.5839 1288052.622108  x:  1.13400   4.20165   0.05392  
  4 682.0824 1288030.582282  x:  1.10681   4.19211   0.05362  
  5  0.0426 1288030.579593  x:  1.10682   4.19322   0.05360  
  6  0.0010 1288030.579564  x:  1.10684   4.19345   0.05360  