

2 (And_ful) ... 1 (And_bic)
  0  0.0000 1010695.064809  x:  0.14230   1.36963   0.48780  
  1 99.0000 1008446.472031  x:  0.22251   1.39752   0.36828  
  2 37624.2582 996586.986192  x:  0.24471   1.46791   0.04593  
  3 136722.8207 995954.954024  x:  0.23788   1.88932   0.08600  
  4 3943.1794 992932.899804  x:  0.20367   3.12444   0.04202  
  5  2.1490 992201.083336  x:  0.17161   3.42318   0.06631  
  6  0.3912 992177.606769  x:  0.16681   3.50602   0.06254  
  7  0.0798 992174.196534  x:  0.16855   3.52865   0.06066  
  8  0.0182 992172.949331  x:  0.16897   3.59636   0.06155  
  9  0.0180 992172.888422  x:  0.16875   3.60479   0.06140  
 10  0.0081 992172.888413  x:  0.16875   3.60497   0.06140  
 11  0.0002 992172.888413  x:  0.16875   3.60497   0.06140  

3 (And_hae) ... 1 (And_bic)
  0  0.0000 992513.266100  x:  0.13503   3.22683   0.17999  
  1 99.0000 991072.353015  x:  0.18885   3.22781   0.12281  
  2 41298.6335 989902.915000  x:  0.18632   3.22877   0.06066  
  3 56599.7771 989858.571186  x:  0.18540   3.69774   0.06464  
  4 205.5174 989577.894628  x:  0.16137   3.59513   0.06416  
  5  0.0917 989577.189182  x:  0.16123   3.56815   0.06517  
  6  0.0497 989577.139420  x:  0.16125   3.55392   0.06497  
  7  0.0139 989577.139397  x:  0.16125   3.55395   0.06496  
  8  0.0000 989577.139397  x:  0.16125   3.55395   0.06496  

3 (And_hae) ... 2 (And_ful)
  0  0.0000 985671.767044  x:  0.14580   3.28191   0.06170  
  1 99.0000 985611.527245  x:  0.15461   3.28210   0.06655  
  2 12242.7572 985611.307741  x:  0.15430   3.28245   0.06719  
  3 556.9188 985541.775717  x:  0.15440   3.89958   0.06961  
  4 312.7797 985541.754426  x:  0.15453   3.89782   0.06942  
  5  0.0017 985541.754406  x:  0.15453   3.89757   0.06942  
  6  0.0002 985541.754406  x:  0.15453   3.89755   0.06942  

4 (And_hat) ... 1 (And_bic)
  0  0.0000 968149.776644  x:  0.12063   3.48072   0.07854  
  1 99.0000 968092.602434  x:  0.12382   3.48080   0.06559  
  2 8041.3353 968091.030010  x:  0.12250   3.48082   0.06486  
  3 2196.0090 968090.786375  x:  0.12249   3.52084   0.06505  
  4 12.5866 968090.783612  x:  0.12245   3.52006   0.06512  
  5  0.0009 968090.783602  x:  0.12245   3.51986   0.06512  
  6  0.0002 968090.783602  x:  0.12245   3.51985   0.06512  

4 (And_hat) ... 2 (And_ful)
  0  0.0000 988098.467799  x:  0.13846   3.16472   0.05051  
  1 99.0000 987719.324149  x:  0.15944   3.16493   0.06310  
  2 32871.8924 987718.610048  x:  0.16010   3.16533   0.06208  
  3 1108.2008 987597.902256  x:  0.15986   3.96699   0.06537  
  4 384.4164 987597.767091  x:  0.16024   3.96028   0.06499  
  5  0.0063 987597.766510  x:  0.16024   3.95843   0.06500  
  6  0.0013 987597.766509  x:  0.16024   3.95841   0.06500  
  7  0.0000 987597.766509  x:  0.16024   3.95841   0.06500  

4 (And_hat) ... 3 (And_hae)
  0  0.0000 988709.533385  x:  0.16826   3.48517   0.18648  
  1 99.0000 987337.034555  x:  0.12854   3.48621   0.12929  
  2 35629.0250 986242.756834  x:  0.13586   3.48733   0.06562  
  3 61346.2370 986157.051670  x:  0.13740   4.21874   0.07150  
  4 259.0544 985960.586422  x:  0.15520   4.05809   0.06970  
  5  0.1699 985960.512825  x:  0.15520   4.05680   0.06927  
  6  0.0024 985960.507497  x:  0.15519   4.05064   0.06926  
  7  0.0055 985960.507492  x:  0.15518   4.05065   0.06926  

5 (And_mar) ... 1 (And_bic)
  0  0.0000 948936.752660  x:  0.07867   3.42964   0.08482  
  1 99.0000 948762.850435  x:  0.09105   3.42962   0.08161  
  2 28728.0285 948703.024926  x:  0.09080   3.42951   0.06549  
  3 7172.3351 948689.598567  x:  0.09085   3.12367   0.06390  
  4 82.9504 948689.514353  x:  0.09059   3.12175   0.06414  
  5  0.0018 948689.512405  x:  0.09057   3.12228   0.06407  
  6  0.0007 948689.512405  x:  0.09057   3.12230   0.06407  
  7  0.0000 948689.512405  x:  0.09057   3.12229   0.06407  
  8  0.0000 948689.512405  x:  0.09057   3.12229   0.06407  
  9  0.0000 948689.512405  x:  0.09057   3.12229   0.06407  
check convergence!


5 (And_mar) ... 2 (And_ful)
  0  0.0000 995252.033351  x:  0.17734   2.99162   0.16398  
  1 99.0000 993417.600056  x:  0.14039   2.99336   0.08653  
  2 36336.0551 992971.975016  x:  0.15072   2.99406   0.05760  
  3 50980.3011 992816.503583  x:  0.15373   3.81580   0.06393  
  4 430.4634 992696.190672  x:  0.16767   3.63568   0.06751  
  5  0.2220 992693.286406  x:  0.16813   3.63449   0.06507  
  6  0.0030 992693.269651  x:  0.16812   3.62540   0.06500  
  7  0.0074 992693.269580  x:  0.16811   3.62534   0.06501  
  8  0.0001 992693.269580  x:  0.16811   3.62534   0.06501  
  9  0.0000 992693.269580  x:  0.16811   3.62535   0.06501  
 10  0.0000 992693.269580  x:  0.16811   3.62534   0.06501  

5 (And_mar) ... 3 (And_hae)
  0  0.0000 990097.622784  x:  0.14427   3.31657   0.09139  
  1 99.0000 989822.561004  x:  0.16422   3.31678   0.07572  
  2 22228.7660 989786.264040  x:  0.16149   3.31695   0.06717  
  3 8827.1273 989773.567519  x:  0.16141   3.54132   0.06831  
  4 107.8542 989772.422649  x:  0.16003   3.55882   0.06887  
  5  0.0173 989772.421763  x:  0.16003   3.56046   0.06885  
  6  0.0016 989772.421755  x:  0.16003   3.56058   0.06885  
  7  0.0001 989772.421755  x:  0.16003   3.56059   0.06885  
  8  0.0000 989772.421755  x:  0.16003   3.56058   0.06885  

5 (And_mar) ... 4 (And_hat)
  0  0.0000 969261.625695  x:  0.09684   3.17828   0.17444  
  1 99.0000 968611.490595  x:  0.12471   3.17855   0.15919  
  2 44938.7242 967241.194739  x:  0.12490   3.18004   0.06836  
  3 28197.6920 967227.432679  x:  0.12474   3.44746   0.07142  
  4 107.3101 967210.030340  x:  0.12149   3.49874   0.06681  
  5  0.0645 967204.979080  x:  0.11953   3.47370   0.06937  
  6  0.0427 967204.975711  x:  0.11952   3.46945   0.06931  
  7  0.0037 967204.975708  x:  0.11952   3.46942   0.06931  
  8  0.0000 967204.975708  x:  0.11952   3.46942   0.06931  

6 (And_tri) ... 1 (And_bic)
  0  0.0000 967068.410578  x:  0.09900   3.11249   0.14961  
  1 99.0000 966498.309577  x:  0.12595   3.11264   0.12961  
  2 37346.0221 965470.578145  x:  0.12517   3.11310   0.05937  
  3 33467.5704 965465.436738  x:  0.12527   2.96244   0.05795  
  4 64.4430 965418.702398  x:  0.11767   2.91215   0.06140  
  5  0.0465 965416.567150  x:  0.11714   2.93731   0.05945  
  6  0.0578 965416.565530  x:  0.11718   2.93665   0.05941  
  7  0.0007 965416.565530  x:  0.11718   2.93669   0.05941  

6 (And_tri) ... 2 (And_ful)
  0  0.0000 990001.548758  x:  0.16229   2.81929   0.14961  
  1 99.0000 988106.664439  x:  0.14093   2.82143   0.06510  
  2 33446.9884 987932.622115  x:  0.15183   2.82194   0.05220  
  3 29538.5310 987745.463479  x:  0.15540   3.67061   0.05961  
  4 506.0170 987730.082825  x:  0.15971   3.59625   0.06188  
  5  0.1256 987729.263332  x:  0.16030   3.58610   0.06070  
  6  0.0090 987729.260114  x:  0.16029   3.58205   0.06069  
  7  0.0030 987729.260105  x:  0.16029   3.58208   0.06069  
  8  0.0000 987729.260105  x:  0.16029   3.58208   0.06069  
  9  0.0000 987729.260105  x:  0.16029   3.58208   0.06069  

6 (And_tri) ... 3 (And_hae)
  0  0.0000 986540.217823  x:  0.13037   3.29125   0.07090  
  1 99.0000 986153.536899  x:  0.15510   3.29134   0.06715  
  2 33010.8870 986145.233484  x:  0.15495   3.29148   0.06293  
  3 3858.0745 986132.747336  x:  0.15497   3.53830   0.06400  
  4 105.7345 986132.737163  x:  0.15494   3.53791   0.06386  
  5  0.0004 986132.737135  x:  0.15493   3.53788   0.06386  

6 (And_tri) ... 4 (And_hat)
  0  0.0000 965486.218597  x:  0.10398   3.24370   0.04940  
  1 99.0000 965239.761976  x:  0.11936   3.24372   0.05876  
  2 28913.4872 965227.209239  x:  0.11728   3.24379   0.06389  
  3 4817.4955 965219.114437  x:  0.11721   3.46337   0.06471  
  4 76.8148 965219.053215  x:  0.11747   3.46311   0.06485  
  5  0.0003 965219.052954  x:  0.11746   3.46317   0.06487  
  6  0.0001 965219.052954  x:  0.11746   3.46317   0.06487  
  7  0.0000 965219.052954  x:  0.11747   3.46317   0.06487  

6 (And_tri) ... 5 (And_mar)
  0  0.0000 965289.441706  x:  0.12432   3.14585   0.07263  
  1 99.0000 965213.527788  x:  0.11470   3.14580   0.06912  
  2 14420.2191 965208.751385  x:  0.11533   3.14569   0.06561  
  3 2556.6077 965198.446048  x:  0.11532   2.92923   0.06455  
  4 90.1825 965198.427078  x:  0.11539   2.92575   0.06434  
  5  0.0038 965198.427068  x:  0.11539   2.92582   0.06434  
  6  0.0001 965198.427068  x:  0.11539   2.92582   0.06434  

7 (Bom_pas) ... 1 (And_bic)
  0  0.0000 1218838.498223  x:  1.11348   2.74645   0.13738  
  1 99.0000 1209612.544069  x:  1.10411   2.74835   0.05861  
  2 162598.0673 1208508.636307  x:  1.15711   3.93340   0.06493  
  3 2180.9349 1208441.986957  x:  1.20853   3.99036   0.05939  
  4 4103.6216 1208420.723819  x:  1.18801   4.03720   0.05859  
  5  0.0728 1208419.114143  x:  1.18818   4.08519   0.05907  
  6  0.0316 1208419.010219  x:  1.19053   4.09326   0.05889  
  7  0.0083 1208419.010144  x:  1.19049   4.09340   0.05889  
  8  0.0001 1208419.010144  x:  1.19049   4.09340   0.05889  

7 (Bom_pas) ... 2 (And_ful)
  0  0.0000 1212486.149210  x:  1.32497   3.72889   0.06039  
  1 99.0000 1212277.194788  x:  1.32424   3.72904   0.05291  
  2 52625.1543 1212102.663998  x:  1.21408   3.76339   0.05797  
  3 2887.7335 1211938.259255  x:  1.27144   4.36452   0.05717  
  4 617.4053 1211936.318536  x:  1.26529   4.36935   0.05683  
  5  0.0080 1211936.317734  x:  1.26551   4.37043   0.05681  
  6  0.0009 1211936.317724  x:  1.26550   4.37053   0.05682  
  7  0.0001 1211936.317724  x:  1.26550   4.37053   0.05682  

7 (Bom_pas) ... 3 (And_hae)
  0  0.0000 1217948.470581  x:  1.15000   3.62981   0.13909  
  1 99.0000 1209183.646261  x:  1.14105   3.63067   0.06147  
  2 156551.8737 1209170.100764  x:  1.16119   3.64303   0.05911  
  3 1127.4164 1208995.378134  x:  1.19046   4.23906   0.05990  
  4 924.4536 1208994.474853  x:  1.19808   4.24179   0.05965  
  5  0.0096 1208994.409962  x:  1.19854   4.24322   0.05950  
  6  0.0019 1208994.409646  x:  1.19859   4.24409   0.05950  
  7  0.0007 1208994.409646  x:  1.19859   4.24409   0.05950  

7 (Bom_pas) ... 4 (And_hat)
  0  0.0000 1220213.781336  x:  1.14751   3.76761   0.15553  
  1 99.0000 1208848.752451  x:  1.13566   3.76858   0.06067  
  2 160053.6215 1208833.377781  x:  1.15446   3.77388   0.05819  
  3 1538.4469 1208717.898259  x:  1.18150   4.27405   0.05838  
  4 548.4324 1208698.662725  x:  1.20833   4.27804   0.05876  
  5  0.0410 1208698.322150  x:  1.21136   4.28099   0.05838  
  6  0.0040 1208698.320748  x:  1.21161   4.28258   0.05838  
  7  0.0014 1208698.320742  x:  1.21160   4.28264   0.05838  
  8  0.0001 1208698.320742  x:  1.21160   4.28264   0.05838  

7 (Bom_pas) ... 5 (And_mar)
  0  0.0000 1215071.976403  x:  1.31935   3.75622   0.10572  
  1 99.0000 1209014.191202  x:  1.31361   3.75669   0.05313  
  2 171745.0478 1208761.235502  x:  1.19345   3.77636   0.06348  
  3 4141.1390 1208717.751138  x:  1.21998   4.07701   0.06276  
  4 305.5511 1208622.538953  x:  1.17132   4.07160   0.06073  
  5  0.0755 1208620.021284  x:  1.18088   4.07393   0.05971  
  6  0.0118 1208620.016361  x:  1.18064   4.07071   0.05970  
  7  0.0029 1208620.016350  x:  1.18064   4.07067   0.05970  
  8  0.0000 1208620.016350  x:  1.18064   4.07067   0.05970  

7 (Bom_pas) ... 6 (And_tri)
  0  0.0000 1216568.886573  x:  1.13485   3.51853   0.13508  
  1 99.0000 1208341.549493  x:  1.12661   3.51936   0.06025  
  2 155623.1544 1208327.818679  x:  1.14705   3.53253   0.05797  
  3 1113.9234 1208157.375123  x:  1.17432   4.10243   0.05892  
  4 968.6419 1208151.948350  x:  1.18862   4.10387   0.05908  
  5  0.0220 1208151.712675  x:  1.19111   4.10624   0.05876  
  6  0.0033 1208151.711878  x:  1.19127   4.10750   0.05876  
  7  0.0010 1208151.711875  x:  1.19126   4.10753   0.05876  
  8  0.0000 1208151.711875  x:  1.19126   4.10753   0.05876  