

2 (And_ful) ... 1 (And_bic)
  0  0.0000 1064481.316427  x:  0.17018   1.43942   0.43921  
  1 99.0000 1061078.123312  x:  0.11003   1.46591   0.30445  
  2 39052.5448 1052252.107691  x:  0.09920   1.51403   0.05197  
  3 277276.8869 1050232.457052  x:  0.10985   2.70261   0.11970  
  4 4832.7554 1047039.978694  x:  0.13282   3.12754   0.04542  
  5  1.2035 1046296.635398  x:  0.15680   3.28702   0.06996  
  6  0.1596 1046066.218625  x:  0.16973   3.47446   0.05427  
  7  0.1837 1046055.089671  x:  0.17004   3.68574   0.05668  
  8  0.0510 1046053.629936  x:  0.16957   3.71782   0.05546  
  9  0.0275 1046053.562638  x:  0.16924   3.71963   0.05560  
 10  0.0016 1046053.562628  x:  0.16923   3.71950   0.05560  
 11  0.0001 1046053.562628  x:  0.16923   3.71950   0.05560  

3 (And_hae) ... 1 (And_bic)
  0  0.0000 1046648.326341  x:  0.14753   3.35597   0.16941  
  1 99.0000 1043926.626315  x:  0.18580   3.35752   0.06149  
  2 36686.3643 1043752.854815  x:  0.17599   3.35773   0.04862  
  3 28619.6017 1043699.670567  x:  0.17353   3.87004   0.05187  
  4 221.1972 1043616.169787  x:  0.16268   3.66314   0.05683  
  5  0.4284 1043615.984374  x:  0.16291   3.64133   0.05706  
  6  0.0233 1043615.984270  x:  0.16290   3.64114   0.05707  
  7  0.0002 1043615.984269  x:  0.16290   3.64119   0.05707  
  8  0.0000 1043615.984269  x:  0.16290   3.64119   0.05707  

3 (And_hae) ... 2 (And_ful)
  0  0.0000 1042432.679362  x:  0.14302   3.35218   0.18978  
  1 99.0000 1039349.143389  x:  0.17763   3.35478   0.06341  
  2 34205.8553 1039175.049395  x:  0.16709   3.35514   0.05059  
  3 29608.8590 1039012.861146  x:  0.16202   4.29202   0.05749  
  4 390.0644 1038975.969219  x:  0.15512   4.11716   0.06100  
  5  0.3942 1038975.400409  x:  0.15556   4.06668   0.06123  
  6  0.0458 1038975.394562  x:  0.15555   4.06328   0.06113  
  7  0.0028 1038975.394551  x:  0.15555   4.06343   0.06113  
  8  0.0002 1038975.394551  x:  0.15555   4.06343   0.06113  

4 (And_hat) ... 1 (And_bic)
  0  0.0000 1022702.683536  x:  0.10974   3.56257   0.17752  
  1 99.0000 1021661.402852  x:  0.14868   3.56329   0.11319  
  2 30090.9550 1020719.029874  x:  0.14556   3.56387   0.05488  
  3 78521.7115 1020706.019173  x:  0.14490   3.87436   0.05707  
  4 79.9911 1020326.515516  x:  0.12172   3.63305   0.05998  
  5  0.2649 1020325.908100  x:  0.12161   3.62775   0.05881  
  6  0.0096 1020325.865730  x:  0.12161   3.61113   0.05876  
  7  0.0204 1020325.865714  x:  0.12162   3.61107   0.05875  
  8  0.0001 1020325.865714  x:  0.12162   3.61106   0.05875  

4 (And_hat) ... 2 (And_ful)
  0  0.0000 1042246.539375  x:  0.13397   3.09585   0.12183  
  1 99.0000 1040946.415399  x:  0.17813   3.09691   0.07712  
  2 43774.5084 1040571.151810  x:  0.17303   3.09759   0.05122  
  3 36000.7058 1040334.643686  x:  0.17104   4.21155   0.05760  
  4 503.3445 1040264.092114  x:  0.15963   4.16517   0.05701  
  5  0.0468 1040263.775686  x:  0.15955   4.13826   0.05756  
  6  0.0263 1040263.739773  x:  0.15959   4.12507   0.05739  
  7  0.0106 1040263.739760  x:  0.15959   4.12509   0.05739  
  8  0.0000 1040263.739759  x:  0.15959   4.12509   0.05739  

4 (And_hat) ... 3 (And_hae)
  0  0.0000 1039422.759160  x:  0.13151   3.44947   0.09172  
  1 99.0000 1038771.650629  x:  0.16192   3.44980   0.07048  
  2 37232.5202 1038650.643572  x:  0.15877   3.45010   0.05559  
  3 17162.9122 1038589.404561  x:  0.15843   4.04729   0.05824  
  4 224.6256 1038582.608563  x:  0.15501   4.03885   0.05827  
  5  0.0084 1038582.600284  x:  0.15499   4.03637   0.05838  
  6  0.0028 1038582.600104  x:  0.15499   4.03532   0.05838  
  7  0.0009 1038582.600104  x:  0.15499   4.03532   0.05838  

5 (And_mar) ... 1 (And_bic)
  0  0.0000 1002246.247386  x:  0.07394   3.37342   0.11678  
  1 99.0000 1001814.400141  x:  0.09272   3.37344   0.11000  
  2 47042.2542 1001307.820800  x:  0.09254   3.37357   0.05911  
  3 17850.6041 1001297.912510  x:  0.09260   3.12444   0.05732  
  4 75.2261 1001295.817937  x:  0.09155   3.10828   0.05894  
  5  0.0181 1001295.418345  x:  0.09114   3.11547   0.05820  
  6  0.0111 1001295.418230  x:  0.09115   3.11560   0.05819  
  7  0.0001 1001295.418230  x:  0.09115   3.11561   0.05819  
  8  0.0000 1001295.418230  x:  0.09115   3.11560   0.05819  
  9  0.0000 1001295.418230  x:  0.09115   3.11560   0.05819  
 10  0.0000 1001295.418230  x:  0.09115   3.11560   0.05819  
 11  0.0000 1001295.418230  x:  0.09115   3.11560   0.05819  
check convergence!


5 (And_mar) ... 2 (And_ful)
  0  0.0000 1045672.663743  x:  0.14576   2.92416   0.04778  
  1 99.0000 1045375.846073  x:  0.16443   2.92447   0.05779  
  2 29438.9186 1045371.727292  x:  0.16594   2.92492   0.05555  
  3 3001.3924 1045194.872070  x:  0.16570   3.79642   0.05921  
  4 489.7019 1045194.583719  x:  0.16615   3.78864   0.05862  
  5  0.0074 1045194.582560  x:  0.16614   3.78616   0.05861  
  6  0.0017 1045194.582552  x:  0.16614   3.78613   0.05861  
  7  0.0000 1045194.582551  x:  0.16614   3.78613   0.05861  
  8  0.0000 1045194.582551  x:  0.16614   3.78613   0.05861  
check convergence!


5 (And_mar) ... 3 (And_hae)
  0  0.0000 1044716.878693  x:  0.16379   3.36939   0.16421  
  1 99.0000 1042823.149472  x:  0.13131   3.37054   0.08099  
  2 35249.4666 1042402.434269  x:  0.14138   3.37091   0.05424  
  3 58670.0404 1042353.664448  x:  0.14303   3.87687   0.05750  
  4 206.2305 1042188.815820  x:  0.15706   3.60875   0.06370  
  5  0.3780 1042183.662443  x:  0.15827   3.64362   0.06092  
  6  0.0373 1042183.645304  x:  0.15831   3.63496   0.06083  
  7  0.0086 1042183.645288  x:  0.15831   3.63482   0.06084  
  8  0.0001 1042183.645288  x:  0.15831   3.63482   0.06084  

5 (And_mar) ... 4 (And_hat)
  0  0.0000 1020200.142881  x:  0.09194   3.38074   0.18509  
  1 99.0000 1019461.276326  x:  0.12011   3.38096   0.17071  
  2 51594.7750 1017595.138377  x:  0.12084   3.38251   0.06247  
  3 30169.7438 1017587.072590  x:  0.12073   3.59835   0.06486  
  4 77.9402 1017569.886692  x:  0.11718   3.65319   0.06124  
  5  0.0597 1017565.463034  x:  0.11566   3.61432   0.06370  
  6  0.0854 1017565.461196  x:  0.11567   3.61098   0.06368  
  7  0.0031 1017565.461193  x:  0.11567   3.61096   0.06367  
  8  0.0000 1017565.461193  x:  0.11567   3.61096   0.06367  

6 (And_tri) ... 1 (And_bic)
  0  0.0000 1019880.898536  x:  0.09291   3.24351   0.14166  
  1 99.0000 1019149.593131  x:  0.12127   3.24358   0.12716  
  2 50752.7012 1018081.681938  x:  0.12109   3.24386   0.05766  
  3 28915.0720 1018067.556854  x:  0.12122   2.96588   0.05525  
  4 106.4242 1018050.296493  x:  0.11732   2.94998   0.05899  
  5  0.0169 1018047.176668  x:  0.11622   2.97895   0.05709  
  6  0.0579 1018047.158667  x:  0.11625   2.97171   0.05696  
  7  0.0081 1018047.158639  x:  0.11626   2.97180   0.05696  

6 (And_tri) ... 2 (And_ful)
  0  0.0000 1042027.597242  x:  0.16891   2.69349   0.04679  
  1 99.0000 1041960.708659  x:  0.16140   2.69397   0.05446  
  2 12809.7186 1041958.149783  x:  0.15974   2.69448   0.05336  
  3 2559.7395 1041712.299243  x:  0.16025   3.66070   0.05748  
  4 646.8151 1041712.039012  x:  0.16016   3.65943   0.05683  
  5  0.0013 1041712.038143  x:  0.16019   3.65990   0.05681  
  6  0.0004 1041712.038125  x:  0.16019   3.66021   0.05681  
  7  0.0002 1041712.038125  x:  0.16019   3.66021   0.05681  

6 (And_tri) ... 3 (And_hae)
  0  0.0000 1041383.951778  x:  0.13070   3.34462   0.12623  
  1 99.0000 1040310.110304  x:  0.17146   3.34505   0.08748  
  2 41109.8106 1039857.067586  x:  0.16703   3.34539   0.05562  
  3 36248.4687 1039841.896166  x:  0.16669   3.59460   0.05706  
  4 115.4505 1039760.579188  x:  0.15468   3.55683   0.05941  
  5  0.0377 1039760.424137  x:  0.15461   3.55635   0.05888  
  6  0.0010 1039760.422819  x:  0.15461   3.55380   0.05887  
  7  0.0024 1039760.422819  x:  0.15461   3.55379   0.05887  

6 (And_tri) ... 4 (And_hat)
  0  0.0000 1017136.218718  x:  0.09869   3.20174   0.06948  
  1 99.0000 1016879.478875  x:  0.11536   3.20181   0.06646  
  2 32174.1842 1016862.116156  x:  0.11519   3.20197   0.05982  
  3 5023.9918 1016850.250765  x:  0.11515   3.46188   0.06101  
  4 95.7847 1016850.199830  x:  0.11505   3.46159   0.06069  
  5  0.0005 1016850.199328  x:  0.11503   3.46160   0.06070  
  6  0.0000 1016850.199328  x:  0.11503   3.46159   0.06070  

6 (And_tri) ... 5 (And_mar)
  0  0.0000 1016429.879149  x:  0.11453   3.10502   0.07180  
  1 99.0000 1016407.770288  x:  0.11041   3.10501   0.06735  
  2 7143.3797 1016401.613826  x:  0.11179   3.10497   0.06386  
  3 3809.2642 1016399.117304  x:  0.11178   3.00171   0.06334  
  4 45.5357 1016399.083899  x:  0.11196   2.99698   0.06329  
  5  0.0049 1016399.083883  x:  0.11196   2.99713   0.06328  
  6  0.0002 1016399.083883  x:  0.11196   2.99713   0.06328  
  7  0.0000 1016399.083883  x:  0.11196   2.99713   0.06328  
  8  0.0000 1016399.083883  x:  0.11196   2.99713   0.06328  

7 (Bom_pas) ... 1 (And_bic)
  0  0.0000 1275086.943937  x:  1.26638   2.95471   0.12184  
  1 99.0000 1262527.399306  x:  1.25656   2.95610   0.04543  
  2 218321.0993 1262233.213139  x:  1.15471   2.99601   0.05632  
  3 5767.2720 1261516.038585  x:  1.25748   4.06771   0.05474  
  4 1697.8136 1261184.252857  x:  1.15096   4.08692   0.05304  
  5  0.1483 1261179.985675  x:  1.16378   4.11694   0.05189  
  6  0.0354 1261179.791171  x:  1.16312   4.13418   0.05190  
  7  0.0122 1261179.782348  x:  1.16361   4.13631   0.05192  
  8  0.0021 1261179.782342  x:  1.16362   4.13636   0.05192  

7 (Bom_pas) ... 2 (And_ful)
  0  0.0000 1282045.616969  x:  1.21623   3.61971   0.15285  
  1 99.0000 1265477.575363  x:  1.20260   3.62098   0.04971  
  2 201533.4606 1265460.099103  x:  1.18628   3.65356   0.05209  
  3 979.1544 1265161.847621  x:  1.25582   4.44898   0.04940  
  4 2989.9536 1265161.330372  x:  1.24990   4.45050   0.04959  
  5  0.0068 1265161.322526  x:  1.24986   4.45104   0.04964  
  6  0.0006 1265161.322522  x:  1.24987   4.45114   0.04964  
  7  0.0001 1265161.322522  x:  1.24987   4.45114   0.04964  

7 (Bom_pas) ... 3 (And_hae)
  0  0.0000 1273209.436894  x:  1.28268   3.80888   0.12053  
  1 99.0000 1261932.982014  x:  1.27400   3.80957   0.04720  
  2 208542.1040 1261800.596937  x:  1.20359   3.82378   0.05433  
  3 3853.5530 1261692.605668  x:  1.24096   4.31380   0.05336  
  4 475.9670 1261569.657417  x:  1.16947   4.27059   0.05269  
  5  0.1243 1261567.946312  x:  1.17665   4.28042   0.05192  
  6  0.0135 1261567.939828  x:  1.17617   4.27954   0.05191  
  7  0.0011 1261567.939824  x:  1.17616   4.27944   0.05191  
  8  0.0001 1261567.939824  x:  1.17616   4.27944   0.05191  

7 (Bom_pas) ... 4 (And_hat)
  0  0.0000 1264142.269108  x:  1.10918   3.57019   0.08268  
  1 99.0000 1261789.528180  x:  1.10742   3.57048   0.05281  
  2 130801.8943 1261757.853143  x:  1.14596   3.59263   0.05026  
  3 1444.0387 1261505.095108  x:  1.17686   4.31046   0.05110  
  4 1078.8073 1261502.212109  x:  1.18613   4.31388   0.05135  
  5  0.0132 1261501.922235  x:  1.18939   4.31715   0.05104  
  6  0.0046 1261501.921037  x:  1.18955   4.31886   0.05104  
  7  0.0013 1261501.921033  x:  1.18954   4.31888   0.05104  

7 (Bom_pas) ... 5 (And_mar)
  0  0.0000 1274177.516675  x:  1.32328   3.72286   0.12361  
  1 99.0000 1261158.393580  x:  1.31341   3.72364   0.04540  
  2 219734.8636 1260926.083512  x:  1.21741   3.73972   0.05536  
  3 5166.7995 1260837.420793  x:  1.25251   4.17182   0.05435  
  4 435.4530 1260562.711439  x:  1.13785   4.09334   0.05443  
  5  0.2088 1260550.607263  x:  1.15515   4.12545   0.05237  
  6  0.0410 1260550.465508  x:  1.15290   4.11947   0.05232  
  7  0.0071 1260550.464823  x:  1.15284   4.11830   0.05233  
  8  0.0010 1260550.464820  x:  1.15285   4.11829   0.05232  

7 (Bom_pas) ... 6 (And_tri)
  0  0.0000 1275076.100718  x:  1.13393   3.51977   0.14989  
  1 99.0000 1260950.364850  x:  1.12091   3.52091   0.05231  
  2 186455.0326 1260916.318525  x:  1.10260   3.61759   0.05550  
  3 707.7371 1260757.176491  x:  1.16077   4.11611   0.05171  
  4 7439.5465 1260756.432908  x:  1.15831   4.13204   0.05217  
  5  0.0161 1260756.421528  x:  1.15798   4.13428   0.05215  
  6  0.0029 1260756.420718  x:  1.15818   4.13537   0.05214  
  7  0.0010 1260756.420718  x:  1.15818   4.13537   0.05214  