

2 (Bom_con) ... 1 (Apis_mel)
  0  0.0000 414284.454862  x:  0.49763   1.59572   0.51290  
  1 99.0000 406352.085269  x:  0.50855   1.68239   0.11639  
  2 20192.5844 406066.989865  x:  0.58340   1.71531   0.09591  
  3 7893.3719 405130.012860  x:  0.63415   2.44422   0.14449  
  4 3721.7673 404545.233534  x:  0.57192   3.10082   0.12305  
  5  1.5832 404434.397497  x:  0.62572   3.50221   0.12203  
  6  0.1868 404425.264567  x:  0.61871   3.64606   0.12011  
  7  0.0915 404424.390550  x:  0.61826   3.67450   0.12210  
  8  0.0210 404424.387380  x:  0.61807   3.67583   0.12205  
  9  0.0013 404424.387379  x:  0.61806   3.67582   0.12205  
 10  0.0000 404424.387379  x:  0.61806   3.67581   0.12205  
 11  0.0000 404424.387379  x:  0.61806   3.67581   0.12205  
 12  0.0000 404424.387379  x:  0.61806   3.67581   0.12205  
 13  0.0000 404424.387379  x:  0.61806   3.67581   0.12205  
 14  0.0058 404424.387379  x:  0.61806   3.67581   0.12205  
 15  0.0013 404424.387379  x:  0.61806   3.67581   0.12205  
check convergence!


3 (Bom_hor) ... 1 (Apis_mel)
  0  0.0000 405677.672811  x:  0.58560   3.23868   0.10005  
  1 99.0000 405519.186215  x:  0.59231   3.23886   0.12376  
  2 14275.2524 405485.073715  x:  0.62685   3.24210   0.11907  
  3 2049.1751 405441.608218  x:  0.63294   3.68191   0.12066  
  4 214.4646 405441.273173  x:  0.63383   3.68045   0.11940  
  5  0.0017 405441.272794  x:  0.63379   3.68116   0.11938  
  6  0.0006 405441.272792  x:  0.63378   3.68123   0.11939  
  7  0.0001 405441.272792  x:  0.63378   3.68123   0.11938  
  8  0.0000 405441.272792  x:  0.63378   3.68123   0.11938  
  9  0.0000 405441.272792  x:  0.63378   3.68123   0.11938  

3 (Bom_hor) ... 2 (Bom_con)
  0  0.0000 337149.277102  x:  0.10397   3.16536   0.11137  
  1 99.0000 337015.593331  x:  0.12517   3.16568   0.11697  
  2 13013.0847 336996.354042  x:  0.12340   3.16744   0.13598  
  3 2209.4002 336844.497091  x:  0.12310   5.05037   0.14957  
  4 214.5838 336844.329967  x:  0.12358   5.04805   0.14784  
  5  0.0022 336844.327586  x:  0.12352   5.05007   0.14769  
  6  0.0015 336844.327505  x:  0.12352   5.05171   0.14772  
  7  0.0008 336844.327502  x:  0.12352   5.05182   0.14771  

4 (Bom_hyp) ... 1 (Apis_mel)
  0  0.0000 405405.591519  x:  0.47648   4.20415   0.16670  
  1 99.0000 404674.109289  x:  0.56499   4.20220   0.11180  
  2 13153.4405 404494.126414  x:  0.60934   4.20066   0.12914  
  3 12313.7751 404438.114162  x:  0.60489   3.63917   0.12689  
  4 184.6483 404418.280598  x:  0.62568   3.66035   0.11814  
  5  0.0248 404418.269218  x:  0.62605   3.65853   0.11824  
  6  0.0018 404418.269109  x:  0.62610   3.65912   0.11824  
  7  0.0006 404418.269108  x:  0.62610   3.65908   0.11823  
  8  0.0000 404418.269108  x:  0.62610   3.65908   0.11823  

4 (Bom_hyp) ... 2 (Bom_con)
  0  0.0000 335598.203841  x:  0.10212   3.35900   0.14031  
  1 99.0000 335521.455555  x:  0.11803   3.35925   0.13991  
  2 10156.7673 335519.819870  x:  0.11816   3.36130   0.13387  
  3 502.1418 335422.457027  x:  0.11804   4.90860   0.14750  
  4 173.4699 335421.939150  x:  0.11824   4.91501   0.14390  
  5  0.0064 335421.935258  x:  0.11825   4.92725   0.14395  
  6  0.0064 335421.935251  x:  0.11825   4.92725   0.14396  
  7  0.0000 335421.935251  x:  0.11825   4.92724   0.14396  

4 (Bom_hyp) ... 3 (Bom_hor)
  0  0.0000 323445.619555  x:  0.06809   3.96006   0.20506  
  1 99.0000 323435.154100  x:  0.07277   3.96026   0.19997  
  2 3097.1852 323343.271491  x:  0.07205   3.96292   0.13186  
  3 4805.8064 323302.062309  x:  0.07172   5.45896   0.14645  
  4 66.1043 323300.542056  x:  0.07105   5.49323   0.13955  
  5  0.0464 323300.498385  x:  0.07078   5.51047   0.14013  
  6  0.0173 323300.496429  x:  0.07080   5.52285   0.14013  
  7  0.0074 323300.496421  x:  0.07080   5.52285   0.14015  

5 (Bom_mus) ... 1 (Apis_mel)
  0  0.0000 405811.226328  x:  0.63100   4.64455   0.19606  
  1 99.0000 405069.367209  x:  0.61921   4.64376   0.12464  
  2 16653.2516 405048.866753  x:  0.64613   4.63828   0.11772  
  3 1485.1704 404905.133129  x:  0.62999   3.67095   0.11569  
  4 270.7596 404902.999463  x:  0.63226   3.66747   0.11824  
  5  0.0096 404902.993123  x:  0.63198   3.67144   0.11832  
  6  0.0048 404902.992941  x:  0.63191   3.67075   0.11833  
  7  0.0009 404902.992941  x:  0.63191   3.67075   0.11833  

5 (Bom_mus) ... 2 (Bom_con)
  0  0.0000 337024.200430  x:  0.10265   3.20931   0.11787  
  1 99.0000 336878.968639  x:  0.12473   3.20962   0.12219  
  2 13832.9451 336865.822237  x:  0.12360   3.21146   0.13836  
  3 1733.9234 336720.328750  x:  0.12339   5.06634   0.15193  
  4 208.2426 336720.148814  x:  0.12369   5.06458   0.14988  
  5  0.0020 336720.147581  x:  0.12364   5.06756   0.14979  
  6  0.0021 336720.147481  x:  0.12364   5.06923   0.14983  
  7  0.0010 336720.147477  x:  0.12365   5.06936   0.14982  
  8  0.0001 336720.147477  x:  0.12365   5.06936   0.14982  
  9  0.0000 336720.147477  x:  0.12365   5.06936   0.14982  

5 (Bom_mus) ... 3 (Bom_hor)
  0  0.0000 323625.782542  x:  0.06420   4.35113   0.21799  
  1 99.0000 323604.967414  x:  0.07057   4.35118   0.21616  
  2 6500.4621 323536.233083  x:  0.07071   4.35287   0.15174  
  3 1960.9401 323525.158999  x:  0.07065   5.14324   0.15898  
  4 30.8776 323524.920925  x:  0.07061   5.15470   0.15571  
  5  0.0175 323524.919737  x:  0.07057   5.15997   0.15575  
  6  0.0045 323524.919726  x:  0.07057   5.16065   0.15576  

5 (Bom_mus) ... 4 (Bom_hyp)
  0  0.0000 323734.499801  x:  0.07009   4.42313   0.16560  
  1 99.0000 323730.496353  x:  0.07303   4.42318   0.16403  
  2 2463.5304 323714.245203  x:  0.07281   4.42405   0.13767  
  3 1453.6969 323703.481802  x:  0.07274   5.21716   0.14296  
  4 29.9525 323703.428226  x:  0.07264   5.21906   0.14162  
  5  0.0027 323703.427970  x:  0.07261   5.22014   0.14166  
  6  0.0011 323703.427968  x:  0.07261   5.22049   0.14166  
  7  0.0002 323703.427968  x:  0.07261   5.22044   0.14166  

6 (Bom_pas) ... 1 (Apis_mel)
  0  0.0000 405705.494339  x:  0.58517   4.36529   0.19217  
  1 99.0000 405125.755125  x:  0.58696   4.36461   0.12723  
  2 14678.6161 405038.150138  x:  0.64331   4.36020   0.11631  
  3 3347.8856 404965.422747  x:  0.63332   3.69252   0.11406  
  4 200.0601 404961.089410  x:  0.63426   3.68270   0.11805  
  5  0.0227 404961.072184  x:  0.63376   3.68900   0.11816  
  6  0.0068 404961.071667  x:  0.63365   3.68780   0.11817  
  7  0.0014 404961.071667  x:  0.63365   3.68779   0.11817  

6 (Bom_pas) ... 2 (Bom_con)
  0  0.0000 337480.377416  x:  0.10378   3.41390   0.19390  
  1 99.0000 337344.639639  x:  0.12540   3.41424   0.18917  
  2 13195.3793 337264.499913  x:  0.12567   3.41771   0.14078  
  3 3046.9000 337146.779878  x:  0.12552   5.10666   0.15946  
  4 175.5604 337144.252298  x:  0.12560   5.13344   0.15149  
  5  0.0331 337144.212126  x:  0.12560   5.17305   0.15144  
  6  0.0204 337144.211128  x:  0.12560   5.17415   0.15160  
  7  0.0011 337144.211128  x:  0.12560   5.17415   0.15160  
  8  0.0000 337144.211128  x:  0.12560   5.17415   0.15160  
  9  0.0000 337144.211128  x:  0.12560   5.17415   0.15160  

6 (Bom_pas) ... 3 (Bom_hor)
  0  0.0000 324243.299909  x:  0.06114   4.36339   0.17809  
  1 99.0000 324171.441135  x:  0.07286   4.36343   0.17739  
  2 13051.8912 324161.034761  x:  0.07300   4.36474   0.15461  
  3 859.0007 324140.000788  x:  0.07293   5.49204   0.16304  
  4 42.8190 324139.895580  x:  0.07297   5.49597   0.16080  
  5  0.0049 324139.895302  x:  0.07298   5.50040   0.16082  
  6  0.0030 324139.895300  x:  0.07297   5.50050   0.16082  
  7  0.0001 324139.895300  x:  0.07297   5.50050   0.16082  

6 (Bom_pas) ... 4 (Bom_hyp)
  0  0.0000 324447.697261  x:  0.06931   4.49943   0.18281  
  1 99.0000 324432.856335  x:  0.07498   4.49948   0.18136  
  2 5286.5195 324407.729666  x:  0.07504   4.50069   0.14794  
  3 1406.4990 324390.364896  x:  0.07497   5.53722   0.15542  
  4 37.9235 324390.058338  x:  0.07491   5.54482   0.15186  
  5  0.0102 324390.057384  x:  0.07488   5.55114   0.15187  
  6  0.0050 324390.057363  x:  0.07488   5.55201   0.15188  

6 (Bom_pas) ... 5 (Bom_mus)
  0  0.0000 308398.423745  x:  0.01963   4.51040   0.24312  
  1 99.0000 308374.379360  x:  0.02337   4.51041   0.24291  
  2 13641.0744 308327.901355  x:  0.02345   4.51410   0.14758  
  3 786.3538 308308.672045  x:  0.02338   6.66634   0.16893  
  4 22.5751 308307.706364  x:  0.02340   6.73528   0.15743  
  5  0.1059 308307.688440  x:  0.02341   6.82206   0.15746  
  6  0.0418 308307.688075  x:  0.02341   6.82401   0.15768  
  7  0.0021 308307.688074  x:  0.02341   6.82401   0.15768  
  8  0.0003 308307.688072  x:  0.02341   6.82401   0.15768  
  9  0.0000 308307.688072  x:  0.02341   6.82401   0.15768  
check convergence!


7 (Bom_syl) ... 1 (Apis_mel)
  0  0.0000 406603.043897  x:  0.60571   5.53225   0.19769  
  1 99.0000 406035.825112  x:  0.60549   5.53061   0.13164  
  2 14148.0689 405951.523760  x:  0.66312   5.52231   0.11920  
  3 3093.8539 405525.274796  x:  0.63832   3.68578   0.11625  
  4 381.0761 405521.498142  x:  0.63773   3.68372   0.12027  
  5  0.0094 405521.325912  x:  0.63548   3.69389   0.12056  
  6  0.0120 405521.321605  x:  0.63526   3.68952   0.12057  
  7  0.0080 405521.321602  x:  0.63526   3.68951   0.12057  

7 (Bom_syl) ... 2 (Bom_con)
  0  0.0000 338865.713449  x:  0.11216   3.19754   0.21125  
  1 99.0000 338768.779443  x:  0.13110   3.19805   0.20469  
  2 10265.2973 338648.958009  x:  0.13113   3.20276   0.14412  
  3 3783.3532 338500.323068  x:  0.13083   4.94417   0.16709  
  4 218.2157 338495.787418  x:  0.13070   4.98280   0.15645  
  5  0.0493 338495.685285  x:  0.13052   5.03946   0.15633  
  6  0.0292 338495.679840  x:  0.13058   5.04382   0.15667  
  7  0.0040 338495.679752  x:  0.13060   5.04417   0.15664  
  8  0.0003 338495.679752  x:  0.13060   5.04419   0.15664  

7 (Bom_syl) ... 3 (Bom_hor)
  0  0.0000 325301.593336  x:  0.07247   4.08010   0.24517  
  1 99.0000 325288.066362  x:  0.07796   4.08025   0.24125  
  2 4117.1872 325153.785577  x:  0.07777   4.08383   0.15059  
  3 3603.6070 325112.665695  x:  0.07755   5.55323   0.16720  
  4 67.1116 325110.721831  x:  0.07712   5.59408   0.15835  
  5  0.0631 325110.672988  x:  0.07681   5.61538   0.15872  
  6  0.0195 325110.671059  x:  0.07684   5.62720   0.15876  
  7  0.0072 325110.671058  x:  0.07684   5.62714   0.15877  
  8  0.0001 325110.671058  x:  0.07684   5.62714   0.15877  
  9  0.0000 325110.671058  x:  0.07684   5.62714   0.15877  
check convergence!


7 (Bom_syl) ... 4 (Bom_hyp)
  0  0.0000 325532.443805  x:  0.06576   4.69757   0.22339  
  1 99.0000 325453.703148  x:  0.07848   4.69763   0.22118  
  2 12986.7361 325351.198784  x:  0.07879   4.69939   0.14605  
  3 2347.8371 325335.759066  x:  0.07875   5.68874   0.15416  
  4 34.8965 325335.446982  x:  0.07879   5.70489   0.15068  
  5  0.0258 325335.445835  x:  0.07882   5.71361   0.15072  
  6  0.0063 325335.445831  x:  0.07881   5.71381   0.15072  
  7  0.0002 325335.445831  x:  0.07881   5.71382   0.15072  
  8  0.0000 325335.445831  x:  0.07881   5.71382   0.15072  

7 (Bom_syl) ... 5 (Bom_mus)
  0  0.0000 323635.233251  x:  0.06830   4.58118   0.22442  
  1 99.0000 323629.503659  x:  0.07177   4.58124   0.22211  
  2 2828.2320 323577.089396  x:  0.07155   4.58286   0.16626  
  3 2237.4591 323564.440272  x:  0.07146   5.48191   0.17409  
  4 31.2435 323563.766143  x:  0.07123   5.49792   0.16834  
  5  0.0233 323563.758764  x:  0.07112   5.50661   0.16850  
  6  0.0082 323563.758677  x:  0.07112   5.50910   0.16850  
  7  0.0018 323563.758677  x:  0.07112   5.50910   0.16850  
  8  0.0000 323563.758677  x:  0.07112   5.50910   0.16850  
check convergence!


7 (Bom_syl) ... 6 (Bom_pas)
  0  0.0000 324214.119793  x:  0.07494   4.37793   0.18904  
  1 99.0000 324211.977405  x:  0.07282   4.37800   0.18818  
  2 1837.0030 324205.400567  x:  0.07324   4.37969   0.16930  
  3 743.7817 324173.537133  x:  0.07318   5.80973   0.18062  
  4 53.0011 324173.344255  x:  0.07322   5.81489   0.17734  
  5  0.0062 324173.343525  x:  0.07322   5.82299   0.17735  
  6  0.0049 324173.343523  x:  0.07322   5.82301   0.17737  
  7  0.0000 324173.343523  x:  0.07322   5.82300   0.17737  

8 (Bom_vet) ... 1 (Apis_mel)
  0  0.0000 407345.184599  x:  0.52517   4.72449   0.27216  
  1 99.0000 405514.791914  x:  0.55560   4.72276   0.13003  
  2 17920.2491 405256.418066  x:  0.65367   4.71701   0.11864  
  3 6411.1784 405101.395210  x:  0.64181   3.70582   0.11272  
  4 272.1011 405095.398828  x:  0.63931   3.66960   0.11764  
  5  0.1343 405094.786830  x:  0.63518   3.69126   0.11816  
  6  0.0208 405094.769823  x:  0.63472   3.68283   0.11813  
  7  0.0116 405094.769820  x:  0.63473   3.68278   0.11813  

8 (Bom_vet) ... 2 (Bom_con)
  0  0.0000 337155.328388  x:  0.09762   3.27033   0.19580  
  1 99.0000 336958.963060  x:  0.12283   3.27068   0.19131  
  2 16677.8014 336866.606169  x:  0.12322   3.27461   0.13896  
  3 3163.1198 336735.937857  x:  0.12304   4.99480   0.15946  
  4 193.1686 336732.606831  x:  0.12327   5.02775   0.15031  
  5  0.0409 336732.538382  x:  0.12338   5.07757   0.15022  
  6  0.0252 336732.536055  x:  0.12335   5.07971   0.15047  
  7  0.0021 336732.536022  x:  0.12334   5.07988   0.15046  
  8  0.0001 336732.536022  x:  0.12334   5.07990   0.15046  
  9  0.0000 336732.536022  x:  0.12334   5.07990   0.15046  

8 (Bom_vet) ... 3 (Bom_hor)
  0  0.0000 323764.714518  x:  0.07294   4.15537   0.22514  
  1 99.0000 323756.107069  x:  0.06881   4.15547   0.22209  
  2 3274.2400 323677.645803  x:  0.07010   4.15782   0.15211  
  3 2855.2884 323657.131943  x:  0.07013   5.21410   0.16277  
  4 44.4658 323656.581815  x:  0.07059   5.22826   0.15807  
  5  0.0203 323656.568504  x:  0.07074   5.23256   0.15839  
  6  0.0046 323656.568410  x:  0.07074   5.23505   0.15838  
  7  0.0018 323656.568408  x:  0.07074   5.23512   0.15839  

8 (Bom_vet) ... 4 (Bom_hyp)
  0  0.0000 324164.855629  x:  0.07348   4.27799   0.20002  
  1 99.0000 324138.682308  x:  0.06775   4.27876   0.17544  
  2 1991.7499 324100.701435  x:  0.07174   4.27994   0.13843  
  3 17208.9399 324078.481161  x:  0.07206   5.41961   0.14769  
  4 44.9357 324077.423134  x:  0.07357   5.40003   0.14747  
  5  0.0200 324077.419661  x:  0.07357   5.39657   0.14709  
  6  0.0040 324077.419564  x:  0.07357   5.39396   0.14709  
  7  0.0018 324077.419564  x:  0.07357   5.39395   0.14709  
  8  0.0000 324077.419563  x:  0.07357   5.39395   0.14709  
  9  0.0000 324077.419563  x:  0.07357   5.39395   0.14709  
 10  0.0000 324077.419563  x:  0.07357   5.39395   0.14709  
 11  0.0585 324077.419563  x:  0.07357   5.39395   0.14709  
check convergence!


8 (Bom_vet) ... 5 (Bom_mus)
  0  0.0000 307677.714755  x:  0.01910   4.52203   0.14991  
  1 99.0000 307668.055899  x:  0.02146   4.52204   0.14987  
  2 8661.2264 307667.192677  x:  0.02148   4.52275   0.13993  
  3 156.6046 307662.731476  x:  0.02143   5.50299   0.14588  
  4 10.3239 307662.703814  x:  0.02140   5.50159   0.14403  
  5  0.0024 307662.703766  x:  0.02140   5.50278   0.14402  
  6  0.0011 307662.703766  x:  0.02140   5.50302   0.14403  
  7  0.0002 307662.703766  x:  0.02140   5.50306   0.14403  
  8  0.0000 307662.703766  x:  0.02140   5.50306   0.14403  
check convergence!


8 (Bom_vet) ... 6 (Bom_pas)
  0  0.0000 308215.847167  x:  0.01975   4.58788   0.15068  
  1 99.0000 308197.131879  x:  0.02306   4.58789   0.15066  
  2 11935.6936 308196.900700  x:  0.02307   4.58953   0.14529  
  3 80.3790 308174.514671  x:  0.02295   7.12573   0.16118  
  4 25.0957 308174.355687  x:  0.02298   7.13582   0.15658  
  5  0.0099 308174.353688  x:  0.02298   7.16042   0.15633  
  6  0.0142 308174.353416  x:  0.02298   7.16623   0.15651  
  7  0.0043 308174.353413  x:  0.02298   7.16755   0.15651  
  8  0.0028 308174.353409  x:  0.02298   7.16763   0.15651  
  9  0.0001 308174.353409  x:  0.02298   7.16763   0.15651  
check convergence!


8 (Bom_vet) ... 7 (Bom_syl)
  0  0.0000 323692.887877  x:  0.07157   5.47327   0.16498  
  1 99.0000 323692.745200  x:  0.07103   5.47327   0.16548  
  2 385.7663 323691.954517  x:  0.07122   5.47333   0.17193  
  3 444.0556 323691.694909  x:  0.07122   5.62043   0.17263  
  4  3.6052 323691.694639  x:  0.07120   5.61968   0.17257  
  5  0.0007 323691.694639  x:  0.07120   5.61965   0.17257  