Supplemental results for CODEML (seqf: /home/yzliu/eDNA/faststorage/yzliu/DK_proj/data/ref_genome/ref_annotation/primary_transcripts/extracted_cds_new/new_transcript_id_7_and_pas/bootstraps/cat.out.OG_cds_7_species_same_header_fas.shuf_537OG_506.phy  treef: xxx.trees)


pairwise comparison (Goldman & Yang 1994)
seq seq        N       S       dN       dS     dN/dS   Paras.
  2   1 466023.3 181022.7   0.0095   0.1681   0.0563   0.1615   3.5336   0.0563 -997523.741
  3   1 465003.7 182042.3   0.0092   0.1586   0.0581   0.1537   3.5360   0.0581 -994165.310
  3   2 463810.0 183236.0   0.0093   0.1478   0.0629   0.1455   3.8893   0.0629 -989512.742
  4   1 465324.4 181721.6   0.0071   0.1244   0.0573   0.1202   3.5171   0.0573 -975352.579
  4   2 464181.0 182865.0   0.0093   0.1595   0.0582   0.1552   3.8682   0.0582 -993772.288
  4   3 462553.8 184492.2   0.0089   0.1499   0.0596   0.1474   3.9497   0.0596 -990155.435
  5   1 468305.1 178740.9   0.0052   0.0929   0.0564   0.0884   3.0811   0.0564 -955995.156
  5   2 465729.9 181316.1   0.0096   0.1633   0.0587   0.1580   3.5431   0.0587 -996376.781
  5   3 464775.6 182270.4   0.0094   0.1525   0.0615   0.1491   3.5404   0.0615 -992502.136
  5   4 465672.1 181373.9   0.0070   0.1173   0.0599   0.1138   3.4435   0.0599 -972208.913
  6   1 470157.3 176888.7   0.0065   0.1226   0.0533   0.1148   2.8905   0.0533 -972765.595
  6   2 466592.5 180453.5   0.0088   0.1604   0.0547   0.1532   3.4475   0.0547 -993038.592
  6   3 465460.8 181585.2   0.0087   0.1514   0.0572   0.1462   3.4657   0.0572 -990202.011
  6   4 466357.4 180688.6   0.0067   0.1189   0.0566   0.1141   3.3718   0.0566 -971940.966
  6   5 470372.0 176674.0   0.0067   0.1156   0.0577   0.1093   2.8481   0.0577 -970319.819
  7   1 462543.0 184503.0   0.0629   1.1915   0.0528   1.1541   4.1555   0.0528 -1206873.882
  7   2 459613.1 187432.9   0.0637   1.2486   0.0510   1.2209   4.4192   0.0510 -1209967.311
  7   3 461471.5 185574.5   0.0632   1.1842   0.0534   1.1540   4.2828   0.0534 -1206711.535
  7   4 460940.0 186106.0   0.0630   1.2033   0.0523   1.1729   4.3349   0.0523 -1207092.722
  7   5 462745.2 184300.8   0.0629   1.1762   0.0535   1.1401   4.1477   0.0535 -1206304.843
  7   6 462387.6 184658.4   0.0626   1.1930   0.0525   1.1556   4.1796   0.0525 -1206349.368

