Supplemental results for CODEML (seqf: /home/yzliu/eDNA/faststorage/yzliu/DK_proj/data/ref_genome/ref_annotation/primary_transcripts/extracted_cds_new/new_transcript_id_8_bom_apis/bootstraps/cat.out.OG_cds_8_species_same_header_fas.shuf_211OG_587.phy  treef: xxx.trees)


pairwise comparison (Goldman & Yang 1994)
seq seq        N       S       dN       dS     dN/dS   Paras.
  2   1 166545.1  55229.9   0.0554   0.5835   0.0950   0.5609   3.8783   0.0950 -389687.813
  3   1 166156.0  55619.0   0.0559   0.6035   0.0927   0.5797   3.9502   0.0927 -390710.862
  3   2 162538.8  59236.2   0.0138   0.1093   0.1263   0.1179   5.1035   0.1263 -331570.130
  4   1 166632.1  55142.9   0.0546   0.5920   0.0922   0.5647   3.9051   0.0922 -389260.061
  4   2 162769.1  59005.9   0.0124   0.1021   0.1211   0.1087   5.2334   0.1211 -329069.540
  4   3 162160.4  59614.6   0.0084   0.0624   0.1341   0.0687   5.5340   0.1341 -319350.138
  5   1 166659.5  55115.5   0.0559   0.5991   0.0932   0.5726   3.8969   0.0932 -390100.755
  5   2 162836.3  58938.7   0.0142   0.1107   0.1287   0.1196   5.1899   0.1287 -331742.601
  5   3 162687.6  59087.4   0.0090   0.0641   0.1407   0.0710   5.0942   0.1407 -320147.009
  5   4 162274.5  59500.5   0.0083   0.0638   0.1307   0.0697   5.8196   0.1307 -319222.905
  6   1 166615.9  55159.1   0.0558   0.6002   0.0930   0.5736   3.9114   0.0930 -390108.002
  6   2 162811.4  58963.6   0.0144   0.1109   0.1302   0.1203   5.1950   0.1302 -331915.265
  6   3 162399.9  59375.1   0.0093   0.0637   0.1463   0.0716   5.3190   0.1463 -320301.050
  6   4 161961.9  59813.1   0.0087   0.0635   0.1376   0.0706   6.1233   0.1376 -319497.080
  6   5 161738.2  60036.8   0.0026   0.0196   0.1337   0.0216   6.3902   0.1337 -304388.554
  7   1 166577.5  55197.5   0.0563   0.5944   0.0946   0.5706   3.9040   0.0946 -390323.076
  7   2 162783.0  58992.0   0.0145   0.1103   0.1313   0.1200   5.1758   0.1313 -332011.698
  7   3 162540.2  59234.8   0.0092   0.0652   0.1413   0.0725   5.1579   0.1413 -320641.599
  7   4 162229.7  59545.3   0.0087   0.0645   0.1355   0.0711   5.7918   0.1355 -319832.556
  7   5 162677.7  59097.3   0.0086   0.0610   0.1404   0.0676   5.3873   0.1404 -319012.214
  7   6 162398.6  59376.4   0.0089   0.0601   0.1485   0.0679   5.6254   0.1485 -319128.082
  8   1 166570.1  55204.9   0.0560   0.6001   0.0933   0.5743   3.9091   0.0933 -390286.447
  8   2 162688.5  59086.5   0.0142   0.1114   0.1270   0.1202   5.2579   0.1270 -331836.871
  8   3 162482.6  59292.4   0.0091   0.0640   0.1417   0.0712   5.2080   0.1417 -320230.298
  8   4 161974.7  59800.3   0.0085   0.0644   0.1321   0.0707   6.0554   0.1321 -319547.681
  8   5 161871.9  59903.1   0.0023   0.0185   0.1233   0.0199   6.1833   0.1233 -303811.083
  8   6 161171.3  60603.7   0.0026   0.0198   0.1317   0.0219   7.0002   0.1317 -304504.316
  8   7 162394.5  59380.5   0.0086   0.0605   0.1422   0.0675   5.5825   0.1422 -319017.212

