Supplemental results for CODEML (seqf: /home/yzliu/eDNA/faststorage/yzliu/DK_proj/data/ref_genome/ref_annotation/primary_transcripts/extracted_cds_new/new_transcript_id_7_and_pas/bootstraps/cat.out.OG_cds_7_species_same_header_fas.shuf_537OG_481.phy  treef: xxx.trees)


pairwise comparison (Goldman & Yang 1994)
seq seq        N       S       dN       dS     dN/dS   Paras.
  2   1 482376.3 190874.7   0.0103   0.1715   0.0598   0.1679   3.7478   0.0598 -1042109.047
  3   1 482024.7 191226.3   0.0099   0.1602   0.0616   0.1577   3.6661   0.0616 -1037593.608
  3   2 480630.7 192620.3   0.0098   0.1559   0.0631   0.1548   4.0723   0.0631 -1035041.693
  4   1 482423.9 190827.1   0.0079   0.1186   0.0668   0.1178   3.5987   0.0668 -1015406.979
  4   2 480447.1 192803.9   0.0100   0.1611   0.0618   0.1597   4.0812   0.0618 -1037416.898
  4   3 479167.8 194083.2   0.0097   0.1514   0.0638   0.1516   4.1214   0.0638 -1033712.781
  5   1 486286.1 186964.9   0.0058   0.0921   0.0633   0.0894   3.0953   0.0633 -996740.790
  5   2 481518.0 191733.0   0.0102   0.1692   0.0603   0.1664   3.8530   0.0603 -1041307.674
  5   3 481321.6 191929.4   0.0099   0.1565   0.0633   0.1551   3.7485   0.0633 -1036430.317
  5   4 482258.9 190992.1   0.0078   0.1132   0.0686   0.1130   3.6062   0.0686 -1012684.231
  6   1 487189.5 186061.5   0.0071   0.1200   0.0593   0.1150   3.0050   0.0593 -1013517.801
  6   2 483136.6 190114.4   0.0095   0.1645   0.0578   0.1598   3.6365   0.0578 -1037589.434
  6   3 482705.9 190545.1   0.0093   0.1549   0.0602   0.1516   3.5696   0.0602 -1034192.982
  6   4 483589.0 189662.0   0.0074   0.1154   0.0643   0.1135   3.4426   0.0643 -1012528.029
  6   5 486804.0 186447.0   0.0072   0.1149   0.0624   0.1110   3.0351   0.0624 -1011508.393
  7   1 482720.4 190530.6   0.0668   1.1954   0.0559   1.1587   4.2059   0.0559 -1259654.606
  7   2 479008.6 194242.4   0.0683   1.2717   0.0537   1.2465   4.4869   0.0537 -1264802.660
  7   3 481221.6 192029.4   0.0674   1.1997   0.0562   1.1710   4.3555   0.0562 -1260450.058
  7   4 481530.1 191720.9   0.0670   1.2021   0.0557   1.1707   4.3218   0.0557 -1260142.607
  7   5 482910.2 190340.8   0.0669   1.1848   0.0565   1.1488   4.1921   0.0565 -1259313.255
  7   6 482940.1 190310.9   0.0667   1.1929   0.0559   1.1551   4.1711   0.0559 -1259459.561

