

2 (Bom_con) ... 1 (Apis_mel)
  0  0.0000 440162.475770  x:  0.49907   1.48567   0.43829  
  1 99.0000 430586.077851  x:  0.38009   1.55323   0.09023  
  2 28456.8209 430348.402558  x:  0.39779   1.56015   0.06926  
  3 21328.5613 427523.206621  x:  0.51554   3.47504   0.10453  
  4 4406.5392 427357.242656  x:  0.52075   3.65311   0.08310  
  5  0.1019 427335.685855  x:  0.54539   3.77334   0.08178  
  6  0.0689 427329.519642  x:  0.54245   3.94347   0.08382  
  7  0.0648 427329.302120  x:  0.54272   3.95502   0.08314  
  8  0.0142 427329.301359  x:  0.54287   3.95604   0.08313  
  9  0.0010 427329.301359  x:  0.54286   3.95608   0.08313  

3 (Bom_hor) ... 1 (Apis_mel)
  0  0.0000 430307.555118  x:  0.41200   3.35366   0.16635  
  1 99.0000 428797.397763  x:  0.45139   3.35501   0.08346  
  2 24955.1167 428398.998868  x:  0.54028   3.35700   0.08761  
  3 11350.1295 428326.674247  x:  0.54387   4.08098   0.09256  
  4 265.7248 428280.064673  x:  0.55674   4.10357   0.08105  
  5  0.0512 428279.160926  x:  0.56156   4.08942   0.08103  
  6  0.0108 428279.159773  x:  0.56160   4.09049   0.08098  
  7  0.0012 428279.159728  x:  0.56160   4.09100   0.08098  
  8  0.0004 428279.159728  x:  0.56160   4.09101   0.08098  

3 (Bom_hor) ... 2 (Bom_con)
  0  0.0000 366595.364696  x:  0.12162   3.44899   0.08190  
  1 99.0000 366550.759689  x:  0.11166   3.44948   0.09473  
  2 5464.9178 366539.030291  x:  0.11567   3.45013   0.10339  
  3 3193.1308 366397.755126  x:  0.11611   5.44123   0.11260  
  4 184.8694 366397.245738  x:  0.11485   5.45884   0.11343  
  5  0.0155 366397.237908  x:  0.11488   5.46794   0.11376  
  6  0.0062 366397.237597  x:  0.11488   5.47130   0.11374  
  7  0.0016 366397.237597  x:  0.11488   5.47132   0.11374  
  8  0.0000 366397.237597  x:  0.11488   5.47132   0.11374  
  9  0.0000 366397.237597  x:  0.11488   5.47132   0.11374  
 10  0.0000 366397.237597  x:  0.11488   5.47132   0.11374  
 11  0.0000 366397.237597  x:  0.11488   5.47132   0.11374  
 12  0.0250 366397.237597  x:  0.11488   5.47132   0.11374  
 13  0.0093 366397.237597  x:  0.11488   5.47132   0.11374  
check convergence!


4 (Bom_hyp) ... 1 (Apis_mel)
  0  0.0000 429622.282384  x:  0.42101   4.47607   0.20249  
  1 99.0000 427454.927600  x:  0.45872   4.47581   0.08730  
  2 25172.5718 427101.120543  x:  0.55220   4.47380   0.08543  
  3 9322.0022 427070.031977  x:  0.54914   4.00550   0.08298  
  4 124.7925 427067.929665  x:  0.55037   4.02783   0.08076  
  5  0.0736 427067.894838  x:  0.54938   4.02126   0.08078  
  6  0.0054 427067.894335  x:  0.54934   4.02283   0.08079  

4 (Bom_hyp) ... 2 (Bom_con)
  0  0.0000 364418.703804  x:  0.10800   3.38899   0.08651  
  1 99.0000 364394.965512  x:  0.10567   3.38989   0.10342  
  2 2984.8753 364394.492401  x:  0.10683   3.39018   0.10388  
  3 790.1906 364269.245484  x:  0.10678   5.29225   0.11317  
  4 181.4071 364269.207341  x:  0.10675   5.29131   0.11237  
  5  0.0009 364269.207071  x:  0.10678   5.29254   0.11236  
  6  0.0010 364269.207044  x:  0.10678   5.29357   0.11236  
  7  0.0005 364269.207044  x:  0.10678   5.29360   0.11236  
  8  0.0000 364269.207044  x:  0.10678   5.29360   0.11236  

4 (Bom_hyp) ... 3 (Bom_hor)
  0  0.0000 352758.951769  x:  0.06648   4.39801   0.12118  
  1 99.0000 352755.687862  x:  0.06414   4.39808   0.11977  
  2 2345.1928 352745.971668  x:  0.06481   4.39884   0.10364  
  3 1468.5922 352716.911993  x:  0.06474   5.83907   0.11075  
  4 47.8830 352716.743911  x:  0.06482   5.84424   0.10865  
  5  0.0059 352716.743328  x:  0.06482   5.85171   0.10866  
  6  0.0046 352716.743322  x:  0.06482   5.85188   0.10867  

5 (Bom_mus) ... 1 (Apis_mel)
  0  0.0000 428444.120081  x:  0.42582   4.87845   0.08322  
  1 99.0000 428080.642460  x:  0.46531   4.87756   0.11043  
  2 16615.7828 427615.977690  x:  0.55443   4.87507   0.07923  
  3 15034.0117 427521.743184  x:  0.54780   3.99767   0.07819  
  4 192.8058 427516.631454  x:  0.55139   4.00627   0.08115  
  5  0.0119 427516.183874  x:  0.55503   4.01512   0.08051  
  6  0.0082 427516.182814  x:  0.55499   4.01248   0.08050  
  7  0.0036 427516.182808  x:  0.55498   4.01249   0.08050  

5 (Bom_mus) ... 2 (Bom_con)
  0  0.0000 366477.440237  x:  0.09488   3.44415   0.11206  
  1 99.0000 366351.731086  x:  0.11381   3.44437   0.11185  
  2 14190.3412 366350.497778  x:  0.11392   3.44585   0.10736  
  3 537.3860 366239.771975  x:  0.11378   5.14996   0.11870  
  4 181.3287 366239.282757  x:  0.11398   5.15509   0.11583  
  5  0.0051 366239.279289  x:  0.11399   5.16710   0.11586  
  6  0.0060 366239.279277  x:  0.11399   5.16716   0.11587  
  7  0.0001 366239.279277  x:  0.11399   5.16717   0.11587  
  8  0.0000 366239.279277  x:  0.11399   5.16717   0.11587  

5 (Bom_mus) ... 3 (Bom_hor)
  0  0.0000 353651.050151  x:  0.07149   4.42729   0.08880  
  1 99.0000 353637.860540  x:  0.06655   4.42732   0.09144  
  2 4597.1758 353620.309709  x:  0.06752   4.42754   0.11072  
  3 2410.3154 353609.149175  x:  0.06748   5.24699   0.11371  
  4 30.2156 353609.086141  x:  0.06715   5.24589   0.11410  
  5  0.0012 353609.085511  x:  0.06716   5.24498   0.11423  
  6  0.0007 353609.085510  x:  0.06716   5.24485   0.11422  

5 (Bom_mus) ... 4 (Bom_hyp)
  0  0.0000 353432.604054  x:  0.05189   4.37365   0.21542  
  1 99.0000 353304.591481  x:  0.06575   4.37370   0.21303  
  2 19835.3730 353062.315219  x:  0.06616   4.37575   0.10735  
  3 3544.2900 353047.394238  x:  0.06610   5.30014   0.11553  
  4 36.0732 353046.394717  x:  0.06615   5.34496   0.11073  
  5  0.0979 353046.386568  x:  0.06617   5.36615   0.11056  
  6  0.0169 353046.386303  x:  0.06617   5.36830   0.11064  
  7  0.0020 353046.386302  x:  0.06617   5.36837   0.11064  
  8  0.0001 353046.386302  x:  0.06617   5.36833   0.11064  
  9  0.0000 353046.386302  x:  0.06617   5.36833   0.11064  
 10  0.0000 353046.386302  x:  0.06617   5.36833   0.11064  
check convergence!


6 (Bom_pas) ... 1 (Apis_mel)
  0  0.0000 429072.323288  x:  0.51040   4.30246   0.16883  
  1 99.0000 427692.887934  x:  0.50595   4.30256   0.08689  
  2 25235.4461 427607.901235  x:  0.55171   4.30123   0.07737  
  3 3875.9774 427600.544631  x:  0.54868   4.07013   0.07675  
  4 60.3496 427587.651217  x:  0.55483   4.03824   0.08138  
  5  0.0831 427587.596608  x:  0.55513   4.04842   0.08108  
  6  0.0098 427587.596020  x:  0.55517   4.04688   0.08106  
  7  0.0016 427587.596016  x:  0.55518   4.04693   0.08106  

6 (Bom_pas) ... 2 (Bom_con)
  0  0.0000 366605.787215  x:  0.10246   3.38633   0.13769  
  1 99.0000 366550.306784  x:  0.11547   3.38668   0.13320  
  2 8433.9902 366513.743173  x:  0.11516   3.38869   0.10808  
  3 2949.4756 366371.206567  x:  0.11486   5.32212   0.12321  
  4 192.1605 366369.097418  x:  0.11485   5.34286   0.11724  
  5  0.0222 366369.063040  x:  0.11486   5.38233   0.11725  
  6  0.0183 366369.062539  x:  0.11486   5.38286   0.11734  
  7  0.0006 366369.062539  x:  0.11486   5.38287   0.11734  

6 (Bom_pas) ... 3 (Bom_hor)
  0  0.0000 353982.945290  x:  0.05725   4.41220   0.20572  
  1 99.0000 353916.803035  x:  0.06761   4.41226   0.20320  
  2 13169.1437 353734.706114  x:  0.06794   4.41427   0.11332  
  3 3342.7745 353712.169901  x:  0.06784   5.58357   0.12314  
  4 44.0082 353710.951069  x:  0.06782   5.63059   0.11737  
  5  0.0857 353710.936401  x:  0.06773   5.66090   0.11754  
  6  0.0209 353710.936227  x:  0.06774   5.66266   0.11755  
  7  0.0014 353710.936227  x:  0.06774   5.66283   0.11755  
  8  0.0001 353710.936227  x:  0.06774   5.66282   0.11755  
  9  0.0001 353710.936227  x:  0.06774   5.66282   0.11755  
check convergence!


6 (Bom_pas) ... 4 (Bom_hyp)
  0  0.0000 353312.163613  x:  0.06858   4.73839   0.16131  
  1 99.0000 353302.900855  x:  0.06465   4.73847   0.15754  
  2 3326.2541 353245.474239  x:  0.06619   4.73943   0.11252  
  3 3998.9559 353228.372984  x:  0.06623   5.86835   0.11905  
  4 34.3905 353227.988837  x:  0.06675   5.87811   0.11640  
  5  0.0123 353227.979071  x:  0.06686   5.88074   0.11672  
  6  0.0030 353227.979034  x:  0.06686   5.88247   0.11671  
  7  0.0013 353227.979033  x:  0.06686   5.88256   0.11672  

6 (Bom_pas) ... 5 (Bom_mus)
  0  0.0000 337332.826668  x:  0.01826   4.65254   0.12104  
  1 99.0000 337323.233746  x:  0.02042   4.65254   0.12096  
  2 9230.3012 337320.747337  x:  0.02044   4.65315   0.10797  
  3 322.6917 337312.599982  x:  0.02037   6.08922   0.11459  
  4 13.4781 337312.453755  x:  0.02038   6.08890   0.11104  
  5  0.0038 337312.453582  x:  0.02038   6.09593   0.11101  
  6  0.0046 337312.453578  x:  0.02038   6.09647   0.11103  
  7  0.0005 337312.453577  x:  0.02038   6.09647   0.11103  

7 (Bom_syl) ... 1 (Apis_mel)
  0  0.0000 429552.369590  x:  0.54711   4.76879   0.17292  
  1 99.0000 428014.449282  x:  0.53277   4.76859   0.08692  
  2 26345.6733 427989.210209  x:  0.55721   4.76619   0.08089  
  3 2024.1429 427922.669249  x:  0.54726   4.03115   0.07962  
  4 166.5384 427915.954128  x:  0.55334   4.01887   0.08265  
  5  0.0326 427915.939034  x:  0.55341   4.02766   0.08258  
  6  0.0106 427915.938663  x:  0.55339   4.02688   0.08255  
  7  0.0008 427915.938663  x:  0.55339   4.02688   0.08255  

7 (Bom_syl) ... 2 (Bom_con)
  0  0.0000 367242.575745  x:  0.11485   3.63674   0.17717  
  1 99.0000 367078.670885  x:  0.11103   3.63930   0.11623  
  2 4513.8118 367070.314023  x:  0.11602   3.63970   0.11215  
  3 4002.3113 366973.407601  x:  0.11667   5.25263   0.12694  
  4 148.1077 366971.416270  x:  0.11609   5.28700   0.12137  
  5  0.0491 366971.373136  x:  0.11636   5.31646   0.12126  
  6  0.0202 366971.369479  x:  0.11630   5.32531   0.12140  
  7  0.0064 366971.369468  x:  0.11629   5.32553   0.12139  
  8  0.0002 366971.369468  x:  0.11629   5.32554   0.12139  
  9  0.0000 366971.369468  x:  0.11629   5.32554   0.12139  
 10  0.0001 366971.369468  x:  0.11629   5.32554   0.12139  
check convergence!


7 (Bom_syl) ... 3 (Bom_hor)
  0  0.0000 353883.283654  x:  0.06535   4.30151   0.14566  
  1 99.0000 353875.670126  x:  0.06912   4.30160   0.14304  
  2 3432.0100 353839.805465  x:  0.06868   4.30274   0.10963  
  3 2792.4722 353806.880944  x:  0.06848   5.75109   0.11848  
  4 53.9643 353806.442926  x:  0.06823   5.76375   0.11522  
  5  0.0156 353806.439018  x:  0.06816   5.77307   0.11532  
  6  0.0081 353806.438792  x:  0.06817   5.77706   0.11532  
  7  0.0027 353806.438792  x:  0.06817   5.77702   0.11532  

7 (Bom_syl) ... 4 (Bom_hyp)
  0  0.0000 353599.070180  x:  0.07025   4.82713   0.14741  
  1 99.0000 353590.942728  x:  0.06665   4.82718   0.14528  
  2 3614.8849 353560.320854  x:  0.06765   4.82786   0.11359  
  3 2263.5570 353548.184955  x:  0.06764   5.77634   0.11848  
  4 28.4973 353548.092805  x:  0.06767   5.78112   0.11688  
  5  0.0064 353548.092678  x:  0.06767   5.78427   0.11688  
  6  0.0024 353548.092676  x:  0.06767   5.78440   0.11688  
  7  0.0001 353548.092676  x:  0.06767   5.78446   0.11688  
  8  0.0000 353548.092676  x:  0.06767   5.78440   0.11688  

7 (Bom_syl) ... 5 (Bom_mus)
  0  0.0000 352677.276603  x:  0.05931   4.80173   0.15563  
  1 99.0000 352664.767402  x:  0.06386   4.80175   0.15443  
  2 5491.2431 352641.241877  x:  0.06390   4.80220   0.12406  
  3 1508.5841 352638.547791  x:  0.06387   5.23758   0.12647  
  4 13.3073 352638.532626  x:  0.06382   5.23240   0.12579  
  5  0.0064 352638.532362  x:  0.06380   5.23014   0.12581  
  6  0.0022 352638.532362  x:  0.06380   5.23014   0.12581  
check convergence!


7 (Bom_syl) ... 6 (Bom_pas)
  0  0.0000 352755.080470  x:  0.06434   4.47076   0.14570  
  1 99.0000 352752.333538  x:  0.06250   4.47099   0.14080  
  2 1026.9661 352745.371699  x:  0.06396   4.47170   0.12679  
  3 4582.2293 352723.923801  x:  0.06397   5.68590   0.13383  
  4 40.8256 352723.798875  x:  0.06416   5.68923   0.13186  
  5  0.0040 352723.798584  x:  0.06417   5.69321   0.13190  
  6  0.0031 352723.798572  x:  0.06417   5.69391   0.13189  
  7  0.0006 352723.798571  x:  0.06417   5.69396   0.13189  
  8  0.0000 352723.798571  x:  0.06417   5.69395   0.13189  
  9  0.0000 352723.798571  x:  0.06417   5.69395   0.13189  

8 (Bom_vet) ... 1 (Apis_mel)
  0  0.0000 430587.915624  x:  0.44040   4.49655   0.22391  
  1 99.0000 427957.615025  x:  0.46701   4.49645   0.08887  
  2 25696.6559 427629.090592  x:  0.56183   4.49427   0.07869  
  3 8366.4648 427607.735984  x:  0.55786   4.09934   0.07666  
  4 101.9729 427599.061066  x:  0.55728   4.03340   0.08076  
  5  0.2945 427598.906223  x:  0.55557   4.04892   0.08099  
  6  0.0134 427598.901951  x:  0.55532   4.04424   0.08100  
  7  0.0051 427598.901948  x:  0.55532   4.04421   0.08100  
  8  0.0000 427598.901948  x:  0.55532   4.04421   0.08100  

8 (Bom_vet) ... 2 (Bom_con)
  0  0.0000 366797.964314  x:  0.08945   3.60224   0.17934  
  1 99.0000 366567.487668  x:  0.11477   3.60251   0.17307  
  2 19486.8624 366376.404828  x:  0.11515   3.60522   0.10783  
  3 5105.6989 366270.410221  x:  0.11493   5.30145   0.12358  
  4 155.1663 366266.285772  x:  0.11483   5.35153   0.11543  
  5  0.0728 366266.188525  x:  0.11456   5.41134   0.11558  
  6  0.0327 366266.185472  x:  0.11463   5.41529   0.11572  
  7  0.0031 366266.185368  x:  0.11464   5.41607   0.11568  
  8  0.0007 366266.185368  x:  0.11464   5.41608   0.11568  

8 (Bom_vet) ... 3 (Bom_hor)
  0  0.0000 353654.013548  x:  0.06315   4.49097   0.12631  
  1 99.0000 353643.663488  x:  0.06742   4.49101   0.12552  
  2 4900.4902 353637.205111  x:  0.06745   4.49168   0.11188  
  3 930.5941 353616.837212  x:  0.06736   5.66026   0.11774  
  4 40.0899 353616.764032  x:  0.06736   5.66283   0.11632  
  5  0.0031 353616.763883  x:  0.06736   5.66617   0.11631  
  6  0.0024 353616.763880  x:  0.06736   5.66637   0.11632  
  7  0.0002 353616.763880  x:  0.06736   5.66636   0.11632  

8 (Bom_vet) ... 4 (Bom_hyp)
  0  0.0000 353221.626081  x:  0.06233   4.73439   0.10293  
  1 99.0000 353208.997718  x:  0.06702   4.73442   0.10345  
  2 5514.6096 353207.567220  x:  0.06689   4.73483   0.10981  
  3 498.6026 353191.158901  x:  0.06681   5.85112   0.11397  
  4 33.6240 353191.136527  x:  0.06681   5.84884   0.11319  
  5  0.0021 353191.136518  x:  0.06681   5.84951   0.11318  
  6  0.0005 353191.136518  x:  0.06681   5.84962   0.11318  
  7  0.0001 353191.136518  x:  0.06681   5.84962   0.11318  

8 (Bom_vet) ... 5 (Bom_mus)
  0  0.0000 337170.507101  x:  0.01551   4.84017   0.15815  
  1 99.0000 337132.412288  x:  0.01956   4.84018   0.15801  
  2 20441.0443 337112.802655  x:  0.01961   4.84062   0.11008  
  3 703.5723 337112.517502  x:  0.01960   5.09949   0.11154  
  4  2.3999 337112.512526  x:  0.01960   5.09365   0.11087  
  5  0.0087 337112.512389  x:  0.01961   5.08860   0.11087  
  6  0.0047 337112.512389  x:  0.01961   5.08870   0.11087  
  7  0.0001 337112.512389  x:  0.01961   5.08870   0.11087  

8 (Bom_vet) ... 6 (Bom_pas)
  0  0.0000 337636.305671  x:  0.02023   4.25535   0.18918  
  1 99.0000 337635.333205  x:  0.02095   4.25536   0.18889  
  2 2562.8187 337590.289489  x:  0.02100   4.25794   0.11239  
  3 1096.3366 337570.568072  x:  0.02090   6.34192   0.12991  
  4 24.0077 337569.554268  x:  0.02089   6.41028   0.12027  
  5  0.1036 337569.533875  x:  0.02087   6.49827   0.12028  
  6  0.0435 337569.533250  x:  0.02088   6.50022   0.12049  
  7  0.0020 337569.533247  x:  0.02088   6.50029   0.12048  
  8  0.0001 337569.533247  x:  0.02088   6.50037   0.12048  

8 (Bom_vet) ... 7 (Bom_syl)
  0  0.0000 352723.880319  x:  0.05554   5.16678   0.20946  
  1 99.0000 352684.079652  x:  0.06339   5.16680   0.20758  
  2 10337.9859 352565.140077  x:  0.06363   5.16774   0.12794  
  3 2576.1001 352562.394312  x:  0.06360   5.64526   0.13114  
  4 12.3126 352562.338616  x:  0.06357   5.64956   0.12977  
  5  0.0080 352562.337715  x:  0.06354   5.64707   0.12977  