

2 (And_ful) ... 1 (And_bic)
  0  0.0000 983696.270027  x:  0.14616   1.43968   0.49536  
  1 99.0000 981398.453476  x:  0.23064   1.46815   0.36821  
  2 36572.5847 969926.379617  x:  0.25367   1.53545   0.04686  
  3 136556.6148 969254.145575  x:  0.24606   2.01883   0.09011  
  4 3747.3039 966220.448622  x:  0.21165   3.27184   0.04278  
  5  2.2166 965431.393108  x:  0.17651   3.60006   0.06819  
  6  0.4259 965403.455887  x:  0.17120   3.69233   0.06384  
  7  0.0908 965399.474254  x:  0.17315   3.71515   0.06174  
  8  0.0193 965398.079665  x:  0.17369   3.79002   0.06270  
  9  0.0194 965397.978490  x:  0.17339   3.80219   0.06251  
 10  0.0114 965397.978465  x:  0.17339   3.80247   0.06251  

3 (And_hae) ... 1 (And_bic)
  0  0.0000 962143.913220  x:  0.17311   3.42206   0.09000  
  1 99.0000 961889.002216  x:  0.15820   3.42228   0.07059  
  2 19599.4923 961872.694121  x:  0.16188   3.42241   0.06571  
  3 5650.5650 961862.638896  x:  0.16210   3.65054   0.06682  
  4 91.6024 961862.452101  x:  0.16260   3.64833   0.06713  
  5  0.0027 961862.451278  x:  0.16262   3.64808   0.06709  
  6  0.0003 961862.451278  x:  0.16262   3.64806   0.06709  
  7  0.0000 961862.451278  x:  0.16262   3.64806   0.06709  

3 (And_hae) ... 2 (And_ful)
  0  0.0000 961167.227621  x:  0.16359   3.31024   0.17675  
  1 99.0000 959491.762606  x:  0.13034   3.31195   0.09196  
  2 31008.2748 959037.862799  x:  0.14042   3.31261   0.06033  
  3 60555.6747 958903.169339  x:  0.14328   4.21317   0.06680  
  4 341.1766 958757.991560  x:  0.15797   3.95940   0.07161  
  5  0.3172 958754.099503  x:  0.15857   3.96265   0.06856  
  6  0.0048 958754.079062  x:  0.15857   3.95116   0.06847  
  7  0.0098 958754.078950  x:  0.15856   3.95104   0.06848  
  8  0.0001 958754.078949  x:  0.15855   3.95105   0.06848  
  9  0.0000 958754.078949  x:  0.15855   3.95105   0.06848  

4 (And_hat) ... 1 (And_bic)
  0  0.0000 941533.119653  x:  0.10420   3.41464   0.16510  
  1 99.0000 940993.145335  x:  0.13151   3.41495   0.14325  
  2 33831.4566 939909.620434  x:  0.13063   3.41598   0.06559  
  3 33563.0702 939898.589192  x:  0.13042   3.68208   0.06803  
  4 85.4056 939847.852290  x:  0.12202   3.68198   0.06609  
  5  0.0076 939847.001744  x:  0.12177   3.66367   0.06756  
  6  0.0423 939846.999586  x:  0.12179   3.66011   0.06752  
  7  0.0033 939846.999580  x:  0.12179   3.66005   0.06752  
  8  0.0001 939846.999580  x:  0.12179   3.66005   0.06752  
  9  0.0000 939846.999580  x:  0.12179   3.66005   0.06752  
 10  0.0000 939846.999580  x:  0.12179   3.66005   0.06752  

4 (And_hat) ... 2 (And_ful)
  0  0.0000 963880.770709  x:  0.13517   3.22595   0.17300  
  1 99.0000 962401.838757  x:  0.19042   3.22718   0.12059  
  2 44010.2597 961226.042250  x:  0.18816   3.22855   0.05878  
  3 51714.8892 961052.127499  x:  0.18647   4.20649   0.06677  
  4 409.5633 960841.944382  x:  0.16647   4.20131   0.06068  
  5  0.0193 960832.969600  x:  0.16474   4.14921   0.06455  
  6  0.0957 960832.767448  x:  0.16499   4.11455   0.06440  
  7  0.0258 960832.763185  x:  0.16492   4.11215   0.06435  
  8  0.0026 960832.763180  x:  0.16492   4.11220   0.06435  
  9  0.0000 960832.763180  x:  0.16492   4.11218   0.06435  
 10  0.0000 960832.763180  x:  0.16492   4.11218   0.06435  
 11  0.0000 960832.763180  x:  0.16492   4.11218   0.06435  
check convergence!


4 (And_hat) ... 3 (And_hae)
  0  0.0000 959255.750611  x:  0.13562   3.56134   0.12553  
  1 99.0000 958547.230821  x:  0.16962   3.56182   0.09320  
  2 31992.0892 958254.858753  x:  0.16491   3.56226   0.06497  
  3 26142.5956 958210.431143  x:  0.16441   4.09932   0.06800  
  4 179.1152 958178.367197  x:  0.15662   4.06448   0.06913  
  5  0.0349 958178.350927  x:  0.15654   4.05717   0.06899  
  6  0.0073 958178.350258  x:  0.15654   4.05558   0.06902  
  7  0.0017 958178.350249  x:  0.15654   4.05552   0.06901  

5 (And_mar) ... 1 (And_bic)
  0  0.0000 923410.450923  x:  0.10044   3.62896   0.14201  
  1 99.0000 923171.531732  x:  0.08577   3.62897   0.12933  
  2 23295.8022 922609.218972  x:  0.08875   3.62900   0.06771  
  3 23167.7413 922585.510050  x:  0.08863   3.20437   0.06448  
  4 103.8002 922571.458580  x:  0.09180   3.16148   0.06787  
  5  0.0534 922570.322540  x:  0.09234   3.18093   0.06618  
  6  0.0368 922570.322182  x:  0.09234   3.17990   0.06615  
  7  0.0012 922570.322177  x:  0.09234   3.18003   0.06615  
  8  0.0001 922570.322176  x:  0.09234   3.18003   0.06615  

5 (And_mar) ... 2 (And_ful)
  0  0.0000 967789.411679  x:  0.16760   2.86068   0.17730  
  1 99.0000 964948.421768  x:  0.15590   2.86400   0.06207  
  2 33710.5417 964848.977483  x:  0.16772   2.86456   0.05490  
  3 17783.6510 964642.677340  x:  0.17158   3.70906   0.06486  
  4 556.1403 964639.842617  x:  0.17068   3.75018   0.06304  
  5  0.0964 964639.656314  x:  0.17123   3.76249   0.06282  
  6  0.0104 964639.654148  x:  0.17122   3.76515   0.06287  
  7  0.0019 964639.654128  x:  0.17122   3.76535   0.06287  
  8  0.0002 964639.654128  x:  0.17122   3.76535   0.06287  

5 (And_mar) ... 3 (And_hae)
  0  0.0000 960991.831612  x:  0.15534   3.18069   0.07411  
  1 99.0000 960955.343218  x:  0.16084   3.18096   0.06678  
  2 7659.8393 960954.624673  x:  0.16003   3.18115   0.06594  
  3 1237.1656 960916.484192  x:  0.16003   3.60804   0.06801  
  4 197.7646 960916.409401  x:  0.16023   3.60706   0.06764  
  5  0.0011 960916.409319  x:  0.16022   3.60704   0.06763  
  6  0.0000 960916.409319  x:  0.16022   3.60705   0.06763  
  7  0.0000 960916.409319  x:  0.16022   3.60704   0.06763  

5 (And_mar) ... 4 (And_hat)
  0  0.0000 938115.274401  x:  0.10092   3.33008   0.06425  
  1 99.0000 937867.204307  x:  0.11808   3.33013   0.06567  
  2 30527.5060 937866.930286  x:  0.11802   3.33029   0.06659  
  3 596.9561 937850.670188  x:  0.11799   3.66109   0.06796  
  4 107.4629 937850.668157  x:  0.11798   3.65994   0.06788  
  5  0.0011 937850.668155  x:  0.11798   3.65987   0.06788  
  6  0.0001 937850.668155  x:  0.11798   3.65986   0.06788  

6 (And_tri) ... 1 (And_bic)
  0  0.0000 938667.092382  x:  0.12179   3.42310   0.18673  
  1 99.0000 938063.912544  x:  0.09773   3.42330   0.15165  
  2 26251.1577 936820.400578  x:  0.10178   3.42372   0.06534  
  3 57436.1219 936804.242944  x:  0.10150   3.12529   0.06245  
  4 99.8955 936651.779302  x:  0.11416   2.97353   0.06658  
  5  0.1722 936646.580783  x:  0.11492   3.03171   0.06335  
  6  0.1511 936646.562403  x:  0.11501   3.03799   0.06348  
  7  0.0068 936646.561844  x:  0.11503   3.03710   0.06346  
  8  0.0009 936646.561843  x:  0.11503   3.03707   0.06346  

6 (And_tri) ... 2 (And_ful)
  0  0.0000 960374.464928  x:  0.15987   2.77639   0.06403  
  1 99.0000 960348.788475  x:  0.16208   2.77693   0.05745  
  2 6853.2975 960348.216845  x:  0.16307   2.77858   0.05774  
  3 596.2461 960159.337471  x:  0.16190   3.66300   0.06201  
  4 1772.5085 960158.302276  x:  0.16271   3.66401   0.06077  
  5  0.0018 960158.300115  x:  0.16268   3.66610   0.06074  
  6  0.0017 960158.300008  x:  0.16268   3.66672   0.06075  
  7  0.0005 960158.300008  x:  0.16268   3.66672   0.06075  
  8  0.0000 960158.300008  x:  0.16268   3.66672   0.06075  
  9  0.0000 960158.300008  x:  0.16268   3.66672   0.06075  

6 (And_tri) ... 3 (And_hae)
  0  0.0000 957620.704062  x:  0.14909   3.18429   0.05527  
  1 99.0000 957558.727091  x:  0.15433   3.18439   0.06448  
  2 12252.5250 957558.466906  x:  0.15372   3.18456   0.06488  
  3 694.7411 957532.079643  x:  0.15374   3.54260   0.06622  
  4 165.8833 957532.065058  x:  0.15385   3.54110   0.06633  
  5  0.0013 957532.064995  x:  0.15385   3.54103   0.06634  
  6  0.0001 957532.064995  x:  0.15385   3.54102   0.06634  

6 (And_tri) ... 4 (And_hat)
  0  0.0000 937511.530644  x:  0.09909   3.09099   0.16236  
  1 99.0000 937031.423754  x:  0.12397   3.09138   0.14139  
  2 32046.6000 935961.429525  x:  0.12313   3.09276   0.06351  
  3 34264.7077 935933.670449  x:  0.12277   3.48594   0.06761  
  4 149.9393 935885.652914  x:  0.11536   3.51376   0.06350  
  5  0.0277 935882.667646  x:  0.11452   3.48481   0.06616  
  6  0.0617 935882.658650  x:  0.11458   3.47874   0.06609  
  7  0.0054 935882.658558  x:  0.11457   3.47834   0.06608  
  8  0.0004 935882.658558  x:  0.11457   3.47834   0.06608  
  9  0.0000 935882.658558  x:  0.11457   3.47834   0.06608  
check convergence!


6 (And_tri) ... 5 (And_mar)
  0  0.0000 936516.767436  x:  0.10462   3.13603   0.16635  
  1 99.0000 935654.734619  x:  0.13456   3.13675   0.09499  
  2 21876.9736 935258.816645  x:  0.12831   3.13707   0.05900  
  3 63442.1131 935255.459934  x:  0.12786   3.27928   0.06011  
  4 32.9547 935052.407010  x:  0.11213   3.03337   0.06669  
  5  0.4653 935051.618906  x:  0.11177   3.04958   0.06539  
  6  0.0229 935051.608266  x:  0.11183   3.04417   0.06528  
  7  0.0062 935051.608261  x:  0.11183   3.04423   0.06528  
  8  0.0001 935051.608261  x:  0.11183   3.04422   0.06528  
  9  0.0000 935051.608261  x:  0.11183   3.04422   0.06528  

7 (Bom_pas) ... 1 (And_bic)
  0  0.0000 1192250.363229  x:  1.18586   2.81047   0.19578  
  1 99.0000 1171990.803794  x:  1.15804   2.81428   0.05558  
  2 167709.7229 1171928.529255  x:  1.12884   2.83321   0.06110  
  3 3707.6607 1171138.099720  x:  1.22669   3.93079   0.06007  
  4 2170.8396 1170971.901507  x:  1.14268   3.95076   0.05994  
  5  0.1006 1170971.441098  x:  1.14515   3.98266   0.05992  
  6  0.0189 1170971.439687  x:  1.14490   3.98246   0.05992  
  7  0.0004 1170971.439678  x:  1.14491   3.98242   0.05992  
  8  0.0000 1170971.439678  x:  1.14491   3.98242   0.05992  
  9  0.0000 1170971.439678  x:  1.14491   3.98242   0.05992  

7 (Bom_pas) ... 2 (And_ful)
  0  0.0000 1188798.800395  x:  1.31430   3.64771   0.14615  
  1 99.0000 1175462.728292  x:  1.30153   3.64887   0.05263  
  2 184778.5437 1175391.691331  x:  1.25320   3.66353   0.05857  
  3 3025.6707 1175197.792013  x:  1.30453   4.31971   0.05741  
  4 674.2123 1175106.087846  x:  1.23586   4.28467   0.05720  
  5  0.1033 1175105.634150  x:  1.23865   4.29084   0.05676  
  6  0.0070 1175105.632205  x:  1.23838   4.29164   0.05677  
  7  0.0008 1175105.632154  x:  1.23843   4.29197   0.05677  

7 (Bom_pas) ... 3 (And_hae)
  0  0.0000 1172294.220674  x:  1.04734   3.65379   0.05572  
  1 99.0000 1172075.668003  x:  1.04830   3.65382   0.06435  
  2 53484.9371 1171939.426033  x:  1.13233   3.66093   0.06051  
  3 3495.0238 1171837.460879  x:  1.15631   4.12109   0.06063  
  4 481.9264 1171836.514401  x:  1.15909   4.12062   0.05997  
  5  0.0027 1171836.510447  x:  1.15960   4.12182   0.05996  
  6  0.0010 1171836.510446  x:  1.15959   4.12181   0.05996  
  7  0.0000 1171836.510446  x:  1.15959   4.12181   0.05996  
  8  0.0000 1171836.510446  x:  1.15959   4.12181   0.05996  

7 (Bom_pas) ... 4 (And_hat)
  0  0.0000 1174407.027595  x:  1.18907   3.48916   0.09068  
  1 99.0000 1171823.627127  x:  1.18598   3.48957   0.05665  
  2 124184.0463 1171752.452110  x:  1.12768   3.51533   0.06113  
  3 2164.2501 1171545.511837  x:  1.18160   4.15736   0.06016  
  4 786.9193 1171535.549123  x:  1.17159   4.16175   0.05900  
  5  0.0160 1171535.517515  x:  1.17054   4.16450   0.05909  
  6  0.0028 1171535.517339  x:  1.17061   4.16512   0.05909  
  7  0.0005 1171535.517339  x:  1.17061   4.16512   0.05909  

7 (Bom_pas) ... 5 (And_mar)
  0  0.0000 1184265.251094  x:  1.05660   3.61763   0.18381  
  1 99.0000 1170824.928786  x:  1.03941   3.61892   0.06443  
  2 143499.6224 1170780.404782  x:  1.06590   3.62055   0.06002  
  3 3233.2606 1170720.801929  x:  1.08425   3.96396   0.06020  
  4 368.4909 1170652.325515  x:  1.12932   3.95480   0.06117  
  5  0.0755 1170651.080480  x:  1.13480   3.96202   0.06041  
  6  0.0082 1170651.072747  x:  1.13533   3.96492   0.06041  
  7  0.0026 1170651.072741  x:  1.13533   3.96500   0.06041  

7 (Bom_pas) ... 6 (And_tri)
  0  0.0000 1181903.618664  x:  1.10353   3.53375   0.16034  
  1 99.0000 1170543.135898  x:  1.08997   3.53487   0.06105  
  2 151276.9827 1170535.318112  x:  1.10308   3.54082   0.05922  
  3 1061.6880 1170434.961798  x:  1.12591   3.98052   0.05967  
  4 611.5427 1170428.048923  x:  1.14156   3.98110   0.05987  
  5  0.0247 1170427.929554  x:  1.14322   3.98246   0.05963  
  6  0.0021 1170427.929279  x:  1.14331   3.98317   0.05963  
  7  0.0006 1170427.929278  x:  1.14331   3.98318   0.05963  