Supplemental results for CODEML (seqf: /home/yzliu/eDNA/faststorage/yzliu/DK_proj/data/ref_genome/ref_annotation/primary_transcripts/extracted_cds_new/new_transcript_id_8_bom_apis/bootstraps/cat.out.OG_cds_8_species_same_header_fas.shuf_211OG_756.phy  treef: xxx.trees)


pairwise comparison (Goldman & Yang 1994)
seq seq        N       S       dN       dS     dN/dS   Paras.
  2   1 175918.0  59237.0   0.0609   0.5795   0.1050   0.5746   3.8576   0.1050 -417495.854
  3   1 175707.8  59447.2   0.0606   0.6026   0.1005   0.5928   3.9072   0.1005 -418175.353
  3   2 172007.1  63147.9   0.0153   0.1065   0.1435   0.1194   4.7982   0.1435 -353352.334
  4   1 176072.1  59082.9   0.0593   0.5924   0.1001   0.5798   3.8856   0.1001 -416743.828
  4   2 172044.8  63110.2   0.0142   0.0989   0.1433   0.1108   4.9858   0.1433 -350941.353
  4   3 171861.4  63293.6   0.0082   0.0627   0.1314   0.0687   5.0379   0.1314 -339470.888
  5   1 176082.1  59072.9   0.0597   0.5998   0.0995   0.5861   3.8947   0.0995 -417176.911
  5   2 172266.8  62888.2   0.0149   0.1053   0.1413   0.1172   4.8434   0.1413 -352512.373
  5   3 172140.7  63014.3   0.0081   0.0636   0.1267   0.0688   4.8530   0.1267 -339408.941
  5   4 171932.8  63222.2   0.0078   0.0628   0.1240   0.0677   5.2397   0.1240 -338747.031
  6   1 176029.8  59125.2   0.0599   0.5996   0.0998   0.5867   3.9142   0.0998 -417203.615
  6   2 172203.5  62951.5   0.0152   0.1065   0.1429   0.1189   4.8775   0.1429 -352954.571
  6   3 171714.8  63440.2   0.0083   0.0632   0.1316   0.0694   5.1572   0.1316 -339539.885
  6   4 171487.6  63667.4   0.0080   0.0622   0.1294   0.0681   5.6004   0.1294 -338840.668
  6   5 170908.6  64246.4   0.0024   0.0198   0.1229   0.0215   6.1748   0.1229 -323450.951
  7   1 176031.4  59123.6   0.0611   0.5956   0.1026   0.5865   3.8920   0.1026 -417892.267
  7   2 172007.6  63147.4   0.0161   0.1068   0.1509   0.1214   4.9941   0.1509 -353795.010
  7   3 171567.8  63587.2   0.0093   0.0654   0.1421   0.0733   5.2441   0.1421 -340896.228
  7   4 171455.6  63699.4   0.0092   0.0642   0.1425   0.0722   5.5955   0.1425 -340317.851
  7   5 171608.6  63546.4   0.0083   0.0590   0.1413   0.0661   5.4853   0.1413 -338556.440
  7   6 171242.5  63912.5   0.0087   0.0590   0.1484   0.0672   5.7974   0.1484 -338898.187
  8   1 176000.4  59154.6   0.0599   0.5996   0.1000   0.5870   3.9029   0.1000 -417349.324
  8   2 172157.3  62997.7   0.0149   0.1044   0.1424   0.1166   4.8773   0.1424 -352435.288
  8   3 172003.5  63151.5   0.0082   0.0628   0.1302   0.0685   4.9070   0.1302 -339411.577
  8   4 171795.9  63359.1   0.0080   0.0621   0.1288   0.0677   5.2986   0.1288 -338870.473
  8   5 171596.3  63558.7   0.0021   0.0179   0.1182   0.0192   5.4863   0.1182 -322601.798
  8   6 170821.2  64333.8   0.0024   0.0194   0.1217   0.0211   6.1972   0.1217 -323315.761
  8   7 171397.7  63757.3   0.0085   0.0579   0.1470   0.0657   5.6127   0.1470 -338538.011

