Supplemental results for CODEML (seqf: /home/yzliu/eDNA/faststorage/yzliu/DK_proj/data/ref_genome/ref_annotation/primary_transcripts/extracted_cds_new/new_transcript_id_7_and_pas/bootstraps/cat.out.OG_cds_7_species_same_header_fas.shuf_537OG_820.phy  treef: xxx.trees)


pairwise comparison (Goldman & Yang 1994)
seq seq        N       S       dN       dS     dN/dS   Paras.
  2   1 481971.8 183818.2   0.0106   0.1749   0.0608   0.1680   3.5140   0.0608 -1030354.165
  3   1 480824.7 184965.3   0.0104   0.1671   0.0621   0.1617   3.4989   0.0621 -1027769.116
  3   2 480238.7 185551.3   0.0108   0.1571   0.0688   0.1548   3.8666   0.0688 -1023842.750
  4   1 481501.9 184288.1   0.0078   0.1252   0.0626   0.1209   3.3926   0.0626 -1004744.440
  4   2 480017.3 185772.7   0.0103   0.1603   0.0646   0.1565   3.8753   0.0646 -1024046.071
  4   3 478854.6 186935.4   0.0103   0.1548   0.0667   0.1527   3.8451   0.0667 -1022925.889
  5   1 483414.7 182375.3   0.0060   0.0953   0.0626   0.0913   3.0938   0.0626 -986005.137
  5   2 481666.5 184123.5   0.0110   0.1717   0.0641   0.1663   3.5304   0.0641 -1030389.026
  5   3 480934.0 184856.0   0.0109   0.1630   0.0667   0.1593   3.4629   0.0667 -1027744.487
  5   4 481785.7 184004.3   0.0081   0.1205   0.0673   0.1175   3.3366   0.0673 -1003637.569
  6   1 484826.4 180963.6   0.0074   0.1236   0.0596   0.1169   2.9474   0.0596 -1002822.353
  6   2 482249.2 183540.8   0.0100   0.1638   0.0611   0.1573   3.4650   0.0611 -1024936.433
  6   3 481251.2 184538.8   0.0101   0.1581   0.0639   0.1534   3.4323   0.0639 -1023897.942
  6   4 482163.2 183626.8   0.0076   0.1178   0.0643   0.1139   3.2998   0.0643 -1000869.172
  6   5 485408.8 180381.2   0.0078   0.1187   0.0654   0.1135   2.8705   0.0654 -1001874.721
  7   1 476552.8 189237.2   0.0698   1.2039   0.0580   1.1764   3.8965   0.0580 -1255466.677
  7   2 473520.2 192269.8   0.0711   1.2733   0.0558   1.2547   4.1737   0.0558 -1259244.725
  7   3 475173.9 190616.1   0.0707   1.2116   0.0584   1.1921   4.0349   0.0584 -1256931.966
  7   4 475187.6 190602.4   0.0698   1.2144   0.0575   1.1926   4.0373   0.0575 -1255598.706
  7   5 476651.4 189138.6   0.0701   1.1965   0.0586   1.1703   3.8944   0.0586 -1255545.609
  7   6 476461.9 189328.1   0.0698   1.2019   0.0581   1.1752   3.9152   0.0581 -1255284.456

