Supplemental results for CODEML (seqf: /home/yzliu/eDNA/faststorage/yzliu/DK_proj/data/ref_genome/ref_annotation/primary_transcripts/extracted_cds_new/new_transcript_id_8_bom_apis/bootstraps/cat.out.OG_cds_8_species_same_header_fas.shuf_211OG_746.phy  treef: xxx.trees)


pairwise comparison (Goldman & Yang 1994)
seq seq        N       S       dN       dS     dN/dS   Paras.
  2   1 171501.3  57773.7   0.0563   0.5696   0.0989   0.5570   3.7755   0.0989 -404482.990
  3   1 171392.4  57882.6   0.0565   0.5886   0.0959   0.5725   3.7963   0.0959 -405318.511
  3   2 166800.4  62474.6   0.0132   0.1074   0.1229   0.1166   5.3262   0.1229 -342998.665
  4   1 171746.2  57528.8   0.0558   0.5838   0.0956   0.5649   3.7440   0.0956 -404603.247
  4   2 167185.8  62089.2   0.0126   0.1019   0.1235   0.1103   5.2104   0.1235 -341528.006
  4   3 166624.7  62650.3   0.0074   0.0608   0.1210   0.0659   5.6243   0.1210 -329951.625
  5   1 171807.5  57467.5   0.0568   0.5886   0.0965   0.5703   3.7540   0.0965 -405182.069
  5   2 167264.5  62010.5   0.0141   0.1071   0.1316   0.1178   5.2075   0.1316 -343464.374
  5   3 166928.0  62347.0   0.0079   0.0602   0.1319   0.0664   5.4255   0.1319 -330225.984
  5   4 167015.1  62259.9   0.0081   0.0622   0.1300   0.0683   5.5661   0.1300 -330624.310
  6   1 171815.5  57459.5   0.0570   0.5871   0.0971   0.5695   3.7342   0.0971 -405284.415
  6   2 167232.7  62042.3   0.0146   0.1087   0.1342   0.1202   5.2121   0.1342 -344105.764
  6   3 166687.1  62587.9   0.0082   0.0604   0.1358   0.0674   5.6123   0.1358 -330510.457
  6   4 166864.2  62410.8   0.0087   0.0626   0.1384   0.0701   5.6780   0.1384 -331245.332
  6   5 166704.7  62570.3   0.0027   0.0202   0.1362   0.0225   5.9002   0.1362 -315957.322
  7   1 171824.4  57450.6   0.0575   0.5906   0.0973   0.5732   3.7596   0.0973 -405616.664
  7   2 167387.7  61887.3   0.0145   0.1115   0.1299   0.1221   5.1298   0.1299 -344445.100
  7   3 166909.3  62365.7   0.0086   0.0639   0.1341   0.0708   5.4632   0.1341 -331532.493
  7   4 167262.6  62012.4   0.0086   0.0653   0.1316   0.0718   5.3743   0.1316 -331694.086
  7   5 167153.6  62121.4   0.0086   0.0593   0.1454   0.0671   5.5343   0.1454 -330482.183
  7   6 167100.5  62174.5   0.0091   0.0595   0.1523   0.0683   5.5575   0.1523 -330944.161
  8   1 171745.5  57529.5   0.0570   0.5885   0.0968   0.5710   3.7514   0.0968 -405320.723
  8   2 167103.0  62172.0   0.0140   0.1069   0.1311   0.1177   5.2866   0.1311 -343407.001
  8   3 166615.7  62659.3   0.0080   0.0593   0.1343   0.0660   5.6419   0.1343 -330127.014
  8   4 166725.9  62549.1   0.0082   0.0615   0.1327   0.0682   5.7699   0.1327 -330618.133
  8   5 166568.2  62706.8   0.0024   0.0189   0.1267   0.0207   5.9954   0.1267 -315248.198
  8   6 166054.5  63220.5   0.0027   0.0196   0.1360   0.0220   6.5090   0.1360 -315763.960
  8   7 167004.3  62270.7   0.0086   0.0579   0.1481   0.0659   5.6086   0.1481 -330222.796

