

2 (And_ful) ... 1 (And_bic)
  0  0.0000 1098190.885806  x:  0.14379   1.64031   0.46125  
  1 99.0000 1093010.272063  x:  0.34300   1.70358   0.07127  
  2 38072.0644 1092314.343152  x:  0.34646   1.70795   0.04142  
  3 298764.3431 1084001.409837  x:  0.20076   7.59104   0.13413  
  4 4561.1844 1082340.413803  x:  0.15076   6.90549   0.09816  
  5  0.4243 1081373.181421  x:  0.15915   5.51867   0.05298  
  6  1.8151 1081004.430965  x:  0.18128   4.53988   0.05806  
  7  0.6119 1080811.647900  x:  0.17802   3.48727   0.05259  
  8  0.9596 1080724.574517  x:  0.16750   3.46757   0.06005  
  9  0.0274 1080723.208446  x:  0.16679   3.52185   0.05947  
 10  0.0782 1080723.150918  x:  0.16671   3.51081   0.05922  
 11  0.0132 1080723.150010  x:  0.16675   3.51099   0.05920  
 12  0.0002 1080723.150010  x:  0.16675   3.51098   0.05920  
 13  0.0000 1080723.150010  x:  0.16675   3.51099   0.05920  
 14  0.0000 1080723.150010  x:  0.16675   3.51098   0.05920  
 15  0.0000 1080723.150010  x:  0.16675   3.51098   0.05920  

3 (And_hae) ... 1 (And_bic)
  0  0.0000 1079347.125841  x:  0.14328   3.33588   0.11028  
  1 99.0000 1078523.211080  x:  0.17291   3.33630   0.07118  
  2 32750.8646 1078404.267265  x:  0.16689   3.33647   0.05807  
  3 19926.9787 1078390.299973  x:  0.16655   3.56341   0.05928  
  4 115.9011 1078369.464916  x:  0.16098   3.54640   0.06197  
  5  0.0221 1078369.441681  x:  0.16087   3.54950   0.06184  
  6  0.0034 1078369.441642  x:  0.16087   3.54991   0.06184  
  7  0.0004 1078369.441642  x:  0.16087   3.54992   0.06184  
  8  0.0000 1078369.441642  x:  0.16087   3.54991   0.06184  
  9  0.0000 1078369.441642  x:  0.16087   3.54991   0.06184  
 10  0.0000 1078369.441642  x:  0.16087   3.54991   0.06184  
check convergence!


3 (And_hae) ... 2 (And_ful)
  0  0.0000 1073012.258579  x:  0.12237   3.14230   0.06272  
  1 99.0000 1072393.048544  x:  0.15124   3.14252   0.06342  
  2 46207.4394 1072391.230367  x:  0.15136   3.14288   0.06157  
  3 1891.5525 1072274.462771  x:  0.15137   3.89862   0.06496  
  4 362.1969 1072274.270677  x:  0.15165   3.89920   0.06441  
  5  0.0008 1072274.269536  x:  0.15168   3.90012   0.06442  
  6  0.0007 1072274.269533  x:  0.15168   3.90023   0.06442  
  7  0.0001 1072274.269533  x:  0.15168   3.90024   0.06442  
  8  0.0000 1072274.269533  x:  0.15168   3.90024   0.06442  
check convergence!


4 (And_hat) ... 1 (And_bic)
  0  0.0000 1054758.767314  x:  0.10947   3.56142   0.11343  
  1 99.0000 1054398.182474  x:  0.12918   3.56154   0.08994  
  2 24408.1027 1054147.633475  x:  0.12499   3.56165   0.06281  
  3 28411.2558 1054146.549465  x:  0.12503   3.48079   0.06237  
  4 24.2412 1054121.258353  x:  0.11975   3.45423   0.06514  
  5  0.0322 1054121.026261  x:  0.11953   3.45940   0.06449  
  6  0.0073 1054121.026236  x:  0.11952   3.45912   0.06449  
  7  0.0003 1054121.026236  x:  0.11952   3.45913   0.06449  

4 (And_hat) ... 2 (And_ful)
  0  0.0000 1074281.918792  x:  0.16665   3.14377   0.06896  
  1 99.0000 1074154.186296  x:  0.15524   3.14416   0.05979  
  2 16855.8094 1074153.532399  x:  0.15587   3.14456   0.05890  
  3 1120.9630 1074010.509999  x:  0.15622   3.98417   0.06272  
  4 444.8731 1074010.173606  x:  0.15600   3.98533   0.06199  
  5  0.0014 1074010.171162  x:  0.15606   3.98652   0.06196  
  6  0.0011 1074010.171107  x:  0.15606   3.98709   0.06196  
  7  0.0004 1074010.171107  x:  0.15606   3.98709   0.06196  

4 (And_hat) ... 3 (And_hae)
  0  0.0000 1074479.359751  x:  0.13895   3.59863   0.13750  
  1 99.0000 1073211.204736  x:  0.17121   3.59953   0.07337  
  2 32066.8292 1073021.760557  x:  0.16291   3.59981   0.05695  
  3 29533.2787 1072959.876923  x:  0.16150   4.22494   0.06036  
  4 215.4178 1072907.602736  x:  0.15292   4.11649   0.06441  
  5  0.1616 1072907.519321  x:  0.15285   4.09296   0.06431  
  6  0.0207 1072907.518875  x:  0.15287   4.09249   0.06429  
  7  0.0005 1072907.518874  x:  0.15287   4.09250   0.06429  
  8  0.0000 1072907.518874  x:  0.15287   4.09250   0.06429  

5 (And_mar) ... 1 (And_bic)
  0  0.0000 1036938.658642  x:  0.08591   3.40800   0.17245  
  1 99.0000 1036382.625159  x:  0.10968   3.40830   0.12391  
  2 22010.7938 1035558.152494  x:  0.10700   3.40864   0.05884  
  3 85255.0797 1035550.273381  x:  0.10727   3.18070   0.05696  
  4 58.5352 1035309.261203  x:  0.09231   3.01249   0.06369  
  5  0.2036 1035304.428206  x:  0.09165   3.07141   0.06063  
  6  0.1286 1035304.413418  x:  0.09173   3.06642   0.06049  
  7  0.0061 1035304.413393  x:  0.09173   3.06653   0.06050  
  8  0.0001 1035304.413393  x:  0.09173   3.06651   0.06050  

5 (And_mar) ... 2 (And_ful)
  0  0.0000 1079824.774911  x:  0.15893   2.86164   0.04906  
  1 99.0000 1079752.343901  x:  0.16348   2.86190   0.05796  
  2 15318.9163 1079751.841073  x:  0.16436   2.86242   0.05757  
  3 924.5703 1079610.619364  x:  0.16401   3.58778   0.06056  
  4 576.2614 1079610.553160  x:  0.16434   3.58791   0.06044  
  5  0.0004 1079610.553125  x:  0.16434   3.58817   0.06043  
  6  0.0002 1079610.553124  x:  0.16434   3.58819   0.06043  
  7  0.0000 1079610.553124  x:  0.16434   3.58819   0.06043  
  8  0.0000 1079610.553124  x:  0.16434   3.58819   0.06043  
  9  0.0000 1079610.553124  x:  0.16434   3.58819   0.06043  

5 (And_mar) ... 3 (And_hae)
  0  0.0000 1076856.981703  x:  0.15301   3.19616   0.05862  
  1 99.0000 1076838.562697  x:  0.15767   3.19631   0.06128  
  2 6950.6598 1076838.399742  x:  0.15795   3.19766   0.06081  
  3 221.8643 1076798.310083  x:  0.15771   3.61874   0.06302  
  4 1434.6628 1076798.284312  x:  0.15781   3.61746   0.06282  
  5  0.0012 1076798.284295  x:  0.15781   3.61741   0.06281  
  6  0.0000 1076798.284295  x:  0.15781   3.61741   0.06281  

5 (And_mar) ... 4 (And_hat)
  0  0.0000 1052671.824436  x:  0.09227   3.34022   0.09150  
  1 99.0000 1052074.597908  x:  0.11680   3.34028   0.08551  
  2 51735.7653 1051942.372738  x:  0.11645   3.34048   0.06477  
  3 12026.0525 1051939.265616  x:  0.11643   3.47507   0.06552  
  4 47.6722 1051938.964550  x:  0.11588   3.47423   0.06522  
  5  0.0009 1051938.956909  x:  0.11584   3.47394   0.06535  
  6  0.0004 1051938.956909  x:  0.11584   3.47398   0.06535  
  7  0.0000 1051938.956909  x:  0.11584   3.47398   0.06535  

6 (And_tri) ... 1 (And_bic)
  0  0.0000 1051476.791933  x:  0.12207   3.25098   0.08000  
  1 99.0000 1051349.231046  x:  0.11113   3.25092   0.07161  
  2 17906.6140 1051313.060120  x:  0.11357   3.25076   0.06213  
  3 8293.2950 1051285.639938  x:  0.11349   2.90955   0.06041  
  4 146.4188 1051285.228284  x:  0.11405   2.89690   0.06079  
  5  0.0145 1051285.224765  x:  0.11408   2.89792   0.06072  
  6  0.0012 1051285.224765  x:  0.11408   2.89791   0.06072  
  7  0.0000 1051285.224765  x:  0.11408   2.89791   0.06072  

6 (And_tri) ... 2 (And_ful)
  0  0.0000 1074702.429161  x:  0.13199   2.72086   0.05325  
  1 99.0000 1074342.951279  x:  0.15411   2.72117   0.05777  
  2 33636.2621 1074342.157154  x:  0.15438   2.72167   0.05665  
  3 1253.8078 1074178.104962  x:  0.15420   3.49806   0.06066  
  4 583.7080 1074177.828932  x:  0.15448   3.49119   0.06000  
  5  0.0063 1074177.828421  x:  0.15449   3.48967   0.05999  
  6  0.0011 1074177.828413  x:  0.15448   3.48963   0.05999  
  7  0.0000 1074177.828413  x:  0.15448   3.48963   0.05999  

6 (And_tri) ... 3 (And_hae)
  0  0.0000 1074094.111409  x:  0.15149   3.05891   0.10404  
  1 99.0000 1073459.586840  x:  0.14571   3.05963   0.06208  
  2 24891.8314 1073439.064006  x:  0.15105   3.05984   0.05967  
  3 7707.8749 1073389.227479  x:  0.15151   3.51036   0.06297  
  4 239.0702 1073389.098811  x:  0.15142   3.51358   0.06250  
  5  0.0054 1073389.097368  x:  0.15146   3.51408   0.06249  
  6  0.0005 1073389.097365  x:  0.15146   3.51419   0.06249  
  7  0.0001 1073389.097365  x:  0.15146   3.51419   0.06249  

6 (And_tri) ... 4 (And_hat)
  0  0.0000 1050051.164575  x:  0.09554   3.30793   0.11835  
  1 99.0000 1049654.859389  x:  0.11585   3.30805   0.10671  
  2 36325.1069 1049222.971569  x:  0.11462   3.30848   0.06491  
  3 22027.9495 1049219.296379  x:  0.11455   3.45415   0.06596  
  4 51.5928 1049211.642529  x:  0.11162   3.44992   0.06578  
  5  0.0045 1049211.629447  x:  0.11160   3.44849   0.06596  
  6  0.0025 1049211.629419  x:  0.11160   3.44821   0.06596  
  7  0.0003 1049211.629419  x:  0.11160   3.44819   0.06596  

6 (And_tri) ... 5 (And_mar)
  0  0.0000 1049952.945456  x:  0.11493   3.01266   0.12410  
  1 99.0000 1049535.722793  x:  0.09800   3.01288   0.09510  
  2 23238.0055 1049196.237835  x:  0.10407   3.01309   0.06215  
  3 41424.1435 1049195.534040  x:  0.10403   2.95820   0.06174  
  4 21.0371 1049158.277328  x:  0.10956   2.91046   0.06557  
  5  0.0694 1049157.038463  x:  0.11009   2.92323   0.06400  
  6  0.0176 1049157.038004  x:  0.11010   2.92202   0.06399  
  7  0.0013 1049157.038003  x:  0.11010   2.92203   0.06399  
  8  0.0000 1049157.038003  x:  0.11010   2.92204   0.06399  

7 (Bom_pas) ... 1 (And_bic)
  0  0.0000 1320301.000784  x:  1.32187   2.73547   0.10270  
  1 99.0000 1311211.060568  x:  1.31528   2.73664   0.04532  
  2 225159.0208 1310494.514113  x:  1.12697   2.81297   0.06186  
  3 7282.4978 1309633.216199  x:  1.24784   3.86735   0.06027  
  4 2088.3480 1309184.482052  x:  1.15012   3.94954   0.05634  
  5  0.1744 1309172.482588  x:  1.17213   3.98462   0.05438  
  6  0.0484 1309171.877208  x:  1.17370   4.01940   0.05445  
  7  0.0198 1309171.877080  x:  1.17374   4.01907   0.05444  

7 (Bom_pas) ... 2 (And_ful)
  0  0.0000 1320916.903399  x:  1.28197   3.67299   0.10584  
  1 99.0000 1313380.017819  x:  1.27660   3.67353   0.05011  
  2 198050.0560 1313311.570959  x:  1.22268   3.69364   0.05479  
  3 2406.9727 1313133.925383  x:  1.27488   4.29511   0.05362  
  4 689.1166 1313104.730298  x:  1.24681   4.28694   0.05265  
  5  0.0440 1313104.727477  x:  1.24703   4.28747   0.05262  
  6  0.0006 1313104.727465  x:  1.24702   4.28762   0.05262  
  7  0.0001 1313104.727465  x:  1.24703   4.28763   0.05262  

7 (Bom_pas) ... 3 (And_hae)
  0  0.0000 1315233.371595  x:  1.40944   3.71548   0.08014  
  1 99.0000 1310966.734838  x:  1.40623   3.71581   0.04547  
  2 194477.2932 1310166.202121  x:  1.16869   3.75907   0.06012  
  3 6212.1551 1310082.316821  x:  1.21172   4.15578   0.05910  
  4 446.7951 1309963.944065  x:  1.17252   4.20015   0.05609  
  5  0.0788 1309958.391056  x:  1.18699   4.19665   0.05476  
  6  0.0195 1309958.375284  x:  1.18706   4.19227   0.05479  
  7  0.0040 1309958.375050  x:  1.18698   4.19177   0.05478  
  8  0.0005 1309958.375050  x:  1.18698   4.19177   0.05478  

7 (Bom_pas) ... 4 (And_hat)
  0  0.0000 1332976.567880  x:  1.32829   3.66757   0.17357  
  1 99.0000 1309731.127311  x:  1.30683   3.66928   0.04836  
  2 215937.8466 1309652.654600  x:  1.26625   3.67776   0.05453  
  3 4583.9260 1309491.297239  x:  1.30694   4.24907   0.05372  
  4 618.1179 1309221.107579  x:  1.17800   4.13683   0.05532  
  5  0.1838 1309218.128204  x:  1.18608   4.16545   0.05432  
  6  0.0294 1309218.079443  x:  1.18462   4.16547   0.05433  
  7  0.0017 1309218.079275  x:  1.18464   4.16603   0.05433  
  8  0.0005 1309218.079275  x:  1.18464   4.16604   0.05433  
  9  0.0000 1309218.079275  x:  1.18464   4.16603   0.05433  

7 (Bom_pas) ... 5 (And_mar)
  0  0.0000 1309777.565791  x:  1.09358   3.62977   0.07491  
  1 99.0000 1308888.820891  x:  1.09287   3.62990   0.05716  
  2 89371.6126 1308841.419601  x:  1.14035   3.63816   0.05425  
  3 2026.5608 1308753.304395  x:  1.16328   4.04399   0.05431  
  4 483.1553 1308750.872547  x:  1.16730   4.04439   0.05488  
  5  0.0058 1308750.810777  x:  1.16905   4.04423   0.05476  
  6  0.0015 1308750.810732  x:  1.16907   4.04453   0.05476  
  7  0.0003 1308750.810732  x:  1.16907   4.04453   0.05476  
  8  0.0000 1308750.810732  x:  1.16907   4.04453   0.05476  

7 (Bom_pas) ... 6 (And_tri)
  0  0.0000 1309922.390505  x:  1.10543   3.45342   0.07580  
  1 99.0000 1308789.881401  x:  1.10438   3.45362   0.05590  
  2 100144.6368 1308767.064708  x:  1.13819   3.47516   0.05386  
  3 1164.4881 1308602.402444  x:  1.15993   4.00735   0.05463  
  4 984.2135 1308601.651523  x:  1.16484   4.00979   0.05473  
  5  0.0063 1308601.600035  x:  1.16606   4.01114   0.05459  
  6  0.0019 1308601.599897  x:  1.16610   4.01167   0.05459  
  7  0.0004 1308601.599897  x:  1.16610   4.01167   0.05459  