

2 (And_ful) ... 1 (And_bic)
  0  0.0000 1054624.899274  x:  0.17098   1.36957   0.44259  
  1 99.0000 1051816.146023  x:  0.11490   1.39381   0.33038  
  2 38396.7209 1042447.497296  x:  0.10492   1.45120   0.05633  
  3 212116.5548 1040741.180238  x:  0.11364   2.41970   0.12286  
  4 4897.0834 1037793.413174  x:  0.13738   2.89310   0.05062  
  5  1.2802 1037211.361486  x:  0.15814   3.06686   0.07393  
  6  0.1824 1037035.992613  x:  0.16971   3.28446   0.06058  
  7  0.2003 1037012.771250  x:  0.16801   3.58530   0.06342  
  8  0.0661 1037012.301058  x:  0.16812   3.59452   0.06254  
  9  0.0095 1037012.299454  x:  0.16807   3.59526   0.06254  
 10  0.0006 1037012.299449  x:  0.16806   3.59512   0.06254  
 11  0.0001 1037012.299449  x:  0.16806   3.59512   0.06254  
 12  0.0000 1037012.299449  x:  0.16806   3.59512   0.06254  
check convergence!


3 (And_hae) ... 1 (And_bic)
  0  0.0000 1033844.700065  x:  0.14492   3.36225   0.14555  
  1 99.0000 1032318.521769  x:  0.17396   3.36322   0.06916  
  2 31038.6826 1032194.537998  x:  0.16485   3.36340   0.05756  
  3 21807.8046 1032172.014969  x:  0.16383   3.69542   0.05981  
  4 141.6247 1032139.421840  x:  0.15753   3.59751   0.06415  
  5  0.1808 1032139.409541  x:  0.15760   3.59229   0.06422  
  6  0.0054 1032139.409522  x:  0.15759   3.59209   0.06422  
  7  0.0002 1032139.409522  x:  0.15759   3.59208   0.06422  
  8  0.0000 1032139.409522  x:  0.15759   3.59208   0.06422  
  9  0.0000 1032139.409522  x:  0.15759   3.59208   0.06422  
check convergence!


3 (And_hae) ... 2 (And_ful)
  0  0.0000 1029015.961378  x:  0.14405   3.36863   0.09153  
  1 99.0000 1028788.108782  x:  0.15591   3.36904   0.06942  
  2 17103.9257 1028773.828588  x:  0.15259   3.36923   0.06584  
  3 6204.3396 1028729.668067  x:  0.15230   3.85632   0.06843  
  4 196.1151 1028729.529828  x:  0.15183   3.85458   0.06850  
  5  0.0021 1028729.528480  x:  0.15182   3.85431   0.06845  
  6  0.0003 1028729.528479  x:  0.15182   3.85424   0.06845  
  7  0.0001 1028729.528479  x:  0.15182   3.85424   0.06845  
  8  0.0000 1028729.528479  x:  0.15182   3.85424   0.06845  
  9  0.0000 1028729.528479  x:  0.15182   3.85424   0.06845  
 10  0.0318 1028729.528479  x:  0.15182   3.85424   0.06845  
check convergence!


4 (And_hat) ... 1 (And_bic)
  0  0.0000 1013743.127530  x:  0.12199   3.32772   0.18336  
  1 99.0000 1012302.350608  x:  0.09796   3.32907   0.09131  
  2 25087.1712 1011883.020165  x:  0.10598   3.32954   0.05886  
  3 96808.8109 1011847.158913  x:  0.10725   3.80918   0.06254  
  4 157.3075 1011655.452922  x:  0.11977   3.44915   0.07010  
  5  0.5185 1011648.751918  x:  0.12120   3.51074   0.06670  
  6  0.0679 1011648.698172  x:  0.12132   3.49498   0.06655  
  7  0.0162 1011648.698104  x:  0.12132   3.49487   0.06656  
  8  0.0001 1011648.698104  x:  0.12132   3.49490   0.06656  

4 (And_hat) ... 2 (And_ful)
  0  0.0000 1032162.487631  x:  0.15405   3.16012   0.07001  
  1 99.0000 1032123.154146  x:  0.15948   3.16051   0.06293  
  2 8480.1350 1032122.634528  x:  0.15881   3.16083   0.06228  
  3 1061.0100 1032012.391718  x:  0.15885   3.90009   0.06580  
  4 377.8639 1032012.071198  x:  0.15918   3.89810   0.06504  
  5  0.0021 1032012.070386  x:  0.15915   3.89824   0.06502  
  6  0.0001 1032012.070384  x:  0.15915   3.89834   0.06502  
  7  0.0001 1032012.070384  x:  0.15915   3.89834   0.06502  

4 (And_hat) ... 3 (And_hae)
  0  0.0000 1029722.781131  x:  0.16056   3.54522   0.14446  
  1 99.0000 1028668.228045  x:  0.13074   3.54592   0.09345  
  2 32113.0380 1028255.966929  x:  0.13969   3.54636   0.06209  
  3 42576.5425 1028213.884335  x:  0.14071   4.05636   0.06530  
  4 177.6218 1028145.251099  x:  0.15035   3.93637   0.06879  
  5  0.1443 1028143.656296  x:  0.15081   3.94424   0.06696  
  6  0.0100 1028143.654085  x:  0.15080   3.94090   0.06691  
  7  0.0030 1028143.654080  x:  0.15080   3.94083   0.06692  
  8  0.0001 1028143.654080  x:  0.15080   3.94084   0.06692  
  9  0.0000 1028143.654080  x:  0.15080   3.94083   0.06692  

5 (And_mar) ... 1 (And_bic)
  0  0.0000 994037.559595  x:  0.09431   3.40026   0.11962  
  1 99.0000 993738.454428  x:  0.08276   3.40029   0.08689  
  2 15918.7932 993553.910503  x:  0.08855   3.40028   0.06242  
  3 45706.8323 993539.641114  x:  0.08832   3.09678   0.06047  
  4 88.4717 993511.123755  x:  0.09232   3.03294   0.06578  
  5  0.0878 993509.917951  x:  0.09295   3.05731   0.06434  
  6  0.0289 993509.912959  x:  0.09295   3.05252   0.06427  
  7  0.0057 993509.912952  x:  0.09295   3.05255   0.06426  

5 (And_mar) ... 2 (And_ful)
  0  0.0000 1039139.699264  x:  0.17412   2.96270   0.14447  
  1 99.0000 1037627.010893  x:  0.14553   2.96411   0.07736  
  2 34975.2807 1037374.743188  x:  0.15618   2.96460   0.05822  
  3 34448.2903 1037261.957644  x:  0.15844   3.62886   0.06336  
  4 379.6968 1037219.082987  x:  0.16591   3.53185   0.06685  
  5  0.1375 1037218.011365  x:  0.16651   3.52458   0.06546  
  6  0.0072 1037218.008047  x:  0.16650   3.52066   0.06544  
  7  0.0032 1037218.008038  x:  0.16650   3.52067   0.06544  
  8  0.0000 1037218.008038  x:  0.16650   3.52067   0.06544  

5 (And_mar) ... 3 (And_hae)
  0  0.0000 1034624.208916  x:  0.12343   3.07936   0.18613  
  1 99.0000 1033364.347003  x:  0.16897   3.08003   0.15299  
  2 50482.1436 1031537.979879  x:  0.16897   3.08168   0.06509  
  3 45454.9375 1031498.077858  x:  0.16850   3.47529   0.06962  
  4 215.2106 1031396.407276  x:  0.15717   3.53998   0.06275  
  5  0.0639 1031380.558177  x:  0.15409   3.48728   0.06736  
  6  0.1131 1031380.502566  x:  0.15425   3.47369   0.06735  
  7  0.0125 1031380.501748  x:  0.15423   3.47258   0.06733  
  8  0.0011 1031380.501746  x:  0.15423   3.47261   0.06732  

5 (And_mar) ... 4 (And_hat)
  0  0.0000 1010894.926425  x:  0.10094   3.29359   0.15701  
  1 99.0000 1010439.914466  x:  0.12425   3.29381   0.13857  
  2 33041.8327 1009537.255649  x:  0.12305   3.29459   0.06931  
  3 31756.6846 1009535.474034  x:  0.12297   3.39344   0.07025  
  4 35.0011 1009500.484606  x:  0.11632   3.37195   0.07055  
  5  0.0205 1009500.484007  x:  0.11631   3.37011   0.07054  
  6  0.0019 1009500.483986  x:  0.11631   3.37007   0.07054  
  7  0.0001 1009500.483986  x:  0.11632   3.37006   0.07054  

6 (And_tri) ... 1 (And_bic)
  0  0.0000 1009961.298210  x:  0.12241   2.91765   0.12797  
  1 99.0000 1009358.112126  x:  0.10168   2.91806   0.09059  
  2 25961.7174 1008963.033243  x:  0.10836   2.91840   0.05696  
  3 47522.3520 1008959.765152  x:  0.10855   3.03828   0.05792  
  4 53.7163 1008899.235612  x:  0.11609   2.94479   0.06174  
  5  0.1181 1008897.445155  x:  0.11670   2.96072   0.05990  
  6  0.0219 1008897.443948  x:  0.11673   2.95916   0.05989  
  7  0.0015 1008897.443946  x:  0.11673   2.95921   0.05989  
  8  0.0001 1008897.443945  x:  0.11673   2.95921   0.05989  

6 (And_tri) ... 2 (And_ful)
  0  0.0000 1033202.482895  x:  0.17311   2.90102   0.09523  
  1 99.0000 1032579.623157  x:  0.15168   2.90164   0.06476  
  2 30393.1517 1032531.376272  x:  0.15727   2.90200   0.05706  
  3 11022.0256 1032448.354681  x:  0.15819   3.46520   0.06050  
  4 326.2406 1032447.577439  x:  0.15931   3.45962   0.06074  
  5  0.0068 1032447.563438  x:  0.15935   3.45880   0.06058  
  6  0.0009 1032447.563419  x:  0.15935   3.45850   0.06058  
  7  0.0002 1032447.563419  x:  0.15935   3.45850   0.06058  
  8  0.0000 1032447.563419  x:  0.15935   3.45850   0.06058  

6 (And_tri) ... 3 (And_hae)
  0  0.0000 1028574.122356  x:  0.14245   3.29202   0.08001  
  1 99.0000 1028430.590458  x:  0.15325   3.29220   0.06512  
  2 15164.7278 1028421.918560  x:  0.15080   3.29230   0.06191  
  3 4755.8681 1028413.416312  x:  0.15073   3.47928   0.06281  
  4 88.0816 1028413.234323  x:  0.15036   3.48895   0.06328  
  5  0.0107 1028413.233199  x:  0.15037   3.49118   0.06329  
  6  0.0021 1028413.233199  x:  0.15037   3.49118   0.06328  

6 (And_tri) ... 4 (And_hat)
  0  0.0000 1008343.723205  x:  0.12097   3.19655   0.11703  
  1 99.0000 1007973.728010  x:  0.10390   3.19683   0.09186  
  2 22872.4685 1007702.072400  x:  0.10981   3.19714   0.06255  
  3 31414.5023 1007696.402032  x:  0.10999   3.37586   0.06379  
  4 65.6024 1007676.714024  x:  0.11444   3.33366   0.06602  
  5  0.0487 1007676.337494  x:  0.11466   3.33810   0.06505  
  6  0.0061 1007676.337359  x:  0.11466   3.33754   0.06504  
  7  0.0005 1007676.337359  x:  0.11465   3.33753   0.06504  

6 (And_tri) ... 5 (And_mar)
  0  0.0000 1008150.570938  x:  0.11028   3.19976   0.05788  
  1 99.0000 1008115.064857  x:  0.11521   3.19963   0.06358  
  2 9669.8752 1008109.909779  x:  0.11350   3.19947   0.06648  
  3 3430.4704 1008086.141555  x:  0.11358   2.87161   0.06511  
  4 136.5934 1008086.134129  x:  0.11364   2.87119   0.06499  
  5  0.0004 1008086.134125  x:  0.11363   2.87119   0.06499  
  6  0.0000 1008086.134125  x:  0.11363   2.87119   0.06499  
  7  0.0000 1008086.134125  x:  0.11363   2.87119   0.06499  

7 (Bom_pas) ... 1 (And_bic)
  0  0.0000 1264276.911535  x:  1.25730   2.83574   0.06489  
  1 99.0000 1263661.527227  x:  1.25589   2.83614   0.05211  
  2 86113.6651 1263107.192247  x:  1.09018   2.91227   0.06105  
  3 5546.4441 1262289.019385  x:  1.19831   3.99078   0.06064  
  4 2001.9932 1262255.717565  x:  1.17693   4.01883   0.05905  
  5  0.0349 1262255.548643  x:  1.17893   4.03715   0.05898  
  6  0.0110 1262255.548044  x:  1.17884   4.03725   0.05899  
  7  0.0001 1262255.548044  x:  1.17884   4.03725   0.05899  

7 (Bom_pas) ... 2 (And_ful)
  0  0.0000 1269866.203729  x:  1.40022   3.56408   0.07926  
  1 99.0000 1266965.092522  x:  1.39754   3.56443   0.04960  
  2 160397.8662 1266426.115293  x:  1.20219   3.61415   0.06144  
  3 5048.2214 1266218.217459  x:  1.26885   4.24334   0.06018  
  4 734.7656 1266155.097694  x:  1.24169   4.27167   0.05767  
  5  0.0497 1266154.450929  x:  1.24759   4.27460   0.05721  
  6  0.0077 1266154.448781  x:  1.24782   4.27649   0.05722  
  7  0.0015 1266154.448745  x:  1.24781   4.27665   0.05721  

7 (Bom_pas) ... 3 (And_hae)
  0  0.0000 1263163.284689  x:  1.02894   3.74726   0.08055  
  1 99.0000 1262701.897663  x:  1.02938   3.74734   0.06616  
  2 58904.2463 1262395.955653  x:  1.14411   3.74982   0.05863  
  3 5703.3286 1262319.331254  x:  1.16436   4.14124   0.05875  
  4 415.1929 1262308.629053  x:  1.17072   4.14100   0.06020  
  5  0.0097 1262308.123660  x:  1.17595   4.14079   0.05985  
  6  0.0040 1262308.122815  x:  1.17599   4.14211   0.05985  
  7  0.0011 1262308.122813  x:  1.17600   4.14212   0.05985  

7 (Bom_pas) ... 4 (And_hat)
  0  0.0000 1275274.730804  x:  1.08745   3.43262   0.16372  
  1 99.0000 1262914.318667  x:  1.07478   3.43402   0.06239  
  2 161383.3149 1262864.110463  x:  1.10524   3.44154   0.05807  
  3 3104.9463 1262559.177298  x:  1.14664   4.18986   0.05908  
  4 981.8513 1262511.937364  x:  1.18570   4.17641   0.05966  
  5  0.0631 1262509.768699  x:  1.19270   4.18104   0.05870  
  6  0.0075 1262509.748809  x:  1.19362   4.18629   0.05870  
  7  0.0042 1262509.748624  x:  1.19358   4.18668   0.05870  

7 (Bom_pas) ... 5 (And_mar)
  0  0.0000 1274799.044448  x:  1.12877   3.71408   0.16375  
  1 99.0000 1261948.047113  x:  1.11472   3.71507   0.06138  
  2 164501.9714 1261939.242501  x:  1.12785   3.71761   0.05949  
  3 1281.7539 1261897.104796  x:  1.14363   4.00079   0.05954  
  4 328.4755 1261884.196187  x:  1.16441   4.00430   0.05984  
  5  0.0326 1261884.102945  x:  1.16586   4.00583   0.05964  
  6  0.0020 1261884.102770  x:  1.16593   4.00633   0.05964  
  7  0.0005 1261884.102770  x:  1.16593   4.00634   0.05964  

7 (Bom_pas) ... 6 (And_tri)
  0  0.0000 1273294.027692  x:  1.13719   3.34327   0.14776  
  1 99.0000 1262233.665289  x:  1.12588   3.34449   0.05932  
  2 169098.5541 1262154.418326  x:  1.17234   3.51600   0.05480  
  3 884.9047 1261968.914019  x:  1.16477   3.97342   0.05973  
  4 10869.0715 1261965.776863  x:  1.17830   4.01636   0.05888  
  5  0.0366 1261965.650384  x:  1.17716   4.02182   0.05880  
  6  0.0078 1261965.648467  x:  1.17712   4.02318   0.05882  
  7  0.0012 1261965.648465  x:  1.17713   4.02323   0.05882  