

2 (And_ful) ... 1 (And_bic)
  0  0.0000 1027559.049436  x:  0.16146   1.56549   0.38877  
  1 99.0000 1020721.453668  x:  0.09521   1.60949   0.11396  
  2 34812.7131 1019408.525888  x:  0.09608   1.61877   0.05508  
  3 558540.5330 1015212.779033  x:  0.13003   4.54321   0.10983  
  4 4722.5051 1013965.982385  x:  0.15507   4.20853   0.05957  
  5  0.2749 1013865.461532  x:  0.16393   4.00888   0.07029  
  6  0.1251 1013836.908263  x:  0.16772   3.81221   0.06372  
  7  0.1766 1013827.149094  x:  0.16521   3.62356   0.06344  
  8  0.0718 1013827.076125  x:  0.16516   3.62456   0.06382  
  9  0.0012 1013827.076038  x:  0.16517   3.62413   0.06382  
 10  0.0005 1013827.076038  x:  0.16517   3.62416   0.06382  
 11  0.0000 1013827.076038  x:  0.16517   3.62416   0.06382  

3 (And_hae) ... 1 (And_bic)
  0  0.0000 1010421.794243  x:  0.15534   3.27278   0.12547  
  1 99.0000 1009314.284959  x:  0.14854   3.27364   0.06294  
  2 27471.9132 1009279.330906  x:  0.15577   3.27380   0.05956  
  3 9910.7344 1009253.010805  x:  0.15629   3.62369   0.06230  
  4 159.3830 1009252.940977  x:  0.15644   3.61922   0.06259  
  5  0.0090 1009252.939141  x:  0.15649   3.61816   0.06256  
  6  0.0010 1009252.939139  x:  0.15649   3.61806   0.06256  
  7  0.0001 1009252.939139  x:  0.15649   3.61806   0.06256  
  8  0.0000 1009252.939139  x:  0.15649   3.61806   0.06256  
  9  0.0000 1009252.939139  x:  0.15649   3.61806   0.06256  
check convergence!


3 (And_hae) ... 2 (And_ful)
  0  0.0000 1007071.200955  x:  0.14209   3.20170   0.09315  
  1 99.0000 1006732.819860  x:  0.15856   3.20236   0.06745  
  2 21090.2381 1006703.419033  x:  0.15433   3.20271   0.06156  
  3 9027.4605 1006577.557782  x:  0.15357   4.02981   0.06606  
  4 347.2348 1006577.210722  x:  0.15280   4.02752   0.06599  
  5  0.0027 1006577.207203  x:  0.15281   4.02718   0.06590  
  6  0.0004 1006577.207200  x:  0.15281   4.02702   0.06589  

4 (And_hat) ... 1 (And_bic)
  0  0.0000 988947.664137  x:  0.09925   3.58755   0.11001  
  1 99.0000 988547.223771  x:  0.12066   3.58759   0.10064  
  2 36787.9602 988289.271694  x:  0.11969   3.58773   0.06826  
  3 15951.6493 988288.229957  x:  0.11971   3.50572   0.06777  
  4 24.8062 988285.840062  x:  0.11799   3.50153   0.06838  
  5  0.0039 988285.820599  x:  0.11796   3.50276   0.06816  
  6  0.0020 988285.820598  x:  0.11796   3.50280   0.06816  

4 (And_hat) ... 2 (And_ful)
  0  0.0000 1009556.692399  x:  0.15890   3.09930   0.10002  
  1 99.0000 1009041.306644  x:  0.15110   3.10021   0.06294  
  2 23169.7029 1009019.683322  x:  0.15667   3.10059   0.05984  
  3 7518.6067 1008874.083736  x:  0.15762   3.94433   0.06547  
  4 395.8714 1008873.069148  x:  0.15723   3.95413   0.06414  
  5  0.0144 1008873.053432  x:  0.15738   3.95829   0.06409  
  6  0.0037 1008873.053063  x:  0.15737   3.95968   0.06410  
  7  0.0010 1008873.053063  x:  0.15737   3.95969   0.06410  

4 (And_hat) ... 3 (And_hae)
  0  0.0000 1006316.477663  x:  0.15408   3.51643   0.12988  
  1 99.0000 1005265.921267  x:  0.13490   3.51730   0.07061  
  2 28211.2800 1005119.218355  x:  0.14456   3.51757   0.05701  
  3 26220.8681 1005061.319012  x:  0.14565   4.01531   0.06002  
  4 212.6212 1005042.389128  x:  0.14994   4.00040   0.06375  
  5  0.0251 1005041.706900  x:  0.15047   4.04696   0.06314  
  6  0.0425 1005041.704372  x:  0.15044   4.04993   0.06319  
  7  0.0025 1005041.704370  x:  0.15044   4.05002   0.06319  

5 (And_mar) ... 1 (And_bic)
  0  0.0000 970182.511664  x:  0.07034   3.64283   0.13432  
  1 99.0000 969727.046847  x:  0.08941   3.64283   0.12859  
  2 50144.5777 969154.626070  x:  0.08946   3.64283   0.06667  
  3 15773.5839 969127.488481  x:  0.08955   3.19157   0.06326  
  4 111.1873 969126.064287  x:  0.08907   3.17337   0.06524  
  5  0.0327 969125.607347  x:  0.08848   3.18132   0.06482  
  6  0.0083 969125.606952  x:  0.08848   3.17998   0.06480  
  7  0.0016 969125.606949  x:  0.08848   3.18006   0.06479  

5 (And_mar) ... 2 (And_ful)
  0  0.0000 1014197.850141  x:  0.13223   2.94627   0.09894  
  1 99.0000 1013325.803727  x:  0.16948   2.94677   0.07921  
  2 45137.0012 1013161.225479  x:  0.16702   2.94734   0.06051  
  3 17953.5994 1013042.176512  x:  0.16657   3.65179   0.06481  
  4 383.0089 1013036.474366  x:  0.16359   3.64842   0.06362  
  5  0.0042 1013036.365601  x:  0.16339   3.64631   0.06405  
  6  0.0024 1013036.365271  x:  0.16339   3.64502   0.06404  
  7  0.0009 1013036.365271  x:  0.16339   3.64501   0.06404  

5 (And_mar) ... 3 (And_hae)
  0  0.0000 1008756.808013  x:  0.14940   3.12807   0.10139  
  1 99.0000 1008236.008231  x:  0.15407   3.12878   0.06183  
  2 21725.3092 1008235.897246  x:  0.15364   3.12907   0.06177  
  3 424.2682 1008181.882960  x:  0.15363   3.62701   0.06530  
  4 343.6664 1008180.728042  x:  0.15391   3.63512   0.06376  
  5  0.0133 1008180.726805  x:  0.15388   3.63701   0.06376  
  6  0.0016 1008180.726787  x:  0.15388   3.63723   0.06377  
  7  0.0002 1008180.726786  x:  0.15388   3.63723   0.06377  
  8  0.0000 1008180.726786  x:  0.15388   3.63723   0.06377  
check convergence!


5 (And_mar) ... 4 (And_hat)
  0  0.0000 988376.553224  x:  0.11046   3.41869   0.19712  
  1 99.0000 986312.781270  x:  0.11991   3.42040   0.06905  
  2 21935.4376 986288.992545  x:  0.11477   3.42044   0.06653  
  3 9502.2058 986287.946143  x:  0.11462   3.49706   0.06747  
  4 27.3908 986287.152760  x:  0.11428   3.47006   0.06874  
  5  0.0855 986287.152506  x:  0.11430   3.47036   0.06874  

6 (And_tri) ... 1 (And_bic)
  0  0.0000 988205.979586  x:  0.09289   3.02703   0.17478  
  1 99.0000 987617.555979  x:  0.11850   3.02720   0.16004  
  2 43564.2142 986157.366360  x:  0.11878   3.02819   0.06540  
  3 29180.7640 986155.609776  x:  0.11882   2.94663   0.06439  
  4 39.5762 986131.517785  x:  0.11336   2.93274   0.06491  
  5  0.0123 986131.493077  x:  0.11334   2.93629   0.06468  
  6  0.0102 986131.492692  x:  0.11333   2.93705   0.06469  
  7  0.0008 986131.492692  x:  0.11333   2.93705   0.06469  
check convergence!


6 (And_tri) ... 2 (And_ful)
  0  0.0000 1009511.253109  x:  0.16054   2.75620   0.08503  
  1 99.0000 1009203.932491  x:  0.15198   2.75693   0.06001  
  2 20770.0508 1009191.545793  x:  0.15598   2.75735   0.05739  
  3 5505.6577 1009055.597839  x:  0.15666   3.47223   0.06212  
  4 437.9925 1009054.986750  x:  0.15639   3.47444   0.06109  
  5  0.0031 1009054.978306  x:  0.15650   3.47487   0.06105  
  6  0.0004 1009054.978286  x:  0.15650   3.47518   0.06105  
  7  0.0002 1009054.978286  x:  0.15650   3.47518   0.06105  

6 (And_tri) ... 3 (And_hae)
  0  0.0000 1006657.919940  x:  0.13980   3.06620   0.11343  
  1 99.0000 1005808.509734  x:  0.15928   3.06705   0.06285  
  2 26778.5054 1005757.768164  x:  0.15280   3.06728   0.05650  
  3 12613.4667 1005706.893679  x:  0.15178   3.54336   0.05973  
  4 231.7149 1005704.063175  x:  0.15000   3.52307   0.06115  
  5  0.0335 1005704.054781  x:  0.14996   3.51850   0.06105  
  6  0.0041 1005704.054684  x:  0.14997   3.51801   0.06106  
  7  0.0004 1005704.054684  x:  0.14997   3.51801   0.06106  

6 (And_tri) ... 4 (And_hat)
  0  0.0000 986361.541224  x:  0.11244   3.12137   0.15360  
  1 99.0000 985174.207105  x:  0.10031   3.12263   0.07039  
  2 21826.7341 985049.992047  x:  0.10887   3.12285   0.05784  
  3 35183.6195 985029.225664  x:  0.10962   3.45944   0.06086  
  4 129.7074 985010.361592  x:  0.11255   3.35568   0.06548  
  5  0.2141 985010.120325  x:  0.11296   3.35852   0.06493  
  6  0.0026 985010.119818  x:  0.11296   3.35710   0.06490  
  7  0.0013 985010.119818  x:  0.11295   3.35712   0.06490  
  8  0.0000 985010.119818  x:  0.11295   3.35711   0.06490  
  9  0.0000 985010.119818  x:  0.11295   3.35712   0.06490  

6 (And_tri) ... 5 (And_mar)
  0  0.0000 986529.014888  x:  0.08960   3.17873   0.18088  
  1 99.0000 985970.763808  x:  0.11388   3.17883   0.16826  
  2 44546.4280 984504.125845  x:  0.11428   3.17955   0.06831  
  3 26387.6182 984491.082083  x:  0.11439   2.94068   0.06541  
  4 102.9139 984477.631094  x:  0.11100   2.89213   0.06872  
  5  0.0502 984474.878873  x:  0.11000   2.92229   0.06670  
  6  0.0706 984474.877312  x:  0.11003   2.92201   0.06665  
  7  0.0003 984474.877310  x:  0.11003   2.92210   0.06665  
  8  0.0001 984474.877310  x:  0.11003   2.92211   0.06665  
  9  0.0000 984474.877310  x:  0.11003   2.92210   0.06665  
 10  0.0000 984474.877310  x:  0.11003   2.92210   0.06665  
check convergence!


7 (Bom_pas) ... 1 (And_bic)
  0  0.0000 1226840.310523  x:  1.06476   2.77982   0.06737  
  1 99.0000 1226391.282828  x:  1.06413   2.78027   0.05515  
  2 67432.1317 1225425.128641  x:  1.23634   3.86540   0.05078  
  3 2136.9638 1225237.499998  x:  1.14822   4.05355   0.05666  
  4 5603.9529 1225228.079782  x:  1.14610   4.08637   0.05526  
  5  0.0371 1225227.254604  x:  1.15273   4.11862   0.05504  
  6  0.0228 1225227.202399  x:  1.15206   4.12580   0.05513  
  7  0.0069 1225227.202356  x:  1.15206   4.12587   0.05513  

7 (Bom_pas) ... 2 (And_ful)
  0  0.0000 1234572.098441  x:  1.28405   3.45986   0.09050  
  1 99.0000 1229933.408724  x:  1.28025   3.46038   0.04902  
  2 173276.6791 1229728.720333  x:  1.17587   3.50009   0.05672  
  3 3619.8096 1229352.293042  x:  1.25755   4.37857   0.05520  
  4 1039.1387 1229297.462688  x:  1.22843   4.39120   0.05312  
  5  0.0462 1229297.429097  x:  1.22870   4.40022   0.05311  
  6  0.0064 1229297.428720  x:  1.22885   4.40051   0.05311  

7 (Bom_pas) ... 3 (And_hae)
  0  0.0000 1231399.676730  x:  1.06878   3.66972   0.11617  
  1 99.0000 1225733.805676  x:  1.06396   3.67023   0.05842  
  2 146962.5599 1225683.292549  x:  1.10337   3.67783   0.05451  
  3 2490.1475 1225523.979784  x:  1.13287   4.25935   0.05483  
  4 627.0112 1225502.765532  x:  1.15280   4.25823   0.05596  
  5  0.0344 1225501.944350  x:  1.15842   4.25912   0.05543  
  6  0.0049 1225501.941950  x:  1.15867   4.26141   0.05543  
  7  0.0019 1225501.941944  x:  1.15865   4.26145   0.05543  

7 (Bom_pas) ... 4 (And_hat)
  0  0.0000 1240370.499603  x:  1.04824   3.64505   0.17569  
  1 99.0000 1225704.296247  x:  1.03303   3.64639   0.05950  
  2 159897.0151 1225633.433812  x:  1.06481   3.64958   0.05450  
  3 4256.3568 1225451.714255  x:  1.09719   4.27046   0.05494  
  4 650.3559 1225340.162759  x:  1.15569   4.25016   0.05600  
  5  0.0973 1225336.209544  x:  1.16496   4.26121   0.05475  
  6  0.0127 1225336.156184  x:  1.16651   4.26949   0.05475  
  7  0.0068 1225336.155992  x:  1.16647   4.26994   0.05475  
  8  0.0004 1225336.155991  x:  1.16647   4.26994   0.05475  

7 (Bom_pas) ... 5 (And_mar)
  0  0.0000 1231832.330618  x:  1.18297   3.64678   0.11180  
  1 99.0000 1225002.995949  x:  1.17661   3.64732   0.05299  
  2 169588.4769 1224949.778689  x:  1.13144   3.66054   0.05736  
  3 2277.1950 1224849.346668  x:  1.16466   4.11065   0.05666  
  4 495.5709 1224826.148215  x:  1.14228   4.10598   0.05559  
  5  0.0368 1224826.132458  x:  1.14306   4.10720   0.05552  
  6  0.0015 1224826.132429  x:  1.14306   4.10744   0.05552  
  7  0.0002 1224826.132429  x:  1.14306   4.10744   0.05552  

7 (Bom_pas) ... 6 (And_tri)
  0  0.0000 1224937.478590  x:  1.15248   3.45653   0.05892  
  1 99.0000 1224822.434979  x:  1.15194   3.45667   0.05322  
  2 38480.1697 1224760.838872  x:  1.09733   3.48275   0.05592  
  3 1975.6352 1224565.389692  x:  1.14803   4.09272   0.05536  
  4 798.4132 1224564.528080  x:  1.14471   4.09455   0.05508  
  5  0.0039 1224564.525628  x:  1.14444   4.09526   0.05510  
  6  0.0007 1224564.525623  x:  1.14445   4.09536   0.05510  
  7  0.0001 1224564.525623  x:  1.14445   4.09536   0.05510  