

2 (And_ful) ... 1 (And_bic)
  0  0.0000 1068597.372069  x:  0.12799   1.56862   0.51097  
  1 99.0000 1067365.453140  x:  0.17355   1.57740   0.46486  
  2 42375.1823 1051979.995654  x:  0.18608   1.65376   0.04531  
  3 68598.7735 1051686.867938  x:  0.18457   1.90736   0.06888  
  4 2741.3360 1050221.357096  x:  0.17412   3.02516   0.04274  
  5  2.6693 1049921.561502  x:  0.15785   3.29240   0.05920  
  6  0.2621 1049898.059701  x:  0.15431   3.45697   0.05601  
  7  0.1087 1049892.761192  x:  0.15681   3.54205   0.05525  
  8  0.0464 1049891.739818  x:  0.15645   3.58807   0.05637  
  9  0.0288 1049891.733669  x:  0.15646   3.59213   0.05631  
 10  0.0038 1049891.733669  x:  0.15646   3.59214   0.05631  

3 (And_hae) ... 1 (And_bic)
  0  0.0000 1050812.331351  x:  0.12263   3.36692   0.17948  
  1 99.0000 1049503.695924  x:  0.16964   3.36748   0.13868  
  2 47756.7170 1047744.218468  x:  0.16938   3.36846   0.05793  
  3 54383.5865 1047733.291379  x:  0.16905   3.61346   0.06016  
  4 97.2097 1047529.595578  x:  0.15050   3.57690   0.05710  
  5  0.0347 1047525.506353  x:  0.14986   3.53587   0.05961  
  6  0.1064 1047525.492354  x:  0.14995   3.52973   0.05952  
  7  0.0061 1047525.492271  x:  0.14994   3.52954   0.05951  
  8  0.0002 1047525.492271  x:  0.14994   3.52956   0.05951  
  9  0.0000 1047525.492271  x:  0.14994   3.52956   0.05951  
 10  0.0000 1047525.492271  x:  0.14994   3.52956   0.05951  
 11  0.0000 1047525.492271  x:  0.14994   3.52956   0.05951  
 12  0.0546 1047525.492271  x:  0.14994   3.52956   0.05951  
 13  0.0019 1047525.492271  x:  0.14994   3.52956   0.05951  
check convergence!


3 (And_hae) ... 2 (And_ful)
  0  0.0000 1045109.121287  x:  0.13952   3.10889   0.14719  
  1 99.0000 1043252.145034  x:  0.14065   3.11090   0.05955  
  2 29996.3823 1043245.821378  x:  0.14376   3.11120   0.05917  
  3 4153.7702 1043119.966539  x:  0.14393   3.86578   0.06713  
  4 376.9357 1043103.462774  x:  0.14373   3.94238   0.06162  
  5  0.1791 1043103.201312  x:  0.14387   3.98501   0.06176  
  6  0.0283 1043103.199916  x:  0.14384   3.98465   0.06180  
  7  0.0004 1043103.199911  x:  0.14384   3.98466   0.06179  
  8  0.0000 1043103.199911  x:  0.14384   3.98467   0.06179  

4 (And_hat) ... 1 (And_bic)
  0  0.0000 1027629.915077  x:  0.10958   3.62364   0.13410  
  1 99.0000 1026672.419807  x:  0.12655   3.62410   0.06635  
  2 22533.7616 1026571.223733  x:  0.11876   3.62415   0.05554  
  3 24835.1622 1026568.978092  x:  0.11818   3.73894   0.05671  
  4  2.8635 1026545.983707  x:  0.11481   3.53520   0.06049  
  5  4.7754 1026545.943855  x:  0.11470   3.54809   0.06065  
  6  0.0138 1026545.943348  x:  0.11471   3.54755   0.06068  
  7  0.0005 1026545.943348  x:  0.11471   3.54753   0.06068  
  8  0.0000 1026545.943348  x:  0.11471   3.54753   0.06068  
  9  0.0000 1026545.943348  x:  0.11471   3.54753   0.06068  
check convergence!


4 (And_hat) ... 2 (And_ful)
  0  0.0000 1047231.152049  x:  0.13006   3.08681   0.15707  
  1 99.0000 1045554.926662  x:  0.17744   3.08870   0.08095  
  2 37476.9879 1045061.555943  x:  0.17108   3.08947   0.05062  
  3 56646.1424 1044782.118120  x:  0.16700   4.38202   0.05880  
  4 525.3856 1044562.160286  x:  0.14746   4.20620   0.05971  
  5  0.2020 1044559.571302  x:  0.14763   4.07969   0.05993  
  6  0.0977 1044559.500499  x:  0.14768   4.06647   0.05959  
  7  0.0147 1044559.500495  x:  0.14768   4.06630   0.05959  
  8  0.0002 1044559.500495  x:  0.14768   4.06630   0.05959  

4 (And_hat) ... 3 (And_hae)
  0  0.0000 1044519.122612  x:  0.15130   3.66737   0.14957  
  1 99.0000 1043414.577227  x:  0.12077   3.66801   0.09764  
  2 33078.7207 1042837.539462  x:  0.12884   3.66848   0.05871  
  3 54439.6745 1042801.255148  x:  0.12974   4.16615   0.06170  
  4 154.5514 1042688.545635  x:  0.14158   4.00392   0.06503  
  5  0.1909 1042686.187549  x:  0.14216   4.02048   0.06288  
  6  0.0234 1042686.184254  x:  0.14221   4.01685   0.06285  
  7  0.0034 1042686.184252  x:  0.14221   4.01682   0.06285  
  8  0.0000 1042686.184252  x:  0.14221   4.01682   0.06285  
  9  0.0000 1042686.184252  x:  0.14221   4.01682   0.06285  
 10  0.0342 1042686.184252  x:  0.14221   4.01682   0.06285  
check convergence!


5 (And_mar) ... 1 (And_bic)
  0  0.0000 1008089.975747  x:  0.08319   3.51375   0.07950  
  1 99.0000 1008042.516781  x:  0.08914   3.51370   0.07234  
  2 10398.0515 1007998.450542  x:  0.08715   3.51359   0.06034  
  3 11885.1494 1007981.003369  x:  0.08726   3.17100   0.05877  
  4 92.3897 1007979.854123  x:  0.08640   3.15328   0.05961  
  5  0.0195 1007979.844038  x:  0.08635   3.15581   0.05948  
  6  0.0031 1007979.844037  x:  0.08635   3.15581   0.05948  
  7  0.0000 1007979.844037  x:  0.08635   3.15581   0.05948  

5 (And_mar) ... 2 (And_ful)
  0  0.0000 1049714.499097  x:  0.12923   2.86547   0.06355  
  1 99.0000 1049294.988624  x:  0.15406   2.86581   0.05951  
  2 35661.8726 1049288.500045  x:  0.15389   2.86621   0.05638  
  3 3828.8657 1049123.826397  x:  0.15380   3.69595   0.06032  
  4 465.9430 1049123.307351  x:  0.15389   3.69700   0.05934  
  5  0.0013 1049123.306149  x:  0.15392   3.69895   0.05934  
  6  0.0014 1049123.306133  x:  0.15391   3.69915   0.05934  
  7  0.0001 1049123.306133  x:  0.15391   3.69915   0.05934  

5 (And_mar) ... 3 (And_hae)
  0  0.0000 1045808.376848  x:  0.14285   3.31548   0.06314  
  1 99.0000 1045803.816948  x:  0.14548   3.31558   0.06250  
  2 3392.8804 1045803.715596  x:  0.14543   3.31572   0.06205  
  3 437.0117 1045787.148079  x:  0.14547   3.60397   0.06324  
  4 131.3047 1045787.145447  x:  0.14547   3.60317   0.06317  
  5  0.0008 1045787.145446  x:  0.14547   3.60312   0.06317  
  6  0.0001 1045787.145446  x:  0.14547   3.60311   0.06317  

5 (And_mar) ... 4 (And_hat)
  0  0.0000 1024060.713583  x:  0.09982   3.22024   0.09996  
  1 99.0000 1023860.109633  x:  0.11417   3.22044   0.08720  
  2 21765.0725 1023691.313409  x:  0.11158   3.22083   0.06351  
  3 18981.5486 1023668.370215  x:  0.11136   3.59890   0.06584  
  4 129.6968 1023663.150460  x:  0.10894   3.59141   0.06586  
  5  0.0077 1023663.148765  x:  0.10893   3.58976   0.06592  
  6  0.0020 1023663.148694  x:  0.10893   3.58917   0.06591  
  7  0.0006 1023663.148694  x:  0.10893   3.58916   0.06591  

6 (And_tri) ... 1 (And_bic)
  0  0.0000 1024324.355126  x:  0.08892   3.19392   0.06018  
  1 99.0000 1023882.263299  x:  0.10976   3.19388   0.05994  
  2 46059.3474 1023880.604910  x:  0.10981   3.19377   0.05791  
  3 1600.9411 1023868.393751  x:  0.10984   2.95517   0.05693  
  4 96.9461 1023868.380860  x:  0.10974   2.95091   0.05689  
  5  0.0038 1023868.380543  x:  0.10973   2.95185   0.05689  
  6  0.0010 1023868.380543  x:  0.10973   2.95184   0.05689  
  7  0.0000 1023868.380543  x:  0.10973   2.95185   0.05689  

6 (And_tri) ... 2 (And_ful)
  0  0.0000 1045617.689498  x:  0.13185   2.65926   0.08481  
  1 99.0000 1045133.106764  x:  0.15374   2.66007   0.06016  
  2 29020.0830 1045079.964591  x:  0.14972   2.66058   0.05195  
  3 12933.2255 1044864.293685  x:  0.14838   3.56932   0.05734  
  4 562.1560 1044862.894995  x:  0.14694   3.56429   0.05700  
  5  0.0057 1044862.889892  x:  0.14696   3.56233   0.05690  
  6  0.0018 1044862.889710  x:  0.14696   3.56142   0.05691  
  7  0.0006 1044862.889710  x:  0.14696   3.56142   0.05691  
check convergence!


6 (And_tri) ... 3 (And_hae)
  0  0.0000 1043649.764647  x:  0.12181   3.28221   0.04303  
  1 99.0000 1043161.887661  x:  0.14201   3.28222   0.05888  
  2 41079.9084 1043161.782226  x:  0.14173   3.28230   0.05924  
  3 464.0416 1043153.835168  x:  0.14166   3.50005   0.05995  
  4 87.1664 1043153.742369  x:  0.14176   3.47946   0.05994  
  5  0.0186 1043153.742182  x:  0.14177   3.47946   0.05995  
  6  0.0000 1043153.742181  x:  0.14177   3.47952   0.05995  

6 (And_tri) ... 4 (And_hat)
  0  0.0000 1024237.003486  x:  0.10791   3.28733   0.16818  
  1 99.0000 1022892.514855  x:  0.08925   3.28856   0.07785  
  2 23387.3315 1022608.484316  x:  0.09697   3.28889   0.05368  
  3 84739.8115 1022580.318853  x:  0.09803   3.71964   0.05686  
  4 136.2945 1022461.639947  x:  0.10674   3.41422   0.06441  
  5  0.5044 1022457.814446  x:  0.10789   3.46338   0.06200  
  6  0.0489 1022457.778273  x:  0.10794   3.44920   0.06185  
  7  0.0143 1022457.778224  x:  0.10793   3.44899   0.06185  
  8  0.0002 1022457.778224  x:  0.10793   3.44900   0.06185  

6 (And_tri) ... 5 (And_mar)
  0  0.0000 1021789.147086  x:  0.09524   3.08801   0.05949  
  1 99.0000 1021687.776343  x:  0.10524   3.08799   0.06072  
  2 20856.8354 1021687.114663  x:  0.10514   3.08794   0.06207  
  3 993.2447 1021685.841691  x:  0.10515   3.01166   0.06173  
  4 31.8999 1021685.839802  x:  0.10513   3.00904   0.06170  
  5  0.0027 1021685.839797  x:  0.10513   3.00911   0.06170  
  6  0.0001 1021685.839796  x:  0.10513   3.00911   0.06170  

7 (Bom_pas) ... 1 (And_bic)
  0  0.0000 1290041.032695  x:  1.25845   2.73110   0.13367  
  1 99.0000 1274561.015892  x:  1.24546   2.73309   0.04513  
  2 222400.1589 1274200.714692  x:  1.14114   2.77494   0.05774  
  3 7085.2142 1273276.480515  x:  1.25493   3.90607   0.05633  
  4 2111.5741 1272698.185688  x:  1.10913   3.93786   0.05533  
  5  0.1964 1272683.696581  x:  1.13046   3.99392   0.05316  
  6  0.0636 1272682.757883  x:  1.12800   4.02578   0.05319  
  7  0.0240 1272682.672943  x:  1.12934   4.03378   0.05325  
  8  0.0071 1272682.672764  x:  1.12941   4.03407   0.05324  
  9  0.0003 1272682.672764  x:  1.12941   4.03407   0.05324  
 10  0.0000 1272682.672764  x:  1.12941   4.03407   0.05324  
 11  0.0000 1272682.672764  x:  1.12941   4.03407   0.05324  
 12  0.0000 1272682.672764  x:  1.12941   4.03407   0.05324  
check convergence!


7 (Bom_pas) ... 2 (And_ful)
  0  0.0000 1276699.520713  x:  1.15364   3.42779   0.06119  
  1 99.0000 1276339.566126  x:  1.15306   3.42798   0.05128  
  2 67161.8249 1276285.368035  x:  1.10821   3.49798   0.05371  
  3 1271.2578 1275930.393943  x:  1.20287   4.30529   0.05171  
  4 2441.8769 1275928.210365  x:  1.19681   4.31696   0.05140  
  5  0.0131 1275928.107041  x:  1.19522   4.32130   0.05157  
  6  0.0045 1275928.106920  x:  1.19529   4.32181   0.05157  
  7  0.0004 1275928.106919  x:  1.19529   4.32181   0.05157  

7 (Bom_pas) ... 3 (And_hae)
  0  0.0000 1273247.913161  x:  0.99706   3.55553   0.06790  
  1 99.0000 1273004.463074  x:  0.99743   3.55564   0.05857  
  2 48746.1195 1272797.343243  x:  1.08932   3.56411   0.05343  
  3 4783.9454 1272617.829764  x:  1.11765   4.15366   0.05377  
  4 672.5822 1272614.934141  x:  1.12338   4.15364   0.05431  
  5  0.0069 1272614.668631  x:  1.12671   4.15409   0.05403  
  6  0.0029 1272614.668194  x:  1.12677   4.15509   0.05404  
  7  0.0008 1272614.668193  x:  1.12677   4.15509   0.05404  

7 (Bom_pas) ... 4 (And_hat)
  0  0.0000 1277735.334972  x:  1.21959   3.53229   0.09022  
  1 99.0000 1273056.565428  x:  1.21551   3.53273   0.04862  
  2 174051.7272 1272830.302872  x:  1.11307   3.55898   0.05640  
  3 4159.7190 1272634.888072  x:  1.16375   4.17113   0.05546  
  4 713.4156 1272579.146277  x:  1.13565   4.18037   0.05341  
  5  0.0444 1272579.029229  x:  1.13785   4.18475   0.05322  
  6  0.0053 1272579.027976  x:  1.13791   4.18640   0.05322  
  7  0.0013 1272579.027976  x:  1.13791   4.18640   0.05322  

7 (Bom_pas) ... 5 (And_mar)
  0  0.0000 1289076.253477  x:  1.21547   3.76014   0.15651  
  1 99.0000 1271990.337139  x:  1.19865   3.76125   0.04987  
  2 198211.5517 1271926.635232  x:  1.16274   3.76681   0.05491  
  3 3632.1337 1271878.765089  x:  1.18272   4.07816   0.05447  
  4 321.7789 1271754.015850  x:  1.10705   4.02170   0.05484  
  5  0.1326 1271752.801322  x:  1.11174   4.03598   0.05419  
  6  0.0154 1271752.794394  x:  1.11122   4.03557   0.05418  
  7  0.0007 1271752.794394  x:  1.11122   4.03559   0.05418  
  8  0.0000 1271752.794394  x:  1.11122   4.03560   0.05418  
  9  0.0000 1271752.794394  x:  1.11122   4.03559   0.05418  

7 (Bom_pas) ... 6 (And_tri)
  0  0.0000 1294377.310439  x:  1.20045   3.53780   0.18122  
  1 99.0000 1272415.406418  x:  1.17670   3.53963   0.05005  
  2 194705.2135 1272381.227946  x:  1.15540   3.54513   0.05361  
  3 3177.3054 1272240.156567  x:  1.18933   4.06436   0.05309  
  4 603.7034 1272144.873498  x:  1.12234   4.02749   0.05369  
  5  0.0954 1272144.624119  x:  1.12278   4.03517   0.05345  
  6  0.0073 1272144.623279  x:  1.12286   4.03647   0.05345  
  7  0.0011 1272144.623278  x:  1.12285   4.03647   0.05345  