Supplemental results for CODEML (seqf: /home/yzliu/eDNA/faststorage/yzliu/DK_proj/data/ref_genome/ref_annotation/primary_transcripts/extracted_cds_new/new_transcript_id_8_bom_apis/bootstraps/cat.out.OG_cds_8_species_same_header_fas.shuf_211OG_40.phy  treef: xxx.trees)


pairwise comparison (Goldman & Yang 1994)
seq seq        N       S       dN       dS     dN/dS   Paras.
  2   1 337592.2 111096.8   0.0561   0.5766   0.0972   0.5549   4.0670   0.0972 -787431.447
  3   1 337338.1 111350.9   0.0559   0.5930   0.0942   0.5676   4.0776   0.0942 -788552.295
  3   2 329715.7 118973.3   0.0151   0.1083   0.1397   0.1195   5.2054   0.1397 -672235.288
  4   1 337939.3 110749.7   0.0545   0.5839   0.0933   0.5556   4.0781   0.0933 -785752.823
  4   2 329799.6 118889.4   0.0137   0.1006   0.1358   0.1101   5.4221   0.1358 -667188.006
  4   3 329812.1 118876.9   0.0082   0.0626   0.1306   0.0678   5.3179   0.1306 -645771.630
  5   1 338029.7 110659.3   0.0556   0.5893   0.0944   0.5617   4.0842   0.0944 -787152.194
  5   2 329990.2 118698.8   0.0152   0.1069   0.1418   0.1183   5.3833   0.1418 -671253.073
  5   3 330188.7 118500.3   0.0090   0.0635   0.1411   0.0701   5.1994   0.1411 -647287.058
  5   4 329776.6 118912.4   0.0081   0.0628   0.1294   0.0679   5.6558   0.1294 -645195.048
  6   1 338002.2 110686.8   0.0559   0.5889   0.0950   0.5622   4.0735   0.0950 -787549.195
  6   2 329957.3 118731.7   0.0155   0.1076   0.1443   0.1196   5.3718   0.1443 -672020.131
  6   3 329981.0 118708.0   0.0094   0.0636   0.1482   0.0712   5.2644   0.1482 -648067.843
  6   4 329528.8 119160.2   0.0088   0.0626   0.1402   0.0692   5.7491   0.1402 -646235.655
  6   5 328844.6 119844.4   0.0029   0.0202   0.1439   0.0226   6.1681   0.1439 -616886.496
  7   1 338015.2 110673.8   0.0563   0.5866   0.0960   0.5614   4.0930   0.0960 -787761.732
  7   2 329782.5 118906.5   0.0158   0.1097   0.1438   0.1220   5.4842   0.1438 -673089.932
  7   3 329561.8 119127.2   0.0093   0.0661   0.1413   0.0733   5.4843   0.1413 -648926.588
  7   4 329077.3 119611.7   0.0087   0.0648   0.1347   0.0710   6.0211   0.1347 -646983.772
  7   5 329266.0 119423.0   0.0086   0.0594   0.1444   0.0663   5.9777   0.1444 -644588.987
  7   6 329161.1 119527.9   0.0091   0.0594   0.1532   0.0675   6.0013   0.1532 -645524.585
  8   1 337971.4 110717.6   0.0557   0.5893   0.0944   0.5620   4.0740   0.0944 -787303.440
  8   2 329848.8 118840.2   0.0150   0.1064   0.1414   0.1178   5.4084   0.1414 -671053.698
  8   3 329901.4 118787.6   0.0090   0.0624   0.1442   0.0695   5.2871   0.1442 -647033.092
  8   4 329442.8 119246.2   0.0083   0.0620   0.1333   0.0677   5.7781   0.1333 -645227.249
  8   5 329461.5 119227.5   0.0024   0.0187   0.1268   0.0201   5.8231   0.1268 -615008.400
  8   6 327978.3 120710.7   0.0028   0.0195   0.1423   0.0218   6.6258   0.1423 -616308.190
  8   7 328935.3 119753.7   0.0085   0.0582   0.1462   0.0653   6.1086   0.1462 -644113.650

