

2 (Bom_con) ... 1 (Apis_mel)
  0  0.0000 807797.343934  x:  0.48325   1.47611   0.41815  
  1 99.0000 793077.649466  x:  0.42246   1.54294   0.09692  
  2 48147.4683 792636.997371  x:  0.45342   1.55603   0.07608  
  3 25468.2917 788171.784858  x:  0.56149   3.05919   0.11751  
  4 8949.1087 787678.815938  x:  0.51092   3.42841   0.10589  
  5  0.4637 787461.913255  x:  0.55390   3.81023   0.09256  
  6  0.1675 787436.271425  x:  0.55737   3.96817   0.09801  
  7  0.0819 787431.449829  x:  0.55481   4.06518   0.09720  
  8  0.0704 787431.447066  x:  0.55488   4.06698   0.09725  
  9  0.0017 787431.447064  x:  0.55488   4.06705   0.09725  
 10  0.0001 787431.447064  x:  0.55488   4.06704   0.09725  

3 (Bom_hor) ... 1 (Apis_mel)
  0  0.0000 788967.960687  x:  0.56451   3.41491   0.11410  
  1 99.0000 788701.882544  x:  0.56099   3.41551   0.09267  
  2 22357.5166 788697.157615  x:  0.55274   3.42912   0.09398  
  3 586.7052 788552.873990  x:  0.56939   4.07330   0.09477  
  4 1658.1029 788552.304351  x:  0.56787   4.07588   0.09414  
  5  0.0037 788552.295342  x:  0.56756   4.07731   0.09423  
  6  0.0014 788552.295312  x:  0.56757   4.07762   0.09423  

3 (Bom_hor) ... 2 (Bom_con)
  0  0.0000 672412.376697  x:  0.11714   3.68598   0.11995  
  1 99.0000 672401.734973  x:  0.12116   3.68631   0.12366  
  2 3961.1536 672393.367991  x:  0.11925   3.68737   0.13203  
  3 2651.7214 672235.461690  x:  0.11917   5.22940   0.14096  
  4 259.4541 672235.291514  x:  0.11952   5.21273   0.13980  
  5  0.0144 672235.287869  x:  0.11947   5.20688   0.13970  
  6  0.0044 672235.287660  x:  0.11947   5.20544   0.13973  
  7  0.0010 672235.287660  x:  0.11947   5.20543   0.13973  

4 (Bom_hyp) ... 1 (Apis_mel)
  0  0.0000 790939.873261  x:  0.50841   4.16422   0.24656  
  1 99.0000 786046.304530  x:  0.49145   4.16505   0.10176  
  2 45612.3474 785833.598623  x:  0.53502   4.16443   0.08728  
  3 9645.2204 785814.555383  x:  0.53543   3.92513   0.08797  
  4  3.2700 785753.973323  x:  0.55204   4.09109   0.09442  
  5 21.1386 785752.828458  x:  0.55551   4.07425   0.09338  
  6  0.0145 785752.822593  x:  0.55555   4.07808   0.09334  
  7  0.0037 785752.822593  x:  0.55555   4.07808   0.09334  
  8  0.0000 785752.822593  x:  0.55555   4.07808   0.09334  

4 (Bom_hyp) ... 2 (Bom_con)
  0  0.0000 667795.748936  x:  0.08983   3.48191   0.16485  
  1 99.0000 667524.229496  x:  0.10978   3.48216   0.16157  
  2 28880.3436 667426.976366  x:  0.11003   3.48481   0.12605  
  3 5040.2914 667192.041337  x:  0.10983   5.35824   0.14253  
  4 322.1993 667188.071738  x:  0.11002   5.38145   0.13565  
  5  0.0269 667188.007641  x:  0.11011   5.42039   0.13562  
  6  0.0193 667188.005899  x:  0.11008   5.42192   0.13576  
  7  0.0015 667188.005867  x:  0.11008   5.42206   0.13575  
  8  0.0001 667188.005867  x:  0.11008   5.42206   0.13575  

4 (Bom_hyp) ... 3 (Bom_hor)
  0  0.0000 646083.782372  x:  0.06845   4.37127   0.21478  
  1 99.0000 646051.720063  x:  0.06322   4.37148   0.20553  
  2 5870.8981 645805.797458  x:  0.06549   4.37323   0.12581  
  3 18832.7818 645776.752892  x:  0.06563   5.31882   0.13357  
  4 69.1679 645771.787001  x:  0.06763   5.32665   0.12914  
  5  0.0099 645771.630252  x:  0.06779   5.31966   0.13063  
  6  0.0112 645771.630106  x:  0.06779   5.31825   0.13058  
  7  0.0012 645771.630101  x:  0.06779   5.31792   0.13059  
  8  0.0003 645771.630101  x:  0.06779   5.31791   0.13059  

5 (Bom_mus) ... 1 (Apis_mel)
  0  0.0000 789565.570574  x:  0.46430   4.48053   0.17957  
  1 99.0000 787650.688565  x:  0.48487   4.48022   0.10137  
  2 36668.1386 787191.591981  x:  0.56704   4.47818   0.09495  
  3 13526.6867 787152.707288  x:  0.56347   4.09017   0.09349  
  4 190.6210 787152.256463  x:  0.56269   4.08423   0.09436  
  5  0.0141 787152.194174  x:  0.56171   4.08422   0.09438  
  6  0.0009 787152.194173  x:  0.56171   4.08417   0.09438  
  7  0.0001 787152.194173  x:  0.56170   4.08417   0.09438  
  8  0.0000 787152.194173  x:  0.56171   4.08417   0.09438  
  9  0.0000 787152.194173  x:  0.56171   4.08417   0.09438  
 10  0.0000 787152.194173  x:  0.56171   4.08417   0.09438  
check convergence!


5 (Bom_mus) ... 2 (Bom_con)
  0  0.0000 671517.844493  x:  0.12005   3.54154   0.11467  
  1 99.0000 671489.436010  x:  0.11567   3.54254   0.12797  
  2 4176.4435 671483.454287  x:  0.11840   3.54314   0.13189  
  3 3957.4658 671253.191163  x:  0.11866   5.38447   0.14253  
  4 325.8995 671253.074185  x:  0.11830   5.38278   0.14185  
  5  0.0017 671253.073131  x:  0.11832   5.38293   0.14175  
  6  0.0001 671253.073125  x:  0.11832   5.38327   0.14176  
  7  0.0002 671253.073125  x:  0.11832   5.38330   0.14175  
  8  0.0000 671253.073125  x:  0.11832   5.38330   0.14175  
  9  0.0000 671253.073125  x:  0.11832   5.38329   0.14175  
 10  0.0000 671253.073125  x:  0.11832   5.38329   0.14175  
check convergence!


5 (Bom_mus) ... 3 (Bom_hor)
  0  0.0000 647525.234439  x:  0.07402   4.53423   0.21411  
  1 99.0000 647493.285059  x:  0.06833   4.53428   0.21111  
  2 9659.2870 647301.939149  x:  0.06952   4.53566   0.13803  
  3 5468.2966 647287.602148  x:  0.06953   5.19089   0.14327  
  4 47.4576 647287.085845  x:  0.06999   5.19943   0.14072  
  5  0.0121 647287.058411  x:  0.07012   5.19899   0.14115  
  6  0.0008 647287.058402  x:  0.07012   5.19929   0.14114  
  7  0.0003 647287.058401  x:  0.07012   5.19942   0.14114  

5 (Bom_mus) ... 4 (Bom_hyp)
  0  0.0000 645759.894845  x:  0.07112   4.39983   0.25049  
  1 99.0000 645719.873533  x:  0.06495   4.39993   0.24607  
  2 10212.8442 645243.535889  x:  0.06628   4.40288   0.12439  
  3 8752.1937 645199.724013  x:  0.06636   5.58327   0.13580  
  4 85.1778 645195.526730  x:  0.06729   5.64164   0.12817  
  5  0.1024 645195.050438  x:  0.06790   5.64717   0.12946  
  6  0.0069 645195.048504  x:  0.06791   5.65439   0.12937  
  7  0.0058 645195.048401  x:  0.06790   5.65577   0.12941  

6 (Bom_pas) ... 1 (Apis_mel)
  0  0.0000 789535.148672  x:  0.41963   4.62758   0.13498  
  1 99.0000 788167.238955  x:  0.49220   4.62644   0.08892  
  2 29216.9813 787690.374819  x:  0.54322   4.62529   0.10537  
  3 31578.0725 787603.629385  x:  0.53968   4.04335   0.10385  
  4 276.8013 787549.273824  x:  0.56139   4.07291   0.09485  
  5  0.0303 787549.195543  x:  0.56215   4.07320   0.09503  
  6  0.0008 787549.194925  x:  0.56222   4.07353   0.09500  

6 (Bom_pas) ... 2 (Bom_con)
  0  0.0000 672587.415910  x:  0.10226   3.62490   0.19092  
  1 99.0000 672402.658306  x:  0.11980   3.62521   0.18576  
  2 21408.5937 672224.913887  x:  0.11990   3.62816   0.13511  
  3 6631.3453 672024.233170  x:  0.11974   5.31098   0.15113  
  4 296.9003 672020.187303  x:  0.11970   5.33650   0.14414  
  5  0.0328 672020.132269  x:  0.11962   5.37081   0.14422  
  6  0.0182 672020.131305  x:  0.11965   5.37172   0.14429  
  7  0.0008 672020.131291  x:  0.11965   5.37183   0.14428  
  8  0.0001 672020.131291  x:  0.11965   5.37183   0.14428  

6 (Bom_pas) ... 3 (Bom_hor)
  0  0.0000 648151.910250  x:  0.06560   4.55824   0.12117  
  1 99.0000 648112.036470  x:  0.07191   4.55826   0.12276  
  2 12658.9575 648084.207082  x:  0.07122   4.55857   0.14492  
  3 2843.9716 648067.848528  x:  0.07116   5.26792   0.14814  
  4 50.5009 648067.842997  x:  0.07123   5.26491   0.14823  
  5  0.0027 648067.842963  x:  0.07123   5.26440   0.14825  
  6  0.0004 648067.842963  x:  0.07123   5.26443   0.14825  
  7  0.0000 648067.842963  x:  0.07123   5.26442   0.14825  

6 (Bom_pas) ... 4 (Bom_hyp)
  0  0.0000 646874.474125  x:  0.05795   4.20705   0.25495  
  1 99.0000 646742.148226  x:  0.06886   4.20712   0.25255  
  2 25264.6810 646308.323989  x:  0.06928   4.21086   0.13333  
  3 5802.2045 646239.651307  x:  0.06918   5.64569   0.14867  
  4 113.8911 646235.696066  x:  0.06921   5.70622   0.13997  
  5  0.1157 646235.655236  x:  0.06915   5.74886   0.14017  
  6  0.0251 646235.654992  x:  0.06917   5.74894   0.14020  
  7  0.0001 646235.654989  x:  0.06917   5.74906   0.14019  
  8  0.0001 646235.654989  x:  0.06917   5.74909   0.14019  
  9  0.0000 646235.654989  x:  0.06917   5.74908   0.14019  
 10  0.0000 646235.654989  x:  0.06917   5.74908   0.14019  
 11  0.0000 646235.654989  x:  0.06917   5.74908   0.14019  
 12  0.0157 646235.654989  x:  0.06917   5.74908   0.14019  
check convergence!


6 (Bom_pas) ... 5 (Bom_mus)
  0  0.0000 616936.282295  x:  0.01981   4.54411   0.13797  
  1 99.0000 616909.387836  x:  0.02298   4.54412   0.13797  
  2 20267.2044 616909.324682  x:  0.02298   4.54588   0.13614  
  3 48.4606 616886.902872  x:  0.02289   6.16057   0.14610  
  4 63.1288 616886.496464  x:  0.02257   6.16328   0.14390  
  5  0.0031 616886.496323  x:  0.02257   6.16807   0.14391  
  6  0.0028 616886.496322  x:  0.02257   6.16812   0.14391  
  7  0.0001 616886.496322  x:  0.02257   6.16812   0.14391  
check convergence!


7 (Bom_syl) ... 1 (Apis_mel)
  0  0.0000 788904.498119  x:  0.53653   5.02660   0.14856  
  1 99.0000 788042.771471  x:  0.53532   5.02612   0.10165  
  2 30901.8368 787957.942970  x:  0.57230   5.02268   0.09506  
  3 4751.1183 787765.162387  x:  0.56155   4.09306   0.09372  
  4 373.8187 787761.756668  x:  0.56196   4.09010   0.09597  
  5  0.0070 787761.732454  x:  0.56144   4.09408   0.09605  
  6  0.0042 787761.732078  x:  0.56139   4.09304   0.09605  
  7  0.0014 787761.732078  x:  0.56139   4.09304   0.09605  

7 (Bom_syl) ... 2 (Bom_con)
  0  0.0000 674045.867327  x:  0.09527   3.62150   0.09184  
  1 99.0000 673438.623046  x:  0.12620   3.62171   0.10353  
  2 40626.0170 673321.142804  x:  0.12148   3.62273   0.13430  
  3 8801.4276 673090.426845  x:  0.12108   5.48217   0.14353  
  4 317.7868 673089.935860  x:  0.12205   5.48345   0.14357  
  5  0.0013 673089.932159  x:  0.12203   5.48443   0.14378  
  6  0.0006 673089.932144  x:  0.12204   5.48433   0.14379  
  7  0.0001 673089.932143  x:  0.12204   5.48425   0.14379  
  8  0.0001 673089.932143  x:  0.12204   5.48424   0.14379  

7 (Bom_syl) ... 3 (Bom_hor)
  0  0.0000 649025.214720  x:  0.06762   4.38498   0.16121  
  1 99.0000 648994.356694  x:  0.07325   4.38503   0.16010  
  2 11066.5467 648966.502617  x:  0.07332   4.38609   0.13632  
  3 2260.8008 648926.796061  x:  0.07325   5.48609   0.14333  
  4 83.1280 648926.587865  x:  0.07326   5.48415   0.14132  
  5  0.0032 648926.587859  x:  0.07326   5.48433   0.14131  

7 (Bom_syl) ... 4 (Bom_hyp)
  0  0.0000 647215.303503  x:  0.06074   4.60616   0.16886  
  1 99.0000 647105.936501  x:  0.07092   4.60621   0.16743  
  2 22550.9865 647036.733911  x:  0.07110   4.60748   0.12922  
  3 3301.4432 646984.323404  x:  0.07101   6.01659   0.13787  
  4 88.0712 646983.771825  x:  0.07104   6.01865   0.13468  
  5  0.0047 646983.771704  x:  0.07104   6.02081   0.13466  
  6  0.0015 646983.771699  x:  0.07104   6.02106   0.13467  
  7  0.0002 646983.771699  x:  0.07104   6.02106   0.13467  

7 (Bom_syl) ... 5 (Bom_mus)
  0  0.0000 644633.443317  x:  0.06192   5.00218   0.14744  
  1 99.0000 644612.955992  x:  0.06629   5.00220   0.14720  
  2 9596.6498 644610.874243  x:  0.06633   5.00276   0.14088  
  3 611.1132 644589.045790  x:  0.06628   5.97802   0.14557  
  4 50.2688 644588.986713  x:  0.06630   5.97685   0.14444  
  5  0.0016 644588.986694  x:  0.06630   5.97760   0.14443  
  6  0.0006 644588.986693  x:  0.06630   5.97784   0.14443  
  7  0.0001 644588.986693  x:  0.06630   5.97769   0.14443  
  8  0.0001 644588.986693  x:  0.06630   5.97769   0.14443  
check convergence!


7 (Bom_syl) ... 6 (Bom_pas)
  0  0.0000 645590.732475  x:  0.06311   4.68811   0.14190  
  1 99.0000 645569.484059  x:  0.06760   4.68815   0.14219  
  2 9678.6454 645568.127024  x:  0.06753   4.68895   0.14764  
  3 509.8440 645524.636498  x:  0.06745   6.03077   0.15424  
  4 78.7463 645524.586030  x:  0.06748   6.00703   0.15319  
  5  0.0201 645524.585289  x:  0.06747   6.00122   0.15322  
  6  0.0040 645524.585287  x:  0.06748   6.00129   0.15322  

8 (Bom_vet) ... 1 (Apis_mel)
  0  0.0000 789642.854352  x:  0.41557   4.78377   0.14504  
  1 99.0000 788079.183897  x:  0.48181   4.78265   0.09109  
  2 32285.5380 787511.288468  x:  0.54263   4.78114   0.10714  
  3 29078.7461 787374.774230  x:  0.53845   4.04220   0.10511  
  4 335.8520 787303.796272  x:  0.56004   4.07263   0.09422  
  5  0.0358 787303.442612  x:  0.56188   4.07300   0.09451  
  6  0.0017 787303.439506  x:  0.56203   4.07403   0.09444  
  7  0.0011 787303.439505  x:  0.56203   4.07399   0.09444  

8 (Bom_vet) ... 2 (Bom_con)
  0  0.0000 671328.509209  x:  0.11381   3.46886   0.12328  
  1 99.0000 671316.431517  x:  0.11835   3.46919   0.12505  
  2 5027.7371 671311.795553  x:  0.11762   3.47097   0.13188  
  3 1454.9714 671054.212912  x:  0.11754   5.39914   0.14383  
  4 371.0471 671053.702177  x:  0.11780   5.40036   0.14143  
  5  0.0022 671053.698617  x:  0.11775   5.40554   0.14134  
  6  0.0037 671053.698115  x:  0.11776   5.40838   0.14138  
  7  0.0018 671053.698113  x:  0.11776   5.40841   0.14138  
  8  0.0000 671053.698113  x:  0.11776   5.40841   0.14138  

8 (Bom_vet) ... 3 (Bom_hor)
  0  0.0000 647185.344942  x:  0.06096   4.30960   0.17282  
  1 99.0000 647110.154983  x:  0.06935   4.30965   0.17171  
  2 18626.3672 647065.341855  x:  0.06950   4.31083   0.13941  
  3 2577.1961 647033.296022  x:  0.06944   5.28684   0.14626  
  4 74.6153 647033.092128  x:  0.06945   5.28673   0.14420  
  5  0.0025 647033.092115  x:  0.06945   5.28706   0.14419  
  6  0.0003 647033.092114  x:  0.06945   5.28720   0.14419  
  7  0.0001 647033.092114  x:  0.06945   5.28715   0.14419  
  8  0.0000 647033.092114  x:  0.06945   5.28715   0.14419  
check convergence!


8 (Bom_vet) ... 4 (Bom_hyp)
  0  0.0000 645470.071298  x:  0.05626   4.22718   0.11047  
  1 99.0000 645313.462185  x:  0.06805   4.22723   0.11155  
  2 28314.1590 645298.174685  x:  0.06778   4.22796   0.12689  
  3 2123.9541 645227.289064  x:  0.06765   5.74555   0.13380  
  4 110.6850 645227.249713  x:  0.06766   5.77335   0.13323  
  5  0.0181 645227.248911  x:  0.06766   5.77804   0.13333  
  6  0.0032 645227.248911  x:  0.06766   5.77811   0.13333  
  7  0.0001 645227.248911  x:  0.06766   5.77810   0.13333  
  8  0.0000 645227.248911  x:  0.06766   5.77812   0.13333  

8 (Bom_vet) ... 5 (Bom_mus)
  0  0.0000 615064.743067  x:  0.01710   4.60782   0.14385  
  1 99.0000 615028.004119  x:  0.02016   4.60783   0.14377  
  2 25490.2656 615020.218329  x:  0.02019   4.60867   0.12209  
  3 668.5985 615008.461682  x:  0.02014   5.81953   0.12867  
  4 22.4402 615008.400022  x:  0.02014   5.82057   0.12681  
  5  0.0024 615008.399964  x:  0.02014   5.82280   0.12679  
  6  0.0017 615008.399962  x:  0.02014   5.82314   0.12680  
  7  0.0003 615008.399962  x:  0.02014   5.82315   0.12680  

8 (Bom_vet) ... 6 (Bom_pas)
  0  0.0000 616470.051404  x:  0.01813   4.83235   0.22728  
  1 99.0000 616421.265436  x:  0.02176   4.83235   0.22708  
  2 28667.0143 616330.352270  x:  0.02184   4.83481   0.13568  
  3 1596.9650 616309.037746  x:  0.02179   6.53190   0.14929  
  4 29.9917 616308.199520  x:  0.02181   6.58091   0.14210  
  5  0.0813 616308.189785  x:  0.02181   6.62631   0.14227  
  6  0.0258 616308.189774  x:  0.02181   6.62580   0.14229  
  7  0.0005 616308.189774  x:  0.02181   6.62581   0.14229  

8 (Bom_vet) ... 7 (Bom_syl)
  0  0.0000 644249.845900  x:  0.06286   5.37047   0.20362  
  1 99.0000 644238.572539  x:  0.06614   5.37051   0.20100  
  2 5485.7838 644124.899942  x:  0.06579   5.37140   0.14333  
  3 5520.4587 644113.951301  x:  0.06573   6.10304   0.14763  
  4 32.3190 644113.663072  x:  0.06538   6.10868   0.14583  
  5  0.0071 644113.649939  x:  0.06529   6.10848   0.14621  
  6  0.0005 644113.649937  x:  0.06529   6.10857   0.14621  
  7  0.0001 644113.649937  x:  0.06529   6.10857   0.14621  