Supplemental results for CODEML (seqf: /home/yzliu/eDNA/faststorage/yzliu/DK_proj/data/ref_genome/ref_annotation/primary_transcripts/extracted_cds_new/new_transcript_id_8_bom_apis/bootstraps/cat.out.OG_cds_8_species_same_header_fas.shuf_211OG_56.phy  treef: xxx.trees)


pairwise comparison (Goldman & Yang 1994)
seq seq        N       S       dN       dS     dN/dS   Paras.
  2   1 340612.1 113788.9   0.0579   0.5740   0.1009   0.5615   3.8970   0.1009 -801238.075
  3   1 340154.2 114246.8   0.0575   0.5892   0.0976   0.5736   3.9367   0.0976 -802078.555
  3   2 331932.3 122468.7   0.0146   0.1067   0.1368   0.1182   5.2868   0.1368 -680576.523
  4   1 340923.1 113477.9   0.0563   0.5857   0.0962   0.5656   3.9141   0.0962 -799821.635
  4   2 332546.5 121854.5   0.0130   0.1012   0.1287   0.1100   5.3089   0.1287 -675917.595
  4   3 331837.2 122563.8   0.0081   0.0607   0.1334   0.0669   5.4805   0.1334 -654136.758
  5   1 340982.4 113418.6   0.0572   0.5894   0.0970   0.5701   3.8911   0.0970 -801050.551
  5   2 332717.7 121683.3   0.0146   0.1065   0.1373   0.1177   5.2277   0.1373 -680073.098
  5   3 332699.5 121701.5   0.0087   0.0615   0.1420   0.0686   5.1040   0.1420 -655500.890
  5   4 332466.8 121934.2   0.0081   0.0625   0.1290   0.0680   5.4936   0.1290 -654135.389
  6   1 340869.1 113531.9   0.0572   0.5901   0.0968   0.5709   3.9068   0.0968 -801086.832
  6   2 332504.5 121896.5   0.0147   0.1068   0.1378   0.1183   5.2944   0.1378 -680308.858
  6   3 331968.4 122432.6   0.0089   0.0617   0.1446   0.0694   5.3886   0.1446 -655834.585
  6   4 331596.4 122804.6   0.0085   0.0619   0.1368   0.0688   5.8843   0.1368 -654653.339
  6   5 331774.1 122626.9   0.0027   0.0211   0.1296   0.0231   5.7852   0.1296 -625813.116
  7   1 340994.2 113406.8   0.0577   0.5897   0.0978   0.5713   3.9249   0.0978 -801420.051
  7   2 332409.6 121991.4   0.0151   0.1098   0.1376   0.1216   5.4121   0.1376 -681725.829
  7   3 331934.6 122466.4   0.0090   0.0648   0.1395   0.0722   5.4804   0.1395 -657195.767
  7   4 331626.7 122774.3   0.0086   0.0649   0.1331   0.0715   5.9600   0.1331 -655973.224
  7   5 332719.8 121681.2   0.0084   0.0599   0.1405   0.0666   5.4238   0.1405 -653710.860
  7   6 331985.1 122415.9   0.0086   0.0597   0.1447   0.0672   5.7402   0.1447 -654079.229
  8   1 340771.3 113629.7   0.0571   0.5912   0.0965   0.5719   3.9138   0.0965 -801084.916
  8   2 332382.8 122018.2   0.0144   0.1060   0.1361   0.1170   5.3163   0.1361 -679660.317
  8   3 332217.0 122184.0   0.0086   0.0606   0.1424   0.0678   5.2515   0.1424 -655049.925
  8   4 331878.7 122522.3   0.0081   0.0618   0.1309   0.0677   5.7085   0.1309 -654052.790
  8   5 332794.1 121606.9   0.0023   0.0201   0.1157   0.0212   5.2825   0.1157 -624389.705
  8   6 330570.8 123830.2   0.0026   0.0204   0.1250   0.0223   6.3508   0.1250 -625153.492
  8   7 332090.3 122310.7   0.0083   0.0589   0.1402   0.0657   5.6543   0.1402 -653218.586

