Supplemental results for CODEML (seqf: /home/yzliu/eDNA/faststorage/yzliu/DK_proj/data/ref_genome/ref_annotation/primary_transcripts/extracted_cds_new/new_transcript_id_7_and_pas/bootstraps/cat.out.OG_cds_7_species_same_header_fas.shuf_537OG_268.phy  treef: xxx.trees)


pairwise comparison (Goldman & Yang 1994)
seq seq        N       S       dN       dS     dN/dS   Paras.
  2   1 491580.7 192848.3   0.0093   0.1664   0.0559   0.1607   3.7018   0.0559 -1054717.704
  3   1 490638.5 193790.5   0.0092   0.1585   0.0579   0.1544   3.6755   0.0579 -1052118.124
  3   2 489606.5 194822.5   0.0091   0.1481   0.0616   0.1460   4.0234   0.0616 -1046966.028
  4   1 491659.9 192769.1   0.0070   0.1221   0.0576   0.1183   3.5679   0.0576 -1030901.107
  4   2 489936.9 194492.1   0.0090   0.1546   0.0581   0.1511   4.0164   0.0581 -1049021.069
  4   3 488471.8 195957.2   0.0088   0.1479   0.0596   0.1459   4.0493   0.0596 -1046823.341
  5   1 494730.6 189698.4   0.0051   0.0943   0.0537   0.0894   3.1285   0.0537 -1012020.814
  5   2 491079.4 193349.6   0.0093   0.1619   0.0576   0.1572   3.7367   0.0576 -1053371.202
  5   3 490213.2 194215.8   0.0091   0.1527   0.0594   0.1495   3.7040   0.0594 -1049807.058
  5   4 491259.6 193169.4   0.0069   0.1146   0.0599   0.1119   3.5911   0.0599 -1027322.825
  6   1 495078.3 189350.7   0.0065   0.1205   0.0542   0.1142   3.1063   0.0542 -1028768.154
  6   2 491938.3 192490.7   0.0087   0.1564   0.0557   0.1508   3.6445   0.0557 -1049426.696
  6   3 491110.9 193318.1   0.0086   0.1494   0.0578   0.1451   3.6038   0.0578 -1047185.662
  6   4 492157.9 192271.1   0.0067   0.1144   0.0583   0.1108   3.4956   0.0583 -1026400.468
  6   5 495275.4 189153.6   0.0065   0.1141   0.0569   0.1087   3.0623   0.0569 -1025916.945
  7   1 488549.4 195879.6   0.0601   1.1969   0.0502   1.1563   4.1948   0.0502 -1272905.529
  7   2 485456.9 198972.1   0.0611   1.2536   0.0488   1.2234   4.4646   0.0488 -1276537.448
  7   3 487405.7 197023.3   0.0604   1.1900   0.0508   1.1569   4.3351   0.0508 -1272796.160
  7   4 486882.2 197546.8   0.0600   1.2059   0.0498   1.1723   4.3693   0.0498 -1272826.538
  7   5 488783.7 195645.3   0.0598   1.1823   0.0506   1.1421   4.1835   0.0506 -1271953.640
  7   6 488404.9 196024.1   0.0598   1.1916   0.0502   1.1519   4.2111   0.0502 -1272219.192

