Supplemental results for CODEML (seqf: /home/yzliu/eDNA/faststorage/yzliu/DK_proj/data/ref_genome/ref_annotation/primary_transcripts/extracted_cds_new/new_transcript_id_8_bom_apis/bootstraps/cat.out.OG_cds_8_species_same_header_fas.shuf_211OG_774.phy  treef: xxx.trees)


pairwise comparison (Goldman & Yang 1994)
seq seq        N       S       dN       dS     dN/dS   Paras.
  2   1 170049.1  56594.9   0.0589   0.5855   0.1006   0.5712   4.1449   0.1006 -400191.396
  3   1 169869.5  56774.5   0.0594   0.5995   0.0991   0.5841   4.2015   0.0991 -400938.200
  3   2 165960.3  60683.7   0.0144   0.1078   0.1331   0.1181   5.0461   0.1331 -339923.468
  4   1 170189.6  56454.4   0.0583   0.5941   0.0981   0.5752   4.2007   0.0981 -399799.083
  4   2 165904.8  60739.2   0.0132   0.1020   0.1299   0.1111   5.3468   0.1299 -337901.401
  4   3 165733.1  60910.9   0.0082   0.0628   0.1311   0.0687   5.4204   0.1311 -327195.604
  5   1 170221.1  56422.9   0.0589   0.6002   0.0982   0.5810   4.1881   0.0982 -400365.781
  5   2 165986.7  60657.3   0.0144   0.1076   0.1340   0.1181   5.2847   0.1340 -339637.832
  5   3 166106.1  60537.9   0.0085   0.0627   0.1349   0.0688   5.1012   0.1349 -327285.118
  5   4 165569.3  61074.7   0.0081   0.0642   0.1266   0.0697   5.8918   0.1266 -327020.167
  6   1 170210.4  56433.6   0.0590   0.5995   0.0985   0.5808   4.1786   0.0985 -400430.481
  6   2 166013.5  60630.5   0.0148   0.1083   0.1364   0.1194   5.2410   0.1364 -340025.380
  6   3 165919.5  60724.5   0.0088   0.0633   0.1392   0.0703   5.2438   0.1392 -327699.670
  6   4 165406.1  61237.9   0.0086   0.0640   0.1340   0.0706   6.0436   0.1340 -327371.424
  6   5 165241.2  61402.8   0.0026   0.0193   0.1365   0.0214   6.2438   0.1365 -311911.769
  7   1 170249.7  56394.3   0.0592   0.5970   0.0991   0.5790   4.1995   0.0991 -400352.857
  7   2 165981.2  60662.8   0.0148   0.1085   0.1368   0.1197   5.3278   0.1368 -340102.778
  7   3 165921.7  60722.3   0.0088   0.0642   0.1374   0.0710   5.2988   0.1374 -327891.886
  7   4 165450.0  61194.0   0.0087   0.0650   0.1334   0.0716   6.0693   0.1334 -327646.741
  7   5 165685.3  60958.7   0.0080   0.0592   0.1345   0.0652   5.8292   0.1345 -325885.095
  7   6 165563.5  61080.5   0.0085   0.0592   0.1433   0.0665   5.9341   0.1433 -326381.404
  8   1 170159.2  56484.8   0.0590   0.5993   0.0985   0.5810   4.1887   0.0985 -400439.024
  8   2 165896.2  60747.8   0.0144   0.1066   0.1351   0.1173   5.3163   0.1351 -339518.639
  8   3 165923.7  60720.3   0.0086   0.0616   0.1398   0.0684   5.2110   0.1398 -327266.118
  8   4 165401.8  61242.2   0.0083   0.0631   0.1319   0.0694   6.0104   0.1319 -327046.083
  8   5 165282.5  61361.5   0.0022   0.0178   0.1232   0.0193   6.1569   0.1232 -311063.148
  8   6 164831.8  61812.2   0.0026   0.0187   0.1371   0.0209   6.6713   0.1371 -311719.254
  8   7 165542.2  61101.8   0.0081   0.0580   0.1399   0.0647   5.9199   0.1399 -325884.096

