Supplemental results for CODEML (seqf: /home/yzliu/eDNA/faststorage/yzliu/DK_proj/data/ref_genome/ref_annotation/primary_transcripts/extracted_cds_new/new_transcript_id_7_and_pas/bootstraps/cat.out.OG_cds_7_species_same_header_fas.shuf_537OG_565.phy  treef: xxx.trees)


pairwise comparison (Goldman & Yang 1994)
seq seq        N       S       dN       dS     dN/dS   Paras.
  2   1 483936.8 190799.2   0.0105   0.1717   0.0611   0.1683   3.7211   0.0611 -1044497.448
  3   1 484153.3 190582.7   0.0100   0.1600   0.0626   0.1572   3.5472   0.0626 -1039587.278
  3   2 482623.4 192112.6   0.0101   0.1514   0.0665   0.1509   3.9500   0.0665 -1035609.188
  4   1 484334.6 190401.4   0.0081   0.1221   0.0661   0.1208   3.5301   0.0661 -1018887.477
  4   2 481459.4 193276.6   0.0104   0.1613   0.0643   0.1608   4.1453   0.0643 -1040253.672
  4   3 481201.6 193534.4   0.0100   0.1513   0.0664   0.1516   4.0012   0.0664 -1036236.417
  5   1 487088.1 187647.9   0.0059   0.0935   0.0634   0.0908   3.1486   0.0634 -999288.875
  5   2 483473.8 191262.2   0.0107   0.1675   0.0639   0.1655   3.7509   0.0639 -1043766.731
  5   3 483714.6 191021.4   0.0102   0.1547   0.0662   0.1534   3.5789   0.0662 -1038265.797
  5   4 483884.1 190851.9   0.0082   0.1164   0.0706   0.1165   3.5626   0.0706 -1016939.224
  6   1 489154.4 185581.6   0.0074   0.1212   0.0611   0.1161   2.9329   0.0611 -1016434.708
  6   2 484610.3 190125.7   0.0100   0.1631   0.0610   0.1593   3.6049   0.0610 -1040078.155
  6   3 484840.1 189895.9   0.0097   0.1519   0.0638   0.1491   3.4416   0.0638 -1035714.606
  6   4 485445.7 189290.3   0.0078   0.1167   0.0666   0.1150   3.3723   0.0666 -1015652.573
  6   5 488786.6 185949.4   0.0078   0.1151   0.0673   0.1120   2.9525   0.0673 -1014806.798
  7   1 482754.6 191981.4   0.0682   1.1881   0.0574   1.1604   4.1878   0.0574 -1265042.243
  7   2 479250.4 195485.6   0.0692   1.2553   0.0551   1.2385   4.4917   0.0551 -1268849.536
  7   3 481643.5 193092.5   0.0686   1.1783   0.0582   1.1584   4.3144   0.0582 -1265015.632
  7   4 481433.9 193302.1   0.0683   1.1961   0.0571   1.1742   4.3268   0.0571 -1265372.646
  7   5 483209.5 191526.5   0.0684   1.1710   0.0584   1.1442   4.1690   0.0584 -1264528.621
  7   6 483079.4 191656.6   0.0679   1.1832   0.0574   1.1542   4.1718   0.0574 -1264324.301

