Supplemental results for CODEML (seqf: /home/yzliu/eDNA/faststorage/yzliu/DK_proj/data/ref_genome/ref_annotation/primary_transcripts/extracted_cds_new/new_transcript_id_7_and_pas/bootstraps/cat.out.OG_cds_7_species_same_header_fas.shuf_537OG_634.phy  treef: xxx.trees)


pairwise comparison (Goldman & Yang 1994)
seq seq        N       S       dN       dS     dN/dS   Paras.
  2   1 455084.7 177537.3   0.0106   0.1710   0.0622   0.1669   3.6246   0.0622 -979491.684
  3   1 454462.6 178159.4   0.0103   0.1626   0.0633   0.1596   3.5706   0.0633 -976382.606
  3   2 453437.3 179184.7   0.0106   0.1546   0.0686   0.1542   3.9557   0.0686 -973351.768
  4   1 454739.4 177882.6   0.0081   0.1206   0.0670   0.1191   3.5181   0.0670 -954892.014
  4   2 453406.4 179215.6   0.0104   0.1593   0.0650   0.1577   3.9424   0.0650 -974680.981
  4   3 452317.2 180304.8   0.0102   0.1513   0.0677   0.1514   3.9424   0.0677 -972153.815
  5   1 456916.0 175706.0   0.0060   0.0931   0.0643   0.0905   3.1848   0.0643 -937183.562
  5   2 454667.5 177954.5   0.0108   0.1680   0.0641   0.1649   3.6650   0.0641 -979025.912
  5   3 454234.4 178387.6   0.0105   0.1574   0.0666   0.1557   3.5855   0.0666 -975200.147
  5   4 454528.4 178093.6   0.0081   0.1142   0.0709   0.1139   3.5305   0.0709 -952426.177
  6   1 458511.0 174111.0   0.0074   0.1198   0.0617   0.1150   3.0008   0.0617 -952600.361
  6   2 455350.4 177271.6   0.0102   0.1620   0.0630   0.1582   3.5718   0.0630 -975500.697
  6   3 454762.7 177859.3   0.0101   0.1533   0.0661   0.1511   3.5163   0.0661 -972813.579
  6   4 455377.3 177244.7   0.0078   0.1125   0.0697   0.1115   3.4191   0.0697 -950921.150
  6   5 458667.5 173954.5   0.0076   0.1134   0.0672   0.1101   2.9700   0.0672 -950677.964
  7   1 452938.9 179683.1   0.0679   1.1684   0.0582   1.1416   4.0450   0.0582 -1186982.309
  7   2 449749.9 182872.1   0.0694   1.2351   0.0562   1.2191   4.3342   0.0562 -1191292.767
  7   3 451556.8 181065.2   0.0687   1.1710   0.0586   1.1525   4.1932   0.0586 -1187951.152
  7   4 451483.2 181138.8   0.0683   1.1768   0.0580   1.1571   4.2091   0.0580 -1187565.424
  7   5 452988.2 179633.8   0.0681   1.1576   0.0588   1.1323   4.0534   0.0588 -1186690.731
  7   6 452984.9 179637.1   0.0680   1.1611   0.0586   1.1352   4.0502   0.0586 -1186822.031

