Supplemental results for CODEML (seqf: /home/yzliu/eDNA/faststorage/yzliu/DK_proj/data/ref_genome/ref_annotation/primary_transcripts/extracted_cds_new/new_transcript_id_8_bom_apis/bootstraps/cat.out.OG_cds_8_species_same_header_fas.shuf_211OG_376.phy  treef: xxx.trees)


pairwise comparison (Goldman & Yang 1994)
seq seq        N       S       dN       dS     dN/dS   Paras.
  2   1 168522.2  55334.8   0.0535   0.5705   0.0937   0.5438   3.9482   0.0937 -391566.657
  3   1 168388.5  55468.5   0.0535   0.5836   0.0917   0.5546   3.9528   0.0917 -392173.753
  3   2 163953.0  59904.0   0.0123   0.1041   0.1182   0.1106   5.3445   0.1182 -332839.161
  4   1 168719.7  55137.3   0.0527   0.5790   0.0910   0.5469   3.9584   0.0910 -391151.338
  4   2 164033.8  59823.2   0.0115   0.0989   0.1166   0.1047   5.5671   0.1166 -331188.341
  4   3 163759.0  60098.0   0.0070   0.0591   0.1176   0.0629   5.7075   0.1176 -320647.172
  5   1 168734.4  55122.6   0.0537   0.5856   0.0917   0.5540   3.9351   0.0917 -391976.307
  5   2 164042.8  59814.2   0.0130   0.1055   0.1232   0.1131   5.5419   0.1232 -333328.534
  5   3 164434.4  59422.6   0.0079   0.0598   0.1327   0.0651   5.0877   0.1327 -321664.035
  5   4 164064.9  59792.1   0.0076   0.0610   0.1251   0.0657   5.7153   0.1251 -321379.234
  6   1 168702.0  55155.0   0.0538   0.5864   0.0918   0.5551   3.9303   0.0918 -392125.214
  6   2 164067.4  59789.6   0.0132   0.1069   0.1235   0.1147   5.4840   0.1235 -333716.263
  6   3 164104.4  59752.6   0.0082   0.0600   0.1362   0.0660   5.3367   0.1362 -321903.279
  6   4 163757.4  60099.6   0.0082   0.0614   0.1328   0.0673   5.9898   0.1328 -321925.445
  6   5 163877.3  59979.7   0.0027   0.0198   0.1362   0.0219   5.8464   0.1362 -307802.372
  7   1 168763.3  55093.7   0.0537   0.5874   0.0915   0.5552   3.9664   0.0915 -391958.743
  7   2 164251.7  59605.3   0.0132   0.1095   0.1203   0.1165   5.4145   0.1203 -334094.104
  7   3 164159.1  59697.9   0.0077   0.0639   0.1204   0.0680   5.3835   0.1204 -322160.412
  7   4 163822.9  60034.1   0.0076   0.0652   0.1163   0.0691   6.0385   0.1163 -322085.518
  7   5 164194.9  59662.1   0.0077   0.0596   0.1288   0.0646   5.6406   0.1288 -321182.284
  7   6 164077.2  59779.8   0.0081   0.0593   0.1370   0.0654   5.7179   0.1370 -321537.798
  8   1 168666.3  55190.7   0.0535   0.5876   0.0911   0.5556   3.9357   0.0911 -392029.192
  8   2 163929.5  59927.5   0.0129   0.1057   0.1222   0.1132   5.5883   0.1222 -333353.993
  8   3 164189.1  59667.9   0.0079   0.0590   0.1332   0.0645   5.2409   0.1332 -321508.124
  8   4 163778.0  60079.0   0.0077   0.0612   0.1262   0.0662   5.9400   0.1262 -321570.017
  8   5 163602.1  60254.9   0.0021   0.0182   0.1166   0.0193   6.1079   0.1166 -306765.341
  8   6 163268.0  60589.0   0.0025   0.0194   0.1289   0.0212   6.4421   0.1289 -307503.995
  8   7 163957.5  59899.5   0.0077   0.0590   0.1307   0.0643   5.8107   0.1307 -321155.335

