

2 (Bom_con) ... 1 (Apis_mel)
  0  0.0000 400873.523549  x:  0.45233   1.51416   0.42472  
  1 99.0000 393492.540118  x:  0.46460   1.58116   0.09420  
  2 22765.3344 393203.840676  x:  0.53689   1.61463   0.07699  
  3 8137.1775 392090.487254  x:  0.58420   2.43938   0.12461  
  4 4089.8939 391403.267776  x:  0.51423   3.11047   0.10235  
  5  1.6417 391234.946064  x:  0.57798   3.63874   0.09872  
  6  0.2189 391215.680233  x:  0.56524   3.87638   0.09831  
  7  0.1246 391213.967600  x:  0.56577   3.91754   0.10062  
  8  0.0361 391213.957942  x:  0.56610   3.92392   0.10053  
  9  0.0048 391213.957932  x:  0.56611   3.92384   0.10053  
 10  0.0001 391213.957932  x:  0.56611   3.92384   0.10053  

3 (Bom_hor) ... 1 (Apis_mel)
  0  0.0000 393476.687928  x:  0.44098   3.33977   0.09513  
  1 99.0000 393097.715289  x:  0.48038   3.34000   0.12766  
  2 16459.5350 392707.581139  x:  0.56871   3.34175   0.09671  
  3 11620.7697 392654.832878  x:  0.57310   3.87193   0.09868  
  4 215.3232 392652.152818  x:  0.57960   3.87390   0.10017  
  5  0.0059 392651.979025  x:  0.58142   3.87535   0.09945  
  6  0.0024 392651.978940  x:  0.58144   3.87606   0.09945  
  7  0.0006 392651.978940  x:  0.58144   3.87607   0.09945  
  8  0.0000 392651.978940  x:  0.58144   3.87607   0.09945  
  9  0.0000 392651.978940  x:  0.58144   3.87607   0.09945  
 10  0.0000 392651.978940  x:  0.58144   3.87607   0.09945  

3 (Bom_hor) ... 2 (Bom_con)
  0  0.0000 333573.173730  x:  0.11437   3.34724   0.16705  
  1 99.0000 333543.125488  x:  0.12493   3.34766   0.16117  
  2 5126.6559 333502.638909  x:  0.12409   3.34990   0.13111  
  3 3015.0886 333413.700489  x:  0.12383   4.75736   0.14442  
  4 154.7531 333412.186142  x:  0.12350   4.77228   0.13871  
  5  0.0177 333412.172441  x:  0.12341   4.79186   0.13876  
  6  0.0117 333412.171912  x:  0.12344   4.79358   0.13881  
  7  0.0015 333412.171911  x:  0.12345   4.79362   0.13880  
  8  0.0000 333412.171911  x:  0.12345   4.79362   0.13880  
  9  0.0000 333412.171911  x:  0.12345   4.79362   0.13880  
 10  0.0000 333412.171911  x:  0.12345   4.79362   0.13880  
 11  0.0022 333412.171911  x:  0.12345   4.79362   0.13880  
 12  0.0031 333412.171911  x:  0.12345   4.79362   0.13880  
check convergence!


4 (Bom_hyp) ... 1 (Apis_mel)
  0  0.0000 391382.229771  x:  0.52635   4.13575   0.13990  
  1 99.0000 391110.492747  x:  0.52922   4.13561   0.10310  
  2 12809.2226 391054.548870  x:  0.57137   4.13405   0.09729  
  3 2864.2638 391045.864272  x:  0.56848   3.89295   0.09663  
  4 69.1120 391045.127881  x:  0.56848   3.88825   0.09817  
  5  0.0084 391045.127089  x:  0.56832   3.88830   0.09819  
  6  0.0002 391045.127089  x:  0.56832   3.88829   0.09819  

4 (Bom_hyp) ... 2 (Bom_con)
  0  0.0000 330753.448897  x:  0.11989   3.57519   0.13477  
  1 99.0000 330739.474393  x:  0.11283   3.57546   0.13310  
  2 3769.2766 330737.091387  x:  0.11331   3.57703   0.12604  
  3 651.7240 330651.961264  x:  0.11329   5.16181   0.13740  
  4 139.1185 330651.549871  x:  0.11334   5.16705   0.13428  
  5  0.0056 330651.547422  x:  0.11336   5.17742   0.13431  
  6  0.0056 330651.547398  x:  0.11335   5.17759   0.13432  
  7  0.0002 330651.547398  x:  0.11335   5.17759   0.13432  

4 (Bom_hyp) ... 3 (Bom_hor)
  0  0.0000 320926.181009  x:  0.05799   4.23542   0.19146  
  1 99.0000 320818.491303  x:  0.07215   4.23546   0.18977  
  2 16369.5329 320751.163149  x:  0.07242   4.23655   0.13269  
  3 2051.9384 320745.681376  x:  0.07238   4.75337   0.13680  
  4 22.6997 320745.616869  x:  0.07242   4.75808   0.13530  
  5  0.0075 320745.616581  x:  0.07244   4.75952   0.13530  
  6  0.0011 320745.616581  x:  0.07244   4.75952   0.13530  
check convergence!


5 (Bom_mus) ... 1 (Apis_mel)
  0  0.0000 394329.848733  x:  0.57322   4.03104   0.24925  
  1 99.0000 391768.731719  x:  0.53539   4.03212   0.10476  
  2 23759.7504 391729.921915  x:  0.56097   4.03157   0.09476  
  3 2801.4812 391729.143841  x:  0.55992   3.95893   0.09455  
  4 14.6714 391709.640242  x:  0.57541   3.93212   0.09901  
  5  0.1110 391709.472634  x:  0.57729   3.93969   0.09835  
  6  0.0071 391709.472473  x:  0.57729   3.93872   0.09834  
  7  0.0010 391709.472473  x:  0.57729   3.93872   0.09834  

5 (Bom_mus) ... 2 (Bom_con)
  0  0.0000 332467.517328  x:  0.09383   3.48718   0.15219  
  1 99.0000 332267.612510  x:  0.11895   3.48743   0.15034  
  2 17310.7185 332252.270624  x:  0.11921   3.48956   0.13136  
  3 1519.7968 332147.859137  x:  0.11909   5.17165   0.14517  
  4 157.5262 332146.953071  x:  0.11933   5.18158   0.14051  
  5  0.0108 332146.944762  x:  0.11941   5.19885   0.14054  
  6  0.0094 332146.944571  x:  0.11938   5.19990   0.14058  
  7  0.0008 332146.944567  x:  0.11938   5.19998   0.14058  

5 (Bom_mus) ... 3 (Bom_hor)
  0  0.0000 321230.459345  x:  0.07261   4.40357   0.23856  
  1 99.0000 321188.764906  x:  0.06505   4.40395   0.20545  
  2 2340.7611 321108.817649  x:  0.06923   4.40464   0.14332  
  3 27151.1547 321107.985947  x:  0.06942   4.60514   0.14528  
  4  6.0346 321101.882802  x:  0.07267   4.48800   0.15013  
  5  0.1771 321101.726588  x:  0.07289   4.49885   0.14779  
  6  0.0151 321101.726564  x:  0.07288   4.49796   0.14777  
  7  0.0009 321101.726564  x:  0.07288   4.49800   0.14777  
  8  0.0000 321101.726564  x:  0.07288   4.49800   0.14777  
  9  0.0000 321101.726564  x:  0.07288   4.49800   0.14777  
 10  0.0907 321101.726564  x:  0.07288   4.49800   0.14777  
check convergence!


5 (Bom_mus) ... 4 (Bom_hyp)
  0  0.0000 319726.647444  x:  0.06253   3.88246   0.17777  
  1 99.0000 319698.800710  x:  0.06988   3.88254   0.17579  
  2 7614.9869 319639.498898  x:  0.07000   3.88461   0.12468  
  3 2146.2003 319602.013459  x:  0.06984   5.29590   0.13648  
  4 64.0982 319601.294129  x:  0.06982   5.31013   0.13141  
  5  0.0201 319601.291377  x:  0.06978   5.32262   0.13141  
  6  0.0081 319601.291281  x:  0.06979   5.32396   0.13144  
  7  0.0011 319601.291281  x:  0.06979   5.32400   0.13144  
  8  0.0000 319601.291280  x:  0.06979   5.32398   0.13144  

6 (Bom_pas) ... 1 (Apis_mel)
  0  0.0000 394057.390081  x:  0.43733   4.39841   0.23834  
  1 99.0000 391941.522411  x:  0.49418   4.39794   0.10423  
  2 20711.4525 391702.579951  x:  0.56835   4.39598   0.10925  
  3 7590.9025 391663.130048  x:  0.56590   3.87963   0.10605  
  4 142.4025 391648.238676  x:  0.57453   3.92963   0.09853  
  5  0.1332 391648.135927  x:  0.57628   3.92784   0.09853  
  6  0.0021 391648.135735  x:  0.57630   3.92892   0.09853  
  7  0.0012 391648.135735  x:  0.57630   3.92891   0.09852  

6 (Bom_pas) ... 2 (Bom_con)
  0  0.0000 333135.731574  x:  0.09757   3.52106   0.21073  
  1 99.0000 332960.237287  x:  0.12151   3.52137   0.20478  
  2 15412.9536 332793.784695  x:  0.12193   3.52504   0.13261  
  3 4056.4744 332697.484795  x:  0.12176   5.08879   0.14981  
  4 151.3762 332694.357878  x:  0.12178   5.12786   0.14130  
  5  0.0570 332694.303315  x:  0.12169   5.17487   0.14140  
  6  0.0251 332694.302574  x:  0.12171   5.17527   0.14151  
  7  0.0004 332694.302555  x:  0.12172   5.17541   0.14150  
  8  0.0001 332694.302555  x:  0.12172   5.17544   0.14150  

6 (Bom_pas) ... 3 (Bom_hor)
  0  0.0000 321685.269245  x:  0.06533   4.29723   0.22723  
  1 99.0000 321643.052370  x:  0.07458   4.29726   0.22508  
  2 9313.8446 321543.739172  x:  0.07485   4.29862   0.14802  
  3 2263.8902 321540.388949  x:  0.07482   4.69617   0.15172  
  4 17.8773 321540.335525  x:  0.07480   4.69983   0.15026  
  5  0.0066 321540.335148  x:  0.07477   4.69938   0.15026  
  6  0.0004 321540.335148  x:  0.07477   4.69938   0.15026  
  7  0.0000 321540.335148  x:  0.07477   4.69938   0.15026  
  8  0.0000 321540.335147  x:  0.07477   4.69938   0.15026  
  9  0.0524 321540.335147  x:  0.07477   4.69938   0.15026  
check convergence!


6 (Bom_pas) ... 4 (Bom_hyp)
  0  0.0000 320208.232214  x:  0.06483   3.98328   0.23646  
  1 99.0000 320186.429734  x:  0.07155   3.98340   0.23324  
  2 6154.2244 320013.084886  x:  0.07173   3.98697   0.13176  
  3 3291.8413 319973.289366  x:  0.07154   5.44611   0.14747  
  4 65.4732 319971.263576  x:  0.07125   5.49747   0.13885  
  5  0.0875 319971.208060  x:  0.07094   5.52413   0.13922  
  6  0.0228 319971.205803  x:  0.07097   5.53690   0.13926  
  7  0.0078 319971.205802  x:  0.07097   5.53682   0.13927  
  8  0.0001 319971.205801  x:  0.07097   5.53683   0.13927  
  9  0.0000 319971.205801  x:  0.07097   5.53683   0.13927  
check convergence!


6 (Bom_pas) ... 5 (Bom_mus)
  0  0.0000 305120.927181  x:  0.02104   4.56595   0.23875  
  1 99.0000 305117.221493  x:  0.02256   4.56595   0.23852  
  2 4997.6342 305073.560767  x:  0.02264   4.56884   0.14539  
  3 772.3377 305062.798278  x:  0.02259   6.13330   0.15984  
  4 16.4180 305062.391914  x:  0.02259   6.17376   0.15241  
  5  0.0663 305062.388590  x:  0.02258   6.20704   0.15254  
  6  0.0199 305062.388565  x:  0.02258   6.20729   0.15256  
  7  0.0002 305062.388565  x:  0.02258   6.20720   0.15256  

7 (Bom_syl) ... 1 (Apis_mel)
  0  0.0000 393155.126150  x:  0.49030   5.09539   0.14256  
  1 99.0000 392898.828079  x:  0.51533   5.09419   0.10630  
  2 10278.9407 392711.986806  x:  0.58634   5.09040   0.10873  
  3 7839.7466 392543.422288  x:  0.57610   3.90700   0.10604  
  4 247.8974 392540.477407  x:  0.57684   3.90882   0.10271  
  5  0.0052 392540.450944  x:  0.57597   3.90157   0.10274  
  6  0.0075 392540.449851  x:  0.57589   3.90373   0.10276  
  7  0.0029 392540.449850  x:  0.57589   3.90373   0.10276  
  8  0.0000 392540.449850  x:  0.57589   3.90373   0.10276  
  9  0.0000 392540.449850  x:  0.57589   3.90373   0.10276  

7 (Bom_syl) ... 2 (Bom_con)
  0  0.0000 334211.294409  x:  0.12536   3.55889   0.08710  
  1 99.0000 334008.002913  x:  0.13095   3.55948   0.13985  
  2 9372.5627 333999.078698  x:  0.12495   3.55981   0.14237  
  3 2939.8569 333910.087793  x:  0.12486   5.11348   0.14916  
  4 144.6006 333909.352242  x:  0.12539   5.08667   0.15303  
  5  0.0132 333909.338911  x:  0.12517   5.08610   0.15324  
  6  0.0006 333909.338908  x:  0.12517   5.08620   0.15325  
  7  0.0001 333909.338908  x:  0.12517   5.08629   0.15325  

7 (Bom_syl) ... 3 (Bom_hor)
  0  0.0000 322980.374899  x:  0.08140   4.22466   0.24688  
  1 99.0000 322968.232161  x:  0.07618   4.22474   0.24317  
  2 3704.7345 322866.350194  x:  0.07768   4.22650   0.16198  
  3 3062.1138 322860.996332  x:  0.07772   4.70585   0.16693  
  4 23.7310 322860.618100  x:  0.07845   4.71277   0.16419  
  5  0.0090 322860.599298  x:  0.07859   4.71143   0.16488  
  6  0.0021 322860.599294  x:  0.07859   4.71156   0.16487  
  7  0.0001 322860.599294  x:  0.07859   4.71156   0.16487  

7 (Bom_syl) ... 4 (Bom_hyp)
  0  0.0000 321696.050740  x:  0.06142   3.92856   0.18773  
  1 99.0000 321596.478062  x:  0.07536   3.92864   0.18643  
  2 15295.5458 321562.586070  x:  0.07558   3.93096   0.14598  
  3 1516.8884 321516.786159  x:  0.07545   5.46529   0.15941  
  4 73.0503 321516.200666  x:  0.07555   5.47227   0.15439  
  5  0.0102 321516.198822  x:  0.07559   5.48143   0.15435  
  6  0.0060 321516.198746  x:  0.07558   5.48277   0.15439  
  7  0.0011 321516.198744  x:  0.07558   5.48289   0.15439  
  8  0.0001 321516.198744  x:  0.07558   5.48289   0.15439  
check convergence!


7 (Bom_syl) ... 5 (Bom_mus)
  0  0.0000 320056.129692  x:  0.07262   4.37005   0.14851  
  1 99.0000 320051.553991  x:  0.06950   4.37009   0.14915  
  2 2826.3914 320048.030251  x:  0.06949   4.37086   0.16151  
  3 592.8610 320030.268972  x:  0.06943   5.41925   0.16765  
  4 38.6870 320030.268531  x:  0.06944   5.41833   0.16778  
  5  0.0008 320030.268527  x:  0.06943   5.41806   0.16779  
  6  0.0002 320030.268526  x:  0.06943   5.41790   0.16778  
  7  0.0001 320030.268526  x:  0.06943   5.41790   0.16778  
check convergence!


7 (Bom_syl) ... 6 (Bom_pas)
  0  0.0000 320655.364302  x:  0.06753   4.43749   0.26978  
  1 99.0000 320645.633924  x:  0.07207   4.43759   0.26659  
  2 3635.2193 320512.577816  x:  0.07200   4.44067   0.16527  
  3 3113.8369 320492.519500  x:  0.07188   5.54263   0.17698  
  4 41.2406 320491.447361  x:  0.07150   5.57731   0.16985  
  5  0.0569 320491.400627  x:  0.07120   5.59150   0.17040  
  6  0.0141 320491.400169  x:  0.07121   5.59758   0.17040  
  7  0.0042 320491.400167  x:  0.07121   5.59760   0.17041  
  8  0.0000 320491.400167  x:  0.07121   5.59760   0.17041  
  9  0.0000 320491.400167  x:  0.07121   5.59759   0.17041  

8 (Bom_vet) ... 1 (Apis_mel)
  0  0.0000 392572.910242  x:  0.49824   4.47957   0.16483  
  1 99.0000 391987.700951  x:  0.51147   4.47910   0.10551  
  2 15709.0612 391815.103858  x:  0.58588   4.47632   0.09792  
  3 5506.6592 391776.896815  x:  0.58025   3.94274   0.09621  
  4 133.9666 391775.812624  x:  0.57916   3.93457   0.09820  
  5  0.0177 391775.767376  x:  0.57801   3.93752   0.09823  
  6  0.0028 391775.767232  x:  0.57798   3.93658   0.09823  
  7  0.0011 391775.767232  x:  0.57798   3.93659   0.09823  

8 (Bom_vet) ... 2 (Bom_con)
  0  0.0000 332510.798685  x:  0.11338   3.49952   0.07383  
  1 99.0000 332288.116774  x:  0.12912   3.49991   0.11300  
  2 12119.1057 332253.667553  x:  0.11827   3.50038   0.12334  
  3 5204.3057 332150.109173  x:  0.11768   5.21746   0.12984  
  4 153.4309 332145.360691  x:  0.12023   5.22931   0.13759  
  5  0.0076 332145.091780  x:  0.11940   5.22754   0.13918  
  6  0.0023 332145.091127  x:  0.11943   5.22537   0.13926  
  7  0.0018 332145.091077  x:  0.11942   5.22401   0.13924  
  8  0.0008 332145.091077  x:  0.11942   5.22401   0.13924  

8 (Bom_vet) ... 3 (Bom_hor)
  0  0.0000 321140.749214  x:  0.06660   4.16137   0.24215  
  1 99.0000 321122.956758  x:  0.07272   4.16142   0.23933  
  2 5523.1614 320988.941658  x:  0.07285   4.16309   0.14723  
  3 2809.3038 320985.888756  x:  0.07280   4.53069   0.15106  
  4 17.5157 320985.612638  x:  0.07254   4.54256   0.14797  
  5  0.0201 320985.587244  x:  0.07232   4.54256   0.14837  
  6  0.0005 320985.587243  x:  0.07232   4.54254   0.14836  
  7  0.0000 320985.587243  x:  0.07232   4.54253   0.14836  
  8  0.0000 320985.587243  x:  0.07232   4.54254   0.14836  

8 (Bom_vet) ... 4 (Bom_hyp)
  0  0.0000 319723.204237  x:  0.06327   4.00305   0.12811  
  1 99.0000 319701.142997  x:  0.06984   4.00310   0.12814  
  2 6958.6637 319701.028384  x:  0.06986   4.00512   0.12621  
  3 80.7998 319667.516327  x:  0.06971   5.38012   0.13568  
  4 119.8177 319667.404959  x:  0.06976   5.38325   0.13369  
  5  0.0033 319667.404536  x:  0.06976   5.38837   0.13365  
  6  0.0034 319667.404519  x:  0.06976   5.38892   0.13367  
  7  0.0005 319667.404519  x:  0.06976   5.38893   0.13367  
  8  0.0000 319667.404519  x:  0.06976   5.38892   0.13367  
  9  0.0000 319667.404519  x:  0.06976   5.38893   0.13367  
 10  0.0000 319667.404519  x:  0.06976   5.38893   0.13367  

8 (Bom_vet) ... 5 (Bom_mus)
  0  0.0000 304346.828881  x:  0.02094   4.39348   0.24970  
  1 99.0000 304345.795450  x:  0.02017   4.39349   0.24944  
  2 2497.2377 304285.990980  x:  0.02031   4.39673   0.13493  
  3 896.6591 304277.571280  x:  0.02027   5.75132   0.14876  
  4 14.5489 304277.130836  x:  0.02031   5.80549   0.14120  
  5  0.1011 304277.125801  x:  0.02034   5.83753   0.14139  
  6  0.0229 304277.125530  x:  0.02033   5.84303   0.14142  
  7  0.0047 304277.125530  x:  0.02033   5.84307   0.14142  
  8  0.0000 304277.125530  x:  0.02033   5.84307   0.14142  
check convergence!


8 (Bom_vet) ... 6 (Bom_pas)
  0  0.0000 304880.011970  x:  0.02097   4.84849   0.16564  
  1 99.0000 304877.637797  x:  0.02218   4.84849   0.16551  
  2 4013.1057 304870.196918  x:  0.02221   4.84974   0.13365  
  3 430.1127 304860.379229  x:  0.02215   6.50742   0.14336  
  4 14.1416 304860.286525  x:  0.02215   6.51852   0.14000  
  5  0.0135 304860.286031  x:  0.02215   6.53251   0.14001  
  6  0.0082 304860.286028  x:  0.02215   6.53273   0.14002  
  7  0.0003 304860.286027  x:  0.02215   6.53297   0.14003  
  8  0.0003 304860.286026  x:  0.02215   6.53273   0.14003  
  9  0.0002 304860.286026  x:  0.02215   6.53273   0.14003  
 10  0.0001 304860.286026  x:  0.02215   6.53273   0.14003  
 11  0.0994 304860.286026  x:  0.02215   6.53273   0.14003  
check convergence!


8 (Bom_vet) ... 7 (Bom_syl)
  0  0.0000 319927.195546  x:  0.06251   5.21959   0.18804  
  1 99.0000 319906.729954  x:  0.06876   5.21960   0.18742  
  2 6739.0483 319898.643366  x:  0.06887   5.21997   0.16554  
  3 705.4490 319897.513685  x:  0.06886   5.52099   0.16726  
  4  7.8523 319897.511771  x:  0.06887   5.51836   0.16694  
  5  0.0030 319897.511762  x:  0.06887   5.51777   0.16694  
  6  0.0005 319897.511762  x:  0.06887   5.51778   0.16694  
  7  0.0000 319897.511762  x:  0.06887   5.51778   0.16694  
  8  0.0000 319897.511762  x:  0.06887   5.51778   0.16694  
  9  0.0238 319897.511762  x:  0.06887   5.51778   0.16694  
check convergence!
