

2 (Bom_con) ... 1 (Apis_mel)
  0  0.0000 843434.999544  x:  0.42439   1.53222   0.45690  
  1 99.0000 825754.616699  x:  0.50197   1.60858   0.09005  
  2 47199.1949 825444.604466  x:  0.55578   1.65037   0.09589  
  3 9810.9460 824181.387664  x:  0.48780   2.20854   0.13707  
  4 6633.7758 822169.323599  x:  0.56220   2.81817   0.08642  
  5  1.7417 821732.617080  x:  0.56089   3.38770   0.10963  
  6  0.3647 821558.034279  x:  0.56519   3.83871   0.09814  
  7  0.2670 821554.372112  x:  0.56736   3.90574   0.09996  
  8  0.0494 821554.244037  x:  0.56786   3.92006   0.09964  
  9  0.0127 821554.243991  x:  0.56788   3.92000   0.09965  
 10  0.0000 821554.243991  x:  0.56788   3.91998   0.09964  

3 (Bom_hor) ... 1 (Apis_mel)
  0  0.0000 825697.050905  x:  0.52810   3.40619   0.17559  
  1 99.0000 823801.081922  x:  0.52625   3.40739   0.10224  
  2 40542.0889 823653.386720  x:  0.57099   3.40971   0.09360  
  3 6892.4699 823550.680255  x:  0.57819   3.92963   0.09650  
  4 426.4926 823547.903505  x:  0.58033   3.91788   0.09819  
  5  0.0252 823547.808109  x:  0.58144   3.91579   0.09789  
  6  0.0020 823547.808107  x:  0.58145   3.91582   0.09789  
  7  0.0000 823547.808107  x:  0.58145   3.91582   0.09789  

3 (Bom_hor) ... 2 (Bom_con)
  0  0.0000 697680.532970  x:  0.10524   3.42735   0.17289  
  1 99.0000 697561.689214  x:  0.11927   3.42773   0.16694  
  2 16359.0790 697408.594554  x:  0.11888   3.43050   0.12411  
  3 7342.1458 697170.209615  x:  0.11856   5.17461   0.14075  
  4 346.1499 697165.153426  x:  0.11829   5.20159   0.13356  
  5  0.0328 697165.071438  x:  0.11812   5.23880   0.13359  
  6  0.0205 697165.066779  x:  0.11818   5.24305   0.13372  
  7  0.0035 697165.066732  x:  0.11819   5.24328   0.13370  
  8  0.0002 697165.066732  x:  0.11819   5.24329   0.13370  
  9  0.0000 697165.066732  x:  0.11819   5.24329   0.13370  
 10  0.0000 697165.066732  x:  0.11819   5.24329   0.13370  
check convergence!


4 (Bom_hyp) ... 1 (Apis_mel)
  0  0.0000 823848.914281  x:  0.49354   4.38211   0.18381  
  1 99.0000 821947.946988  x:  0.50525   4.38176   0.10565  
  2 37397.1820 821588.280060  x:  0.57832   4.37928   0.09577  
  3 11333.7954 821530.372571  x:  0.57336   3.92970   0.09407  
  4 242.9057 821521.565189  x:  0.57331   3.90852   0.09782  
  5  0.0539 821521.490168  x:  0.57261   3.91631   0.09776  
  6  0.0074 821521.488858  x:  0.57251   3.91463   0.09777  
  7  0.0018 821521.488846  x:  0.57250   3.91467   0.09777  

4 (Bom_hyp) ... 2 (Bom_con)
  0  0.0000 693503.962632  x:  0.09759   3.35290   0.10765  
  1 99.0000 693375.683577  x:  0.11141   3.35316   0.11083  
  2 18958.4015 693358.301315  x:  0.11046   3.35474   0.12354  
  3 2964.2862 693069.271166  x:  0.11018   5.40468   0.13614  
  4 380.0267 693068.672871  x:  0.11055   5.40684   0.13368  
  5  0.0025 693068.665951  x:  0.11048   5.41331   0.13355  
  6  0.0045 693068.665106  x:  0.11048   5.41717   0.13361  
  7  0.0022 693068.665089  x:  0.11049   5.41733   0.13361  
  8  0.0002 693068.665089  x:  0.11049   5.41732   0.13361  

4 (Bom_hyp) ... 3 (Bom_hor)
  0  0.0000 670937.731718  x:  0.06734   4.54488   0.14951  
  1 99.0000 670930.412762  x:  0.06945   4.54524   0.14109  
  2 1672.5096 670923.067811  x:  0.06790   4.54566   0.13191  
  3 9596.1561 670898.985649  x:  0.06776   5.44634   0.13704  
  4 60.2529 670898.955477  x:  0.06767   5.43891   0.13641  
  5  0.0075 670898.955347  x:  0.06767   5.43663   0.13640  
  6  0.0017 670898.955346  x:  0.06767   5.43661   0.13641  
  7  0.0000 670898.955346  x:  0.06767   5.43663   0.13640  

5 (Bom_mus) ... 1 (Apis_mel)
  0  0.0000 823889.949746  x:  0.44517   4.39505   0.11439  
  1 99.0000 822591.646271  x:  0.56539   4.39268   0.11594  
  2 23882.5669 822450.932673  x:  0.57647   4.39218   0.09897  
  3 17977.0166 822375.772317  x:  0.57237   3.88611   0.09803  
  4 277.4563 822374.645100  x:  0.57675   3.88869   0.09770  
  5  0.0035 822374.641896  x:  0.57669   3.88936   0.09777  
  6  0.0008 822374.641886  x:  0.57668   3.88942   0.09777  
  7  0.0001 822374.641886  x:  0.57668   3.88941   0.09777  

5 (Bom_mus) ... 2 (Bom_con)
  0  0.0000 697236.507652  x:  0.11528   3.44605   0.17039  
  1 99.0000 697116.572772  x:  0.12473   3.44826   0.13651  
  2 6403.0529 697079.616433  x:  0.11927   3.44934   0.12358  
  3 12995.4666 696838.372391  x:  0.11799   5.24989   0.13993  
  4 345.6461 696836.710704  x:  0.11824   5.25352   0.13563  
  5  0.0057 696836.685471  x:  0.11804   5.25721   0.13558  
  6  0.0041 696836.684073  x:  0.11805   5.26269   0.13560  
  7  0.0028 696836.684073  x:  0.11805   5.26268   0.13560  
  8  0.0000 696836.684073  x:  0.11805   5.26267   0.13560  
  9  0.0000 696836.684073  x:  0.11805   5.26268   0.13560  
 10  0.0000 696836.684073  x:  0.11805   5.26267   0.13560  

5 (Bom_mus) ... 3 (Bom_hor)
  0  0.0000 671782.426352  x:  0.05554   4.23463   0.24420  
  1 99.0000 671600.442325  x:  0.06789   4.23468   0.24206  
  2 31303.8396 671216.507184  x:  0.06828   4.23733   0.13284  
  3 5607.1871 671186.491074  x:  0.06822   5.13486   0.14219  
  4 75.1003 671185.198250  x:  0.06824   5.16488   0.13736  
  5  0.0585 671185.194624  x:  0.06824   5.17624   0.13742  
  6  0.0080 671185.194622  x:  0.06824   5.17619   0.13742  
  7  0.0001 671185.194622  x:  0.06824   5.17619   0.13742  
  8  0.0000 671185.194622  x:  0.06824   5.17619   0.13742  

5 (Bom_mus) ... 4 (Bom_hyp)
  0  0.0000 671179.500896  x:  0.07328   4.30347   0.21688  
  1 99.0000 671134.057464  x:  0.06667   4.30356   0.21353  
  2 11873.0556 670856.104488  x:  0.06788   4.30592   0.12779  
  3 6458.3123 670802.954990  x:  0.06790   5.58606   0.13914  
  4 97.1258 670800.782206  x:  0.06838   5.61693   0.13321  
  5  0.0495 670800.717832  x:  0.06861   5.62615   0.13356  
  6  0.0099 670800.716716  x:  0.06861   5.63293   0.13356  
  7  0.0044 670800.716706  x:  0.06861   5.63304   0.13357  

6 (Bom_pas) ... 1 (Apis_mel)
  0  0.0000 824587.762780  x:  0.54811   4.57319   0.17035  
  1 99.0000 823049.399774  x:  0.54425   4.57280   0.10458  
  2 37500.5785 822941.347477  x:  0.58437   4.56969   0.09630  
  3 5533.7522 822814.234145  x:  0.57551   3.89147   0.09473  
  4 344.5802 822804.490383  x:  0.57805   3.88137   0.09818  
  5  0.0240 822804.479769  x:  0.57799   3.88673   0.09821  
  6  0.0068 822804.479628  x:  0.57795   3.88652   0.09822  
  7  0.0002 822804.479628  x:  0.57795   3.88652   0.09822  
  8  0.0000 822804.479628  x:  0.57795   3.88652   0.09822  
check convergence!


6 (Bom_pas) ... 2 (Bom_con)
  0  0.0000 698943.209218  x:  0.12223   3.29488   0.21047  
  1 99.0000 698786.566958  x:  0.10836   3.29646   0.18361  
  2 9897.5868 698509.620485  x:  0.11478   3.30003   0.12599  
  3 26911.0166 698205.562572  x:  0.11626   5.29143   0.14869  
  4 415.0121 698190.081155  x:  0.12006   5.27522   0.13870  
  5  0.0204 698189.962506  x:  0.12038   5.26565   0.13941  
  6  0.0106 698189.955538  x:  0.12041   5.25522   0.13923  
  7  0.0059 698189.954973  x:  0.12039   5.25352   0.13927  

6 (Bom_pas) ... 3 (Bom_hor)
  0  0.0000 672340.008354  x:  0.06377   4.40512   0.16517  
  1 99.0000 672300.091264  x:  0.06987   4.40516   0.16421  
  2 13356.3979 672271.562370  x:  0.06997   4.40615   0.13948  
  3 2189.0662 672241.911846  x:  0.06990   5.35146   0.14575  
  4 70.8844 672241.753547  x:  0.06992   5.35042   0.14396  
  5  0.0024 672241.753539  x:  0.06992   5.35077   0.14395  
  6  0.0003 672241.753538  x:  0.06992   5.35084   0.14396  
  7  0.0001 672241.753538  x:  0.06992   5.35085   0.14396  
  8  0.0000 672241.753538  x:  0.06992   5.35085   0.14396  
  9  0.0000 672241.753538  x:  0.06992   5.35085   0.14396  
check convergence!


6 (Bom_pas) ... 4 (Bom_hyp)
  0  0.0000 672237.752124  x:  0.06328   4.35717   0.14353  
  1 99.0000 672182.484979  x:  0.07047   4.35721   0.14330  
  2 15999.4556 672180.436852  x:  0.07052   4.35822   0.13748  
  3 641.3056 672116.191671  x:  0.07040   5.82268   0.14623  
  4 108.1220 672115.921997  x:  0.07044   5.81580   0.14388  
  5  0.0069 672115.921985  x:  0.07044   5.81627   0.14387  
  6  0.0004 672115.921985  x:  0.07044   5.81637   0.14388  
  7  0.0001 672115.921985  x:  0.07044   5.81639   0.14388  
  8  0.0000 672115.921985  x:  0.07044   5.81640   0.14388  

6 (Bom_pas) ... 5 (Bom_mus)
  0  0.0000 640935.679749  x:  0.01894   4.60162   0.20671  
  1 99.0000 640891.550827  x:  0.02240   4.60162   0.20651  
  2 27062.4671 640816.622782  x:  0.02247   4.60321   0.14063  
  3 1646.0944 640804.164275  x:  0.02243   5.72532   0.14959  
  4 24.9579 640800.009588  x:  0.02245   5.77760   0.13472  
  5  0.0959 640799.967412  x:  0.02244   5.84050   0.13402  
  6  0.0476 640799.964596  x:  0.02244   5.85161   0.13439  
  7  0.0106 640799.964595  x:  0.02244   5.85161   0.13439  

7 (Bom_syl) ... 1 (Apis_mel)
  0  0.0000 825583.934099  x:  0.42872   4.60865   0.14145  
  1 99.0000 823962.944063  x:  0.51619   4.60700   0.09266  
  2 30481.9857 823531.472856  x:  0.56007   4.60575   0.11022  
  3 31841.4775 823383.043265  x:  0.55532   3.84932   0.10814  
  4 375.6191 823333.178658  x:  0.57746   3.93372   0.09995  
  5  0.0674 823332.921366  x:  0.57780   3.90749   0.09987  
  6  0.0320 823332.919722  x:  0.57788   3.90792   0.09990  
  7  0.0004 823332.919709  x:  0.57790   3.90798   0.09990  

7 (Bom_syl) ... 2 (Bom_con)
  0  0.0000 699317.162198  x:  0.10366   3.56149   0.21337  
  1 99.0000 699108.413959  x:  0.12223   3.56187   0.20597  
  2 22244.8119 698728.834873  x:  0.12230   3.56573   0.13069  
  3 9589.5995 698499.044058  x:  0.12201   5.29416   0.14986  
  4 331.9832 698490.010425  x:  0.12162   5.34385   0.14003  
  5  0.0713 698489.777090  x:  0.12115   5.39449   0.14031  
  6  0.0324 698489.759830  x:  0.12128   5.40785   0.14045  
  7  0.0088 698489.759732  x:  0.12128   5.40832   0.14042  
  8  0.0005 698489.759732  x:  0.12128   5.40836   0.14042  
  9  0.0000 698489.759732  x:  0.12128   5.40835   0.14042  

7 (Bom_syl) ... 3 (Bom_hor)
  0  0.0000 673254.393407  x:  0.07041   4.45688   0.11148  
  1 99.0000 673240.311096  x:  0.07402   4.45694   0.11560  
  2 5269.1326 673203.591447  x:  0.07138   4.45734   0.13767  
  3 6354.8364 673166.773813  x:  0.07123   5.52828   0.14236  
  4 78.3918 673166.433359  x:  0.07178   5.52824   0.14316  
  5  0.0009 673166.428461  x:  0.07175   5.52758   0.14345  
  6  0.0005 673166.428457  x:  0.07175   5.52720   0.14345  
  7  0.0003 673166.428457  x:  0.07175   5.52719   0.14345  

7 (Bom_syl) ... 4 (Bom_hyp)
  0  0.0000 672878.720327  x:  0.06368   4.44117   0.17293  
  1 99.0000 672813.056706  x:  0.07154   4.44123   0.17164  
  2 17202.7848 672759.517314  x:  0.07168   4.44275   0.13753  
  3 2924.9195 672690.872740  x:  0.07157   5.96986   0.14792  
  4 107.3681 672690.186700  x:  0.07159   5.97909   0.14427  
  5  0.0116 672690.183807  x:  0.07159   5.99079   0.14427  
  6  0.0071 672690.183779  x:  0.07159   5.99096   0.14429  
  7  0.0002 672690.183779  x:  0.07159   5.99098   0.14429  
  8  0.0000 672690.183779  x:  0.07159   5.99098   0.14429  
check convergence!


7 (Bom_syl) ... 5 (Bom_mus)
  0  0.0000 669514.190867  x:  0.06971   4.90688   0.20878  
  1 99.0000 669485.471541  x:  0.06454   4.90693   0.20668  
  2 10023.0576 669352.401649  x:  0.06540   4.90833   0.14431  
  3 4205.8798 669326.435331  x:  0.06539   5.93646   0.15157  
  4 56.5424 669325.994158  x:  0.06560   5.94793   0.14860  
  5  0.0167 669325.987719  x:  0.06567   5.95200   0.14872  
  6  0.0043 669325.987641  x:  0.06567   5.95395   0.14872  
  7  0.0014 669325.987641  x:  0.06567   5.95396   0.14872  
  8  0.0000 669325.987641  x:  0.06567   5.95396   0.14872  
  9  0.0000 669325.987641  x:  0.06567   5.95396   0.14872  
 10  0.1560 669325.987641  x:  0.06567   5.95396   0.14872  
check convergence!


7 (Bom_syl) ... 6 (Bom_pas)
  0  0.0000 670985.354952  x:  0.05338   4.72020   0.24628  
  1 99.0000 670762.007374  x:  0.06677   4.72024   0.24470  
  2 35876.7202 670512.360667  x:  0.06709   4.72275   0.15140  
  3 4401.9793 670469.187778  x:  0.06703   5.96919   0.16253  
  4 77.9053 670467.914989  x:  0.06711   6.01026   0.15717  
  5  0.0677 670467.884490  x:  0.06719   6.04630   0.15742  
  6  0.0242 670467.884348  x:  0.06717   6.04706   0.15742  
  7  0.0006 670467.884348  x:  0.06717   6.04714   0.15743  

8 (Bom_vet) ... 1 (Apis_mel)
  0  0.0000 827175.374268  x:  0.50822   4.86278   0.23577  
  1 99.0000 823319.916238  x:  0.51099   4.86193   0.10856  
  2 42729.2335 822960.666426  x:  0.57904   4.85840   0.09254  
  3 11416.6880 822743.231783  x:  0.56731   3.93051   0.08943  
  4 417.0337 822669.310825  x:  0.57628   3.85445   0.09799  
  5  0.2783 822668.774486  x:  0.57738   3.89397   0.09808  
  6  0.0578 822668.769294  x:  0.57765   3.89308   0.09804  
  7  0.0008 822668.769274  x:  0.57765   3.89312   0.09803  
  8  0.0000 822668.769274  x:  0.57765   3.89312   0.09803  

8 (Bom_vet) ... 2 (Bom_con)
  0  0.0000 697148.545475  x:  0.12387   3.40727   0.11241  
  1 99.0000 697121.225925  x:  0.11695   3.40766   0.11607  
  2 6833.9888 697107.644970  x:  0.11797   3.40905   0.12668  
  3 3075.8289 696851.894224  x:  0.11806   5.26426   0.13818  
  4 363.3852 696851.576776  x:  0.11777   5.26285   0.13651  
  5  0.0018 696851.572708  x:  0.11784   5.26478   0.13640  
  6  0.0018 696851.572479  x:  0.11784   5.26697   0.13641  
  7  0.0011 696851.572479  x:  0.11784   5.26698   0.13641  

8 (Bom_vet) ... 3 (Bom_hor)
  0  0.0000 671330.795661  x:  0.07149   4.33483   0.10295  
  1 99.0000 671304.153425  x:  0.06653   4.33487   0.10727  
  2 7917.0321 671241.500749  x:  0.06875   4.33517   0.13639  
  3 7340.2368 671213.938566  x:  0.06874   5.24437   0.14026  
  4 68.4579 671213.162130  x:  0.06791   5.24032   0.14160  
  5  0.0041 671213.148939  x:  0.06794   5.23760   0.14207  
  6  0.0019 671213.148938  x:  0.06794   5.23743   0.14207  
  7  0.0001 671213.148938  x:  0.06794   5.23743   0.14207  
check convergence!


8 (Bom_vet) ... 4 (Bom_hyp)
  0  0.0000 671582.271276  x:  0.06890   4.39706   0.22058  
  1 99.0000 671504.496315  x:  0.06176   4.39783   0.19281  
  2 5190.3384 671323.983051  x:  0.06552   4.39958   0.13005  
  3 52644.0416 671266.350292  x:  0.06593   5.77954   0.14124  
  4 97.6571 671256.429013  x:  0.06902   5.74922   0.13910  
  5  0.0303 671256.425189  x:  0.06899   5.73994   0.13919  
  6  0.0075 671256.424905  x:  0.06899   5.73791   0.13913  
  7  0.0022 671256.424890  x:  0.06899   5.73757   0.13913  
  8  0.0003 671256.424890  x:  0.06899   5.73755   0.13913  

8 (Bom_vet) ... 5 (Bom_mus)
  0  0.0000 638913.489553  x:  0.02030   4.76633   0.17113  
  1 99.0000 638912.694524  x:  0.01984   4.76634   0.17094  
  2 3162.6100 638880.845721  x:  0.01994   4.76724   0.12350  
  3 1355.7985 638875.521070  x:  0.01990   5.71936   0.12946  
  4 14.8772 638875.330983  x:  0.01993   5.62963   0.12639  
  5  0.0992 638875.312607  x:  0.01993   5.58547   0.12674  
  6  0.0439 638875.312586  x:  0.01993   5.58502   0.12675  
  7  0.0004 638875.312586  x:  0.01993   5.58503   0.12675  
  8  0.0000 638875.312586  x:  0.01993   5.58504   0.12675  

8 (Bom_vet) ... 6 (Bom_pas)
  0  0.0000 640502.355094  x:  0.02323   4.59134   0.11642  
  1 99.0000 640497.731652  x:  0.02207   4.59135   0.11652  
  2 7570.4994 640493.362858  x:  0.02205   4.59209   0.13178  
  3 638.2002 640469.474042  x:  0.02195   6.32644   0.13954  
  4 33.7922 640469.435850  x:  0.02195   6.31628   0.13803  
  5  0.0081 640469.435841  x:  0.02195   6.31577   0.13801  
  6  0.0007 640469.435838  x:  0.02195   6.31628   0.13800  
  7  0.0004 640469.435836  x:  0.02195   6.31676   0.13801  
  8  0.0003 640469.435832  x:  0.02195   6.31674   0.13801  
  9  0.0002 640469.435832  x:  0.02195   6.31674   0.13801  
check convergence!


8 (Bom_vet) ... 7 (Bom_syl)
  0  0.0000 669482.739805  x:  0.05852   5.07975   0.23289  
  1 99.0000 669433.048230  x:  0.06503   5.07979   0.23115  
  2 15328.2579 669235.851494  x:  0.06522   5.08138   0.14952  
  3 4286.1917 669215.445813  x:  0.06518   6.02057   0.15658  
  4 48.0505 669215.034936  x:  0.06514   6.03539   0.15356  
  5  0.0248 669215.032003  x:  0.06509   6.04137   0.15356  
  6  0.0052 669215.031982  x:  0.06509   6.04221   0.15358  
  7  0.0007 669215.031982  x:  0.06509   6.04225   0.15358  
  8  0.0000 669215.031982  x:  0.06509   6.04229   0.15358  