

2 (And_ful) ... 1 (And_bic)
  0  0.0000 1022734.913729  x:  0.13902   1.65240   0.44963  
  1 99.0000 1020945.038439  x:  0.20357   1.66580   0.36742  
  2 39875.4292 1009837.437818  x:  0.22024   1.71453   0.04990  
  3 100495.5717 1009316.215971  x:  0.21606   2.19606   0.08392  
  4 2672.2932 1007652.398147  x:  0.19796   3.19378   0.04707  
  5  2.1835 1007100.393021  x:  0.16900   3.48159   0.06675  
  6  0.3103 1007083.542210  x:  0.16566   3.56616   0.06299  
  7  0.0779 1007081.748448  x:  0.16713   3.59256   0.06194  
  8  0.0210 1007081.041544  x:  0.16720   3.64480   0.06270  
  9  0.0199 1007081.030934  x:  0.16712   3.64792   0.06262  
 10  0.0031 1007081.030933  x:  0.16712   3.64797   0.06262  
 11  0.0000 1007081.030933  x:  0.16712   3.64796   0.06262  
 12  0.0000 1007081.030933  x:  0.16712   3.64796   0.06262  
 13  0.0000 1007081.030933  x:  0.16712   3.64796   0.06262  
check convergence!


3 (And_hae) ... 1 (And_bic)
  0  0.0000 1004284.368310  x:  0.14083   3.40233   0.10277  
  1 99.0000 1003808.867870  x:  0.16647   3.40262   0.07822  
  2 27422.6505 1003712.577519  x:  0.16217   3.40281   0.06423  
  3 15423.6381 1003699.117792  x:  0.16196   3.66577   0.06561  
  4 106.8452 1003691.930375  x:  0.15847   3.65165   0.06692  
  5  0.0152 1003691.921793  x:  0.15843   3.65043   0.06680  
  6  0.0014 1003691.921765  x:  0.15843   3.65004   0.06680  
  7  0.0004 1003691.921765  x:  0.15843   3.65004   0.06680  

3 (And_hae) ... 2 (And_ful)
  0  0.0000 1000709.411049  x:  0.13901   3.15393   0.07931  
  1 99.0000 1000515.408966  x:  0.15634   3.15431   0.07002  
  2 20853.6567 1000498.888029  x:  0.15500   3.15472   0.06430  
  3 5778.0916 1000374.570306  x:  0.15483   3.96581   0.06834  
  4 351.1632 1000374.168442  x:  0.15423   3.96578   0.06771  
  5  0.0008 1000374.168133  x:  0.15421   3.96631   0.06773  
  6  0.0005 1000374.168129  x:  0.15421   3.96646   0.06773  

4 (And_hat) ... 1 (And_bic)
  0  0.0000 982923.159336  x:  0.09610   3.55713   0.10236  
  1 99.0000 982355.076138  x:  0.12141   3.55719   0.09492  
  2 46946.2527 982162.231295  x:  0.12093   3.55739   0.06770  
  3 13383.0756 982161.404884  x:  0.12091   3.63490   0.06815  
  4 22.3763 982160.785383  x:  0.12003   3.63136   0.06799  
  5  0.0029 982160.782412  x:  0.12002   3.63135   0.06809  
  6  0.0001 982160.782403  x:  0.12001   3.63152   0.06809  
  7  0.0002 982160.782403  x:  0.12001   3.63152   0.06809  

4 (And_hat) ... 2 (And_ful)
  0  0.0000 1003001.497604  x:  0.16753   3.21542   0.10686  
  1 99.0000 1002347.796909  x:  0.14823   3.21625   0.06928  
  2 27550.4767 1002270.558123  x:  0.15570   3.21668   0.05933  
  3 14913.8113 1002126.412155  x:  0.15723   4.10746   0.06466  
  4 373.6989 1002124.838351  x:  0.15885   4.09372   0.06496  
  5  0.0166 1002124.787285  x:  0.15892   4.09063   0.06463  
  6  0.0033 1002124.786917  x:  0.15891   4.08900   0.06463  
  7  0.0011 1002124.786916  x:  0.15891   4.08901   0.06463  
  8  0.0000 1002124.786916  x:  0.15891   4.08901   0.06463  

4 (And_hat) ... 3 (And_hae)
  0  0.0000 999661.451003  x:  0.16476   3.60045   0.09241  
  1 99.0000 999350.362475  x:  0.14712   3.60075   0.07406  
  2 22672.4106 999314.391404  x:  0.15132   3.60101   0.06577  
  3 8420.7571 999267.966504  x:  0.15177   4.15554   0.06838  
  4 182.0374 999267.883512  x:  0.15201   4.15560   0.06801  
  5  0.0005 999267.883428  x:  0.15202   4.15575   0.06802  
  6  0.0002 999267.883428  x:  0.15202   4.15582   0.06802  
  7  0.0001 999267.883428  x:  0.15202   4.15583   0.06802  
  8  0.0000 999267.883428  x:  0.15202   4.15583   0.06802  
  9  0.0000 999267.883428  x:  0.15202   4.15583   0.06802  

5 (And_mar) ... 1 (And_bic)
  0  0.0000 964763.206267  x:  0.07581   3.67387   0.17382  
  1 99.0000 964438.291400  x:  0.09266   3.67390   0.16523  
  2 37157.0680 963254.211151  x:  0.09294   3.67425   0.06654  
  3 21420.0137 963229.001195  x:  0.09306   3.24227   0.06226  
  4 108.6231 963222.581805  x:  0.09158   3.18724   0.06583  
  5  0.0896 963219.387579  x:  0.09015   3.22117   0.06431  
  6  0.0551 963219.382447  x:  0.09017   3.21805   0.06418  
  7  0.0035 963219.382397  x:  0.09017   3.21851   0.06418  

5 (And_mar) ... 2 (And_ful)
  0  0.0000 1007597.219537  x:  0.17337   3.00805   0.12082  
  1 99.0000 1006628.948592  x:  0.15021   3.00907   0.07192  
  2 31075.4042 1006502.702419  x:  0.15931   3.00950   0.05897  
  3 20279.6248 1006395.733107  x:  0.16098   3.68517   0.06372  
  4 355.3447 1006387.580509  x:  0.16429   3.65161   0.06538  
  5  0.0464 1006387.398082  x:  0.16455   3.64591   0.06481  
  6  0.0056 1006387.397303  x:  0.16455   3.64390   0.06480  
  7  0.0015 1006387.397302  x:  0.16455   3.64390   0.06480  
  8  0.0000 1006387.397302  x:  0.16455   3.64391   0.06480  
  9  0.0000 1006387.397302  x:  0.16455   3.64390   0.06480  
 10  0.0000 1006387.397302  x:  0.16455   3.64390   0.06480  

5 (And_mar) ... 3 (And_hae)
  0  0.0000 1003346.326490  x:  0.13857   3.20727   0.13111  
  1 99.0000 1002506.675069  x:  0.17095   3.20804   0.08453  
  2 29392.2346 1002285.338864  x:  0.16407   3.20844   0.06312  
  3 28247.4791 1002237.986292  x:  0.16314   3.69258   0.06628  
  4 211.2127 1002193.757865  x:  0.15463   3.63167   0.06932  
  5  0.0741 1002193.678440  x:  0.15442   3.62032   0.06902  
  6  0.0117 1002193.676689  x:  0.15444   3.61769   0.06903  
  7  0.0025 1002193.676687  x:  0.15444   3.61769   0.06903  
  8  0.0000 1002193.676687  x:  0.15444   3.61770   0.06903  

5 (And_mar) ... 4 (And_hat)
  0  0.0000 980966.677559  x:  0.12497   3.16460   0.14016  
  1 99.0000 980531.014510  x:  0.10435   3.16501   0.11725  
  2 26506.4724 979993.014777  x:  0.10949   3.16591   0.06784  
  3 32263.8592 979955.698190  x:  0.10988   3.63649   0.07187  
  4 170.8913 979930.252160  x:  0.11547   3.61335   0.07084  
  5  0.0248 979930.246697  x:  0.11542   3.61113   0.07092  
  6  0.0027 979930.246188  x:  0.11540   3.61060   0.07089  
  7  0.0007 979930.246183  x:  0.11540   3.61044   0.07089  
  8  0.0001 979930.246183  x:  0.11540   3.61043   0.07089  

6 (And_tri) ... 1 (And_bic)
  0  0.0000 981536.550345  x:  0.10653   3.11514   0.13211  
  1 99.0000 981072.423139  x:  0.12990   3.11537   0.09899  
  2 23905.5829 980685.192165  x:  0.12534   3.11556   0.06217  
  3 39097.7939 980683.156099  x:  0.12545   3.01727   0.06144  
  4 36.7475 980616.712698  x:  0.11649   2.96154   0.06579  
  5  0.0682 980615.915356  x:  0.11616   2.97430   0.06451  
  6  0.0197 980615.914089  x:  0.11619   2.97344   0.06447  
  7  0.0009 980615.914089  x:  0.11619   2.97347   0.06447  
  8  0.0000 980615.914089  x:  0.11619   2.97345   0.06447  

6 (And_tri) ... 2 (And_ful)
  0  0.0000 1004301.635226  x:  0.16956   2.78262   0.11835  
  1 99.0000 1003279.879292  x:  0.14398   2.78380   0.07037  
  2 32873.2163 1003125.940097  x:  0.15276   2.78435   0.05569  
  3 23120.1565 1002969.248857  x:  0.15477   3.55822   0.06143  
  4 463.3318 1002958.960141  x:  0.15874   3.52607   0.06262  
  5  0.0416 1002958.697748  x:  0.15895   3.52176   0.06192  
  6  0.0045 1002958.696439  x:  0.15895   3.51921   0.06190  
  7  0.0018 1002958.696430  x:  0.15895   3.51919   0.06190  

6 (And_tri) ... 3 (And_hae)
  0  0.0000 1001096.442876  x:  0.12576   3.04758   0.09419  
  1 99.0000 1000488.313690  x:  0.15602   3.04788   0.08015  
  2 39479.5100 1000368.052559  x:  0.15424   3.04830   0.06318  
  3 14310.5292 1000314.746611  x:  0.15403   3.53843   0.06610  
  4 238.1093 1000312.383598  x:  0.15219   3.53555   0.06530  
  5  0.0031 1000312.342492  x:  0.15207   3.53448   0.06558  
  6  0.0013 1000312.342451  x:  0.15207   3.53402   0.06558  
  7  0.0004 1000312.342451  x:  0.15207   3.53402   0.06558  

6 (And_tri) ... 4 (And_hat)
  0  0.0000 979215.903751  x:  0.12094   3.11498   0.05321  
  1 99.0000 979134.547694  x:  0.11324   3.11507   0.06268  
  2 13562.6167 979129.188241  x:  0.11508   3.11518   0.06521  
  3 3700.5387 979104.791822  x:  0.11515   3.49256   0.06672  
  4 139.0106 979104.597775  x:  0.11478   3.49132   0.06727  
  5  0.0012 979104.597349  x:  0.11480   3.49105   0.06729  
  6  0.0003 979104.597348  x:  0.11480   3.49101   0.06729  

6 (And_tri) ... 5 (And_mar)
  0  0.0000 980422.761781  x:  0.11174   3.03748   0.17201  
  1 99.0000 979179.456266  x:  0.09600   3.03851   0.08071  
  2 21165.4720 978980.445940  x:  0.10470   3.03871   0.06109  
  3 57189.0850 978978.633094  x:  0.10498   3.13130   0.06202  
  4 29.1672 978906.905241  x:  0.11105   2.91023   0.06975  
  5  0.5733 978904.756155  x:  0.11217   2.96044   0.06864  
  6  0.0516 978904.718132  x:  0.11224   2.94947   0.06843  
  7  0.0111 978904.718054  x:  0.11223   2.94940   0.06842  

7 (Bom_pas) ... 1 (And_bic)
  0  0.0000 1222700.936524  x:  1.05681   2.81004   0.10602  
  1 99.0000 1218133.989155  x:  1.05246   2.81112   0.05716  
  2 143858.5264 1217490.158740  x:  1.20065   3.47152   0.04858  
  3 2114.9152 1217018.299742  x:  1.12741   3.97258   0.05921  
  4 15292.5206 1216997.634053  x:  1.12173   4.06655   0.05762  
  5  0.0984 1216990.770083  x:  1.14221   4.14261   0.05682  
  6  0.0696 1216990.645637  x:  1.14161   4.15326   0.05699  
  7  0.0089 1216990.644985  x:  1.14159   4.15387   0.05698  
  8  0.0006 1216990.644985  x:  1.14159   4.15387   0.05698  
  9  0.0000 1216990.644985  x:  1.14159   4.15387   0.05698  

7 (Bom_pas) ... 2 (And_ful)
  0  0.0000 1224979.588760  x:  1.33339   3.56889   0.07920  
  1 99.0000 1222041.507581  x:  1.33066   3.56927   0.04856  
  2 156196.7671 1221641.542237  x:  1.17137   3.61602   0.05850  
  3 4578.4785 1221329.365672  x:  1.25027   4.42985   0.05707  
  4 887.4460 1221272.676644  x:  1.22357   4.45284   0.05474  
  5  0.0463 1221272.578440  x:  1.22600   4.45950   0.05457  
  6  0.0072 1221272.574451  x:  1.22607   4.46250   0.05458  
  7  0.0023 1221272.574449  x:  1.22606   4.46251   0.05458  

7 (Bom_pas) ... 3 (And_hae)
  0  0.0000 1217953.574008  x:  1.09544   3.82577   0.06540  
  1 99.0000 1217834.393354  x:  1.09528   3.82587   0.05898  
  2 35452.2902 1217815.195090  x:  1.12735   3.83859   0.05730  
  3 1139.8298 1217707.190543  x:  1.15077   4.33085   0.05748  
  4 565.0106 1217707.031703  x:  1.15350   4.32987   0.05744  
  5  0.0026 1217707.029848  x:  1.15363   4.32996   0.05741  
  6  0.0002 1217707.029844  x:  1.15363   4.33005   0.05741  
  7  0.0001 1217707.029844  x:  1.15363   4.33005   0.05741  
  8  0.0000 1217707.029844  x:  1.15363   4.33005   0.05741  
check convergence!


7 (Bom_pas) ... 4 (And_hat)
  0  0.0000 1221228.220135  x:  1.22012   3.83565   0.09522  
  1 99.0000 1217042.940145  x:  1.21599   3.83602   0.05288  
  2 154218.2238 1216922.935843  x:  1.13957   3.85438   0.05897  
  3 2978.4986 1216814.784663  x:  1.17796   4.34800   0.05810  
  4 478.6434 1216787.482877  x:  1.15731   4.34773   0.05659  
  5  0.0315 1216787.464898  x:  1.15818   4.34929   0.05650  
  6  0.0019 1216787.464832  x:  1.15819   4.34969   0.05651  

7 (Bom_pas) ... 5 (And_mar)
  0  0.0000 1220684.575659  x:  1.08683   3.83962   0.10606  
  1 99.0000 1216633.387245  x:  1.08295   3.83992   0.05917  
  2 134877.5014 1216619.134029  x:  1.10617   3.84433   0.05707  
  3 1204.0621 1216578.566546  x:  1.12176   4.13977   0.05705  
  4 302.7030 1216574.109857  x:  1.12964   4.14182   0.05770  
  5  0.0139 1216574.063619  x:  1.13102   4.14175   0.05757  
  6  0.0013 1216574.063595  x:  1.13103   4.14199   0.05757  

7 (Bom_pas) ... 6 (And_tri)
  0  0.0000 1229468.322373  x:  1.22091   3.60971   0.14298  
  1 99.0000 1216732.702145  x:  1.20790   3.61079   0.05256  
  2 184017.7468 1216645.991928  x:  1.15716   3.62310   0.05898  
  3 3539.1878 1216497.948917  x:  1.19651   4.17182   0.05811  
  4 596.1898 1216395.981736  x:  1.13351   4.14497   0.05751  
  5  0.1003 1216395.201164  x:  1.13821   4.15372   0.05694  
  6  0.0106 1216395.198003  x:  1.13794   4.15449   0.05694  
  7  0.0008 1216395.197963  x:  1.13796   4.15477   0.05694  
  8  0.0002 1216395.197963  x:  1.13796   4.15478   0.05694  