

2 (Bom_con) ... 1 (Apis_mel)
  0  0.0000 415730.062532  x:  0.55495   1.55652   0.44853  
  1 99.0000 407544.793781  x:  0.40752   1.62011   0.10919  
  2 26242.6742 407292.265267  x:  0.42656   1.62791   0.08317  
  3 18913.9638 404904.989554  x:  0.52934   3.56864   0.12103  
  4 3660.3713 404759.449745  x:  0.56354   3.59616   0.09671  
  5  0.0289 404752.286151  x:  0.57095   3.77216   0.09811  
  6  0.0569 404751.808712  x:  0.56987   3.79380   0.09726  
  7  0.0217 404751.783998  x:  0.56917   3.79723   0.09748  
  8  0.0035 404751.783992  x:  0.56918   3.79742   0.09748  
  9  0.0002 404751.783992  x:  0.56918   3.79742   0.09748  

3 (Bom_hor) ... 1 (Apis_mel)
  0  0.0000 405414.535493  x:  0.54014   3.42773   0.10911  
  1 99.0000 405375.937292  x:  0.54357   3.42805   0.09712  
  2 5868.3116 405345.554658  x:  0.57403   3.42994   0.09481  
  3 2321.9039 405319.080138  x:  0.57845   3.80531   0.09614  
  4 150.3189 405319.041868  x:  0.57891   3.80484   0.09577  
  5  0.0009 405319.041356  x:  0.57903   3.80477   0.09577  
  6  0.0001 405319.041356  x:  0.57903   3.80477   0.09577  

3 (Bom_hor) ... 2 (Bom_con)
  0  0.0000 343998.723389  x:  0.10418   3.51366   0.11026  
  1 99.0000 343920.245043  x:  0.12022   3.51387   0.11355  
  2 10086.6888 343913.250688  x:  0.11938   3.51502   0.12473  
  3 1316.5090 343829.411028  x:  0.11926   5.02358   0.13371  
  4 140.7941 343829.329397  x:  0.11944   5.00443   0.13243  
  5  0.0150 343829.328413  x:  0.11941   4.99910   0.13241  
  6  0.0034 343829.328376  x:  0.11941   4.99868   0.13243  
  7  0.0003 343829.328376  x:  0.11941   4.99863   0.13242  

4 (Bom_hyp) ... 1 (Apis_mel)
  0  0.0000 404657.237400  x:  0.45873   4.17879   0.12592  
  1 99.0000 404324.444153  x:  0.49900   4.17804   0.09168  
  2 11360.0791 404101.041513  x:  0.56134   4.17652   0.10173  
  3 12748.9224 404076.681885  x:  0.55830   3.78204   0.10047  
  4 116.7785 404065.103497  x:  0.56878   3.79463   0.09421  
  5  0.0172 404065.051599  x:  0.56987   3.79452   0.09431  
  6  0.0010 404065.051493  x:  0.56990   3.79486   0.09429  
  7  0.0004 404065.051493  x:  0.56990   3.79485   0.09429  

4 (Bom_hyp) ... 2 (Bom_con)
  0  0.0000 341806.858116  x:  0.11765   3.39858   0.10034  
  1 99.0000 341789.109571  x:  0.11018   3.39894   0.10610  
  2 3690.3413 341779.011227  x:  0.11226   3.39995   0.11807  
  3 2213.1890 341679.174584  x:  0.11237   5.05568   0.12741  
  4 153.7271 341679.062163  x:  0.11179   5.05413   0.12701  
  5  0.0017 341679.061271  x:  0.11180   5.05413   0.12688  
  6  0.0001 341679.061268  x:  0.11180   5.05446   0.12688  
  7  0.0002 341679.061267  x:  0.11180   5.05451   0.12688  
  8  0.0000 341679.061267  x:  0.11180   5.05451   0.12688  
  9  0.0000 341679.061267  x:  0.11180   5.05451   0.12688  
 10  0.0000 341679.061267  x:  0.11180   5.05451   0.12688  
check convergence!


4 (Bom_hyp) ... 3 (Bom_hor)
  0  0.0000 330843.280465  x:  0.06312   4.23716   0.13233  
  1 99.0000 330827.787507  x:  0.06851   4.23718   0.13207  
  2 5904.3559 330826.716971  x:  0.06856   4.23769   0.12626  
  3 342.2044 330818.220660  x:  0.06850   4.91423   0.13010  
  4 27.6796 330818.199404  x:  0.06852   4.91296   0.12923  
  5  0.0016 330818.199401  x:  0.06852   4.91321   0.12922  
  6  0.0002 330818.199401  x:  0.06852   4.91327   0.12922  

5 (Bom_mus) ... 1 (Apis_mel)
  0  0.0000 406100.618128  x:  0.44072   4.23220   0.17871  
  1 99.0000 405001.576670  x:  0.48578   4.23169   0.09902  
  2 19015.3685 404697.923956  x:  0.56639   4.22987   0.10565  
  3 9674.0731 404668.760878  x:  0.56383   3.80060   0.10355  
  4 127.5428 404650.219453  x:  0.57331   3.83353   0.09534  
  5  0.0606 404650.071754  x:  0.57539   3.83433   0.09537  
  6  0.0018 404650.071626  x:  0.57541   3.83474   0.09535  
  7  0.0004 404650.071626  x:  0.57541   3.83474   0.09535  
  8  0.0000 404650.071626  x:  0.57541   3.83474   0.09535  
  9  0.0000 404650.071626  x:  0.57541   3.83474   0.09535  

5 (Bom_mus) ... 2 (Bom_con)
  0  0.0000 344022.966371  x:  0.09417   3.36120   0.09670  
  1 99.0000 343778.714929  x:  0.12156   3.36144   0.10406  
  2 18865.3203 343745.814352  x:  0.11920   3.36268   0.12751  
  3 3141.6148 343620.471983  x:  0.11886   5.20576   0.13814  
  4 179.6577 343620.367307  x:  0.11932   5.18090   0.13711  
  5  0.0182 343620.363912  x:  0.11926   5.17121   0.13701  
  6  0.0056 343620.363818  x:  0.11927   5.17036   0.13705  
  7  0.0005 343620.363818  x:  0.11927   5.17033   0.13705  
  8  0.0000 343620.363818  x:  0.11927   5.17031   0.13705  

5 (Bom_mus) ... 3 (Bom_hor)
  0  0.0000 331946.622990  x:  0.07544   4.41909   0.14141  
  1 99.0000 331941.057675  x:  0.07215   4.41911   0.14135  
  2 3166.0984 331941.040517  x:  0.07216   4.42007   0.14054  
  3 27.1493 331936.021529  x:  0.07211   4.93955   0.14404  
  4 49.7557 331936.004289  x:  0.07194   4.93737   0.14373  
  5  0.0023 331936.004269  x:  0.07194   4.93700   0.14370  
  6  0.0004 331936.004269  x:  0.07194   4.93695   0.14370  
  7  0.0000 331936.004269  x:  0.07194   4.93699   0.14370  
  8  0.0000 331936.004269  x:  0.07194   4.93699   0.14370  

5 (Bom_mus) ... 4 (Bom_hyp)
  0  0.0000 331339.514217  x:  0.06755   4.10645   0.15755  
  1 99.0000 331332.157144  x:  0.07143   4.10652   0.15604  
  2 3641.5032 331312.224510  x:  0.07134   4.10769   0.12810  
  3 1502.8831 331290.960224  x:  0.07122   5.17286   0.13547  
  4 46.0270 331290.817909  x:  0.07115   5.17370   0.13325  
  5  0.0028 331290.817684  x:  0.07113   5.17497   0.13325  
  6  0.0012 331290.817680  x:  0.07113   5.17540   0.13326  
  7  0.0003 331290.817680  x:  0.07113   5.17540   0.13326  
  8  0.0000 331290.817680  x:  0.07113   5.17540   0.13326  
check convergence!


6 (Bom_pas) ... 1 (Apis_mel)
  0  0.0000 405967.907792  x:  0.57246   4.41108   0.17759  
  1 99.0000 404893.042372  x:  0.55956   4.41090   0.09982  
  2 21261.4881 404876.242157  x:  0.58130   4.40839   0.09460  
  3 1518.5374 404830.996803  x:  0.57328   3.84491   0.09322  
  4 150.2307 404827.984451  x:  0.57663   3.83582   0.09567  
  5  0.0216 404827.982731  x:  0.57669   3.83903   0.09568  
  6  0.0040 404827.982730  x:  0.57670   3.83902   0.09567  
  7  0.0000 404827.982730  x:  0.57670   3.83902   0.09567  

6 (Bom_pas) ... 2 (Bom_con)
  0  0.0000 344259.483792  x:  0.10083   3.54839   0.10062  
  1 99.0000 344104.778906  x:  0.12301   3.54860   0.10823  
  2 14142.5802 344073.061498  x:  0.12013   3.54969   0.13163  
  3 3064.1462 343973.042564  x:  0.11986   5.21253   0.14086  
  4 151.4939 343972.953026  x:  0.12043   5.21166   0.14044  
  5  0.0010 343972.952944  x:  0.12042   5.21205   0.14041  
  6  0.0003 343972.952943  x:  0.12042   5.21219   0.14041  
  7  0.0001 343972.952943  x:  0.12042   5.21224   0.14041  
  8  0.0000 343972.952943  x:  0.12042   5.21224   0.14041  
  9  0.0000 343972.952943  x:  0.12042   5.21224   0.14041  
check convergence!


6 (Bom_pas) ... 3 (Bom_hor)
  0  0.0000 332531.803181  x:  0.07502   4.26363   0.25509  
  1 99.0000 332518.248782  x:  0.06986   4.26376   0.24998  
  2 3646.3293 332352.342136  x:  0.07149   4.26635   0.14837  
  3 4841.9775 332338.467005  x:  0.07158   5.10172   0.15736  
  4 36.7684 332336.388283  x:  0.07264   5.13793   0.14921  
  5  0.0573 332336.207086  x:  0.07317   5.14159   0.15056  
  6  0.0047 332336.206687  x:  0.07318   5.14449   0.15048  
  7  0.0027 332336.206675  x:  0.07317   5.14522   0.15049  
  8  0.0006 332336.206675  x:  0.07317   5.14523   0.15049  
  9  0.0000 332336.206675  x:  0.07317   5.14523   0.15049  

6 (Bom_pas) ... 4 (Bom_hyp)
  0  0.0000 331779.640609  x:  0.06544   4.35154   0.20734  
  1 99.0000 331756.747746  x:  0.07214   4.35160   0.20512  
  2 6719.2856 331672.577682  x:  0.07227   4.35345   0.13845  
  3 2364.4792 331653.634525  x:  0.07217   5.40487   0.14727  
  4 41.0630 331653.253271  x:  0.07209   5.41827   0.14345  
  5  0.0207 331653.250369  x:  0.07202   5.42397   0.14350  
  6  0.0050 331653.250335  x:  0.07202   5.42546   0.14351  

6 (Bom_pas) ... 5 (Bom_mus)
  0  0.0000 316347.547488  x:  0.02504   4.49089   0.21080  
  1 99.0000 316343.785059  x:  0.02346   4.49090   0.21055  
  2 4574.6752 316314.276058  x:  0.02359   4.49316   0.14139  
  3 732.5564 316303.390101  x:  0.02352   5.99237   0.15405  
  4 17.2839 316303.093922  x:  0.02354   6.01750   0.14801  
  5  0.0373 316303.092169  x:  0.02354   6.04022   0.14804  
  6  0.0136 316303.092150  x:  0.02354   6.04031   0.14808  
  7  0.0001 316303.092150  x:  0.02354   6.04031   0.14808  
check convergence!


7 (Bom_syl) ... 1 (Apis_mel)
  0  0.0000 405080.728190  x:  0.52713   4.97162   0.13226  
  1 99.0000 404900.219471  x:  0.53383   4.97091   0.10298  
  2 10706.6826 404811.720882  x:  0.58795   4.96639   0.09760  
  3 3805.5974 404650.258245  x:  0.57587   3.83063   0.09553  
  4 249.0410 404649.773021  x:  0.57328   3.82784   0.09676  
  5  0.0052 404649.736047  x:  0.57245   3.82984   0.09665  
  6  0.0026 404649.735960  x:  0.57245   3.82914   0.09664  
  7  0.0010 404649.735960  x:  0.57245   3.82915   0.09664  

7 (Bom_syl) ... 2 (Bom_con)
  0  0.0000 344175.280910  x:  0.12271   3.47491   0.08385  
  1 99.0000 344043.687526  x:  0.12198   3.47569   0.12665  
  2 7370.2603 344043.240572  x:  0.12070   3.47602   0.12674  
  3 672.9702 343926.044462  x:  0.12090   5.27565   0.13479  
  4 178.4824 343925.974247  x:  0.12085   5.27248   0.13604  
  5  0.0017 343925.974086  x:  0.12087   5.27063   0.13602  
  6  0.0012 343925.974068  x:  0.12086   5.26999   0.13602  
  7  0.0005 343925.974068  x:  0.12086   5.26999   0.13602  
  8  0.0000 343925.974068  x:  0.12086   5.26999   0.13602  

7 (Bom_syl) ... 3 (Bom_hor)
  0  0.0000 331928.871895  x:  0.06678   4.45543   0.18597  
  1 99.0000 331911.735946  x:  0.07272   4.45548   0.18386  
  2 5684.1007 331855.520965  x:  0.07274   4.45676   0.13278  
  3 2156.0776 331841.733768  x:  0.07266   5.36316   0.13941  
  4 33.9295 331841.539653  x:  0.07251   5.37177   0.13686  
  5  0.0121 331841.536242  x:  0.07243   5.37526   0.13697  
  6  0.0033 331841.536230  x:  0.07243   5.37631   0.13698  
  7  0.0007 331841.536230  x:  0.07243   5.37631   0.13698  
  8  0.0001 331841.536230  x:  0.07243   5.37631   0.13698  
  9  0.0000 331841.536230  x:  0.07243   5.37631   0.13698  
 10  0.1316 331841.536230  x:  0.07243   5.37631   0.13698  
 11 27.7723 331841.536230  x:  0.07243   5.37631   0.13698  

7 (Bom_syl) ... 4 (Bom_hyp)
  0  0.0000 331363.459173  x:  0.07416   4.48197   0.24125  
  1 99.0000 331343.418356  x:  0.06792   4.48208   0.23628  
  2 4871.0981 331125.009591  x:  0.06945   4.48463   0.12436  
  3 4777.6187 331105.082631  x:  0.06956   5.59550   0.13459  
  4 40.5127 331103.172672  x:  0.07061   5.64586   0.12778  
  5  0.0807 331102.959931  x:  0.07117   5.64910   0.12918  
  6  0.0045 331102.959218  x:  0.07118   5.65489   0.12910  
  7  0.0048 331102.959186  x:  0.07118   5.65603   0.12913  

7 (Bom_syl) ... 5 (Bom_mus)
  0  0.0000 330516.534162  x:  0.07100   4.62697   0.10825  
  1 99.0000 330506.264221  x:  0.06664   4.62701   0.11234  
  2 3347.2489 330478.655308  x:  0.06876   4.62736   0.14101  
  3 3479.4887 330462.286912  x:  0.06874   5.71841   0.14541  
  4 34.0862 330461.969922  x:  0.06798   5.71923   0.14668  
  5  0.0016 330461.965159  x:  0.06801   5.71803   0.14711  
  6  0.0009 330461.965157  x:  0.06801   5.71759   0.14711  
  7  0.0003 330461.965157  x:  0.06801   5.71768   0.14711  
  8  0.0001 330461.965157  x:  0.06801   5.71768   0.14711  
  9  0.0000 330461.965157  x:  0.06801   5.71767   0.14711  
 10  0.0003 330461.965157  x:  0.06801   5.71767   0.14711  
check convergence!


7 (Bom_syl) ... 6 (Bom_pas)
  0  0.0000 330922.896173  x:  0.07306   4.71296   0.23716  
  1 99.0000 330906.004043  x:  0.06728   4.71303   0.23452  
  2 5175.6745 330798.459254  x:  0.06833   4.71528   0.14981  
  3 2497.4761 330778.382345  x:  0.06835   5.93265   0.16022  
  4 37.6259 330777.807509  x:  0.06869   5.95796   0.15528  
  5  0.0394 330777.793618  x:  0.06884   5.96821   0.15554  
  6  0.0106 330777.793265  x:  0.06883   5.97394   0.15554  
  7  0.0040 330777.793264  x:  0.06883   5.97393   0.15555  

8 (Bom_vet) ... 1 (Apis_mel)
  0  0.0000 406291.479324  x:  0.55082   4.74964   0.19857  
  1 99.0000 404897.770853  x:  0.54031   4.74908   0.10249  
  2 21613.1449 404835.598899  x:  0.58061   4.74568   0.09221  
  3 3094.8618 404728.630440  x:  0.56866   3.83693   0.08996  
  4 210.9253 404714.611910  x:  0.57648   3.81339   0.09528  
  5  0.0634 404714.550794  x:  0.57678   3.83095   0.09513  
  6  0.0227 404714.548269  x:  0.57677   3.82925   0.09504  
  7  0.0017 404714.548267  x:  0.57678   3.82923   0.09504  
  8  0.0000 404714.548267  x:  0.57678   3.82923   0.09504  

8 (Bom_vet) ... 2 (Bom_con)
  0  0.0000 343657.324484  x:  0.11987   3.44436   0.10927  
  1 99.0000 343639.127740  x:  0.11824   3.44564   0.12704  
  2 2176.6546 343638.953494  x:  0.11902   3.44603   0.12725  
  3 402.8927 343520.041860  x:  0.11884   5.25290   0.13781  
  4 208.1760 343519.973621  x:  0.11899   5.25076   0.13659  
  5  0.0018 343519.973315  x:  0.11897   5.25199   0.13656  
  6  0.0011 343519.973286  x:  0.11897   5.25305   0.13657  
  7  0.0006 343519.973286  x:  0.11897   5.25306   0.13657  

8 (Bom_vet) ... 3 (Bom_hor)
  0  0.0000 331829.060524  x:  0.05625   4.27870   0.22717  
  1 99.0000 331717.226280  x:  0.07020   4.27874   0.22538  
  2 17245.2842 331601.441074  x:  0.07053   4.28063   0.14182  
  3 2304.2150 331591.893563  x:  0.07049   4.98376   0.14854  
  4 29.6963 331591.655439  x:  0.07054   4.99705   0.14550  
  5  0.0233 331591.654107  x:  0.07059   5.00202   0.14548  
  6  0.0039 331591.654101  x:  0.07059   5.00213   0.14549  
  7  0.0001 331591.654101  x:  0.07059   5.00215   0.14549  
  8  0.0000 331591.654101  x:  0.07059   5.00213   0.14549  

8 (Bom_vet) ... 4 (Bom_hyp)
  0  0.0000 331409.825695  x:  0.07400   4.25002   0.25675  
  1 99.0000 331389.067224  x:  0.06764   4.25013   0.25248  
  2 5247.5949 331159.089514  x:  0.06899   4.25320   0.13175  
  3 4110.9556 331140.051706  x:  0.06907   5.26714   0.14261  
  4 42.4419 331138.197850  x:  0.06991   5.31693   0.13517  
  5  0.0877 331138.014983  x:  0.07046   5.32267   0.13627  
  6  0.0070 331138.014317  x:  0.07046   5.32836   0.13620  
  7  0.0046 331138.014290  x:  0.07046   5.32922   0.13623  
  8  0.0008 331138.014290  x:  0.07046   5.32921   0.13623  
  9  0.0000 331138.014290  x:  0.07046   5.32921   0.13623  

8 (Bom_vet) ... 5 (Bom_mus)
  0  0.0000 315496.816582  x:  0.02005   4.38292   0.13320  
  1 99.0000 315493.048014  x:  0.02153   4.38292   0.13315  
  2 5279.0077 315491.791434  x:  0.02155   4.38361   0.12168  
  3 208.3393 315486.974017  x:  0.02150   5.35698   0.12706  
  4 11.2338 315486.959722  x:  0.02149   5.35564   0.12584  
  5  0.0019 315486.959715  x:  0.02149   5.35618   0.12583  
  6  0.0005 315486.959715  x:  0.02149   5.35630   0.12583  
  7  0.0001 315486.959715  x:  0.02149   5.35633   0.12583  

8 (Bom_vet) ... 6 (Bom_pas)
  0  0.0000 316213.662359  x:  0.01968   4.40237   0.22864  
  1 99.0000 316193.917357  x:  0.02303   4.40238   0.22842  
  2 12412.3981 316145.872357  x:  0.02311   4.40511   0.14376  
  3 846.4140 316133.660961  x:  0.02306   5.96403   0.15822  
  4 18.6504 316131.853099  x:  0.02308   6.03022   0.14340  
  5  0.1161 316131.825555  x:  0.02309   6.12150   0.14322  
  6  0.0520 316131.824802  x:  0.02309   6.12399   0.14353  
  7  0.0027 316131.824801  x:  0.02309   6.12414   0.14353  

8 (Bom_vet) ... 7 (Bom_syl)
  0  0.0000 330299.126637  x:  0.06398   4.80269   0.12094  
  1 99.0000 330290.593705  x:  0.06803   4.80272   0.12222  
  2 4149.6856 330280.504352  x:  0.06742   4.80317   0.14136  
  3 1210.5833 330265.383151  x:  0.06733   5.95625   0.14625  
  4 31.1867 330265.355084  x:  0.06739   5.90548   0.14601  
  5  0.0366 330265.354885  x:  0.06738   5.90341   0.14603  
  6  0.0019 330265.354884  x:  0.06738   5.90352   0.14604  
  7  0.0001 330265.354884  x:  0.06738   5.90349   0.14604  
  8  0.0000 330265.354884  x:  0.06738   5.90350   0.14604  
  9  0.0000 330265.354884  x:  0.06738   5.90349   0.14604  