

2 (Bom_con) ... 1 (Apis_mel)
  0  0.0000 403013.495553  x:  0.55632   1.47476   0.45953  
  1 99.0000 394825.745118  x:  0.39133   1.54679   0.11243  
  2 25519.0641 394549.080998  x:  0.40828   1.55493   0.08425  
  3 21662.2959 391993.579321  x:  0.51598   3.53788   0.12449  
  4 3895.2087 391805.785015  x:  0.55999   3.52469   0.09657  
  5  0.0313 391797.720311  x:  0.56692   3.72206   0.09784  
  6  0.0574 391797.406800  x:  0.56643   3.73408   0.09699  
  7  0.0130 391797.382517  x:  0.56565   3.73745   0.09717  
  8  0.0031 391797.382516  x:  0.56565   3.73753   0.09717  
  9  0.0001 391797.382516  x:  0.56565   3.73753   0.09717  
 10  0.0000 391797.382516  x:  0.56565   3.73753   0.09717  
 11  0.0000 391797.382516  x:  0.56565   3.73753   0.09717  
check convergence!


3 (Bom_hor) ... 1 (Apis_mel)
  0  0.0000 392357.714235  x:  0.50993   3.24530   0.09143  
  1 99.0000 392304.434514  x:  0.52055   3.24569   0.10320  
  2 7039.1717 392218.836132  x:  0.56949   3.24859   0.09291  
  3 4740.0680 392154.538731  x:  0.57609   3.82996   0.09489  
  4 242.9368 392154.421480  x:  0.57793   3.82987   0.09443  
  5  0.0016 392154.420380  x:  0.57802   3.83015   0.09447  
  6  0.0003 392154.420380  x:  0.57802   3.83020   0.09447  
  7  0.0000 392154.420380  x:  0.57802   3.83020   0.09447  
check convergence!


3 (Bom_hor) ... 2 (Bom_con)
  0  0.0000 332777.911548  x:  0.12048   3.42309   0.13681  
  1 99.0000 332772.235342  x:  0.11661   3.42375   0.13154  
  2 1699.6022 332766.433894  x:  0.11882   3.42526   0.12200  
  3 1961.2635 332656.723608  x:  0.11901   5.15110   0.13574  
  4 164.3436 332655.885012  x:  0.11914   5.16115   0.13146  
  5  0.0099 332655.876451  x:  0.11920   5.17988   0.13151  
  6  0.0096 332655.876262  x:  0.11917   5.18063   0.13154  
  7  0.0007 332655.876262  x:  0.11917   5.18063   0.13154  

4 (Bom_hyp) ... 1 (Apis_mel)
  0  0.0000 393836.353033  x:  0.49927   4.28671   0.24131  
  1 99.0000 391708.268277  x:  0.49924   4.28667   0.10448  
  2 21411.9793 391542.016910  x:  0.56239   4.28449   0.08846  
  3 5595.9122 391518.092579  x:  0.55638   3.86742   0.08660  
  4 106.5367 391477.565383  x:  0.56791   3.76801   0.09501  
  5  0.3709 391477.158683  x:  0.57060   3.80959   0.09482  
  6  0.0461 391477.140801  x:  0.57111   3.80385   0.09466  
  7  0.0054 391477.140736  x:  0.57110   3.80394   0.09465  
  8  0.0001 391477.140736  x:  0.57110   3.80395   0.09465  

4 (Bom_hyp) ... 2 (Bom_con)
  0  0.0000 331345.389218  x:  0.09147   3.27714   0.12324  
  1 99.0000 331194.189743  x:  0.11295   3.27739   0.12310  
  2 15203.6240 331192.847631  x:  0.11307   3.27936   0.11810  
  3 484.1970 331071.914891  x:  0.11284   5.05339   0.13250  
  4 198.9605 331071.076217  x:  0.11309   5.07558   0.12829  
  5  0.0187 331071.056434  x:  0.11310   5.10544   0.12846  
  6  0.0142 331071.056420  x:  0.11310   5.10518   0.12847  
  7  0.0002 331071.056420  x:  0.11310   5.10520   0.12846  
  8  0.0000 331071.056420  x:  0.11310   5.10521   0.12846  
  9  0.0000 331071.056420  x:  0.11310   5.10520   0.12846  

4 (Bom_hyp) ... 3 (Bom_hor)
  0  0.0000 319792.130087  x:  0.05537   4.30864   0.18483  
  1 99.0000 319717.656925  x:  0.06678   4.30869   0.18320  
  2 13834.1841 319648.867752  x:  0.06703   4.31024   0.12540  
  3 2068.1014 319630.390800  x:  0.06695   5.39940   0.13394  
  4 38.6260 319630.040503  x:  0.06698   5.41671   0.13038  
  5  0.0255 319630.038595  x:  0.06699   5.42939   0.13043  
  6  0.0085 319630.038591  x:  0.06699   5.42941   0.13044  
  7  0.0000 319630.038591  x:  0.06699   5.42943   0.13044  

5 (Bom_mus) ... 1 (Apis_mel)
  0  0.0000 393128.489064  x:  0.49095   4.58505   0.16260  
  1 99.0000 392500.912354  x:  0.50759   4.58439   0.10223  
  2 16255.3999 392277.310018  x:  0.59359   4.58080   0.09491  
  3 6405.1179 392206.468307  x:  0.58591   3.85030   0.09252  
  4 177.1602 392205.593744  x:  0.58402   3.84157   0.09427  
  5  0.0183 392205.466726  x:  0.58207   3.84466   0.09428  
  6  0.0034 392205.466496  x:  0.58205   3.84349   0.09427  
  7  0.0015 392205.466496  x:  0.58204   3.84350   0.09427  

5 (Bom_mus) ... 2 (Bom_con)
  0  0.0000 333575.132971  x:  0.10763   3.49900   0.18305  
  1 99.0000 333505.193209  x:  0.12347   3.49936   0.17626  
  2 8552.2792 333409.150222  x:  0.12315   3.50203   0.12636  
  3 3917.6028 333320.034561  x:  0.12289   5.00711   0.14131  
  4 145.0346 333317.995412  x:  0.12250   5.03304   0.13482  
  5  0.0333 333317.962884  x:  0.12225   5.05824   0.13503  
  6  0.0172 333317.960841  x:  0.12231   5.06460   0.13506  
  7  0.0044 333317.960839  x:  0.12231   5.06469   0.13506  
  8  0.0001 333317.960839  x:  0.12231   5.06469   0.13506  

5 (Bom_mus) ... 3 (Bom_hor)
  0  0.0000 320336.933650  x:  0.06653   4.17060   0.11304  
  1 99.0000 320330.907125  x:  0.07004   4.17064   0.11409  
  2 3379.2573 320325.826309  x:  0.06958   4.17114   0.12662  
  3 904.0391 320309.381092  x:  0.06948   5.14929   0.13153  
  4 38.4468 320309.379025  x:  0.06952   5.14283   0.13133  
  5  0.0054 320309.378997  x:  0.06951   5.14184   0.13132  
  6  0.0008 320309.378997  x:  0.06951   5.14176   0.13132  

5 (Bom_mus) ... 4 (Bom_hyp)
  0  0.0000 320520.649588  x:  0.06278   4.12472   0.13320  
  1 99.0000 320486.048044  x:  0.07101   4.12476   0.13266  
  2 8766.3840 320482.279951  x:  0.07109   4.12562   0.12158  
  3 649.2512 320459.583345  x:  0.07099   5.27306   0.12848  
  4 46.3072 320459.498538  x:  0.07103   5.26924   0.12677  
  5  0.0042 320459.498531  x:  0.07104   5.26946   0.12677  
  6  0.0002 320459.498530  x:  0.07104   5.26953   0.12677  
  7  0.0001 320459.498530  x:  0.07104   5.26955   0.12677  
  8  0.0000 320459.498530  x:  0.07104   5.26955   0.12677  
  9  0.0000 320459.498530  x:  0.07104   5.26955   0.12677  
 10  0.0170 320459.498530  x:  0.07104   5.26955   0.12677  
check convergence!


6 (Bom_pas) ... 1 (Apis_mel)
  0  0.0000 394519.909629  x:  0.44391   4.40907   0.21909  
  1 99.0000 392715.373510  x:  0.49176   4.40842   0.10155  
  2 20630.2405 392416.726715  x:  0.58008   4.40582   0.10389  
  3 8299.4097 392361.915300  x:  0.57632   3.79823   0.10032  
  4 166.4655 392353.003093  x:  0.58151   3.83526   0.09474  
  5  0.1006 392352.993112  x:  0.58181   3.82925   0.09469  
  6  0.0063 392352.992667  x:  0.58191   3.83022   0.09470  
  7  0.0009 392352.992667  x:  0.58191   3.83023   0.09469  

6 (Bom_pas) ... 2 (Bom_con)
  0  0.0000 333819.985788  x:  0.11005   3.43361   0.11004  
  1 99.0000 333758.157874  x:  0.12484   3.43387   0.11393  
  2 8468.9766 333750.819043  x:  0.12372   3.43512   0.12520  
  3 1377.7960 333651.796430  x:  0.12360   5.03221   0.13514  
  4 157.3399 333651.701077  x:  0.12383   5.03152   0.13378  
  5  0.0012 333651.700497  x:  0.12380   5.03351   0.13373  
  6  0.0015 333651.700463  x:  0.12380   5.03455   0.13375  
  7  0.0006 333651.700462  x:  0.12380   5.03457   0.13375  

6 (Bom_pas) ... 3 (Bom_hor)
  0  0.0000 320667.982147  x:  0.06014   4.03592   0.13112  
  1 99.0000 320610.575564  x:  0.07058   4.03597   0.13100  
  2 11655.6394 320609.982954  x:  0.07062   4.03690   0.12654  
  3 254.1769 320584.018110  x:  0.07051   5.24812   0.13420  
  4 52.5161 320583.954610  x:  0.07054   5.24262   0.13267  
  5  0.0054 320583.954595  x:  0.07054   5.24247   0.13265  
  6  0.0002 320583.954595  x:  0.07054   5.24241   0.13265  
  7  0.0000 320583.954595  x:  0.07054   5.24242   0.13265  

6 (Bom_pas) ... 4 (Bom_hyp)
  0  0.0000 320863.183960  x:  0.06195   4.17398   0.15742  
  1 99.0000 320813.134122  x:  0.07181   4.17403   0.15614  
  2 10612.6244 320789.449091  x:  0.07197   4.17524   0.12578  
  3 1445.6679 320766.181929  x:  0.07187   5.34117   0.13385  
  4 46.4844 320765.988170  x:  0.07192   5.34306   0.13125  
  5  0.0038 320765.988027  x:  0.07192   5.34562   0.13123  
  6  0.0019 320765.988024  x:  0.07192   5.34594   0.13124  
  7  0.0003 320765.988023  x:  0.07192   5.34598   0.13124  
  8  0.0000 320765.988023  x:  0.07192   5.34597   0.13124  
  9  0.0000 320765.988023  x:  0.07192   5.34596   0.13124  

6 (Bom_pas) ... 5 (Bom_mus)
  0  0.0000 306162.687533  x:  0.02525   4.46758   0.23936  
  1 99.0000 306158.985596  x:  0.02366   4.46759   0.23903  
  2 4426.8851 306101.109805  x:  0.02383   4.47064   0.13704  
  3 926.2736 306089.784128  x:  0.02377   5.99219   0.15210  
  4 17.6829 306089.166225  x:  0.02380   6.05002   0.14364  
  5  0.0996 306089.158303  x:  0.02382   6.09832   0.14386  
  6  0.0290 306089.158165  x:  0.02381   6.09861   0.14388  
  7  0.0003 306089.158155  x:  0.02381   6.09978   0.14389  
  8  0.0016 306089.158154  x:  0.02381   6.09978   0.14389  
  9  0.0003 306089.158154  x:  0.02381   6.09978   0.14389  
check convergence!


7 (Bom_syl) ... 1 (Apis_mel)
  0  0.0000 393359.771563  x:  0.51458   4.80254   0.16670  
  1 99.0000 392720.733204  x:  0.52267   4.80182   0.10462  
  2 16499.8632 392570.109748  x:  0.59412   4.79765   0.09430  
  3 4804.9095 392461.182790  x:  0.58335   3.86694   0.09186  
  4 208.0215 392456.152821  x:  0.58289   3.84897   0.09594  
  5  0.0415 392456.047848  x:  0.58138   3.85925   0.09595  
  6  0.0101 392456.045736  x:  0.58123   3.85593   0.09595  
  7  0.0045 392456.045728  x:  0.58122   3.85594   0.09596  

7 (Bom_syl) ... 2 (Bom_con)
  0  0.0000 333934.312745  x:  0.10977   3.34358   0.13601  
  1 99.0000 333881.980931  x:  0.12349   3.34391   0.13529  
  2 7968.8224 333879.758823  x:  0.12363   3.34606   0.12871  
  3 617.9122 333747.190521  x:  0.12348   5.18724   0.14449  
  4 204.2630 333746.183245  x:  0.12372   5.19663   0.13964  
  5  0.0090 333746.172263  x:  0.12372   5.21838   0.13971  
  6  0.0102 333746.172235  x:  0.12372   5.21839   0.13974  
  7  0.0000 333746.172235  x:  0.12372   5.21839   0.13974  

7 (Bom_syl) ... 3 (Bom_hor)
  0  0.0000 321075.708606  x:  0.06376   4.38475   0.20292  
  1 99.0000 321046.244210  x:  0.07138   4.38481   0.20077  
  2 7747.4317 320962.790363  x:  0.07156   4.38654   0.13479  
  3 2299.7179 320945.410731  x:  0.07147   5.42133   0.14348  
  4 38.0064 320945.036066  x:  0.07142   5.43844   0.13973  
  5  0.0262 320945.033540  x:  0.07137   5.44777   0.13979  
  6  0.0074 320945.033498  x:  0.07137   5.44914   0.13980  
  7  0.0011 320945.033498  x:  0.07137   5.44915   0.13980  

7 (Bom_syl) ... 4 (Bom_hyp)
  0  0.0000 321249.001983  x:  0.06895   4.58083   0.11552  
  1 99.0000 321237.677528  x:  0.07388   4.58086   0.11707  
  2 4534.9978 321227.839459  x:  0.07316   4.58126   0.13468  
  3 1274.8268 321213.773384  x:  0.07308   5.55406   0.13901  
  4 32.5464 321213.772690  x:  0.07312   5.55192   0.13902  
  5  0.0020 321213.772684  x:  0.07312   5.55128   0.13902  
  6  0.0005 321213.772684  x:  0.07312   5.55127   0.13902  
  7  0.0000 321213.772684  x:  0.07312   5.55128   0.13902  

7 (Bom_syl) ... 5 (Bom_mus)
  0  0.0000 320350.472265  x:  0.07036   4.56517   0.21634  
  1 99.0000 320342.399659  x:  0.06646   4.56527   0.21216  
  2 2758.7638 320262.227452  x:  0.06807   4.56681   0.14348  
  3 4034.8308 320251.566056  x:  0.06814   5.40517   0.15046  
  4 28.0233 320251.050252  x:  0.06891   5.41560   0.14719  
  5  0.0130 320251.028367  x:  0.06905   5.41529   0.14790  
  6  0.0010 320251.028353  x:  0.06905   5.41589   0.14788  
  7  0.0005 320251.028353  x:  0.06905   5.41605   0.14789  
  8  0.0001 320251.028353  x:  0.06905   5.41604   0.14789  

7 (Bom_syl) ... 6 (Bom_pas)
  0  0.0000 320659.920583  x:  0.06916   4.60190   0.21076  
  1 99.0000 320621.502689  x:  0.07651   4.60276   0.17267  
  2 1947.3965 320587.987681  x:  0.07238   4.60352   0.13968  
  3 19253.7621 320576.290132  x:  0.07193   5.49811   0.14659  
  4 28.8118 320574.657653  x:  0.07015   5.46166   0.14921  
  5  0.0470 320574.651522  x:  0.07012   5.45201   0.14874  
  6  0.0100 320574.651321  x:  0.07013   5.44834   0.14875  
  7  0.0031 320574.651320  x:  0.07013   5.44832   0.14875  
  8  0.0000 320574.651320  x:  0.07013   5.44834   0.14875  
  9  0.0000 320574.651320  x:  0.07013   5.44834   0.14875  
check convergence!


8 (Bom_vet) ... 1 (Apis_mel)
  0  0.0000 392379.636584  x:  0.57538   4.32600   0.12161  
  1 99.0000 392225.739027  x:  0.57347   4.32578   0.09746  
  2 11268.1582 392219.323165  x:  0.58879   4.32308   0.09511  
  3 837.2520 392184.608037  x:  0.58140   3.82775   0.09429  
  4 134.6549 392184.597117  x:  0.58091   3.82734   0.09446  
  5  0.0007 392184.596869  x:  0.58085   3.82744   0.09445  
  6  0.0002 392184.596869  x:  0.58085   3.82744   0.09445  

8 (Bom_vet) ... 2 (Bom_con)
  0  0.0000 333455.184023  x:  0.10845   3.24802   0.18036  
  1 99.0000 333393.091464  x:  0.12343   3.24852   0.17274  
  2 7759.0160 333293.943378  x:  0.12284   3.25179   0.12310  
  3 4283.5548 333165.939714  x:  0.12237   4.97701   0.14185  
  4 189.1865 333162.394534  x:  0.12187   5.00944   0.13340  
  5  0.0404 333162.328764  x:  0.12157   5.04981   0.13347  
  6  0.0241 333162.322722  x:  0.12168   5.05888   0.13364  
  7  0.0067 333162.322664  x:  0.12168   5.05930   0.13361  
  8  0.0004 333162.322664  x:  0.12168   5.05932   0.13361  
  9  0.0000 333162.322664  x:  0.12168   5.05932   0.13361  

8 (Bom_vet) ... 3 (Bom_hor)
  0  0.0000 320377.827344  x:  0.06293   4.09686   0.23555  
  1 99.0000 320357.110415  x:  0.06938   4.09695   0.23231  
  2 6034.7038 320171.163306  x:  0.06958   4.09974   0.12681  
  3 3420.2055 320152.426553  x:  0.06945   5.09818   0.13759  
  4 42.5614 320151.352621  x:  0.06914   5.13942   0.13167  
  5  0.0741 320151.291282  x:  0.06880   5.15212   0.13214  
  6  0.0122 320151.290991  x:  0.06880   5.15672   0.13214  
  7  0.0032 320151.290990  x:  0.06880   5.15674   0.13215  
  8  0.0000 320151.290989  x:  0.06880   5.15673   0.13215  
  9  0.0000 320151.290989  x:  0.06880   5.15673   0.13215  

8 (Bom_vet) ... 4 (Bom_hyp)
  0  0.0000 320531.479458  x:  0.05968   4.43095   0.12806  
  1 99.0000 320466.091430  x:  0.07081   4.43098   0.12806  
  2 12502.0583 320465.905477  x:  0.07083   4.43156   0.12563  
  3 144.0965 320452.292730  x:  0.07077   5.36519   0.13061  
  4 34.4995 320452.275646  x:  0.07077   5.36436   0.12984  
  5  0.0011 320452.275639  x:  0.07077   5.36499   0.12983  
  6  0.0005 320452.275639  x:  0.07077   5.36504   0.12984  

8 (Bom_vet) ... 5 (Bom_mus)
  0  0.0000 305121.556632  x:  0.02105   4.41885   0.11037  
  1 99.0000 305121.329169  x:  0.02142   4.41886   0.11093  
  2 689.4824 305114.537056  x:  0.02104   4.41945   0.13715  
  3 1772.1615 305104.877129  x:  0.02094   5.95548   0.14422  
  4 15.2456 305104.855934  x:  0.02105   5.94466   0.14430  
  5  0.0108 305104.855723  x:  0.02105   5.93756   0.14435  
  6  0.0043 305104.855723  x:  0.02105   5.93735   0.14435  
  7  0.0002 305104.855723  x:  0.02105   5.93731   0.14435  
  8  0.0000 305104.855723  x:  0.02105   5.93731   0.14435  

8 (Bom_vet) ... 6 (Bom_pas)
  0  0.0000 305956.426120  x:  0.01904   4.94131   0.15134  
  1 99.0000 305924.823802  x:  0.02332   4.94131   0.15129  
  2 15863.6904 305923.071180  x:  0.02334   4.94191   0.13669  
  3 229.0525 305919.778104  x:  0.02330   5.82963   0.14150  
  4  8.2057 305919.769659  x:  0.02330   5.83058   0.14051  
  5  0.0015 305919.769654  x:  0.02330   5.83093   0.14050  
  6  0.0009 305919.769653  x:  0.02330   5.83101   0.14050  

8 (Bom_vet) ... 7 (Bom_syl)
  0  0.0000 320245.031789  x:  0.05429   4.65113   0.11764  
  1 99.0000 320124.460866  x:  0.06889   4.65115   0.11914  
  2 17930.6815 320106.432021  x:  0.06847   4.65145   0.14472  
  3 1548.4743 320097.111242  x:  0.06841   5.46325   0.14835  
  4 25.3308 320097.106871  x:  0.06833   5.46165   0.14860  
  5  0.0013 320097.106865  x:  0.06833   5.46135   0.14861  