

2 (And_ful) ... 1 (And_bic)
  0  0.0000 1125666.550628  x:  0.13548   1.35082   0.46956  
  1 99.0000 1123859.588890  x:  0.19343   1.36496   0.40834  
  2 48654.4273 1108619.405698  x:  0.20829   1.44375   0.04603  
  3 88189.2158 1108087.788061  x:  0.20505   1.76100   0.07837  
  4 4195.7443 1105807.892556  x:  0.18865   2.81053   0.04348  
  5  2.2129 1105345.599853  x:  0.16850   3.10896   0.06295  
  6  0.3175 1105292.815613  x:  0.16288   3.35394   0.05903  
  7  0.1534 1105272.835533  x:  0.16788   3.49896   0.05792  
  8  0.0741 1105268.860513  x:  0.16716   3.59313   0.06007  
  9  0.0540 1105268.832396  x:  0.16718   3.59633   0.05987  
 10  0.0029 1105268.832347  x:  0.16718   3.59679   0.05988  

3 (And_hae) ... 1 (And_bic)
  0  0.0000 1104183.576640  x:  0.16255   3.36553   0.19196  
  1 99.0000 1101721.194591  x:  0.12355   3.36690   0.09245  
  2 38349.5876 1100992.991991  x:  0.13228   3.36737   0.05464  
  3 99185.2890 1100945.799540  x:  0.13399   3.85396   0.05796  
  4 203.5633 1100529.031498  x:  0.15550   3.39869   0.06404  
  5  0.5955 1100515.352451  x:  0.15739   3.49321   0.06010  
  6  0.1221 1100515.233053  x:  0.15773   3.47883   0.06001  
  7  0.0137 1100515.231501  x:  0.15776   3.48021   0.06005  
  8  0.0014 1100515.231496  x:  0.15776   3.48029   0.06005  

3 (And_hae) ... 2 (And_ful)
  0  0.0000 1099685.988071  x:  0.16211   3.24839   0.18637  
  1 99.0000 1097867.516024  x:  0.12155   3.24989   0.11693  
  2 40171.7364 1096661.088600  x:  0.12852   3.25112   0.05840  
  3 88188.1754 1096484.921318  x:  0.13099   4.21765   0.06621  
  4 420.2903 1096164.449863  x:  0.15203   3.99320   0.06304  
  5  0.2326 1096164.331165  x:  0.15196   3.96809   0.06280  
  6  0.0202 1096164.329441  x:  0.15195   3.96681   0.06285  
  7  0.0022 1096164.329382  x:  0.15194   3.96682   0.06284  
  8  0.0000 1096164.329381  x:  0.15194   3.96684   0.06284  
  9  0.0000 1096164.329381  x:  0.15194   3.96684   0.06284  
 10  0.0000 1096164.329381  x:  0.15194   3.96684   0.06284  
 11  0.0000 1096164.329381  x:  0.15194   3.96684   0.06284  
 12  0.0000 1096164.329381  x:  0.15194   3.96684   0.06284  
check convergence!


4 (And_hat) ... 1 (And_bic)
  0  0.0000 1079689.944424  x:  0.09904   3.53522   0.19269  
  1 99.0000 1079037.112170  x:  0.12621   3.53542   0.17288  
  2 42555.5932 1077052.895266  x:  0.12676   3.53643   0.06423  
  3 38964.0422 1077051.162816  x:  0.12680   3.44477   0.06326  
  4 32.7109 1076991.954545  x:  0.11851   3.37952   0.06642  
  5  0.0611 1076989.681345  x:  0.11809   3.41702   0.06444  
  6  0.1107 1076989.680425  x:  0.11812   3.41670   0.06441  
  7  0.0003 1076989.680425  x:  0.11812   3.41671   0.06441  

4 (And_hat) ... 2 (And_ful)
  0  0.0000 1102109.302466  x:  0.14432   3.05080   0.17775  
  1 99.0000 1099097.002821  x:  0.17605   3.05393   0.06228  
  2 36837.0753 1098947.527613  x:  0.16576   3.05444   0.05145  
  3 25990.6390 1098659.082593  x:  0.15947   4.16606   0.06091  
  4 606.6726 1098653.402124  x:  0.15685   4.10619   0.06228  
  5  0.1318 1098653.220745  x:  0.15699   4.07369   0.06226  
  6  0.0231 1098653.218380  x:  0.15699   4.07258   0.06220  
  7  0.0010 1098653.218377  x:  0.15699   4.07262   0.06220  

4 (And_hat) ... 3 (And_hae)
  0  0.0000 1096774.321302  x:  0.15724   3.52496   0.14207  
  1 99.0000 1095507.427506  x:  0.12846   3.52580   0.08424  
  2 34495.6464 1095121.610431  x:  0.13771   3.52621   0.05735  
  3 47691.7611 1095052.591215  x:  0.13914   4.17007   0.06116  
  4 234.7819 1094973.897652  x:  0.14879   4.02863   0.06508  
  5  0.1800 1094971.909929  x:  0.14942   4.03178   0.06318  
  6  0.0042 1094971.905603  x:  0.14943   4.02656   0.06314  
  7  0.0046 1094971.905589  x:  0.14942   4.02649   0.06314  
  8  0.0001 1094971.905589  x:  0.14942   4.02649   0.06314  

5 (And_mar) ... 1 (And_bic)
  0  0.0000 1060468.420396  x:  0.08295   3.50457   0.18387  
  1 99.0000 1060135.129780  x:  0.10058   3.50464   0.16292  
  2 26130.9264 1058709.790405  x:  0.10033   3.50495   0.06311  
  3 47824.1119 1058672.962773  x:  0.10064   3.04191   0.05829  
  4 145.5931 1058593.313291  x:  0.09337   2.89646   0.06586  
  5  0.1691 1058578.161798  x:  0.09123   2.99397   0.06154  
  6  0.2536 1058578.103107  x:  0.09134   2.98608   0.06118  
  7  0.0097 1058578.102618  x:  0.09135   2.98700   0.06119  
  8  0.0011 1058578.102618  x:  0.09135   2.98697   0.06119  

5 (And_mar) ... 2 (And_ful)
  0  0.0000 1106573.937360  x:  0.17227   2.66218   0.14326  
  1 99.0000 1104590.635462  x:  0.14190   2.66444   0.06968  
  2 40931.7550 1104303.869959  x:  0.15230   2.66520   0.05138  
  3 40580.7502 1103945.245064  x:  0.15691   3.76073   0.06036  
  4 786.8822 1103909.254632  x:  0.16417   3.67708   0.06193  
  5  0.1105 1103907.817819  x:  0.16453   3.66326   0.06036  
  6  0.0130 1103907.798839  x:  0.16452   3.65372   0.06034  
  7  0.0063 1103907.798716  x:  0.16450   3.65371   0.06034  
  8  0.0000 1103907.798716  x:  0.16450   3.65372   0.06034  

5 (And_mar) ... 3 (And_hae)
  0  0.0000 1101964.143535  x:  0.15458   3.23911   0.17949  
  1 99.0000 1099388.023385  x:  0.12966   3.24081   0.07262  
  2 35213.2297 1099079.054888  x:  0.14078   3.24112   0.05321  
  3 55600.9823 1099018.042303  x:  0.14299   3.76428   0.05723  
  4 250.8760 1098903.975987  x:  0.15285   3.49231   0.06360  
  5  0.4972 1098900.953303  x:  0.15413   3.51671   0.06171  
  6  0.0222 1098900.934071  x:  0.15415   3.50755   0.06163  
  7  0.0090 1098900.934010  x:  0.15414   3.50750   0.06163  
  8  0.0001 1098900.934010  x:  0.15414   3.50750   0.06163  
check convergence!


5 (And_mar) ... 4 (And_hat)
  0  0.0000 1074818.548672  x:  0.09363   3.24037   0.13772  
  1 99.0000 1074284.277546  x:  0.11696   3.24054   0.12477  
  2 43487.8066 1073490.561867  x:  0.11628   3.24124   0.06478  
  3 26733.3120 1073485.234302  x:  0.11619   3.40940   0.06622  
  4 65.1998 1073471.855516  x:  0.11242   3.41123   0.06521  
  5  0.0037 1073471.641140  x:  0.11230   3.40494   0.06593  
  6  0.0128 1073471.641042  x:  0.11230   3.40435   0.06591  
  7  0.0006 1073471.641041  x:  0.11230   3.40434   0.06591  
  8  0.0000 1073471.641041  x:  0.11230   3.40434   0.06591  
check convergence!


6 (And_tri) ... 1 (And_bic)
  0  0.0000 1077749.834627  x:  0.11972   3.01455   0.16231  
  1 99.0000 1076812.107010  x:  0.09484   3.01508   0.10924  
  2 28991.4342 1076004.595638  x:  0.10078   3.01554   0.05722  
  3 89825.8435 1076000.865056  x:  0.10120   3.14112   0.05841  
  4 10.3328 1075788.393778  x:  0.11434   2.81248   0.06246  
  5  2.1100 1075780.164902  x:  0.11548   2.88596   0.05913  
  6  0.1268 1075780.118827  x:  0.11567   2.88933   0.05929  
  7  0.0032 1075780.118258  x:  0.11568   2.88828   0.05927  
  8  0.0012 1075780.118258  x:  0.11568   2.88826   0.05927  

6 (And_tri) ... 2 (And_ful)
  0  0.0000 1101667.849879  x:  0.14141   2.72917   0.13185  
  1 99.0000 1099922.662245  x:  0.17540   2.73104   0.06184  
  2 38554.0411 1099768.462364  x:  0.16729   2.73155   0.04968  
  3 26307.7805 1099528.350792  x:  0.16342   3.65746   0.05634  
  4 608.2453 1099505.080867  x:  0.15750   3.59246   0.05828  
  5  0.1020 1099504.789644  x:  0.15756   3.55613   0.05808  
  6  0.0253 1099504.789340  x:  0.15757   3.55562   0.05807  
  7  0.0005 1099504.789340  x:  0.15757   3.55561   0.05807  
  8  0.0000 1099504.789340  x:  0.15757   3.55561   0.05807  
  9  0.0000 1099504.789340  x:  0.15757   3.55561   0.05807  
 10  0.0000 1099504.789340  x:  0.15757   3.55561   0.05807  
 11  0.0230 1099504.789340  x:  0.15757   3.55561   0.05807  
 12 64.4717 1099504.789340  x:  0.15757   3.55561   0.05807  
 13  0.0230 1099504.789340  x:  0.15757   3.55561   0.05807  
 14  0.0084 1099504.789340  x:  0.15757   3.55561   0.05807  
check convergence!


6 (And_tri) ... 3 (And_hae)
  0  0.0000 1098160.820998  x:  0.14529   3.07086   0.15596  
  1 99.0000 1095860.403065  x:  0.14303   3.07256   0.05958  
  2 33226.3242 1095833.772450  x:  0.14928   3.07273   0.05780  
  3 8971.2872 1095796.950256  x:  0.14977   3.43677   0.06185  
  4 215.1798 1095794.194230  x:  0.14940   3.46836   0.05992  
  5  0.0879 1095794.184859  x:  0.14940   3.47459   0.05990  
  6  0.0054 1095794.184773  x:  0.14940   3.47479   0.05991  
  7  0.0002 1095794.184773  x:  0.14940   3.47479   0.05991  
  8  0.0000 1095794.184773  x:  0.14940   3.47479   0.05991  
check convergence!


6 (And_tri) ... 4 (And_hat)
  0  0.0000 1073024.734260  x:  0.11307   3.07245   0.09656  
  1 99.0000 1072748.127425  x:  0.10504   3.07287   0.06811  
  2 16848.0354 1072699.627854  x:  0.11048   3.07303   0.06069  
  3 16711.9605 1072680.807182  x:  0.11071   3.38242   0.06271  
  4 128.8361 1072679.349899  x:  0.11158   3.37132   0.06398  
  5  0.0156 1072679.334665  x:  0.11167   3.37003   0.06383  
  6  0.0013 1072679.334659  x:  0.11166   3.36985   0.06383  

6 (And_tri) ... 5 (And_mar)
  0  0.0000 1074390.885259  x:  0.10277   2.97797   0.13625  
  1 99.0000 1073773.437875  x:  0.12736   2.97833   0.09367  
  2 25748.4282 1073349.691579  x:  0.12219   2.97858   0.05843  
  3 52430.3018 1073347.887153  x:  0.12220   2.89298   0.05785  
  4  7.3865 1073237.949507  x:  0.11136   2.86758   0.06335  
  5  0.1855 1073236.989845  x:  0.11102   2.88126   0.06203  
  6  0.0203 1073236.987498  x:  0.11107   2.88050   0.06199  
  7  0.0008 1073236.987497  x:  0.11107   2.88045   0.06199  

7 (Bom_pas) ... 1 (And_bic)
  0  0.0000 1343631.460287  x:  1.13318   2.90761   0.06918  
  1 99.0000 1342962.819384  x:  1.13215   2.90802   0.05507  
  2 85577.9844 1342788.418035  x:  1.05861   3.02074   0.05979  
  3 2508.6131 1341920.240616  x:  1.19836   4.09524   0.05698  
  4 4498.3990 1341904.177412  x:  1.18526   4.12541   0.05589  
  5  0.0333 1341902.916352  x:  1.17986   4.14277   0.05647  
  6  0.0165 1341902.907650  x:  1.18041   4.14671   0.05645  
  7  0.0024 1341902.907643  x:  1.18040   4.14674   0.05645  

7 (Bom_pas) ... 2 (And_ful)
  0  0.0000 1363419.812295  x:  1.45024   3.71810   0.13252  
  1 99.0000 1346860.026927  x:  1.43927   3.71916   0.04616  
  2 246326.8617 1346589.385165  x:  1.33665   3.74348   0.05702  
  3 5719.7581 1346306.021057  x:  1.40763   4.52377   0.05503  
  4 817.5360 1345882.077212  x:  1.24112   4.39195   0.05666  
  5  0.2689 1345866.638320  x:  1.26231   4.43962   0.05434  
  6  0.0566 1345866.257480  x:  1.25824   4.43614   0.05430  
  7  0.0064 1345866.257319  x:  1.25817   4.43623   0.05431  
  8  0.0001 1345866.257316  x:  1.25818   4.43631   0.05431  

7 (Bom_pas) ... 3 (And_hae)
  0  0.0000 1341961.907236  x:  1.12765   3.88385   0.06231  
  1 99.0000 1341913.600520  x:  1.12764   3.88392   0.05853  
  2 24870.5559 1341894.222181  x:  1.15962   3.89376   0.05696  
  3 1189.0317 1341816.760929  x:  1.18136   4.29202   0.05695  
  4 465.3379 1341816.672508  x:  1.18330   4.29188   0.05694  
  5  0.0018 1341816.671535  x:  1.18342   4.29195   0.05692  
  6  0.0001 1341816.671534  x:  1.18342   4.29200   0.05692  

7 (Bom_pas) ... 4 (And_hat)
  0  0.0000 1351938.791422  x:  1.31608   3.55761   0.11296  
  1 99.0000 1342459.553759  x:  1.30871   3.55838   0.04974  
  2 212198.8817 1342147.095331  x:  1.18928   3.58889   0.06094  
  3 5267.8378 1341879.322854  x:  1.25335   4.29623   0.05928  
  4 853.5573 1341690.959960  x:  1.17945   4.29023   0.05741  
  5  0.1103 1341687.714697  x:  1.19017   4.30208   0.05633  
  6  0.0189 1341687.709820  x:  1.18988   4.30257   0.05632  
  7  0.0006 1341687.709783  x:  1.18989   4.30283   0.05632  
  8  0.0002 1341687.709783  x:  1.18989   4.30284   0.05632  

7 (Bom_pas) ... 5 (And_mar)
  0  0.0000 1365713.876056  x:  1.31033   3.86560   0.18587  
  1 99.0000 1341350.983666  x:  1.28552   3.86725   0.05141  
  2 208385.1293 1341288.643319  x:  1.25576   3.87173   0.05632  
  3 4305.2531 1341227.962601  x:  1.27608   4.19026   0.05587  
  4 364.9476 1340993.559218  x:  1.15831   4.09828   0.05807  
  5  0.1671 1340991.086732  x:  1.16471   4.13369   0.05720  
  6  0.0344 1340991.057632  x:  1.16354   4.13228   0.05720  
  7  0.0022 1340991.057581  x:  1.16354   4.13198   0.05720  

7 (Bom_pas) ... 6 (And_tri)
  0  0.0000 1349648.110136  x:  1.19115   3.58025   0.11871  
  1 99.0000 1341395.745076  x:  1.18404   3.58092   0.05473  
  2 185734.0629 1341356.824629  x:  1.14850   3.59617   0.05840  
  3 2031.4476 1341191.972768  x:  1.19108   4.14234   0.05744  
  4 723.9994 1341175.113784  x:  1.17186   4.13849   0.05662  
  5  0.0309 1341175.112506  x:  1.17173   4.13949   0.05664  
  6  0.0009 1341175.112485  x:  1.17176   4.13965   0.05664  