

2 (Bom_con) ... 1 (Apis_mel)
  0  0.0000 414303.436184  x:  0.54866   1.59774   0.40425  
  1 99.0000 406365.673203  x:  0.41106   1.64925   0.09901  
  2 28073.0798 406167.806540  x:  0.42969   1.65647   0.07758  
  3 15227.8703 403863.636156  x:  0.52794   3.63447   0.11169  
  4 3508.6837 403736.692450  x:  0.53965   3.76124   0.09058  
  5  0.0762 403724.901404  x:  0.55758   3.85756   0.09024  
  6  0.0612 403720.672367  x:  0.55658   4.01977   0.09086  
  7  0.0658 403720.654066  x:  0.55585   4.01539   0.09099  
  8  0.0044 403720.653842  x:  0.55583   4.01511   0.09097  
  9  0.0003 403720.653842  x:  0.55583   4.01508   0.09097  
 10  0.0000 403720.653842  x:  0.55583   4.01508   0.09097  
 11  0.0000 403720.653842  x:  0.55583   4.01508   0.09097  
 12  0.0000 403720.653842  x:  0.55583   4.01508   0.09097  

3 (Bom_hor) ... 1 (Apis_mel)
  0  0.0000 404991.345818  x:  0.46069   3.60085   0.11066  
  1 99.0000 404766.514561  x:  0.49286   3.60127   0.08507  
  2 9993.1718 404561.201101  x:  0.55376   3.60203   0.09289  
  3 13538.2343 404531.882920  x:  0.55740   4.02095   0.09433  
  4 148.8907 404520.231979  x:  0.56891   4.03454   0.08844  
  5  0.0168 404520.137472  x:  0.57037   4.04434   0.08860  
  6  0.0084 404520.137230  x:  0.57041   4.04458   0.08858  
  7  0.0003 404520.137229  x:  0.57041   4.04463   0.08858  

3 (Bom_hor) ... 2 (Bom_con)
  0  0.0000 345267.921431  x:  0.12632   3.57606   0.13125  
  1 99.0000 345248.180372  x:  0.11797   3.57639   0.12822  
  2 4339.6401 345242.354903  x:  0.11910   3.57809   0.11676  
  3 1163.8182 345137.949800  x:  0.11914   5.30902   0.12874  
  4 154.7483 345137.665565  x:  0.11904   5.31463   0.12642  
  5  0.0056 345137.663411  x:  0.11909   5.32300   0.12643  
  6  0.0050 345137.663254  x:  0.11907   5.32442   0.12645  
  7  0.0013 345137.663253  x:  0.11907   5.32443   0.12645  
  8  0.0000 345137.663253  x:  0.11907   5.32443   0.12645  

4 (Bom_hyp) ... 1 (Apis_mel)
  0  0.0000 403666.621921  x:  0.48887   4.29394   0.15006  
  1 99.0000 403063.631986  x:  0.49514   4.29381   0.09522  
  2 17793.0083 402937.041020  x:  0.55576   4.29219   0.08697  
  3 4669.6565 402926.943111  x:  0.55278   4.01861   0.08615  
  4 71.0538 402924.050181  x:  0.55316   4.00607   0.08896  
  5  0.0274 402924.043412  x:  0.55294   4.00960   0.08890  
  6  0.0034 402924.043354  x:  0.55291   4.00911   0.08890  
  7  0.0005 402924.043353  x:  0.55290   4.00913   0.08891  

4 (Bom_hyp) ... 2 (Bom_con)
  0  0.0000 342430.433847  x:  0.09603   3.34433   0.17694  
  1 99.0000 342375.038041  x:  0.10902   3.34474   0.17018  
  2 7937.5774 342259.758415  x:  0.10858   3.34807   0.11613  
  3 4557.2512 342115.944813  x:  0.10798   5.36463   0.13663  
  4 186.2592 342110.948872  x:  0.10753   5.41370   0.12663  
  5  0.0619 342110.809842  x:  0.10717   5.48522   0.12658  
  6  0.0384 342110.794883  x:  0.10731   5.49961   0.12693  
  7  0.0111 342110.794666  x:  0.10733   5.50059   0.12687  
  8  0.0010 342110.794666  x:  0.10733   5.50067   0.12687  
  9  0.0000 342110.794666  x:  0.10733   5.50063   0.12687  

4 (Bom_hyp) ... 3 (Bom_hor)
  0  0.0000 332347.919912  x:  0.06200   4.57859   0.13762  
  1 99.0000 332322.555541  x:  0.06884   4.57862   0.13690  
  2 7656.9663 332315.799199  x:  0.06893   4.57921   0.12178  
  3 857.2116 332304.465304  x:  0.06885   5.44942   0.12626  
  4 28.9714 332304.437943  x:  0.06888   5.45129   0.12533  
  5  0.0023 332304.437933  x:  0.06888   5.45086   0.12532  
  6  0.0004 332304.437932  x:  0.06888   5.45073   0.12532  

5 (Bom_mus) ... 1 (Apis_mel)
  0  0.0000 404043.634682  x:  0.46109   4.56998   0.10091  
  1 99.0000 403686.842748  x:  0.55206   4.56769   0.10278  
  2 8455.8433 403637.793066  x:  0.56322   4.56716   0.08954  
  3 8790.6452 403594.819040  x:  0.55816   3.98972   0.08878  
  4 138.4158 403594.644023  x:  0.56055   3.99184   0.08869  
  5  0.0024 403594.643988  x:  0.56053   3.99189   0.08870  
  6  0.0001 403594.643987  x:  0.56053   3.99189   0.08870  

5 (Bom_mus) ... 2 (Bom_con)
  0  0.0000 344742.789270  x:  0.12300   3.33345   0.08010  
  1 99.0000 344635.596499  x:  0.11297   3.33417   0.11124  
  2 7259.9634 344628.032696  x:  0.11767   3.33460   0.11497  
  3 2920.4331 344483.842162  x:  0.11812   5.32594   0.12409  
  4 192.5727 344483.259571  x:  0.11703   5.32676   0.12653  
  5  0.0017 344483.236168  x:  0.11723   5.32348   0.12697  
  6  0.0027 344483.235837  x:  0.11721   5.31992   0.12698  
  7  0.0018 344483.235822  x:  0.11722   5.31959   0.12697  

5 (Bom_mus) ... 3 (Bom_hor)
  0  0.0000 333210.733532  x:  0.06903   4.21673   0.11759  
  1 99.0000 333206.092868  x:  0.07212   4.21676   0.11779  
  2 3070.9330 333205.937188  x:  0.07208   4.21724   0.11994  
  3 146.2253 333194.812671  x:  0.07201   4.97658   0.12366  
  4 34.1407 333194.807525  x:  0.07200   4.97395   0.12327  
  5  0.0024 333194.807523  x:  0.07200   4.97366   0.12327  
  6  0.0002 333194.807523  x:  0.07200   4.97365   0.12327  
  7  0.0000 333194.807523  x:  0.07200   4.97365   0.12327  

5 (Bom_mus) ... 4 (Bom_hyp)
  0  0.0000 331989.857186  x:  0.05589   4.09698   0.20557  
  1 99.0000 331907.370681  x:  0.06773   4.09704   0.20321  
  2 14641.7411 331743.468260  x:  0.06809   4.09930   0.11549  
  3 3053.3762 331719.603979  x:  0.06798   5.23547   0.12590  
  4 48.5008 331718.495875  x:  0.06800   5.27351   0.12018  
  5  0.0681 331718.488329  x:  0.06797   5.29691   0.12029  
  6  0.0152 331718.488303  x:  0.06797   5.29701   0.12030  
  7  0.0001 331718.488302  x:  0.06797   5.29706   0.12030  

6 (Bom_pas) ... 1 (Apis_mel)
  0  0.0000 404657.736900  x:  0.55176   4.48437   0.16517  
  1 99.0000 403597.781463  x:  0.54057   4.48428   0.09253  
  2 22415.9118 403578.767075  x:  0.56345   4.48228   0.08727  
  3 1644.8508 403548.501963  x:  0.55681   4.00059   0.08631  
  4 118.2774 403545.284915  x:  0.56027   3.99151   0.08867  
  5  0.0218 403545.283653  x:  0.56036   3.99434   0.08866  
  6  0.0034 403545.283649  x:  0.56037   3.99429   0.08866  

6 (Bom_pas) ... 2 (Bom_con)
  0  0.0000 344860.780758  x:  0.09270   3.65671   0.19330  
  1 99.0000 344665.346355  x:  0.11693   3.65697   0.18727  
  2 17040.6798 344490.602572  x:  0.11736   3.65988   0.11922  
  3 4501.1584 344400.213487  x:  0.11714   5.25293   0.13474  
  4 138.9860 344397.073992  x:  0.11714   5.29595   0.12696  
  5  0.0632 344397.015659  x:  0.11701   5.34612   0.12708  
  6  0.0272 344397.014739  x:  0.11704   5.34696   0.12718  
  7  0.0008 344397.014710  x:  0.11705   5.34724   0.12716  
  8  0.0002 344397.014710  x:  0.11705   5.34727   0.12716  
  9  0.0000 344397.014710  x:  0.11705   5.34727   0.12716  
 10  0.0000 344397.014710  x:  0.11705   5.34727   0.12716  
check convergence!


6 (Bom_pas) ... 3 (Bom_hor)
  0  0.0000 333060.278737  x:  0.06260   4.47386   0.18472  
  1 99.0000 333021.655489  x:  0.07111   4.47390   0.18255  
  2 9202.5766 332941.684328  x:  0.07130   4.47496   0.12384  
  3 2456.8561 332934.343501  x:  0.07124   5.12076   0.12852  
  4 24.5892 332934.219229  x:  0.07119   5.12918   0.12660  
  5  0.0133 332934.217985  x:  0.07114   5.13213   0.12662  
  6  0.0026 332934.217984  x:  0.07114   5.13247   0.12663  
  7  0.0002 332934.217983  x:  0.07114   5.13240   0.12663  

6 (Bom_pas) ... 4 (Bom_hyp)
  0  0.0000 331597.829699  x:  0.06796   4.29579   0.13652  
  1 99.0000 331596.363336  x:  0.06641   4.29590   0.13461  
  2 1152.6652 331590.114776  x:  0.06736   4.29674   0.12051  
  3 1812.9039 331565.578653  x:  0.06729   5.55512   0.12767  
  4 45.5392 331565.483412  x:  0.06736   5.55833   0.12590  
  5  0.0038 331565.483166  x:  0.06736   5.56286   0.12591  
  6  0.0029 331565.483164  x:  0.06736   5.56295   0.12591  
  7  0.0001 331565.483164  x:  0.06736   5.56295   0.12591  

6 (Bom_pas) ... 5 (Bom_mus)
  0  0.0000 316733.209486  x:  0.02206   4.65269   0.11412  
  1 99.0000 316732.386402  x:  0.02136   4.65269   0.11417  
  2 2316.4164 316731.739341  x:  0.02135   4.65325   0.12243  
  3 173.6560 316724.754892  x:  0.02127   5.96637   0.12807  
  4 12.5329 316724.743392  x:  0.02129   5.95607   0.12699  
  5  0.0090 316724.743370  x:  0.02129   5.95692   0.12697  
  6  0.0009 316724.743367  x:  0.02129   5.95633   0.12696  
  7  0.0008 316724.743365  x:  0.02129   5.95635   0.12696  
  8  0.0002 316724.743363  x:  0.02129   5.95635   0.12696  

7 (Bom_syl) ... 1 (Apis_mel)
  0  0.0000 405787.085076  x:  0.51113   4.86814   0.20109  
  1 99.0000 404233.744436  x:  0.50710   4.86766   0.09899  
  2 22188.1464 404115.164840  x:  0.56135   4.86482   0.08587  
  3 4536.3498 404036.538569  x:  0.55131   4.04026   0.08384  
  4 172.4097 404011.029242  x:  0.56048   3.99756   0.09045  
  5  0.1324 404010.903994  x:  0.56160   4.02475   0.09039  
  6  0.0356 404010.899857  x:  0.56189   4.02280   0.09032  
  7  0.0019 404010.899848  x:  0.56189   4.02282   0.09031  
  8  0.0000 404010.899848  x:  0.56189   4.02282   0.09031  
  9  0.0000 404010.899848  x:  0.56189   4.02282   0.09031  

7 (Bom_syl) ... 2 (Bom_con)
  0  0.0000 345531.689691  x:  0.11531   3.61120   0.20616  
  1 99.0000 345360.487458  x:  0.13253   3.61429   0.14027  
  2 4631.4362 345308.095347  x:  0.12434   3.61560   0.11614  
  3 12784.8219 345180.828970  x:  0.12156   5.56811   0.13439  
  4 166.9811 345179.669001  x:  0.11952   5.54622   0.13402  
  5  0.0290 345179.622150  x:  0.11957   5.53867   0.13302  
  6  0.0080 345179.620746  x:  0.11958   5.53037   0.13300  
  7  0.0043 345179.620743  x:  0.11958   5.53038   0.13301  
  8  0.0000 345179.620743  x:  0.11958   5.53038   0.13301  

7 (Bom_syl) ... 3 (Bom_hor)
  0  0.0000 334261.942550  x:  0.06332   4.52557   0.13084  
  1 99.0000 334188.101577  x:  0.07528   4.52560   0.13090  
  2 13139.6330 334188.019859  x:  0.07530   4.52626   0.12931  
  3 94.0134 334172.777828  x:  0.07522   5.49175   0.13450  
  4 41.5348 334172.761512  x:  0.07524   5.48832   0.13376  
  5  0.0033 334172.761511  x:  0.07524   5.48813   0.13375  

7 (Bom_syl) ... 4 (Bom_hyp)
  0  0.0000 332909.042763  x:  0.06261   4.62742   0.14807  
  1 99.0000 332867.879316  x:  0.07140   4.62746   0.14735  
  2 9779.9071 332860.167569  x:  0.07151   4.62836   0.13105  
  3 876.4859 332835.212303  x:  0.07142   5.97562   0.13852  
  4 43.2448 332835.041113  x:  0.07146   5.98031   0.13605  
  5  0.0056 332835.040623  x:  0.07147   5.98706   0.13606  
  6  0.0044 332835.040620  x:  0.07147   5.98719   0.13607  
  7  0.0001 332835.040620  x:  0.07147   5.98719   0.13607  

7 (Bom_syl) ... 5 (Bom_mus)
  0  0.0000 332210.727642  x:  0.05891   4.80060   0.22092  
  1 99.0000 332164.058292  x:  0.06797   4.80064   0.21881  
  2 10561.0447 332036.553281  x:  0.06826   4.80201   0.13487  
  3 2563.4173 332030.270227  x:  0.06822   5.47812   0.14013  
  4 20.6361 332029.961190  x:  0.06820   5.48762   0.13681  
  5  0.0183 332029.960163  x:  0.06817   5.48402   0.13671  
  6  0.0031 332029.960156  x:  0.06817   5.48365   0.13672  
  7  0.0004 332029.960156  x:  0.06817   5.48361   0.13672  
  8  0.0000 332029.960156  x:  0.06817   5.48363   0.13672  
  9  0.0000 332029.960156  x:  0.06817   5.48363   0.13672  
check convergence!


7 (Bom_syl) ... 6 (Bom_pas)
  0  0.0000 332063.229961  x:  0.05637   4.42880   0.13040  
  1 99.0000 331983.544582  x:  0.06809   4.42883   0.13071  
  2 14555.3250 331983.093389  x:  0.06804   4.42962   0.13483  
  3 224.6167 331959.599928  x:  0.06794   5.69427   0.14120  
  4 44.8547 331959.577665  x:  0.06794   5.69361   0.14027  
  5  0.0010 331959.577641  x:  0.06794   5.69490   0.14026  
  6  0.0009 331959.577640  x:  0.06794   5.69500   0.14027  
  7  0.0001 331959.577640  x:  0.06794   5.69500   0.14027  

8 (Bom_vet) ... 1 (Apis_mel)
  0  0.0000 406291.344051  x:  0.40791   4.52576   0.21777  
  1 99.0000 404036.275241  x:  0.47314   4.52522   0.09358  
  2 23254.9025 403759.416067  x:  0.54408   4.52354   0.10260  
  3 9267.3175 403709.039419  x:  0.54206   3.92679   0.09941  
  4 155.7240 403672.928289  x:  0.55807   3.99868   0.08867  
  5  0.1620 403672.416595  x:  0.56172   4.00452   0.08888  
  6  0.0057 403672.414325  x:  0.56185   4.00406   0.08880  
  7  0.0006 403672.414321  x:  0.56185   4.00423   0.08880  

8 (Bom_vet) ... 2 (Bom_con)
  0  0.0000 344637.160538  x:  0.11540   3.48244   0.18872  
  1 99.0000 344479.873046  x:  0.10765   3.48552   0.12670  
  2 4319.4564 344456.233450  x:  0.11513   3.48635   0.11471  
  3 8470.7366 344334.033010  x:  0.11652   5.30609   0.13270  
  4 170.1086 344332.861444  x:  0.11607   5.33645   0.12814  
  5  0.0388 344332.795735  x:  0.11651   5.35609   0.12789  
  6  0.0167 344332.790142  x:  0.11647   5.37082   0.12805  
  7  0.0081 344332.790125  x:  0.11647   5.37104   0.12804  

8 (Bom_vet) ... 3 (Bom_hor)
  0  0.0000 333037.609905  x:  0.06849   4.36243   0.18550  
  1 99.0000 333026.314063  x:  0.07302   4.36254   0.17968  
  2 2951.7977 332950.709018  x:  0.07194   4.36364   0.12350  
  3 5814.8767 332941.914495  x:  0.07178   5.05582   0.12871  
  4 27.6460 332941.454037  x:  0.07101   5.06264   0.12655  
  5  0.0081 332941.438182  x:  0.07089   5.06151   0.12713  
  6  0.0017 332941.438182  x:  0.07089   5.06144   0.12712  
  7  0.0001 332941.438182  x:  0.07089   5.06141   0.12712  
  8  0.0000 332941.438181  x:  0.07089   5.06144   0.12712  
  9  0.0000 332941.438181  x:  0.07089   5.06143   0.12712  

8 (Bom_vet) ... 4 (Bom_hyp)
  0  0.0000 331821.566813  x:  0.06775   4.17107   0.22109  
  1 99.0000 331795.719264  x:  0.06139   4.17145   0.20702  
  2 3235.8071 331634.164075  x:  0.06393   4.17383   0.11869  
  3 15133.7894 331605.148225  x:  0.06425   5.47408   0.13060  
  4 51.7296 331599.634468  x:  0.06697   5.50250   0.12291  
  5  0.0334 331599.360930  x:  0.06734   5.49264   0.12538  
  6  0.0155 331599.360438  x:  0.06736   5.49294   0.12530  
  7  0.0003 331599.360438  x:  0.06736   5.49296   0.12530  
  8  0.0000 331599.360438  x:  0.06736   5.49296   0.12530  
  9  0.0000 331599.360438  x:  0.06736   5.49296   0.12530  

8 (Bom_vet) ... 5 (Bom_mus)
  0  0.0000 316298.968006  x:  0.01907   4.48955   0.09703  
  1 99.0000 316296.986826  x:  0.02010   4.48955   0.09724  
  2 3851.4437 316287.072599  x:  0.01999   4.48978   0.12691  
  3 782.8477 316283.691134  x:  0.01994   5.34044   0.13023  
  4  8.8687 316283.689333  x:  0.01996   5.33664   0.13054  
  5  0.0030 316283.689280  x:  0.01995   5.33618   0.13059  
  6  0.0004 316283.689280  x:  0.01995   5.33618   0.13059  
  7  0.0000 316283.689280  x:  0.01995   5.33619   0.13059  

8 (Bom_vet) ... 6 (Bom_pas)
  0  0.0000 316920.303410  x:  0.01699   4.50189   0.21769  
  1 99.0000 316880.567002  x:  0.02146   4.50190   0.21750  
  2 19355.6733 316835.202363  x:  0.02153   4.50468   0.13047  
  3 833.7535 316820.550982  x:  0.02147   6.38568   0.14702  
  4 19.2157 316819.824607  x:  0.02148   6.44448   0.13780  
  5  0.0932 316819.814414  x:  0.02149   6.50890   0.13800  
  6  0.0323 316819.814395  x:  0.02149   6.50827   0.13805  
  7  0.0006 316819.814393  x:  0.02149   6.50830   0.13805  

8 (Bom_vet) ... 7 (Bom_syl)
  0  0.0000 331874.769904  x:  0.05921   5.14087   0.19440  
  1 99.0000 331840.061006  x:  0.06702   5.14090   0.19286  
  2 9114.4271 331784.403654  x:  0.06721   5.14170   0.13890  
  3 1860.2086 331780.020222  x:  0.06717   5.75382   0.14268  
  4 15.6313 331779.977449  x:  0.06717   5.75106   0.14136  
  5  0.0045 331779.977224  x:  0.06716   5.74685   0.14134  
  6  0.0035 331779.977224  x:  0.06716   5.74682   0.14134  