

2 (And_ful) ... 1 (And_bic)
  0  0.0000 1092126.010170  x:  0.16104   1.59716   0.44021  
  1 99.0000 1089494.576124  x:  0.10928   1.61490   0.33207  
  2 38042.5250 1079844.716912  x:  0.09915   1.65955   0.05193  
  3 224511.6649 1078594.545904  x:  0.10540   2.58675   0.10411  
  4 3578.3543 1075992.120849  x:  0.12604   3.14288   0.04403  
  5  1.7380 1075241.673202  x:  0.14932   3.26743   0.06752  
  6  0.1391 1075070.099385  x:  0.16000   3.46111   0.05443  
  7  0.1697 1075063.776531  x:  0.15956   3.62981   0.05579  
  8  0.0432 1075063.658783  x:  0.15952   3.63396   0.05538  
  9  0.0043 1075063.656241  x:  0.15946   3.63369   0.05539  
 10  0.0002 1075063.656240  x:  0.15946   3.63363   0.05539  
 11  0.0001 1075063.656240  x:  0.15946   3.63363   0.05539  

3 (And_hae) ... 1 (And_bic)
  0  0.0000 1071856.052642  x:  0.16008   3.10345   0.07501  
  1 99.0000 1071631.813758  x:  0.14843   3.10377   0.05838  
  2 20711.4106 1071623.398115  x:  0.15110   3.10400   0.05551  
  3 4536.3129 1071571.585307  x:  0.15148   3.58392   0.05782  
  4 236.7846 1071571.565141  x:  0.15149   3.58094   0.05763  
  5  0.0031 1071571.564872  x:  0.15151   3.58036   0.05764  
  6  0.0006 1071571.564867  x:  0.15151   3.58023   0.05764  

3 (And_hae) ... 2 (And_ful)
  0  0.0000 1071240.219324  x:  0.12969   3.20350   0.19321  
  1 99.0000 1068904.001318  x:  0.18798   3.20606   0.08430  
  2 37775.8164 1068254.860301  x:  0.18247   3.20686   0.04910  
  3 83065.9655 1067960.826343  x:  0.17695   4.61658   0.05791  
  4 506.1863 1067412.515147  x:  0.14591   4.27683   0.05859  
  5  0.3847 1067402.928467  x:  0.14626   4.02806   0.05934  
  6  0.2186 1067402.621099  x:  0.14641   4.01000   0.05860  
  7  0.0203 1067402.620757  x:  0.14640   4.01086   0.05859  
  8  0.0010 1067402.620756  x:  0.14640   4.01090   0.05859  

4 (And_hat) ... 1 (And_bic)
  0  0.0000 1053668.246256  x:  0.11060   3.46962   0.13371  
  1 99.0000 1052863.051071  x:  0.13667   3.47011   0.07963  
  2 25877.4274 1052580.733642  x:  0.12991   3.47032   0.05489  
  3 45339.0580 1052574.162454  x:  0.12947   3.67935   0.05610  
  4 61.3991 1052476.980377  x:  0.11912   3.53123   0.06135  
  5  0.2136 1052476.724675  x:  0.11890   3.53396   0.06066  
  6  0.0034 1052476.722361  x:  0.11893   3.53136   0.06062  
  7  0.0027 1052476.722361  x:  0.11893   3.53132   0.06063  
  8  0.0000 1052476.722361  x:  0.11893   3.53135   0.06063  
  9  0.0000 1052476.722361  x:  0.11893   3.53133   0.06063  

4 (And_hat) ... 2 (And_ful)
  0  0.0000 1072002.405634  x:  0.12188   3.29714   0.09475  
  1 99.0000 1071021.950188  x:  0.15881   3.29747   0.07562  
  2 51700.3482 1070794.702052  x:  0.15657   3.29787   0.05438  
  3 21729.6321 1070718.629959  x:  0.15626   3.92119   0.05749  
  4 267.0040 1070710.448888  x:  0.15277   3.92403   0.05657  
  5  0.0039 1070710.311131  x:  0.15261   3.92193   0.05704  
  6  0.0027 1070710.310924  x:  0.15261   3.92080   0.05703  
  7  0.0008 1070710.310923  x:  0.15261   3.92080   0.05703  

4 (And_hat) ... 3 (And_hae)
  0  0.0000 1071176.446137  x:  0.15989   3.43024   0.15068  
  1 99.0000 1069761.826770  x:  0.12434   3.43110   0.09529  
  2 38503.1514 1069074.270097  x:  0.13229   3.43172   0.05493  
  3 57929.8179 1068994.652869  x:  0.13374   4.11773   0.05932  
  4 256.0393 1068856.866836  x:  0.14739   3.95376   0.06103  
  5  0.1854 1068855.242355  x:  0.14769   3.96109   0.05930  
  6  0.0111 1068855.235187  x:  0.14771   3.95444   0.05926  
  7  0.0058 1068855.235168  x:  0.14771   3.95433   0.05927  
  8  0.0001 1068855.235168  x:  0.14771   3.95433   0.05926  
  9  0.0000 1068855.235168  x:  0.14771   3.95433   0.05926  
 10  0.0000 1068855.235168  x:  0.14771   3.95433   0.05926  
 11  0.0000 1068855.235168  x:  0.14771   3.95433   0.05926  
check convergence!


5 (And_mar) ... 1 (And_bic)
  0  0.0000 1032708.610745  x:  0.09176   3.34944   0.18772  
  1 99.0000 1032372.595739  x:  0.07647   3.34965   0.16827  
  2 25502.1636 1030787.436035  x:  0.07840   3.35077   0.05882  
  3 49508.9955 1030786.049741  x:  0.07840   3.26240   0.05783  
  4 19.6376 1030693.874924  x:  0.08687   3.20629   0.05869  
  5  0.0877 1030693.628336  x:  0.08691   3.22086   0.05795  
  6  0.0485 1030693.628223  x:  0.08691   3.22164   0.05795  
  7  0.0008 1030693.628223  x:  0.08691   3.22161   0.05795  
  8  0.0000 1030693.628223  x:  0.08691   3.22161   0.05795  

5 (And_mar) ... 2 (And_ful)
  0  0.0000 1077365.538996  x:  0.15213   2.90570   0.15990  
  1 99.0000 1074435.493652  x:  0.15218   2.90827   0.05359  
  2 36941.6895 1074416.976394  x:  0.15767   2.90864   0.05259  
  3 6965.2723 1074292.929840  x:  0.15837   3.54322   0.06046  
  4 435.3291 1074273.575031  x:  0.15768   3.63617   0.05546  
  5  0.2536 1074273.278816  x:  0.15791   3.67416   0.05563  
  6  0.0262 1074273.277259  x:  0.15786   3.67416   0.05565  
  7  0.0001 1074273.277256  x:  0.15786   3.67422   0.05565  
  8  0.0001 1074273.277255  x:  0.15786   3.67422   0.05565  
  9  0.0000 1074273.277255  x:  0.15786   3.67422   0.05565  

5 (And_mar) ... 3 (And_hae)
  0  0.0000 1073144.871308  x:  0.15963   3.26204   0.14772  
  1 99.0000 1071653.201255  x:  0.12606   3.26293   0.08599  
  2 37323.0607 1071128.032971  x:  0.13479   3.26338   0.05368  
  3 56689.1686 1071078.706405  x:  0.13605   3.75854   0.05692  
  4 214.7560 1070942.363594  x:  0.14928   3.57252   0.06094  
  5  0.2256 1070938.960679  x:  0.14987   3.59226   0.05855  
  6  0.0251 1070938.955989  x:  0.14985   3.58804   0.05850  
  7  0.0039 1070938.955976  x:  0.14984   3.58799   0.05850  
  8  0.0001 1070938.955976  x:  0.14984   3.58800   0.05850  

5 (And_mar) ... 4 (And_hat)
  0  0.0000 1050517.562805  x:  0.10698   3.20803   0.06265  
  1 99.0000 1050452.008650  x:  0.11548   3.20810   0.06161  
  2 15739.0251 1050450.293354  x:  0.11545   3.20825   0.05959  
  3 1679.8328 1050434.314023  x:  0.11541   3.50857   0.06088  
  4 112.9796 1050434.307775  x:  0.11542   3.50757   0.06075  
  5  0.0010 1050434.307773  x:  0.11542   3.50748   0.06075  

6 (And_tri) ... 1 (And_bic)
  0  0.0000 1049772.459771  x:  0.10557   3.20030   0.05351  
  1 99.0000 1049702.061836  x:  0.11418   3.20025   0.05523  
  2 16484.0767 1049701.536953  x:  0.11403   3.20015   0.05631  
  3 984.2102 1049692.590483  x:  0.11405   2.99967   0.05554  
  4 85.2276 1049692.585963  x:  0.11404   2.99610   0.05547  
  5  0.0038 1049692.585945  x:  0.11404   2.99625   0.05546  
  6  0.0002 1049692.585945  x:  0.11404   2.99625   0.05546  
  7  0.0000 1049692.585945  x:  0.11404   2.99625   0.05546  

6 (And_tri) ... 2 (And_ful)
  0  0.0000 1072537.807115  x:  0.13102   2.72630   0.10629  
  1 99.0000 1071378.949827  x:  0.16799   2.72735   0.06425  
  2 41796.3760 1071165.325910  x:  0.16249   2.72789   0.04716  
  3 29098.7577 1070965.050370  x:  0.16044   3.60002   0.05240  
  4 535.2576 1070927.855372  x:  0.15264   3.56028   0.05308  
  5  0.0444 1070927.715944  x:  0.15252   3.53534   0.05309  
  6  0.0179 1070927.713088  x:  0.15257   3.53389   0.05305  
  7  0.0015 1070927.713087  x:  0.15257   3.53390   0.05305  
  8  0.0000 1070927.713087  x:  0.15257   3.53390   0.05305  

6 (And_tri) ... 3 (And_hae)
  0  0.0000 1069368.845884  x:  0.13574   3.23023   0.10499  
  1 99.0000 1068548.622029  x:  0.15516   3.23074   0.05919  
  2 28620.7939 1068495.194241  x:  0.14892   3.23086   0.05261  
  3 13605.3667 1068480.151180  x:  0.14842   3.49734   0.05415  
  4 119.9760 1068474.055483  x:  0.14607   3.46670   0.05625  
  5  0.0501 1068474.051140  x:  0.14609   3.46224   0.05623  
  6  0.0041 1068474.051134  x:  0.14609   3.46220   0.05623  
  7  0.0000 1068474.051134  x:  0.14609   3.46220   0.05623  
  8  0.0000 1068474.051134  x:  0.14609   3.46220   0.05623  
  9  0.1254 1068474.051134  x:  0.14609   3.46220   0.05623  
check convergence!


6 (And_tri) ... 4 (And_hat)
  0  0.0000 1051639.840184  x:  0.11666   3.12670   0.14550  
  1 99.0000 1050448.736417  x:  0.09713   3.12775   0.07323  
  2 26394.6028 1050164.399926  x:  0.10514   3.12809   0.05074  
  3 66894.9193 1050126.700805  x:  0.10623   3.58281   0.05397  
  4 176.4257 1050035.216103  x:  0.11443   3.37361   0.06006  
  5  0.3179 1050032.511408  x:  0.11533   3.39545   0.05796  
  6  0.0218 1050032.500955  x:  0.11535   3.38802   0.05789  
  7  0.0071 1050032.500937  x:  0.11534   3.38795   0.05789  

6 (And_tri) ... 5 (And_mar)
  0  0.0000 1051087.630043  x:  0.10222   3.15778   0.19042  
  1 99.0000 1049947.591040  x:  0.14112   3.15862   0.11266  
  2 28285.7536 1049000.501468  x:  0.13822   3.15917   0.05381  
  3 102291.4337 1048994.883315  x:  0.13760   3.33798   0.05536  
  4 27.9905 1048450.630383  x:  0.11172   2.97576   0.05951  
  5  0.8414 1048448.464748  x:  0.11146   2.99627   0.05751  
  6  0.0419 1048448.395396  x:  0.11152   2.98081   0.05728  
  7  0.0207 1048448.395371  x:  0.11153   2.98083   0.05727  
  8  0.0000 1048448.395371  x:  0.11153   2.98081   0.05727  
  9  0.0000 1048448.395371  x:  0.11153   2.98081   0.05727  
 10  0.0000 1048448.395371  x:  0.11153   2.98081   0.05727  
 11  0.0000 1048448.395371  x:  0.11153   2.98082   0.05727  

7 (Bom_pas) ... 1 (And_bic)
  0  0.0000 1308225.201711  x:  1.19207   2.84631   0.10449  
  1 99.0000 1299885.648293  x:  1.18549   2.84743   0.04651  
  2 205754.2419 1299570.540485  x:  1.08053   2.89940   0.05630  
  3 5417.6369 1298616.379428  x:  1.19179   4.08143   0.05528  
  4 2210.2252 1298408.665827  x:  1.13379   4.13097   0.05197  
  5  0.1119 1298407.459367  x:  1.13916   4.17838   0.05164  
  6  0.0289 1298407.404026  x:  1.13858   4.18263   0.05176  
  7  0.0042 1298407.404021  x:  1.13859   4.18272   0.05176  
  8  0.0001 1298407.404021  x:  1.13859   4.18272   0.05176  

7 (Bom_pas) ... 2 (And_ful)
  0  0.0000 1313996.555494  x:  1.21404   3.72753   0.12804  
  1 99.0000 1301598.200539  x:  1.20480   3.72835   0.04834  
  2 208228.5820 1301571.227479  x:  1.17841   3.74187   0.05127  
  3 1854.0834 1301335.666202  x:  1.23119   4.46206   0.05011  
  4 844.9738 1301318.933725  x:  1.20688   4.45158   0.04969  
  5  0.0383 1301318.928018  x:  1.20636   4.45154   0.04972  
  6  0.0005 1301318.928016  x:  1.20637   4.45156   0.04972  
  7  0.0000 1301318.928016  x:  1.20637   4.45157   0.04972  
  8  0.0000 1301318.928016  x:  1.20637   4.45157   0.04972  

7 (Bom_pas) ... 3 (And_hae)
  0  0.0000 1322410.063723  x:  1.24170   3.77729   0.18211  
  1 99.0000 1298180.678517  x:  1.21717   3.77906   0.04786  
  2 205941.0917 1298132.395513  x:  1.19241   3.78445   0.05196  
  3 3930.1933 1297969.867915  x:  1.22935   4.38041   0.05131  
  4 601.0771 1297810.662166  x:  1.13529   4.30438   0.05254  
  5  0.1369 1297810.059341  x:  1.13852   4.32016   0.05212  
  6  0.0154 1297810.053106  x:  1.13805   4.32108   0.05213  
  7  0.0011 1297810.053001  x:  1.13808   4.32153   0.05213  
  8  0.0004 1297810.053001  x:  1.13808   4.32153   0.05213  

7 (Bom_pas) ... 4 (And_hat)
  0  0.0000 1322422.654538  x:  1.26680   3.64795   0.17138  
  1 99.0000 1299229.903597  x:  1.24539   3.64970   0.04643  
  2 215079.8383 1299161.330323  x:  1.21375   3.65770   0.05128  
  3 4384.4788 1298894.309448  x:  1.26466   4.41536   0.05038  
  4 802.1048 1298690.584885  x:  1.15572   4.33247   0.05166  
  5  0.1517 1298689.694325  x:  1.15996   4.35048   0.05115  
  6  0.0177 1298689.680308  x:  1.15927   4.35219   0.05116  
  7  0.0020 1298689.679878  x:  1.15935   4.35310   0.05116  
  8  0.0008 1298689.679878  x:  1.15935   4.35311   0.05116  
  9  0.0000 1298689.679878  x:  1.15935   4.35311   0.05116  
 10  0.0000 1298689.679878  x:  1.15935   4.35311   0.05116  

7 (Bom_pas) ... 5 (And_mar)
  0  0.0000 1302120.283919  x:  0.96765   3.74399   0.10362  
  1 99.0000 1298277.956394  x:  0.96602   3.74423   0.05869  
  2 135124.1731 1297932.228267  x:  1.06247   3.74543   0.05002  
  3 7247.1512 1297849.417661  x:  1.08173   4.15827   0.05025  
  4 425.3342 1297754.751051  x:  1.11029   4.15226   0.05343  
  5  0.0568 1297749.369586  x:  1.12558   4.15725   0.05228  
  6  0.0117 1297749.351610  x:  1.12595   4.16364   0.05228  
  7  0.0055 1297749.351603  x:  1.12597   4.16363   0.05228  
  8  0.0000 1297749.351603  x:  1.12597   4.16363   0.05228  

7 (Bom_pas) ... 6 (And_tri)
  0  0.0000 1320114.541726  x:  1.19213   3.76981   0.17915  
  1 99.0000 1297824.847088  x:  1.16967   3.77134   0.04933  
  2 199986.0194 1297808.736547  x:  1.15534   3.77530   0.05169  
  3 2212.0761 1297712.911054  x:  1.18231   4.22278   0.05124  
  4 473.6462 1297671.830245  x:  1.13855   4.19371   0.05156  
  5  0.0656 1297671.780103  x:  1.13808   4.19560   0.05148  
  6  0.0019 1297671.779913  x:  1.13818   4.19612   0.05148  
  7  0.0005 1297671.779911  x:  1.13817   4.19616   0.05148  
  8  0.0000 1297671.779911  x:  1.13817   4.19616   0.05148  