

2 (And_ful) ... 1 (And_bic)
  0  0.0000 1088909.975983  x:  0.15849   1.59334   0.38116  
  1 99.0000 1082099.354992  x:  0.09167   1.63200   0.12092  
  2 37607.0697 1080373.875609  x:  0.09121   1.64195   0.05266  
  3 634981.5063 1076239.063343  x:  0.12110   4.58287   0.10777  
  4 4657.9734 1074553.684728  x:  0.14554   4.27808   0.05209  
  5  0.3010 1074339.333853  x:  0.15751   4.07771   0.06543  
  6  0.1467 1074278.692521  x:  0.16420   3.83151   0.05737  
  7  0.2391 1074264.000120  x:  0.16218   3.58257   0.05714  
  8  0.0882 1074263.878383  x:  0.16176   3.58652   0.05735  
  9  0.0042 1074263.877616  x:  0.16174   3.58622   0.05731  
 10  0.0003 1074263.877616  x:  0.16174   3.58626   0.05731  
 11  0.0000 1074263.877616  x:  0.16174   3.58625   0.05731  

3 (And_hae) ... 1 (And_bic)
  0  0.0000 1075511.710514  x:  0.14167   3.15973   0.16799  
  1 99.0000 1073225.517340  x:  0.18397   3.16149   0.06971  
  2 36238.9314 1072960.836015  x:  0.17484   3.16185   0.05131  
  3 40335.3376 1072858.181768  x:  0.17179   3.85719   0.05573  
  4 325.9972 1072713.750304  x:  0.15680   3.64443   0.06089  
  5  0.3490 1072713.170138  x:  0.15707   3.59496   0.06099  
  6  0.0483 1072713.164942  x:  0.15706   3.59302   0.06090  
  7  0.0018 1072713.164927  x:  0.15706   3.59313   0.06090  

3 (And_hae) ... 2 (And_ful)
  0  0.0000 1067611.231166  x:  0.12400   3.23160   0.16196  
  1 99.0000 1066378.385784  x:  0.16851   3.23264   0.11353  
  2 41545.6050 1065305.735707  x:  0.16568   3.23380   0.05659  
  3 57493.9285 1065160.669109  x:  0.16417   4.12382   0.06345  
  4 371.4781 1064952.131607  x:  0.14607   4.08742   0.05942  
  5  0.0377 1064948.013400  x:  0.14534   4.04230   0.06211  
  6  0.0784 1064947.847371  x:  0.14551   4.01294   0.06181  
  7  0.0225 1064947.846077  x:  0.14547   4.01165   0.06180  
  8  0.0014 1064947.846076  x:  0.14547   4.01160   0.06181  
  9  0.0001 1064947.846076  x:  0.14547   4.01160   0.06181  

4 (And_hat) ... 1 (And_bic)
  0  0.0000 1052065.889995  x:  0.12513   3.58169   0.05814  
  1 99.0000 1052054.757006  x:  0.12174   3.58167   0.06050  
  2 5344.0496 1052053.859160  x:  0.12222   3.58165   0.06177  
  3 1427.1597 1052053.541197  x:  0.12221   3.53817   0.06162  
  4 14.3267 1052053.538881  x:  0.12216   3.53793   0.06165  
  5  0.0002 1052053.538877  x:  0.12216   3.53778   0.06165  

4 (And_hat) ... 2 (And_ful)
  0  0.0000 1068063.043491  x:  0.12206   3.09168   0.07117  
  1 99.0000 1067418.219017  x:  0.15169   3.09203   0.06314  
  2 45522.7052 1067386.213445  x:  0.15102   3.09249   0.05557  
  3 8257.9166 1067196.608252  x:  0.15085   4.07837   0.05994  
  4 452.2960 1067195.915418  x:  0.15069   4.08088   0.05883  
  5  0.0028 1067195.913712  x:  0.15067   4.08406   0.05884  
  6  0.0021 1067195.913695  x:  0.15067   4.08419   0.05885  
  7  0.0001 1067195.913695  x:  0.15067   4.08419   0.05884  

4 (And_hat) ... 3 (And_hae)
  0  0.0000 1068963.439645  x:  0.12885   3.70961   0.18573  
  1 99.0000 1067415.228119  x:  0.18012   3.71073   0.10956  
  2 36703.0978 1066449.986987  x:  0.17616   3.71145   0.05689  
  3 75247.6084 1066375.368750  x:  0.17462   4.44936   0.06149  
  4 219.4109 1065929.641046  x:  0.14673   4.22598   0.06298  
  5  0.2223 1065928.800356  x:  0.14669   4.14850   0.06308  
  6  0.0781 1065928.763719  x:  0.14672   4.14418   0.06280  
  7  0.0067 1065928.763648  x:  0.14673   4.14411   0.06280  
  8  0.0001 1065928.763648  x:  0.14673   4.14408   0.06280  
  9  0.0000 1065928.763648  x:  0.14673   4.14410   0.06280  

5 (And_mar) ... 1 (And_bic)
  0  0.0000 1033200.308774  x:  0.09155   3.57959   0.05976  
  1 99.0000 1033195.920713  x:  0.09353   3.57954   0.06018  
  2 4383.8476 1033195.687830  x:  0.09345   3.57935   0.06103  
  3 552.5234 1033169.562792  x:  0.09350   3.16904   0.05958  
  4 122.0216 1033169.539485  x:  0.09351   3.15984   0.05938  
  5  0.0107 1033169.539225  x:  0.09351   3.16056   0.05936  
  6  0.0008 1033169.539225  x:  0.09351   3.16057   0.05936  

5 (And_mar) ... 2 (And_ful)
  0  0.0000 1073861.458711  x:  0.14029   2.92891   0.12184  
  1 99.0000 1072631.319197  x:  0.17347   2.93013   0.06688  
  2 35525.4775 1072469.935345  x:  0.16616   2.93057   0.05265  
  3 25783.2552 1072320.591163  x:  0.16400   3.71223   0.05752  
  4 434.6727 1072290.094929  x:  0.15709   3.65554   0.05981  
  5  0.0774 1072289.967493  x:  0.15704   3.63059   0.05967  
  6  0.0187 1072289.966919  x:  0.15707   3.63012   0.05966  
  7  0.0005 1072289.966919  x:  0.15707   3.63012   0.05966  
  8  0.0000 1072289.966919  x:  0.15707   3.63012   0.05966  
  9  0.0000 1072289.966919  x:  0.15707   3.63012   0.05966  
 10  0.0000 1072289.966919  x:  0.15707   3.63012   0.05966  
check convergence!


5 (And_mar) ... 3 (And_hae)
  0  0.0000 1072902.070630  x:  0.13828   3.38285   0.18619  
  1 99.0000 1070449.576427  x:  0.17844   3.38452   0.07345  
  2 33202.8075 1070171.829353  x:  0.16873   3.38481   0.05383  
  3 44724.4542 1070115.428618  x:  0.16628   3.93590   0.05739  
  4 218.0082 1069945.678647  x:  0.15082   3.65374   0.06371  
  5  0.5156 1069945.441988  x:  0.15105   3.62375   0.06385  
  6  0.0339 1069945.441262  x:  0.15104   3.62271   0.06381  
  7  0.0010 1069945.441256  x:  0.15104   3.62276   0.06381  
  8  0.0001 1069945.441256  x:  0.15104   3.62276   0.06381  

5 (And_mar) ... 4 (And_hat)
  0  0.0000 1050287.647167  x:  0.10444   3.26511   0.19121  
  1 99.0000 1049430.777221  x:  0.13870   3.26607   0.13426  
  2 28370.3400 1048250.294962  x:  0.13657   3.26724   0.06051  
  3 81878.4961 1048215.302643  x:  0.13567   3.72710   0.06478  
  4 159.4461 1047877.052998  x:  0.11483   3.60153   0.06376  
  5  0.1247 1047876.059894  x:  0.11474   3.55900   0.06500  
  6  0.0828 1047875.948259  x:  0.11476   3.53647   0.06463  
  7  0.0240 1047875.948172  x:  0.11476   3.53663   0.06462  
  8  0.0002 1047875.948172  x:  0.11476   3.53663   0.06462  

6 (And_tri) ... 1 (And_bic)
  0  0.0000 1048121.905336  x:  0.11577   3.06159   0.05833  
  1 99.0000 1048121.525905  x:  0.11526   3.06158   0.05778  
  2 1002.5865 1048121.478971  x:  0.11541   3.06156   0.05752  
  3 340.4890 1048120.975088  x:  0.11541   3.01481   0.05732  
  4 21.3882 1048120.975078  x:  0.11541   3.01462   0.05732  
  5  0.0002 1048120.975078  x:  0.11541   3.01463   0.05732  

6 (And_tri) ... 2 (And_ful)
  0  0.0000 1066885.607124  x:  0.12784   2.79472   0.05526  
  1 99.0000 1066593.809943  x:  0.14810   2.79502   0.05441  
  2 30422.4890 1066592.104570  x:  0.14813   2.79541   0.05277  
  3 1995.4832 1066441.304212  x:  0.14805   3.56557   0.05621  
  4 474.2875 1066441.091915  x:  0.14819   3.56606   0.05562  
  5  0.0007 1066441.091541  x:  0.14821   3.56707   0.05562  
  6  0.0008 1066441.091533  x:  0.14821   3.56721   0.05562  
  7  0.0001 1066441.091533  x:  0.14821   3.56721   0.05562  
  8  0.0000 1066441.091533  x:  0.14821   3.56721   0.05562  

6 (And_tri) ... 3 (And_hae)
  0  0.0000 1065936.020594  x:  0.12048   3.09298   0.08349  
  1 99.0000 1065391.876418  x:  0.14731   3.09322   0.07157  
  2 39880.6619 1065303.195583  x:  0.14576   3.09356   0.05795  
  3 13160.7118 1065249.118609  x:  0.14558   3.58764   0.06046  
  4 238.2622 1065247.722239  x:  0.14423   3.58711   0.05995  
  5  0.0014 1065247.705024  x:  0.14417   3.58663   0.06013  
  6  0.0006 1065247.705012  x:  0.14417   3.58637   0.06013  
  7  0.0002 1065247.705012  x:  0.14417   3.58637   0.06013  

6 (And_tri) ... 4 (And_hat)
  0  0.0000 1045662.565648  x:  0.11378   3.29449   0.15260  
  1 99.0000 1044930.386160  x:  0.09192   3.29515   0.10588  
  2 25935.0158 1044264.664071  x:  0.09775   3.29581   0.05718  
  3 78860.4984 1044236.208579  x:  0.09837   3.72111   0.06032  
  4 141.0624 1044099.470439  x:  0.10970   3.54857   0.06310  
  5  0.1911 1044097.453537  x:  0.11004   3.56961   0.06093  
  6  0.0343 1044097.451410  x:  0.11008   3.56707   0.06091  
  7  0.0024 1044097.451408  x:  0.11008   3.56711   0.06091  
  8  0.0000 1044097.451408  x:  0.11008   3.56711   0.06091  
  9  0.0000 1044097.451408  x:  0.11008   3.56711   0.06091  
check convergence!


6 (And_tri) ... 5 (And_mar)
  0  0.0000 1046735.636402  x:  0.11343   3.37286   0.16881  
  1 99.0000 1046087.101216  x:  0.09158   3.37301   0.12838  
  2 26089.9124 1045133.713509  x:  0.09645   3.37320   0.06170  
  3 75911.1418 1045112.801754  x:  0.09612   3.04892   0.05902  
  4 118.5204 1044943.825103  x:  0.10771   2.87331   0.06555  
  5  0.2108 1044933.424798  x:  0.10906   2.94762   0.06139  
  6  0.1514 1044933.401045  x:  0.10922   2.94511   0.06140  
  7  0.0023 1044933.400971  x:  0.10922   2.94552   0.06141  

7 (Bom_pas) ... 1 (And_bic)
  0  0.0000 1313530.043124  x:  1.01578   2.74999   0.15279  
  1 99.0000 1300592.547628  x:  1.00404   2.75232   0.05625  
  2 176451.4813 1300500.842612  x:  1.04235   2.78360   0.05135  
  3 3529.2491 1299265.535256  x:  1.09726   4.02397   0.05797  
  4 4162.8836 1299226.560554  x:  1.12523   4.08333   0.05420  
  5  0.0478 1299224.935531  x:  1.13307   4.10548   0.05430  
  6  0.0266 1299224.566010  x:  1.13330   4.13184   0.05429  
  7  0.0196 1299224.565357  x:  1.13320   4.13162   0.05430  
  8  0.0002 1299224.565357  x:  1.13320   4.13161   0.05430  

7 (Bom_pas) ... 2 (And_ful)
  0  0.0000 1315391.642017  x:  1.34951   3.52476   0.11952  
  1 99.0000 1302693.823193  x:  1.34036   3.52573   0.04535  
  2 229261.2118 1302319.149030  x:  1.21202   3.55847   0.05802  
  3 6157.3008 1301938.824605  x:  1.29133   4.43841   0.05593  
  4 997.5349 1301581.909053  x:  1.17092   4.40407   0.05493  
  5  0.1807 1301570.396088  x:  1.18983   4.43414   0.05295  
  6  0.0424 1301570.297383  x:  1.18826   4.43495   0.05290  
  7  0.0019 1301570.296822  x:  1.18825   4.43588   0.05291  
  8  0.0007 1301570.296808  x:  1.18827   4.43600   0.05291  
  9  0.0001 1301570.296808  x:  1.18827   4.43600   0.05291  
 10  0.0000 1301570.296808  x:  1.18827   4.43600   0.05291  
 11  0.0000 1301570.296808  x:  1.18827   4.43600   0.05291  
 12  0.0603 1301570.296808  x:  1.18827   4.43600   0.05291  
check convergence!


7 (Bom_pas) ... 3 (And_hae)
  0  0.0000 1298803.263461  x:  1.09096   3.69798   0.05972  
  1 99.0000 1298742.486186  x:  1.09077   3.69809   0.05551  
  2 27987.6592 1298601.177061  x:  1.16023   4.16720   0.05337  
  3 641.6076 1298565.433109  x:  1.12870   4.28147   0.05523  
  4 3578.4542 1298565.259807  x:  1.12930   4.29562   0.05507  
  5  0.0131 1298565.254839  x:  1.12965   4.29793   0.05508  
  6  0.0022 1298565.254839  x:  1.12965   4.29794   0.05508  

7 (Bom_pas) ... 4 (And_hat)
  0  0.0000 1310720.582490  x:  1.05531   3.60956   0.14887  
  1 99.0000 1298920.621557  x:  1.04448   3.61058   0.05717  
  2 172398.4441 1298886.257409  x:  1.06977   3.61733   0.05386  
  3 2555.0787 1298637.728943  x:  1.10467   4.32104   0.05442  
  4 851.6957 1298606.513978  x:  1.13394   4.31738   0.05507  
  5  0.0482 1298605.306202  x:  1.13927   4.32087   0.05441  
  6  0.0057 1298605.298971  x:  1.13975   4.32437   0.05442  
  7  0.0028 1298605.298913  x:  1.13972   4.32457   0.05442  

7 (Bom_pas) ... 5 (And_mar)
  0  0.0000 1298308.721249  x:  0.99488   3.82907   0.06304  
  1 99.0000 1298280.768694  x:  0.99569   3.82909   0.05993  
  2 17006.2915 1298041.778126  x:  1.09467   3.82980   0.05503  
  3 5656.4336 1298001.329602  x:  1.10903   4.11491   0.05503  
  4 295.7936 1298000.601538  x:  1.11137   4.11521   0.05534  
  5  0.0027 1298000.565738  x:  1.11261   4.11538   0.05525  
  6  0.0011 1298000.565720  x:  1.11262   4.11558   0.05525  

7 (Bom_pas) ... 6 (And_tri)
  0  0.0000 1311041.895506  x:  1.19587   3.74365   0.13959  
  1 99.0000 1297699.480205  x:  1.18348   3.74453   0.05096  
  2 197256.3241 1297624.876708  x:  1.13845   3.75324   0.05653  
  3 3451.5758 1297543.129219  x:  1.16511   4.15718   0.05590  
  4 433.1933 1297457.871152  x:  1.11102   4.12615   0.05527  
  5  0.0959 1297457.153739  x:  1.11485   4.13238   0.05476  
  6  0.0078 1297457.152078  x:  1.11462   4.13229   0.05476  
  7  0.0003 1297457.152077  x:  1.11462   4.13233   0.05476  
  8  0.0000 1297457.152077  x:  1.11462   4.13233   0.05476  