Supplemental results for CODEML (seqf: /home/yzliu/eDNA/faststorage/yzliu/DK_proj/data/ref_genome/ref_annotation/primary_transcripts/extracted_cds_new/new_transcript_id_7_and_pas/bootstraps/cat.out.OG_cds_7_species_same_header_fas.shuf_537OG_766.phy  treef: xxx.trees)


pairwise comparison (Goldman & Yang 1994)
seq seq        N       S       dN       dS     dN/dS   Paras.
  2   1 508249.6 199987.4   0.0097   0.1669   0.0578   0.1621   3.7204   0.0578 -1093065.173
  3   1 508281.5 199955.5   0.0092   0.1571   0.0588   0.1529   3.5467   0.0588 -1088944.383
  3   2 506206.8 202030.2   0.0094   0.1513   0.0619   0.1495   4.0595   0.0619 -1085882.146
  4   1 508021.9 200215.1   0.0073   0.1189   0.0615   0.1165   3.5675   0.0615 -1067000.914
  4   2 505523.3 202713.7   0.0093   0.1547   0.0601   0.1527   4.1487   0.0601 -1087164.268
  4   3 504849.2 203387.8   0.0090   0.1459   0.0618   0.1450   4.0404   0.0618 -1083788.210
  5   1 511322.7 196914.3   0.0055   0.0922   0.0601   0.0889   3.1317   0.0601 -1048239.833
  5   2 507494.1 200742.9   0.0098   0.1625   0.0604   0.1592   3.7725   0.0604 -1092084.914
  5   3 507989.0 200248.0   0.0094   0.1515   0.0620   0.1488   3.5445   0.0620 -1087344.363
  5   4 508096.8 200140.2   0.0074   0.1112   0.0664   0.1101   3.5196   0.0664 -1063628.520
  6   1 512224.8 196012.2   0.0067   0.1182   0.0569   0.1127   3.0531   0.0569 -1064714.370
  6   2 508608.3 199628.7   0.0088   0.1574   0.0561   0.1521   3.6513   0.0561 -1087093.523
  6   3 508722.7 199514.3   0.0087   0.1487   0.0582   0.1444   3.4747   0.0582 -1083996.109
  6   4 508809.4 199427.6   0.0069   0.1112   0.0617   0.1087   3.4526   0.0617 -1061881.419
  6   5 513046.2 195190.8   0.0069   0.1110   0.0618   0.1067   2.9402   0.0618 -1061728.181
  7   1 505980.8 202256.2   0.0623   1.1423   0.0545   1.1122   4.0403   0.0545 -1321136.577
  7   2 502311.3 205925.7   0.0633   1.2089   0.0524   1.1892   4.3684   0.0524 -1324904.069
  7   3 504818.6 203418.4   0.0625   1.1422   0.0547   1.1178   4.1678   0.0547 -1320957.699
  7   4 504761.7 203475.3   0.0621   1.1404   0.0545   1.1158   4.1805   0.0545 -1320320.961
  7   5 506377.2 201859.8   0.0623   1.1263   0.0553   1.0967   4.0249   0.0553 -1320215.777
  7   6 505855.0 202382.0   0.0620   1.1371   0.0545   1.1076   4.0713   0.0545 -1320081.721

