Supplemental results for CODEML (seqf: /home/yzliu/eDNA/faststorage/yzliu/DK_proj/data/ref_genome/ref_annotation/primary_transcripts/extracted_cds_new/new_transcript_id_7_and_pas/bootstraps/cat.out.OG_cds_7_species_same_header_fas.shuf_537OG_79.phy  treef: xxx.trees)


pairwise comparison (Goldman & Yang 1994)
seq seq        N       S       dN       dS     dN/dS   Paras.
  2   1 460558.0 180611.0   0.0106   0.1704   0.0622   0.1668   3.6371   0.0622 -992330.517
  3   1 459817.0 181352.0   0.0100   0.1633   0.0612   0.1601   3.6125   0.0612 -988831.343
  3   2 458693.4 182475.6   0.0105   0.1534   0.0685   0.1535   3.9700   0.0685 -985879.544
  4   1 460217.7 180951.3   0.0077   0.1231   0.0625   0.1208   3.5620   0.0625 -967548.487
  4   2 458550.6 182618.4   0.0102   0.1570   0.0652   0.1561   4.0039   0.0652 -986458.627
  4   3 457223.9 183945.1   0.0098   0.1530   0.0642   0.1526   4.0565   0.0642 -984602.737
  5   1 462087.1 179081.9   0.0056   0.0941   0.0599   0.0910   3.2592   0.0599 -949122.164
  5   2 460144.6 181024.4   0.0107   0.1661   0.0644   0.1637   3.6667   0.0644 -991245.411
  5   3 459546.7 181622.3   0.0101   0.1583   0.0641   0.1564   3.6257   0.0641 -987594.402
  5   4 460302.2 180866.8   0.0077   0.1157   0.0664   0.1144   3.5257   0.0664 -964490.354
  6   1 464350.7 176818.3   0.0071   0.1225   0.0583   0.1169   3.0053   0.0583 -965676.463
  6   2 460982.7 180186.3   0.0099   0.1595   0.0623   0.1559   3.5672   0.0623 -986847.416
  6   3 460219.6 180949.4   0.0096   0.1546   0.0618   0.1515   3.5480   0.0618 -984700.683
  6   4 460688.1 180480.9   0.0073   0.1157   0.0628   0.1134   3.4895   0.0628 -963306.867
  6   5 464269.8 176899.2   0.0073   0.1165   0.0624   0.1122   2.9959   0.0624 -963597.665
  7   1 459191.6 181977.4   0.0681   1.1772   0.0579   1.1487   4.0649   0.0579 -1202880.105
  7   2 455990.4 185178.6   0.0693   1.2443   0.0557   1.2261   4.3603   0.0557 -1206809.058
  7   3 457910.9 183258.1   0.0687   1.1731   0.0586   1.1531   4.2196   0.0586 -1203160.297
  7   4 457664.3 183504.7   0.0680   1.1872   0.0573   1.1650   4.2434   0.0573 -1202635.042
  7   5 459469.5 181699.5   0.0682   1.1627   0.0586   1.1351   4.0483   0.0586 -1202341.937
  7   6 459103.4 182065.6   0.0678   1.1774   0.0576   1.1486   4.0898   0.0576 -1202149.690

