

2 (And_ful) ... 1 (And_bic)
  0  0.0000 1008947.762741  x:  0.14044   1.50526   0.46346  
  1 99.0000 1006877.080088  x:  0.21517   1.52624   0.35551  
  2 37701.7983 996056.334679  x:  0.23513   1.58229   0.04794  
  3 125643.3189 995424.870232  x:  0.22891   2.07865   0.08744  
  4 3268.8237 993067.208985  x:  0.20234   3.17638   0.04425  
  5  2.1093 992355.375962  x:  0.16935   3.48144   0.06726  
  6  0.3697 992333.707984  x:  0.16511   3.56038   0.06316  
  7  0.0772 992331.280124  x:  0.16667   3.57749   0.06162  
  8  0.0152 992330.554504  x:  0.16698   3.63030   0.06232  
  9  0.0152 992330.517187  x:  0.16682   3.63695   0.06219  
 10  0.0064 992330.517183  x:  0.16682   3.63706   0.06219  
 11  0.0001 992330.517183  x:  0.16682   3.63706   0.06219  
 12  0.0000 992330.517183  x:  0.16682   3.63706   0.06219  
 13  0.0000 992330.517183  x:  0.16682   3.63706   0.06219  

3 (And_hae) ... 1 (And_bic)
  0  0.0000 989324.053650  x:  0.15707   3.31345   0.09690  
  1 99.0000 988851.585283  x:  0.15800   3.31389   0.06027  
  2 21534.3786 988849.455174  x:  0.16001   3.31401   0.06012  
  3 2167.4391 988831.622158  x:  0.16008   3.60807   0.06194  
  4 127.9276 988831.343452  x:  0.16007   3.61198   0.06121  
  5  0.0066 988831.343371  x:  0.16007   3.61251   0.06121  
  6  0.0005 988831.343371  x:  0.16007   3.61254   0.06121  
  7  0.0000 988831.343371  x:  0.16007   3.61254   0.06121  
  8  0.0000 988831.343370  x:  0.16007   3.61254   0.06121  

3 (And_hae) ... 2 (And_ful)
  0  0.0000 986057.819546  x:  0.14646   3.11829   0.07160  
  1 99.0000 986017.533477  x:  0.15410   3.11868   0.06697  
  2 9129.3839 986015.614126  x:  0.15344   3.11908   0.06511  
  3 1963.9929 985879.755405  x:  0.15344   3.96789   0.06924  
  4 382.2460 985879.544437  x:  0.15353   3.96836   0.06853  
  5  0.0008 985879.544045  x:  0.15354   3.96986   0.06853  
  6  0.0011 985879.544037  x:  0.15354   3.96996   0.06853  

4 (And_hat) ... 1 (And_bic)
  0  0.0000 967665.911467  x:  0.11057   3.43556   0.07277  
  1 99.0000 967566.666493  x:  0.12163   3.43560   0.06856  
  2 17335.1885 967551.015670  x:  0.12102   3.43569   0.06215  
  3 4931.6023 967548.536770  x:  0.12100   3.56230   0.06269  
  4 40.1006 967548.487188  x:  0.12078   3.56229   0.06252  
  5  0.0003 967548.486863  x:  0.12077   3.56205   0.06255  
  6  0.0003 967548.486863  x:  0.12077   3.56200   0.06255  
  7  0.0000 967548.486863  x:  0.12077   3.56201   0.06255  
  8  0.0000 967548.486863  x:  0.12077   3.56201   0.06255  
  9  0.0007 967548.486863  x:  0.12077   3.56201   0.06255  
check convergence!


4 (And_hat) ... 2 (And_ful)
  0  0.0000 988582.451534  x:  0.16295   3.05692   0.15243  
  1 99.0000 987118.925136  x:  0.13224   3.05868   0.08258  
  2 32761.3471 986759.803915  x:  0.14218   3.05943   0.05673  
  3 46921.3082 986527.773505  x:  0.14560   4.16555   0.06486  
  4 495.8321 986460.424819  x:  0.15585   4.03088   0.06726  
  5  0.1638 986458.652803  x:  0.15613   4.01729   0.06524  
  6  0.0141 986458.627097  x:  0.15610   4.00395   0.06520  
  7  0.0095 986458.627024  x:  0.15609   4.00394   0.06521  
  8  0.0000 986458.627023  x:  0.15609   4.00394   0.06521  
  9  0.0000 986458.627023  x:  0.15609   4.00394   0.06521  

4 (And_hat) ... 3 (And_hae)
  0  0.0000 985544.941569  x:  0.15388   3.35253   0.11669  
  1 99.0000 984742.082848  x:  0.14294   3.35345   0.06524  
  2 25108.6037 984689.471927  x:  0.15090   3.35374   0.05925  
  3 12896.6878 984602.955679  x:  0.15207   4.06664   0.06401  
  4 271.1573 984602.753596  x:  0.15254   4.05902   0.06433  
  5  0.0113 984602.737113  x:  0.15264   4.05714   0.06415  
  6  0.0020 984602.737054  x:  0.15263   4.05650   0.06415  

5 (And_mar) ... 1 (And_bic)
  0  0.0000 949179.714368  x:  0.08715   3.41881   0.05029  
  1 99.0000 949137.358512  x:  0.09268   3.41877   0.05513  
  2 11808.6952 949125.648232  x:  0.09082   3.41870   0.06039  
  3 5017.7442 949122.201147  x:  0.09086   3.26022   0.05986  
  4 41.9879 949122.163734  x:  0.09105   3.25904   0.05990  
  5  0.0011 949122.163654  x:  0.09104   3.25925   0.05992  
  6  0.0002 949122.163654  x:  0.09104   3.25921   0.05992  
  7  0.0000 949122.163654  x:  0.09104   3.25923   0.05992  

5 (And_mar) ... 2 (And_ful)
  0  0.0000 993633.810858  x:  0.16516   2.84618   0.15834  
  1 99.0000 991660.610959  x:  0.14338   2.84859   0.06896  
  2 32913.6495 991473.773131  x:  0.15498   2.84917   0.05487  
  3 30854.4175 991261.045690  x:  0.15899   3.76678   0.06322  
  4 539.4461 991246.144250  x:  0.16322   3.68760   0.06555  
  5  0.1335 991245.415850  x:  0.16375   3.67176   0.06442  
  6  0.0137 991245.410902  x:  0.16373   3.66673   0.06439  
  7  0.0037 991245.410860  x:  0.16372   3.66673   0.06439  

5 (And_mar) ... 3 (And_hae)
  0  0.0000 987774.834791  x:  0.14233   3.21654   0.07222  
  1 99.0000 987634.950015  x:  0.15723   3.21673   0.06591  
  2 17854.6008 987628.860308  x:  0.15653   3.21692   0.06265  
  3 3511.2767 987595.905879  x:  0.15653   3.71482   0.06488  
  4 180.7562 987594.409667  x:  0.15634   3.62819   0.06400  
  5  0.0728 987594.402383  x:  0.15636   3.62565   0.06411  
  6  0.0025 987594.402382  x:  0.15636   3.62573   0.06411  

5 (And_mar) ... 4 (And_hat)
  0  0.0000 964921.660923  x:  0.12442   3.12231   0.10037  
  1 99.0000 964664.959468  x:  0.10839   3.12255   0.08581  
  2 22519.3455 964520.703102  x:  0.11256   3.12297   0.06401  
  3 16102.4207 964493.756677  x:  0.11281   3.62044   0.06719  
  4 148.0101 964490.406304  x:  0.11456   3.54158   0.06647  
  5  0.0780 964490.354438  x:  0.11443   3.52579   0.06635  
  6  0.0144 964490.354185  x:  0.11443   3.52565   0.06637  
  7  0.0002 964490.354183  x:  0.11443   3.52569   0.06637  
  8  0.0000 964490.354183  x:  0.11443   3.52569   0.06637  

6 (And_tri) ... 1 (And_bic)
  0  0.0000 966186.978450  x:  0.10278   3.09681   0.09562  
  1 99.0000 965878.069815  x:  0.12192   3.09687   0.08246  
  2 28154.0348 965684.705273  x:  0.11975   3.09696   0.05799  
  3 18246.5801 965683.174543  x:  0.11979   3.01426   0.05750  
  4 34.9490 965676.518577  x:  0.11694   3.00324   0.05862  
  5  0.0109 965676.463123  x:  0.11686   3.00525   0.05828  
  6  0.0030 965676.463120  x:  0.11686   3.00534   0.05828  

6 (And_tri) ... 2 (And_ful)
  0  0.0000 989496.344816  x:  0.15358   2.78591   0.16694  
  1 99.0000 987124.894992  x:  0.14120   2.78881   0.06238  
  2 31854.8865 987017.814098  x:  0.15224   2.78929   0.05430  
  3 20716.9113 986847.827754  x:  0.15543   3.55748   0.06310  
  4 500.5848 986847.493930  x:  0.15553   3.56884   0.06233  
  5  0.0155 986847.415545  x:  0.15590   3.56682   0.06233  
  6  0.0029 986847.415525  x:  0.15590   3.56715   0.06233  
  7  0.0002 986847.415525  x:  0.15590   3.56715   0.06233  

6 (And_tri) ... 3 (And_hae)
  0  0.0000 987205.044440  x:  0.16508   3.14486   0.16557  
  1 99.0000 985789.508610  x:  0.12616   3.14587   0.10853  
  2 36833.2875 984935.461790  x:  0.13379   3.14672   0.05816  
  3 58159.6994 984872.543138  x:  0.13511   3.69940   0.06257  
  4 246.9514 984701.736280  x:  0.15129   3.54085   0.06326  
  5  0.1744 984700.685445  x:  0.15148   3.55118   0.06181  
  6  0.0176 984700.683225  x:  0.15151   3.54805   0.06179  
  7  0.0028 984700.683224  x:  0.15151   3.54801   0.06179  
  8  0.0000 984700.683224  x:  0.15151   3.54801   0.06179  

6 (And_tri) ... 4 (And_hat)
  0  0.0000 963613.633578  x:  0.10085   3.05031   0.08382  
  1 99.0000 963419.598113  x:  0.11569   3.05047   0.07627  
  2 24434.0764 963340.993480  x:  0.11445   3.05082   0.06122  
  3 10805.9032 963307.926934  x:  0.11429   3.48960   0.06374  
  4 163.6271 963306.888622  x:  0.11348   3.48979   0.06260  
  5  0.0015 963306.867466  x:  0.11337   3.48959   0.06278  
  6  0.0003 963306.867462  x:  0.11337   3.48945   0.06277  
  7  0.0001 963306.867462  x:  0.11337   3.48945   0.06277  
check convergence!


6 (And_tri) ... 5 (And_mar)
  0  0.0000 964215.389506  x:  0.11043   3.00528   0.11639  
  1 99.0000 963598.677447  x:  0.11111   3.00574   0.06251  
  2 18128.8860 963597.685545  x:  0.11222   3.00574   0.06242  
  3 1821.6475 963597.666049  x:  0.11222   2.99630   0.06233  
  4  4.1130 963597.664986  x:  0.11221   2.99592   0.06239  
  5  0.0008 963597.664969  x:  0.11221   2.99591   0.06239  

7 (Bom_pas) ... 1 (And_bic)
  0  0.0000 1204099.753648  x:  0.98560   2.80519   0.06080  
  1 99.0000 1204090.801463  x:  0.98700   2.80569   0.06252  
  2 8005.3344 1203833.407260  x:  1.09161   2.84657   0.05650  
  3 7837.9926 1202895.290366  x:  1.12056   4.01381   0.06005  
  4 2224.7339 1202880.952887  x:  1.14377   4.03915   0.05770  
  5  0.0271 1202880.135489  x:  1.14847   4.05753   0.05790  
  6  0.0162 1202880.105728  x:  1.14885   4.06458   0.05785  
  7  0.0048 1202880.105138  x:  1.14872   4.06485   0.05786  
  8  0.0003 1202880.105138  x:  1.14872   4.06486   0.05786  

7 (Bom_pas) ... 2 (And_ful)
  0  0.0000 1229863.752725  x:  1.47095   3.64384   0.16219  
  1 99.0000 1207993.667350  x:  1.45239   3.64559   0.04571  
  2 219388.5258 1207804.513769  x:  1.38463   3.66064   0.05478  
  3 6044.3042 1207488.171042  x:  1.45589   4.53099   0.05315  
  4 828.6726 1206826.189412  x:  1.21213   4.27641   0.05814  
  5  0.3526 1206809.791247  x:  1.23249   4.36506   0.05570  
  6  0.0817 1206809.058509  x:  1.22611   4.36073   0.05573  
  7  0.0110 1206809.058430  x:  1.22605   4.36036   0.05573  
  8  0.0004 1206809.058428  x:  1.22606   4.36032   0.05573  

7 (Bom_pas) ... 3 (And_hae)
  0  0.0000 1205507.671369  x:  1.27987   3.72119   0.07707  
  1 99.0000 1203662.672285  x:  1.27742   3.72145   0.05201  
  2 124351.5216 1203285.744335  x:  1.12606   3.75052   0.06140  
  3 4568.6296 1203186.523301  x:  1.16585   4.20436   0.06063  
  4 469.1758 1203160.460853  x:  1.15023   4.21772   0.05879  
  5  0.0258 1203160.297108  x:  1.15301   4.21889   0.05855  
  6  0.0035 1203160.296864  x:  1.15308   4.21954   0.05855  
  7  0.0006 1203160.296862  x:  1.15308   4.21958   0.05855  
  8  0.0000 1203160.296862  x:  1.15308   4.21958   0.05855  
  9  0.0000 1203160.296862  x:  1.15308   4.21958   0.05855  
 10  0.0000 1203160.296862  x:  1.15308   4.21958   0.05855  
 11  0.0877 1203160.296862  x:  1.15308   4.21958   0.05855  
 12  0.0016 1203160.296862  x:  1.15308   4.21958   0.05855  
 13  0.0130 1203160.296862  x:  1.15308   4.21958   0.05855  
check convergence!


7 (Bom_pas) ... 4 (And_hat)
  0  0.0000 1205894.247525  x:  1.26690   3.54365   0.08254  
  1 99.0000 1203210.632161  x:  1.26388   3.54402   0.05141  
  2 140988.5800 1202882.742144  x:  1.12678   3.57886   0.06065  
  3 4408.2360 1202676.223692  x:  1.18374   4.22144   0.05962  
  4 719.6071 1202635.140820  x:  1.16264   4.23726   0.05744  
  5  0.0354 1202635.044016  x:  1.16488   4.24145   0.05726  
  6  0.0051 1202635.042406  x:  1.16496   4.24334   0.05727  
  7  0.0015 1202635.042404  x:  1.16496   4.24336   0.05727  
  8  0.0000 1202635.042404  x:  1.16496   4.24336   0.05727  
check convergence!


7 (Bom_pas) ... 5 (And_mar)
  0  0.0000 1211369.083122  x:  1.28633   3.55237   0.11598  
  1 99.0000 1202958.378413  x:  1.27824   3.55310   0.05116  
  2 183313.5154 1202644.188873  x:  1.15450   3.57666   0.06331  
  3 5137.5023 1202530.410496  x:  1.19466   4.04296   0.06223  
  4 524.4752 1202348.216878  x:  1.12155   4.03839   0.06027  
  5  0.1151 1202341.946643  x:  1.13552   4.05114   0.05864  
  6  0.0228 1202341.937016  x:  1.13507   4.04884   0.05862  
  7  0.0023 1202341.936858  x:  1.13505   4.04832   0.05862  
  8  0.0004 1202341.936858  x:  1.13505   4.04832   0.05862  

7 (Bom_pas) ... 6 (And_tri)
  0  0.0000 1207403.206379  x:  1.11452   3.49329   0.11087  
  1 99.0000 1202333.372172  x:  1.10948   3.49384   0.05787  
  2 145142.4971 1202153.826922  x:  1.13501   4.07391   0.05879  
  3 668.8281 1202149.699818  x:  1.14853   4.08566   0.05757  
  4 869.7259 1202149.691255  x:  1.14840   4.08860   0.05755  
  5  0.0032 1202149.690092  x:  1.14855   4.08979   0.05756  
  6  0.0014 1202149.690092  x:  1.14855   4.08980   0.05756  