Supplemental results for CODEML (seqf: /home/yzliu/eDNA/faststorage/yzliu/DK_proj/data/ref_genome/ref_annotation/primary_transcripts/extracted_cds_new/new_transcript_id_8_bom_apis/bootstraps/cat.out.OG_cds_8_species_same_header_fas.shuf_211OG_769.phy  treef: xxx.trees)


pairwise comparison (Goldman & Yang 1994)
seq seq        N       S       dN       dS     dN/dS   Paras.
  2   1 171824.4  56349.6   0.0526   0.5881   0.0895   0.5546   4.2386   0.0895 -397908.969
  3   1 171548.4  56625.6   0.0529   0.6067   0.0872   0.5710   4.2689   0.0872 -398839.619
  3   2 166975.3  61198.7   0.0130   0.1068   0.1219   0.1145   5.4111   0.1219 -340158.044
  4   1 171984.7  56189.3   0.0523   0.5987   0.0873   0.5605   4.2414   0.0873 -397816.042
  4   2 167364.6  60809.4   0.0126   0.0985   0.1278   0.1065   5.3824   0.1278 -338322.448
  4   3 166834.4  61339.6   0.0071   0.0618   0.1146   0.0653   5.6817   0.1146 -327445.936
  5   1 172037.7  56136.3   0.0532   0.6024   0.0884   0.5650   4.2130   0.0884 -398526.380
  5   2 167283.8  60890.2   0.0141   0.1051   0.1339   0.1151   5.4717   0.1339 -340484.308
  5   3 166892.1  61281.9   0.0078   0.0616   0.1273   0.0669   5.6406   0.1273 -328067.542
  5   4 167115.5  61058.5   0.0080   0.0609   0.1321   0.0665   5.7812   0.1321 -327886.255
  6   1 172019.6  56154.4   0.0534   0.6037   0.0885   0.5665   4.2138   0.0885 -398688.231
  6   2 167353.7  60820.3   0.0143   0.1061   0.1350   0.1164   5.3929   0.1350 -340836.486
  6   3 166828.8  61345.2   0.0080   0.0624   0.1283   0.0679   5.6875   0.1283 -328332.201
  6   4 166955.1  61218.9   0.0084   0.0614   0.1366   0.0678   5.9319   0.1366 -328295.099
  6   5 166816.3  61357.7   0.0027   0.0198   0.1362   0.0218   6.0988   0.1362 -313635.614
  7   1 172082.4  56091.6   0.0537   0.6011   0.0893   0.5648   4.2393   0.0893 -398614.139
  7   2 167481.8  60692.2   0.0140   0.1082   0.1294   0.1172   5.3571   0.1294 -340855.161
  7   3 166907.8  61266.2   0.0077   0.0654   0.1171   0.0695   5.6972   0.1171 -328592.425
  7   4 167215.9  60958.1   0.0079   0.0644   0.1226   0.0690   5.7559   0.1226 -328414.167
  7   5 167256.2  60917.8   0.0077   0.0589   0.1305   0.0640   5.7309   0.1305 -327129.857
  7   6 167232.3  60941.7   0.0079   0.0594   0.1329   0.0650   5.7395   0.1329 -327453.749
  8   1 171958.8  56215.2   0.0532   0.6039   0.0881   0.5666   4.2187   0.0881 -398600.076
  8   2 167219.3  60954.7   0.0138   0.1046   0.1318   0.1141   5.4710   0.1318 -340227.806
  8   3 166714.6  61459.4   0.0077   0.0614   0.1258   0.0666   5.7511   0.1258 -327967.052
  8   4 166845.3  61328.7   0.0080   0.0610   0.1304   0.0667   5.9944   0.1304 -327886.192
  8   5 166401.1  61772.9   0.0022   0.0182   0.1190   0.0196   6.5211   0.1190 -312681.166
  8   6 166050.8  62123.2   0.0024   0.0191   0.1283   0.0209   6.9512   0.1283 -313239.035
  8   7 167013.3  61160.7   0.0075   0.0584   0.1283   0.0634   5.9128   0.1283 -326934.026

