Supplemental results for CODEML (seqf: /home/yzliu/eDNA/faststorage/yzliu/DK_proj/data/ref_genome/ref_annotation/primary_transcripts/extracted_cds_new/new_transcript_id_7_and_pas/bootstraps/cat.out.OG_cds_7_species_same_header_fas.shuf_537OG_185.phy  treef: xxx.trees)


pairwise comparison (Goldman & Yang 1994)
seq seq        N       S       dN       dS     dN/dS   Paras.
  2   1 489982.2 193507.8   0.0103   0.1725   0.0600   0.1687   3.7186   0.0600 -1058304.393
  3   1 489118.4 194371.6   0.0097   0.1612   0.0603   0.1584   3.6916   0.0603 -1053187.513
  3   2 487942.7 195547.3   0.0101   0.1537   0.0656   0.1536   4.0688   0.0656 -1050374.671
  4   1 490341.4 193148.6   0.0077   0.1203   0.0641   0.1186   3.5182   0.0641 -1030784.492
  4   2 487464.6 196025.4   0.0102   0.1601   0.0636   0.1596   4.1315   0.0636 -1053105.566
  4   3 486261.8 197228.2   0.0097   0.1503   0.0643   0.1507   4.1416   0.0643 -1048732.604
  5   1 493003.8 190486.2   0.0057   0.0937   0.0608   0.0907   3.1546   0.0608 -1012200.182
  5   2 489212.9 194277.1   0.0107   0.1696   0.0629   0.1675   3.7876   0.0629 -1058338.849
  5   3 488710.9 194779.1   0.0101   0.1564   0.0645   0.1554   3.7162   0.0645 -1052534.876
  5   4 490235.0 193255.0   0.0078   0.1145   0.0679   0.1138   3.5028   0.0679 -1028424.556
  6   1 494706.0 188784.0   0.0069   0.1224   0.0567   0.1165   2.9767   0.0567 -1029324.015
  6   2 490562.8 192927.2   0.0097   0.1638   0.0594   0.1597   3.6119   0.0594 -1053611.413
  6   3 489885.6 193604.4   0.0093   0.1535   0.0607   0.1505   3.5661   0.0607 -1049266.757
  6   4 491421.5 192068.5   0.0074   0.1140   0.0645   0.1120   3.3621   0.0645 -1026871.269
  6   5 494788.2 188701.8   0.0073   0.1159   0.0627   0.1118   2.9467   0.0627 -1027439.290
  7   1 488854.6 194635.4   0.0639   1.1747   0.0544   1.1406   4.1371   0.0544 -1275561.899
  7   2 485339.8 198150.2   0.0652   1.2428   0.0525   1.2199   4.4368   0.0525 -1280055.769
  7   3 487700.6 195789.4   0.0644   1.1669   0.0552   1.1406   4.2672   0.0552 -1275741.576
  7   4 487544.5 195945.5   0.0641   1.1773   0.0545   1.1497   4.2907   0.0545 -1275636.810
  7   5 489211.5 194278.5   0.0641   1.1626   0.0552   1.1292   4.1295   0.0552 -1275273.542
  7   6 489074.5 194415.5   0.0638   1.1715   0.0545   1.1367   4.1290   0.0545 -1275199.156

