

2 (Bom_con) ... 1 (Apis_mel)
  0  0.0000 428151.192315  x:  0.48519   1.52418   0.38777  
  1 99.0000 420775.884291  x:  0.40451   1.57965   0.09362  
  2 27107.5261 420568.288377  x:  0.42975   1.59007   0.07372  
  3 13800.7277 418073.778025  x:  0.53216   3.33881   0.11345  
  4 4341.6780 417870.983356  x:  0.49083   3.65950   0.10057  
  5  0.3306 417784.808148  x:  0.52768   3.94930   0.08880  
  6  0.1468 417770.676167  x:  0.53317   4.12072   0.09392  
  7  0.0882 417766.997955  x:  0.53007   4.25074   0.09301  
  8  0.0872 417766.989014  x:  0.53012   4.24901   0.09316  
  9  0.0017 417766.988995  x:  0.53010   4.24907   0.09316  
 10  0.0001 417766.988995  x:  0.53009   4.24906   0.09316  

3 (Bom_hor) ... 1 (Apis_mel)
  0  0.0000 418702.598073  x:  0.48005   3.69354   0.08724  
  1 99.0000 418639.092187  x:  0.49001   3.69384   0.09977  
  2 8382.8486 418554.687736  x:  0.53492   3.69612   0.09070  
  3 4813.9074 418486.080707  x:  0.54126   4.37569   0.09236  
  4 222.7063 418485.965031  x:  0.54245   4.37453   0.09179  
  5  0.0017 418485.963836  x:  0.54260   4.37471   0.09181  
  6  0.0002 418485.963836  x:  0.54260   4.37473   0.09181  

3 (Bom_hor) ... 2 (Bom_con)
  0  0.0000 357682.590888  x:  0.08864   3.78742   0.21885  
  1 99.0000 357497.400426  x:  0.11142   3.78768   0.21046  
  2 16679.4806 357060.894924  x:  0.11208   3.79109   0.10061  
  3 6687.2334 356987.447841  x:  0.11183   5.23913   0.11562  
  4 120.7704 356981.380142  x:  0.11138   5.33200   0.10621  
  5  0.1798 356981.027044  x:  0.11045   5.39173   0.10688  
  6  0.0445 356981.017873  x:  0.11052   5.41103   0.10690  
  7  0.0113 356981.017845  x:  0.11052   5.41091   0.10692  
  8  0.0001 356981.017845  x:  0.11052   5.41087   0.10692  
  9  0.0000 356981.017845  x:  0.11052   5.41091   0.10692  

4 (Bom_hyp) ... 1 (Apis_mel)
  0  0.0000 418042.513295  x:  0.51721   4.42700   0.15307  
  1 99.0000 417324.057993  x:  0.51045   4.42718   0.09469  
  2 19816.2663 417305.443353  x:  0.53217   4.42674   0.09025  
  3 1726.8283 417304.928323  x:  0.53145   4.36192   0.09010  
  4 15.4569 417303.756796  x:  0.53288   4.35696   0.09171  
  5  0.0108 417303.756531  x:  0.53296   4.35752   0.09169  
  6  0.0005 417303.756530  x:  0.53296   4.35747   0.09169  

4 (Bom_hyp) ... 2 (Bom_con)
  0  0.0000 355955.853126  x:  0.09036   3.57647   0.13689  
  1 99.0000 355873.474109  x:  0.10537   3.57669   0.13327  
  2 11279.4451 355833.042076  x:  0.10536   3.57831   0.10682  
  3 2790.5861 355734.258796  x:  0.10514   5.31500   0.11915  
  4 143.2741 355732.096186  x:  0.10519   5.33607   0.11296  
  5  0.0245 355732.067337  x:  0.10519   5.37331   0.11291  
  6  0.0192 355732.066640  x:  0.10519   5.37448   0.11302  
  7  0.0012 355732.066640  x:  0.10519   5.37449   0.11302  
  8  0.0000 355732.066640  x:  0.10519   5.37449   0.11302  
  9  0.0000 355732.066640  x:  0.10519   5.37449   0.11302  
 10  0.0038 355732.066640  x:  0.10519   5.37449   0.11302  
 11  0.0012 355732.066640  x:  0.10519   5.37449   0.11302  
check convergence!


4 (Bom_hyp) ... 3 (Bom_hor)
  0  0.0000 344593.241680  x:  0.05108   4.30855   0.19360  
  1 99.0000 344501.350683  x:  0.06279   4.30861   0.19156  
  2 16654.8821 344347.446619  x:  0.06307   4.31100   0.10851  
  3 3002.7501 344303.695019  x:  0.06294   6.07849   0.12268  
  4 60.2075 344301.380639  x:  0.06298   6.14683   0.11439  
  5  0.1136 344301.332473  x:  0.06297   6.22411   0.11465  
  6  0.0401 344301.332403  x:  0.06297   6.22268   0.11468  
  7  0.0015 344301.332403  x:  0.06297   6.22261   0.11468  
  8  0.0001 344301.332403  x:  0.06297   6.22264   0.11468  
  9  0.0000 344301.332402  x:  0.06297   6.22264   0.11468  

5 (Bom_mus) ... 1 (Apis_mel)
  0  0.0000 418160.293904  x:  0.52364   5.07664   0.12053  
  1 99.0000 417996.278563  x:  0.52353   5.07638   0.09663  
  2 11728.0746 417976.831526  x:  0.54746   5.07397   0.09315  
  3 1670.7546 417918.064536  x:  0.53981   4.33463   0.09220  
  4 146.9769 417917.942749  x:  0.53897   4.33359   0.09176  
  5  0.0019 417917.939132  x:  0.53867   4.33275   0.09183  
  6  0.0010 417917.939127  x:  0.53867   4.33294   0.09183  

5 (Bom_mus) ... 2 (Bom_con)
  0  0.0000 357411.393171  x:  0.11279   3.68827   0.16391  
  1 99.0000 357334.040265  x:  0.10092   3.68928   0.13625  
  2 4870.4973 357257.438172  x:  0.10742   3.69063   0.10233  
  3 12872.7120 357175.092022  x:  0.10843   5.27597   0.11401  
  4 129.0870 357172.148291  x:  0.11142   5.25544   0.11174  
  5  0.0207 357172.144628  x:  0.11138   5.24917   0.11153  
  6  0.0058 357172.144045  x:  0.11138   5.24478   0.11157  
  7  0.0032 357172.144042  x:  0.11139   5.24472   0.11157  

5 (Bom_mus) ... 3 (Bom_hor)
  0  0.0000 345133.680354  x:  0.05998   4.47622   0.15583  
  1 99.0000 345118.316346  x:  0.06509   4.47626   0.15429  
  2 5931.8810 345083.266525  x:  0.06509   4.47722   0.11787  
  3 1868.6635 345067.504515  x:  0.06501   5.49753   0.12404  
  4 34.9249 345067.353204  x:  0.06496   5.50388   0.12187  
  5  0.0086 345067.352663  x:  0.06494   5.50773   0.12189  
  6  0.0032 345067.352653  x:  0.06494   5.50847   0.12189  
  7  0.0006 345067.352653  x:  0.06494   5.50850   0.12189  

5 (Bom_mus) ... 4 (Bom_hyp)
  0  0.0000 344733.859021  x:  0.06040   4.34428   0.10395  
  1 99.0000 344722.446956  x:  0.06482   4.34432   0.10482  
  2 5213.0144 344717.733288  x:  0.06453   4.34487   0.11610  
  3 897.2046 344691.731185  x:  0.06441   5.67288   0.12164  
  4 46.1255 344691.725190  x:  0.06444   5.67142   0.12122  
  5  0.0013 344691.725175  x:  0.06444   5.67166   0.12121  
  6  0.0002 344691.725175  x:  0.06444   5.67181   0.12121  

6 (Bom_pas) ... 1 (Apis_mel)
  0  0.0000 419266.365058  x:  0.48657   4.68569   0.17568  
  1 99.0000 418235.298005  x:  0.48890   4.68562   0.09829  
  2 20557.3566 418125.163457  x:  0.54183   4.68420   0.08865  
  3 4485.3772 418112.944830  x:  0.53850   4.35925   0.08776  
  4 71.8992 418105.706976  x:  0.54092   4.33555   0.09199  
  5  0.0605 418105.692642  x:  0.54102   4.34342   0.09186  
  6  0.0081 418105.692477  x:  0.54102   4.34267   0.09185  
  7  0.0008 418105.692476  x:  0.54103   4.34267   0.09185  
  8  0.0000 418105.692476  x:  0.54103   4.34268   0.09185  
  9  0.0000 418105.692476  x:  0.54103   4.34267   0.09185  

6 (Bom_pas) ... 2 (Bom_con)
  0  0.0000 357938.411774  x:  0.11847   3.56549   0.16072  
  1 99.0000 357881.725361  x:  0.10620   3.56609   0.14692  
  2 5909.7955 357786.617852  x:  0.11079   3.56807   0.10511  
  3 7200.8492 357678.144087  x:  0.11147   5.31361   0.11887  
  4 156.1081 357675.333259  x:  0.11326   5.33624   0.11310  
  5  0.0263 357675.295884  x:  0.11353   5.35104   0.11351  
  6  0.0142 357675.291457  x:  0.11351   5.36430   0.11347  
  7  0.0077 357675.291405  x:  0.11350   5.36452   0.11349  
  8  0.0002 357675.291405  x:  0.11350   5.36452   0.11349  
  9  0.0000 357675.291405  x:  0.11350   5.36452   0.11349  
 10  0.0304 357675.291405  x:  0.11350   5.36452   0.11349  
check convergence!


6 (Bom_pas) ... 3 (Bom_hor)
  0  0.0000 345796.916831  x:  0.06928   4.30499   0.20939  
  1 99.0000 345780.983677  x:  0.06404   4.30511   0.20493  
  2 4502.2321 345625.431353  x:  0.06550   4.30743   0.11841  
  3 4790.3489 345594.837275  x:  0.06559   5.67729   0.13011  
  4 52.2121 345593.059010  x:  0.06643   5.72152   0.12343  
  5  0.0675 345592.951386  x:  0.06682   5.73456   0.12427  
  6  0.0148 345592.949803  x:  0.06682   5.74572   0.12422  
  7  0.0074 345592.949751  x:  0.06682   5.74648   0.12426  
  8  0.0007 345592.949751  x:  0.06682   5.74652   0.12426  

6 (Bom_pas) ... 4 (Bom_hyp)
  0  0.0000 345482.563038  x:  0.05287   4.57936   0.09369  
  1 99.0000 345353.826966  x:  0.06720   4.57938   0.09554  
  2 19448.5166 345331.659058  x:  0.06669   4.57979   0.11903  
  3 2098.9125 345306.462278  x:  0.06658   5.95129   0.12388  
  4 43.1203 345306.461163  x:  0.06655   5.94902   0.12401  
  5  0.0017 345306.461153  x:  0.06655   5.94827   0.12402  

6 (Bom_pas) ... 5 (Bom_mus)
  0  0.0000 330010.324609  x:  0.02135   4.85313   0.09829  
  1 99.0000 330010.054833  x:  0.02097   4.85314   0.09840  
  2 1327.5533 330007.736823  x:  0.02097   4.85340   0.11077  
  3 400.2607 330003.729065  x:  0.02090   5.84335   0.11420  
  4  9.0915 330003.718168  x:  0.02094   5.83812   0.11506  
  5  0.0044 330003.718116  x:  0.02093   5.83676   0.11509  
  6  0.0016 330003.718075  x:  0.02093   5.83894   0.11510  
  7  0.0016 330003.718073  x:  0.02093   5.83894   0.11510  
  8  0.0147 330003.718070  x:  0.02093   5.83894   0.11510  
  9  0.0000 330003.718061  x:  0.02093   5.83894   0.11510  
 10  0.0015 330003.718061  x:  0.02093   5.83894   0.11510  
 11  0.0002 330003.718058  x:  0.02093   5.83894   0.11510  
 12  7.7473 330003.718058  x:  0.02093   5.83894   0.11510  
 13  0.1027 330003.718057  x:  0.02093   5.83894   0.11510  
 14  0.2601 330003.718057  x:  0.02093   5.83894   0.11510  
 15  1.8475 330003.718057  x:  0.02093   5.83894   0.11510  
 16  0.2782 330003.718057  x:  0.02093   5.83894   0.11510  
check convergence!


7 (Bom_syl) ... 1 (Apis_mel)
  0  0.0000 420501.753042  x:  0.40715   4.83363   0.21458  
  1 99.0000 418522.989624  x:  0.46315   4.83325   0.09891  
  2 22310.0152 418303.709594  x:  0.52520   4.83194   0.10611  
  3 8234.9097 418268.258876  x:  0.52328   4.29326   0.10349  
  4 122.2172 418238.667053  x:  0.53603   4.35922   0.09341  
  5  0.1500 418238.351540  x:  0.53880   4.36458   0.09355  
  6  0.0050 418238.350717  x:  0.53885   4.36412   0.09350  
  7  0.0005 418238.350716  x:  0.53885   4.36420   0.09350  
  8  0.0001 418238.350716  x:  0.53885   4.36419   0.09350  
  9  0.0000 418238.350716  x:  0.53885   4.36419   0.09350  

7 (Bom_syl) ... 2 (Bom_con)
  0  0.0000 358163.132705  x:  0.11595   3.61464   0.14302  
  1 99.0000 358137.943194  x:  0.10840   3.61531   0.13128  
  2 3509.9700 358109.249539  x:  0.11258   3.61672   0.11036  
  3 5231.5730 358007.987674  x:  0.11308   5.32764   0.12245  
  4 148.6521 358007.119012  x:  0.11378   5.33767   0.11875  
  5  0.0108 358007.113074  x:  0.11387   5.35068   0.11885  
  6  0.0083 358007.112501  x:  0.11383   5.35382   0.11884  
  7  0.0026 358007.112501  x:  0.11383   5.35386   0.11884  

7 (Bom_syl) ... 3 (Bom_hor)
  0  0.0000 345463.752860  x:  0.05593   4.27390   0.17215  
  1 99.0000 345405.620800  x:  0.06562   4.27396   0.17051  
  2 12529.0028 345341.506574  x:  0.06580   4.27571   0.11915  
  3 2204.3785 345303.720207  x:  0.06567   5.85640   0.13051  
  4 57.4630 345302.935903  x:  0.06570   5.88094   0.12545  
  5  0.0337 345302.928540  x:  0.06569   5.90820   0.12550  
  6  0.0155 345302.928507  x:  0.06569   5.90815   0.12554  
  7  0.0001 345302.928507  x:  0.06569   5.90812   0.12554  
  8  0.0000 345302.928507  x:  0.06569   5.90812   0.12554  
check convergence!


7 (Bom_syl) ... 4 (Bom_hyp)
  0  0.0000 345114.431028  x:  0.05505   4.61859   0.15858  
  1 99.0000 345047.633026  x:  0.06539   4.61864   0.15733  
  2 13657.9651 345012.883788  x:  0.06554   4.61991   0.12065  
  3 1715.8698 344979.594764  x:  0.06544   6.25464   0.13021  
  4 48.7832 344979.188035  x:  0.06548   6.26885   0.12654  
  5  0.0180 344979.185497  x:  0.06549   6.28561   0.12653  
  6  0.0100 344979.185464  x:  0.06549   6.28599   0.12657  
  7  0.0004 344979.185463  x:  0.06549   6.28604   0.12656  
  8  0.0000 344979.185463  x:  0.06549   6.28604   0.12656  
  9  0.0000 344979.185463  x:  0.06549   6.28602   0.12656  
 10  0.0000 344979.185463  x:  0.06549   6.28602   0.12656  
 11  0.0000 344979.185463  x:  0.06549   6.28602   0.12656  
 12  0.0000 344979.185463  x:  0.06549   6.28602   0.12656  

7 (Bom_syl) ... 5 (Bom_mus)
  0  0.0000 344340.836590  x:  0.04849   4.91226   0.20804  
  1 99.0000 344219.528319  x:  0.06163   4.91229   0.20661  
  2 20001.5443 344117.547819  x:  0.06188   4.91364   0.13100  
  3 2247.6522 344107.958854  x:  0.06185   5.82136   0.13736  
  4 24.0675 344107.749447  x:  0.06190   5.82318   0.13453  
  5  0.0056 344107.747016  x:  0.06195   5.81390   0.13445  
  6  0.0072 344107.747009  x:  0.06195   5.81365   0.13446  
  7  0.0003 344107.747009  x:  0.06195   5.81360   0.13446  
  8  0.0001 344107.747008  x:  0.06195   5.81355   0.13446  
  9  0.0001 344107.747008  x:  0.06195   5.81355   0.13446  
check convergence!


7 (Bom_syl) ... 6 (Bom_pas)
  0  0.0000 344986.736861  x:  0.06734   4.79342   0.22856  
  1 99.0000 344972.398446  x:  0.06238   4.79348   0.22565  
  2 4856.9831 344836.939184  x:  0.06345   4.79556   0.13570  
  3 3202.2994 344816.944317  x:  0.06349   6.04565   0.14565  
  4 36.4995 344816.058458  x:  0.06395   6.08028   0.14011  
  5  0.0555 344816.019044  x:  0.06419   6.09178   0.14059  
  6  0.0125 344816.018503  x:  0.06419   6.09921   0.14058  
  7  0.0051 344816.018498  x:  0.06419   6.09936   0.14059  
  8  0.0002 344816.018498  x:  0.06419   6.09936   0.14059  
  9  0.0001 344816.018498  x:  0.06419   6.09936   0.14059  
 10  0.0138 344816.018498  x:  0.06419   6.09936   0.14059  
 11  0.0015 344816.018498  x:  0.06419   6.09936   0.14059  
 12  0.0021 344816.018498  x:  0.06419   6.09936   0.14059  
 13  0.0041 344816.018498  x:  0.06419   6.09936   0.14059  
check convergence!


8 (Bom_vet) ... 1 (Apis_mel)
  0  0.0000 420582.988987  x:  0.46332   4.87191   0.23467  
  1 99.0000 418343.505885  x:  0.47206   4.87180   0.10010  
  2 22762.4833 418149.444037  x:  0.53842   4.87009   0.08670  
  3 6376.7107 418126.784912  x:  0.53367   4.41432   0.08502  
  4 92.8271 418102.375452  x:  0.53915   4.33117   0.09200  
  5  0.3349 418102.192757  x:  0.54081   4.36272   0.09191  
  6  0.0341 418102.185402  x:  0.54113   4.35855   0.09182  
  7  0.0039 418102.185385  x:  0.54113   4.35861   0.09182  
  8  0.0001 418102.185385  x:  0.54113   4.35861   0.09182  

8 (Bom_vet) ... 2 (Bom_con)
  0  0.0000 357270.038290  x:  0.10575   3.67453   0.11489  
  1 99.0000 357258.894234  x:  0.11171   3.67478   0.11299  
  2 3666.1524 357254.393964  x:  0.11151   3.67593   0.10467  
  3 1126.2520 357162.714285  x:  0.11139   5.35591   0.11436  
  4 138.5165 357162.263883  x:  0.11145   5.36109   0.11161  
  5  0.0055 357162.261273  x:  0.11146   5.37217   0.11163  
  6  0.0058 357162.261258  x:  0.11145   5.37228   0.11164  

8 (Bom_vet) ... 3 (Bom_hor)
  0  0.0000 345229.180887  x:  0.05793   4.56678   0.08495  
  1 99.0000 345184.044751  x:  0.06661   4.56680   0.08801  
  2 10292.7828 345145.579081  x:  0.06504   4.56710   0.11794  
  3 3153.6885 345125.525436  x:  0.06491   5.77656   0.12192  
  4 38.2399 345125.449167  x:  0.06526   5.77709   0.12245  
  5  0.0007 345125.447641  x:  0.06524   5.77695   0.12265  
  6  0.0002 345125.447639  x:  0.06524   5.77674   0.12265  
  7  0.0002 345125.447639  x:  0.06524   5.77673   0.12265  

8 (Bom_vet) ... 4 (Bom_hyp)
  0  0.0000 345192.489934  x:  0.05549   4.60893   0.21670  
  1 99.0000 345134.254767  x:  0.06514   4.60899   0.21441  
  2 12440.8404 344955.354648  x:  0.06545   4.61118   0.11831  
  3 3068.1657 344930.579354  x:  0.06536   5.94713   0.12904  
  4 42.8267 344929.504393  x:  0.06534   5.99543   0.12325  
  5  0.0886 344929.490626  x:  0.06527   6.02913   0.12342  
  6  0.0223 344929.490446  x:  0.06528   6.03081   0.12343  
  7  0.0013 344929.490445  x:  0.06528   6.03096   0.12343  
  8  0.0001 344929.490445  x:  0.06528   6.03094   0.12343  

8 (Bom_vet) ... 5 (Bom_mus)
  0  0.0000 329189.741164  x:  0.01801   4.75161   0.11044  
  1 99.0000 329188.451011  x:  0.01879   4.75161   0.11043  
  2 3332.1324 329188.379443  x:  0.01880   4.75178   0.10792  
  3 55.4774 329187.712609  x:  0.01878   5.14458   0.10951  
  4  3.6528 329187.712024  x:  0.01878   5.13682   0.10931  
  5  0.0074 329187.712021  x:  0.01878   5.13619   0.10932  
  6  0.0006 329187.712021  x:  0.01878   5.13619   0.10932  

8 (Bom_vet) ... 6 (Bom_pas)
  0  0.0000 330276.160520  x:  0.02266   4.31885   0.12911  
  1 99.0000 330274.555485  x:  0.02170   4.31886   0.12897  
  2 3230.8783 330269.310519  x:  0.02175   4.32008   0.10755  
  3 458.7829 330250.154939  x:  0.02164   6.45328   0.11933  
  4 23.1603 330249.919781  x:  0.02167   6.45363   0.11479  
  5  0.0048 330249.919043  x:  0.02167   6.46949   0.11475  
  6  0.0100 330249.919041  x:  0.02167   6.46894   0.11475  
  7  0.0055 330249.919018  x:  0.02167   6.46905   0.11478  
  8  0.0001 330249.919018  x:  0.02167   6.46905   0.11478  
  9  0.0003 330249.919017  x:  0.02167   6.46905   0.11478  
 10  0.7298 330249.919017  x:  0.02167   6.46905   0.11478  
check convergence!


8 (Bom_vet) ... 7 (Bom_syl)
  0  0.0000 344189.654877  x:  0.06273   5.18074   0.19757  
  1 99.0000 344183.199818  x:  0.05959   5.18081   0.19362  
  2 2491.5595 344116.928536  x:  0.06105   5.18185   0.13429  
  3 4661.6229 344107.735174  x:  0.06111   6.10611   0.13993  
  4 21.9102 344107.335897  x:  0.06177   6.11262   0.13742  
  5  0.0080 344107.322640  x:  0.06185   6.11182   0.13799  
  6  0.0013 344107.322637  x:  0.06186   6.11193   0.13799  
  7  0.0001 344107.322637  x:  0.06186   6.11194   0.13799  
  8  0.0001 344107.322637  x:  0.06186   6.11194   0.13799  