

2 (And_ful) ... 1 (And_bic)
  0  0.0000 1030138.459793  x:  0.13232   1.48762   0.42138  
  1 99.0000 1028331.091729  x:  0.19366   1.49973   0.35434  
  2 46035.8034 1016087.456723  x:  0.20892   1.55253   0.04165  
  3 89058.0822 1015573.593790  x:  0.20532   1.95350   0.07272  
  4 3208.4136 1013774.388245  x:  0.18957   2.95004   0.03928  
  5  2.2117 1013294.294071  x:  0.16506   3.26314   0.05741  
  6  0.3216 1013261.588702  x:  0.16075   3.42705   0.05318  
  7  0.1250 1013253.460768  x:  0.16403   3.51789   0.05195  
  8  0.0513 1013250.475258  x:  0.16358   3.60790   0.05377  
  9  0.0457 1013250.423321  x:  0.16355   3.61538   0.05354  
 10  0.0069 1013250.423275  x:  0.16356   3.61570   0.05354  
 11  0.0003 1013250.423275  x:  0.16356   3.61571   0.05354  
 12  0.0000 1013250.423275  x:  0.16356   3.61571   0.05354  
 13  0.0000 1013250.423275  x:  0.16356   3.61571   0.05354  

3 (And_hae) ... 1 (And_bic)
  0  0.0000 1012269.001327  x:  0.15931   3.10077   0.14810  
  1 99.0000 1010412.099627  x:  0.13253   3.10222   0.06693  
  2 34727.9035 1010152.673590  x:  0.14283   3.10259   0.04893  
  3 42015.4132 1010053.186566  x:  0.14542   3.79179   0.05373  
  4 321.4220 1009982.430224  x:  0.15431   3.61109   0.05824  
  5  0.2829 1009980.614565  x:  0.15515   3.60607   0.05656  
  6  0.0049 1009980.609484  x:  0.15514   3.60082   0.05654  
  7  0.0046 1009980.609463  x:  0.15513   3.60083   0.05654  
  8  0.0000 1009980.609463  x:  0.15513   3.60083   0.05654  
  9  0.0000 1009980.609463  x:  0.15513   3.60083   0.05654  
 10  0.0000 1009980.609463  x:  0.15513   3.60083   0.05654  
check convergence!


3 (And_hae) ... 2 (And_ful)
  0  0.0000 1010863.500208  x:  0.14385   3.10064   0.17178  
  1 99.0000 1007998.939052  x:  0.15896   3.10331   0.05620  
  2 33053.3061 1007975.719174  x:  0.15313   3.10362   0.05405  
  3 7719.7955 1007865.211927  x:  0.15092   3.77498   0.06182  
  4 363.8210 1007854.634052  x:  0.15286   3.85980   0.05814  
  5  0.2267 1007854.461227  x:  0.15256   3.88812   0.05826  
  6  0.0211 1007854.458023  x:  0.15262   3.89010   0.05830  
  7  0.0019 1007854.458020  x:  0.15262   3.89017   0.05830  
  8  0.0001 1007854.458020  x:  0.15262   3.89018   0.05830  
  9  0.0000 1007854.458020  x:  0.15262   3.89018   0.05830  
check convergence!


4 (And_hat) ... 1 (And_bic)
  0  0.0000 990364.248045  x:  0.11639   3.44861   0.10752  
  1 99.0000 989675.992331  x:  0.11990   3.44906   0.05582  
  2 20908.5226 989675.481202  x:  0.11910   3.44908   0.05572  
  3 1261.9368 989673.261408  x:  0.11906   3.56764   0.05652  
  4 38.2804 989673.208225  x:  0.11910   3.57070   0.05619  
  5  0.0064 989673.208222  x:  0.11910   3.57077   0.05619  
  6  0.0001 989673.208222  x:  0.11910   3.57077   0.05619  

4 (And_hat) ... 2 (And_ful)
  0  0.0000 1011060.973256  x:  0.15986   3.23233   0.12019  
  1 99.0000 1009807.112686  x:  0.14320   3.23336   0.05946  
  2 31941.1676 1009711.003254  x:  0.15255   3.23365   0.05075  
  3 18890.5574 1009619.534737  x:  0.15434   3.91929   0.05525  
  4 297.1309 1009614.962181  x:  0.15637   3.88140   0.05688  
  5  0.0658 1009614.844391  x:  0.15664   3.87421   0.05649  
  6  0.0065 1009614.843962  x:  0.15663   3.87267   0.05649  
  7  0.0012 1009614.843961  x:  0.15663   3.87266   0.05649  

4 (And_hat) ... 3 (And_hae)
  0  0.0000 1008071.672270  x:  0.13435   3.31708   0.04849  
  1 99.0000 1007824.223126  x:  0.15115   3.31724   0.05781  
  2 26986.7669 1007823.990876  x:  0.15149   3.31756   0.05724  
  3 625.8316 1007740.167447  x:  0.15132   4.01902   0.05988  
  4 327.2311 1007740.102234  x:  0.15158   4.01853   0.05962  
  5  0.0006 1007740.102226  x:  0.15158   4.01873   0.05963  
  6  0.0002 1007740.102226  x:  0.15158   4.01874   0.05963  
  7  0.0000 1007740.102226  x:  0.15158   4.01874   0.05963  

5 (And_mar) ... 1 (And_bic)
  0  0.0000 970982.788412  x:  0.07151   3.38614   0.05908  
  1 99.0000 970624.105081  x:  0.08847   3.38612   0.05857  
  2 45911.4049 970621.219324  x:  0.08850   3.38602   0.05569  
  3 1886.7474 970611.343065  x:  0.08854   3.12576   0.05469  
  4 71.6048 970611.329021  x:  0.08847   3.12158   0.05454  
  5  0.0041 970611.328649  x:  0.08846   3.12222   0.05456  
  6  0.0006 970611.328649  x:  0.08846   3.12218   0.05456  
  7  0.0000 970611.328649  x:  0.08846   3.12217   0.05456  
  8  0.0000 970611.328649  x:  0.08846   3.12218   0.05456  

5 (And_mar) ... 2 (And_ful)
  0  0.0000 1014221.990372  x:  0.14627   2.84150   0.08435  
  1 99.0000 1013677.032122  x:  0.16799   2.84225   0.05615  
  2 28938.4135 1013656.483518  x:  0.16455   2.84263   0.05176  
  3 7600.5673 1013496.195524  x:  0.16341   3.65099   0.05621  
  4 459.7983 1013495.989400  x:  0.16292   3.64797   0.05588  
  5  0.0031 1013495.987375  x:  0.16295   3.64742   0.05583  
  6  0.0006 1013495.987355  x:  0.16295   3.64709   0.05583  

5 (And_mar) ... 3 (And_hae)
  0  0.0000 1012379.263161  x:  0.13482   3.35003   0.16855  
  1 99.0000 1010612.844616  x:  0.18601   3.35124   0.08444  
  2 35956.6571 1010107.683945  x:  0.17952   3.35167   0.05258  
  3 57050.0291 1010054.700186  x:  0.17780   3.90757   0.05594  
  4 203.4878 1009728.471045  x:  0.15315   3.65618   0.06055  
  5  0.2934 1009727.894459  x:  0.15316   3.61172   0.05974  
  6  0.0443 1009727.891337  x:  0.15320   3.60945   0.05978  
  7  0.0030 1009727.891335  x:  0.15320   3.60946   0.05978  
  8  0.0000 1009727.891335  x:  0.15320   3.60946   0.05978  
  9  0.0000 1009727.891335  x:  0.15320   3.60945   0.05978  

5 (And_mar) ... 4 (And_hat)
  0  0.0000 989116.257914  x:  0.12271   3.09069   0.13143  
  1 99.0000 988542.609890  x:  0.10068   3.09124   0.09970  
  2 27570.1529 988009.058610  x:  0.10648   3.09199   0.05685  
  3 44603.6561 987959.382248  x:  0.10714   3.63022   0.06102  
  4 201.1084 987907.149637  x:  0.11491   3.56787   0.06110  
  5  0.0668 987907.004132  x:  0.11494   3.56868   0.06049  
  6  0.0016 987907.002380  x:  0.11493   3.56523   0.06047  
  7  0.0028 987907.002379  x:  0.11493   3.56522   0.06047  
  8  0.0000 987907.002379  x:  0.11493   3.56522   0.06047  
  9  0.0000 987907.002379  x:  0.11493   3.56522   0.06047  
check convergence!


6 (And_tri) ... 1 (And_bic)
  0  0.0000 989128.429915  x:  0.09135   3.17979   0.13787  
  1 99.0000 988401.990746  x:  0.11990   3.17991   0.12252  
  2 49654.7813 987301.173398  x:  0.11975   3.18035   0.05370  
  3 30123.5922 987296.817193  x:  0.11982   3.03780   0.05242  
  4 58.2854 987272.625640  x:  0.11434   3.01616   0.05359  
  5  0.0180 987272.360430  x:  0.11426   3.02586   0.05292  
  6  0.0253 987272.360291  x:  0.11424   3.02634   0.05292  
  7  0.0005 987272.360291  x:  0.11424   3.02633   0.05292  
  8  0.0000 987272.360291  x:  0.11424   3.02633   0.05292  

6 (And_tri) ... 2 (And_ful)
  0  0.0000 1009737.642979  x:  0.15503   2.96392   0.06323  
  1 99.0000 1009662.726292  x:  0.15502   2.96426   0.05165  
  2 11982.1184 1009662.215800  x:  0.15598   2.96453   0.05157  
  3 1040.4345 1009590.630522  x:  0.15598   3.51532   0.05421  
  4 310.4437 1009590.336893  x:  0.15602   3.51674   0.05351  
  5  0.0018 1009590.336592  x:  0.15604   3.51762   0.05351  
  6  0.0007 1009590.336586  x:  0.15603   3.51774   0.05352  
  7  0.0001 1009590.336586  x:  0.15603   3.51774   0.05352  

6 (And_tri) ... 3 (And_hae)
  0  0.0000 1007515.503988  x:  0.15848   3.07434   0.06066  
  1 99.0000 1007452.097299  x:  0.14949   3.07454   0.05579  
  2 12048.8012 1007450.269778  x:  0.14862   3.09218   0.05748  
  3 208.8958 1007409.740828  x:  0.14980   3.51261   0.05728  
  4 17425.2798 1007409.682724  x:  0.14950   3.51488   0.05740  
  5  0.0023 1007409.682615  x:  0.14951   3.51530   0.05741  
  6  0.0004 1007409.682613  x:  0.14951   3.51537   0.05741  

6 (And_tri) ... 4 (And_hat)
  0  0.0000 989649.627538  x:  0.10753   3.07795   0.17790  
  1 99.0000 987772.318770  x:  0.13854   3.08006   0.06631  
  2 25974.7772 987525.953956  x:  0.13056   3.08044   0.04641  
  3 56069.9389 987431.229542  x:  0.12686   3.86413   0.05188  
  4 268.9429 987279.566305  x:  0.11403   3.52450   0.05702  
  5  0.6266 987278.394318  x:  0.11448   3.44920   0.05730  
  6  0.0839 987278.387543  x:  0.11449   3.44638   0.05717  
  7  0.0025 987278.387537  x:  0.11449   3.44653   0.05717  

6 (And_tri) ... 5 (And_mar)
  0  0.0000 986312.915803  x:  0.09938   3.10787   0.11835  
  1 99.0000 985921.890874  x:  0.12040   3.10802   0.09399  
  2 25686.5187 985525.143032  x:  0.11700   3.10821   0.05695  
  3 34391.7553 985523.219268  x:  0.11708   3.01078   0.05626  
  4 36.1659 985478.134163  x:  0.11003   2.97139   0.05935  
  5  0.0445 985477.526878  x:  0.10972   2.98102   0.05829  
  6  0.0160 985477.526490  x:  0.10970   2.98039   0.05829  
  7  0.0007 985477.526490  x:  0.10970   2.98042   0.05829  
  8  0.0000 985477.526490  x:  0.10970   2.98042   0.05829  

7 (Bom_pas) ... 1 (And_bic)
  0  0.0000 1238771.958889  x:  1.00638   2.82664   0.16683  
  1 99.0000 1223812.126810  x:  0.99173   2.82927   0.05513  
  2 168790.5396 1223734.569178  x:  1.02461   2.84643   0.05032  
  3 4034.1970 1222631.339003  x:  1.09836   4.14211   0.05526  
  4 2755.9372 1222596.429435  x:  1.14130   4.13177   0.05289  
  5  0.0379 1222593.792536  x:  1.14112   4.15203   0.05214  
  6  0.0263 1222593.570892  x:  1.14199   4.17411   0.05222  
  7  0.0135 1222593.567635  x:  1.14244   4.17456   0.05219  
  8  0.0006 1222593.567635  x:  1.14244   4.17456   0.05219  

7 (Bom_pas) ... 2 (And_ful)
  0  0.0000 1227522.314112  x:  1.28657   3.47689   0.04213  
  1 99.0000 1227448.868257  x:  1.28636   3.47700   0.04581  
  2 41314.3985 1227135.909606  x:  1.14921   3.52492   0.05022  
  3 4004.0222 1226755.951034  x:  1.23523   4.42835   0.04956  
  4 1004.4298 1226752.603422  x:  1.22084   4.43909   0.05014  
  5  0.0175 1226752.597572  x:  1.22072   4.43863   0.05018  
  6  0.0003 1226752.597543  x:  1.22073   4.43839   0.05018  
  7  0.0002 1226752.597542  x:  1.22072   4.43837   0.05018  
  8  0.0000 1226752.597542  x:  1.22072   4.43837   0.05018  

7 (Bom_pas) ... 3 (And_hae)
  0  0.0000 1233892.935865  x:  1.01977   3.74913   0.14667  
  1 99.0000 1223436.550491  x:  1.01085   3.74992   0.05754  
  2 158901.5220 1223320.131089  x:  1.05687   3.75265   0.05152  
  3 4876.6295 1223184.956888  x:  1.08447   4.30478   0.05185  
  4 531.6397 1223064.903735  x:  1.13763   4.29018   0.05377  
  5  0.0957 1223059.703921  x:  1.15037   4.30080   0.05241  
  6  0.0136 1223059.651687  x:  1.15173   4.30948   0.05243  
  7  0.0073 1223059.651515  x:  1.15172   4.30988   0.05243  
  8  0.0004 1223059.651515  x:  1.15172   4.30989   0.05243  

7 (Bom_pas) ... 4 (And_hat)
  0  0.0000 1237002.909017  x:  1.08325   3.72336   0.15607  
  1 99.0000 1223485.246200  x:  1.07033   3.72444   0.05450  
  2 171643.8704 1223462.245145  x:  1.08972   3.72894   0.05183  
  3 2174.1385 1223291.708523  x:  1.12230   4.34990   0.05210  
  4 644.5667 1223256.545547  x:  1.15832   4.35011   0.05246  
  5  0.0536 1223255.586158  x:  1.16279   4.35493   0.05187  
  6  0.0061 1223255.579397  x:  1.16332   4.35841   0.05187  
  7  0.0029 1223255.579363  x:  1.16330   4.35857   0.05187  

7 (Bom_pas) ... 5 (And_mar)
  0  0.0000 1222511.336146  x:  1.15926   3.70370   0.05195  
  1 99.0000 1222504.486170  x:  1.15895   3.70378   0.05067  
  2 10161.5311 1222438.933266  x:  1.10029   3.72140   0.05321  
  3 2152.8831 1222349.918785  x:  1.13915   4.21525   0.05280  
  4 457.1188 1222348.431803  x:  1.13187   4.16296   0.05283  
  5  0.0457 1222348.425961  x:  1.13208   4.16099   0.05284  
  6  0.0019 1222348.425957  x:  1.13208   4.16102   0.05284  

7 (Bom_pas) ... 6 (And_tri)
  0  0.0000 1223272.411555  x:  1.06449   3.58060   0.06822  
  1 99.0000 1222706.749851  x:  1.06399   3.58075   0.05433  
  2 73794.4621 1222671.100485  x:  1.10602   3.59491   0.05197  
  3 1654.8566 1222510.845031  x:  1.13387   4.16914   0.05232  
  4 694.8499 1222510.077829  x:  1.13810   4.16988   0.05249  
  5  0.0049 1222510.027419  x:  1.13945   4.17037   0.05236  
  6  0.0014 1222510.027349  x:  1.13948   4.17078   0.05236  
  7  0.0003 1222510.027349  x:  1.13948   4.17078   0.05236  