Supplemental results for CODEML (seqf: /home/yzliu/eDNA/faststorage/yzliu/DK_proj/data/ref_genome/ref_annotation/primary_transcripts/extracted_cds_new/new_transcript_id_7_and_pas/bootstraps/cat.out.OG_cds_7_species_same_header_fas.shuf_537OG_246.phy  treef: xxx.trees)


pairwise comparison (Goldman & Yang 1994)
seq seq        N       S       dN       dS     dN/dS   Paras.
  2   1 485642.3 191529.7   0.0092   0.1665   0.0554   0.1611   3.7817   0.0554 -1043783.801
  3   1 485403.5 191768.5   0.0091   0.1571   0.0578   0.1530   3.6634   0.0578 -1040520.655
  3   2 484216.5 192955.5   0.0091   0.1519   0.0596   0.1493   4.0495   0.0596 -1037585.376
  4   1 485722.4 191449.6   0.0072   0.1177   0.0611   0.1153   3.6211   0.0611 -1019048.989
  4   2 483901.1 193270.9   0.0089   0.1563   0.0571   0.1529   4.1047   0.0571 -1038972.543
  4   3 483473.0 193699.0   0.0090   0.1481   0.0610   0.1464   3.9858   0.0610 -1036830.437
  5   1 489152.9 188019.1   0.0054   0.0918   0.0591   0.0882   3.1505   0.0591 -1001377.397
  5   2 485868.2 191303.8   0.0093   0.1648   0.0565   0.1598   3.7267   0.0565 -1043560.290
  5   3 486117.4 191054.6   0.0092   0.1544   0.0596   0.1505   3.5500   0.0596 -1039894.563
  5   4 486601.3 190570.7   0.0071   0.1139   0.0624   0.1115   3.4879   0.0624 -1017195.220
  6   1 490115.4 187056.6   0.0065   0.1170   0.0554   0.1110   3.0480   0.0554 -1016441.316
  6   2 486426.7 190745.3   0.0085   0.1581   0.0538   0.1520   3.6563   0.0538 -1038763.552
  6   3 486229.7 190942.3   0.0088   0.1506   0.0584   0.1464   3.5408   0.0584 -1037324.764
  6   4 486992.4 190179.6   0.0067   0.1127   0.0597   0.1095   3.4432   0.0597 -1015399.031
  6   5 490905.6 186266.4   0.0067   0.1135   0.0589   0.1082   2.9513   0.0589 -1015505.867
  7   1 485535.9 191636.1   0.0644   1.1955   0.0539   1.1536   4.0200   0.0539 -1266619.709
  7   2 482130.1 195041.9   0.0655   1.2640   0.0518   1.2320   4.2888   0.0518 -1270708.900
  7   3 484396.5 192775.5   0.0648   1.1941   0.0543   1.1589   4.1338   0.0543 -1266955.094
  7   4 484114.6 193057.4   0.0645   1.2005   0.0537   1.1651   4.1649   0.0537 -1266639.504
  7   5 485866.7 191305.3   0.0644   1.1850   0.0544   1.1429   3.9970   0.0544 -1266170.022
  7   6 485766.2 191405.8   0.0642   1.1884   0.0540   1.1459   3.9989   0.0540 -1266060.034

