

2 (And_ful) ... 1 (And_bic)
  0  0.0000 996833.200320  x:  0.14546   1.58718   0.50964  
  1 99.0000 990977.244218  x:  0.34335   1.67026   0.06736  
  2 31656.0539 990517.088370  x:  0.34533   1.67459   0.04225  
  3 273158.9153 982001.340214  x:  0.19155   7.01095   0.12262  
  4 4660.0027 981038.030736  x:  0.15254   6.40010   0.09415  
  5  0.3814 980392.380726  x:  0.16117   5.13605   0.05621  
  6  1.4806 980126.642725  x:  0.17935   4.26903   0.06210  
  7  0.4949 980003.859540  x:  0.17516   3.49228   0.05879  
  8  0.7463 979957.714532  x:  0.16663   3.51492   0.06397  
  9  0.0301 979957.664489  x:  0.16645   3.52122   0.06379  
 10  0.0074 979957.663764  x:  0.16644   3.51951   0.06376  
 11  0.0022 979957.663756  x:  0.16644   3.51954   0.06376  
 12  0.0000 979957.663756  x:  0.16644   3.51954   0.06376  
 13  0.0000 979957.663756  x:  0.16644   3.51954   0.06376  

3 (And_hae) ... 1 (And_bic)
  0  0.0000 979614.282794  x:  0.15686   3.16706   0.17548  
  1 99.0000 977210.676771  x:  0.14606   3.16887   0.06573  
  2 30633.7899 977116.281405  x:  0.15721   3.16907   0.05836  
  3 18310.7866 977089.867222  x:  0.15839   3.49642   0.06187  
  4 169.5796 977084.855620  x:  0.15980   3.43779   0.06416  
  5  0.1524 977084.825583  x:  0.15997   3.43667   0.06396  
  6  0.0010 977084.825561  x:  0.15997   3.43634   0.06396  

3 (And_hae) ... 2 (And_ful)
  0  0.0000 976350.956309  x:  0.12397   3.08899   0.19718  
  1 99.0000 975129.986352  x:  0.17075   3.08998   0.15956  
  2 46065.6153 973136.798105  x:  0.17121   3.09235   0.06363  
  3 48232.4299 973014.132288  x:  0.17019   3.84019   0.07261  
  4 367.1725 972886.042283  x:  0.15951   3.97297   0.06167  
  5  0.1608 972850.660647  x:  0.15334   3.91403   0.06770  
  6  0.1023 972850.501252  x:  0.15347   3.88271   0.06763  
  7  0.0229 972850.498590  x:  0.15342   3.88125   0.06758  
  8  0.0015 972850.498577  x:  0.15343   3.88130   0.06757  

4 (And_hat) ... 1 (And_bic)
  0  0.0000 955255.853434  x:  0.11661   3.32269   0.08791  
  1 99.0000 955147.710835  x:  0.12017   3.32280   0.06829  
  2 9901.5466 955145.405996  x:  0.11855   3.32281   0.06753  
  3 2705.0017 955145.398945  x:  0.11855   3.31642   0.06749  
  4  2.1848 955145.383768  x:  0.11849   3.31600   0.06768  
  5  0.0006 955145.383747  x:  0.11848   3.31591   0.06768  
  6  0.0001 955145.383747  x:  0.11848   3.31590   0.06768  
  7  0.0000 955145.383747  x:  0.11848   3.31590   0.06768  
  8  0.0000 955145.383747  x:  0.11848   3.31590   0.06768  
  9  0.0373 955145.383747  x:  0.11848   3.31590   0.06768  
 10  0.0060 955145.383747  x:  0.11848   3.31590   0.06768  
 11  0.3126 955145.383747  x:  0.11848   3.31590   0.06768  
 12  0.0158 955145.383747  x:  0.11848   3.31590   0.06768  
check convergence!


4 (And_hat) ... 2 (And_ful)
  0  0.0000 977575.958347  x:  0.13258   2.87779   0.19261  
  1 99.0000 975999.010058  x:  0.18983   2.88006   0.12222  
  2 39256.9813 974750.849553  x:  0.18756   2.88201   0.05825  
  3 68306.1246 974446.081840  x:  0.18380   4.16738   0.07131  
  4 604.0936 974070.580694  x:  0.15811   4.10871   0.06154  
  5  0.0614 974053.932665  x:  0.15573   4.00976   0.06667  
  6  0.1634 974052.387962  x:  0.15634   3.91066   0.06610  
  7  0.0679 974052.359556  x:  0.15616   3.91056   0.06595  
  8  0.0003 974052.359387  x:  0.15617   3.91118   0.06594  
  9  0.0006 974052.359387  x:  0.15617   3.91115   0.06594  

4 (And_hat) ... 3 (And_hae)
  0  0.0000 973760.692972  x:  0.13127   3.58128   0.15009  
  1 99.0000 972735.696654  x:  0.17318   3.58189   0.10233  
  2 34772.1544 972144.127200  x:  0.16850   3.58239   0.06078  
  3 42816.3814 972116.312730  x:  0.16784   4.02019   0.06354  
  4 137.0195 971982.584564  x:  0.15194   3.90767   0.06577  
  5  0.1105 971982.451091  x:  0.15190   3.89838   0.06521  
  6  0.0126 971982.442745  x:  0.15191   3.89116   0.06523  
  7  0.0077 971982.442744  x:  0.15191   3.89115   0.06523  

5 (And_mar) ... 1 (And_bic)
  0  0.0000 937817.880767  x:  0.08039   3.47298   0.10699  
  1 99.0000 937678.389893  x:  0.09165   3.47296   0.10119  
  2 23085.6388 937492.800422  x:  0.09087   3.47281   0.06926  
  3 12409.3837 937467.120273  x:  0.09098   3.04726   0.06649  
  4 111.9616 937465.765659  x:  0.09003   3.04077   0.06785  
  5  0.0072 937465.672057  x:  0.08986   3.04429   0.06740  
  6  0.0050 937465.672022  x:  0.08986   3.04395   0.06739  
  7  0.0004 937465.672022  x:  0.08986   3.04396   0.06739  
  8  0.0000 937465.672021  x:  0.08986   3.04398   0.06739  

5 (And_mar) ... 2 (And_ful)
  0  0.0000 981265.552101  x:  0.15239   2.94282   0.14528  
  1 99.0000 979702.710766  x:  0.17519   2.94458   0.06671  
  2 29927.2745 979647.032964  x:  0.16722   2.94493   0.06067  
  3 12302.1627 979550.958259  x:  0.16511   3.55618   0.06636  
  4 346.8989 979550.381189  x:  0.16426   3.54378   0.06701  
  5  0.0242 979550.375399  x:  0.16421   3.54099   0.06692  
  6  0.0025 979550.375293  x:  0.16422   3.54039   0.06692  

5 (And_mar) ... 3 (And_hae)
  0  0.0000 978408.807347  x:  0.14246   3.30162   0.17680  
  1 99.0000 976583.427141  x:  0.18166   3.30295   0.07937  
  2 29725.8239 976343.938885  x:  0.17194   3.30321   0.05955  
  3 35953.7599 976320.361095  x:  0.17053   3.65194   0.06205  
  4 138.8992 976187.629977  x:  0.15606   3.43050   0.06867  
  5  0.3800 976187.617861  x:  0.15610   3.42357   0.06869  
  6  0.0079 976187.617817  x:  0.15610   3.42336   0.06868  
  7  0.0002 976187.617816  x:  0.15610   3.42336   0.06868  

5 (And_mar) ... 4 (And_hat)
  0  0.0000 953066.389575  x:  0.10860   3.18267   0.10584  
  1 99.0000 952871.892764  x:  0.12082   3.18293   0.08230  
  2 14308.1344 952798.682743  x:  0.11589   3.18309   0.06883  
  3 17764.1080 952795.165947  x:  0.11575   3.32752   0.06980  
  4 50.3786 952790.314605  x:  0.11359   3.30966   0.07185  
  5  0.0228 952790.305324  x:  0.11353   3.30888   0.07170  
  6  0.0009 952790.305310  x:  0.11353   3.30864   0.07170  
  7  0.0002 952790.305309  x:  0.11353   3.30864   0.07170  

6 (And_tri) ... 1 (And_bic)
  0  0.0000 953142.080425  x:  0.10573   3.01453   0.05644  
  1 99.0000 953057.063430  x:  0.11531   3.01445   0.06053  
  2 16834.9891 953052.531836  x:  0.11446   3.01429   0.06395  
  3 2728.5727 953039.909575  x:  0.11451   2.78353   0.06290  
  4 103.4100 953039.895810  x:  0.11452   2.77999   0.06271  
  5  0.0035 953039.895752  x:  0.11452   2.78038   0.06271  
  6  0.0004 953039.895752  x:  0.11452   2.78037   0.06271  
  7  0.0000 953039.895752  x:  0.11452   2.78037   0.06271  

6 (And_tri) ... 2 (And_ful)
  0  0.0000 975093.456131  x:  0.16151   2.63729   0.06333  
  1 99.0000 975066.625751  x:  0.15692   2.63778   0.05828  
  2 7633.6252 975065.847914  x:  0.15780   2.64014   0.05743  
  3 586.7434 974883.931689  x:  0.15702   3.50100   0.06315  
  4 2404.5156 974882.870460  x:  0.15729   3.47466   0.06169  
  5  0.0225 974882.860761  x:  0.15729   3.46806   0.06171  
  6  0.0044 974882.860733  x:  0.15728   3.46803   0.06171  

6 (And_tri) ... 3 (And_hae)
  0  0.0000 973049.922092  x:  0.14830   3.14015   0.07007  
  1 99.0000 973009.250957  x:  0.15348   3.14034   0.06196  
  2 8221.5086 973008.664666  x:  0.15271   3.14046   0.06130  
  3 1166.5015 972991.264921  x:  0.15269   3.42371   0.06266  
  4 131.0851 972991.257179  x:  0.15274   3.42311   0.06253  
  5  0.0006 972991.257166  x:  0.15273   3.42304   0.06253  
  6  0.0001 972991.257166  x:  0.15273   3.42303   0.06253  

6 (And_tri) ... 4 (And_hat)
  0  0.0000 951293.335719  x:  0.09329   3.16067   0.04986  
  1 99.0000 950884.280179  x:  0.11359   3.16066   0.05791  
  2 40268.1048 950864.576272  x:  0.11183   3.16068   0.06522  
  3 5782.0253 950862.870013  x:  0.11180   3.25987   0.06562  
  4 35.2956 950862.848904  x:  0.11191   3.25895   0.06541  
  5  0.0009 950862.848899  x:  0.11191   3.25903   0.06541  
  6  0.0001 950862.848899  x:  0.11191   3.25902   0.06541  

6 (And_tri) ... 5 (And_mar)
  0  0.0000 953661.513706  x:  0.09481   2.89721   0.16635  
  1 99.0000 953214.659421  x:  0.11776   2.89738   0.15055  
  2 34762.6805 952126.237636  x:  0.11742   2.89818   0.06823  
  3 28716.6884 952123.097216  x:  0.11749   2.78654   0.06685  
  4 53.9458 952096.059747  x:  0.11194   2.75034   0.06986  
  5  0.0339 952094.672974  x:  0.11150   2.77025   0.06813  
  6  0.0469 952094.672745  x:  0.11150   2.76963   0.06811  
  7  0.0007 952094.672745  x:  0.11150   2.76963   0.06811  
  8  0.0000 952094.672745  x:  0.11150   2.76964   0.06811  

7 (Bom_pas) ... 1 (And_bic)
  0  0.0000 1201014.148566  x:  1.21414   2.73109   0.14138  
  1 99.0000 1187771.119967  x:  1.20055   2.73318   0.05052  
  2 188102.7701 1187581.094081  x:  1.12782   2.76834   0.06002  
  3 4999.5654 1186833.173948  x:  1.22898   3.79629   0.05895  
  4 1938.9830 1186552.522094  x:  1.13039   3.83072   0.05753  
  5  0.1399 1186550.103905  x:  1.14022   3.86608   0.05666  
  6  0.0335 1186549.882341  x:  1.13933   3.88360   0.05677  
  7  0.0129 1186549.878461  x:  1.13967   3.88443   0.05678  
  8  0.0009 1186549.878460  x:  1.13968   3.88446   0.05678  
  9  0.0000 1186549.878460  x:  1.13968   3.88446   0.05678  

7 (Bom_pas) ... 2 (And_ful)
  0  0.0000 1204062.028991  x:  1.33638   3.37788   0.13395  
  1 99.0000 1190715.236316  x:  1.32513   3.37911   0.04824  
  2 202606.5047 1190554.772444  x:  1.24952   3.40224   0.05678  
  3 4343.5725 1190236.680021  x:  1.32136   4.20264   0.05528  
  4 925.6094 1190020.289142  x:  1.21284   4.16325   0.05527  
  5  0.1508 1190017.571359  x:  1.22274   4.18420   0.05425  
  6  0.0250 1190017.531269  x:  1.22171   4.18755   0.05424  
  7  0.0036 1190017.529842  x:  1.22185   4.18922   0.05425  
  8  0.0013 1190017.529841  x:  1.22186   4.18924   0.05425  
  9  0.0000 1190017.529841  x:  1.22186   4.18924   0.05425  

7 (Bom_pas) ... 3 (And_hae)
  0  0.0000 1187113.308386  x:  1.24104   3.71640   0.04757  
  1 99.0000 1187017.059434  x:  1.24083   3.71645   0.05234  
  2 42043.9946 1186810.038159  x:  1.12866   3.73617   0.05650  
  3 3406.2618 1186765.916128  x:  1.15466   4.04380   0.05624  
  4 305.3767 1186764.406700  x:  1.14781   4.04089   0.05702  
  5  0.0063 1186764.353351  x:  1.14898   4.03926   0.05705  
  6  0.0020 1186764.353344  x:  1.14897   4.03923   0.05705  
  7  0.0000 1186764.353344  x:  1.14897   4.03923   0.05705  

7 (Bom_pas) ... 4 (And_hat)
  0  0.0000 1188123.469713  x:  1.24437   3.53166   0.07380  
  1 99.0000 1186589.861891  x:  1.24232   3.53191   0.05123  
  2 116226.3903 1186347.561483  x:  1.12269   3.55929   0.05844  
  3 3736.2536 1186235.755993  x:  1.16362   4.02578   0.05782  
  4 520.0855 1186219.722974  x:  1.15198   4.03499   0.05635  
  5  0.0187 1186219.695092  x:  1.15323   4.03711   0.05626  
  6  0.0026 1186219.694800  x:  1.15326   4.03788   0.05626  
  7  0.0007 1186219.694800  x:  1.15326   4.03789   0.05626  

7 (Bom_pas) ... 5 (And_mar)
  0  0.0000 1186806.284024  x:  1.28750   3.54397   0.05298  
  1 99.0000 1186763.581398  x:  1.28674   3.54407   0.04980  
  2 25476.5371 1186250.480465  x:  1.10603   3.57241   0.05736  
  3 5227.4999 1186206.698689  x:  1.13234   3.85765   0.05707  
  4 319.8800 1186205.806419  x:  1.12583   3.86309   0.05750  
  5  0.0101 1186205.779151  x:  1.12602   3.86255   0.05758  
  6  0.0005 1186205.779140  x:  1.12601   3.86241   0.05758  
  7  0.0001 1186205.779140  x:  1.12601   3.86241   0.05758  

7 (Bom_pas) ... 6 (And_tri)
  0  0.0000 1185956.077069  x:  1.18432   3.30066   0.05271  
  1 99.0000 1185947.313189  x:  1.17920   3.30230   0.05446  
  2 3173.9297 1185802.575570  x:  1.09356   3.32963   0.05711  
  3 38102.4033 1185630.525363  x:  1.14069   3.88274   0.05665  
  4 710.5891 1185629.655751  x:  1.13520   3.88447   0.05659  
  5  0.0056 1185629.653244  x:  1.13544   3.88454   0.05656  
  6  0.0002 1185629.653241  x:  1.13544   3.88462   0.05656  
  7  0.0001 1185629.653241  x:  1.13544   3.88462   0.05656  