Supplemental results for CODEML (seqf: /home/yzliu/eDNA/faststorage/yzliu/DK_proj/data/ref_genome/ref_annotation/primary_transcripts/extracted_cds_new/new_transcript_id_8_bom_apis/bootstraps/cat.out.OG_cds_8_species_same_header_fas.shuf_211OG_741.phy  treef: xxx.trees)


pairwise comparison (Goldman & Yang 1994)
seq seq        N       S       dN       dS     dN/dS   Paras.
  2   1 166347.8  55169.2   0.0653   0.5828   0.1121   0.5826   3.8060   0.1121 -394406.084
  3   1 166144.5  55372.5   0.0660   0.6014   0.1098   0.5995   3.7828   0.1098 -395705.292
  3   2 161960.4  59556.6   0.0156   0.1139   0.1370   0.1260   4.9304   0.1370 -333521.199
  4   1 166666.2  54850.8   0.0645   0.5934   0.1086   0.5863   3.7625   0.1086 -394127.612
  4   2 162358.5  59158.5   0.0147   0.1058   0.1388   0.1171   4.9729   0.1388 -331323.240
  4   3 161724.1  59792.9   0.0089   0.0678   0.1318   0.0745   5.3079   0.1318 -320677.546
  5   1 166571.8  54945.2   0.0657   0.5996   0.1096   0.5944   3.7828   0.1096 -394992.421
  5   2 162254.2  59262.8   0.0158   0.1109   0.1427   0.1238   5.0163   0.1427 -332944.167
  5   3 162263.0  59254.0   0.0098   0.0678   0.1442   0.0759   4.8297   0.1442 -321408.139
  5   4 162398.8  59118.2   0.0093   0.0661   0.1408   0.0734   5.0841   0.1408 -320390.393
  6   1 166569.5  54947.5   0.0660   0.5971   0.1106   0.5932   3.7852   0.1106 -395008.975
  6   2 162278.4  59238.6   0.0163   0.1109   0.1470   0.1248   4.9982   0.1470 -333262.317
  6   3 161920.6  59596.4   0.0101   0.0680   0.1486   0.0771   5.1015   0.1486 -321670.129
  6   4 162098.0  59419.0   0.0100   0.0654   0.1524   0.0745   5.3445   0.1524 -320769.712
  6   5 161863.7  59653.3   0.0032   0.0208   0.1524   0.0238   5.5118   0.1524 -305184.567
  7   1 166674.9  54842.1   0.0676   0.5971   0.1131   0.5959   3.7863   0.1131 -395746.688
  7   2 162454.9  59062.1   0.0177   0.1130   0.1564   0.1292   4.9338   0.1564 -334610.020
  7   3 161890.3  59626.7   0.0110   0.0697   0.1574   0.0803   5.2055   0.1574 -322677.438
  7   4 162113.7  59403.3   0.0105   0.0669   0.1571   0.0770   5.4185   0.1571 -321492.689
  7   5 162237.0  59280.0   0.0106   0.0620   0.1701   0.0730   5.2619   0.1701 -320691.346
  7   6 162099.4  59417.6   0.0110   0.0614   0.1798   0.0737   5.3856   0.1798 -320962.935
  8   1 166541.4  54975.6   0.0659   0.5990   0.1099   0.5945   3.7829   0.1099 -395053.154
  8   2 162109.4  59407.6   0.0158   0.1102   0.1434   0.1234   5.1103   0.1434 -332850.147
  8   3 161958.0  59559.0   0.0098   0.0666   0.1466   0.0752   5.0453   0.1466 -321235.868
  8   4 162052.9  59464.1   0.0094   0.0655   0.1442   0.0735   5.3553   0.1442 -320428.995
  8   5 161861.0  59656.0   0.0026   0.0206   0.1287   0.0224   5.4833   0.1287 -304621.684
  8   6 161150.1  60366.9   0.0031   0.0206   0.1502   0.0236   6.2065   0.1502 -305100.580
  8   7 162002.2  59514.8   0.0106   0.0606   0.1742   0.0720   5.4442   0.1742 -320494.262

