

2 (Bom_con) ... 1 (Apis_mel)
  0  0.0000 403530.384651  x:  0.55863   1.43834   0.40687  
  1 99.0000 397127.228450  x:  0.45044   1.50169   0.11464  
  2 24495.9280 396919.255314  x:  0.47728   1.51529   0.09062  
  3 11929.3278 394632.188162  x:  0.57629   3.16262   0.13572  
  4 4378.0594 394474.160947  x:  0.54410   3.41158   0.11894  
  5  0.2078 394418.137174  x:  0.57972   3.58867   0.10789  
  6  0.1092 394409.088970  x:  0.58496   3.69345   0.11247  
  7  0.0656 394406.091249  x:  0.58288   3.81197   0.11205  
  8  0.0740 394406.083550  x:  0.58263   3.80588   0.11210  
  9  0.0056 394406.083537  x:  0.58261   3.80596   0.11211  
 10  0.0001 394406.083537  x:  0.58261   3.80597   0.11211  

3 (Bom_hor) ... 1 (Apis_mel)
  0  0.0000 396900.523296  x:  0.44721   3.47379   0.09027  
  1 99.0000 396245.185332  x:  0.47842   3.47362   0.13864  
  2 27195.4127 395726.527402  x:  0.59791   3.47428   0.11187  
  3 10662.8636 395707.982636  x:  0.60067   3.78411   0.11286  
  4 125.5757 395705.325241  x:  0.60059   3.78237   0.10965  
  5  0.0035 395705.292119  x:  0.59952   3.78335   0.10976  
  6  0.0010 395705.292059  x:  0.59950   3.78287   0.10976  
  7  0.0004 395705.292059  x:  0.59950   3.78284   0.10976  

3 (Bom_hor) ... 2 (Bom_con)
  0  0.0000 333692.537126  x:  0.12612   3.31051   0.16588  
  1 99.0000 333649.097505  x:  0.11878   3.31251   0.13777  
  2 2912.3417 333632.836802  x:  0.12459   3.31371   0.12496  
  3 5729.1680 333521.687066  x:  0.12542   4.91180   0.13994  
  4 175.0685 333521.204223  x:  0.12594   4.91966   0.13684  
  5  0.0079 333521.199314  x:  0.12606   4.92587   0.13695  
  6  0.0055 333521.198615  x:  0.12603   4.93036   0.13695  
  7  0.0029 333521.198615  x:  0.12603   4.93036   0.13695  

4 (Bom_hyp) ... 1 (Apis_mel)
  0  0.0000 394774.084165  x:  0.46317   4.12337   0.11114  
  1 99.0000 394436.751191  x:  0.51122   4.12238   0.14065  
  2 12883.4834 394152.641934  x:  0.58212   4.12059   0.10756  
  3 10195.6298 394131.234756  x:  0.57883   3.75538   0.10672  
  4 111.1262 394127.868062  x:  0.58357   3.75932   0.10940  
  5  0.0071 394127.612447  x:  0.58629   3.76308   0.10863  
  6  0.0045 394127.612378  x:  0.58627   3.76250   0.10862  
  7  0.0007 394127.612378  x:  0.58627   3.76251   0.10862  

4 (Bom_hyp) ... 2 (Bom_con)
  0  0.0000 331477.739269  x:  0.12136   3.49237   0.17291  
  1 99.0000 331451.800308  x:  0.11233   3.49286   0.16436  
  2 4060.2842 331404.810597  x:  0.11568   3.49495   0.13169  
  3 3959.7426 331325.094216  x:  0.11601   4.95854   0.14511  
  4 135.3127 331323.247687  x:  0.11696   4.96251   0.13870  
  5  0.0085 331323.240679  x:  0.11711   4.96877   0.13875  
  6  0.0057 331323.240181  x:  0.11710   4.97289   0.13876  
  7  0.0025 331323.240180  x:  0.11710   4.97291   0.13876  
  8  0.0000 331323.240180  x:  0.11710   4.97291   0.13876  

4 (Bom_hyp) ... 3 (Bom_hor)
  0  0.0000 320719.336166  x:  0.06826   4.28060   0.14124  
  1 99.0000 320701.074494  x:  0.07457   4.28064   0.14050  
  2 6022.2095 320695.907007  x:  0.07464   4.28144   0.12742  
  3 747.2485 320677.630364  x:  0.07456   5.30960   0.13345  
  4 40.7467 320677.545826  x:  0.07452   5.30734   0.13175  
  5  0.0029 320677.545787  x:  0.07451   5.30779   0.13175  
  6  0.0004 320677.545787  x:  0.07451   5.30792   0.13176  
  7  0.0001 320677.545787  x:  0.07451   5.30792   0.13176  

5 (Bom_mus) ... 1 (Apis_mel)
  0  0.0000 395202.734746  x:  0.52938   4.30152   0.11353  
  1 99.0000 395126.377083  x:  0.55264   4.30055   0.12709  
  2 5877.2653 395033.485792  x:  0.59936   4.29806   0.10962  
  3 6212.7457 394992.729997  x:  0.59346   3.79362   0.10877  
  4 147.5938 394992.425521  x:  0.59405   3.78127   0.10965  
  5  0.0142 394992.421069  x:  0.59445   3.78300   0.10959  
  6  0.0017 394992.421057  x:  0.59445   3.78277   0.10959  

5 (Bom_mus) ... 2 (Bom_con)
  0  0.0000 333081.924921  x:  0.11404   3.35407   0.13858  
  1 99.0000 333057.122225  x:  0.12361   3.35438   0.13797  
  2 5329.5892 333055.683735  x:  0.12372   3.35652   0.13251  
  3 480.1399 332944.809194  x:  0.12362   4.99515   0.14652  
  4 195.1334 332944.172428  x:  0.12382   5.00216   0.14261  
  5  0.0070 332944.167277  x:  0.12381   5.01626   0.14266  
  6  0.0071 332944.167264  x:  0.12381   5.01628   0.14267  
  7  0.0000 332944.167264  x:  0.12381   5.01628   0.14267  

5 (Bom_mus) ... 3 (Bom_hor)
  0  0.0000 321493.575566  x:  0.06947   4.27106   0.19775  
  1 99.0000 321473.759766  x:  0.07609   4.27111   0.19554  
  2 5948.4418 321414.535667  x:  0.07617   4.27226   0.14121  
  3 2102.2172 321408.228274  x:  0.07611   4.82429   0.14573  
  4 24.5603 321408.142120  x:  0.07595   4.82817   0.14407  
  5  0.0057 321408.138945  x:  0.07587   4.82943   0.14421  
  6  0.0013 321408.138944  x:  0.07587   4.82966   0.14421  
  7  0.0002 321408.138944  x:  0.07587   4.82966   0.14421  

5 (Bom_mus) ... 4 (Bom_hyp)
  0  0.0000 320439.458354  x:  0.06759   4.19453   0.16530  
  1 99.0000 320423.385809  x:  0.07346   4.19458   0.16403  
  2 5588.9205 320405.310324  x:  0.07354   4.19563   0.13634  
  3 1261.7182 320390.474441  x:  0.07346   5.08225   0.14258  
  4 37.5674 320390.392788  x:  0.07340   5.08174   0.14083  
  5  0.0021 320390.392551  x:  0.07338   5.08369   0.14084  
  6  0.0017 320390.392548  x:  0.07338   5.08406   0.14084  

6 (Bom_pas) ... 1 (Apis_mel)
  0  0.0000 395685.968012  x:  0.48495   4.13040   0.16431  
  1 99.0000 395247.170557  x:  0.51771   4.12977   0.11348  
  2 12430.5293 395036.250642  x:  0.59013   4.12780   0.11760  
  3 8100.9718 395015.619467  x:  0.58699   3.77358   0.11611  
  4 110.6668 395009.000653  x:  0.59231   3.78580   0.11066  
  5  0.0202 395008.975191  x:  0.59324   3.78470   0.11056  
  6  0.0012 395008.975092  x:  0.59325   3.78522   0.11058  
  7  0.0006 395008.975092  x:  0.59325   3.78520   0.11058  

6 (Bom_pas) ... 2 (Bom_con)
  0  0.0000 333398.527598  x:  0.12612   3.35521   0.16180  
  1 99.0000 333386.752334  x:  0.12058   3.35612   0.15288  
  2 2175.4613 333373.029161  x:  0.12400   3.35804   0.13705  
  3 3272.6952 333263.343501  x:  0.12436   4.96930   0.15194  
  4 172.4794 333262.326370  x:  0.12474   4.97982   0.14694  
  5  0.0111 333262.317375  x:  0.12481   4.99696   0.14700  
  6  0.0094 333262.317039  x:  0.12478   4.99823   0.14702  
  7  0.0012 333262.317039  x:  0.12478   4.99823   0.14702  

6 (Bom_pas) ... 3 (Bom_hor)
  0  0.0000 321815.876064  x:  0.06738   4.23345   0.21517  
  1 99.0000 321772.625276  x:  0.07691   4.23351   0.21293  
  2 9255.8614 321684.802508  x:  0.07716   4.23535   0.14409  
  3 2270.8944 321670.390566  x:  0.07710   5.08519   0.15180  
  4 37.7862 321670.130226  x:  0.07708   5.09565   0.14861  
  5  0.0167 321670.129442  x:  0.07706   5.10108   0.14864  
  6  0.0042 321670.129436  x:  0.07706   5.10145   0.14864  
  7  0.0003 321670.129436  x:  0.07706   5.10147   0.14864  
  8  0.0000 321670.129435  x:  0.07706   5.10146   0.14864  

6 (Bom_pas) ... 4 (Bom_hyp)
  0  0.0000 320877.129047  x:  0.06199   4.35259   0.13032  
  1 99.0000 320793.690804  x:  0.07485   4.35262   0.13138  
  2 13823.4160 320786.746702  x:  0.07459   4.35321   0.14734  
  3 919.5382 320769.713975  x:  0.07453   5.35218   0.15253  
  4 38.8663 320769.712477  x:  0.07450   5.34555   0.15235  
  5  0.0049 320769.712452  x:  0.07451   5.34444   0.15236  
  6  0.0008 320769.712452  x:  0.07451   5.34446   0.15236  
  7  0.0000 320769.712451  x:  0.07451   5.34446   0.15236  
  8  0.0002 320769.712451  x:  0.07451   5.34446   0.15236  
  9  0.0001 320769.712451  x:  0.07451   5.34446   0.15236  
 10  0.0625 320769.712451  x:  0.07451   5.34446   0.15236  
 11  0.0272 320769.712451  x:  0.07451   5.34446   0.15236  
 12  0.0044 320769.712451  x:  0.07451   5.34446   0.15236  
check convergence!


6 (Bom_pas) ... 5 (Bom_mus)
  0  0.0000 305230.511418  x:  0.02097   4.50966   0.21858  
  1 99.0000 305218.400089  x:  0.02376   4.50966   0.21838  
  2 9207.6332 305189.773787  x:  0.02384   4.51150   0.14758  
  3 683.2463 305184.674282  x:  0.02380   5.48908   0.15602  
  4 11.7216 305184.567801  x:  0.02379   5.50331   0.15238  
  5  0.0224 305184.567164  x:  0.02377   5.51066   0.15238  
  6  0.0061 305184.567157  x:  0.02377   5.51175   0.15241  
  7  0.0007 305184.567157  x:  0.02377   5.51175   0.15241  
check convergence!


7 (Bom_syl) ... 1 (Apis_mel)
  0  0.0000 395961.146390  x:  0.56189   4.34693   0.14484  
  1 99.0000 395836.899277  x:  0.56554   4.34645   0.11853  
  2 8501.7244 395794.004848  x:  0.60437   4.34322   0.11343  
  3 2434.4362 395746.911423  x:  0.59710   3.78737   0.11214  
  4 158.1364 395746.692489  x:  0.59629   3.78577   0.11314  
  5  0.0029 395746.688403  x:  0.59594   3.78645   0.11315  
  6  0.0008 395746.688399  x:  0.59594   3.78630   0.11315  

7 (Bom_syl) ... 2 (Bom_con)
  0  0.0000 335015.145945  x:  0.10276   3.48911   0.10567  
  1 99.0000 334749.402040  x:  0.13314   3.48932   0.11628  
  2 18198.3215 334697.275124  x:  0.12894   3.49040   0.14762  
  3 3822.3112 334610.099026  x:  0.12867   4.93294   0.15629  
  4 148.2660 334610.020846  x:  0.12924   4.93352   0.15631  
  5  0.0007 334610.020444  x:  0.12923   4.93391   0.15641  
  6  0.0003 334610.020443  x:  0.12923   4.93386   0.15641  
  7  0.0000 334610.020443  x:  0.12923   4.93383   0.15641  

7 (Bom_syl) ... 3 (Bom_hor)
  0  0.0000 322846.296509  x:  0.06279   4.27832   0.16356  
  1 99.0000 322697.246356  x:  0.08023   4.27836   0.16324  
  2 18658.5704 322694.362119  x:  0.08032   4.27932   0.15240  
  3 505.8793 322677.483184  x:  0.08027   5.20713   0.15877  
  4 41.2942 322677.437768  x:  0.08031   5.20510   0.15739  
  5  0.0025 322677.437717  x:  0.08032   5.20545   0.15738  
  6  0.0003 322677.437716  x:  0.08032   5.20550   0.15738  
  7  0.0000 322677.437716  x:  0.08032   5.20551   0.15738  
  8  0.0000 322677.437716  x:  0.08032   5.20551   0.15738  

7 (Bom_syl) ... 4 (Bom_hyp)
  0  0.0000 321523.602928  x:  0.07248   4.34260   0.16003  
  1 99.0000 321514.695721  x:  0.07697   4.34265   0.15966  
  2 4079.7818 321513.108362  x:  0.07704   4.34365   0.15154  
  3 377.2711 321492.735952  x:  0.07697   5.42280   0.15859  
  4 43.9076 321492.688749  x:  0.07695   5.41874   0.15715  
  5  0.0043 321492.688741  x:  0.07695   5.41857   0.15714  
  6  0.0002 321492.688741  x:  0.07695   5.41851   0.15714  
  7  0.0000 321492.688741  x:  0.07695   5.41852   0.15714  
  8  0.0000 321492.688741  x:  0.07695   5.41852   0.15714  
check convergence!


7 (Bom_syl) ... 5 (Bom_mus)
  0  0.0000 320724.799693  x:  0.07540   4.36082   0.13783  
  1 99.0000 320720.332852  x:  0.07230   4.36087   0.14013  
  2 2275.5098 320705.640862  x:  0.07326   4.36141   0.16465  
  3 1886.8027 320691.384204  x:  0.07323   5.26834   0.16968  
  4 35.3989 320691.346685  x:  0.07296   5.26401   0.17005  
  5  0.0043 320691.346377  x:  0.07296   5.26207   0.17015  
  6  0.0015 320691.346376  x:  0.07296   5.26190   0.17015  

7 (Bom_syl) ... 6 (Bom_pas)
  0  0.0000 321122.902056  x:  0.05948   4.42811   0.13666  
  1 99.0000 321007.248448  x:  0.07439   4.42813   0.13854  
  2 16666.0980 320978.527455  x:  0.07376   4.42867   0.17414  
  3 1810.6608 320962.940533  x:  0.07369   5.39287   0.17934  
  4 36.6000 320962.935124  x:  0.07368   5.38581   0.17983  
  5  0.0049 320962.935121  x:  0.07368   5.38564   0.17982  
  6  0.0001 320962.935120  x:  0.07368   5.38554   0.17982  
  7  0.0000 320962.935120  x:  0.07368   5.38564   0.17982  
  8  0.0001 320962.935120  x:  0.07368   5.38561   0.17982  
  9  0.0000 320962.935120  x:  0.07368   5.38561   0.17982  
 10  0.0000 320962.935120  x:  0.07368   5.38561   0.17982  
 11  0.0489 320962.935120  x:  0.07368   5.38561   0.17982  
check convergence!


8 (Bom_vet) ... 1 (Apis_mel)
  0  0.0000 397553.313364  x:  0.56818   4.57125   0.27429  
  1 99.0000 395270.478948  x:  0.53985   4.57077   0.12160  
  2 20499.2000 395180.245957  x:  0.58105   4.56810   0.10512  
  3 4170.1697 395101.393392  x:  0.56957   3.81461   0.10271  
  4 188.5857 395053.709413  x:  0.59091   3.74962   0.11082  
  5  0.1918 395053.182057  x:  0.59410   3.79113   0.11019  
  6  0.0475 395053.154079  x:  0.59456   3.78292   0.10994  
  7  0.0091 395053.154048  x:  0.59454   3.78288   0.10994  
  8  0.0000 395053.154048  x:  0.59454   3.78289   0.10994  
  9  0.0000 395053.154048  x:  0.59454   3.78289   0.10994  
check convergence!


8 (Bom_vet) ... 2 (Bom_con)
  0  0.0000 333061.229175  x:  0.11995   3.22817   0.17381  
  1 99.0000 333020.372757  x:  0.13017   3.23028   0.14867  
  2 2973.0194 332995.718446  x:  0.12507   3.23216   0.12962  
  3 6561.1462 332851.225938  x:  0.12375   5.07246   0.14813  
  4 204.1700 332850.160763  x:  0.12338   5.08647   0.14324  
  5  0.0138 332850.146817  x:  0.12337   5.11027   0.14333  
  6  0.0111 332850.146747  x:  0.12338   5.11030   0.14336  
  7  0.0000 332850.146747  x:  0.12338   5.11029   0.14336  
  8  0.0000 332850.146747  x:  0.12338   5.11029   0.14336  
  9  0.0000 332850.146747  x:  0.12338   5.11029   0.14336  
check convergence!


8 (Bom_vet) ... 3 (Bom_hor)
  0  0.0000 321418.434762  x:  0.07147   4.38891   0.24819  
  1 99.0000 321404.593286  x:  0.07704   4.38902   0.24276  
  2 3652.3732 321244.745187  x:  0.07668   4.39105   0.14281  
  3 4919.9059 321236.895784  x:  0.07655   5.03081   0.14916  
  4 26.4879 321235.963467  x:  0.07552   5.05040   0.14518  
  5  0.0250 321235.867925  x:  0.07519   5.04560   0.14659  
  6  0.0073 321235.867919  x:  0.07519   5.04531   0.14658  
  7  0.0003 321235.867919  x:  0.07519   5.04525   0.14658  

8 (Bom_vet) ... 4 (Bom_hyp)
  0  0.0000 320556.138103  x:  0.06122   4.35322   0.11010  
  1 99.0000 320469.495613  x:  0.07429   4.35324   0.11225  
  2 14014.2994 320445.973220  x:  0.07356   4.35367   0.13945  
  3 1943.8613 320428.997970  x:  0.07347   5.36355   0.14395  
  4 38.3578 320428.995113  x:  0.07350   5.35565   0.14416  
  5  0.0056 320428.995099  x:  0.07349   5.35532   0.14417  
  6  0.0003 320428.995099  x:  0.07349   5.35528   0.14416  
  7  0.0000 320428.995099  x:  0.07349   5.35528   0.14416  
  8  0.0000 320428.995099  x:  0.07349   5.35528   0.14416  
check convergence!


8 (Bom_vet) ... 5 (Bom_mus)
  0  0.0000 304707.784359  x:  0.01766   4.33655   0.20056  
  1 99.0000 304666.901935  x:  0.02237   4.33656   0.20036  
  2 18848.0460 304628.337163  x:  0.02245   4.33843   0.12451  
  3 823.4475 304621.929943  x:  0.02241   5.43844   0.13368  
  4 13.3158 304621.685604  x:  0.02243   5.46548   0.12864  
  5  0.0448 304621.684159  x:  0.02244   5.48287   0.12872  
  6  0.0118 304621.684152  x:  0.02244   5.48329   0.12873  
  7  0.0003 304621.684152  x:  0.02244   5.48333   0.12873  

8 (Bom_vet) ... 6 (Bom_pas)
  0  0.0000 305128.620880  x:  0.02127   4.33531   0.16067  
  1 99.0000 305119.348956  x:  0.02377   4.33532   0.16059  
  2 7981.6304 305116.531010  x:  0.02380   4.33688   0.14181  
  3 279.0239 305100.727616  x:  0.02370   6.20022   0.15455  
  4 21.3156 305100.580759  x:  0.02364   6.19900   0.15023  
  5  0.0045 305100.580457  x:  0.02363   6.20580   0.15023  
  6  0.0049 305100.580443  x:  0.02364   6.20655   0.15025  
  7  0.0005 305100.580443  x:  0.02364   6.20652   0.15025  
  8  0.0006 305100.580443  x:  0.02364   6.20652   0.15025  
  9  0.0000 305100.580442  x:  0.02364   6.20652   0.15025  
 10  1.4375 305100.580442  x:  0.02364   6.20652   0.15025  
 11  0.6243 305100.580441  x:  0.02364   6.20652   0.15025  
 12  1.4033 305100.580441  x:  0.02364   6.20652   0.15025  
 13  0.1115 305100.580441  x:  0.02364   6.20652   0.15025  
check convergence!


8 (Bom_vet) ... 7 (Bom_syl)
  0  0.0000 320532.556907  x:  0.06490   5.08422   0.15091  
  1 99.0000 320504.629411  x:  0.07239   5.08423   0.15191  
  2 7682.6084 320496.069950  x:  0.07205   5.08437   0.17281  
  3 898.3730 320494.264148  x:  0.07203   5.45062   0.17457  
  4 10.4536 320494.262009  x:  0.07203   5.44382   0.17424  
  5  0.0058 320494.262007  x:  0.07203   5.44420   0.17424  