

2 (And_ful) ... 1 (And_bic)
  0  0.0000 1005846.749245  x:  0.15988   1.40171   0.49951  
  1 99.0000 997283.824884  x:  0.08565   1.48670   0.12500  
  2 30563.7591 995967.594655  x:  0.08469   1.50121   0.06013  
  3 975322.0824 990270.588347  x:  0.12918   4.65284   0.12825  
  4 6163.4479 988788.709792  x:  0.14839   4.34383   0.06249  
  5  0.2659 988546.275486  x:  0.16412   4.09812   0.07548  
  6  0.1118 988488.412179  x:  0.16974   3.86141   0.06547  
  7  0.2654 988457.348697  x:  0.16796   3.47358   0.06590  
  8  0.1317 988456.044599  x:  0.16640   3.48767   0.06591  
  9  0.0133 988456.040814  x:  0.16639   3.48507   0.06584  
 10  0.0030 988456.040811  x:  0.16639   3.48517   0.06583  

3 (And_hae) ... 1 (And_bic)
  0  0.0000 987180.489583  x:  0.15820   3.00036   0.18866  
  1 99.0000 984933.286535  x:  0.13041   3.00279   0.08031  
  2 31044.4850 984609.244757  x:  0.14150   3.00334   0.05761  
  3 56222.7501 984485.749688  x:  0.14488   3.74400   0.06417  
  4 374.2369 984371.297850  x:  0.15617   3.48253   0.07010  
  5  0.4170 984368.123522  x:  0.15734   3.48182   0.06761  
  6  0.0025 984368.112625  x:  0.15734   3.47447   0.06757  
  7  0.0068 984368.112556  x:  0.15733   3.47443   0.06757  
  8  0.0000 984368.112556  x:  0.15733   3.47443   0.06757  

3 (And_hae) ... 2 (And_ful)
  0  0.0000 980830.541120  x:  0.14758   3.25394   0.07326  
  1 99.0000 980807.834729  x:  0.15280   3.25423   0.06860  
  2 6479.0096 980806.669958  x:  0.15206   3.25450   0.06725  
  3 1566.7528 980737.883566  x:  0.15208   3.86819   0.07016  
  4 255.3486 980737.826904  x:  0.15215   3.86699   0.06978  
  5  0.0012 980737.826889  x:  0.15214   3.86710   0.06978  
  6  0.0001 980737.826889  x:  0.15214   3.86713   0.06978  

4 (And_hat) ... 1 (And_bic)
  0  0.0000 965461.725988  x:  0.13021   3.56041   0.16451  
  1 99.0000 964917.260129  x:  0.10640   3.56067   0.13665  
  2 27761.9361 964073.149379  x:  0.11152   3.56126   0.06976  
  3 39466.2449 964072.116558  x:  0.11169   3.64424   0.07049  
  4  8.2484 964010.658097  x:  0.12018   3.50341   0.07197  
  5  0.4483 964009.782001  x:  0.12040   3.52529   0.07051  
  6  0.0450 964009.779004  x:  0.12039   3.52967   0.07053  
  7  0.0046 964009.779000  x:  0.12039   3.52966   0.07053  
  8  0.0000 964009.779000  x:  0.12039   3.52965   0.07053  
  9  0.0000 964009.779000  x:  0.12039   3.52965   0.07053  
 10  0.0000 964009.779000  x:  0.12039   3.52965   0.07053  
 11  0.0000 964009.779000  x:  0.12039   3.52965   0.07053  
 12  0.0514 964009.779000  x:  0.12039   3.52965   0.07053  
 13  0.0113 964009.779000  x:  0.12039   3.52965   0.07053  
 14  0.0077 964009.779000  x:  0.12039   3.52965   0.07053  
check convergence!


4 (And_hat) ... 2 (And_ful)
  0  0.0000 982601.211083  x:  0.15549   3.24938   0.07232  
  1 99.0000 982570.061028  x:  0.15624   3.24974   0.06384  
  2 6945.5967 982569.912339  x:  0.15676   3.25005   0.06385  
  3 493.2316 982498.338611  x:  0.15667   3.86859   0.06680  
  4 352.5790 982498.151974  x:  0.15678   3.86842   0.06616  
  5  0.0007 982498.151923  x:  0.15679   3.86883   0.06615  
  6  0.0003 982498.151922  x:  0.15679   3.86889   0.06616  
  7  0.0001 982498.151922  x:  0.15679   3.86889   0.06616  

4 (And_hat) ... 3 (And_hae)
  0  0.0000 981761.957445  x:  0.16065   3.41841   0.19626  
  1 99.0000 980468.323311  x:  0.12230   3.41949   0.14046  
  2 34621.6383 979127.647528  x:  0.12850   3.42088   0.06511  
  3 67178.3667 979043.746355  x:  0.12995   4.13720   0.07156  
  4 258.2015 978807.304151  x:  0.14893   3.99048   0.06704  
  5  0.1539 978806.660831  x:  0.14898   3.97262   0.06821  
  6  0.0374 978806.655516  x:  0.14898   3.96699   0.06814  
  7  0.0048 978806.655510  x:  0.14897   3.96694   0.06814  

5 (And_mar) ... 1 (And_bic)
  0  0.0000 944906.642467  x:  0.08251   3.60105   0.10902  
  1 99.0000 944800.718190  x:  0.09237   3.60102   0.10156  
  2 17813.8573 944613.736010  x:  0.09098   3.60089   0.06957  
  3 14962.4157 944589.337411  x:  0.09112   3.16858   0.06690  
  4 104.8429 944586.280499  x:  0.08959   3.15954   0.06858  
  5  0.0098 944586.158906  x:  0.08943   3.16416   0.06802  
  6  0.0069 944586.158869  x:  0.08943   3.16381   0.06801  
  7  0.0004 944586.158869  x:  0.08943   3.16385   0.06801  
  8  0.0000 944586.158869  x:  0.08943   3.16385   0.06801  

5 (And_mar) ... 2 (And_ful)
  0  0.0000 988095.081166  x:  0.17568   3.08380   0.09290  
  1 99.0000 987756.914198  x:  0.15883   3.08421   0.07064  
  2 22606.4084 987735.338650  x:  0.16297   3.08447   0.06517  
  3 6650.7153 987694.160339  x:  0.16346   3.50341   0.06761  
  4 212.3182 987694.020298  x:  0.16397   3.50054   0.06767  
  5  0.0033 987694.018627  x:  0.16398   3.50000   0.06761  
  6  0.0006 987694.018623  x:  0.16397   3.49987   0.06761  
  7  0.0001 987694.018623  x:  0.16397   3.49986   0.06761  
  8  0.0000 987694.018623  x:  0.16397   3.49986   0.06761  

5 (And_mar) ... 3 (And_hae)
  0  0.0000 983738.049266  x:  0.14894   3.10770   0.12058  
  1 99.0000 983010.340978  x:  0.15408   3.10854   0.06937  
  2 22258.2129 983010.049342  x:  0.15338   3.10869   0.06928  
  3 800.9290 982983.619607  x:  0.15326   3.44442   0.07222  
  4 174.0444 982980.788458  x:  0.15369   3.46141   0.06967  
  5  0.0312 982980.783096  x:  0.15367   3.46652   0.06970  
  6  0.0043 982980.783091  x:  0.15367   3.46653   0.06970  

5 (And_mar) ... 4 (And_hat)
  0  0.0000 962890.228952  x:  0.11622   3.25639   0.17179  
  1 99.0000 961962.580064  x:  0.09596   3.25757   0.09827  
  2 20940.2015 961616.509329  x:  0.10395   3.25810   0.06557  
  3 77133.0109 961585.051476  x:  0.10491   3.71064   0.06934  
  4 146.7952 961481.329977  x:  0.11450   3.48334   0.07631  
  5  0.3058 961477.947673  x:  0.11532   3.51494   0.07332  
  6  0.0347 961477.936594  x:  0.11534   3.50699   0.07321  
  7  0.0077 961477.936578  x:  0.11534   3.50686   0.07321  
  8  0.0001 961477.936577  x:  0.11534   3.50687   0.07321  
  9  0.0000 961477.936577  x:  0.11534   3.50687   0.07321  
 10  0.0000 961477.936577  x:  0.11534   3.50687   0.07321  
check convergence!


6 (And_tri) ... 1 (And_bic)
  0  0.0000 963167.775921  x:  0.11548   3.06713   0.16284  
  1 99.0000 961952.750443  x:  0.09970   3.06796   0.07660  
  2 21894.7314 961767.432682  x:  0.10858   3.06810   0.05857  
  3 49491.8808 961765.030341  x:  0.10906   3.17622   0.05982  
  4  6.7651 961700.743070  x:  0.11448   2.90230   0.06617  
  5  3.3998 961698.764983  x:  0.11569   2.94976   0.06537  
  6  0.0495 961698.729844  x:  0.11576   2.93915   0.06519  
  7  0.0110 961698.729744  x:  0.11576   2.93913   0.06518  
  8  0.0000 961698.729744  x:  0.11576   2.93914   0.06518  
  9  0.0000 961698.729743  x:  0.11576   2.93913   0.06518  
 10  0.0000 961698.729743  x:  0.11576   2.93913   0.06518  
 11  0.0000 961698.729743  x:  0.11576   2.93913   0.06518  
 12  0.0000 961698.729743  x:  0.11576   2.93913   0.06518  
 13  0.0326 961698.729743  x:  0.11576   2.93913   0.06518  
check convergence!


6 (And_tri) ... 2 (And_ful)
  0  0.0000 982868.267210  x:  0.14123   2.76964   0.05825  
  1 99.0000 982732.923916  x:  0.15611   2.76994   0.05979  
  2 18759.7123 982732.363176  x:  0.15626   2.77036   0.05879  
  3 1001.4261 982624.707055  x:  0.15621   3.41539   0.06215  
  4 440.2422 982624.585413  x:  0.15637   3.41347   0.06166  
  5  0.0018 982624.585403  x:  0.15637   3.41347   0.06166  
  6  0.0000 982624.585403  x:  0.15637   3.41348   0.06166  

6 (And_tri) ... 3 (And_hae)
  0  0.0000 980102.261500  x:  0.15623   3.14002   0.10592  
  1 99.0000 979616.842353  x:  0.13863   3.14045   0.07342  
  2 23887.8601 979533.695310  x:  0.14576   3.14067   0.06193  
  3 15740.3639 979515.360642  x:  0.14619   3.43153   0.06376  
  4 132.7077 979510.466134  x:  0.14847   3.41238   0.06550  
  5  0.0256 979510.406495  x:  0.14866   3.41139   0.06518  
  6  0.0011 979510.406475  x:  0.14865   3.41110   0.06517  
  7  0.0003 979510.406475  x:  0.14865   3.41109   0.06518  
  8  0.0000 979510.406475  x:  0.14865   3.41109   0.06518  

6 (And_tri) ... 4 (And_hat)
  0  0.0000 960489.590646  x:  0.09385   3.01205   0.12855  
  1 99.0000 959990.661151  x:  0.11771   3.01227   0.11614  
  2 40355.5337 959393.322448  x:  0.11693   3.01317   0.06351  
  3 22643.9587 959368.002116  x:  0.11672   3.38097   0.06681  
  4 146.8984 959359.196880  x:  0.11393   3.39544   0.06434  
  5  0.0147 959358.409167  x:  0.11337   3.38715   0.06561  
  6  0.0134 959358.408753  x:  0.11337   3.38561   0.06560  
  7  0.0013 959358.408753  x:  0.11337   3.38560   0.06560  
  8  0.0000 959358.408753  x:  0.11337   3.38560   0.06560  

6 (And_tri) ... 5 (And_mar)
  0  0.0000 961139.569837  x:  0.11199   3.24750   0.15691  
  1 99.0000 960261.791125  x:  0.09667   3.24778   0.08421  
  2 19609.7237 960070.998466  x:  0.10510   3.24781   0.06363  
  3 51458.9413 960058.802136  x:  0.10464   2.99950   0.06165  
  4 90.7063 959992.308404  x:  0.11057   2.84928   0.07001  
  5  0.2866 959989.751479  x:  0.11178   2.90738   0.06887  
  6  0.0647 959989.686824  x:  0.11187   2.89373   0.06856  
  7  0.0151 959989.686738  x:  0.11186   2.89356   0.06856  
  8  0.0002 959989.686738  x:  0.11186   2.89358   0.06856  
  9  0.0000 959989.686738  x:  0.11186   2.89358   0.06856  

7 (Bom_pas) ... 1 (And_bic)
  0  0.0000 1202554.042972  x:  1.09280   2.65890   0.09002  
  1 99.0000 1200150.735276  x:  1.08998   2.65977   0.05732  
  2 121085.8613 1199902.939381  x:  1.01012   2.82902   0.06468  
  3 2595.6759 1198937.200740  x:  1.17087   3.89552   0.06002  
  4 6916.1215 1198899.444722  x:  1.15257   3.94653   0.05803  
  5  0.0666 1198893.548535  x:  1.14071   3.98815   0.05935  
  6  0.0384 1198893.472869  x:  1.14238   3.99971   0.05930  
  7  0.0067 1198893.472726  x:  1.14233   3.99983   0.05930  
  8  0.0001 1198893.472726  x:  1.14233   3.99983   0.05930  
  9  0.0000 1198893.472726  x:  1.14233   3.99983   0.05930  

7 (Bom_pas) ... 2 (And_ful)
  0  0.0000 1212532.873766  x:  1.34245   3.35055   0.11626  
  1 99.0000 1203270.349458  x:  1.33468   3.35152   0.05039  
  2 194796.5432 1203003.399948  x:  1.21851   3.39058   0.06176  
  3 4571.0313 1202607.134151  x:  1.30510   4.26964   0.05975  
  4 1072.0435 1202357.710117  x:  1.21036   4.27259   0.05780  
  5  0.1340 1202354.515362  x:  1.22222   4.29213   0.05669  
  6  0.0275 1202354.478222  x:  1.22179   4.29883   0.05667  
  7  0.0055 1202354.476368  x:  1.22201   4.30030   0.05668  
  8  0.0013 1202354.476367  x:  1.22201   4.30032   0.05668  

7 (Bom_pas) ... 3 (And_hae)
  0  0.0000 1199159.937813  x:  1.19567   3.81033   0.06717  
  1 99.0000 1198805.431334  x:  1.19472   3.81046   0.05635  
  2 60418.3163 1198733.715026  x:  1.13115   3.82563   0.05983  
  3 2118.6366 1198680.080071  x:  1.15755   4.16530   0.05946  
  4 338.1387 1198678.897603  x:  1.15475   4.16678   0.05902  
  5  0.0036 1198678.897451  x:  1.15474   4.16731   0.05902  
  6  0.0005 1198678.897450  x:  1.15475   4.16733   0.05902  

7 (Bom_pas) ... 4 (And_hat)
  0  0.0000 1207104.760144  x:  1.23999   3.66581   0.12266  
  1 99.0000 1198721.907063  x:  1.23152   3.66654   0.05403  
  2 172326.1903 1198601.984413  x:  1.16153   3.68226   0.06138  
  3 3422.1662 1198493.819552  x:  1.19793   4.15466   0.06056  
  4 497.4165 1198417.182198  x:  1.15040   4.14443   0.05918  
  5  0.0762 1198416.568000  x:  1.15493   4.15007   0.05867  
  6  0.0080 1198416.567351  x:  1.15483   4.15044   0.05866  
  7  0.0004 1198416.567345  x:  1.15483   4.15054   0.05866  
  8  0.0001 1198416.567345  x:  1.15483   4.15054   0.05866  
  9  0.0000 1198416.567345  x:  1.15483   4.15054   0.05866  

7 (Bom_pas) ... 5 (And_mar)
  0  0.0000 1217748.587494  x:  1.20424   3.67803   0.19187  
  1 99.0000 1198443.437039  x:  1.17887   3.67979   0.05661  
  2 168355.6947 1198424.380740  x:  1.16168   3.68370   0.05964  
  3 2232.4448 1198368.313332  x:  1.18298   4.01908   0.05931  
  4 358.0988 1198319.963177  x:  1.13501   3.99562   0.05969  
  5  0.0699 1198319.860418  x:  1.13566   4.00056   0.05950  
  6  0.0048 1198319.860286  x:  1.13563   4.00097   0.05950  
  7  0.0004 1198319.860285  x:  1.13564   4.00100   0.05950  
  8  0.0000 1198319.860285  x:  1.13563   4.00100   0.05950  

7 (Bom_pas) ... 6 (And_tri)
  0  0.0000 1198069.616363  x:  1.10281   3.61619   0.07280  
  1 99.0000 1197618.695336  x:  1.10208   3.61632   0.05959  
  2 62636.9204 1197609.062605  x:  1.12568   3.64579   0.05827  
  3 519.5428 1197538.000925  x:  1.13278   4.00808   0.05914  
  4 1104.3824 1197537.888009  x:  1.13543   4.01082   0.05904  
  5  0.0035 1197537.887349  x:  1.13545   4.01116   0.05903  
  6  0.0004 1197537.887339  x:  1.13545   4.01130   0.05903  
  7  0.0001 1197537.887339  x:  1.13545   4.01130   0.05903  