Supplemental results for CODEML (seqf: /home/yzliu/eDNA/faststorage/yzliu/DK_proj/data/ref_genome/ref_annotation/primary_transcripts/extracted_cds_new/new_transcript_id_7_and_pas/bootstraps/cat.out.OG_cds_7_species_same_header_fas.shuf_537OG_673.phy  treef: xxx.trees)


pairwise comparison (Goldman & Yang 1994)
seq seq        N       S       dN       dS     dN/dS   Paras.
  2   1 461619.8 178871.2   0.0102   0.1700   0.0598   0.1644   3.6085   0.0598 -990019.047
  3   1 460941.9 179549.1   0.0099   0.1615   0.0612   0.1572   3.5485   0.0612 -987317.900
  3   2 459698.0 180793.0   0.0101   0.1522   0.0663   0.1506   4.0117   0.0663 -983121.182
  4   1 460726.2 179764.8   0.0080   0.1222   0.0651   0.1201   3.5803   0.0651 -967153.840
  4   2 459716.2 180774.8   0.0102   0.1615   0.0634   0.1588   4.0135   0.0634 -986818.279
  4   3 458241.4 182249.6   0.0100   0.1541   0.0648   0.1530   4.0562   0.0648 -984603.013
  5   1 463578.7 176912.3   0.0057   0.0932   0.0616   0.0897   3.1283   0.0616 -948327.570
  5   2 460569.1 179921.9   0.0104   0.1697   0.0612   0.1655   3.7513   0.0612 -990679.225
  5   3 460180.8 180310.2   0.0101   0.1582   0.0638   0.1554   3.6456   0.0638 -986802.613
  5   4 460070.8 180420.2   0.0078   0.1190   0.0658   0.1174   3.6632   0.0658 -965610.889
  6   1 465107.1 175383.9   0.0071   0.1223   0.0584   0.1160   2.9664   0.0584 -964945.139
  6   2 462123.2 178367.8   0.0095   0.1653   0.0573   0.1586   3.5479   0.0573 -986621.907
  6   3 461332.8 179158.2   0.0094   0.1565   0.0599   0.1516   3.5030   0.0599 -984212.797
  6   4 461344.8 179146.2   0.0074   0.1202   0.0615   0.1169   3.5027   0.0615 -964795.436
  6   5 464245.7 176245.3   0.0073   0.1192   0.0609   0.1142   3.0558   0.0609 -964201.337
  7   1 457590.6 182900.4   0.0663   1.2184   0.0544   1.1859   4.1338   0.0544 -1202079.496
  7   2 454415.7 186075.3   0.0671   1.2871   0.0522   1.2647   4.4440   0.0522 -1205141.535
  7   3 456370.1 184120.9   0.0667   1.2196   0.0547   1.1943   4.2574   0.0547 -1202688.419
  7   4 455828.7 184662.3   0.0666   1.2401   0.0537   1.2147   4.3361   0.0537 -1202731.089
  7   5 457513.1 182977.9   0.0664   1.2109   0.0548   1.1801   4.1536   0.0548 -1201836.089
  7   6 457258.7 183232.3   0.0659   1.2224   0.0539   1.1904   4.1699   0.0539 -1201554.661

