

2 (And_ful) ... 1 (And_bic)
  0  0.0000 1079202.319248  x:  0.15252   1.43146   0.48621  
  1 99.0000 1062669.042573  x:  0.20074   1.52772   0.04776  
  2 33616.5355 1062505.823446  x:  0.19181   1.53080   0.03809  
  3 41242.9557 1060971.814474  x:  0.14983   2.05924   0.05589  
  4 6162.9852 1060058.312418  x:  0.18011   2.89920   0.05438  
  5  1.5007 1059810.639489  x:  0.16250   3.39999   0.05945  
  6  0.2613 1059775.648870  x:  0.16802   3.69710   0.06005  
  7  0.1451 1059773.626989  x:  0.16656   3.76290   0.06024  
  8  0.0529 1059773.590006  x:  0.16669   3.76993   0.06007  
  9  0.0047 1059773.588053  x:  0.16666   3.76830   0.06002  
 10  0.0012 1059773.588050  x:  0.16666   3.76820   0.06002  
 11  0.0001 1059773.588050  x:  0.16666   3.76820   0.06002  
 12  0.0000 1059773.588050  x:  0.16666   3.76820   0.06002  
 13  0.0000 1059773.588050  x:  0.16666   3.76820   0.06002  
check convergence!


3 (And_hae) ... 1 (And_bic)
  0  0.0000 1055680.559693  x:  0.13025   3.45081   0.07265  
  1 99.0000 1055195.938099  x:  0.15707   3.45089   0.06694  
  2 37909.3371 1055180.061092  x:  0.15671   3.45100   0.06145  
  3 5581.1048 1055171.628401  x:  0.15672   3.66053   0.06230  
  4 85.0573 1055171.585556  x:  0.15657   3.65658   0.06207  
  5  0.0039 1055171.584859  x:  0.15654   3.65619   0.06209  
  6  0.0004 1055171.584858  x:  0.15654   3.65624   0.06209  
  7  0.0001 1055171.584858  x:  0.15654   3.65624   0.06209  

3 (And_hae) ... 2 (And_ful)
  0  0.0000 1052106.230833  x:  0.15525   3.28526   0.07939  
  1 99.0000 1051965.657963  x:  0.14934   3.28571   0.06303  
  2 14967.8234 1051959.677505  x:  0.15208   3.28600   0.06120  
  3 3856.1896 1051856.062178  x:  0.15252   4.04039   0.06494  
  4 313.1215 1051855.718585  x:  0.15233   4.04034   0.06414  
  5  0.0010 1051855.716567  x:  0.15239   4.04043   0.06412  
  6  0.0001 1051855.716566  x:  0.15239   4.04054   0.06412  

4 (And_hat) ... 1 (And_bic)
  0  0.0000 1033348.292065  x:  0.10690   3.67623   0.10400  
  1 99.0000 1033066.054357  x:  0.12467   3.67630   0.08807  
  2 24770.9125 1032860.120856  x:  0.12168   3.67640   0.06272  
  3 21351.9335 1032859.639012  x:  0.12170   3.61946   0.06243  
  4 15.3949 1032849.186844  x:  0.11823   3.60820   0.06400  
  5  0.0129 1032849.111889  x:  0.11814   3.61055   0.06360  
  6  0.0034 1032849.111883  x:  0.11813   3.61048   0.06360  
  7  0.0001 1032849.111883  x:  0.11813   3.61049   0.06360  
  8  0.0000 1032849.111883  x:  0.11813   3.61049   0.06360  
check convergence!


4 (And_hat) ... 2 (And_ful)
  0  0.0000 1055797.297268  x:  0.12754   3.33045   0.10224  
  1 99.0000 1054897.934516  x:  0.16399   3.33087   0.08234  
  2 47250.2129 1054667.907244  x:  0.16154   3.33141   0.05983  
  3 21105.4064 1054544.449774  x:  0.16112   4.16348   0.06427  
  4 338.2527 1054536.466936  x:  0.15779   4.16110   0.06276  
  5  0.0039 1054536.264961  x:  0.15751   4.15820   0.06334  
  6  0.0035 1054536.264480  x:  0.15751   4.15642   0.06333  
  7  0.0012 1054536.264478  x:  0.15751   4.15639   0.06333  
  8  0.0000 1054536.264478  x:  0.15751   4.15638   0.06333  

4 (And_hat) ... 3 (And_hae)
  0  0.0000 1050896.958582  x:  0.14956   3.61310   0.05621  
  1 99.0000 1050864.680821  x:  0.14973   3.61323   0.06402  
  2 8700.3925 1050864.474038  x:  0.14916   3.61338   0.06408  
  3 694.3626 1050823.068064  x:  0.14931   4.13143   0.06571  
  4 185.7615 1050823.063656  x:  0.14931   4.12776   0.06577  
  5  0.0029 1050823.063654  x:  0.14931   4.12769   0.06577  
  6  0.0001 1050823.063654  x:  0.14931   4.12769   0.06577  
  7  0.0000 1050823.063654  x:  0.14931   4.12769   0.06577  

5 (And_mar) ... 1 (And_bic)
  0  0.0000 1013187.377557  x:  0.08095   3.61152   0.05211  
  1 99.0000 1013094.380163  x:  0.08950   3.61147   0.05558  
  2 20907.4109 1013078.813444  x:  0.08840   3.61131   0.06253  
  3 5025.9718 1013061.033680  x:  0.08847   3.24627   0.06134  
  4 91.4967 1013060.969706  x:  0.08856   3.24475   0.06091  
  5  0.0015 1013060.969664  x:  0.08855   3.24481   0.06090  
  6  0.0001 1013060.969664  x:  0.08855   3.24478   0.06090  

5 (And_mar) ... 2 (And_ful)
  0  0.0000 1058976.043508  x:  0.16166   2.90723   0.09228  
  1 99.0000 1058483.309868  x:  0.16025   2.90819   0.05815  
  2 24250.3127 1058478.075462  x:  0.16327   2.90865   0.05761  
  3 3471.7990 1058287.628061  x:  0.16357   3.78986   0.06384  
  4 514.9766 1058283.465244  x:  0.16335   3.80384   0.06116  
  5  0.0206 1058283.443993  x:  0.16350   3.81078   0.06113  
  6  0.0056 1058283.443006  x:  0.16348   3.81256   0.06115  
  7  0.0014 1058283.443004  x:  0.16348   3.81258   0.06115  
  8  0.0000 1058283.443004  x:  0.16348   3.81258   0.06115  

5 (And_mar) ... 3 (And_hae)
  0  0.0000 1053871.112971  x:  0.15615   3.29061   0.08496  
  1 99.0000 1053678.007817  x:  0.14874   3.29092   0.06522  
  2 16844.1529 1053667.100701  x:  0.15232   3.29108   0.06249  
  3 5290.3999 1053640.099940  x:  0.15259   3.65170   0.06438  
  4 159.5712 1053640.089116  x:  0.15271   3.65017   0.06441  
  5  0.0017 1053640.088889  x:  0.15272   3.64984   0.06439  
  6  0.0004 1053640.088888  x:  0.15272   3.64978   0.06439  

5 (And_mar) ... 4 (And_hat)
  0  0.0000 1031081.918707  x:  0.12318   3.26014   0.12970  
  1 99.0000 1030629.785923  x:  0.10279   3.26047   0.10777  
  2 28403.6668 1030134.449236  x:  0.10780   3.26113   0.06367  
  3 32095.3893 1030108.718792  x:  0.10811   3.65661   0.06664  
  4 138.8125 1030085.465642  x:  0.11326   3.62808   0.06645  
  5  0.0305 1030085.441348  x:  0.11323   3.62850   0.06620  
  6  0.0008 1030085.440644  x:  0.11321   3.62749   0.06620  
  7  0.0010 1030085.440642  x:  0.11321   3.62738   0.06620  

6 (And_tri) ... 1 (And_bic)
  0  0.0000 1034060.527553  x:  0.10593   3.22863   0.18839  
  1 99.0000 1032898.724166  x:  0.14472   3.22945   0.10802  
  2 27371.1054 1032123.317632  x:  0.14067   3.22990   0.05627  
  3 93319.0707 1032117.870453  x:  0.14003   3.40981   0.05773  
  4 27.6226 1031644.430698  x:  0.11554   3.04235   0.06295  
  5  0.8835 1031642.267450  x:  0.11518   3.06570   0.06088  
  6  0.0417 1031642.217783  x:  0.11526   3.05239   0.06070  
  7  0.0173 1031642.217755  x:  0.11526   3.05238   0.06071  
  8  0.0000 1031642.217755  x:  0.11526   3.05235   0.06071  

6 (And_tri) ... 2 (And_ful)
  0  0.0000 1058914.837913  x:  0.13728   3.01641   0.18007  
  1 99.0000 1056800.078181  x:  0.19555   3.01858   0.08868  
  2 40118.5302 1056145.706111  x:  0.18973   3.01940   0.05279  
  3 67564.4711 1055931.476646  x:  0.18590   4.04907   0.06003  
  4 485.3363 1055517.688650  x:  0.15779   3.82667   0.06146  
  5  0.2414 1055514.268521  x:  0.15785   3.69735   0.06190  
  6  0.1153 1055514.147687  x:  0.15794   3.68783   0.06143  
  7  0.0111 1055514.147664  x:  0.15794   3.68809   0.06143  
  8  0.0003 1055514.147664  x:  0.15794   3.68809   0.06143  

6 (And_tri) ... 3 (And_hae)
  0  0.0000 1052925.834028  x:  0.13767   3.28324   0.12087  
  1 99.0000 1052043.354546  x:  0.16266   3.28389   0.07040  
  2 28389.3402 1051933.566304  x:  0.15523   3.28408   0.05853  
  3 20500.4975 1051910.064270  x:  0.15453   3.62761   0.06061  
  4 147.0172 1051890.246481  x:  0.14963   3.57217   0.06387  
  5  0.0833 1051890.231178  x:  0.14960   3.56395   0.06378  
  6  0.0075 1051890.231142  x:  0.14960   3.56383   0.06378  
  7  0.0001 1051890.231142  x:  0.14960   3.56384   0.06378  
  8  0.0000 1051890.231142  x:  0.14960   3.56384   0.06378  
  9  0.0000 1051890.231142  x:  0.14960   3.56384   0.06378  
check convergence!


6 (And_tri) ... 4 (And_hat)
  0  0.0000 1030688.322038  x:  0.09349   3.36787   0.07281  
  1 99.0000 1030297.642061  x:  0.11340   3.36790   0.07102  
  2 41974.8662 1030285.917658  x:  0.11341   3.36801   0.06518  
  3 3880.8022 1030281.444433  x:  0.11339   3.53439   0.06594  
  4 55.5245 1030281.437097  x:  0.11339   3.53391   0.06580  
  5  0.0005 1030281.437091  x:  0.11338   3.53384   0.06580  
  6  0.0001 1030281.437091  x:  0.11338   3.53385   0.06580  
  7  0.0000 1030281.437091  x:  0.11338   3.53385   0.06580  

6 (And_tri) ... 5 (And_mar)
  0  0.0000 1029770.019313  x:  0.10228   3.20797   0.10491  
  1 99.0000 1029531.828927  x:  0.11791   3.20804   0.08779  
  2 21361.1783 1029340.922739  x:  0.11450   3.20809   0.06316  
  3 23086.0742 1029337.296354  x:  0.11459   3.07452   0.06233  
  4 52.1866 1029324.513499  x:  0.11099   3.05748   0.06447  
  5  0.0188 1029324.380854  x:  0.11084   3.06111   0.06395  
  6  0.0051 1029324.380848  x:  0.11084   3.06101   0.06395  
  7  0.0001 1029324.380848  x:  0.11084   3.06102   0.06395  
  8  0.0000 1029324.380848  x:  0.11084   3.06101   0.06395  

7 (Bom_pas) ... 1 (And_bic)
  0  0.0000 1282507.525190  x:  1.01871   2.78175   0.05660  
  1 99.0000 1282503.063265  x:  1.01918   2.78213   0.05774  
  2 7099.6324 1282322.595147  x:  1.11024   2.86576   0.05350  
  3 3853.2273 1281286.210643  x:  1.10622   4.01344   0.05836  
  4 3834.5350 1281260.732069  x:  1.13914   4.06757   0.05555  
  5  0.0485 1281259.776815  x:  1.14250   4.10295   0.05579  
  6  0.0253 1281259.727359  x:  1.14245   4.10909   0.05572  
  7  0.0051 1281259.727033  x:  1.14233   4.10914   0.05573  
  8  0.0001 1281259.727033  x:  1.14233   4.10914   0.05573  

7 (Bom_pas) ... 2 (And_ful)
  0  0.0000 1286512.568586  x:  1.32400   3.64720   0.05941  
  1 99.0000 1285946.182809  x:  1.32294   3.64739   0.04791  
  2 89784.1961 1285565.430621  x:  1.16873   3.69014   0.05494  
  3 4394.0780 1285319.735333  x:  1.23799   4.40333   0.05395  
  4 779.6519 1285310.821941  x:  1.22505   4.41760   0.05331  
  5  0.0205 1285310.808067  x:  1.22594   4.42066   0.05325  
  6  0.0029 1285310.807678  x:  1.22594   4.42152   0.05325  
  7  0.0007 1285310.807678  x:  1.22594   4.42152   0.05325  
  8  0.0000 1285310.807678  x:  1.22594   4.42152   0.05325  

7 (Bom_pas) ... 3 (And_hae)
  0  0.0000 1288237.290567  x:  1.01712   3.89534   0.12746  
  1 99.0000 1281682.019695  x:  1.01229   3.89573   0.06184  
  2 147332.5644 1281495.978046  x:  1.07841   3.89642   0.05448  
  3 5501.7743 1281445.260600  x:  1.09444   4.22636   0.05456  
  4 321.3979 1281343.340709  x:  1.13355   4.22815   0.05728  
  5  0.0738 1281339.176565  x:  1.14630   4.23590   0.05611  
  6  0.0117 1281339.160874  x:  1.14683   4.24134   0.05612  
  7  0.0048 1281339.160866  x:  1.14683   4.24137   0.05612  

7 (Bom_pas) ... 4 (And_hat)
  0  0.0000 1288687.973535  x:  1.03124   3.58357   0.12623  
  1 99.0000 1281683.133738  x:  1.02576   3.58423   0.05986  
  2 154281.1399 1281568.149944  x:  1.07866   3.59110   0.05408  
  3 4245.4158 1281334.402710  x:  1.11285   4.27404   0.05466  
  4 775.0847 1281276.800373  x:  1.14468   4.26385   0.05643  
  5  0.0593 1281273.547827  x:  1.15531   4.26509   0.05538  
  6  0.0087 1281273.528858  x:  1.15601   4.27103   0.05539  
  7  0.0047 1281273.528762  x:  1.15599   4.27123   0.05539  
  8  0.0002 1281273.528762  x:  1.15599   4.27124   0.05539  

7 (Bom_pas) ... 5 (And_mar)
  0  0.0000 1282542.813959  x:  1.15702   3.60207   0.07717  
  1 99.0000 1280990.990571  x:  1.15513   3.60231   0.05399  
  2 114995.2361 1280929.760023  x:  1.10254   3.62092   0.05743  
  3 2122.0317 1280806.060390  x:  1.14088   4.10483   0.05680  
  4 585.3577 1280801.761453  x:  1.13546   4.10649   0.05603  
  5  0.0077 1280801.751921  x:  1.13488   4.10754   0.05607  
  6  0.0012 1280801.751908  x:  1.13489   4.10771   0.05607  
  7  0.0001 1280801.751908  x:  1.13489   4.10771   0.05607  

7 (Bom_pas) ... 6 (And_tri)
  0  0.0000 1284942.341688  x:  0.99024   3.63301   0.10394  
  1 99.0000 1281689.637514  x:  0.98867   3.63329   0.06197  
  2 124673.9063 1281390.674378  x:  1.08287   3.63645   0.05358  
  3 6438.7550 1281273.379742  x:  1.10602   4.11288   0.05390  
  4 527.6875 1281206.693898  x:  1.12975   4.10751   0.05672  
  5  0.0454 1281202.723285  x:  1.14324   4.11048   0.05568  
  6  0.0101 1281202.709884  x:  1.14347   4.11584   0.05568  
  7  0.0045 1281202.709871  x:  1.14350   4.11585   0.05568  