Supplemental results for CODEML (seqf: /home/yzliu/eDNA/faststorage/yzliu/DK_proj/data/ref_genome/ref_annotation/primary_transcripts/extracted_cds_new/new_transcript_id_7_and_pas/bootstraps/cat.out.OG_cds_7_species_same_header_fas.shuf_537OG_968.phy  treef: xxx.trees)


pairwise comparison (Goldman & Yang 1994)
seq seq        N       S       dN       dS     dN/dS   Paras.
  2   1 445354.5 173035.5   0.0091   0.1640   0.0556   0.1574   3.6974   0.0556 -950623.556
  3   1 444768.9 173621.1   0.0091   0.1557   0.0584   0.1507   3.6335   0.0584 -948307.229
  3   2 444527.9 173862.1   0.0092   0.1514   0.0604   0.1474   3.9350   0.0604 -945748.054
  4   1 445321.3 173068.7   0.0071   0.1171   0.0604   0.1136   3.5358   0.0604 -928738.878
  4   2 444208.7 174181.3   0.0092   0.1556   0.0589   0.1513   3.9636   0.0589 -947506.619
  4   3 443155.5 175234.5   0.0091   0.1478   0.0614   0.1452   3.9564   0.0614 -945243.997
  5   1 447637.0 170753.0   0.0053   0.0902   0.0584   0.0862   3.1633   0.0584 -912277.041
  5   2 445378.9 173011.1   0.0094   0.1624   0.0580   0.1567   3.6747   0.0580 -950961.528
  5   3 445071.1 173318.9   0.0094   0.1536   0.0609   0.1494   3.5730   0.0609 -948348.551
  5   4 445746.6 172643.4   0.0072   0.1132   0.0634   0.1104   3.4605   0.0634 -927470.869
  6   1 448652.1 169737.9   0.0065   0.1154   0.0560   0.1090   3.0473   0.0560 -926434.921
  6   2 446615.3 171774.7   0.0087   0.1568   0.0557   0.1496   3.5045   0.0557 -947185.572
  6   3 445859.8 172530.2   0.0088   0.1496   0.0585   0.1442   3.4704   0.0585 -945353.029
  6   4 446384.9 172005.1   0.0068   0.1115   0.0614   0.1078   3.3822   0.0614 -925768.856
  6   5 449592.5 168797.5   0.0068   0.1124   0.0601   0.1068   2.9272   0.0601 -925966.100
  7   1 442520.1 175869.9   0.0626   1.1222   0.0558   1.0920   3.9483   0.0558 -1153018.766
  7   2 439471.7 178918.3   0.0637   1.1992   0.0531   1.1767   4.2583   0.0531 -1156770.295
  7   3 441059.3 177330.7   0.0633   1.1353   0.0558   1.1121   4.1046   0.0558 -1154136.120
  7   4 441231.2 177158.8   0.0628   1.1357   0.0553   1.1104   4.0932   0.0553 -1153425.533
  7   5 442586.0 175804.0   0.0630   1.1187   0.0563   1.0893   3.9503   0.0563 -1153194.963
  7   6 442448.6 175941.4   0.0626   1.1241   0.0557   1.0938   3.9606   0.0557 -1152872.562

