Supplemental results for CODEML (seqf: /home/yzliu/eDNA/faststorage/yzliu/DK_proj/data/ref_genome/ref_annotation/primary_transcripts/extracted_cds_new/new_transcript_id_7_and_pas/bootstraps/cat.out.OG_cds_7_species_same_header_fas.shuf_537OG_262.phy  treef: xxx.trees)


pairwise comparison (Goldman & Yang 1994)
seq seq        N       S       dN       dS     dN/dS   Paras.
  2   1 483365.9 190926.1   0.0110   0.1680   0.0656   0.1663   3.7116   0.0656 -1045245.191
  3   1 483309.4 190982.6   0.0107   0.1581   0.0677   0.1573   3.5787   0.0677 -1041432.496
  3   2 481437.8 192854.2   0.0109   0.1512   0.0719   0.1530   4.0802   0.0719 -1038253.261
  4   1 483502.9 190789.1   0.0085   0.1191   0.0711   0.1193   3.5474   0.0711 -1019503.950
  4   2 480821.9 193470.1   0.0108   0.1575   0.0688   0.1588   4.1765   0.0688 -1040617.049
  4   3 480501.6 193790.4   0.0107   0.1480   0.0721   0.1504   4.0437   0.0721 -1037229.318
  5   1 485674.7 188617.3   0.0063   0.0915   0.0694   0.0905   3.2237   0.0694 -1000419.797
  5   2 482573.2 191718.8   0.0113   0.1660   0.0682   0.1659   3.8090   0.0682 -1045426.064
  5   3 482606.3 191685.7   0.0110   0.1542   0.0714   0.1551   3.6613   0.0714 -1040809.122
  5   4 482966.0 191326.0   0.0086   0.1146   0.0746   0.1159   3.6064   0.0746 -1017866.854
  6   1 487492.0 186800.0   0.0078   0.1176   0.0664   0.1147   3.0217   0.0664 -1016882.345
  6   2 483293.0 190999.0   0.0104   0.1596   0.0653   0.1580   3.7142   0.0653 -1040698.951
  6   3 483424.6 190867.4   0.0103   0.1514   0.0677   0.1507   3.5561   0.0677 -1037774.093
  6   4 483395.3 190896.7   0.0082   0.1133   0.0725   0.1139   3.5549   0.0725 -1016249.753
  6   5 486800.8 187491.2   0.0081   0.1138   0.0714   0.1125   3.0877   0.0714 -1016173.609
  7   1 482757.0 191535.0   0.0719   1.1690   0.0615   1.1507   4.0405   0.0615 -1272935.444
  7   2 479111.5 195180.5   0.0734   1.2359   0.0594   1.2297   4.3477   0.0594 -1277459.322
  7   3 481288.7 193003.3   0.0726   1.1711   0.0620   1.1610   4.1881   0.0620 -1273664.664
  7   4 481057.0 193235.0   0.0724   1.1790   0.0614   1.1686   4.2249   0.0614 -1273597.507
  7   5 482858.4 191433.6   0.0721   1.1626   0.0620   1.1451   4.0455   0.0620 -1272741.951
  7   6 482637.3 191654.7   0.0719   1.1695   0.0615   1.1517   4.0595   0.0615 -1272854.814

