

2 (And_ful) ... 1 (And_bic)
  0  0.0000 1100395.187180  x:  0.16942   1.39197   0.50300  
  1 99.0000 1097983.670924  x:  0.11782   1.41433   0.40667  
  2 38247.2111 1085055.543882  x:  0.10607   1.49390   0.05366  
  3 183280.9218 1083929.088631  x:  0.11143   2.12937   0.10865  
  4 4724.5439 1080666.754125  x:  0.13549   2.81924   0.04543  
  5  2.1935 1079935.463680  x:  0.15725   3.03878   0.07099  
  6  0.2422 1079722.050683  x:  0.16991   3.34075   0.05793  
  7  0.2267 1079692.718183  x:  0.16623   3.65023   0.06006  
  8  0.0722 1079691.933391  x:  0.16728   3.67710   0.05976  
  9  0.0217 1079691.912795  x:  0.16728   3.68166   0.05994  
 10  0.0042 1079691.912758  x:  0.16727   3.68201   0.05994  

3 (And_hae) ... 1 (And_bic)
  0  0.0000 1077813.825121  x:  0.17029   3.30724   0.12381  
  1 99.0000 1076726.361842  x:  0.14340   3.30779   0.07521  
  2 34558.6056 1076523.890441  x:  0.15249   3.30800   0.05768  
  3 27632.7225 1076509.402104  x:  0.15309   3.56976   0.05928  
  4 118.3676 1076478.361003  x:  0.15895   3.49740   0.06269  
  5  0.1015 1076477.720083  x:  0.15950   3.49915   0.06173  
  6  0.0022 1076477.719686  x:  0.15950   3.49785   0.06172  
  7  0.0012 1076477.719686  x:  0.15950   3.49785   0.06172  

3 (And_hae) ... 2 (And_ful)
  0  0.0000 1072577.563615  x:  0.15539   3.00238   0.05766  
  1 99.0000 1072549.720067  x:  0.15233   3.00276   0.06434  
  2 7952.2794 1072549.205669  x:  0.15151   3.00465   0.06400  
  3 491.1239 1072381.950724  x:  0.15279   3.88687   0.06825  
  4 2436.4464 1072381.728118  x:  0.15238   3.88336   0.06777  
  5  0.0033 1072381.726417  x:  0.15241   3.88276   0.06772  
  6  0.0005 1072381.726415  x:  0.15242   3.88270   0.06772  
  7  0.0000 1072381.726415  x:  0.15241   3.88269   0.06772  
  8  0.0000 1072381.726415  x:  0.15242   3.88269   0.06772  
  9  0.0000 1072381.726415  x:  0.15241   3.88269   0.06772  

4 (And_hat) ... 1 (And_bic)
  0  0.0000 1054511.222458  x:  0.11131   3.33506   0.11139  
  1 99.0000 1054091.341963  x:  0.13225   3.33539   0.08416  
  2 25102.8922 1053858.141986  x:  0.12749   3.33568   0.05968  
  3 29601.2852 1053843.310940  x:  0.12716   3.63100   0.06145  
  4 104.8598 1053816.625992  x:  0.12155   3.59293   0.06357  
  5  0.0428 1053816.551359  x:  0.12143   3.59072   0.06318  
  6  0.0028 1053816.550839  x:  0.12142   3.58897   0.06318  
  7  0.0016 1053816.550838  x:  0.12143   3.58895   0.06318  

4 (And_hat) ... 2 (And_ful)
  0  0.0000 1074421.708433  x:  0.14898   3.06304   0.10705  
  1 99.0000 1073659.448524  x:  0.15905   3.06425   0.06095  
  2 26508.9628 1073653.722305  x:  0.15621   3.06464   0.05990  
  3 3801.0210 1073456.795384  x:  0.15520   4.02469   0.06711  
  4 486.9433 1073451.503874  x:  0.15647   4.04831   0.06412  
  5  0.0370 1073451.448634  x:  0.15625   4.05950   0.06406  
  6  0.0092 1073451.445574  x:  0.15628   4.06309   0.06410  
  7  0.0027 1073451.445568  x:  0.15628   4.06313   0.06410  
  8  0.0000 1073451.445568  x:  0.15628   4.06313   0.06410  

4 (And_hat) ... 3 (And_hae)
  0  0.0000 1072202.297761  x:  0.12376   3.39651   0.12184  
  1 99.0000 1071375.523481  x:  0.15819   3.39687   0.09956  
  2 44013.8004 1070934.586065  x:  0.15563   3.39745   0.06429  
  3 27537.0398 1070883.072620  x:  0.15529   3.92437   0.06769  
  4 211.8025 1070862.410359  x:  0.14967   3.91814   0.06665  
  5  0.0074 1070862.194098  x:  0.14951   3.91279   0.06731  
  6  0.0079 1070862.193244  x:  0.14951   3.91058   0.06729  
  7  0.0018 1070862.193243  x:  0.14951   3.91055   0.06729  

5 (And_mar) ... 1 (And_bic)
  0  0.0000 1035889.726151  x:  0.07357   3.60329   0.15827  
  1 99.0000 1035374.871834  x:  0.09389   3.60331   0.15023  
  2 51865.7370 1034171.725001  x:  0.09423   3.60343   0.06126  
  3 22352.9833 1034129.004269  x:  0.09435   3.08459   0.05645  
  4 150.6172 1034124.355367  x:  0.09348   3.03712   0.05956  
  5  0.1011 1034121.533816  x:  0.09203   3.06340   0.05872  
  6  0.0307 1034121.526753  x:  0.09204   3.05885   0.05861  
  7  0.0056 1034121.526660  x:  0.09204   3.05930   0.05860  
  8  0.0005 1034121.526660  x:  0.09204   3.05930   0.05860  

5 (And_mar) ... 2 (And_ful)
  0  0.0000 1079112.763478  x:  0.14778   2.89973   0.08619  
  1 99.0000 1078684.417920  x:  0.16874   2.90041   0.06350  
  2 27233.1948 1078659.338441  x:  0.16554   2.90081   0.05816  
  3 8367.4370 1078498.827422  x:  0.16472   3.72893   0.06283  
  4 466.7209 1078498.175395  x:  0.16395   3.70182   0.06221  
  5  0.0250 1078498.151800  x:  0.16406   3.69263   0.06217  
  6  0.0072 1078498.151402  x:  0.16405   3.69220   0.06219  

5 (And_mar) ... 3 (And_hae)
  0  0.0000 1075498.265992  x:  0.14023   3.41074   0.11114  
  1 99.0000 1074867.961533  x:  0.16578   3.41102   0.07589  
  2 28357.3245 1074754.401688  x:  0.15983   3.41113   0.06227  
  3 19346.9973 1074752.778742  x:  0.15971   3.49800   0.06276  
  4 36.7716 1074735.206300  x:  0.15484   3.46484   0.06555  
  5  0.0424 1074735.174387  x:  0.15472   3.46571   0.06535  
  6  0.0010 1074735.174359  x:  0.15472   3.46554   0.06534  
  7  0.0002 1074735.174359  x:  0.15472   3.46554   0.06534  
  8  0.0000 1074735.174359  x:  0.15472   3.46554   0.06534  
check convergence!


5 (And_mar) ... 4 (And_hat)
  0  0.0000 1050652.549558  x:  0.10532   3.21317   0.07221  
  1 99.0000 1050561.221992  x:  0.11530   3.21324   0.07034  
  2 18623.6124 1050554.976389  x:  0.11517   3.21344   0.06617  
  3 2970.0516 1050536.622251  x:  0.11513   3.53697   0.06776  
  4 120.6141 1050536.606840  x:  0.11512   3.53588   0.06755  
  5  0.0011 1050536.606834  x:  0.11511   3.53575   0.06755  
  6  0.0001 1050536.606834  x:  0.11511   3.53575   0.06755  

6 (And_tri) ... 1 (And_bic)
  0  0.0000 1055193.923502  x:  0.11168   3.34654   0.18392  
  1 99.0000 1053161.245611  x:  0.14391   3.34730   0.06953  
  2 27515.6876 1052892.811724  x:  0.13562   3.34737   0.04894  
  3 58284.5583 1052886.816650  x:  0.13609   3.17051   0.04796  
  4 24.1553 1052625.418513  x:  0.11956   2.91341   0.05699  
  5  1.4317 1052624.273386  x:  0.11914   2.97605   0.05703  
  6  0.0948 1052624.268887  x:  0.11917   2.97704   0.05712  
  7  0.0010 1052624.268814  x:  0.11916   2.97692   0.05712  
  8  0.0001 1052624.268814  x:  0.11916   2.97692   0.05712  

6 (And_tri) ... 2 (And_ful)
  0  0.0000 1076488.327245  x:  0.15757   2.91172   0.13855  
  1 99.0000 1074672.770728  x:  0.14402   2.91343   0.06035  
  2 34504.7102 1074572.319548  x:  0.15420   2.91380   0.05269  
  3 19898.0485 1074447.063814  x:  0.15642   3.58900   0.05883  
  4 415.3820 1074446.005782  x:  0.15737   3.56937   0.05958  
  5  0.0371 1074445.919536  x:  0.15760   3.56594   0.05925  
  6  0.0032 1074445.919275  x:  0.15760   3.56485   0.05924  
  7  0.0008 1074445.919275  x:  0.15760   3.56485   0.05924  

6 (And_tri) ... 3 (And_hae)
  0  0.0000 1072350.323809  x:  0.14994   3.24398   0.10080  
  1 99.0000 1071844.229713  x:  0.14594   3.24433   0.06306  
  2 22454.3050 1071831.784684  x:  0.15024   3.24438   0.06147  
  3 5894.4475 1071828.517543  x:  0.15032   3.36346   0.06227  
  4 56.9716 1071828.466042  x:  0.15038   3.36036   0.06255  
  5  0.0052 1071828.465732  x:  0.15037   3.35935   0.06255  
  6  0.0010 1071828.465732  x:  0.15037   3.35935   0.06255  

6 (And_tri) ... 4 (And_hat)
  0  0.0000 1050300.126794  x:  0.11048   2.95940   0.10374  
  1 99.0000 1049864.811526  x:  0.12151   2.96012   0.06513  
  2 18994.4238 1049822.816487  x:  0.11612   2.96031   0.05915  
  3 13992.0735 1049782.119012  x:  0.11546   3.40611   0.06243  
  4 197.6962 1049781.211894  x:  0.11468   3.39530   0.06342  
  5  0.0170 1049781.209280  x:  0.11466   3.39257   0.06336  
  6  0.0024 1049781.209246  x:  0.11466   3.39227   0.06336  

6 (And_tri) ... 5 (And_mar)
  0  0.0000 1049793.398110  x:  0.12126   3.07149   0.05581  
  1 99.0000 1049730.265430  x:  0.11284   3.07143   0.05928  
  2 13555.3085 1049726.430174  x:  0.11339   3.07135   0.06208  
  3 2749.9867 1049721.470595  x:  0.11339   2.92770   0.06146  
  4 66.1267 1049721.462161  x:  0.11332   2.92527   0.06153  
  5  0.0025 1049721.462148  x:  0.11332   2.92539   0.06154  
  6  0.0001 1049721.462148  x:  0.11332   2.92538   0.06154  
  7  0.0000 1049721.462148  x:  0.11332   2.92538   0.06154  

7 (Bom_pas) ... 1 (And_bic)
  0  0.0000 1307645.210382  x:  1.04437   2.86815   0.04818  
  1 99.0000 1307335.490969  x:  1.04497   2.86834   0.05689  
  2 76460.3171 1307175.002969  x:  1.13326   2.94450   0.05365  
  3 2944.1606 1306247.962092  x:  1.13747   4.05709   0.05722  
  4 3381.2597 1306228.238124  x:  1.16813   4.10134   0.05483  
  5  0.0397 1306227.754552  x:  1.16963   4.13225   0.05492  
  6  0.0193 1306227.752265  x:  1.16966   4.13293   0.05489  
  7  0.0006 1306227.752243  x:  1.16963   4.13290   0.05490  
  8  0.0000 1306227.752243  x:  1.16963   4.13290   0.05490  
  9  0.0000 1306227.752243  x:  1.16963   4.13290   0.05490  
 10  0.0513 1306227.752243  x:  1.16963   4.13290   0.05490  
 11  0.0091 1306227.752243  x:  1.16963   4.13290   0.05490  
check convergence!


7 (Bom_pas) ... 2 (And_ful)
  0  0.0000 1335628.807227  x:  1.40920   3.68494   0.16986  
  1 99.0000 1310956.601787  x:  1.38897   3.68677   0.04628  
  2 230373.6442 1310845.754682  x:  1.34532   3.69756   0.05254  
  3 5260.0026 1310512.635532  x:  1.41097   4.56221   0.05129  
  4 885.5198 1310112.495375  x:  1.23338   4.39408   0.05438  
  5  0.2335 1310108.932939  x:  1.24222   4.43303   0.05333  
  6  0.0364 1310108.846803  x:  1.24010   4.43366   0.05335  
  7  0.0029 1310108.845565  x:  1.24018   4.43528   0.05336  
  8  0.0013 1310108.845565  x:  1.24018   4.43529   0.05336  
  9  0.0000 1310108.845565  x:  1.24018   4.43529   0.05336  

7 (Bom_pas) ... 3 (And_hae)
  0  0.0000 1323124.229893  x:  1.15639   3.87249   0.16663  
  1 99.0000 1306963.834826  x:  1.14030   3.87358   0.05619  
  2 184407.2891 1306961.414964  x:  1.14699   3.88066   0.05526  
  3 490.8880 1306897.347135  x:  1.16370   4.24334   0.05567  
  4 858.2325 1306895.113812  x:  1.17379   4.24749   0.05561  
  5  0.0152 1306895.093787  x:  1.17433   4.24841   0.05553  
  6  0.0010 1306895.093758  x:  1.17436   4.24866   0.05553  
  7  0.0002 1306895.093758  x:  1.17436   4.24867   0.05553  

7 (Bom_pas) ... 4 (And_hat)
  0  0.0000 1324714.111462  x:  1.34643   3.72307   0.14679  
  1 99.0000 1306926.765339  x:  1.33181   3.72431   0.04765  
  2 223251.0710 1306747.510121  x:  1.26147   3.73871   0.05642  
  3 5435.0608 1306546.605287  x:  1.31211   4.39218   0.05512  
  4 677.7701 1306200.135845  x:  1.16968   4.27488   0.05665  
  5  0.2355 1306191.598112  x:  1.18366   4.31530   0.05490  
  6  0.0441 1306191.434095  x:  1.18106   4.31395   0.05489  
  7  0.0035 1306191.433920  x:  1.18105   4.31445   0.05489  
  8  0.0004 1306191.433919  x:  1.18105   4.31449   0.05489  

7 (Bom_pas) ... 5 (And_mar)
  0  0.0000 1308538.326919  x:  1.19726   3.64685   0.08436  
  1 99.0000 1305759.500514  x:  1.19452   3.64714   0.05288  
  2 144842.7323 1305665.829356  x:  1.12864   3.66624   0.05753  
  3 2640.1214 1305550.159468  x:  1.16664   4.13468   0.05685  
  4 547.5382 1305537.916473  x:  1.15575   4.13703   0.05570  
  5  0.0161 1305537.913262  x:  1.15553   4.13861   0.05571  
  6  0.0015 1305537.913220  x:  1.15558   4.13885   0.05571  

7 (Bom_pas) ... 6 (And_tri)
  0  0.0000 1306183.964548  x:  1.08205   3.51894   0.06061  
  1 99.0000 1306142.872928  x:  1.08219   3.51905   0.05712  
  2 22918.6606 1306086.501098  x:  1.13533   3.53600   0.05457  
  3 2128.1938 1305873.979231  x:  1.16594   4.16356   0.05499  
  4 840.1058 1305873.453019  x:  1.17156   4.16519   0.05472  
  5  0.0047 1305873.451878  x:  1.17157   4.16603   0.05474  
  6  0.0009 1305873.451834  x:  1.17158   4.16629   0.05473  
  7  0.0002 1305873.451834  x:  1.17158   4.16629   0.05473  