

2 (Bom_con) ... 1 (Apis_mel)
  0  0.0000 428441.560871  x:  0.52115   1.41968   0.47460  
  1 99.0000 419842.112045  x:  0.37631   1.50846   0.11305  
  2 25481.9362 419533.258161  x:  0.39393   1.51841   0.08451  
  3 25571.9766 416040.655381  x:  0.51640   3.69863   0.13071  
  4 5089.6835 415796.265052  x:  0.53460   3.84274   0.09840  
  5  0.0802 415769.732330  x:  0.56017   4.04101   0.09873  
  6  0.0859 415761.285059  x:  0.55637   4.23854   0.09750  
  7  0.0820 415760.463295  x:  0.55490   4.26034   0.09919  
  8  0.0272 415760.461549  x:  0.55510   4.26267   0.09916  
  9  0.0021 415760.461547  x:  0.55510   4.26275   0.09916  

3 (Bom_hor) ... 1 (Apis_mel)
  0  0.0000 417547.172862  x:  0.41793   3.62803   0.10695  
  1 99.0000 416817.753996  x:  0.52453   3.62903   0.12057  
  2 14724.5510 416647.787612  x:  0.54880   3.62995   0.09462  
  3 13094.5190 416567.124737  x:  0.55409   4.34208   0.09665  
  4 249.6670 416556.091071  x:  0.57333   4.35889   0.09521  
  5  0.0160 416556.062243  x:  0.57299   4.36152   0.09552  
  6  0.0034 416556.061535  x:  0.57291   4.36299   0.09551  
  7  0.0013 416556.061524  x:  0.57293   4.36321   0.09551  
  8  0.0002 416556.061523  x:  0.57293   4.36322   0.09551  

3 (Bom_hor) ... 2 (Bom_con)
  0  0.0000 354415.107271  x:  0.11863   3.65346   0.18873  
  1 99.0000 354309.048596  x:  0.10520   3.65507   0.15020  
  2 4859.7003 354221.910522  x:  0.11283   3.65676   0.11289  
  3 15981.8437 354114.547847  x:  0.11426   5.40530   0.12703  
  4 153.3618 354110.283769  x:  0.11809   5.39006   0.12507  
  5  0.0158 354110.265443  x:  0.11803   5.38924   0.12451  
  6  0.0012 354110.265355  x:  0.11802   5.38772   0.12451  
  7  0.0010 354110.265348  x:  0.11802   5.38736   0.12451  

4 (Bom_hyp) ... 1 (Apis_mel)
  0  0.0000 416608.099039  x:  0.42921   4.48803   0.16299  
  1 99.0000 415731.772005  x:  0.47237   4.48772   0.09728  
  2 18219.6629 415421.680502  x:  0.54955   4.48667   0.10483  
  3 10809.5077 415414.765940  x:  0.54815   4.26032   0.10402  
  4 57.8284 415391.162510  x:  0.55996   4.29831   0.09489  
  5  0.0598 415390.871469  x:  0.56280   4.30709   0.09499  
  6  0.0074 415390.870802  x:  0.56284   4.30612   0.09495  
  7  0.0011 415390.870802  x:  0.56284   4.30607   0.09495  

4 (Bom_hyp) ... 2 (Bom_con)
  0  0.0000 352916.955013  x:  0.11716   3.67995   0.20743  
  1 99.0000 352839.558727  x:  0.10272   3.68059   0.18991  
  2 6526.9734 352616.570762  x:  0.10738   3.68341   0.11428  
  3 10262.5459 352531.125655  x:  0.10814   5.25507   0.12868  
  4 134.3726 352523.394981  x:  0.11189   5.27792   0.12015  
  5  0.0294 352523.067292  x:  0.11256   5.27543   0.12191  
  6  0.0042 352523.065859  x:  0.11261   5.27713   0.12179  
  7  0.0016 352523.065828  x:  0.11261   5.27827   0.12180  

4 (Bom_hyp) ... 3 (Bom_hor)
  0  0.0000 341104.544792  x:  0.05530   4.23652   0.16601  
  1 99.0000 341003.003175  x:  0.06826   4.23658   0.16440  
  2 16787.9841 340943.790036  x:  0.06849   4.23826   0.11714  
  3 2199.3470 340901.677767  x:  0.06836   5.87512   0.12802  
  4 62.3225 340900.913539  x:  0.06842   5.89693   0.12318  
  5  0.0295 340900.906510  x:  0.06845   5.92250   0.12322  
  6  0.0145 340900.906452  x:  0.06844   5.92277   0.12326  
  7  0.0002 340900.906451  x:  0.06844   5.92282   0.12325  
  8  0.0000 340900.906451  x:  0.06844   5.92283   0.12325  

5 (Bom_mus) ... 1 (Apis_mel)
  0  0.0000 416688.552369  x:  0.48617   4.76044   0.12315  
  1 99.0000 416520.038520  x:  0.50712   4.75990   0.09753  
  2 9235.6040 416349.844175  x:  0.57121   4.75804   0.10004  
  3 8732.7812 416322.734151  x:  0.56682   4.28789   0.09915  
  4 108.6748 416320.162980  x:  0.56949   4.29249   0.09620  
  5  0.0073 416320.159000  x:  0.56981   4.29071   0.09614  
  6  0.0017 416320.158949  x:  0.56983   4.29121   0.09615  
  7  0.0005 416320.158949  x:  0.56983   4.29119   0.09615  
  8  0.0000 416320.158949  x:  0.56983   4.29119   0.09615  

5 (Bom_mus) ... 2 (Bom_con)
  0  0.0000 355093.763171  x:  0.10111   3.56231   0.09769  
  1 99.0000 354938.329086  x:  0.12294   3.56254   0.10516  
  2 14428.7078 354911.534408  x:  0.12028   3.56360   0.12528  
  3 2965.5026 354799.747161  x:  0.12005   5.29709   0.13396  
  4 163.5322 354799.659581  x:  0.12057   5.29712   0.13335  
  5  0.0007 354799.659173  x:  0.12055   5.29830   0.13328  
  6  0.0008 354799.659165  x:  0.12056   5.29884   0.13329  
  7  0.0003 354799.659165  x:  0.12056   5.29885   0.13329  

5 (Bom_mus) ... 3 (Bom_hor)
  0  0.0000 342309.763022  x:  0.06773   4.36986   0.21477  
  1 99.0000 342299.113609  x:  0.07236   4.36996   0.21146  
  2 3888.2323 342204.419532  x:  0.07211   4.37206   0.14097  
  3 3386.4842 342178.593071  x:  0.07195   5.59298   0.15108  
  4 48.7320 342177.923937  x:  0.07154   5.61294   0.14646  
  5  0.0286 342177.897859  x:  0.07133   5.62163   0.14689  
  6  0.0089 342177.897593  x:  0.07133   5.62618   0.14689  
  7  0.0030 342177.897592  x:  0.07134   5.62619   0.14690  
  8  0.0000 342177.897592  x:  0.07134   5.62619   0.14690  
  9  0.0000 342177.897592  x:  0.07134   5.62619   0.14690  
 10  0.0000 342177.897592  x:  0.07134   5.62619   0.14690  

5 (Bom_mus) ... 4 (Bom_hyp)
  0  0.0000 341977.186554  x:  0.07335   4.56529   0.14251  
  1 99.0000 341975.832263  x:  0.07172   4.56534   0.14174  
  2 1482.5796 341972.719482  x:  0.07210   4.56605   0.13157  
  3 693.1152 341955.268815  x:  0.07203   5.61023   0.13692  
  4 37.9686 341955.226514  x:  0.07208   5.61002   0.13574  
  5  0.0012 341955.226486  x:  0.07208   5.61126   0.13573  
  6  0.0009 341955.226486  x:  0.07208   5.61138   0.13573  
  7  0.0001 341955.226485  x:  0.07208   5.61140   0.13573  

6 (Bom_pas) ... 1 (Apis_mel)
  0  0.0000 417810.305302  x:  0.53567   4.66044   0.19274  
  1 99.0000 416474.718706  x:  0.52689   4.66039   0.10222  
  2 22111.9063 416406.907454  x:  0.56809   4.65877   0.09192  
  3 3334.2056 416390.405718  x:  0.56351   4.29776   0.09123  
  4 85.1070 416378.900950  x:  0.57018   4.27556   0.09584  
  5  0.0591 416378.875462  x:  0.57093   4.27987   0.09561  
  6  0.0040 416378.875332  x:  0.57093   4.27894   0.09560  
  7  0.0011 416378.875332  x:  0.57093   4.27894   0.09560  
  8  0.0000 416378.875332  x:  0.57093   4.27894   0.09560  

6 (Bom_pas) ... 2 (Bom_con)
  0  0.0000 355424.337918  x:  0.12261   3.55526   0.15307  
  1 99.0000 355401.328152  x:  0.11716   3.55661   0.13578  
  2 2435.9527 355390.413652  x:  0.12161   3.55771   0.12517  
  3 4476.3552 355279.589874  x:  0.12213   5.24491   0.13786  
  4 165.7023 355279.037129  x:  0.12222   5.25274   0.13452  
  5  0.0083 355279.030956  x:  0.12235   5.26097   0.13453  
  6  0.0066 355279.030219  x:  0.12232   5.26563   0.13456  
  7  0.0030 355279.030219  x:  0.12232   5.26563   0.13456  

6 (Bom_pas) ... 3 (Bom_hor)
  0  0.0000 342787.716926  x:  0.07046   4.37193   0.24893  
  1 99.0000 342764.159224  x:  0.07752   4.37233   0.23447  
  2 3023.9610 342606.835698  x:  0.07606   4.37487   0.14373  
  3 13120.9914 342580.467709  x:  0.07566   5.59262   0.15522  
  4 49.8466 342574.949267  x:  0.07332   5.63284   0.14538  
  5  0.0534 342574.578129  x:  0.07267   5.62984   0.14808  
  6  0.0059 342574.577949  x:  0.07266   5.63027   0.14802  
  7  0.0005 342574.577948  x:  0.07266   5.63042   0.14802  
  8  0.0001 342574.577948  x:  0.07266   5.63044   0.14802  

6 (Bom_pas) ... 4 (Bom_hyp)
  0  0.0000 342784.882245  x:  0.06738   4.43255   0.20581  
  1 99.0000 342760.221929  x:  0.07431   4.43262   0.20328  
  2 6916.8288 342665.140480  x:  0.07442   4.43450   0.13643  
  3 2696.6938 342639.414228  x:  0.07432   5.66079   0.14574  
  4 48.7360 342638.859221  x:  0.07422   5.67463   0.14138  
  5  0.0217 342638.854019  x:  0.07412   5.68250   0.14145  
  6  0.0068 342638.853927  x:  0.07412   5.68497   0.14146  
  7  0.0017 342638.853926  x:  0.07412   5.68500   0.14146  

6 (Bom_pas) ... 5 (Bom_mus)
  0  0.0000 326207.939372  x:  0.02267   4.46213   0.14605  
  1 99.0000 326206.616874  x:  0.02358   4.46213   0.14604  
  2 2980.8928 326206.544626  x:  0.02359   4.46301   0.14326  
  3 57.2673 326203.908027  x:  0.02393   4.81742   0.15904  
  4 15.8434 326198.459072  x:  0.02334   5.76784   0.15356  
  5  0.2384 326198.256762  x:  0.02351   5.71641   0.14909  
  6  0.0503 326198.254871  x:  0.02353   5.70251   0.14926  
  7  0.0108 326198.254712  x:  0.02352   5.69729   0.14920  
  8  0.0043 326198.254706  x:  0.02352   5.69729   0.14920  

7 (Bom_syl) ... 1 (Apis_mel)
  0  0.0000 418330.215182  x:  0.52865   4.51517   0.20892  
  1 99.0000 416754.247867  x:  0.51838   4.51534   0.10516  
  2 22237.6950 416673.922077  x:  0.56138   4.51420   0.09352  
  3 3772.4321 416668.261018  x:  0.55872   4.30316   0.09303  
  4 50.4036 416652.400516  x:  0.56714   4.27623   0.09830  
  5  0.0788 416652.320124  x:  0.56868   4.28507   0.09798  
  6  0.0080 416652.319606  x:  0.56867   4.28335   0.09796  
  7  0.0018 416652.319604  x:  0.56867   4.28338   0.09796  
  8  0.0000 416652.319604  x:  0.56867   4.28338   0.09796  

7 (Bom_syl) ... 2 (Bom_con)
  0  0.0000 355638.189510  x:  0.10591   3.62854   0.13652  
  1 99.0000 355551.298632  x:  0.12276   3.62880   0.13520  
  2 10844.8616 355545.726091  x:  0.12293   3.63041   0.12499  
  3 1049.8027 355441.842244  x:  0.12289   5.29325   0.13612  
  4 159.2191 355441.317236  x:  0.12309   5.29885   0.13289  
  5  0.0061 355441.314219  x:  0.12312   5.30959   0.13291  
  6  0.0058 355441.314177  x:  0.12311   5.30992   0.13293  
  7  0.0003 355441.314177  x:  0.12311   5.30993   0.13292  
  8  0.0000 355441.314177  x:  0.12311   5.30994   0.13292  
  9  0.0000 355441.314177  x:  0.12311   5.30994   0.13292  

7 (Bom_syl) ... 3 (Bom_hor)
  0  0.0000 342495.683815  x:  0.06302   4.31324   0.11569  
  1 99.0000 342441.383265  x:  0.07308   4.31328   0.11681  
  2 11324.2724 342434.601568  x:  0.07279   4.31400   0.13078  
  3 1027.7748 342400.266660  x:  0.07266   5.75443   0.13725  
  4 56.8669 342400.258656  x:  0.07269   5.75319   0.13673  
  5  0.0011 342400.258651  x:  0.07268   5.75346   0.13673  
  6  0.0002 342400.258651  x:  0.07268   5.75357   0.13673  
  7  0.0001 342400.258651  x:  0.07268   5.75357   0.13673  
  8  0.0000 342400.258651  x:  0.07268   5.75357   0.13673  
check convergence!


7 (Bom_syl) ... 4 (Bom_hyp)
  0  0.0000 342575.726377  x:  0.05717   4.65291   0.14742  
  1 99.0000 342420.816121  x:  0.07364   4.65294   0.14672  
  2 20642.2013 342410.685065  x:  0.07377   4.65374   0.12825  
  3 1031.4470 342391.506332  x:  0.07371   5.76772   0.13392  
  4 39.1485 342391.435500  x:  0.07374   5.77076   0.13242  
  5  0.0037 342391.435344  x:  0.07375   5.77392   0.13242  
  6  0.0022 342391.435343  x:  0.07375   5.77400   0.13242  

7 (Bom_syl) ... 5 (Bom_mus)
  0  0.0000 341891.554097  x:  0.06434   4.61614   0.17924  
  1 99.0000 341873.177450  x:  0.07016   4.61618   0.17835  
  2 6445.2669 341859.469082  x:  0.07026   4.61719   0.15331  
  3 1019.3550 341844.964286  x:  0.07021   5.57160   0.15937  
  4 34.0447 341844.855666  x:  0.07023   5.57428   0.15718  
  5  0.0040 341844.855555  x:  0.07024   5.57715   0.15718  
  6  0.0021 341844.855555  x:  0.07024   5.57719   0.15719  
  7  0.0000 341844.855554  x:  0.07024   5.57720   0.15719  
  8  0.0000 341844.855554  x:  0.07024   5.57721   0.15719  

7 (Bom_syl) ... 6 (Bom_pas)
  0  0.0000 342527.996559  x:  0.06747   4.41486   0.25439  
  1 99.0000 342515.691562  x:  0.07245   4.41495   0.25125  
  2 4374.4758 342377.429659  x:  0.07243   4.41775   0.15571  
  3 3261.9723 342354.552649  x:  0.07231   5.55916   0.16672  
  4 45.9693 342353.725954  x:  0.07194   5.58349   0.16102  
  5  0.0391 342353.684999  x:  0.07167   5.59044   0.16151  
  6  0.0071 342353.684862  x:  0.07167   5.59364   0.16151  
  7  0.0022 342353.684860  x:  0.07167   5.59363   0.16151  

8 (Bom_vet) ... 1 (Apis_mel)
  0  0.0000 417526.055099  x:  0.43876   4.70966   0.16243  
  1 99.0000 416695.158768  x:  0.48046   4.70911   0.09837  
  2 17820.9287 416370.300387  x:  0.56203   4.70747   0.10524  
  3 10871.3784 416344.157629  x:  0.55901   4.25553   0.10380  
  4 108.7541 416323.940050  x:  0.56927   4.28823   0.09533  
  5  0.0523 416323.756427  x:  0.57157   4.28981   0.09537  
  6  0.0022 416323.756219  x:  0.57159   4.29034   0.09534  
  7  0.0006 416323.756219  x:  0.57159   4.29034   0.09534  

8 (Bom_vet) ... 2 (Bom_con)
  0  0.0000 354684.089402  x:  0.11975   3.76469   0.08663  
  1 99.0000 354591.494151  x:  0.12355   3.76524   0.11966  
  2 6377.9028 354586.939960  x:  0.11954   3.76552   0.12153  
  3 2247.1646 354506.122251  x:  0.11948   5.32300   0.12752  
  4 129.8869 354505.957827  x:  0.11981   5.29871   0.12892  
  5  0.0146 354505.953708  x:  0.11970   5.29571   0.12902  
  6  0.0029 354505.953657  x:  0.11970   5.29431   0.12900  
  7  0.0008 354505.953657  x:  0.11970   5.29432   0.12900  

8 (Bom_vet) ... 3 (Bom_hor)
  0  0.0000 342105.835357  x:  0.05593   4.44034   0.13371  
  1 99.0000 341975.597608  x:  0.07079   4.44037   0.13399  
  2 19099.5135 341975.331037  x:  0.07076   4.44117   0.13713  
  3 171.9433 341953.589510  x:  0.07068   5.60572   0.14271  
  4 46.1506 341953.571963  x:  0.07067   5.59809   0.14189  
  5  0.0069 341953.571923  x:  0.07067   5.59656   0.14189  
  6  0.0011 341953.571923  x:  0.07067   5.59651   0.14189  
  7  0.0000 341953.571923  x:  0.07067   5.59649   0.14189  
  8  0.0000 341953.571923  x:  0.07067   5.59649   0.14189  

8 (Bom_vet) ... 4 (Bom_hyp)
  0  0.0000 341960.289371  x:  0.06574   4.57680   0.14176  
  1 99.0000 341940.769232  x:  0.07182   4.57684   0.14118  
  2 6589.2815 341936.608778  x:  0.07190   4.57755   0.12959  
  3 681.0674 341918.965872  x:  0.07184   5.63477   0.13492  
  4 37.9504 341918.907429  x:  0.07186   5.63500   0.13353  
  5  0.0015 341918.907384  x:  0.07187   5.63651   0.13352  
  6  0.0012 341918.907383  x:  0.07187   5.63669   0.13352  

8 (Bom_vet) ... 5 (Bom_mus)
  0  0.0000 325287.146686  x:  0.01748   4.66371   0.16321  
  1 99.0000 325258.849759  x:  0.02123   4.66371   0.16309  
  2 16174.6642 325248.225579  x:  0.02127   4.66475   0.12687  
  3 524.1753 325242.114920  x:  0.02123   5.83735   0.13374  
  4 11.9814 325242.056601  x:  0.02124   5.84118   0.13125  
  5  0.0058 325242.056554  x:  0.02124   5.84439   0.13123  
  6  0.0023 325242.056553  x:  0.02124   5.84463   0.13124  
  7  0.0002 325242.056553  x:  0.02124   5.84465   0.13124  
  8  0.0000 325242.056553  x:  0.02124   5.84465   0.13124  
  9  0.0000 325242.056553  x:  0.02124   5.84465   0.13124  
check convergence!


8 (Bom_vet) ... 6 (Bom_pas)
  0  0.0000 326094.415283  x:  0.02362   4.66445   0.16471  
  1 99.0000 326094.219093  x:  0.02328   4.66446   0.16438  
  2 803.8088 326083.741156  x:  0.02350   4.66610   0.12113  
  3 1082.0040 326070.590009  x:  0.02342   6.43230   0.13194  
  4 18.1137 326070.479268  x:  0.02344   6.40317   0.13516  
  5  0.0332 326070.476624  x:  0.02345   6.37505   0.13497  
  6  0.0176 326070.476614  x:  0.02345   6.37345   0.13497  
  7  0.0039 326070.476609  x:  0.02345   6.37305   0.13497  

8 (Bom_vet) ... 7 (Bom_syl)
  0  0.0000 341532.099761  x:  0.07146   4.95272   0.12700  
  1 99.0000 341528.186445  x:  0.06872   4.95274   0.12873  
  2 2372.0080 341517.019292  x:  0.06935   4.95295   0.14848  
  3 1619.5886 341512.246919  x:  0.06933   5.54370   0.15087  
  4 17.7628 341512.227377  x:  0.06916   5.52967   0.15107  
  5  0.0137 341512.227183  x:  0.06917   5.52689   0.15111  