Supplemental results for CODEML (seqf: /home/yzliu/eDNA/faststorage/yzliu/DK_proj/data/ref_genome/ref_annotation/primary_transcripts/extracted_cds_new/new_transcript_id_7_and_pas/bootstraps/cat.out.OG_cds_7_species_same_header_fas.shuf_537OG_285.phy  treef: xxx.trees)


pairwise comparison (Goldman & Yang 1994)
seq seq        N       S       dN       dS     dN/dS   Paras.
  2   1 494971.1 195424.9   0.0093   0.1715   0.0544   0.1657   3.7727   0.0544 -1065768.231
  3   1 494268.0 196128.0   0.0092   0.1633   0.0561   0.1588   3.7293   0.0561 -1062996.096
  3   2 493443.9 196952.1   0.0095   0.1547   0.0615   0.1528   4.0739   0.0615 -1059609.658
  4   1 494917.8 195478.2   0.0068   0.1228   0.0552   0.1189   3.6370   0.0552 -1039566.032
  4   2 493468.2 196927.8   0.0092   0.1612   0.0568   0.1576   4.0689   0.0568 -1061159.424
  4   3 492214.6 198181.4   0.0092   0.1544   0.0594   0.1526   4.0901   0.0594 -1059443.739
  5   1 498323.0 192073.0   0.0050   0.0944   0.0524   0.0895   3.1543   0.0524 -1020479.826
  5   2 494910.0 195486.0   0.0096   0.1677   0.0574   0.1632   3.7478   0.0574 -1065417.848
  5   3 494543.0 195853.0   0.0095   0.1581   0.0602   0.1550   3.6634   0.0602 -1062148.084
  5   4 495693.1 194702.9   0.0070   0.1164   0.0597   0.1135   3.5079   0.0597 -1037250.933
  6   1 499569.9 190826.1   0.0062   0.1209   0.0512   0.1137   3.0323   0.0512 -1036838.983
  6   2 496127.8 194268.2   0.0089   0.1612   0.0551   0.1553   3.6043   0.0551 -1060724.218
  6   3 495249.7 195146.3   0.0089   0.1544   0.0579   0.1502   3.5880   0.0579 -1059025.161
  6   4 495828.4 194567.6   0.0065   0.1159   0.0564   0.1121   3.5093   0.0564 -1035740.516
  6   5 500251.6 190144.4   0.0066   0.1152   0.0569   0.1095   2.9410   0.0569 -1035372.609
  7   1 493451.6 196944.4   0.0620   1.2083   0.0513   1.1669   4.1681   0.0513 -1287085.037
  7   2 489975.2 200420.8   0.0633   1.2733   0.0497   1.2436   4.4700   0.0497 -1291288.827
  7   3 492239.1 198156.9   0.0628   1.2081   0.0520   1.1745   4.2814   0.0520 -1288374.898
  7   4 491785.3 198610.7   0.0621   1.2245   0.0507   1.1894   4.3395   0.0507 -1287635.943
  7   5 493704.2 196691.8   0.0622   1.1973   0.0519   1.1568   4.1586   0.0519 -1286920.171
  7   6 493440.2 196955.8   0.0619   1.2037   0.0514   1.1628   4.1681   0.0514 -1286759.646

