

2 (And_ful) ... 1 (And_bic)
  0  0.0000 1049877.421300  x:  0.18156   1.51738   0.42691  
  1 99.0000 1047845.084726  x:  0.12953   1.52831   0.36605  
  2 44977.8991 1036682.801087  x:  0.12258   1.58255   0.05329  
  3 89122.4413 1035735.884977  x:  0.12598   2.25035   0.09925  
  4 3635.5042 1033747.963844  x:  0.14553   2.89524   0.04864  
  5  1.8675 1033363.488683  x:  0.16313   3.09198   0.06606  
  6  0.2196 1033264.926325  x:  0.17031   3.40961   0.05783  
  7  0.2248 1033233.957336  x:  0.16600   3.70152   0.06168  
  8  0.1031 1033233.042300  x:  0.16679   3.74042   0.06097  
  9  0.0323 1033233.034403  x:  0.16677   3.74522   0.06107  
 10  0.0041 1033233.034388  x:  0.16678   3.74524   0.06107  
 11  0.0000 1033233.034388  x:  0.16678   3.74522   0.06107  
 12  0.0000 1033233.034388  x:  0.16678   3.74523   0.06107  

3 (And_hae) ... 1 (And_bic)
  0  0.0000 1029785.330871  x:  0.16833   3.44157   0.07701  
  1 99.0000 1029623.226979  x:  0.15581   3.44168   0.06468  
  2 17670.9610 1029619.144189  x:  0.15749   3.44173   0.06232  
  3 2865.7600 1029616.599966  x:  0.15757   3.55415   0.06280  
  4 46.6645 1029616.589541  x:  0.15769   3.55278   0.06285  
  5  0.0015 1029616.589513  x:  0.15769   3.55255   0.06284  
  6  0.0002 1029616.589513  x:  0.15769   3.55254   0.06284  

3 (And_hae) ... 2 (And_ful)
  0  0.0000 1028732.708044  x:  0.15676   3.23770   0.19529  
  1 99.0000 1026866.390969  x:  0.11882   3.23966   0.10822  
  2 33958.0545 1026007.231728  x:  0.12669   3.24074   0.05972  
  3 97543.0433 1025820.323353  x:  0.12978   4.28084   0.06793  
  4 416.8462 1025493.489809  x:  0.15111   3.94576   0.06856  
  5  0.3595 1025490.981145  x:  0.15135   3.94836   0.06618  
  6  0.0050 1025490.942139  x:  0.15136   3.93244   0.06610  
  7  0.0138 1025490.941942  x:  0.15134   3.93225   0.06610  
  8  0.0002 1025490.941941  x:  0.15134   3.93227   0.06610  
  9  0.0000 1025490.941941  x:  0.15134   3.93227   0.06610  

4 (And_hat) ... 1 (And_bic)
  0  0.0000 1010266.027256  x:  0.10590   3.44947   0.16299  
  1 99.0000 1009638.100428  x:  0.13490   3.44985   0.13357  
  2 33224.2423 1008522.917279  x:  0.13340   3.45071   0.06137  
  3 45109.2412 1008512.883289  x:  0.13313   3.69073   0.06341  
  4 81.1919 1008409.065413  x:  0.12122   3.65973   0.06299  
  5  0.0302 1008408.875989  x:  0.12118   3.64775   0.06362  
  6  0.0268 1008408.870973  x:  0.12118   3.64233   0.06356  
  7  0.0052 1008408.870973  x:  0.12118   3.64233   0.06356  

4 (And_hat) ... 2 (And_ful)
  0  0.0000 1031771.613978  x:  0.15857   3.27806   0.18960  
  1 99.0000 1029009.525909  x:  0.13188   3.28073   0.07270  
  2 33982.1067 1028698.893527  x:  0.14310   3.28126   0.05272  
  3 55868.9829 1028469.511257  x:  0.14815   4.40733   0.06125  
  4 473.7708 1028390.128574  x:  0.15762   4.14942   0.06571  
  5  0.4247 1028387.168041  x:  0.15852   4.11952   0.06333  
  6  0.0250 1028387.155912  x:  0.15849   4.11046   0.06331  
  7  0.0074 1028387.155808  x:  0.15847   4.11058   0.06331  
  8  0.0001 1028387.155808  x:  0.15847   4.11059   0.06331  
  9  0.0000 1028387.155808  x:  0.15847   4.11059   0.06331  
 10  0.0000 1028387.155808  x:  0.15847   4.11059   0.06331  
check convergence!


4 (And_hat) ... 3 (And_hae)
  0  0.0000 1026348.712099  x:  0.13980   3.71877   0.13977  
  1 99.0000 1025096.153181  x:  0.16435   3.71953   0.06952  
  2 28063.6152 1024991.984346  x:  0.15563   3.71967   0.05895  
  3 19916.3690 1024973.894666  x:  0.15485   4.06671   0.06100  
  4 110.1475 1024952.825872  x:  0.15013   3.98032   0.06498  
  5  0.1613 1024952.815663  x:  0.15019   3.97369   0.06501  
  6  0.0067 1024952.815625  x:  0.15019   3.97337   0.06501  
  7  0.0003 1024952.815625  x:  0.15019   3.97337   0.06501  
  8  0.0000 1024952.815625  x:  0.15019   3.97337   0.06501  
  9  0.0000 1024952.815625  x:  0.15019   3.97337   0.06501  
 10  0.0000 1024952.815625  x:  0.15019   3.97337   0.06501  
check convergence!


5 (And_mar) ... 1 (And_bic)
  0  0.0000 990326.533927  x:  0.08873   3.63331   0.18857  
  1 99.0000 988681.207644  x:  0.08140   3.63402   0.06663  
  2 18623.3390 988603.861392  x:  0.08820   3.63403   0.05785  
  3 32251.0902 988593.768494  x:  0.08777   3.36469   0.05538  
  4 69.7161 988569.443322  x:  0.08977   3.19137   0.06148  
  5  0.5970 988569.006910  x:  0.09012   3.23556   0.06168  
  6  0.0527 988569.000593  x:  0.09018   3.23181   0.06163  
  7  0.0036 988569.000579  x:  0.09018   3.23182   0.06162  
  8  0.0000 988569.000579  x:  0.09018   3.23183   0.06162  
  9  0.0000 988569.000579  x:  0.09018   3.23181   0.06162  

5 (And_mar) ... 2 (And_ful)
  0  0.0000 1032589.793343  x:  0.14639   3.14820   0.05000  
  1 99.0000 1032324.463610  x:  0.16302   3.14838   0.06151  
  2 27619.7391 1032322.834375  x:  0.16413   3.14870   0.06012  
  3 1796.7152 1032233.430276  x:  0.16398   3.79154   0.06264  
  4 319.5355 1032233.372347  x:  0.16423   3.79079   0.06241  
  5  0.0008 1032233.372341  x:  0.16424   3.79084   0.06242  
  6  0.0000 1032233.372341  x:  0.16424   3.79085   0.06242  
  7  0.0000 1032233.372341  x:  0.16424   3.79085   0.06242  

5 (And_mar) ... 3 (And_hae)
  0  0.0000 1029236.920608  x:  0.14107   3.29772   0.14745  
  1 99.0000 1027729.742248  x:  0.17067   3.29878   0.07000  
  2 30454.6021 1027586.431138  x:  0.16146   3.29899   0.05695  
  3 24629.6863 1027556.230857  x:  0.16023   3.68369   0.05955  
  4 165.6641 1027515.446576  x:  0.15312   3.57445   0.06418  
  5  0.1981 1027515.421754  x:  0.15320   3.56560   0.06425  
  6  0.0091 1027515.421678  x:  0.15319   3.56519   0.06424  
  7  0.0004 1027515.421677  x:  0.15319   3.56519   0.06424  
  8  0.0000 1027515.421677  x:  0.15319   3.56519   0.06424  

5 (And_mar) ... 4 (And_hat)
  0  0.0000 1007548.843882  x:  0.10967   3.20651   0.19178  
  1 99.0000 1005573.480266  x:  0.13467   3.20893   0.07092  
  2 24112.8936 1005386.376150  x:  0.12546   3.20929   0.05427  
  3 43171.1025 1005301.485268  x:  0.12220   3.93838   0.06039  
  4 256.4510 1005242.164134  x:  0.11498   3.69875   0.06558  
  5  0.5294 1005241.678573  x:  0.11538   3.65593   0.06591  
  6  0.0450 1005241.677446  x:  0.11538   3.65408   0.06586  
  7  0.0016 1005241.677439  x:  0.11538   3.65418   0.06586  

6 (And_tri) ... 1 (And_bic)
  0  0.0000 1008446.362481  x:  0.11968   3.11995   0.18179  
  1 99.0000 1007358.031045  x:  0.09256   3.12076   0.11518  
  2 27029.4926 1006469.043186  x:  0.09805   3.12141   0.05720  
  3 111837.7493 1006461.512724  x:  0.09850   3.31970   0.05894  
  4 68.1967 1006148.337238  x:  0.11561   2.98158   0.06302  
  5  0.4330 1006140.490732  x:  0.11652   3.05943   0.05949  
  6  0.1425 1006140.428795  x:  0.11675   3.06591   0.05968  
  7  0.0059 1006140.427747  x:  0.11677   3.06441   0.05964  
  8  0.0016 1006140.427746  x:  0.11677   3.06436   0.05964  

6 (And_tri) ... 2 (And_ful)
  0  0.0000 1028414.415859  x:  0.16828   2.85170   0.08583  
  1 99.0000 1027984.141940  x:  0.15125   2.85237   0.06125  
  2 26419.1451 1027960.837491  x:  0.15542   2.85281   0.05628  
  3 7511.6769 1027808.973813  x:  0.15638   3.63556   0.06085  
  4 446.4708 1027808.615816  x:  0.15654   3.63804   0.06004  
  5  0.0026 1027808.610986  x:  0.15663   3.63897   0.06005  
  6  0.0011 1027808.610885  x:  0.15663   3.63969   0.06006  

6 (And_tri) ... 3 (And_hae)
  0  0.0000 1028151.875863  x:  0.15672   3.24809   0.18684  
  1 99.0000 1026492.262820  x:  0.11894   3.24927   0.11161  
  2 34730.9942 1025544.405739  x:  0.12639   3.25003   0.05890  
  3 88061.8690 1025500.408532  x:  0.12766   3.71690   0.06261  
  4 198.2834 1025168.507042  x:  0.14849   3.40873   0.06548  
  5  0.3477 1025163.429810  x:  0.14919   3.45501   0.06255  
  6  0.0764 1025163.409290  x:  0.14936   3.45715   0.06260  
  7  0.0018 1025163.409279  x:  0.14936   3.45695   0.06260  

6 (And_tri) ... 4 (And_hat)
  0  0.0000 1007506.176685  x:  0.10302   3.01868   0.18765  
  1 99.0000 1006792.732875  x:  0.13435   3.01965   0.14702  
  2 30632.2864 1005320.914775  x:  0.13359   3.02161   0.06017  
  3 63197.0303 1005244.022192  x:  0.13250   3.65964   0.06754  
  4 266.3162 1005041.216386  x:  0.11781   3.72025   0.05832  
  5  0.0650 1005023.539738  x:  0.11547   3.64314   0.06393  
  6  0.1748 1005023.283479  x:  0.11569   3.60526   0.06378  
  7  0.0319 1005023.278717  x:  0.11564   3.60283   0.06370  
  8  0.0025 1005023.278692  x:  0.11565   3.60294   0.06369  

6 (And_tri) ... 5 (And_mar)
  0  0.0000 1004636.552407  x:  0.09207   3.18043   0.12755  
  1 99.0000 1004132.670494  x:  0.11519   3.18050   0.11608  
  2 42387.0356 1003531.261158  x:  0.11450   3.18075   0.06369  
  3 22547.0815 1003526.519055  x:  0.11456   3.03042   0.06247  
  4 60.8327 1003518.436566  x:  0.11166   3.01499   0.06421  
  5  0.0141 1003518.050099  x:  0.11142   3.02248   0.06332  
  6  0.0142 1003518.050065  x:  0.11142   3.02241   0.06331  
  7  0.0001 1003518.050065  x:  0.11142   3.02243   0.06331  
  8  0.0000 1003518.050065  x:  0.11142   3.02242   0.06331  
  9  0.0000 1003518.050065  x:  0.11142   3.02242   0.06331  
 10  0.0000 1003518.050065  x:  0.11142   3.02242   0.06331  

7 (Bom_pas) ... 1 (And_bic)
  0  0.0000 1277396.463574  x:  1.14495   2.91032   0.19532  
  1 99.0000 1256680.650805  x:  1.11923   2.91379   0.05677  
  2 175742.9666 1256638.315849  x:  1.09782   2.94628   0.06106  
  3 2233.2796 1255839.228467  x:  1.20212   4.04278   0.05812  
  4 4315.8792 1255798.725302  x:  1.16352   4.05700   0.05795  
  5  0.0508 1255798.356389  x:  1.16068   4.06261   0.05832  
  6  0.0065 1255798.352146  x:  1.16110   4.06509   0.05832  
  7  0.0018 1255798.351940  x:  1.16107   4.06545   0.05832  
  8  0.0003 1255798.351940  x:  1.16107   4.06545   0.05832  

7 (Bom_pas) ... 2 (And_ful)
  0  0.0000 1261648.968640  x:  1.18973   3.41208   0.08423  
  1 99.0000 1259532.913734  x:  1.18764   3.41248   0.05582  
  2 125023.4468 1259472.611617  x:  1.14040   3.48641   0.05936  
  3 1353.2859 1259081.230454  x:  1.24174   4.32887   0.05641  
  4 2579.9076 1259077.875254  x:  1.23436   4.33811   0.05595  
  5  0.0152 1259077.586240  x:  1.23124   4.34424   0.05624  
  6  0.0067 1259077.586002  x:  1.23135   4.34494   0.05624  
  7  0.0005 1259077.586001  x:  1.23134   4.34496   0.05624  
  8  0.0000 1259077.586001  x:  1.23134   4.34496   0.05624  

7 (Bom_pas) ... 3 (And_hae)
  0  0.0000 1258325.618186  x:  1.25209   3.77116   0.08101  
  1 99.0000 1256300.012773  x:  1.24958   3.77140   0.05416  
  2 126892.3017 1256086.931199  x:  1.13994   3.79153   0.06138  
  3 3650.1512 1256028.555734  x:  1.16829   4.13242   0.06082  
  4 361.4508 1256010.891929  x:  1.15645   4.13774   0.05924  
  5  0.0172 1256010.831826  x:  1.15812   4.13828   0.05910  
  6  0.0020 1256010.831796  x:  1.15814   4.13848   0.05911  
  7  0.0002 1256010.831796  x:  1.15814   4.13849   0.05911  

7 (Bom_pas) ... 4 (And_hat)
  0  0.0000 1256067.331339  x:  1.17777   3.67027   0.05721  
  1 99.0000 1256065.300466  x:  1.17752   3.67037   0.05648  
  2 5113.6658 1256026.625500  x:  1.13367   3.69199   0.05859  
  3 1683.0210 1255890.415452  x:  1.17775   4.21448   0.05802  
  4 644.6006 1255890.178547  x:  1.17503   4.21587   0.05798  
  5  0.0029 1255890.178489  x:  1.17500   4.21605   0.05798  
  6  0.0002 1255890.178489  x:  1.17500   4.21607   0.05798  
  7  0.0000 1255890.178489  x:  1.17500   4.21607   0.05798  

7 (Bom_pas) ... 5 (And_mar)
  0  0.0000 1262602.782831  x:  1.12641   3.61670   0.12924  
  1 99.0000 1254794.689239  x:  1.11843   3.61736   0.05922  
  2 159735.6628 1254783.589539  x:  1.10327   3.65783   0.06119  
  3 518.2422 1254700.549128  x:  1.14393   4.04268   0.05910  
  4 2289.4229 1254700.385806  x:  1.14094   4.03930   0.05916  
  5  0.0057 1254700.372145  x:  1.14061   4.03799   0.05923  
  6  0.0017 1254700.372090  x:  1.14060   4.03767   0.05923  
  7  0.0003 1254700.372090  x:  1.14060   4.03767   0.05923  

7 (Bom_pas) ... 6 (And_tri)
  0  0.0000 1255391.908814  x:  1.21491   3.49348   0.05131  
  1 99.0000 1255354.192799  x:  1.21463   3.49358   0.05436  
  2 25242.9252 1255164.211385  x:  1.11454   3.52132   0.05842  
  3 3498.7264 1255003.306564  x:  1.16000   4.06560   0.05802  
  4 660.6120 1255002.446493  x:  1.15343   4.06794   0.05845  
  5  0.0070 1255002.438245  x:  1.15350   4.06695   0.05849  
  6  0.0008 1255002.438237  x:  1.15349   4.06682   0.05849  
  7  0.0001 1255002.438237  x:  1.15349   4.06682   0.05849  