Supplemental results for CODEML (seqf: /home/yzliu/eDNA/faststorage/yzliu/DK_proj/data/ref_genome/ref_annotation/primary_transcripts/extracted_cds_new/new_transcript_id_8_bom_apis/bootstraps/cat.out.OG_cds_8_species_same_header_fas.shuf_211OG_81.phy  treef: xxx.trees)


pairwise comparison (Goldman & Yang 1994)
seq seq        N       S       dN       dS     dN/dS   Paras.
  2   1 331818.0 109935.0   0.0575   0.5871   0.0980   0.5680   4.0181   0.0980 -776864.688
  3   1 331368.7 110384.3   0.0578   0.6035   0.0957   0.5823   4.0103   0.0957 -778771.107
  3   2 323608.7 118144.3   0.0147   0.1101   0.1335   0.1206   5.1899   0.1335 -661669.257
  4   1 332271.0 109482.0   0.0567   0.5956   0.0951   0.5707   4.0062   0.0951 -776049.550
  4   2 324219.2 117533.8   0.0135   0.1032   0.1312   0.1122   5.2893   0.1312 -657168.748
  4   3 323506.4 118246.6   0.0085   0.0641   0.1332   0.0702   5.4019   0.1332 -636686.032
  5   1 332127.2 109625.8   0.0575   0.6006   0.0957   0.5769   4.0095   0.0957 -777351.749
  5   2 324082.6 117670.4   0.0149   0.1092   0.1364   0.1200   5.2965   0.1364 -660995.810
  5   3 324254.2 117498.8   0.0090   0.0642   0.1394   0.0710   5.0340   0.1394 -637470.574
  5   4 324160.7 117592.3   0.0086   0.0637   0.1342   0.0697   5.4385   0.1342 -635958.022
  6   1 332114.4 109638.6   0.0577   0.6007   0.0961   0.5775   4.0089   0.0961 -777608.922
  6   2 324103.2 117649.8   0.0153   0.1104   0.1384   0.1219   5.2815   0.1384 -661945.086
  6   3 323751.6 118001.4   0.0094   0.0651   0.1442   0.0728   5.2370   0.1442 -638432.205
  6   4 323724.9 118028.1   0.0091   0.0643   0.1420   0.0716   5.6367   0.1420 -637078.384
  6   5 323367.1 118385.9   0.0029   0.0204   0.1434   0.0229   5.7522   0.1434 -607250.730
  7   1 332228.3 109524.7   0.0590   0.6029   0.0979   0.5816   4.0148   0.0979 -779061.582
  7   2 324494.8 117258.2   0.0162   0.1121   0.1444   0.1249   5.1651   0.1444 -663919.989
  7   3 324100.6 117652.4   0.0100   0.0675   0.1489   0.0760   5.1399   0.1489 -640495.461
  7   4 323919.1 117833.9   0.0098   0.0661   0.1478   0.0744   5.6020   0.1478 -638908.281
  7   5 324247.2 117505.8   0.0094   0.0610   0.1544   0.0694   5.3926   0.1544 -636526.200
  7   6 323892.2 117860.8   0.0100   0.0616   0.1617   0.0712   5.5497   0.1617 -637638.441
  8   1 331980.1 109772.9   0.0576   0.6025   0.0955   0.5789   4.0181   0.0955 -777631.214
  8   2 323919.1 117833.9   0.0149   0.1094   0.1362   0.1203   5.3180   0.1362 -661207.408
  8   3 323895.5 117857.5   0.0091   0.0639   0.1416   0.0711   5.1348   0.1416 -637657.488
  8   4 323739.1 118013.9   0.0088   0.0641   0.1369   0.0706   5.5807   0.1369 -636573.221
  8   5 323896.6 117856.4   0.0025   0.0200   0.1244   0.0214   5.4509   0.1244 -606163.045
  8   6 322659.1 119093.9   0.0029   0.0212   0.1384   0.0236   6.0568   0.1384 -607744.308
  8   7 323884.5 117868.5   0.0095   0.0609   0.1560   0.0696   5.5055   0.1560 -636756.733

