Supplemental results for CODEML (seqf: /home/yzliu/eDNA/faststorage/yzliu/DK_proj/data/ref_genome/ref_annotation/primary_transcripts/extracted_cds_new/new_transcript_id_7_and_pas/bootstraps/cat.out.OG_cds_7_species_same_header_fas.shuf_537OG_328.phy  treef: xxx.trees)


pairwise comparison (Goldman & Yang 1994)
seq seq        N       S       dN       dS     dN/dS   Paras.
  2   1 485853.2 190589.8   0.0105   0.1655   0.0637   0.1626   3.7764   0.0637 -1044948.127
  3   1 485314.4 191128.6   0.0100   0.1592   0.0628   0.1565   3.6905   0.0628 -1041941.707
  3   2 484759.6 191683.4   0.0100   0.1544   0.0650   0.1528   4.0681   0.0650 -1038846.909
  4   1 486104.1 190338.9   0.0080   0.1178   0.0681   0.1167   3.5647   0.0681 -1019560.162
  4   2 484101.0 192342.0   0.0103   0.1572   0.0653   0.1562   4.1492   0.0653 -1040701.277
  4   3 483203.2 193239.8   0.0099   0.1530   0.0645   0.1523   4.0899   0.0645 -1038878.486
  5   1 489154.7 187288.3   0.0057   0.0886   0.0646   0.0860   3.1214   0.0646 -999044.765
  5   2 485665.6 190777.4   0.0107   0.1656   0.0648   0.1632   3.7871   0.0648 -1045612.289
  5   3 485209.7 191233.3   0.0102   0.1584   0.0643   0.1563   3.6906   0.0643 -1042245.183
  5   4 486500.6 189942.4   0.0080   0.1148   0.0700   0.1141   3.4989   0.0700 -1018349.546
  6   1 490649.5 185793.5   0.0071   0.1178   0.0604   0.1126   2.9704   0.0604 -1017034.407
  6   2 486889.5 189553.5   0.0098   0.1606   0.0611   0.1562   3.6346   0.0611 -1041188.823
  6   3 486146.6 190296.4   0.0094   0.1561   0.0603   0.1520   3.5798   0.0603 -1039177.725
  6   4 487052.1 189390.9   0.0076   0.1156   0.0654   0.1134   3.4439   0.0654 -1017230.170
  6   5 490604.9 185838.1   0.0073   0.1155   0.0636   0.1112   2.9648   0.0636 -1016710.614
  7   1 482781.7 193661.3   0.0664   1.1528   0.0576   1.1323   4.0626   0.0576 -1268412.576
  7   2 479377.7 197065.3   0.0676   1.2265   0.0551   1.2156   4.3698   0.0551 -1272521.253
  7   3 480988.0 195455.0   0.0670   1.1696   0.0573   1.1567   4.2450   0.0573 -1269420.474
  7   4 481201.7 195241.3   0.0666   1.1693   0.0570   1.1546   4.2250   0.0570 -1268943.724
  7   5 482843.3 193599.7   0.0664   1.1469   0.0579   1.1270   4.0583   0.0579 -1268145.096
  7   6 482649.6 193793.4   0.0661   1.1526   0.0574   1.1321   4.0696   0.0574 -1267907.032

