Supplemental results for CODEML (seqf: /home/yzliu/eDNA/faststorage/yzliu/DK_proj/data/ref_genome/ref_annotation/primary_transcripts/extracted_cds_new/new_transcript_id_8_bom_apis/bootstraps/cat.out.OG_cds_8_species_same_header_fas.shuf_211OG_649.phy  treef: xxx.trees)


pairwise comparison (Goldman & Yang 1994)
seq seq        N       S       dN       dS     dN/dS   Paras.
  2   1 170378.5  55428.5   0.0600   0.5996   0.1000   0.5773   4.0213   0.1000 -398506.152
  3   1 170107.8  55699.2   0.0601   0.6141   0.0978   0.5902   4.0800   0.0978 -399081.231
  3   2 165453.1  60353.9   0.0141   0.1115   0.1261   0.1203   5.6444   0.1261 -337556.012
  4   1 170625.5  55181.5   0.0593   0.6093   0.0973   0.5810   4.0364   0.0973 -398074.324
  4   2 166016.8  59790.2   0.0134   0.1065   0.1254   0.1141   5.5143   0.1254 -335977.963
  4   3 165318.5  60488.5   0.0081   0.0646   0.1246   0.0696   6.0374   0.1246 -324811.944
  5   1 170585.4  55221.6   0.0601   0.6142   0.0979   0.5869   4.0299   0.0979 -398721.271
  5   2 166080.6  59726.4   0.0147   0.1103   0.1333   0.1200   5.4136   0.1333 -337632.120
  5   3 165725.7  60081.3   0.0083   0.0633   0.1307   0.0687   5.5831   0.1307 -324760.248
  5   4 166103.3  59703.7   0.0086   0.0633   0.1358   0.0691   5.6348   0.1358 -324753.720
  6   1 170586.1  55220.9   0.0603   0.6166   0.0978   0.5890   4.0350   0.0978 -398877.828
  6   2 166091.4  59715.6   0.0150   0.1125   0.1337   0.1225   5.4123   0.1337 -338148.797
  6   3 165457.6  60349.4   0.0086   0.0644   0.1342   0.0706   5.8552   0.1342 -325213.946
  6   4 165837.4  59969.6   0.0091   0.0647   0.1409   0.0717   5.9126   0.1409 -325441.989
  6   5 166217.9  59589.1   0.0027   0.0203   0.1355   0.0221   5.4905   0.1355 -309921.364
  7   1 170587.2  55219.8   0.0607   0.6181   0.0982   0.5911   4.0822   0.0982 -399014.631
  7   2 165977.1  59829.9   0.0152   0.1141   0.1330   0.1241   5.5803   0.1330 -338456.880
  7   3 165438.0  60369.0   0.0087   0.0676   0.1289   0.0733   5.9430   0.1289 -325862.621
  7   4 165900.0  59907.0   0.0092   0.0675   0.1362   0.0740   5.9177   0.1362 -325990.942
  7   5 166080.3  59726.7   0.0086   0.0602   0.1434   0.0668   5.6868   0.1434 -324179.661
  7   6 165957.0  59850.0   0.0090   0.0611   0.1472   0.0685   5.8201   0.1472 -324657.329
  8   1 170535.4  55271.6   0.0603   0.6153   0.0981   0.5885   4.0406   0.0981 -398889.325
  8   2 165986.5  59820.5   0.0148   0.1110   0.1333   0.1208   5.4709   0.1333 -337801.248
  8   3 165404.8  60402.2   0.0085   0.0630   0.1347   0.0692   5.8671   0.1347 -324906.067
  8   4 165760.8  60046.2   0.0089   0.0638   0.1393   0.0704   5.9489   0.1393 -325114.750
  8   5 166193.8  59613.2   0.0025   0.0191   0.1308   0.0207   5.4744   0.1308 -309403.555
  8   6 165843.8  59963.2   0.0027   0.0204   0.1315   0.0222   5.8246   0.1315 -309911.613
  8   7 165767.0  60040.0   0.0088   0.0600   0.1462   0.0672   5.9741   0.1462 -324304.025

