

2 (And_ful) ... 1 (And_bic)
  0  0.0000 1042152.764598  x:  0.16186   1.43566   0.47687  
  1 99.0000 1036773.887416  x:  0.09299   1.48895   0.22613  
  2 32700.1956 1032567.542615  x:  0.08599   1.52253   0.06489  
  3 670157.4684 1028619.512458  x:  0.11133   3.85813   0.15397  
  4 5439.7321 1025773.210174  x:  0.13206   3.87279   0.06046  
  5  0.1674 1025160.503289  x:  0.15578   3.88617   0.08303  
  6  0.0233 1025006.185545  x:  0.16529   3.82345   0.06607  
  7  0.0852 1024995.927906  x:  0.16733   3.64354   0.06727  
  8  0.0574 1024993.207611  x:  0.16643   3.56724   0.06564  
  9  0.0529 1024993.025044  x:  0.16590   3.56633   0.06594  
 10  0.0011 1024993.024966  x:  0.16590   3.56662   0.06593  
 11  0.0003 1024993.024966  x:  0.16590   3.56659   0.06593  

3 (And_hae) ... 1 (And_bic)
  0  0.0000 1022783.877841  x:  0.14779   3.16465   0.07656  
  1 99.0000 1022653.746931  x:  0.16179   3.16483   0.06840  
  2 16585.6359 1022646.964883  x:  0.16073   3.16498   0.06503  
  3 3815.9661 1022628.513356  x:  0.16070   3.44346   0.06634  
  4 139.5875 1022628.410778  x:  0.16028   3.44267   0.06624  
  5  0.0009 1022628.410676  x:  0.16028   3.44239   0.06625  
  6  0.0003 1022628.410676  x:  0.16028   3.44235   0.06625  

3 (And_hae) ... 2 (And_ful)
  0  0.0000 1016629.468734  x:  0.12569   3.16401   0.08393  
  1 99.0000 1016175.942086  x:  0.15135   3.16431   0.07632  
  2 36272.5156 1016135.778873  x:  0.15061   3.16481   0.06648  
  3 8063.5326 1016012.557398  x:  0.15050   3.96976   0.07068  
  4 349.2725 1016012.097099  x:  0.15028   3.97152   0.06967  
  5  0.0021 1016012.095496  x:  0.15024   3.97317   0.06969  
  6  0.0013 1016012.095483  x:  0.15024   3.97343   0.06969  
  7  0.0002 1016012.095483  x:  0.15024   3.97343   0.06969  
  8  0.0000 1016012.095483  x:  0.15024   3.97343   0.06969  

4 (And_hat) ... 1 (And_bic)
  0  0.0000 1001548.328659  x:  0.09953   3.43480   0.09419  
  1 99.0000 1001040.679563  x:  0.12358   3.43487   0.08757  
  2 44070.5827 1000921.962676  x:  0.12309   3.43505   0.06742  
  3 11300.9638 1000919.650834  x:  0.12307   3.55387   0.06806  
  4 40.0541 1000919.351876  x:  0.12247   3.55232   0.06786  
  5  0.0014 1000919.348351  x:  0.12245   3.55266   0.06796  
  6  0.0005 1000919.348343  x:  0.12245   3.55288   0.06796  

4 (And_hat) ... 2 (And_ful)
  0  0.0000 1018579.778376  x:  0.15127   3.29397   0.09888  
  1 99.0000 1018172.330011  x:  0.15542   3.29479   0.06429  
  2 19866.7732 1018172.080984  x:  0.15477   3.29583   0.06421  
  3 406.0841 1018044.968459  x:  0.15524   4.13374   0.06953  
  4 1228.0927 1018042.542432  x:  0.15555   4.14748   0.06723  
  5  0.0200 1018042.526709  x:  0.15544   4.15557   0.06724  
  6  0.0064 1018042.526175  x:  0.15546   4.15686   0.06725  
  7  0.0011 1018042.526175  x:  0.15546   4.15687   0.06725  
  8  0.0000 1018042.526175  x:  0.15546   4.15687   0.06725  
  9  0.0000 1018042.526175  x:  0.15546   4.15687   0.06725  
 10  0.0000 1018042.526175  x:  0.15546   4.15687   0.06725  
check convergence!


4 (And_hat) ... 3 (And_hae)
  0  0.0000 1017951.539575  x:  0.14329   3.55447   0.14332  
  1 99.0000 1016580.783581  x:  0.16083   3.55561   0.06717  
  2 27343.3421 1016535.498056  x:  0.15353   3.55581   0.06218  
  3 11515.6228 1016488.060672  x:  0.15230   4.17370   0.06669  
  4 194.7496 1016486.706909  x:  0.15148   4.11012   0.06757  
  5  0.0972 1016486.390187  x:  0.15174   4.07213   0.06701  
  6  0.0415 1016486.390013  x:  0.15175   4.07271   0.06700  
  7  0.0006 1016486.390013  x:  0.15175   4.07270   0.06700  
  8  0.0000 1016486.390013  x:  0.15175   4.07271   0.06700  
  9  0.0000 1016486.390013  x:  0.15175   4.07270   0.06700  

5 (And_mar) ... 1 (And_bic)
  0  0.0000 981819.696916  x:  0.07306   3.50718   0.09126  
  1 99.0000 981372.553371  x:  0.09222   3.50717   0.08789  
  2 50339.5881 981268.723477  x:  0.09215   3.50706   0.06619  
  3 8830.0209 981253.162771  x:  0.09220   3.18164   0.06445  
  4 89.3181 981253.042012  x:  0.09197   3.17568   0.06490  
  5  0.0063 981253.030483  x:  0.09189   3.17658   0.06477  
  6  0.0010 981253.030470  x:  0.09189   3.17686   0.06477  
  7  0.0003 981253.030470  x:  0.09189   3.17686   0.06477  
  8  0.0000 981253.030470  x:  0.09189   3.17686   0.06477  
  9  0.0000 981253.030470  x:  0.09189   3.17686   0.06477  
 10  0.0579 981253.030470  x:  0.09189   3.17686   0.06477  
check convergence!


5 (And_mar) ... 2 (And_ful)
  0  0.0000 1024571.434771  x:  0.15316   2.82800   0.09434  
  1 99.0000 1024216.526544  x:  0.16721   2.82889   0.06669  
  2 20983.0536 1024204.671285  x:  0.16388   2.82931   0.06380  
  3 5438.7431 1024046.158126  x:  0.16301   3.60331   0.06903  
  4 472.3486 1024045.660988  x:  0.16332   3.60741   0.06804  
  5  0.0048 1024045.650376  x:  0.16320   3.60914   0.06801  
  6  0.0018 1024045.650173  x:  0.16320   3.61012   0.06802  

5 (And_mar) ... 3 (And_hae)
  0  0.0000 1022413.009303  x:  0.16840   3.40186   0.13252  
  1 99.0000 1021556.396984  x:  0.14060   3.40227   0.09009  
  2 30732.1102 1021294.972210  x:  0.14939   3.40249   0.06583  
  3 28784.0980 1021290.949013  x:  0.14966   3.54275   0.06672  
  4 57.8864 1021258.221331  x:  0.15604   3.48072   0.07023  
  5  0.0819 1021257.421586  x:  0.15660   3.48785   0.06902  
  6  0.0085 1021257.421392  x:  0.15660   3.48697   0.06901  
  7  0.0009 1021257.421392  x:  0.15660   3.48697   0.06901  

5 (And_mar) ... 4 (And_hat)
  0  0.0000 1000620.665062  x:  0.12519   3.10258   0.19223  
  1 99.0000 999984.226120  x:  0.10065   3.10329   0.15882  
  2 28542.7464 998619.886319  x:  0.10476   3.10513   0.06955  
  3 56267.1631 998574.580951  x:  0.10535   3.59203   0.07519  
  4 200.9377 998448.322382  x:  0.11679   3.57800   0.06805  
  5  0.0214 998443.971185  x:  0.11742   3.54178   0.07129  
  6  0.0837 998443.957779  x:  0.11751   3.53702   0.07117  
  7  0.0042 998443.957763  x:  0.11751   3.53681   0.07116  
  8  0.0002 998443.957763  x:  0.11751   3.53680   0.07116  
  9  0.0000 998443.957763  x:  0.11751   3.53680   0.07116  
 10  0.0000 998443.957763  x:  0.11751   3.53680   0.07116  
 11  0.0936 998443.957763  x:  0.11751   3.53680   0.07116  
check convergence!


6 (And_tri) ... 1 (And_bic)
  0  0.0000 999204.582929  x:  0.11307   3.12779   0.05650  
  1 99.0000 999144.193232  x:  0.11969   3.12769   0.06364  
  2 12771.2766 999137.643702  x:  0.11770   3.12756   0.06689  
  3 3754.5278 999125.404967  x:  0.11777   2.90045   0.06595  
  4 101.8868 999125.391600  x:  0.11788   2.89680   0.06595  
  5  0.0036 999125.391500  x:  0.11789   2.89730   0.06596  
  6  0.0005 999125.391499  x:  0.11789   2.89727   0.06596  
  7  0.0000 999125.391499  x:  0.11789   2.89727   0.06596  
check convergence!


6 (And_tri) ... 2 (And_ful)
  0  0.0000 1019215.197452  x:  0.12405   2.87613   0.05020  
  1 99.0000 1018482.867546  x:  0.15423   2.87635   0.06190  
  2 48923.5566 1018480.945132  x:  0.15490   2.88534   0.06019  
  3 405.6625 1018357.850656  x:  0.15377   3.58505   0.06569  
  4 9225.1537 1018357.239322  x:  0.15438   3.59144   0.06476  
  5  0.0057 1018357.236800  x:  0.15437   3.59492   0.06476  
  6  0.0025 1018357.236788  x:  0.15437   3.59495   0.06476  
  7  0.0000 1018357.236788  x:  0.15437   3.59496   0.06476  

6 (And_tri) ... 3 (And_hae)
  0  0.0000 1016816.421567  x:  0.14915   3.25524   0.09912  
  1 99.0000 1016443.050304  x:  0.14600   3.25567   0.06556  
  2 18994.2267 1016434.934753  x:  0.14955   3.25577   0.06436  
  3 4608.2551 1016419.794484  x:  0.14970   3.52189   0.06606  
  4 119.2176 1016419.769717  x:  0.14967   3.52269   0.06583  
  5  0.0013 1016419.769682  x:  0.14967   3.52261   0.06583  
  6  0.0001 1016419.769682  x:  0.14967   3.52260   0.06583  
  7  0.0000 1016419.769682  x:  0.14967   3.52260   0.06583  
  8  0.0000 1016419.769682  x:  0.14967   3.52260   0.06583  
  9  0.0115 1016419.769682  x:  0.14967   3.52260   0.06583  
check convergence!


6 (And_tri) ... 4 (And_hat)
  0  0.0000 996572.824305  x:  0.11102   3.11110   0.15553  
  1 99.0000 995234.884659  x:  0.11354   3.11279   0.06634  
  2 21541.2841 995234.849550  x:  0.11375   3.11295   0.06634  
  3 275.0982 995204.113486  x:  0.11350   3.51182   0.07085  
  4 255.3177 995199.700796  x:  0.11366   3.55045   0.06752  
  5  0.0969 995199.673574  x:  0.11368   3.56291   0.06746  
  6  0.0106 995199.673223  x:  0.11368   3.56345   0.06749  
  7  0.0005 995199.673223  x:  0.11368   3.56345   0.06749  

6 (And_tri) ... 5 (And_mar)
  0  0.0000 997026.609262  x:  0.11942   3.11233   0.07959  
  1 99.0000 996980.721556  x:  0.11226   3.11227   0.07638  
  2 11461.1139 996973.678205  x:  0.11309   3.11211   0.07164  
  3 3022.0409 996959.705827  x:  0.11309   2.86749   0.07031  
  4 107.9369 996959.699216  x:  0.11315   2.86432   0.07031  
  5  0.0035 996959.699200  x:  0.11316   2.86448   0.07031  
  6  0.0002 996959.699200  x:  0.11316   2.86448   0.07031  
  7  0.0000 996959.699200  x:  0.11316   2.86448   0.07031  

7 (Bom_pas) ... 1 (And_bic)
  0  0.0000 1266342.156431  x:  1.14146   2.61434   0.18637  
  1 99.0000 1246337.934464  x:  1.11854   2.61833   0.05495  
  2 180631.8450 1246204.547481  x:  1.08197   2.71145   0.06257  
  3 2813.3787 1244939.733265  x:  1.24613   3.98717   0.05490  
  4 10366.6485 1244864.556409  x:  1.18578   4.02868   0.05572  
  5  0.0780 1244862.277660  x:  1.18171   4.04207   0.05663  
  6  0.0159 1244862.225033  x:  1.18343   4.05047   0.05659  
  7  0.0055 1244862.220621  x:  1.18318   4.05225   0.05659  
  8  0.0016 1244862.220621  x:  1.18318   4.05226   0.05659  
  9  0.0000 1244862.220621  x:  1.18318   4.05226   0.05659  
 10  0.0000 1244862.220621  x:  1.18318   4.05226   0.05659  
 11  0.0000 1244862.220621  x:  1.18318   4.05226   0.05659  

7 (Bom_pas) ... 2 (And_ful)
  0  0.0000 1258277.236920  x:  1.12758   3.61085   0.14521  
  1 99.0000 1247650.713737  x:  1.11847   3.61179   0.05875  
  2 167744.2530 1247595.346369  x:  1.15338   3.61896   0.05451  
  3 2980.5475 1247351.966714  x:  1.19232   4.32786   0.05499  
  4 803.1786 1247295.379285  x:  1.23597   4.32520   0.05586  
  5  0.0672 1247292.806692  x:  1.24488   4.33249   0.05487  
  6  0.0101 1247292.780762  x:  1.24596   4.33884   0.05487  
  7  0.0051 1247292.780554  x:  1.24592   4.33928   0.05487  
  8  0.0004 1247292.780554  x:  1.24592   4.33928   0.05487  

7 (Bom_pas) ... 3 (And_hae)
  0  0.0000 1253667.205228  x:  1.02138   3.86511   0.15093  
  1 99.0000 1244579.418661  x:  1.01409   3.86567   0.06450  
  2 146718.8752 1244338.773762  x:  1.08192   3.86535   0.05559  
  3 6834.3621 1244295.658026  x:  1.09671   4.16925   0.05573  
  4 293.5001 1244088.760513  x:  1.15984   4.15936   0.05901  
  5  0.1208 1244078.411969  x:  1.17986   4.18069   0.05702  
  6  0.0224 1244078.332165  x:  1.18136   4.19011   0.05707  
  7  0.0084 1244078.332047  x:  1.18142   4.19028   0.05706  

7 (Bom_pas) ... 4 (And_hat)
  0  0.0000 1266115.376063  x:  1.21999   3.47618   0.19220  
  1 99.0000 1244537.783573  x:  1.19517   3.47843   0.05431  
  2 182305.7871 1244521.552813  x:  1.18062   3.48701   0.05688  
  3 1962.0760 1244223.308385  x:  1.23488   4.25312   0.05591  
  4 1072.1454 1244196.500178  x:  1.19898   4.24139   0.05601  
  5  0.0444 1244196.490335  x:  1.19823   4.24187   0.05605  
  6  0.0009 1244196.490283  x:  1.19826   4.24222   0.05605  
  7  0.0003 1244196.490282  x:  1.19826   4.24222   0.05605  

7 (Bom_pas) ... 5 (And_mar)
  0  0.0000 1245471.233872  x:  1.25764   3.71679   0.06859  
  1 99.0000 1244644.362122  x:  1.25626   3.71694   0.05278  
  2 93458.2098 1244466.214955  x:  1.15283   3.73704   0.05842  
  3 3204.3848 1244415.396270  x:  1.18030   4.05288   0.05795  
  4 339.0417 1244410.420052  x:  1.17438   4.05663   0.05711  
  5  0.0083 1244410.413065  x:  1.17499   4.05709   0.05706  
  6  0.0008 1244410.413051  x:  1.17500   4.05726   0.05707  
  7  0.0001 1244410.413051  x:  1.17500   4.05726   0.05707  

7 (Bom_pas) ... 6 (And_tri)
  0  0.0000 1248248.500982  x:  1.16899   3.55948   0.10365  
  1 99.0000 1243459.923575  x:  1.16453   3.55992   0.05576  
  2 153804.1942 1243441.520381  x:  1.13800   3.57734   0.05815  
  3 1155.7154 1243317.015565  x:  1.17998   4.07576   0.05711  
  4 709.1527 1243313.903295  x:  1.17265   4.06829   0.05660  
  5  0.0167 1243313.875440  x:  1.17153   4.06258   0.05668  
  6  0.0051 1243313.875235  x:  1.17158   4.06211   0.05667  
  7  0.0004 1243313.875235  x:  1.17158   4.06212   0.05667  
  8  0.0000 1243313.875235  x:  1.17158   4.06212   0.05667  
  9  0.0000 1243313.875235  x:  1.17158   4.06211   0.05667  