

2 (And_ful) ... 1 (And_bic)
  0  0.0000 1067701.891651  x:  0.15259   1.51158   0.48479  
  1 99.0000 1054206.228474  x:  0.11388   1.59417   0.06278  
  2 31249.5423 1053897.266896  x:  0.11922   1.59784   0.04484  
  3 218569.9918 1050877.632402  x:  0.16288   3.09575   0.07584  
  4 5439.1190 1050782.780324  x:  0.15606   3.36481   0.06559  
  5  0.1683 1050766.700110  x:  0.16142   3.40852   0.06452  
  6  0.0276 1050765.115383  x:  0.16074   3.48501   0.06468  
  7  0.0343 1050764.941490  x:  0.16100   3.49326   0.06519  
  8  0.0071 1050764.941065  x:  0.16102   3.49390   0.06517  
  9  0.0006 1050764.941065  x:  0.16102   3.49393   0.06517  

3 (And_hae) ... 1 (And_bic)
  0  0.0000 1049669.241714  x:  0.12610   3.23090   0.13849  
  1 99.0000 1048622.345914  x:  0.16660   3.23126   0.11048  
  2 47032.9222 1047913.358433  x:  0.16420   3.23182   0.06388  
  3 34188.4481 1047900.675908  x:  0.16398   3.46569   0.06565  
  4 112.1046 1047852.129818  x:  0.15476   3.44206   0.06592  
  5  0.0211 1047852.111951  x:  0.15475   3.43900   0.06609  
  6  0.0052 1047852.111407  x:  0.15475   3.43751   0.06607  

3 (And_hae) ... 2 (And_ful)
  0  0.0000 1043917.980887  x:  0.11908   3.13741   0.09709  
  1 99.0000 1043193.304144  x:  0.15061   3.13773   0.08524  
  2 46936.6213 1043043.206263  x:  0.14937   3.13834   0.06554  
  3 15021.6306 1042930.882927  x:  0.14915   3.89832   0.07011  
  4 337.8073 1042929.037633  x:  0.14810   3.89686   0.06854  
  5  0.0025 1042928.960980  x:  0.14782   3.89579   0.06882  
  6  0.0011 1042928.960934  x:  0.14782   3.89527   0.06881  
  7  0.0004 1042928.960933  x:  0.14782   3.89525   0.06881  

4 (And_hat) ... 1 (And_bic)
  0  0.0000 1028402.338493  x:  0.09635   3.49484   0.14078  
  1 99.0000 1027769.156684  x:  0.12276   3.49494   0.12885  
  2 47795.0442 1027038.569642  x:  0.12231   3.49538   0.06922  
  3 23147.5063 1027038.301385  x:  0.12232   3.45659   0.06891  
  4 12.6672 1027030.800886  x:  0.11928   3.44885   0.06976  
  5  0.0073 1027030.734048  x:  0.11924   3.45240   0.06935  
  6  0.0073 1027030.734034  x:  0.11923   3.45248   0.06935  
  7  0.0001 1027030.734033  x:  0.11923   3.45248   0.06935  
  8  0.0000 1027030.734033  x:  0.11923   3.45248   0.06935  
  9  0.0000 1027030.734033  x:  0.11923   3.45248   0.06935  
check convergence!


4 (And_hat) ... 2 (And_ful)
  0  0.0000 1045592.017274  x:  0.12885   3.19038   0.07796  
  1 99.0000 1045206.357014  x:  0.15247   3.19065   0.07207  
  2 33708.8024 1045186.059463  x:  0.15200   3.19108   0.06552  
  3 5993.7010 1045067.275388  x:  0.15197   3.97583   0.06939  
  4 344.6571 1045066.873242  x:  0.15191   3.97731   0.06844  
  5  0.0018 1045066.872683  x:  0.15191   3.97923   0.06845  
  6  0.0013 1045066.872682  x:  0.15191   3.97924   0.06845  

4 (And_hat) ... 3 (And_hae)
  0  0.0000 1044900.245945  x:  0.13022   3.63854   0.16149  
  1 99.0000 1043822.116504  x:  0.17111   3.63929   0.10723  
  2 33825.8562 1043166.536288  x:  0.16598   3.63987   0.06329  
  3 51357.6627 1043125.349554  x:  0.16512   4.16114   0.06664  
  4 168.0015 1042948.278961  x:  0.14770   4.03279   0.06934  
  5  0.1316 1042948.076675  x:  0.14768   4.01707   0.06866  
  6  0.0195 1042948.062183  x:  0.14770   4.00797   0.06870  
  7  0.0102 1042948.062182  x:  0.14770   4.00793   0.06870  
  8  0.0000 1042948.062182  x:  0.14770   4.00795   0.06870  
  9  0.0000 1042948.062182  x:  0.14770   4.00795   0.06870  
 10  0.0000 1042948.062182  x:  0.14770   4.00795   0.06870  
 11  0.0000 1042948.062182  x:  0.14770   4.00795   0.06870  
check convergence!


5 (And_mar) ... 1 (And_bic)
  0  0.0000 1008683.775712  x:  0.07117   3.58073   0.18440  
  1 99.0000 1008210.474325  x:  0.09039   3.58075   0.17738  
  2 50752.9843 1006830.024827  x:  0.09089   3.58099   0.06846  
  3 20039.0576 1006786.866738  x:  0.09098   3.14532   0.06368  
  4 154.1155 1006781.386479  x:  0.09047   3.04237   0.06665  
  5  0.2879 1006779.190459  x:  0.08944   2.99408   0.06511  
  6  0.0557 1006779.055991  x:  0.08922   3.01515   0.06536  
  7  0.0241 1006779.055905  x:  0.08922   3.01473   0.06537  
  8  0.0004 1006779.055905  x:  0.08922   3.01472   0.06537  
  9  0.0000 1006779.055905  x:  0.08922   3.01472   0.06537  

5 (And_mar) ... 2 (And_ful)
  0  0.0000 1052847.601412  x:  0.12822   2.79958   0.17273  
  1 99.0000 1051424.004410  x:  0.17798   2.80078   0.13213  
  2 50290.6097 1049947.951088  x:  0.17679   2.80274   0.06120  
  3 50519.1922 1049765.515770  x:  0.17537   3.61157   0.07018  
  4 516.2907 1049621.621850  x:  0.16180   3.66459   0.06190  
  5  0.0541 1049605.124768  x:  0.15859   3.62192   0.06656  
  6  0.0758 1049604.989322  x:  0.15877   3.59805   0.06650  
  7  0.0175 1049604.985876  x:  0.15871   3.59627   0.06645  
  8  0.0018 1049604.985867  x:  0.15871   3.59631   0.06645  

5 (And_mar) ... 3 (And_hae)
  0  0.0000 1047066.186382  x:  0.13732   3.32309   0.12502  
  1 99.0000 1046259.188835  x:  0.16649   3.32361   0.07969  
  2 29093.3036 1046081.654485  x:  0.15951   3.32382   0.06182  
  3 26004.0765 1046069.191245  x:  0.15908   3.57001   0.06330  
  4 105.0329 1046031.273168  x:  0.15170   3.51021   0.06697  
  5  0.0774 1046031.214196  x:  0.15154   3.50751   0.06668  
  6  0.0031 1046031.213907  x:  0.15155   3.50647   0.06667  
  7  0.0010 1046031.213907  x:  0.15155   3.50647   0.06667  

5 (And_mar) ... 4 (And_hat)
  0  0.0000 1024288.821008  x:  0.11461   3.24242   0.13313  
  1 99.0000 1023647.838698  x:  0.10164   3.24316   0.07950  
  2 19927.2043 1023508.089691  x:  0.10952   3.24340   0.06380  
  3 36386.2107 1023490.604584  x:  0.11001   3.56379   0.06623  
  4 114.5604 1023472.428114  x:  0.11333   3.49357   0.07053  
  5  0.1105 1023472.053163  x:  0.11376   3.49570   0.06968  
  6  0.0022 1023472.052822  x:  0.11376   3.49442   0.06967  

6 (And_tri) ... 1 (And_bic)
  0  0.0000 1025879.138845  x:  0.11380   3.10347   0.15855  
  1 99.0000 1024676.215530  x:  0.10021   3.10406   0.07530  
  2 22414.2426 1024520.006240  x:  0.10885   3.10412   0.06040  
  3 43085.6125 1024516.569906  x:  0.10859   2.98235   0.05935  
  4 50.7973 1024466.493380  x:  0.11326   2.84852   0.06656  
  5  0.3106 1024465.079906  x:  0.11420   2.88853   0.06586  
  6  0.0416 1024465.051497  x:  0.11426   2.87985   0.06568  
  7  0.0091 1024465.051436  x:  0.11425   2.87985   0.06567  
  8  0.0000 1024465.051436  x:  0.11425   2.87986   0.06567  
  9  0.0000 1024465.051436  x:  0.11425   2.87986   0.06567  

6 (And_tri) ... 2 (And_ful)
  0  0.0000 1046015.186154  x:  0.14966   2.90750   0.10618  
  1 99.0000 1045398.639675  x:  0.14726   2.90841   0.06311  
  2 23512.0691 1045389.431245  x:  0.15105   2.90866   0.06211  
  3 4937.4857 1045318.720612  x:  0.15133   3.42983   0.06636  
  4 300.3951 1045317.492808  x:  0.15113   3.43810   0.06482  
  5  0.0139 1045317.490726  x:  0.15119   3.43932   0.06481  
  6  0.0011 1045317.490705  x:  0.15118   3.43960   0.06481  
  7  0.0002 1045317.490705  x:  0.15118   3.43960   0.06481  
  8  0.0000 1045317.490705  x:  0.15118   3.43960   0.06481  
check convergence!


6 (And_tri) ... 3 (And_hae)
  0  0.0000 1044423.080744  x:  0.11832   2.99562   0.10662  
  1 99.0000 1043613.833867  x:  0.15197   2.99592   0.09070  
  2 47886.4353 1043335.795038  x:  0.15025   2.99645   0.06338  
  3 20539.4428 1043292.536331  x:  0.15004   3.41902   0.06628  
  4 221.4216 1043285.967798  x:  0.14699   3.41731   0.06523  
  5  0.0031 1043285.825648  x:  0.14682   3.41493   0.06576  
  6  0.0033 1043285.825507  x:  0.14682   3.41417   0.06575  
  7  0.0006 1043285.825506  x:  0.14682   3.41415   0.06575  

6 (And_tri) ... 4 (And_hat)
  0  0.0000 1022661.066379  x:  0.09857   3.16669   0.06755  
  1 99.0000 1022475.109196  x:  0.11258   3.16674   0.06765  
  2 27918.0817 1022474.745124  x:  0.11262   3.16689   0.06664  
  3 695.5535 1022462.081144  x:  0.11259   3.43338   0.06792  
  4 101.9595 1022462.077541  x:  0.11257   3.43261   0.06782  
  5  0.0008 1022462.077536  x:  0.11257   3.43256   0.06782  

6 (And_tri) ... 5 (And_mar)
  0  0.0000 1021938.408797  x:  0.09307   3.05506   0.12508  
  1 99.0000 1021560.947509  x:  0.11286   3.05513   0.11405  
  2 35734.8891 1021082.001835  x:  0.11186   3.05537   0.06721  
  3 21440.4062 1021078.501158  x:  0.11192   2.93143   0.06615  
  4 54.6043 1021071.017399  x:  0.10912   2.91974   0.06763  
  5  0.0110 1021070.818985  x:  0.10898   2.92448   0.06695  
  6  0.0086 1021070.818978  x:  0.10898   2.92449   0.06695  
  7  0.0000 1021070.818978  x:  0.10898   2.92450   0.06695  
  8  0.0000 1021070.818978  x:  0.10898   2.92450   0.06695  

7 (Bom_pas) ... 1 (And_bic)
  0  0.0000 1282443.655436  x:  1.04215   2.90561   0.05071  
  1 99.0000 1281973.347439  x:  1.04293   2.90578   0.06216  
  2 89934.7647 1281848.879559  x:  1.11907   2.95703   0.05916  
  3 2867.7006 1281156.692819  x:  1.13482   3.92367   0.06184  
  4 2431.3237 1281146.228263  x:  1.15531   3.94675   0.05987  
  5  0.0232 1281146.086704  x:  1.15616   3.96327   0.05990  
  6  0.0107 1281146.086581  x:  1.15617   3.96324   0.05989  
  7  0.0000 1281146.086580  x:  1.15616   3.96324   0.05989  

7 (Bom_pas) ... 2 (And_ful)
  0  0.0000 1294129.184698  x:  1.15276   3.50870   0.13576  
  1 99.0000 1285108.310638  x:  1.14446   3.50961   0.05997  
  2 167817.3724 1285089.345074  x:  1.16799   3.52847   0.05739  
  3 1238.3194 1284835.923402  x:  1.19876   4.20830   0.05887  
  4 1433.2042 1284829.943757  x:  1.21523   4.21090   0.05883  
  5  0.0236 1284829.533914  x:  1.21804   4.21493   0.05842  
  6  0.0048 1284829.531638  x:  1.21827   4.21709   0.05842  
  7  0.0017 1284829.531630  x:  1.21825   4.21712   0.05842  

7 (Bom_pas) ... 3 (And_hae)
  0  0.0000 1288373.655756  x:  1.02718   3.77421   0.13784  
  1 99.0000 1281581.936914  x:  1.02145   3.77469   0.06688  
  2 140403.0449 1281395.939226  x:  1.08739   3.77499   0.05893  
  3 5533.1566 1281355.451185  x:  1.10147   4.05559   0.05908  
  4 299.3606 1281250.447131  x:  1.14132   4.05033   0.06191  
  5  0.0756 1281246.630504  x:  1.15344   4.05808   0.06070  
  6  0.0114 1281246.618751  x:  1.15391   4.06236   0.06071  
  7  0.0039 1281246.618746  x:  1.15391   4.06238   0.06071  

7 (Bom_pas) ... 4 (And_hat)
  0  0.0000 1282117.668713  x:  1.14554   3.38625   0.06900  
  1 99.0000 1281822.077457  x:  1.14481   3.38646   0.05914  
  2 55685.8522 1281779.719403  x:  1.10534   3.42731   0.06152  
  3 1394.5585 1281496.488406  x:  1.17524   4.12060   0.06021  
  4 1540.5371 1281494.509042  x:  1.16935   4.12856   0.05990  
  5  0.0101 1281494.458943  x:  1.16826   4.13121   0.06003  
  6  0.0028 1281494.458876  x:  1.16831   4.13156   0.06003  
  7  0.0003 1281494.458876  x:  1.16831   4.13157   0.06003  

7 (Bom_pas) ... 5 (And_mar)
  0  0.0000 1288621.280780  x:  0.98687   3.52299   0.14600  
  1 99.0000 1281069.830119  x:  0.98090   3.52369   0.06806  
  2 139734.9422 1280795.131778  x:  1.05512   3.52559   0.05852  
  3 7228.8065 1280683.200658  x:  1.07715   3.97096   0.05911  
  4 536.0793 1280525.969807  x:  1.12431   3.93993   0.06249  
  5  0.1093 1280517.056728  x:  1.14232   3.94950   0.06064  
  6  0.0153 1280517.007598  x:  1.14329   3.95771   0.06067  
  7  0.0071 1280517.007520  x:  1.14331   3.95786   0.06067  
  8  0.0002 1280517.007519  x:  1.14331   3.95787   0.06067  
  9  0.0000 1280517.007519  x:  1.14331   3.95787   0.06067  

7 (Bom_pas) ... 6 (And_tri)
  0  0.0000 1285655.983604  x:  1.10336   3.35376   0.11207  
  1 99.0000 1280821.164901  x:  1.09861   3.35436   0.06084  
  2 145208.1023 1280795.755675  x:  1.13000   3.39863   0.05809  
  3 935.9934 1280598.490639  x:  1.14018   3.94495   0.06055  
  4 2419.6924 1280597.014880  x:  1.14948   3.95516   0.06025  
  5  0.0147 1280596.881585  x:  1.15009   3.95942   0.06004  
  6  0.0057 1280596.880069  x:  1.15012   3.96106   0.06004  
  7  0.0013 1280596.880068  x:  1.15013   3.96106   0.06004  