Supplemental results for CODEML (seqf: /home/yzliu/eDNA/faststorage/yzliu/DK_proj/data/ref_genome/ref_annotation/primary_transcripts/extracted_cds_new/new_transcript_id_8_bom_apis/bootstraps/cat.out.OG_cds_8_species_same_header_fas.shuf_211OG_437.phy  treef: xxx.trees)


pairwise comparison (Goldman & Yang 1994)
seq seq        N       S       dN       dS     dN/dS   Paras.
  2   1 168951.2  53357.8   0.0583   0.5786   0.1008   0.5495   4.2568   0.1008 -387431.953
  3   1 168467.6  53841.4   0.0578   0.5988   0.0965   0.5665   4.3705   0.0965 -387999.492
  3   2 164711.9  57597.1   0.0147   0.1102   0.1330   0.1182   5.1333   0.1330 -330957.835
  4   1 169050.8  53258.2   0.0573   0.5883   0.0975   0.5536   4.3272   0.0975 -386791.201
  4   2 165378.7  56930.3   0.0134   0.1053   0.1276   0.1109   4.9821   0.1276 -328875.794
  4   3 164318.1  57990.9   0.0078   0.0622   0.1263   0.0660   5.6436   0.1263 -317607.836
  5   1 168952.5  53356.5   0.0578   0.5975   0.0968   0.5621   4.3316   0.0968 -387417.127
  5   2 165123.5  57185.5   0.0147   0.1106   0.1328   0.1181   5.1232   0.1328 -330643.025
  5   3 164264.5  58044.5   0.0080   0.0622   0.1281   0.0664   5.6156   0.1281 -317719.956
  5   4 164761.6  57547.4   0.0075   0.0632   0.1192   0.0659   5.6110   0.1192 -317152.952
  6   1 169013.6  53295.4   0.0580   0.5960   0.0973   0.5609   4.3058   0.0973 -387480.646
  6   2 165242.4  57066.6   0.0150   0.1115   0.1348   0.1194   5.0450   0.1348 -331053.821
  6   3 164202.1  58106.9   0.0083   0.0623   0.1332   0.0673   5.6986   0.1332 -318007.119
  6   4 164644.9  57664.1   0.0079   0.0632   0.1256   0.0668   5.7491   0.1256 -317478.647
  6   5 164296.7  58012.3   0.0026   0.0194   0.1350   0.0210   6.0185   0.1350 -303348.908
  7   1 169042.4  53266.6   0.0591   0.5923   0.0997   0.5605   4.2850   0.0997 -387994.855
  7   2 165169.3  57139.7   0.0158   0.1146   0.1380   0.1236   5.1016   0.1380 -332079.860
  7   3 164228.8  58080.2   0.0091   0.0661   0.1377   0.0720   5.6677   0.1377 -319416.214
  7   4 164787.5  57521.5   0.0089   0.0671   0.1326   0.0719   5.6051   0.1326 -319036.153
  7   5 164650.3  57658.7   0.0086   0.0617   0.1389   0.0670   5.6552   0.1389 -317822.333
  7   6 164653.1  57655.9   0.0089   0.0618   0.1445   0.0679   5.6766   0.1445 -318136.627
  8   1 168925.0  53384.0   0.0579   0.5981   0.0969   0.5630   4.3166   0.0969 -387557.374
  8   2 165138.7  57170.3   0.0146   0.1108   0.1318   0.1180   5.0727   0.1318 -330677.701
  8   3 164129.3  58179.7   0.0082   0.0623   0.1310   0.0670   5.7003   0.1310 -317942.787
  8   4 164624.8  57684.2   0.0078   0.0635   0.1221   0.0667   5.6975   0.1221 -317445.352
  8   5 164185.0  58124.0   0.0024   0.0191   0.1248   0.0202   6.0595   0.1248 -303055.468
  8   6 164063.5  58245.5   0.0026   0.0200   0.1320   0.0216   6.2199   0.1320 -303556.724
  8   7 164540.6  57768.4   0.0087   0.0612   0.1415   0.0670   5.7158   0.1415 -317884.257

