Supplemental results for CODEML (seqf: /home/yzliu/eDNA/faststorage/yzliu/DK_proj/data/ref_genome/ref_annotation/primary_transcripts/extracted_cds_new/new_transcript_id_8_bom_apis/bootstraps/cat.out.OG_cds_8_species_same_header_fas.shuf_211OG_854.phy  treef: xxx.trees)


pairwise comparison (Goldman & Yang 1994)
seq seq        N       S       dN       dS     dN/dS   Paras.
  2   1 164733.9  55970.1   0.0513   0.5409   0.0949   0.5264   3.7525   0.0949 -386209.470
  3   1 164674.3  56029.7   0.0518   0.5548   0.0934   0.5385   3.7434   0.0934 -387166.896
  3   2 161138.4  59565.6   0.0140   0.1064   0.1316   0.1168   4.7480   0.1316 -331124.098
  4   1 164714.5  55989.5   0.0500   0.5538   0.0903   0.5334   3.8174   0.0903 -385726.139
  4   2 160568.9  60135.1   0.0118   0.0981   0.1202   0.1059   5.3295   0.1202 -327916.050
  4   3 161388.5  59315.5   0.0085   0.0607   0.1406   0.0676   4.6293   0.1406 -319039.343
  5   1 164848.7  55855.3   0.0513   0.5559   0.0922   0.5369   3.8157   0.0922 -386365.561
  5   2 160751.5  59952.5   0.0134   0.1064   0.1255   0.1159   5.2810   0.1255 -330289.418
  5   3 161688.9  59015.1   0.0092   0.0614   0.1502   0.0695   4.5056   0.1502 -319669.372
  5   4 160381.6  60322.4   0.0075   0.0603   0.1251   0.0659   5.6954   0.1251 -317800.431
  6   1 164768.5  55935.5   0.0513   0.5581   0.0919   0.5392   3.8443   0.0919 -386439.496
  6   2 160841.9  59862.1   0.0132   0.1063   0.1242   0.1153   5.1815   0.1242 -330176.548
  6   3 161649.0  59055.0   0.0091   0.0620   0.1464   0.0697   4.5145   0.1464 -319661.295
  6   4 160317.4  60386.6   0.0076   0.0605   0.1263   0.0664   5.7313   0.1263 -317944.563
  6   5 160235.0  60469.0   0.0022   0.0197   0.1099   0.0210   5.9438   0.1099 -303779.951
  7   1 164627.0  56077.0   0.0522   0.5561   0.0939   0.5408   3.8661   0.0939 -386994.098
  7   2 160547.7  60156.3   0.0142   0.1069   0.1329   0.1185   5.3463   0.1329 -331142.004
  7   3 161439.2  59264.8   0.0100   0.0640   0.1558   0.0735   4.5927   0.1558 -320916.682
  7   4 160080.3  60623.7   0.0086   0.0621   0.1387   0.0699   5.8618   0.1387 -319185.584
  7   5 160442.4  60261.6   0.0083   0.0585   0.1414   0.0660   5.6354   0.1414 -318140.980
  7   6 160475.4  60228.6   0.0083   0.0592   0.1393   0.0665   5.5791   0.1393 -318274.017
  8   1 164763.7  55940.3   0.0513   0.5594   0.0917   0.5402   3.8285   0.0917 -386541.495
  8   2 160770.4  59933.6   0.0131   0.1059   0.1240   0.1149   5.2146   0.1240 -330102.049
  8   3 161671.3  59032.7   0.0092   0.0614   0.1500   0.0695   4.4789   0.1500 -319722.075
  8   4 160259.3  60444.7   0.0077   0.0606   0.1277   0.0666   5.7553   0.1277 -318081.117
  8   5 160190.1  60513.9   0.0021   0.0199   0.1079   0.0211   5.9549   0.1079 -303824.419
  8   6 160048.7  60655.3   0.0023   0.0206   0.1105   0.0219   6.0744   0.1105 -304141.321
  8   7 160382.9  60321.1   0.0082   0.0580   0.1408   0.0654   5.6348   0.1408 -318014.601

