Supplemental results for CODEML (seqf: /home/yzliu/eDNA/faststorage/yzliu/DK_proj/data/ref_genome/ref_annotation/primary_transcripts/extracted_cds_new/new_transcript_id_8_bom_apis/bootstraps/cat.out.OG_cds_8_species_same_header_fas.shuf_211OG_791.phy  treef: xxx.trees)


pairwise comparison (Goldman & Yang 1994)
seq seq        N       S       dN       dS     dN/dS   Paras.
  2   1 162116.5  53661.5   0.0589   0.5766   0.1022   0.5630   3.6604   0.1022 -381334.490
  3   1 161883.8  53894.2   0.0595   0.5892   0.1010   0.5753   3.7222   0.1010 -382002.660
  3   2 157980.6  57797.4   0.0138   0.1115   0.1242   0.1200   5.3086   0.1242 -322815.368
  4   1 162331.3  53446.7   0.0590   0.5870   0.1006   0.5695   3.6820   0.1006 -381380.205
  4   2 158717.3  57060.7   0.0132   0.1080   0.1217   0.1147   4.9961   0.1217 -321510.965
  4   3 158159.4  57618.6   0.0083   0.0620   0.1339   0.0679   5.3734   0.1339 -310531.578
  5   1 162332.4  53445.6   0.0596   0.5907   0.1009   0.5735   3.6846   0.1009 -381755.677
  5   2 158560.6  57217.4   0.0145   0.1132   0.1281   0.1221   5.1332   0.1281 -323236.745
  5   3 158242.9  57535.1   0.0087   0.0647   0.1346   0.0709   5.3027   0.1346 -311276.884
  5   4 158856.1  56921.9   0.0090   0.0662   0.1352   0.0722   5.0973   0.1352 -311518.405
  6   1 162354.1  53423.9   0.0601   0.5887   0.1021   0.5730   3.6639   0.1021 -381991.012
  6   2 158469.0  57309.0   0.0153   0.1142   0.1340   0.1247   5.1996   0.1340 -323934.724
  6   3 157978.5  57799.5   0.0095   0.0650   0.1468   0.0732   5.5332   0.1468 -312001.506
  6   4 158571.6  57206.4   0.0100   0.0663   0.1509   0.0748   5.3360   0.1509 -312360.077
  6   5 158123.3  57654.7   0.0030   0.0204   0.1476   0.0230   5.7770   0.1476 -296702.493
  7   1 162345.0  53433.0   0.0602   0.5898   0.1021   0.5741   3.6727   0.1021 -382095.762
  7   2 158627.9  57150.1   0.0152   0.1119   0.1362   0.1226   5.0667   0.1362 -323689.816
  7   3 157878.7  57899.3   0.0095   0.0636   0.1487   0.0720   5.6337   0.1487 -311745.796
  7   4 158658.9  57119.1   0.0097   0.0643   0.1513   0.0725   5.2608   0.1513 -311843.426
  7   5 158522.6  57255.4   0.0095   0.0608   0.1561   0.0693   5.3902   0.1561 -310997.933
  7   6 158357.8  57420.2   0.0103   0.0606   0.1704   0.0712   5.5312   0.1704 -311643.272
  8   1 162304.6  53473.4   0.0599   0.5910   0.1013   0.5745   3.6713   0.1013 -381964.832
  8   2 158439.0  57339.0   0.0147   0.1134   0.1295   0.1227   5.1931   0.1295 -323462.406
  8   3 158129.4  57648.6   0.0089   0.0643   0.1388   0.0711   5.3574   0.1388 -311460.992
  8   4 158666.6  57111.4   0.0093   0.0663   0.1399   0.0731   5.2159   0.1399 -311860.895
  8   5 158406.5  57371.5   0.0025   0.0197   0.1273   0.0213   5.4589   0.1273 -296078.583
  8   6 157454.5  58323.5   0.0031   0.0200   0.1555   0.0231   6.4639   0.1555 -296787.249
  8   7 158421.5  57356.5   0.0097   0.0603   0.1605   0.0694   5.4340   0.1605 -311162.220

