

2 (And_ful) ... 1 (And_bic)
  0  0.0000 1049565.619234  x:  0.17741   1.61314   0.44726  
  1 99.0000 1047635.963731  x:  0.12734   1.62291   0.38631  
  2 43490.1332 1035475.393193  x:  0.11925   1.67497   0.05015  
  3 92089.6809 1034825.238630  x:  0.12186   2.21412   0.08651  
  4 2983.2839 1032965.722873  x:  0.14096   2.94226   0.04383  
  5  2.3280 1032516.041762  x:  0.16023   3.09458   0.06111  
  6  0.1794 1032441.315443  x:  0.16705   3.33454   0.05400  
  7  0.1762 1032428.860347  x:  0.16457   3.53082   0.05585  
  8  0.0684 1032428.648210  x:  0.16509   3.54607   0.05568  
  9  0.0131 1032428.645965  x:  0.16510   3.54756   0.05573  
 10  0.0013 1032428.645965  x:  0.16510   3.54755   0.05573  
 11  0.0000 1032428.645965  x:  0.16510   3.54755   0.05573  
 12  0.0000 1032428.645965  x:  0.16510   3.54755   0.05573  

3 (And_hae) ... 1 (And_bic)
  0  0.0000 1030574.896546  x:  0.13976   3.08616   0.12442  
  1 99.0000 1029209.108186  x:  0.17532   3.08709   0.06445  
  2 35932.1855 1029041.440875  x:  0.16785   3.08737   0.05000  
  3 26533.0925 1028982.651679  x:  0.16638   3.59794   0.05296  
  4 249.6291 1028930.734920  x:  0.15737   3.51107   0.05637  
  5  0.1224 1028930.656469  x:  0.15728   3.49216   0.05627  
  6  0.0168 1028930.656053  x:  0.15731   3.49175   0.05626  
  7  0.0004 1028930.656052  x:  0.15731   3.49176   0.05626  
  8  0.0000 1028930.656052  x:  0.15731   3.49176   0.05626  

3 (And_hae) ... 2 (And_ful)
  0  0.0000 1027189.722958  x:  0.13088   3.13875   0.14693  
  1 99.0000 1025765.385477  x:  0.17732   3.14003   0.08620  
  2 39041.3348 1025226.743855  x:  0.17174   3.14074   0.05275  
  3 50150.0758 1025063.270844  x:  0.16944   4.08554   0.05883  
  4 398.6625 1024881.551641  x:  0.15127   3.96735   0.05960  
  5  0.1233 1024880.787273  x:  0.15134   3.90391   0.05996  
  6  0.0544 1024880.744759  x:  0.15136   3.89616   0.05968  
  7  0.0089 1024880.744754  x:  0.15136   3.89628   0.05968  
  8  0.0001 1024880.744754  x:  0.15136   3.89628   0.05968  

4 (And_hat) ... 1 (And_bic)
  0  0.0000 1007761.035322  x:  0.11413   3.43607   0.07745  
  1 99.0000 1007664.551855  x:  0.12389   3.43615   0.06216  
  2 12572.8512 1007647.744339  x:  0.12115   3.43617   0.05732  
  3 7522.3739 1007647.649508  x:  0.12111   3.46025   0.05745  
  4  2.9144 1007641.509882  x:  0.11885   3.43474   0.05969  
  5  0.0812 1007641.509612  x:  0.11884   3.43577   0.05969  
  6  0.0011 1007641.509612  x:  0.11884   3.43578   0.05969  
  7  0.0000 1007641.509612  x:  0.11884   3.43578   0.05969  

4 (And_hat) ... 2 (And_ful)
  0  0.0000 1027704.224267  x:  0.13788   3.20537   0.04874  
  1 99.0000 1027448.525246  x:  0.15550   3.20554   0.05712  
  2 27424.2541 1027447.535281  x:  0.15614   3.20582   0.05595  
  3 1443.6967 1027362.197807  x:  0.15604   3.86645   0.05843  
  4 301.0244 1027362.131905  x:  0.15627   3.86449   0.05816  
  5  0.0019 1027362.131885  x:  0.15627   3.86419   0.05816  
  6  0.0002 1027362.131885  x:  0.15627   3.86417   0.05816  

4 (And_hat) ... 3 (And_hae)
  0  0.0000 1025614.188073  x:  0.12997   3.39399   0.12391  
  1 99.0000 1024606.424301  x:  0.16719   3.39463   0.07980  
  2 36201.6149 1024271.219250  x:  0.16159   3.39502   0.05392  
  3 35244.1005 1024211.687167  x:  0.16064   3.98907   0.05714  
  4 219.1393 1024136.118684  x:  0.14928   3.91225   0.05929  
  5  0.0816 1024136.022164  x:  0.14925   3.89559   0.05892  
  6  0.0165 1024136.018001  x:  0.14927   3.89159   0.05896  
  7  0.0043 1024136.018001  x:  0.14927   3.89158   0.05896  
  8  0.0000 1024136.018001  x:  0.14927   3.89158   0.05896  

5 (And_mar) ... 1 (And_bic)
  0  0.0000 989593.975508  x:  0.08436   3.29593   0.11376  
  1 99.0000 989332.055664  x:  0.09935   3.29599   0.08940  
  2 18958.5229 989033.437179  x:  0.09566   3.29603   0.05574  
  3 39703.3507 989023.200971  x:  0.09589   3.04617   0.05415  
  4 75.2364 988981.103834  x:  0.09007   2.98703   0.05819  
  5  0.0701 988980.259780  x:  0.08966   3.00372   0.05695  
  6  0.0264 988980.259514  x:  0.08967   3.00265   0.05693  
  7  0.0013 988980.259513  x:  0.08967   3.00267   0.05693  

5 (And_mar) ... 2 (And_ful)
  0  0.0000 1033472.650343  x:  0.16697   2.95130   0.11961  
  1 99.0000 1032154.937651  x:  0.15009   2.95241   0.05964  
  2 33913.8601 1032066.672195  x:  0.15940   2.95274   0.05167  
  3 17309.5168 1031976.549308  x:  0.16111   3.53921   0.05603  
  4 339.3761 1031973.123398  x:  0.16287   3.51182   0.05742  
  5  0.0478 1031973.039888  x:  0.16311   3.50725   0.05711  
  6  0.0042 1031973.039668  x:  0.16310   3.50629   0.05711  
  7  0.0008 1031973.039668  x:  0.16310   3.50629   0.05711  
  8  0.0000 1031973.039668  x:  0.16310   3.50629   0.05711  
  9  0.0000 1031973.039668  x:  0.16310   3.50629   0.05711  
check convergence!


5 (And_mar) ... 3 (And_hae)
  0  0.0000 1029394.063357  x:  0.13470   3.16442   0.12962  
  1 99.0000 1028161.236471  x:  0.17438   3.16516   0.07523  
  2 36589.7798 1027864.816107  x:  0.16782   3.16546   0.05266  
  3 35701.2608 1027830.531261  x:  0.16689   3.56430   0.05499  
  4 182.2760 1027730.915988  x:  0.15388   3.46393   0.05861  
  5  0.1175 1027730.766164  x:  0.15378   3.45286   0.05812  
  6  0.0121 1027730.763145  x:  0.15381   3.44955   0.05812  
  7  0.0034 1027730.763144  x:  0.15381   3.44953   0.05812  

5 (And_mar) ... 4 (And_hat)
  0  0.0000 1005631.454596  x:  0.11658   3.25096   0.07302  
  1 99.0000 1005585.545235  x:  0.11195   3.25103   0.06411  
  2 8831.6028 1005576.529812  x:  0.11428   3.25107   0.06067  
  3 5455.8531 1005575.827474  x:  0.11429   3.31373   0.06097  
  4 22.7653 1005575.754903  x:  0.11454   3.31274   0.06118  
  5  0.0012 1005575.754600  x:  0.11455   3.31270   0.06115  
  6  0.0000 1005575.754600  x:  0.11455   3.31270   0.06115  
  7  0.0000 1005575.754600  x:  0.11455   3.31271   0.06115  

6 (And_tri) ... 1 (And_bic)
  0  0.0000 1005665.223071  x:  0.12156   2.91252   0.06310  
  1 99.0000 1005606.094659  x:  0.11375   2.91254   0.05863  
  2 12838.8527 1005601.214278  x:  0.11465   2.91256   0.05563  
  3 3065.3786 1005601.212364  x:  0.11465   2.91539   0.05565  
  4  1.3255 1005601.194751  x:  0.11476   2.91536   0.05550  
  5  0.0002 1005601.194749  x:  0.11476   2.91536   0.05550  

6 (And_tri) ... 2 (And_ful)
  0  0.0000 1028143.715866  x:  0.16087   2.76824   0.04688  
  1 99.0000 1028112.796818  x:  0.15738   2.76853   0.05304  
  2 9209.2602 1028111.789472  x:  0.15619   2.76888   0.05260  
  3 1557.3598 1027992.838918  x:  0.15649   3.43760   0.05527  
  4 435.6550 1027992.782095  x:  0.15647   3.43424   0.05496  
  5  0.0029 1027992.781928  x:  0.15648   3.43396   0.05496  
  6  0.0003 1027992.781926  x:  0.15648   3.43388   0.05496  

6 (And_tri) ... 3 (And_hae)
  0  0.0000 1027153.463739  x:  0.13102   2.95877   0.14133  
  1 99.0000 1025631.900762  x:  0.17539   2.95999   0.07485  
  2 37869.3731 1025244.995823  x:  0.16886   2.96045   0.04920  
  3 45912.8432 1025156.760739  x:  0.16689   3.59102   0.05321  
  4 310.4337 1024982.303409  x:  0.14951   3.44471   0.05643  
  5  0.1707 1024981.829361  x:  0.14957   3.39993   0.05600  
  6  0.0394 1024981.828916  x:  0.14959   3.39888   0.05601  
  7  0.0012 1024981.828913  x:  0.14959   3.39881   0.05601  
  8  0.0001 1024981.828913  x:  0.14959   3.39881   0.05601  

6 (And_tri) ... 4 (And_hat)
  0  0.0000 1004787.318409  x:  0.09997   3.06890   0.11768  
  1 99.0000 1004356.907768  x:  0.12219   3.06918   0.09608  
  2 29642.7752 1003897.487059  x:  0.11938   3.06966   0.05651  
  3 32663.5928 1003886.878467  x:  0.11913   3.30536   0.05824  
  4 93.0867 1003850.680323  x:  0.11247   3.27748   0.05892  
  5  0.0273 1003850.671515  x:  0.11247   3.27542   0.05877  
  6  0.0030 1003850.670835  x:  0.11247   3.27356   0.05878  

6 (And_tri) ... 5 (And_mar)
  0  0.0000 1004972.414713  x:  0.11441   3.00685   0.13396  
  1 99.0000 1004336.055067  x:  0.09460   3.00713   0.09070  
  2 24356.6209 1003926.262527  x:  0.10119   3.00730   0.05599  
  3 59385.2767 1003923.487394  x:  0.10105   2.89715   0.05516  
  4 44.0945 1003832.844233  x:  0.10956   2.78470   0.06104  
  5  0.1611 1003828.637073  x:  0.11063   2.82160   0.05848  
  6  0.0505 1003828.628684  x:  0.11068   2.81652   0.05842  
  7  0.0056 1003828.628625  x:  0.11068   2.81660   0.05843  
  8  0.0001 1003828.628625  x:  0.11068   2.81661   0.05843  
  9  0.0000 1003828.628625  x:  0.11068   2.81661   0.05843  

7 (Bom_pas) ... 1 (And_bic)
  0  0.0000 1255820.201993  x:  1.22643   2.81881   0.05407  
  1 99.0000 1255714.056107  x:  1.22567   2.81911   0.04915  
  2 40866.7479 1255267.337117  x:  1.07977   2.89300   0.05572  
  3 5074.3238 1254416.322375  x:  1.19199   4.01621   0.05541  
  4 2071.8223 1254401.711322  x:  1.17270   4.03634   0.05489  
  5  0.0251 1254401.658162  x:  1.17406   4.04579   0.05482  
  6  0.0058 1254401.657385  x:  1.17398   4.04637   0.05483  
  7  0.0005 1254401.657385  x:  1.17398   4.04638   0.05483  
  8  0.0000 1254401.657385  x:  1.17398   4.04638   0.05483  
check convergence!


7 (Bom_pas) ... 2 (And_ful)
  0  0.0000 1260947.402531  x:  1.50772   3.65448   0.05921  
  1 99.0000 1259619.536401  x:  1.50633   3.65469   0.04276  
  2 140792.6173 1258504.838530  x:  1.20238   3.72184   0.05558  
  3 6174.1342 1258358.423633  x:  1.26812   4.25726   0.05452  
  4 590.3982 1258328.324462  x:  1.24295   4.30716   0.05357  
  5  0.0639 1258326.866085  x:  1.25059   4.30819   0.05288  
  6  0.0086 1258326.864794  x:  1.25080   4.30990   0.05287  
  7  0.0014 1258326.864792  x:  1.25080   4.30992   0.05287  

7 (Bom_pas) ... 3 (And_hae)
  0  0.0000 1276478.237332  x:  1.33902   3.66557   0.16791  
  1 99.0000 1255390.115161  x:  1.31914   3.66720   0.04844  
  2 208499.2119 1255288.900034  x:  1.27508   3.67629   0.05484  
  3 4768.3134 1255119.275760  x:  1.31900   4.27574   0.05393  
  4 620.6650 1254821.199192  x:  1.17794   4.15642   0.05613  
  5  0.2088 1254817.395890  x:  1.18676   4.19231   0.05498  
  6  0.0354 1254817.329839  x:  1.18498   4.19211   0.05499  
  7  0.0022 1254817.329660  x:  1.18499   4.19270   0.05500  
  8  0.0005 1254817.329660  x:  1.18499   4.19271   0.05500  

7 (Bom_pas) ... 4 (And_hat)
  0  0.0000 1255721.419722  x:  1.36371   3.51519   0.05158  
  1 99.0000 1255580.171148  x:  1.36293   3.51533   0.04645  
  2 49933.6541 1254841.964763  x:  1.14189   3.56540   0.05512  
  3 5802.7864 1254652.800357  x:  1.20386   4.16543   0.05441  
  4 693.6714 1254647.066163  x:  1.18811   4.18412   0.05464  
  5  0.0286 1254646.970953  x:  1.18916   4.18630   0.05445  
  6  0.0020 1254646.970809  x:  1.18921   4.18688   0.05445  
  7  0.0005 1254646.970809  x:  1.18921   4.18688   0.05445  

7 (Bom_pas) ... 5 (And_mar)
  0  0.0000 1254360.608329  x:  1.05492   3.61353   0.05503  
  1 99.0000 1254299.013739  x:  1.05564   3.61355   0.05929  
  2 29446.5454 1254160.659860  x:  1.13939   3.61943   0.05546  
  3 3597.9551 1254075.616537  x:  1.16202   4.02253   0.05552  
  4 452.5863 1254075.400526  x:  1.16419   4.02324   0.05524  
  5  0.0022 1254075.395878  x:  1.16465   4.02390   0.05524  
  6  0.0007 1254075.395878  x:  1.16465   4.02392   0.05524  
  7  0.0000 1254075.395878  x:  1.16465   4.02392   0.05524  

7 (Bom_pas) ... 6 (And_tri)
  0  0.0000 1254233.705217  x:  1.24522   3.59500   0.05283  
  1 99.0000 1254212.254842  x:  1.24472   3.59510   0.05061  
  2 18443.2400 1254014.062624  x:  1.13738   3.61945   0.05512  
  3 3486.5647 1253926.302725  x:  1.17358   4.02908   0.05473  
  4 461.1799 1253925.779874  x:  1.16838   4.03200   0.05488  
  5  0.0064 1253925.779678  x:  1.16838   4.03197   0.05487  
  6  0.0000 1253925.779678  x:  1.16839   4.03198   0.05487  