

2 (Bom_con) ... 1 (Apis_mel)
  0  0.0000 774744.512712  x:  0.48218   1.64042   0.47808  
  1 99.0000 759667.219283  x:  0.43394   1.70979   0.10506  
  2 41350.3093 759235.766649  x:  0.46777   1.72108   0.08276  
  3 24473.8853 755933.981345  x:  0.56876   3.09685   0.12071  
  4 6631.6964 755651.978339  x:  0.53288   3.43073   0.11045  
  5  0.4721 755537.102056  x:  0.56879   3.67609   0.10041  
  6  0.1258 755529.353685  x:  0.57051   3.76775   0.10356  
  7  0.0490 755528.458968  x:  0.56950   3.80638   0.10310  
  8  0.0315 755528.458713  x:  0.56947   3.80656   0.10312  
  9  0.0002 755528.458712  x:  0.56946   3.80655   0.10312  

3 (Bom_hor) ... 1 (Apis_mel)
  0  0.0000 758900.875699  x:  0.53943   3.48333   0.19116  
  1 99.0000 756701.772079  x:  0.53242   3.48449   0.10498  
  2 38902.4216 756590.646368  x:  0.57216   3.48587   0.09584  
  3 5753.2262 756544.814903  x:  0.57760   3.84835   0.09779  
  4 267.1295 756538.513288  x:  0.58107   3.82893   0.10047  
  5  0.0445 756538.452498  x:  0.58187   3.82652   0.10018  
  6  0.0022 756538.452474  x:  0.58188   3.82657   0.10018  
  7  0.0000 756538.452474  x:  0.58188   3.82658   0.10018  
  8  0.0000 756538.452474  x:  0.58188   3.82658   0.10018  
  9  0.0000 756538.452474  x:  0.58188   3.82658   0.10018  
 10  0.0000 756538.452474  x:  0.58188   3.82658   0.10018  
check convergence!


3 (Bom_hor) ... 2 (Bom_con)
  0  0.0000 641278.053843  x:  0.10172   3.29859   0.20904  
  1 99.0000 641064.090664  x:  0.12110   3.29900   0.20205  
  2 22129.3879 640727.932649  x:  0.12126   3.30324   0.12901  
  3 8558.3162 640498.455165  x:  0.12094   4.95792   0.14895  
  4 347.8802 640489.618589  x:  0.12069   5.00550   0.13878  
  5  0.0675 640489.402205  x:  0.12033   5.06161   0.13898  
  6  0.0318 640489.389973  x:  0.12045   5.06920   0.13916  
  7  0.0056 640489.389805  x:  0.12046   5.06985   0.13912  
  8  0.0007 640489.389805  x:  0.12046   5.06991   0.13912  
  9  0.0000 640489.389805  x:  0.12046   5.06991   0.13912  
check convergence!


4 (Bom_hyp) ... 1 (Apis_mel)
  0  0.0000 755809.584907  x:  0.50650   4.23943   0.17433  
  1 99.0000 754446.261071  x:  0.51339   4.23912   0.10699  
  2 32227.1807 754208.928485  x:  0.57520   4.23670   0.09761  
  3 8592.1858 754159.835024  x:  0.57034   3.81969   0.09615  
  4 222.7396 754152.400386  x:  0.57073   3.80455   0.09976  
  5  0.0351 754152.360150  x:  0.57023   3.81048   0.09971  
  6  0.0058 754152.359600  x:  0.57016   3.80939   0.09971  
  7  0.0012 754152.359596  x:  0.57016   3.80941   0.09971  

4 (Bom_hyp) ... 2 (Bom_con)
  0  0.0000 636762.478625  x:  0.10360   3.24487   0.12078  
  1 99.0000 636712.854118  x:  0.11280   3.24518   0.12201  
  2 11010.2901 636710.016896  x:  0.11251   3.24744   0.12759  
  3 978.8914 636432.143028  x:  0.11235   5.23894   0.14038  
  4 432.9615 636431.513735  x:  0.11259   5.23923   0.13762  
  5  0.0023 636431.509920  x:  0.11256   5.24515   0.13750  
  6  0.0039 636431.509308  x:  0.11257   5.24816   0.13757  
  7  0.0020 636431.509302  x:  0.11257   5.24822   0.13757  
  8  0.0001 636431.509302  x:  0.11257   5.24821   0.13757  
  9  0.0000 636431.509302  x:  0.11257   5.24822   0.13757  
 10  0.0000 636431.509302  x:  0.11257   5.24822   0.13757  
 11  0.0000 636431.509302  x:  0.11257   5.24822   0.13757  
check convergence!


4 (Bom_hyp) ... 3 (Bom_hor)
  0  0.0000 614909.122793  x:  0.06457   4.40669   0.17703  
  1 99.0000 614896.527174  x:  0.06817   4.40675   0.17469  
  2 5989.1339 614814.330956  x:  0.06788   4.40793   0.12994  
  3 4551.4389 614788.095732  x:  0.06777   5.34413   0.13644  
  4 62.7676 614787.742392  x:  0.06755   5.35171   0.13403  
  5  0.0101 614787.735663  x:  0.06747   5.35464   0.13419  
  6  0.0030 614787.735634  x:  0.06747   5.35573   0.13419  
  7  0.0008 614787.735634  x:  0.06747   5.35574   0.13419  

5 (Bom_mus) ... 1 (Apis_mel)
  0  0.0000 756523.344848  x:  0.46784   4.30486   0.13329  
  1 99.0000 755906.750063  x:  0.50971   4.30392   0.09775  
  2 20302.1738 755518.752549  x:  0.57030   4.30216   0.10773  
  3 22618.3030 755451.461257  x:  0.56628   3.81726   0.10629  
  4 260.3416 755431.763747  x:  0.57643   3.82994   0.10005  
  5  0.0171 755431.690541  x:  0.57737   3.82838   0.10013  
  6  0.0016 755431.690292  x:  0.57740   3.82910   0.10012  
  7  0.0008 755431.690291  x:  0.57740   3.82907   0.10012  
  8  0.0000 755431.690291  x:  0.57740   3.82907   0.10012  

5 (Bom_mus) ... 2 (Bom_con)
  0  0.0000 640036.299944  x:  0.12499   3.51876   0.15760  
  1 99.0000 640002.740596  x:  0.11721   3.51918   0.15290  
  2 7220.0834 639968.500664  x:  0.11920   3.52132   0.13257  
  3 3842.7292 639761.379698  x:  0.11939   5.25309   0.14695  
  4 303.9913 639759.453716  x:  0.11959   5.26531   0.14200  
  5  0.0131 639759.433927  x:  0.11963   5.28646   0.14204  
  6  0.0108 639759.433632  x:  0.11961   5.28692   0.14208  
  7  0.0005 639759.433632  x:  0.11961   5.28693   0.14208  
  8  0.0000 639759.433632  x:  0.11961   5.28692   0.14208  

5 (Bom_mus) ... 3 (Bom_hor)
  0  0.0000 616556.770586  x:  0.06743   4.32874   0.15491  
  1 99.0000 616549.020861  x:  0.07030   4.32877   0.15414  
  2 5299.0101 616537.776263  x:  0.07030   4.32955   0.13843  
  3 1455.9738 616516.529339  x:  0.07024   5.12969   0.14346  
  4 59.1261 616516.477048  x:  0.07023   5.12748   0.14241  
  5  0.0027 616516.477042  x:  0.07023   5.12725   0.14240  
  6  0.0002 616516.477041  x:  0.07023   5.12718   0.14240  
  7  0.0000 616516.477041  x:  0.07023   5.12718   0.14240  
check convergence!


5 (Bom_mus) ... 4 (Bom_hyp)
  0  0.0000 615038.554378  x:  0.07161   4.08956   0.17587  
  1 99.0000 615020.289209  x:  0.06726   4.08965   0.17368  
  2 7302.0289 614944.741569  x:  0.06823   4.09157   0.13116  
  3 3857.7596 614868.151052  x:  0.06817   5.68258   0.14336  
  4 117.9054 614866.994324  x:  0.06837   5.69112   0.13851  
  5  0.0121 614866.990819  x:  0.06842   5.69927   0.13848  
  6  0.0064 614866.990483  x:  0.06841   5.70245   0.13851  
  7  0.0023 614866.990483  x:  0.06841   5.70236   0.13851  
  8  0.0000 614866.990483  x:  0.06841   5.70236   0.13851  
  9  0.0001 614866.990483  x:  0.06841   5.70236   0.13851  
 10  0.3290 614866.990483  x:  0.06841   5.70236   0.13851  
check convergence!


6 (Bom_pas) ... 1 (Apis_mel)
  0  0.0000 757397.623195  x:  0.44829   4.75012   0.14304  
  1 99.0000 756343.347538  x:  0.50836   4.74850   0.09692  
  2 25021.3629 755881.925469  x:  0.56793   4.74634   0.11129  
  3 25987.1308 755649.196140  x:  0.56136   3.79978   0.10873  
  4 437.3902 755611.153106  x:  0.57667   3.82007   0.10012  
  5  0.0250 755611.036612  x:  0.57763   3.81204   0.10022  
  6  0.0079 755611.032996  x:  0.57778   3.81506   0.10022  
  7  0.0037 755611.032973  x:  0.57779   3.81502   0.10021  
  8  0.0000 755611.032973  x:  0.57779   3.81502   0.10021  

6 (Bom_pas) ... 2 (Bom_con)
  0  0.0000 641645.983716  x:  0.09867   3.53112   0.21323  
  1 99.0000 641334.061556  x:  0.12178   3.53145   0.20716  
  2 28193.8608 641008.050885  x:  0.12218   3.53530   0.13373  
  3 7849.7445 640806.509647  x:  0.12200   5.18793   0.15209  
  4 302.6672 640799.593484  x:  0.12200   5.23085   0.14287  
  5  0.0621 640799.458483  x:  0.12187   5.28494   0.14298  
  6  0.0283 640799.456023  x:  0.12191   5.28585   0.14312  
  7  0.0009 640799.455957  x:  0.12192   5.28610   0.14310  

6 (Bom_pas) ... 3 (Bom_hor)
  0  0.0000 617613.689289  x:  0.05951   4.45464   0.13764  
  1 99.0000 617453.024363  x:  0.07214   4.45466   0.13795  
  2 27343.3693 617452.271591  x:  0.07210   4.45529   0.14196  
  3 387.6321 617428.001516  x:  0.07204   5.33802   0.14656  
  4 63.1417 617427.984838  x:  0.07199   5.33355   0.14600  
  5  0.0040 617427.984804  x:  0.07199   5.33311   0.14601  
  6  0.0004 617427.984804  x:  0.07199   5.33311   0.14601  
check convergence!


6 (Bom_pas) ... 4 (Bom_hyp)
  0  0.0000 616275.321689  x:  0.06236   4.42750   0.17255  
  1 99.0000 616211.038456  x:  0.07041   4.42755   0.17144  
  2 16556.4964 616171.409741  x:  0.07055   4.42905   0.14067  
  3 2382.1377 616109.880491  x:  0.07044   5.97786   0.15110  
  4 97.5133 616109.222398  x:  0.07048   5.96397   0.14720  
  5  0.0165 616109.220812  x:  0.07049   5.95514   0.14712  
  6  0.0055 616109.220781  x:  0.07048   5.95481   0.14714  
  7  0.0003 616109.220780  x:  0.07048   5.95481   0.14714  
  8  0.0000 616109.220780  x:  0.07048   5.95481   0.14714  

6 (Bom_pas) ... 5 (Bom_mus)
  0  0.0000 587632.742582  x:  0.01905   4.64817   0.25433  
  1 99.0000 587595.626407  x:  0.02236   4.64818   0.25410  
  2 23670.8888 587462.901450  x:  0.02246   4.65150   0.13577  
  3 1719.8786 587441.170452  x:  0.02241   6.28757   0.15143  
  4 31.6475 587439.823626  x:  0.02243   6.36169   0.14223  
  5  0.1381 587439.802136  x:  0.02244   6.42661   0.14250  
  6  0.0372 587439.802058  x:  0.02244   6.42698   0.14254  
  7  0.0003 587439.802052  x:  0.02244   6.42661   0.14254  
  8  0.0011 587439.802050  x:  0.02244   6.42661   0.14254  
  9  0.0012 587439.802050  x:  0.02244   6.42661   0.14254  
check convergence!


7 (Bom_syl) ... 1 (Apis_mel)
  0  0.0000 758211.720275  x:  0.46944   5.28325   0.18763  
  1 99.0000 756501.062219  x:  0.50214   5.28170   0.10883  
  2 31641.3137 755992.141930  x:  0.59001   5.27700   0.10789  
  3 14733.1295 755494.514026  x:  0.57858   3.80302   0.10338  
  4 569.8085 755490.459153  x:  0.57806   3.80803   0.10076  
  5  0.0113 755489.872199  x:  0.57483   3.79260   0.10112  
  6  0.0161 755489.860728  x:  0.57474   3.79816   0.10116  
  7  0.0089 755489.860719  x:  0.57474   3.79815   0.10116  
  8  0.0000 755489.860719  x:  0.57474   3.79815   0.10116  

7 (Bom_syl) ... 2 (Bom_con)
  0  0.0000 640967.898049  x:  0.11671   3.37972   0.14213  
  1 99.0000 640954.742525  x:  0.12179   3.38010   0.14065  
  2 5073.5566 640948.525193  x:  0.12168   3.38230   0.13245  
  3 1511.2662 640694.779885  x:  0.12154   5.24324   0.14801  
  4 375.4337 640692.887363  x:  0.12171   5.25224   0.14309  
  5  0.0090 640692.868205  x:  0.12171   5.27319   0.14314  
  6  0.0099 640692.868141  x:  0.12171   5.27323   0.14317  
  7  0.0001 640692.868141  x:  0.12171   5.27323   0.14317  
  8  0.0000 640692.868141  x:  0.12171   5.27323   0.14317  

7 (Bom_syl) ... 3 (Bom_hor)
  0  0.0000 616935.793788  x:  0.07420   4.38124   0.19943  
  1 99.0000 616912.995740  x:  0.06928   4.38133   0.19594  
  2 7384.9139 616756.969884  x:  0.07070   4.38302   0.13216  
  3 6015.8896 616720.442888  x:  0.07072   5.46904   0.14068  
  4 76.8451 616719.453743  x:  0.07125   5.48201   0.13680  
  5  0.0182 616719.421934  x:  0.07142   5.48491   0.13718  
  6  0.0033 616719.421819  x:  0.07142   5.48691   0.13717  
  7  0.0015 616719.421817  x:  0.07142   5.48700   0.13717  
  8  0.0001 616719.421816  x:  0.07142   5.48711   0.13717  
  9  0.0000 616719.421816  x:  0.07142   5.48710   0.13717  

7 (Bom_syl) ... 4 (Bom_hyp)
  0  0.0000 615498.673962  x:  0.05711   4.57979   0.10298  
  1 99.0000 615317.195145  x:  0.07036   4.57982   0.10490  
  2 29343.9601 615277.831927  x:  0.06977   4.58031   0.12964  
  3 3561.6632 615229.275971  x:  0.06966   5.97570   0.13499  
  4 81.8098 615229.273614  x:  0.06961   5.97428   0.13492  
  5  0.0011 615229.273605  x:  0.06961   5.97399   0.13490  
  6  0.0002 615229.273605  x:  0.06961   5.97397   0.13490  
  7  0.0000 615229.273605  x:  0.06961   5.97397   0.13490  
check convergence!


7 (Bom_syl) ... 5 (Bom_mus)
  0  0.0000 613892.473155  x:  0.05141   4.80601   0.11320  
  1 99.0000 613639.938920  x:  0.06634   4.80603   0.11481  
  2 37086.2899 613595.216963  x:  0.06588   4.80642   0.14411  
  3 3420.3986 613565.342374  x:  0.06580   5.95827   0.14864  
  4 59.3283 613565.324210  x:  0.06567   5.95269   0.14877  
  5  0.0044 613565.324184  x:  0.06567   5.95164   0.14877  
  6  0.0007 613565.324184  x:  0.06567   5.95164   0.14877  
  7  0.0000 613565.324184  x:  0.06567   5.95165   0.14877  
  8  0.0198 613565.324184  x:  0.06567   5.95165   0.14877  
check convergence!


7 (Bom_syl) ... 6 (Bom_pas)
  0  0.0000 614728.569221  x:  0.05958   4.89006   0.14442  
  1 99.0000 614664.417789  x:  0.06743   4.89009   0.14477  
  2 17075.2080 614662.461486  x:  0.06736   4.89077   0.15165  
  3 587.3524 614630.730013  x:  0.06730   6.08889   0.15738  
  4 61.3411 614630.711264  x:  0.06729   6.08407   0.15668  
  5  0.0043 614630.711260  x:  0.06729   6.08370   0.15667  
  6  0.0003 614630.711259  x:  0.06729   6.08368   0.15667  
  7  0.0001 614630.711259  x:  0.06729   6.08368   0.15667  
  8  0.0000 614630.711259  x:  0.06729   6.08368   0.15667  
check convergence!


8 (Bom_vet) ... 1 (Apis_mel)
  0  0.0000 760776.131586  x:  0.55206   4.75174   0.26209  
  1 99.0000 756074.659620  x:  0.52499   4.75113   0.11084  
  2 42080.0635 755903.560165  x:  0.56489   4.74847   0.09556  
  3 8170.8338 755719.831113  x:  0.55504   4.06368   0.09369  
  4 390.6696 755607.689695  x:  0.57626   3.87218   0.10153  
  5  0.5439 755606.014693  x:  0.57669   3.80914   0.10051  
  6  0.0859 755605.894690  x:  0.57777   3.81814   0.10014  
  7  0.0094 755605.894684  x:  0.57777   3.81811   0.10014  
  8  0.0000 755605.894684  x:  0.57777   3.81812   0.10014  

8 (Bom_vet) ... 2 (Bom_con)
  0  0.0000 640760.554391  x:  0.11817   3.26860   0.21764  
  1 99.0000 640348.585924  x:  0.11421   3.27381   0.13396  
  2 7991.4414 640331.185736  x:  0.11977   3.27446   0.12928  
  3 7752.9657 640043.026924  x:  0.12070   5.15141   0.15331  
  4 396.2615 640032.590350  x:  0.11963   5.21405   0.14254  
  5  0.0915 640032.194431  x:  0.12024   5.28115   0.14216  
  6  0.0407 640032.142915  x:  0.12006   5.30365   0.14270  
  7  0.0157 640032.142413  x:  0.12005   5.30493   0.14264  
  8  0.0013 640032.142413  x:  0.12005   5.30499   0.14264  

8 (Bom_vet) ... 3 (Bom_hor)
  0  0.0000 616649.648021  x:  0.05706   4.46258   0.13181  
  1 99.0000 616472.966633  x:  0.07007   4.46260   0.13243  
  2 29335.4458 616467.707443  x:  0.06995   4.46302   0.14274  
  3 1059.3785 616451.980454  x:  0.06990   5.16630   0.14631  
  4 48.9549 616451.972808  x:  0.06982   5.16487   0.14617  
  5  0.0012 616451.972807  x:  0.06982   5.16488   0.14618  
  6  0.0000 616451.972807  x:  0.06982   5.16488   0.14618  

8 (Bom_vet) ... 4 (Bom_hyp)
  0  0.0000 615834.921798  x:  0.05670   4.38231   0.22723  
  1 99.0000 615679.462401  x:  0.06875   4.38237   0.22528  
  2 27383.9314 615435.321131  x:  0.06909   4.38500   0.13729  
  3 4601.2701 615379.829095  x:  0.06900   5.77236   0.14978  
  4 93.7032 615378.006863  x:  0.06904   5.80859   0.14354  
  5  0.0599 615377.989424  x:  0.06904   5.83866   0.14368  
  6  0.0181 615377.989415  x:  0.06904   5.83839   0.14369  
  7  0.0003 615377.989415  x:  0.06904   5.83835   0.14369  
  8  0.0000 615377.989415  x:  0.06904   5.83835   0.14369  

8 (Bom_vet) ... 5 (Bom_mus)
  0  0.0000 585801.365611  x:  0.02042   4.86334   0.19284  
  1 99.0000 585800.503388  x:  0.01992   4.86335   0.19264  
  2 3144.8486 585758.757532  x:  0.02003   4.86478   0.13173  
  3 1347.9658 585748.160780  x:  0.01999   6.10938   0.14012  
  4 19.4474 585747.960764  x:  0.02001   6.12835   0.13653  
  5  0.0284 585747.959399  x:  0.02002   6.14159   0.13654  
  6  0.0101 585747.959345  x:  0.02002   6.14350   0.13656  

8 (Bom_vet) ... 6 (Bom_pas)
  0  0.0000 587247.670426  x:  0.01820   4.81593   0.20164  
  1 99.0000 587196.918978  x:  0.02202   4.81594   0.20146  
  2 28479.5500 587140.956945  x:  0.02208   4.81809   0.13263  
  3 1359.0965 587114.239863  x:  0.02202   6.86860   0.14739  
  4 32.6204 587113.405965  x:  0.02203   6.89928   0.14005  
  5  0.0452 587113.401940  x:  0.02203   6.92980   0.13999  
  6  0.0170 587113.401827  x:  0.02203   6.93083   0.14007  
  7  0.0010 587113.401824  x:  0.02203   6.93077   0.14007  
  8  0.0004 587113.401823  x:  0.02203   6.93056   0.14007  
  9  0.0000 587113.401823  x:  0.02203   6.93056   0.14007  
 10  0.0002 587113.401823  x:  0.02203   6.93056   0.14007  
 11  1.2961 587113.401823  x:  0.02203   6.93056   0.14007  
check convergence!


8 (Bom_vet) ... 7 (Bom_syl)
  0  0.0000 613631.861894  x:  0.06043   5.53276   0.20950  
  1 99.0000 613606.923528  x:  0.06531   5.53278   0.20799  
  2 10038.8520 613508.232363  x:  0.06540   5.53356   0.15050  
  3 3267.9214 613502.107541  x:  0.06537   6.11883   0.15391  
  4 22.7363 613502.048409  x:  0.06532   6.11472   0.15270  
  5  0.0061 613502.046987  x:  0.06529   6.11044   0.15273  
  6  0.0041 613502.046986  x:  0.06529   6.11001   0.15273  
  7  0.0003 613502.046985  x:  0.06529   6.11016   0.15273  