

2 (And_ful) ... 1 (And_bic)
  0  0.0000 1012471.362092  x:  0.14513   1.61018   0.41855  
  1 99.0000 1002133.640470  x:  0.24526   1.66771   0.05297  
  2 33465.4141 1001867.892586  x:  0.24131   1.67016   0.03752  
  3 121617.0485 997792.410945  x:  0.16566   3.87864   0.06312  
  4 4448.4931 997772.607348  x:  0.16023   3.79395   0.06092  
  5  0.1031 997763.161967  x:  0.16183   3.65400   0.05753  
  6  0.0921 997762.097665  x:  0.16215   3.59925   0.05822  
  7  0.0229 997762.060736  x:  0.16190   3.59624   0.05827  
  8  0.0029 997762.060723  x:  0.16190   3.59645   0.05827  
  9  0.0002 997762.060723  x:  0.16190   3.59644   0.05827  

3 (And_hae) ... 1 (And_bic)
  0  0.0000 994788.418167  x:  0.14898   3.27267   0.09849  
  1 99.0000 994214.792961  x:  0.15445   3.27311   0.05787  
  2 23021.8584 994214.635498  x:  0.15394   3.27321   0.05779  
  3 594.9138 994202.461846  x:  0.15387   3.51189   0.05929  
  4 109.7366 994202.248256  x:  0.15401   3.51583   0.05868  
  5  0.0070 994202.248186  x:  0.15400   3.51627   0.05867  
  6  0.0004 994202.248186  x:  0.15400   3.51629   0.05867  

3 (And_hae) ... 2 (And_ful)
  0  0.0000 991946.618220  x:  0.16085   3.03275   0.07714  
  1 99.0000 991715.228508  x:  0.14745   3.03327   0.06043  
  2 20341.2773 991705.009142  x:  0.15021   3.03367   0.05696  
  3 4764.7549 991554.693684  x:  0.15088   3.91131   0.06131  
  4 401.7185 991554.274927  x:  0.15074   3.90977   0.06040  
  5  0.0019 991554.270648  x:  0.15083   3.90966   0.06037  
  6  0.0002 991554.270648  x:  0.15083   3.90972   0.06038  
  7  0.0000 991554.270648  x:  0.15083   3.90972   0.06038  
  8  0.0000 991554.270648  x:  0.15083   3.90972   0.06038  
check convergence!


4 (And_hat) ... 1 (And_bic)
  0  0.0000 974234.707080  x:  0.09552   3.57041   0.09063  
  1 99.0000 973804.423166  x:  0.11739   3.57043   0.08404  
  2 40631.4638 973682.498962  x:  0.11682   3.57046   0.06350  
  3 11440.9003 973680.094199  x:  0.11684   3.44595   0.06289  
  4 37.6205 973679.647948  x:  0.11611   3.44382   0.06319  
  5  0.0019 973679.643736  x:  0.11609   3.44436   0.06309  
  6  0.0008 973679.643734  x:  0.11609   3.44440   0.06309  
  7  0.0000 973679.643734  x:  0.11609   3.44440   0.06309  
check convergence!


4 (And_hat) ... 2 (And_ful)
  0  0.0000 996379.647227  x:  0.13120   3.13515   0.18732  
  1 99.0000 994691.319023  x:  0.18933   3.13703   0.11129  
  2 39518.5429 993567.865333  x:  0.18653   3.13835   0.05418  
  3 72470.5480 993345.837813  x:  0.18355   4.26244   0.06309  
  4 463.8176 992893.392311  x:  0.15418   4.15820   0.05812  
  5  0.1007 992885.229685  x:  0.15318   4.06699   0.06158  
  6  0.1504 992884.312829  x:  0.15352   3.99452   0.06100  
  7  0.0593 992884.304873  x:  0.15346   3.99232   0.06090  
  8  0.0024 992884.304802  x:  0.15346   3.99244   0.06090  
  9  0.0001 992884.304802  x:  0.15346   3.99244   0.06090  

4 (And_hat) ... 3 (And_hae)
  0  0.0000 993410.246342  x:  0.13204   3.59315   0.18761  
  1 99.0000 991466.712615  x:  0.18550   3.59466   0.08612  
  2 33346.7218 990930.919459  x:  0.17913   3.59513   0.05222  
  3 67625.0432 990843.073022  x:  0.17659   4.41676   0.05667  
  4 234.4718 990399.244904  x:  0.14794   4.06597   0.06132  
  5  0.4242 990397.758929  x:  0.14800   3.96366   0.06074  
  6  0.1008 990397.750797  x:  0.14804   3.96425   0.06062  
  7  0.0007 990397.750781  x:  0.14804   3.96409   0.06062  
  8  0.0002 990397.750781  x:  0.14804   3.96406   0.06062  

5 (And_mar) ... 1 (And_bic)
  0  0.0000 956752.095407  x:  0.08567   3.47270   0.17330  
  1 99.0000 955296.274598  x:  0.08430   3.47325   0.06132  
  2 17760.3351 955286.468067  x:  0.08724   3.47321   0.06017  
  3 7218.2644 955266.959532  x:  0.08709   3.11382   0.05632  
  4 102.5498 955264.057277  x:  0.08731   3.06433   0.05891  
  5  0.1823 955264.042056  x:  0.08733   3.07353   0.05901  
  6  0.0111 955264.042037  x:  0.08733   3.07341   0.05901  

5 (And_mar) ... 2 (And_ful)
  0  0.0000 998231.891975  x:  0.17151   2.72154   0.05958  
  1 99.0000 998167.952412  x:  0.16176   2.72206   0.05524  
  2 11717.4668 998167.070683  x:  0.16114   2.72265   0.05634  
  3 1285.0386 997959.512758  x:  0.16155   3.62727   0.06022  
  4 668.3756 997959.311786  x:  0.16145   3.62110   0.05962  
  5  0.0055 997959.310787  x:  0.16149   3.61989   0.05960  
  6  0.0011 997959.310732  x:  0.16148   3.61944   0.05960  
  7  0.0003 997959.310732  x:  0.16148   3.61944   0.05960  
check convergence!


5 (And_mar) ... 3 (And_hae)
  0  0.0000 994542.293909  x:  0.12734   3.24778   0.06278  
  1 99.0000 994110.179151  x:  0.15309   3.24787   0.06103  
  2 35890.3192 994106.503713  x:  0.15311   3.24800   0.05849  
  3 2706.6185 994090.806016  x:  0.15313   3.52188   0.05958  
  4 120.5988 994090.772732  x:  0.15316   3.52140   0.05932  
  5  0.0006 994090.772709  x:  0.15316   3.52144   0.05932  
  6  0.0000 994090.772709  x:  0.15316   3.52144   0.05932  

5 (And_mar) ... 4 (And_hat)
  0  0.0000 973132.102448  x:  0.11061   3.09603   0.11918  
  1 99.0000 972459.918604  x:  0.11765   3.09691   0.06319  
  2 19000.4631 972447.356965  x:  0.11395   3.09702   0.06142  
  3 6692.1385 972423.931724  x:  0.11356   3.45503   0.06438  
  4 139.0244 972423.843894  x:  0.11367   3.45901   0.06393  
  5  0.0077 972423.843460  x:  0.11365   3.45956   0.06392  
  6  0.0006 972423.843458  x:  0.11365   3.45967   0.06392  
  7  0.0001 972423.843458  x:  0.11365   3.45967   0.06392  

6 (And_tri) ... 1 (And_bic)
  0  0.0000 973448.082464  x:  0.10619   3.01011   0.18750  
  1 99.0000 971356.324679  x:  0.12637   3.01166   0.06340  
  2 23555.4799 971227.303776  x:  0.11706   3.01178   0.05092  
  3 31662.3225 971224.201376  x:  0.11644   3.12980   0.05214  
  4 45.8787 971171.469395  x:  0.11114   2.89907   0.05800  
  5  0.7613 971171.024389  x:  0.11130   2.92679   0.05891  
  6  0.0261 971171.019008  x:  0.11126   2.92364   0.05897  
  7  0.0032 971171.018993  x:  0.11126   2.92377   0.05897  

6 (And_tri) ... 2 (And_ful)
  0  0.0000 995541.144227  x:  0.15353   2.68706   0.15209  
  1 99.0000 993485.775287  x:  0.13372   2.68962   0.06235  
  2 33340.5289 993306.626216  x:  0.14468   2.69018   0.04931  
  3 32278.0094 993075.449157  x:  0.14881   3.60504   0.05785  
  4 591.8400 993066.356425  x:  0.15207   3.54300   0.05945  
  5  0.1064 993065.674988  x:  0.15254   3.53107   0.05836  
  6  0.0104 993065.670134  x:  0.15252   3.52619   0.05835  
  7  0.0034 993065.670124  x:  0.15251   3.52624   0.05835  
  8  0.0000 993065.670124  x:  0.15251   3.52624   0.05835  
check convergence!


6 (And_tri) ... 3 (And_hae)
  0  0.0000 992450.928563  x:  0.14673   3.04230   0.12591  
  1 99.0000 991202.651444  x:  0.13948   3.04342   0.05864  
  2 28137.7961 991161.763634  x:  0.14698   3.04363   0.05486  
  3 11272.3038 991115.003377  x:  0.14775   3.48925   0.05864  
  4 226.0413 991114.992289  x:  0.14787   3.48894   0.05855  
  5  0.0003 991114.992210  x:  0.14787   3.48878   0.05856  
  6  0.0003 991114.992210  x:  0.14787   3.48873   0.05856  
  7  0.0000 991114.992210  x:  0.14787   3.48873   0.05856  

6 (And_tri) ... 4 (And_hat)
  0  0.0000 971654.869404  x:  0.11693   3.31380   0.14514  
  1 99.0000 971140.498609  x:  0.09615   3.31415   0.11319  
  2 25131.7631 970494.609337  x:  0.10147   3.31471   0.06053  
  3 49860.5248 970488.615684  x:  0.10170   3.50883   0.06202  
  4 61.0687 970415.402558  x:  0.11045   3.40780   0.06415  
  5  0.1141 970414.399781  x:  0.11070   3.42369   0.06259  
  6  0.0291 970414.399071  x:  0.11072   3.42416   0.06257  
  7  0.0004 970414.399068  x:  0.11073   3.42416   0.06257  
  8  0.0000 970414.399068  x:  0.11073   3.42416   0.06257  

6 (And_tri) ... 5 (And_mar)
  0  0.0000 972904.636121  x:  0.08854   3.21639   0.19503  
  1 99.0000 972324.789353  x:  0.11342   3.21650   0.18132  
  2 44722.2455 970399.833332  x:  0.11427   3.21730   0.06282  
  3 28741.0355 970379.366801  x:  0.11440   2.91950   0.05906  
  4 128.1286 970364.035900  x:  0.11186   2.83198   0.06373  
  5  0.1463 970354.185616  x:  0.10903   2.88265   0.06157  
  6  0.0877 970354.164889  x:  0.10908   2.87991   0.06134  
  7  0.0030 970354.164783  x:  0.10908   2.88051   0.06134  
  8  0.0007 970354.164783  x:  0.10908   2.88051   0.06134  
  9  0.0000 970354.164783  x:  0.10908   2.88051   0.06134  
 10  0.0000 970354.164783  x:  0.10908   2.88051   0.06134  
 11  0.0439 970354.164783  x:  0.10908   2.88051   0.06134  
 12  0.0200 970354.164783  x:  0.10908   2.88051   0.06134  
check convergence!


7 (Bom_pas) ... 1 (And_bic)
  0  0.0000 1217799.954952  x:  1.04619   2.91706   0.12759  
  1 99.0000 1209986.430076  x:  1.03865   2.91847   0.05676  
  2 157020.0726 1209868.535988  x:  1.09542   3.02038   0.05126  
  3 1986.9009 1209100.876036  x:  1.10284   4.00989   0.05912  
  4 7471.8722 1209074.517827  x:  1.11800   4.09379   0.05604  
  5  0.0679 1209071.674917  x:  1.13052   4.12130   0.05590  
  6  0.0377 1209071.473568  x:  1.13026   4.14070   0.05598  
  7  0.0138 1209071.473527  x:  1.13031   4.14069   0.05598  
  8  0.0000 1209071.473527  x:  1.13031   4.14069   0.05598  

7 (Bom_pas) ... 2 (And_ful)
  0  0.0000 1214399.429516  x:  1.10340   3.76032   0.08254  
  1 99.0000 1212811.162674  x:  1.10221   3.76054   0.05681  
  2 105553.4886 1212748.094846  x:  1.15750   3.77324   0.05313  
  3 2282.7709 1212558.504081  x:  1.19186   4.43606   0.05334  
  4 674.0229 1212552.452448  x:  1.20049   4.43599   0.05413  
  5  0.0129 1212552.092507  x:  1.20483   4.43568   0.05381  
  6  0.0037 1212552.091822  x:  1.20492   4.43705   0.05381  
  7  0.0011 1212552.091822  x:  1.20493   4.43705   0.05381  

7 (Bom_pas) ... 3 (And_hae)
  0  0.0000 1212905.787008  x:  1.14655   3.73368   0.09489  
  1 99.0000 1209404.672085  x:  1.14292   3.73404   0.05483  
  2 138772.1477 1209370.585751  x:  1.10606   3.74988   0.05784  
  3 1633.1045 1209237.823942  x:  1.14595   4.28716   0.05704  
  4 592.6268 1209232.191973  x:  1.13751   4.28781   0.05627  
  5  0.0133 1209232.167632  x:  1.13657   4.28913   0.05636  
  6  0.0016 1209232.167609  x:  1.13658   4.28936   0.05636  

7 (Bom_pas) ... 4 (And_hat)
  0  0.0000 1223488.524538  x:  1.10613   3.85936   0.16607  
  1 99.0000 1209479.503846  x:  1.09070   3.86043   0.05716  
  2 164087.4344 1209472.402617  x:  1.10195   3.86398   0.05551  
  3 1170.8880 1209389.368212  x:  1.12387   4.29902   0.05560  
  4 458.9469 1209377.280667  x:  1.14514   4.30391   0.05580  
  5  0.0331 1209377.148300  x:  1.14676   4.30586   0.05557  
  6  0.0024 1209377.147923  x:  1.14688   4.30672   0.05557  
  7  0.0008 1209377.147922  x:  1.14687   4.30674   0.05557  
  8  0.0000 1209377.147922  x:  1.14687   4.30674   0.05557  

7 (Bom_pas) ... 5 (And_mar)
  0  0.0000 1209567.844543  x:  0.96872   3.59764   0.05485  
  1 99.0000 1209381.065019  x:  0.97012   3.59766   0.06273  
  2 49367.8904 1209023.413964  x:  1.09256   3.60296   0.05695  
  3 6433.3774 1208885.730144  x:  1.11671   4.12661   0.05720  
  4 568.2620 1208883.862535  x:  1.12284   4.13028   0.05632  
  5  0.0067 1208883.790559  x:  1.12459   4.13339   0.05633  
  6  0.0028 1208883.790549  x:  1.12460   4.13346   0.05633  
  7  0.0001 1208883.790549  x:  1.12460   4.13347   0.05633  

7 (Bom_pas) ... 6 (And_tri)
  0  0.0000 1208659.303862  x:  1.09321   3.69711   0.05553  
  1 99.0000 1208656.042425  x:  1.09328   3.69717   0.05654  
  2 6639.3827 1208624.371669  x:  1.14004   3.84099   0.05477  
  3 471.8850 1208560.055849  x:  1.12403   4.14575   0.05627  
  4 3400.6684 1208559.993848  x:  1.12473   4.14419   0.05612  
  5  0.0017 1208559.993817  x:  1.12477   4.14433   0.05611  
  6  0.0001 1208559.993817  x:  1.12477   4.14434   0.05611  