Supplemental results for CODEML (seqf: /home/yzliu/eDNA/faststorage/yzliu/DK_proj/data/ref_genome/ref_annotation/primary_transcripts/extracted_cds_new/new_transcript_id_8_bom_apis/bootstraps/cat.out.OG_cds_8_species_same_header_fas.shuf_211OG_895.phy  treef: xxx.trees)


pairwise comparison (Goldman & Yang 1994)
seq seq        N       S       dN       dS     dN/dS   Paras.
  2   1 174883.6  57028.4   0.0533   0.5877   0.0907   0.5542   4.1850   0.0907 -403976.941
  3   1 174524.0  57388.0   0.0525   0.5983   0.0878   0.5626   4.2240   0.0878 -404172.417
  3   2 170276.5  61635.5   0.0138   0.1079   0.1276   0.1163   5.4670   0.1276 -345590.487
  4   1 175068.9  56843.1   0.0516   0.5915   0.0873   0.5519   4.1734   0.0873 -402951.194
  4   2 170951.5  60960.5   0.0131   0.1036   0.1264   0.1106   5.2647   0.1264 -344034.177
  4   3 169820.1  62091.9   0.0071   0.0616   0.1152   0.0651   6.0353   0.1152 -331940.731
  5   1 175091.3  56820.7   0.0529   0.5957   0.0887   0.5576   4.1719   0.0887 -403774.819
  5   2 170863.6  61048.4   0.0144   0.1078   0.1338   0.1170   5.3583   0.1338 -345691.623
  5   3 170253.0  61659.0   0.0079   0.0622   0.1268   0.0670   5.6440   0.1268 -332706.626
  5   4 170834.7  61077.3   0.0078   0.0637   0.1217   0.0675   5.5193   0.1217 -332544.862
  6   1 175020.3  56891.7   0.0530   0.5962   0.0890   0.5588   4.1750   0.0890 -403927.259
  6   2 170795.9  61116.1   0.0147   0.1085   0.1351   0.1182   5.3626   0.1351 -346049.147
  6   3 169951.5  61960.5   0.0082   0.0619   0.1326   0.0677   5.8680   0.1326 -332970.036
  6   4 170541.6  61370.4   0.0080   0.0633   0.1270   0.0680   5.7299   0.1270 -332766.479
  6   5 170488.0  61424.0   0.0026   0.0203   0.1266   0.0218   5.8046   0.1266 -317885.443
  7   1 175063.0  56849.0   0.0532   0.5960   0.0892   0.5587   4.1810   0.0892 -404016.906
  7   2 170904.5  61007.5   0.0149   0.1094   0.1358   0.1192   5.3111   0.1358 -346388.000
  7   3 169902.1  62009.9   0.0079   0.0630   0.1251   0.0678   5.9622   0.1251 -332903.684
  7   4 170294.8  61617.2   0.0081   0.0637   0.1266   0.0685   6.0181   0.1266 -332865.765
  7   5 170671.7  61240.3   0.0081   0.0587   0.1376   0.0643   5.6755   0.1376 -331895.126
  7   6 170382.2  61529.8   0.0084   0.0577   0.1461   0.0645   5.8913   0.1461 -332069.489
  8   1 174989.7  56922.3   0.0529   0.5951   0.0889   0.5579   4.1751   0.0889 -403843.255
  8   2 170785.0  61127.0   0.0144   0.1076   0.1338   0.1169   5.3475   0.1338 -345730.536
  8   3 170114.6  61797.4   0.0080   0.0611   0.1301   0.0664   5.6873   0.1301 -332636.511
  8   4 170610.7  61301.3   0.0079   0.0634   0.1251   0.0677   5.6381   0.1251 -332714.303
  8   5 170691.1  61220.9   0.0022   0.0193   0.1145   0.0202   5.5867   0.1145 -317231.630
  8   6 170070.5  61841.5   0.0026   0.0202   0.1282   0.0218   6.1289   0.1282 -317920.432
  8   7 170504.0  61408.0   0.0082   0.0577   0.1416   0.0639   5.7452   0.1416 -331890.279

