

2 (Bom_con) ... 1 (Apis_mel)
  0  0.0000 416660.710817  x:  0.52341   1.58341   0.48835  
  1 99.0000 407671.164318  x:  0.35852   1.65905   0.11060  
  2 25478.9327 407350.979379  x:  0.37268   1.66624   0.08120  
  3 30407.2560 404277.194360  x:  0.48758   4.09141   0.12217  
  4 3922.3191 403983.716602  x:  0.54749   3.97535   0.09036  
  5  0.0785 403978.087265  x:  0.55490   4.13194   0.09191  
  6  0.0512 403977.072111  x:  0.55578   4.17042   0.09040  
  7  0.0364 403976.940881  x:  0.55418   4.18487   0.09072  
  8  0.0110 403976.940866  x:  0.55418   4.18501   0.09071  
  9  0.0001 403976.940866  x:  0.55418   4.18501   0.09071  

3 (Bom_hor) ... 1 (Apis_mel)
  0  0.0000 406343.202407  x:  0.53602   3.50467   0.20105  
  1 99.0000 404300.374048  x:  0.51610   3.50668   0.09097  
  2 26023.2571 404263.744017  x:  0.54317   3.50913   0.08326  
  3 2620.6351 404175.120268  x:  0.55577   4.25019   0.08687  
  4 266.2102 404172.580163  x:  0.56094   4.22838   0.08837  
  5  0.0506 404172.416976  x:  0.56264   4.22409   0.08776  
  6  0.0040 404172.416969  x:  0.56265   4.22397   0.08776  
  7  0.0001 404172.416969  x:  0.56265   4.22395   0.08776  

3 (Bom_hor) ... 2 (Bom_con)
  0  0.0000 345966.777804  x:  0.09250   3.50187   0.09271  
  1 99.0000 345743.911545  x:  0.11821   3.50209   0.09926  
  2 18337.3971 345719.299703  x:  0.11629   3.50319   0.11850  
  3 2818.6999 345590.584811  x:  0.11599   5.46401   0.12882  
  4 171.6675 345590.488321  x:  0.11637   5.46352   0.12768  
  5  0.0010 345590.487226  x:  0.11632   5.46568   0.12760  
  6  0.0015 345590.487190  x:  0.11632   5.46691   0.12761  
  7  0.0006 345590.487189  x:  0.11633   5.46698   0.12761  
  8  0.0001 345590.487188  x:  0.11633   5.46697   0.12761  
  9  0.0000 345590.487188  x:  0.11633   5.46697   0.12761  
 10  0.0000 345590.487188  x:  0.11633   5.46697   0.12761  
check convergence!


4 (Bom_hyp) ... 1 (Apis_mel)
  0  0.0000 405253.957322  x:  0.50155   4.39347   0.21886  
  1 99.0000 403097.332753  x:  0.49082   4.39384   0.09505  
  2 24117.6588 402988.454217  x:  0.53722   4.39284   0.08188  
  3 4721.1990 402984.556471  x:  0.53504   4.22221   0.08140  
  4 37.4597 402951.532602  x:  0.54884   4.16136   0.08797  
  5  0.2187 402951.196145  x:  0.55192   4.17704   0.08733  
  6  0.0137 402951.193670  x:  0.55190   4.17329   0.08728  
  7  0.0040 402951.193658  x:  0.55189   4.17340   0.08728  

4 (Bom_hyp) ... 2 (Bom_con)
  0  0.0000 344117.259874  x:  0.11638   3.75842   0.11172  
  1 99.0000 344107.063314  x:  0.11056   3.75862   0.11315  
  2 3279.4454 344104.767997  x:  0.11068   3.75962   0.11965  
  3 769.2820 344034.277640  x:  0.11070   5.28425   0.12778  
  4 117.3591 344034.178028  x:  0.11056   5.26922   0.12640  
  5  0.0127 344034.177393  x:  0.11060   5.26602   0.12634  
  6  0.0027 344034.177333  x:  0.11059   5.26470   0.12636  

4 (Bom_hyp) ... 3 (Bom_hor)
  0  0.0000 332224.262197  x:  0.05967   4.22661   0.21603  
  1 99.0000 332202.275265  x:  0.06602   4.22672   0.21236  
  2 6307.9269 331984.804871  x:  0.06618   4.22964   0.10848  
  3 4236.5397 331943.945607  x:  0.06594   5.86658   0.12359  
  4 59.8812 331940.896407  x:  0.06553   5.95631   0.11444  
  5  0.1606 331940.739237  x:  0.06504   6.00676   0.11510  
  6  0.0439 331940.730857  x:  0.06508   6.03560   0.11514  
  7  0.0169 331940.730837  x:  0.06508   6.03534   0.11517  
  8  0.0003 331940.730837  x:  0.06508   6.03532   0.11517  
  9  0.0000 331940.730837  x:  0.06508   6.03532   0.11517  

5 (Bom_mus) ... 1 (Apis_mel)
  0  0.0000 405580.115548  x:  0.51023   4.79368   0.20000  
  1 99.0000 403943.845913  x:  0.50377   4.79346   0.09664  
  2 22922.2357 403839.319362  x:  0.55337   4.79134   0.08421  
  3 4315.1354 403799.176225  x:  0.54599   4.19413   0.08280  
  4 124.2562 403774.944831  x:  0.55587   4.15159   0.08899  
  5  0.1294 403774.823516  x:  0.55737   4.17549   0.08881  
  6  0.0264 403774.818744  x:  0.55760   4.17191   0.08873  
  7  0.0036 403774.818734  x:  0.55759   4.17193   0.08873  

5 (Bom_mus) ... 2 (Bom_con)
  0  0.0000 345805.623189  x:  0.12048   3.76151   0.10415  
  1 99.0000 345782.248461  x:  0.11359   3.76202   0.11698  
  2 3245.9155 345773.955313  x:  0.11741   3.76257   0.12500  
  3 2952.0282 345691.821291  x:  0.11777   5.36105   0.13301  
  4 127.3764 345691.624738  x:  0.11695   5.36031   0.13359  
  5  0.0011 345691.622713  x:  0.11696   5.35920   0.13379  
  6  0.0009 345691.622696  x:  0.11696   5.35838   0.13378  
  7  0.0005 345691.622696  x:  0.11696   5.35833   0.13378  

5 (Bom_mus) ... 3 (Bom_hor)
  0  0.0000 332952.646575  x:  0.05289   4.40588   0.19476  
  1 99.0000 332835.592718  x:  0.06666   4.40592   0.19296  
  2 18335.6366 332728.977861  x:  0.06695   4.40769   0.12192  
  3 2507.7637 332707.251403  x:  0.06688   5.59718   0.13125  
  4 41.8979 332706.630434  x:  0.06693   5.62423   0.12673  
  5  0.0433 332706.625620  x:  0.06697   5.64371   0.12681  
  6  0.0129 332706.625604  x:  0.06696   5.64400   0.12682  
  7  0.0002 332706.625604  x:  0.06696   5.64408   0.12682  
  8  0.0000 332706.625604  x:  0.06696   5.64402   0.12682  

5 (Bom_mus) ... 4 (Bom_hyp)
  0  0.0000 332745.238728  x:  0.05384   4.52020   0.17658  
  1 99.0000 332637.124444  x:  0.06720   4.52024   0.17486  
  2 17401.1104 332559.534646  x:  0.06745   4.52144   0.11805  
  3 2340.6028 332545.154532  x:  0.06739   5.49656   0.12463  
  4 33.0808 332544.863054  x:  0.06743   5.51079   0.12165  
  5  0.0219 332544.862000  x:  0.06746   5.51909   0.12167  
  6  0.0060 332544.861997  x:  0.06745   5.51924   0.12167  
  7  0.0001 332544.861997  x:  0.06745   5.51928   0.12167  
  8  0.0000 332544.861997  x:  0.06745   5.51928   0.12167  
check convergence!


6 (Bom_pas) ... 1 (Apis_mel)
  0  0.0000 406007.395178  x:  0.41878   4.41081   0.19901  
  1 99.0000 404270.438502  x:  0.46640   4.41067   0.09400  
  2 22196.5445 403959.314662  x:  0.54880   4.40941   0.09845  
  3 9288.5853 403947.153511  x:  0.54728   4.11152   0.09689  
  4 77.3806 403927.465223  x:  0.55630   4.16745   0.08895  
  5  0.1319 403927.259293  x:  0.55879   4.17647   0.08898  
  6  0.0073 403927.258774  x:  0.55881   4.17507   0.08895  
  7  0.0015 403927.258773  x:  0.55881   4.17502   0.08895  
  8  0.0001 403927.258773  x:  0.55881   4.17502   0.08895  

6 (Bom_pas) ... 2 (Bom_con)
  0  0.0000 346534.372868  x:  0.09262   3.54824   0.19787  
  1 99.0000 346321.633464  x:  0.11782   3.54853   0.19236  
  2 18018.1527 346162.906761  x:  0.11826   3.55191   0.12598  
  3 4175.2974 346052.932655  x:  0.11808   5.26100   0.14378  
  4 160.6443 346049.221890  x:  0.11818   5.30422   0.13492  
  5  0.0607 346049.147547  x:  0.11818   5.36275   0.13500  
  6  0.0293 346049.146731  x:  0.11818   5.36263   0.13513  
  7  0.0002 346049.146731  x:  0.11818   5.36256   0.13513  
  8  0.0001 346049.146731  x:  0.11818   5.36256   0.13513  

6 (Bom_pas) ... 3 (Bom_hor)
  0  0.0000 333090.308737  x:  0.05516   4.49212   0.13442  
  1 99.0000 332997.592785  x:  0.06767   4.49215   0.13420  
  2 15966.2832 332996.026810  x:  0.06773   4.49298   0.12694  
  3 411.9200 332970.115932  x:  0.06763   5.86197   0.13425  
  4 44.9026 332970.036291  x:  0.06765   5.86380   0.13258  
  5  0.0024 332970.036101  x:  0.06766   5.86763   0.13255  
  6  0.0026 332970.036095  x:  0.06766   5.86797   0.13257  
  7  0.0003 332970.036095  x:  0.06766   5.86802   0.13256  
  8  0.0000 332970.036095  x:  0.06766   5.86802   0.13256  
check convergence!


6 (Bom_pas) ... 4 (Bom_hyp)
  0  0.0000 332971.049768  x:  0.06371   4.76164   0.22438  
  1 99.0000 332955.441743  x:  0.06916   4.76171   0.22030  
  2 4721.1089 332779.509781  x:  0.06908   4.76347   0.12311  
  3 4413.2968 332767.406620  x:  0.06894   5.69249   0.13050  
  4 28.8188 332766.583409  x:  0.06836   5.72599   0.12608  
  5  0.0524 332766.479104  x:  0.06796   5.72821   0.12703  
  6  0.0029 332766.479065  x:  0.06796   5.72978   0.12702  
  7  0.0013 332766.479064  x:  0.06796   5.72992   0.12702  
  8  0.0001 332766.479064  x:  0.06796   5.72993   0.12702  
  9  0.0000 332766.479064  x:  0.06796   5.72993   0.12702  
 10  0.0000 332766.479064  x:  0.06796   5.72993   0.12702  
 11  0.0352 332766.479064  x:  0.06796   5.72993   0.12702  
 12  0.0124 332766.479064  x:  0.06796   5.72993   0.12702  
check convergence!


6 (Bom_pas) ... 5 (Bom_mus)
  0  0.0000 317892.215011  x:  0.02264   4.66961   0.11891  
  1 99.0000 317891.209531  x:  0.02186   4.66961   0.11893  
  2 2537.6592 317891.097528  x:  0.02185   4.67013   0.12218  
  3 69.4590 317885.445495  x:  0.02179   5.81251   0.12712  
  4 11.6731 317885.442560  x:  0.02180   5.80651   0.12658  
  5  0.0054 317885.442546  x:  0.02180   5.80534   0.12657  
  6  0.0009 317885.442541  x:  0.02180   5.80457   0.12657  
  7  0.0005 317885.442541  x:  0.02180   5.80457   0.12657  
check convergence!


7 (Bom_syl) ... 1 (Apis_mel)
  0  0.0000 404965.120361  x:  0.43324   4.54252   0.14171  
  1 99.0000 404372.354335  x:  0.46879   4.54207   0.09149  
  2 16214.0622 404052.729199  x:  0.55037   4.54056   0.09779  
  3 11296.0378 404033.365260  x:  0.54773   4.15235   0.09654  
  4 94.3357 404017.060548  x:  0.55643   4.17815   0.08936  
  5  0.0392 404016.906489  x:  0.55872   4.18070   0.08919  
  6  0.0027 404016.906020  x:  0.55870   4.18099   0.08923  
  7  0.0003 404016.906020  x:  0.55869   4.18095   0.08923  
  8  0.0000 404016.906020  x:  0.55869   4.18095   0.08923  

7 (Bom_syl) ... 2 (Bom_con)
  0  0.0000 346745.915752  x:  0.11275   3.51650   0.07445  
  1 99.0000 346541.056082  x:  0.12854   3.51689   0.10958  
  2 12055.9767 346505.894896  x:  0.11802   3.51739   0.12058  
  3 5280.5572 346392.552152  x:  0.11737   5.30420   0.12756  
  4 162.3621 346388.289374  x:  0.12009   5.31753   0.13430  
  5  0.0084 346388.001247  x:  0.11921   5.31539   0.13574  
  6  0.0024 346388.000227  x:  0.11924   5.31283   0.13584  
  7  0.0021 346388.000146  x:  0.11923   5.31108   0.13583  

7 (Bom_syl) ... 3 (Bom_hor)
  0  0.0000 333162.201366  x:  0.05399   4.50353   0.19618  
  1 99.0000 333051.247966  x:  0.06753   4.50358   0.19421  
  2 17599.2149 332931.938540  x:  0.06783   4.50546   0.11979  
  3 2661.8561 332904.619538  x:  0.06774   5.89515   0.13042  
  4 45.8844 332903.693626  x:  0.06779   5.93163   0.12497  
  5  0.0588 332903.684359  x:  0.06782   5.96220   0.12509  
  6  0.0187 332903.684340  x:  0.06781   5.96210   0.12511  
  7  0.0001 332903.684339  x:  0.06781   5.96217   0.12510  

7 (Bom_syl) ... 4 (Bom_hyp)
  0  0.0000 333150.296373  x:  0.05934   4.78730   0.23566  
  1 99.0000 333103.702732  x:  0.06842   4.78735   0.23293  
  2 10344.8276 332884.560483  x:  0.06878   4.78957   0.12205  
  3 3285.0764 332866.680261  x:  0.06870   5.94288   0.13165  
  4 35.0552 332865.780552  x:  0.06863   5.99132   0.12637  
  5  0.0968 332865.765570  x:  0.06849   6.01437   0.12654  
  6  0.0181 332865.765366  x:  0.06850   6.01806   0.12655  
  7  0.0027 332865.765366  x:  0.06850   6.01806   0.12655  
check convergence!


7 (Bom_syl) ... 5 (Bom_mus)
  0  0.0000 331946.121835  x:  0.05843   4.76710   0.16539  
  1 99.0000 331926.391995  x:  0.06424   4.76713   0.16436  
  2 6915.3026 331905.809938  x:  0.06433   4.76793   0.13494  
  3 1272.3180 331895.316423  x:  0.06428   5.69914   0.14042  
  4 25.9781 331895.126370  x:  0.06429   5.68421   0.13762  
  5  0.0185 331895.125556  x:  0.06429   5.67547   0.13757  
  6  0.0066 331895.125554  x:  0.06429   5.67542   0.13758  
  7  0.0001 331895.125553  x:  0.06429   5.67547   0.13758  
  8  0.0000 331895.125553  x:  0.06429   5.67547   0.13758  
check convergence!


7 (Bom_syl) ... 6 (Bom_pas)
  0  0.0000 332154.162772  x:  0.05500   4.59559   0.16121  
  1 99.0000 332100.182311  x:  0.06441   4.59562   0.16061  
  2 12113.2686 332091.171947  x:  0.06452   4.59666   0.14091  
  3 840.0942 332069.654001  x:  0.06444   5.87830   0.14875  
  4 38.9156 332069.489140  x:  0.06448   5.88405   0.14607  
  5  0.0068 332069.488611  x:  0.06449   5.89122   0.14608  
  6  0.0047 332069.488608  x:  0.06449   5.89130   0.14609  
  7  0.0001 332069.488608  x:  0.06449   5.89132   0.14609  
  8  0.0001 332069.488608  x:  0.06449   5.89134   0.14609  

8 (Bom_vet) ... 1 (Apis_mel)
  0  0.0000 406135.143419  x:  0.41230   4.68096   0.20595  
  1 99.0000 404211.804565  x:  0.46801   4.68047   0.09385  
  2 22520.5641 403911.710197  x:  0.54534   4.67879   0.10081  
  3 9415.7659 403870.027721  x:  0.54283   4.10915   0.09808  
  4 135.6799 403843.563055  x:  0.55488   4.17147   0.08884  
  5  0.1422 403843.255761  x:  0.55785   4.17478   0.08890  
  6  0.0035 403843.255323  x:  0.55788   4.17501   0.08886  
  7  0.0003 403843.255322  x:  0.55787   4.17507   0.08886  
  8  0.0001 403843.255322  x:  0.55787   4.17507   0.08886  

8 (Bom_vet) ... 2 (Bom_con)
  0  0.0000 345828.394489  x:  0.11892   3.71871   0.13978  
  1 99.0000 345823.150116  x:  0.11510   3.71908   0.13635  
  2 1953.6991 345817.161689  x:  0.11676   3.72048   0.12575  
  3 1537.2967 345731.019857  x:  0.11691   5.32939   0.13700  
  4 134.0346 345730.539259  x:  0.11686   5.33569   0.13380  
  5  0.0067 345730.536227  x:  0.11689   5.34691   0.13382  
  6  0.0063 345730.536158  x:  0.11688   5.34745   0.13384  
  7  0.0005 345730.536158  x:  0.11688   5.34745   0.13384  

8 (Bom_vet) ... 3 (Bom_hor)
  0  0.0000 332771.641302  x:  0.06676   4.28775   0.19636  
  1 99.0000 332754.514842  x:  0.06172   4.28807   0.18500  
  2 2641.7942 332667.887900  x:  0.06436   4.28987   0.12303  
  3 11989.3853 332638.552337  x:  0.06460   5.66909   0.13403  
  4 49.8511 332636.560643  x:  0.06620   5.68399   0.12905  
  5  0.0173 332636.510987  x:  0.06636   5.68443   0.13014  
  6  0.0016 332636.510869  x:  0.06637   5.68666   0.13012  
  7  0.0018 332636.510862  x:  0.06637   5.68726   0.13013  

8 (Bom_vet) ... 4 (Bom_hyp)
  0  0.0000 332856.111874  x:  0.06225   4.61621   0.19472  
  1 99.0000 332837.111523  x:  0.06826   4.61626   0.19198  
  2 6036.1007 332729.060932  x:  0.06829   4.61769   0.12108  
  3 3026.4604 332714.743074  x:  0.06819   5.61005   0.12826  
  4 32.3167 332714.323817  x:  0.06793   5.62988   0.12483  
  5  0.0306 332714.303341  x:  0.06774   5.63609   0.12512  
  6  0.0061 332714.303298  x:  0.06774   5.63805   0.12512  
  7  0.0014 332714.303297  x:  0.06774   5.63806   0.12512  
  8  0.0000 332714.303297  x:  0.06774   5.63805   0.12512  
  9  0.0000 332714.303297  x:  0.06774   5.63805   0.12512  

8 (Bom_vet) ... 5 (Bom_mus)
  0  0.0000 317239.157825  x:  0.02130   4.47321   0.10947  
  1 99.0000 317237.165683  x:  0.02024   4.47322   0.10947  
  2 3674.0736 317237.151390  x:  0.02023   4.47389   0.11061  
  3 22.1024 317231.633592  x:  0.02017   5.58894   0.11511  
  4 15.4086 317231.630007  x:  0.02019   5.58659   0.11456  
  5  0.0023 317231.629999  x:  0.02018   5.58663   0.11455  
  6  0.0000 317231.629999  x:  0.02018   5.58667   0.11455  
  7  0.0000 317231.629999  x:  0.02018   5.58667   0.11455  
  8  0.0000 317231.629999  x:  0.02018   5.58667   0.11455  
  9  0.0752 317231.629999  x:  0.02018   5.58667   0.11455  

8 (Bom_vet) ... 6 (Bom_pas)
  0  0.0000 317976.733711  x:  0.02325   4.70330   0.20484  
  1 99.0000 317972.795173  x:  0.02171   4.70331   0.20455  
  2 4878.6137 317928.609163  x:  0.02184   4.70518   0.12390  
  3 900.9594 317920.806591  x:  0.02179   6.06165   0.13425  
  4 13.4012 317920.434127  x:  0.02181   6.09957   0.12811  
  5  0.0640 317920.431664  x:  0.02182   6.12736   0.12820  
  6  0.0186 317920.431638  x:  0.02181   6.12886   0.12821  
  7  0.0019 317920.431637  x:  0.02181   6.12887   0.12822  
  8  0.0001 317920.431635  x:  0.02181   6.12890   0.12822  
  9  0.0016 317920.431635  x:  0.02181   6.12890   0.12822  
 10  0.0000 317920.431635  x:  0.02181   6.12890   0.12822  
 11  0.0000 317920.431635  x:  0.02181   6.12890   0.12822  
 12  2.0065 317920.431635  x:  0.02181   6.12890   0.12822  
 13  0.0839 317920.431633  x:  0.02181   6.12890   0.12822  
 14  1.4308 317920.431633  x:  0.02181   6.12890   0.12822  
check convergence!


8 (Bom_vet) ... 7 (Bom_syl)
  0  0.0000 331904.492066  x:  0.06556   4.91606   0.15149  
  1 99.0000 331902.464900  x:  0.06366   4.91609   0.15088  
  2 1991.2634 331898.677791  x:  0.06393   4.91665   0.13833  
  3 619.1335 331890.312417  x:  0.06388   5.77038   0.14274  
  4 22.2726 331890.279864  x:  0.06390   5.75116   0.14157  
  5  0.0199 331890.279475  x:  0.06390   5.74517   0.14158  
  6  0.0047 331890.279475  x:  0.06390   5.74525   0.14159  
  7  0.0000 331890.279474  x:  0.06390   5.74523   0.14158  
  8  0.0001 331890.279474  x:  0.06390   5.74523   0.14158  
check convergence!
