

2 (Bom_con) ... 1 (Apis_mel)
  0  0.0000 444877.034079  x:  0.44030   1.58279   0.38907  
  1 99.0000 437780.689967  x:  0.49031   1.63813   0.09611  
  2 25719.9630 437500.836365  x:  0.57104   1.68238   0.09415  
  3 6970.8955 436497.634487  x:  0.52380   2.54621   0.15177  
  4 3436.5672 435606.379214  x:  0.55052   3.04761   0.09673  
  5  1.1916 435418.053198  x:  0.57401   3.65504   0.11379  
  6  0.2987 435366.524750  x:  0.58144   3.95839   0.10329  
  7  0.2462 435364.026312  x:  0.57776   4.03795   0.10555  
  8  0.0567 435363.982902  x:  0.57778   4.04739   0.10527  
  9  0.0091 435363.982859  x:  0.57781   4.04766   0.10527  

3 (Bom_hor) ... 1 (Apis_mel)
  0  0.0000 439244.773747  x:  0.43434   3.64795   0.20864  
  1 99.0000 437458.899554  x:  0.49898   3.64907   0.10476  
  2 22549.7209 437167.168925  x:  0.56782   3.64965   0.11572  
  3 10313.9351 437150.751963  x:  0.56911   3.93425   0.11773  
  4 118.8598 437088.875371  x:  0.59296   3.99797   0.10261  
  5  0.1055 437087.573948  x:  0.59807   4.03993   0.10328  
  6  0.0349 437087.558589  x:  0.59850   4.04063   0.10306  
  7  0.0009 437087.558568  x:  0.59851   4.04035   0.10306  
  8  0.0002 437087.558568  x:  0.59851   4.04034   0.10306  

3 (Bom_hor) ... 2 (Bom_con)
  0  0.0000 371174.441545  x:  0.13290   3.67035   0.20874  
  1 99.0000 371068.811225  x:  0.11638   3.67143   0.18079  
  2 6197.2807 370893.710730  x:  0.12322   3.67387   0.12075  
  3 13615.3655 370799.457653  x:  0.12451   5.19517   0.13562  
  4 152.4035 370790.747087  x:  0.12971   5.18623   0.12957  
  5  0.0122 370790.688785  x:  0.12986   5.18034   0.13047  
  6  0.0080 370790.687888  x:  0.12987   5.17479   0.13042  
  7  0.0032 370790.687881  x:  0.12987   5.17467   0.13043  

4 (Bom_hyp) ... 1 (Apis_mel)
  0  0.0000 435933.557456  x:  0.46684   4.15533   0.12303  
  1 99.0000 435411.100961  x:  0.57253   4.15406   0.09625  
  2 10283.3369 435383.156305  x:  0.58034   4.15389   0.10424  
  3 6899.7469 435380.927030  x:  0.57930   4.03645   0.10394  
  4 37.1647 435380.239909  x:  0.58391   4.04034   0.10301  
  5  0.0044 435380.239118  x:  0.58383   4.04053   0.10298  
  6  0.0002 435380.239117  x:  0.58383   4.04050   0.10297  
  7  0.0000 435380.239117  x:  0.58383   4.04050   0.10297  

4 (Bom_hyp) ... 2 (Bom_con)
  0  0.0000 367083.691861  x:  0.09335   3.59500   0.20808  
  1 99.0000 366915.765943  x:  0.11521   3.59531   0.20104  
  2 15861.0637 366654.450091  x:  0.11563   3.59891   0.11716  
  3 5474.5186 366548.579959  x:  0.11538   5.25069   0.13523  
  4 157.8981 366543.122920  x:  0.11513   5.31599   0.12528  
  5  0.1014 366542.960049  x:  0.11466   5.38133   0.12574  
  6  0.0392 366542.952214  x:  0.11479   5.39236   0.12579  
  7  0.0073 366542.952200  x:  0.11479   5.39292   0.12579  
  8  0.0006 366542.952200  x:  0.11479   5.39293   0.12579  

4 (Bom_hyp) ... 3 (Bom_hor)
  0  0.0000 355954.680812  x:  0.07584   4.33247   0.11817  
  1 99.0000 355952.073138  x:  0.07356   4.33250   0.11923  
  2 2039.9183 355947.876394  x:  0.07382   4.33282   0.12996  
  3 966.2165 355939.713813  x:  0.07376   4.96027   0.13285  
  4 28.1362 355939.711350  x:  0.07372   4.95868   0.13307  
  5  0.0015 355939.711328  x:  0.07373   4.95820   0.13308  
  6  0.0004 355939.711327  x:  0.07373   4.95812   0.13308  

5 (Bom_mus) ... 1 (Apis_mel)
  0  0.0000 438108.814161  x:  0.56797   4.19728   0.22030  
  1 99.0000 436318.653339  x:  0.54943   4.19780   0.11016  
  2 23568.6475 436265.267994  x:  0.58367   4.19686   0.09977  
  3 3054.6682 436262.848750  x:  0.58176   4.07205   0.09935  
  4 36.3922 436249.369103  x:  0.59116   4.04339   0.10403  
  5  0.0763 436249.288180  x:  0.59221   4.05142   0.10356  
  6  0.0074 436249.287854  x:  0.59223   4.05015   0.10355  
  7  0.0013 436249.287854  x:  0.59224   4.05015   0.10355  

5 (Bom_mus) ... 2 (Bom_con)
  0  0.0000 369581.331139  x:  0.11216   3.57315   0.11413  
  1 99.0000 369524.794465  x:  0.12570   3.57342   0.11745  
  2 8454.2221 369518.702891  x:  0.12479   3.57474   0.12734  
  3 1289.3336 369397.084228  x:  0.12474   5.34736   0.13803  
  4 177.3203 369396.924171  x:  0.12495   5.34782   0.13630  
  5  0.0014 369396.923219  x:  0.12491   5.35145   0.13625  
  6  0.0026 369396.923132  x:  0.12492   5.35295   0.13628  
  7  0.0010 369396.923131  x:  0.12492   5.35299   0.13628  

5 (Bom_mus) ... 3 (Bom_hor)
  0  0.0000 357694.237669  x:  0.06923   4.42235   0.22525  
  1 99.0000 357652.792804  x:  0.07819   4.42239   0.22270  
  2 9285.2471 357532.843373  x:  0.07842   4.42352   0.14527  
  3 2773.4344 357531.043023  x:  0.07841   4.69902   0.14781  
  4 13.4919 357530.994093  x:  0.07834   4.70292   0.14659  
  5  0.0067 357530.991739  x:  0.07827   4.70323   0.14666  

5 (Bom_mus) ... 4 (Bom_hyp)
  0  0.0000 354784.650365  x:  0.06516   3.96009   0.17162  
  1 99.0000 354767.814337  x:  0.07066   3.96016   0.17006  
  2 6053.7820 354733.751511  x:  0.07071   3.96187   0.13330  
  3 1798.7241 354699.114163  x:  0.07057   5.25317   0.14388  
  4 63.6649 354698.711505  x:  0.07057   5.25999   0.14014  
  5  0.0094 354698.710614  x:  0.07055   5.26690   0.14012  
  6  0.0046 354698.710589  x:  0.07055   5.26747   0.14014  
  7  0.0005 354698.710589  x:  0.07056   5.26749   0.14014  
  8  0.0000 354698.710589  x:  0.07056   5.26749   0.14014  

6 (Bom_pas) ... 1 (Apis_mel)
  0  0.0000 436583.228135  x:  0.51226   4.27541   0.12380  
  1 99.0000 436444.362107  x:  0.54037   4.27480   0.10162  
  2 7237.3185 436321.462873  x:  0.58954   4.27353   0.10744  
  3 10229.2886 436311.705504  x:  0.58694   4.02515   0.10675  
  4 75.9459 436308.881957  x:  0.59189   4.03054   0.10359  
  5  0.0079 436308.875462  x:  0.59231   4.03032   0.10360  
  6  0.0004 436308.875459  x:  0.59231   4.03043   0.10360  

6 (Bom_pas) ... 2 (Bom_con)
  0  0.0000 370105.463951  x:  0.10457   3.43165   0.15026  
  1 99.0000 369953.219886  x:  0.12651   3.43199   0.14709  
  2 14731.1757 369925.208804  x:  0.12671   3.43428   0.12414  
  3 2305.9876 369775.112595  x:  0.12658   5.42541   0.14109  
  4 206.5312 369772.896494  x:  0.12686   5.39420   0.13442  
  5  0.0318 369772.886030  x:  0.12694   5.37603   0.13423  
  6  0.0099 369772.885351  x:  0.12692   5.37372   0.13431  
  7  0.0020 369772.885334  x:  0.12691   5.37356   0.13431  
  8  0.0001 369772.885334  x:  0.12691   5.37356   0.13431  
  9  0.0000 369772.885334  x:  0.12691   5.37356   0.13431  
 10  0.0065 369772.885334  x:  0.12691   5.37356   0.13431  

6 (Bom_pas) ... 3 (Bom_hor)
  0  0.0000 358279.075499  x:  0.06708   4.40557   0.23846  
  1 99.0000 358193.692731  x:  0.07983   4.40561   0.23583  
  2 13948.6293 358029.590621  x:  0.08021   4.40719   0.14380  
  3 3000.8597 358025.370211  x:  0.08018   4.82712   0.14794  
  4 21.0358 358025.267837  x:  0.08019   4.83659   0.14616  
  5  0.0178 358025.267762  x:  0.08019   4.83837   0.14615  
  6  0.0016 358025.267762  x:  0.08019   4.83841   0.14615  
  7  0.0000 358025.267762  x:  0.08019   4.83840   0.14615  

6 (Bom_pas) ... 4 (Bom_hyp)
  0  0.0000 355426.048635  x:  0.07087   4.13776   0.15747  
  1 99.0000 355422.805437  x:  0.07340   4.13785   0.15598  
  2 2256.2456 355410.020963  x:  0.07313   4.13912   0.13471  
  3 1489.1704 355379.398703  x:  0.07296   5.78023   0.14631  
  4 59.1708 355377.584325  x:  0.07292   5.49912   0.13992  
  5  0.2146 355377.459628  x:  0.07292   5.43451   0.14115  
  6  0.0591 355377.459464  x:  0.07293   5.43633   0.14121  
  7  0.0019 355377.459464  x:  0.07293   5.43629   0.14121  
  8  0.0001 355377.459464  x:  0.07293   5.43625   0.14122  
  9  0.0000 355377.459464  x:  0.07293   5.43625   0.14122  
 10  0.0000 355377.459464  x:  0.07293   5.43625   0.14122  
 11  0.0008 355377.459464  x:  0.07293   5.43625   0.14122  
check convergence!


6 (Bom_pas) ... 5 (Bom_mus)
  0  0.0000 338291.917152  x:  0.02110   4.31313   0.18694  
  1 99.0000 338286.117153  x:  0.02292   4.31314   0.18676  
  2 6629.5397 338266.851093  x:  0.02298   4.31522   0.13701  
  3 671.9838 338250.930997  x:  0.02289   6.06091   0.15127  
  4 22.3851 338250.523153  x:  0.02289   6.08570   0.14454  
  5  0.0324 338250.519865  x:  0.02288   6.11659   0.14458  
  6  0.0172 338250.519837  x:  0.02289   6.11572   0.14462  
  7  0.0010 338250.519828  x:  0.02289   6.11653   0.14464  
  8  0.0017 338250.519824  x:  0.02289   6.11653   0.14464  
  9  0.0006 338250.519824  x:  0.02289   6.11653   0.14464  
check convergence!


7 (Bom_syl) ... 1 (Apis_mel)
  0  0.0000 437441.509256  x:  0.46174   4.82559   0.13828  
  1 99.0000 436835.833700  x:  0.54276   4.82365   0.09716  
  2 12744.4070 436657.150889  x:  0.58337   4.82229   0.11251  
  3 15752.4657 436569.750919  x:  0.57747   4.03242   0.11053  
  4 200.8639 436556.313645  x:  0.59326   4.05102   0.10423  
  5  0.0196 436556.309438  x:  0.59341   4.04751   0.10425  
  6  0.0039 436556.309302  x:  0.59346   4.04816   0.10426  
  7  0.0007 436556.309301  x:  0.59346   4.04816   0.10426  

7 (Bom_syl) ... 2 (Bom_con)
  0  0.0000 369975.057495  x:  0.12053   3.68355   0.15964  
  1 99.0000 369948.804961  x:  0.12998   3.68414   0.15037  
  2 4058.9428 369913.578806  x:  0.12775   3.68588   0.12526  
  3 4313.7282 369809.273338  x:  0.12738   5.35166   0.13852  
  4 157.6673 369808.162737  x:  0.12676   5.35076   0.13423  
  5  0.0047 369808.161726  x:  0.12672   5.35489   0.13424  
  6  0.0030 369808.161620  x:  0.12673   5.35647   0.13425  
  7  0.0011 369808.161620  x:  0.12673   5.35647   0.13425  
  8  0.0000 369808.161620  x:  0.12673   5.35647   0.13425  

7 (Bom_syl) ... 3 (Bom_hor)
  0  0.0000 357799.801518  x:  0.07412   4.31773   0.13239  
  1 99.0000 357783.692138  x:  0.07995   4.31777   0.13278  
  2 5730.2879 357783.162869  x:  0.07988   4.31825   0.13675  
  3 270.2367 357772.150004  x:  0.07983   5.02182   0.14060  
  4 34.8699 357772.145236  x:  0.07977   5.02002   0.14030  
  5  0.0017 357772.145235  x:  0.07977   5.01992   0.14030  
  6  0.0001 357772.145235  x:  0.07977   5.01992   0.14030  

7 (Bom_syl) ... 4 (Bom_hyp)
  0  0.0000 355440.022537  x:  0.06445   4.02642   0.20134  
  1 99.0000 355399.240977  x:  0.07304   4.02652   0.19881  
  2 9523.3191 355281.094015  x:  0.07324   4.02913   0.12773  
  3 2967.7593 355233.566768  x:  0.07308   5.57796   0.14229  
  4 74.4315 355231.762523  x:  0.07303   5.61431   0.13476  
  5  0.0547 355231.744005  x:  0.07294   5.64698   0.13481  
  6  0.0204 355231.743315  x:  0.07296   5.65051   0.13489  
  7  0.0029 355231.743308  x:  0.07296   5.65066   0.13488  
  8  0.0001 355231.743308  x:  0.07296   5.65067   0.13488  
  9  0.0000 355231.743308  x:  0.07296   5.65066   0.13488  

7 (Bom_syl) ... 5 (Bom_mus)
  0  0.0000 355147.245530  x:  0.06932   4.67216   0.18835  
  1 99.0000 355142.843018  x:  0.07224   4.67222   0.18594  
  2 2381.7740 355111.381970  x:  0.07176   4.67316   0.14787  
  3 2465.7385 355102.726009  x:  0.07169   5.38716   0.15290  
  4 26.3716 355102.636212  x:  0.07144   5.38999   0.15146  
  5  0.0036 355102.634663  x:  0.07140   5.39069   0.15162  
  6  0.0008 355102.634662  x:  0.07140   5.39092   0.15162  
  7  0.0002 355102.634662  x:  0.07140   5.39093   0.15162  
  8  0.0000 355102.634662  x:  0.07140   5.39093   0.15162  
  9  0.0000 355102.634662  x:  0.07140   5.39093   0.15162  
 10  0.0000 355102.634662  x:  0.07140   5.39093   0.15162  
check convergence!


7 (Bom_syl) ... 6 (Bom_pas)
  0  0.0000 355566.663064  x:  0.07205   4.36593   0.13251  
  1 99.0000 355565.272867  x:  0.07370   4.36599   0.13369  
  2 1410.3109 355561.037583  x:  0.07291   4.36674   0.14647  
  3 1048.2570 355537.059821  x:  0.07280   5.52975   0.15282  
  4 48.0079 355536.995420  x:  0.07297   5.52214   0.15138  
  5  0.0067 355536.995068  x:  0.07295   5.52200   0.15131  
  6  0.0002 355536.995068  x:  0.07295   5.52206   0.15131  
  7  0.0001 355536.995068  x:  0.07295   5.52206   0.15131  
  8  0.0000 355536.995068  x:  0.07295   5.52206   0.15131  
check convergence!


8 (Bom_vet) ... 1 (Apis_mel)
  0  0.0000 437652.010027  x:  0.47369   4.41400   0.19631  
  1 99.0000 436522.778125  x:  0.50567   4.41357   0.11077  
  2 19204.9612 436237.638424  x:  0.59190   4.41138   0.10892  
  3 8238.6051 436211.541486  x:  0.58847   4.00379   0.10690  
  4 121.2424 436209.035915  x:  0.59011   4.01768   0.10404  
  5  0.0333 436209.030565  x:  0.59003   4.01515   0.10393  
  6  0.0027 436209.030506  x:  0.58999   4.01547   0.10393  
  7  0.0003 436209.030505  x:  0.58999   4.01541   0.10393  
  8  0.0001 436209.030505  x:  0.58999   4.01541   0.10393  

8 (Bom_vet) ... 2 (Bom_con)
  0  0.0000 369659.644464  x:  0.11428   3.51178   0.10242  
  1 99.0000 369600.670102  x:  0.12777   3.51209   0.10927  
  2 8098.2830 369584.223194  x:  0.12493   3.51326   0.12429  
  3 2452.1013 369450.447511  x:  0.12470   5.36128   0.13485  
  4 187.3284 369450.270289  x:  0.12542   5.36017   0.13389  
  5  0.0015 369450.268275  x:  0.12538   5.36130   0.13373  
  6  0.0008 369450.268246  x:  0.12538   5.36239   0.13374  
  7  0.0005 369450.268246  x:  0.12538   5.36239   0.13374  
  8  0.0000 369450.268246  x:  0.12538   5.36239   0.13374  

8 (Bom_vet) ... 3 (Bom_hor)
  0  0.0000 357767.268321  x:  0.07601   4.26392   0.10613  
  1 99.0000 357746.581619  x:  0.08223   4.26394   0.11275  
  2 4673.6230 357707.573356  x:  0.07780   4.26403   0.14163  
  3 4652.0928 357703.198060  x:  0.07774   4.68519   0.14357  
  4 21.9401 357702.548472  x:  0.07880   4.68920   0.14542  
  5  0.0041 357702.531805  x:  0.07871   4.68991   0.14612  
  6  0.0008 357702.531803  x:  0.07871   4.68981   0.14612  

8 (Bom_vet) ... 4 (Bom_hyp)
  0  0.0000 355348.892775  x:  0.07443   3.82149   0.19496  
  1 99.0000 355337.174079  x:  0.06980   3.82166   0.19104  
  2 3780.4420 355254.991366  x:  0.07140   3.82422   0.13185  
  3 3889.1792 355206.886033  x:  0.07145   5.28963   0.14610  
  4 79.3857 355205.559557  x:  0.07203   5.31320   0.13973  
  5  0.0316 355205.539053  x:  0.07220   5.32733   0.14002  
  6  0.0132 355205.537644  x:  0.07218   5.33634   0.14002  
  7  0.0057 355205.537639  x:  0.07218   5.33637   0.14003  
  8  0.0000 355205.537639  x:  0.07218   5.33637   0.14003  

8 (Bom_vet) ... 5 (Bom_mus)
  0  0.0000 337836.110606  x:  0.02068   4.32999   0.21561  
  1 99.0000 337834.580492  x:  0.02159   4.32999   0.21539  
  2 3340.2936 337797.706897  x:  0.02165   4.33247   0.13859  
  3 831.8718 337787.023920  x:  0.02159   5.74218   0.15182  
  4 17.8951 337786.624937  x:  0.02159   5.77680   0.14503  
  5  0.0536 337786.621436  x:  0.02158   5.80727   0.14509  
  6  0.0186 337786.621395  x:  0.02158   5.80769   0.14514  
  7  0.0004 337786.621395  x:  0.02158   5.80771   0.14514  
  8  0.0000 337786.621395  x:  0.02158   5.80771   0.14514  

8 (Bom_vet) ... 6 (Bom_pas)
  0  0.0000 338490.443755  x:  0.02067   4.81837   0.23754  
  1 99.0000 338477.261303  x:  0.02336   4.81838   0.23727  
  2 10186.9592 338406.489353  x:  0.02345   4.82130   0.13181  
  3 1042.7901 338391.504886  x:  0.02340   6.70843   0.14835  
  4 19.3275 338390.459272  x:  0.02341   6.79084   0.13807  
  5  0.1444 338390.440800  x:  0.02342   6.87763   0.13835  
  6  0.0460 338390.440782  x:  0.02342   6.87896   0.13839  
  7  0.0022 338390.440749  x:  0.02342   6.87763   0.13842  
  8  0.0012 338390.440748  x:  0.02342   6.87763   0.13842  
  9  0.0091 338390.440748  x:  0.02342   6.87763   0.13842  

8 (Bom_vet) ... 7 (Bom_syl)
  0  0.0000 355179.800496  x:  0.07376   5.33180   0.13267  
  1 99.0000 355176.690554  x:  0.07130   5.33180   0.13382  
  2 2255.8928 355170.006293  x:  0.07160   5.33176   0.14907  
  3 1102.7000 355169.962327  x:  0.07159   5.38713   0.14929  
  4  1.6013 355169.959393  x:  0.07152   5.38681   0.14934  
  5  0.0003 355169.959392  x:  0.07152   5.38681   0.14935  
  6  0.0000 355169.959391  x:  0.07152   5.38681   0.14935  