Supplemental results for CODEML (seqf: /home/yzliu/eDNA/faststorage/yzliu/DK_proj/data/ref_genome/ref_annotation/primary_transcripts/extracted_cds_new/new_transcript_id_7_and_pas/bootstraps/cat.out.OG_cds_7_species_same_header_fas.shuf_537OG_282.phy  treef: xxx.trees)


pairwise comparison (Goldman & Yang 1994)
seq seq        N       S       dN       dS     dN/dS   Paras.
  2   1 478348.5 188605.5   0.0095   0.1718   0.0554   0.1662   3.7112   0.0554 -1030038.861
  3   1 477962.5 188991.5   0.0095   0.1616   0.0586   0.1577   3.6131   0.0586 -1026929.654
  3   2 476330.5 190623.5   0.0092   0.1565   0.0589   0.1539   4.0801   0.0589 -1023352.279
  4   1 478067.4 188886.6   0.0075   0.1212   0.0621   0.1191   3.6037   0.0621 -1005507.850
  4   2 476473.6 190480.4   0.0093   0.1612   0.0578   0.1581   4.0680   0.0578 -1025421.078
  4   3 475308.9 191645.1   0.0093   0.1530   0.0605   0.1516   4.0598   0.0605 -1022957.128
  5   1 480939.1 186014.9   0.0056   0.0916   0.0613   0.0888   3.1772   0.0613 -986226.449
  5   2 477395.1 189558.9   0.0097   0.1679   0.0577   0.1640   3.8095   0.0577 -1029338.518
  5   3 477262.0 189692.0   0.0096   0.1559   0.0614   0.1536   3.6792   0.0614 -1025286.622
  5   4 477179.1 189774.9   0.0075   0.1145   0.0657   0.1139   3.6954   0.0657 -1002655.404
  6   1 482172.9 184781.1   0.0067   0.1200   0.0561   0.1144   3.0500   0.0561 -1002685.408
  6   2 478333.4 188620.6   0.0090   0.1639   0.0547   0.1583   3.6965   0.0547 -1025833.396
  6   3 478145.1 188808.9   0.0089   0.1555   0.0572   0.1512   3.5744   0.0572 -1023265.581
  6   4 478590.5 188363.5   0.0070   0.1169   0.0595   0.1140   3.5198   0.0595 -1002021.908
  6   5 481480.0 185474.0   0.0070   0.1137   0.0612   0.1099   3.1048   0.0612 -1000694.534
  7   1 476454.7 190499.3   0.0604   1.1629   0.0519   1.1259   4.2621   0.0519 -1237895.863
  7   2 472605.6 194348.4   0.0612   1.2440   0.0492   1.2177   4.6304   0.0492 -1241662.884
  7   3 475071.5 191882.5   0.0608   1.1662   0.0521   1.1365   4.4178   0.0521 -1238322.896
  7   4 474783.3 192170.7   0.0604   1.1734   0.0515   1.1433   4.4384   0.0515 -1238046.302
  7   5 476759.2 190194.8   0.0604   1.1460   0.0527   1.1099   4.2630   0.0527 -1236940.715
  7   6 476543.1 190410.9   0.0601   1.1565   0.0520   1.1194   4.2588   0.0520 -1237197.520

