Supplemental results for CODEML (seqf: /home/yzliu/eDNA/faststorage/yzliu/DK_proj/data/ref_genome/ref_annotation/primary_transcripts/extracted_cds_new/new_transcript_id_8_bom_apis/bootstraps/cat.out.OG_cds_8_species_same_header_fas.shuf_211OG_228.phy  treef: xxx.trees)


pairwise comparison (Goldman & Yang 1994)
seq seq        N       S       dN       dS     dN/dS   Paras.
  2   1 158103.2  53795.8   0.0671   0.5769   0.1163   0.5896   3.5994   0.1163 -380437.470
  3   1 157993.2  53905.8   0.0665   0.5919   0.1124   0.6005   3.5954   0.1124 -380769.199
  3   2 154619.8  57279.2   0.0161   0.1076   0.1499   0.1226   4.9450   0.1499 -319272.573
  4   1 158349.6  53549.4   0.0653   0.5899   0.1107   0.5937   3.6274   0.1107 -379558.967
  4   2 154968.2  56930.8   0.0144   0.1022   0.1413   0.1140   4.9960   0.1413 -316918.170
  4   3 154704.7  57194.3   0.0084   0.0604   0.1393   0.0673   5.1137   0.1393 -305706.787
  5   1 158251.2  53647.8   0.0664   0.5915   0.1122   0.5980   3.6283   0.1122 -380213.230
  5   2 154513.6  57385.4   0.0162   0.1064   0.1518   0.1218   5.3058   0.1518 -318739.431
  5   3 154740.1  57158.9   0.0091   0.0605   0.1510   0.0690   5.0065   0.1510 -306317.169
  5   4 154508.5  57390.5   0.0086   0.0609   0.1412   0.0683   5.5911   0.1412 -305619.559
  6   1 158266.5  53632.5   0.0666   0.5923   0.1124   0.5990   3.6097   0.1124 -380407.952
  6   2 154687.6  57211.4   0.0164   0.1071   0.1533   0.1227   5.1376   0.1533 -319047.830
  6   3 154749.5  57149.5   0.0096   0.0603   0.1586   0.0697   4.9845   0.1586 -306652.321
  6   4 154482.7  57416.3   0.0090   0.0612   0.1476   0.0695   5.5983   0.1476 -306035.943
  6   5 154348.5  57550.5   0.0029   0.0198   0.1472   0.0225   5.6350   0.1472 -292061.780
  7   1 158246.7  53652.3   0.0671   0.5938   0.1129   0.6013   3.6491   0.1129 -380551.868
  7   2 154661.7  57237.3   0.0170   0.1100   0.1541   0.1263   5.2029   0.1541 -319867.272
  7   3 154511.9  57387.1   0.0098   0.0636   0.1534   0.0730   5.2263   0.1534 -307393.103
  7   4 154295.7  57603.3   0.0092   0.0639   0.1439   0.0722   5.8385   0.1439 -306652.417
  7   5 154314.1  57584.9   0.0092   0.0594   0.1549   0.0685   5.7190   0.1549 -305878.680
  7   6 154378.0  57521.0   0.0096   0.0591   0.1622   0.0691   5.6372   0.1622 -306188.912
  8   1 158209.1  53689.9   0.0663   0.5936   0.1117   0.5997   3.6247   0.1117 -380270.426
  8   2 154460.2  57438.8   0.0160   0.1057   0.1514   0.1210   5.3100   0.1514 -318601.644
  8   3 154612.8  57286.2   0.0092   0.0595   0.1549   0.0684   5.0723   0.1549 -306276.690
  8   4 154291.7  57607.3   0.0087   0.0609   0.1423   0.0686   5.7570   0.1423 -305752.373
  8   5 154085.5  57813.5   0.0024   0.0195   0.1226   0.0212   5.8695   0.1226 -291499.117
  8   6 154227.1  57671.9   0.0028   0.0197   0.1443   0.0223   5.7061   0.1443 -292008.148
  8   7 154202.3  57696.7   0.0092   0.0584   0.1574   0.0677   5.7816   0.1574 -305772.880

