

2 (Bom_con) ... 1 (Apis_mel)
  0  0.0000 389046.789959  x:  0.43600   1.43471   0.42764  
  1 99.0000 382347.240041  x:  0.54096   1.50994   0.10171  
  2 21656.2781 382231.532804  x:  0.57976   1.55940   0.11373  
  3 3855.3534 381464.020125  x:  0.49118   2.17796   0.14793  
  4 4893.0595 380657.855473  x:  0.59892   2.72608   0.10254  
  5  1.1635 380487.411898  x:  0.58634   3.26048   0.12607  
  6  0.2884 380438.378146  x:  0.58682   3.54522   0.11539  
  7  0.1761 380437.493770  x:  0.58902   3.59550   0.11662  
  8  0.0337 380437.469883  x:  0.58949   3.59996   0.11632  
  9  0.0041 380437.469574  x:  0.58957   3.59946   0.11632  
 10  0.0004 380437.469574  x:  0.58957   3.59943   0.11632  

3 (Bom_hor) ... 1 (Apis_mel)
  0  0.0000 381664.390880  x:  0.48956   3.24810   0.18435  
  1 99.0000 380994.772252  x:  0.51753   3.24914   0.11564  
  2 14693.2128 380797.481288  x:  0.59170   3.25044   0.11522  
  3 6578.9370 380775.264000  x:  0.59445   3.56947   0.11774  
  4 146.5105 380769.287446  x:  0.59879   3.58801   0.11243  
  5  0.0337 380769.198802  x:  0.60055   3.59572   0.11240  
  6  0.0063 380769.198787  x:  0.60054   3.59544   0.11240  
  7  0.0002 380769.198787  x:  0.60055   3.59543   0.11240  

3 (Bom_hor) ... 2 (Bom_con)
  0  0.0000 319402.478089  x:  0.12126   3.18947   0.14470  
  1 99.0000 319401.493013  x:  0.12317   3.19018   0.14293  
  2 734.4098 319400.090233  x:  0.12255   3.19268   0.13753  
  3 755.7169 319273.514711  x:  0.12231   4.91258   0.15480  
  4 226.1346 319272.584102  x:  0.12258   4.92395   0.14975  
  5  0.0103 319272.572712  x:  0.12253   4.94441   0.14984  
  6  0.0101 319272.572505  x:  0.12256   4.94504   0.14986  

4 (Bom_hyp) ... 1 (Apis_mel)
  0  0.0000 380513.736180  x:  0.54382   4.07227   0.19984  
  1 99.0000 379681.901556  x:  0.54426   4.07197   0.11882  
  2 16158.8880 379595.313394  x:  0.59707   4.06919   0.10794  
  3 3496.9915 379565.533893  x:  0.59119   3.64033   0.10607  
  4 130.7732 379558.980080  x:  0.59353   3.62156   0.11054  
  5  0.0486 379558.966718  x:  0.59368   3.62813   0.11070  
  6  0.0072 379558.966504  x:  0.59366   3.62744   0.11072  
  7  0.0007 379558.966503  x:  0.59366   3.62744   0.11072  
  8  0.0000 379558.966503  x:  0.59366   3.62744   0.11072  

4 (Bom_hyp) ... 2 (Bom_con)
  0  0.0000 317034.648375  x:  0.11804   3.40500   0.15579  
  1 99.0000 317023.078989  x:  0.11211   3.40537   0.15169  
  2 2987.7508 317007.750993  x:  0.11402   3.40744   0.13235  
  3 1904.5553 316919.127032  x:  0.11412   4.96553   0.14620  
  4 142.5380 316918.178409  x:  0.11402   4.97665   0.14123  
  5  0.0122 316918.169740  x:  0.11406   4.99549   0.14124  
  6  0.0101 316918.169598  x:  0.11405   4.99600   0.14129  
  7  0.0005 316918.169598  x:  0.11405   4.99600   0.14129  

4 (Bom_hyp) ... 3 (Bom_hor)
  0  0.0000 305820.090990  x:  0.05711   4.19720   0.18505  
  1 99.0000 305765.666618  x:  0.06719   4.19725   0.18365  
  2 11341.8058 305720.555909  x:  0.06739   4.19867   0.13466  
  3 1642.7271 305706.946952  x:  0.06732   5.10079   0.14186  
  4 33.8769 305706.787268  x:  0.06734   5.10907   0.13926  
  5  0.0118 305706.786963  x:  0.06735   5.11367   0.13928  
  6  0.0033 305706.786962  x:  0.06735   5.11369   0.13928  
  7  0.0000 305706.786962  x:  0.06735   5.11369   0.13928  
  8  0.0000 305706.786962  x:  0.06735   5.11369   0.13928  
  9  0.0000 305706.786962  x:  0.06735   5.11369   0.13928  
 10  0.0838 305706.786962  x:  0.06735   5.11369   0.13928  
 11  0.4674 305706.786962  x:  0.06735   5.11369   0.13928  
check convergence!


5 (Bom_mus) ... 1 (Apis_mel)
  0  0.0000 380706.553814  x:  0.49662   4.32071   0.14187  
  1 99.0000 380415.400549  x:  0.55257   4.31874   0.10735  
  2 8333.0574 380293.891464  x:  0.59523   4.31676   0.11925  
  3 10503.7600 380218.652698  x:  0.58887   3.62319   0.11706  
  4 198.0520 380213.233669  x:  0.59777   3.63093   0.11222  
  5  0.0114 380213.229753  x:  0.59798   3.62775   0.11222  
  6  0.0035 380213.229636  x:  0.59802   3.62833   0.11223  
  7  0.0006 380213.229636  x:  0.59802   3.62833   0.11222  

5 (Bom_mus) ... 2 (Bom_con)
  0  0.0000 318983.431462  x:  0.10358   3.28318   0.15150  
  1 99.0000 318892.993992  x:  0.12149   3.28352   0.15042  
  2 10676.4497 318887.895471  x:  0.12168   3.28634   0.13908  
  3 847.8451 318740.819333  x:  0.12149   5.27776   0.15800  
  4 206.3684 318739.441870  x:  0.12180   5.28296   0.15171  
  5  0.0071 318739.430762  x:  0.12183   5.30548   0.15173  
  6  0.0101 318739.430654  x:  0.12182   5.30580   0.15178  
  7  0.0003 318739.430654  x:  0.12182   5.30580   0.15178  
  8  0.0000 318739.430654  x:  0.12182   5.30580   0.15178  
  9  0.0000 318739.430653  x:  0.12182   5.30580   0.15178  
 10  0.0043 318739.430653  x:  0.12182   5.30580   0.15178  
check convergence!


5 (Bom_mus) ... 3 (Bom_hor)
  0  0.0000 306401.788493  x:  0.06425   4.48238   0.21679  
  1 99.0000 306389.935419  x:  0.06923   4.48241   0.21473  
  2 4566.4279 306321.651345  x:  0.06927   4.48366   0.14875  
  3 2041.6611 306317.307524  x:  0.06922   5.01077   0.15324  
  4 18.0389 306317.173816  x:  0.06906   5.01077   0.15087  
  5  0.0035 306317.168539  x:  0.06896   5.00704   0.15101  
  6  0.0037 306317.168535  x:  0.06896   5.00654   0.15100  

5 (Bom_mus) ... 4 (Bom_hyp)
  0  0.0000 305655.448135  x:  0.07087   4.29885   0.15474  
  1 99.0000 305651.249921  x:  0.06788   4.29891   0.15372  
  2 2616.6861 305643.525806  x:  0.06830   4.30002   0.13567  
  3 864.3958 305619.727801  x:  0.06822   5.57918   0.14391  
  4 43.5389 305619.559365  x:  0.06828   5.58411   0.14122  
  5  0.0060 305619.558851  x:  0.06829   5.59100   0.14123  
  6  0.0044 305619.558849  x:  0.06828   5.59106   0.14123  
  7  0.0001 305619.558849  x:  0.06828   5.59106   0.14123  

6 (Bom_pas) ... 1 (Apis_mel)
  0  0.0000 380990.472541  x:  0.48697   4.41579   0.13075  
  1 99.0000 380543.440386  x:  0.59927   4.41193   0.12861  
  2 8755.1855 380505.587132  x:  0.60714   4.41106   0.11429  
  3 5817.1475 380407.979193  x:  0.59965   3.61100   0.11260  
  4 219.9970 380407.953457  x:  0.59917   3.60971   0.11237  
  5  0.0013 380407.951822  x:  0.59895   3.60962   0.11244  
  6  0.0002 380407.951821  x:  0.59895   3.60969   0.11244  

6 (Bom_pas) ... 2 (Bom_con)
  0  0.0000 319297.455940  x:  0.11654   3.29732   0.20455  
  1 99.0000 319260.426012  x:  0.12887   3.29847   0.18861  
  2 3891.0839 319179.225194  x:  0.12584   3.30209   0.14002  
  3 6738.7950 319051.427492  x:  0.12488   5.07789   0.16076  
  4 183.7955 319047.869891  x:  0.12284   5.10244   0.15282  
  5  0.0286 319047.835640  x:  0.12257   5.12445   0.15331  
  6  0.0170 319047.829609  x:  0.12265   5.13753   0.15325  
  7  0.0085 319047.829597  x:  0.12265   5.13757   0.15327  

6 (Bom_pas) ... 3 (Bom_hor)
  0  0.0000 306725.043627  x:  0.06530   4.33118   0.21699  
  1 99.0000 306714.718717  x:  0.06998   4.33122   0.21512  
  2 4244.5496 306659.692830  x:  0.07000   4.33269   0.15526  
  3 1831.0928 306652.463208  x:  0.06994   4.97418   0.16103  
  4 24.4234 306652.323905  x:  0.06981   4.98160   0.15852  
  5  0.0110 306652.321123  x:  0.06973   4.98399   0.15863  
  6  0.0023 306652.321120  x:  0.06973   4.98443   0.15863  
  7  0.0003 306652.321120  x:  0.06973   4.98447   0.15863  
  8  0.0000 306652.321120  x:  0.06973   4.98447   0.15863  
check convergence!


6 (Bom_pas) ... 4 (Bom_hyp)
  0  0.0000 306118.471141  x:  0.06365   4.01807   0.17736  
  1 99.0000 306101.729869  x:  0.06958   4.01814   0.17601  
  2 5766.1980 306075.382529  x:  0.06967   4.02014   0.13953  
  3 1374.1117 306036.412184  x:  0.06952   5.56663   0.15212  
  4 61.0599 306035.947064  x:  0.06948   5.58033   0.14757  
  5  0.0167 306035.943470  x:  0.06945   5.59736   0.14759  
  6  0.0102 306035.943384  x:  0.06946   5.59826   0.14763  
  7  0.0008 306035.943383  x:  0.06946   5.59827   0.14763  
  8  0.0000 306035.943383  x:  0.06946   5.59828   0.14763  
  9  0.0000 306035.943383  x:  0.06946   5.59828   0.14763  
check convergence!


6 (Bom_pas) ... 5 (Bom_mus)
  0  0.0000 292075.318862  x:  0.02414   4.53375   0.11937  
  1 99.0000 292071.781868  x:  0.02257   4.53375   0.11952  
  2 4363.9529 292067.264949  x:  0.02254   4.53424   0.14207  
  3 438.6477 292061.780847  x:  0.02248   5.64373   0.14725  
  4 11.3639 292061.780314  x:  0.02249   5.63760   0.14723  
  5  0.0058 292061.780290  x:  0.02249   5.63501   0.14722  
  6  0.0026 292061.780288  x:  0.02249   5.63491   0.14722  
  7  0.0010 292061.780287  x:  0.02249   5.63495   0.14722  
  8  0.0000 292061.780286  x:  0.02249   5.63495   0.14722  

7 (Bom_syl) ... 1 (Apis_mel)
  0  0.0000 382431.085975  x:  0.58843   4.45828   0.25015  
  1 99.0000 380717.351659  x:  0.56328   4.45773   0.12249  
  2 19201.3776 380663.637903  x:  0.59922   4.45438   0.10972  
  3 2870.2088 380572.909568  x:  0.58671   3.66382   0.10703  
  4 207.7560 380552.002239  x:  0.60009   3.62915   0.11339  
  5  0.0943 380551.873834  x:  0.60119   3.65188   0.11308  
  6  0.0283 380551.868437  x:  0.60135   3.64914   0.11294  
  7  0.0029 380551.868436  x:  0.60134   3.64912   0.11294  

7 (Bom_syl) ... 2 (Bom_con)
  0  0.0000 320016.201058  x:  0.12112   3.31387   0.13245  
  1 99.0000 320007.194848  x:  0.12702   3.31426   0.13466  
  2 2906.2327 320004.030212  x:  0.12606   3.31657   0.14367  
  3 797.9718 319867.981656  x:  0.12598   5.30794   0.15821  
  4 202.1366 319867.303413  x:  0.12641   5.23813   0.15411  
  5  0.0530 319867.273665  x:  0.12628   5.20506   0.15396  
  6  0.0193 319867.271809  x:  0.12631   5.20302   0.15415  
  7  0.0018 319867.271804  x:  0.12632   5.20295   0.15414  
  8  0.0001 319867.271804  x:  0.12632   5.20294   0.15414  
  9  0.0000 319867.271804  x:  0.12632   5.20294   0.15414  
check convergence!


7 (Bom_syl) ... 3 (Bom_hor)
  0  0.0000 307406.577602  x:  0.07431   4.36014   0.14529  
  1 99.0000 307405.899061  x:  0.07306   4.36017   0.14547  
  2 1065.7087 307405.621963  x:  0.07305   4.36087   0.14895  
  3 162.2315 307393.108264  x:  0.07299   5.23109   0.15392  
  4 33.5858 307393.103321  x:  0.07300   5.22686   0.15343  
  5  0.0039 307393.103315  x:  0.07300   5.22626   0.15343  
  6  0.0005 307393.103315  x:  0.07300   5.22626   0.15343  
  7  0.0000 307393.103315  x:  0.07300   5.22626   0.15343  
check convergence!


7 (Bom_syl) ... 4 (Bom_hyp)
  0  0.0000 306867.189194  x:  0.06492   4.33977   0.24041  
  1 99.0000 306840.691112  x:  0.07237   4.33986   0.23760  
  2 6912.3825 306684.105615  x:  0.07261   4.34291   0.13732  
  3 2813.1156 306653.843563  x:  0.07248   5.74693   0.15114  
  4 50.4892 306652.445107  x:  0.07236   5.79720   0.14362  
  5  0.0866 306652.418042  x:  0.07217   5.83068   0.14389  
  6  0.0250 306652.416941  x:  0.07220   5.83845   0.14392  
  7  0.0055 306652.416941  x:  0.07220   5.83852   0.14392  
  8  0.0001 306652.416941  x:  0.07220   5.83852   0.14392  

7 (Bom_syl) ... 5 (Bom_mus)
  0  0.0000 305996.902984  x:  0.07262   4.56267   0.22875  
  1 99.0000 305982.217759  x:  0.06705   4.56274   0.22624  
  2 4674.9510 305896.373811  x:  0.06806   4.56485   0.14941  
  3 2211.9614 305879.131584  x:  0.06807   5.68543   0.15918  
  4 34.8997 305878.689268  x:  0.06837   5.70613   0.15471  
  5  0.0314 305878.680327  x:  0.06850   5.71460   0.15492  
  6  0.0087 305878.680111  x:  0.06849   5.71901   0.15492  
  7  0.0031 305878.680111  x:  0.06849   5.71898   0.15493  
  8  0.0000 305878.680111  x:  0.06849   5.71901   0.15493  
  9  0.0001 305878.680110  x:  0.06849   5.71901   0.15493  
 10  0.0000 305878.680110  x:  0.06849   5.71901   0.15493  
check convergence!


7 (Bom_syl) ... 6 (Bom_pas)
  0  0.0000 306360.493095  x:  0.05408   4.73762   0.21121  
  1 99.0000 306240.872053  x:  0.06881   4.73765   0.21011  
  2 17698.0905 306199.482290  x:  0.06903   4.73903   0.15776  
  3 1400.0398 306189.030521  x:  0.06899   5.66085   0.16478  
  4 26.0979 306188.914243  x:  0.06904   5.64869   0.16224  
  5  0.0166 306188.912480  x:  0.06907   5.63730   0.16220  
  6  0.0087 306188.912478  x:  0.06907   5.63722   0.16221  
  7  0.0001 306188.912478  x:  0.06907   5.63720   0.16221  

8 (Bom_vet) ... 1 (Apis_mel)
  0  0.0000 380897.871594  x:  0.57098   4.75496   0.17150  
  1 99.0000 380500.597226  x:  0.57121   4.75400   0.11971  
  2 12963.9363 380446.913491  x:  0.61576   4.74840   0.11141  
  3 2532.0176 380272.333603  x:  0.60094   3.62419   0.10882  
  4 272.5712 380270.458427  x:  0.60070   3.62088   0.11159  
  5  0.0082 380270.426801  x:  0.59980   3.62642   0.11171  
  6  0.0061 380270.426129  x:  0.59971   3.62470   0.11172  
  7  0.0025 380270.426128  x:  0.59971   3.62470   0.11172  

8 (Bom_vet) ... 2 (Bom_con)
  0  0.0000 318994.709127  x:  0.09766   3.30085   0.19886  
  1 99.0000 318839.195807  x:  0.12062   3.30122   0.19424  
  2 14340.4103 318745.872778  x:  0.12097   3.30546   0.13929  
  3 3053.2472 318605.671309  x:  0.12074   5.20239   0.16161  
  4 191.3849 318601.744940  x:  0.12094   5.24170   0.15125  
  5  0.0486 318601.647979  x:  0.12103   5.30676   0.15109  
  6  0.0311 318601.643927  x:  0.12101   5.30988   0.15143  
  7  0.0031 318601.643905  x:  0.12100   5.30999   0.15143  
  8  0.0001 318601.643905  x:  0.12100   5.30999   0.15143  

8 (Bom_vet) ... 3 (Bom_hor)
  0  0.0000 306293.538674  x:  0.06900   4.45468   0.13018  
  1 99.0000 306288.301177  x:  0.06643   4.45481   0.13927  
  2 1111.9208 306282.834463  x:  0.06870   4.45500   0.15038  
  3 4697.5836 306276.759938  x:  0.06870   5.07311   0.15357  
  4 21.2603 306276.690047  x:  0.06839   5.07302   0.15481  
  5  0.0011 306276.689762  x:  0.06841   5.07241   0.15489  
  6  0.0005 306276.689762  x:  0.06841   5.07228   0.15489  
  7  0.0001 306276.689762  x:  0.06841   5.07228   0.15489  
  8  0.0000 306276.689762  x:  0.06841   5.07228   0.15489  
  9  0.1164 306276.689762  x:  0.06841   5.07228   0.15489  
 10  0.0480 306276.689762  x:  0.06841   5.07228   0.15489  
 11  0.1148 306276.689762  x:  0.06841   5.07228   0.15489  
 12  2.3896 306276.689762  x:  0.06841   5.07228   0.15489  
 13  0.1144 306276.689762  x:  0.06841   5.07228   0.15489  
check convergence!


8 (Bom_vet) ... 4 (Bom_hyp)
  0  0.0000 305839.965560  x:  0.07203   4.13153   0.18164  
  1 99.0000 305830.211628  x:  0.06749   4.13163   0.17947  
  2 3789.7791 305790.615524  x:  0.06843   4.13364   0.13466  
  3 1877.0805 305752.976560  x:  0.06837   5.71678   0.14728  
  4 57.5284 305752.378359  x:  0.06858   5.73481   0.14227  
  5  0.0231 305752.373145  x:  0.06864   5.75394   0.14230  
  6  0.0126 305752.372813  x:  0.06862   5.75701   0.14234  
  7  0.0027 305752.372813  x:  0.06862   5.75705   0.14234  

8 (Bom_vet) ... 5 (Bom_mus)
  0  0.0000 291584.077973  x:  0.01968   4.52206   0.23757  
  1 99.0000 291580.605118  x:  0.02113   4.52206   0.23729  
  2 4862.6016 291506.232023  x:  0.02123   4.52480   0.11744  
  3 962.1564 291499.564390  x:  0.02118   5.76458   0.12914  
  4 12.3850 291499.123301  x:  0.02118   5.82692   0.12269  
  5  0.1343 291499.117552  x:  0.02117   5.86414   0.12240  
  6  0.0281 291499.117244  x:  0.02117   5.86931   0.12258  
  7  0.0046 291499.117243  x:  0.02117   5.86945   0.12257  

8 (Bom_vet) ... 6 (Bom_pas)
  0  0.0000 292058.917417  x:  0.02163   4.75642   0.23847  
  1 99.0000 292058.288388  x:  0.02227   4.75643   0.23817  
  2 1812.6491 292011.878295  x:  0.02233   4.75842   0.14053  
  3 911.0393 292008.290174  x:  0.02229   5.66707   0.14844  
  4  8.7429 292008.149086  x:  0.02227   5.69278   0.14429  
  5  0.0479 292008.147908  x:  0.02225   5.70425   0.14426  
  6  0.0102 292008.147886  x:  0.02225   5.70610   0.14429  

8 (Bom_vet) ... 7 (Bom_syl)
  0  0.0000 305800.845412  x:  0.06946   4.77945   0.12761  
  1 99.0000 305797.533496  x:  0.06687   4.77950   0.13007  
  2 1826.4149 305785.180712  x:  0.06803   4.77991   0.15224  
  3 2063.8648 305772.944395  x:  0.06800   5.82486   0.15698  
  4 27.4203 305772.881622  x:  0.06768   5.79175   0.15730  
  5  0.0304 305772.880121  x:  0.06771   5.78159   0.15736  
  6  0.0080 305772.880120  x:  0.06771   5.78157   0.15736  