Supplemental results for CODEML (seqf: /home/yzliu/eDNA/faststorage/yzliu/DK_proj/data/ref_genome/ref_annotation/primary_transcripts/extracted_cds_new/new_transcript_id_7_and_pas/bootstraps/cat.out.OG_cds_7_species_same_header_fas.shuf_537OG_332.phy  treef: xxx.trees)


pairwise comparison (Goldman & Yang 1994)
seq seq        N       S       dN       dS     dN/dS   Paras.
  2   1 485155.0 188468.0   0.0099   0.1673   0.0589   0.1617   3.5963   0.0589 -1039691.890
  3   1 484676.7 188946.3   0.0095   0.1577   0.0599   0.1531   3.5068   0.0599 -1035865.698
  3   2 483256.5 190366.5   0.0094   0.1491   0.0632   0.1467   3.9267   0.0632 -1031428.698
  4   1 484934.8 188688.2   0.0073   0.1201   0.0609   0.1167   3.4896   0.0609 -1014544.167
  4   2 483203.2 190419.8   0.0095   0.1552   0.0609   0.1520   3.9623   0.0609 -1033702.962
  4   3 481926.3 191696.7   0.0092   0.1476   0.0626   0.1459   3.9646   0.0626 -1031218.359
  5   1 488409.1 185213.9   0.0055   0.0936   0.0588   0.0892   3.0054   0.0588 -996860.243
  5   2 484876.9 188746.1   0.0100   0.1639   0.0608   0.1593   3.6036   0.0608 -1038909.497
  5   3 484618.9 189004.1   0.0097   0.1535   0.0631   0.1501   3.4892   0.0631 -1035014.564
  5   4 485053.8 188569.2   0.0074   0.1146   0.0644   0.1122   3.4486   0.0644 -1012381.761
  6   1 489264.4 184358.6   0.0067   0.1185   0.0566   0.1119   2.9264   0.0566 -1011955.893
  6   2 485621.3 188001.7   0.0089   0.1568   0.0570   0.1506   3.5231   0.0570 -1033240.716
  6   3 485123.3 188499.7   0.0088   0.1492   0.0589   0.1442   3.4397   0.0589 -1030785.061
  6   4 485804.4 187818.6   0.0066   0.1138   0.0582   0.1095   3.3693   0.0582 -1009663.090
  6   5 489129.5 184493.5   0.0069   0.1132   0.0606   0.1080   2.9216   0.0606 -1010187.328
  7   1 481874.2 191748.8   0.0648   1.1526   0.0562   1.1233   3.9600   0.0562 -1261142.235
  7   2 478747.0 194876.0   0.0656   1.2150   0.0540   1.1942   4.2461   0.0540 -1264202.758
  7   3 480776.5 192846.5   0.0650   1.1509   0.0564   1.1276   4.0807   0.0564 -1261011.644
  7   4 480174.9 193448.1   0.0647   1.1643   0.0555   1.1414   4.1481   0.0555 -1260924.556
  7   5 481985.4 191637.6   0.0648   1.1418   0.0568   1.1136   3.9710   0.0568 -1260540.596
  7   6 481701.0 191922.0   0.0643   1.1510   0.0559   1.1217   3.9905   0.0559 -1260042.515

