

2 (And_ful) ... 1 (And_bic)
  0  0.0000 1034783.062300  x:  0.14003   1.61303   0.50031  
  1 99.0000 1033120.701641  x:  0.20050   1.62635   0.42510  
  2 39490.7764 1019408.829363  x:  0.21793   1.68950   0.04856  
  3 93835.1198 1019070.694358  x:  0.21527   2.00130   0.07494  
  4 2618.7247 1017420.374767  x:  0.19752   3.14279   0.04535  
  5  2.4976 1016930.912497  x:  0.17128   3.39725   0.06438  
  6  0.2673 1016916.899364  x:  0.16783   3.45061   0.06121  
  7  0.0474 1016915.951277  x:  0.16880   3.45589   0.06025  
  8  0.0051 1016915.849146  x:  0.16894   3.47477   0.06048  
  9  0.0064 1016915.844267  x:  0.16888   3.47702   0.06043  
 10  0.0022 1016915.844267  x:  0.16888   3.47703   0.06043  

3 (And_hae) ... 1 (And_bic)
  0  0.0000 1014303.993684  x:  0.13044   3.05568   0.12778  
  1 99.0000 1013127.887216  x:  0.17471   3.05621   0.09246  
  2 45671.7927 1012599.540793  x:  0.17113   3.05671   0.05692  
  3 35067.2108 1012568.924458  x:  0.17066   3.41062   0.05937  
  4 183.1618 1012500.869663  x:  0.15926   3.37320   0.06006  
  5  0.0340 1012500.851221  x:  0.15927   3.36596   0.06015  
  6  0.0081 1012500.849793  x:  0.15927   3.36441   0.06010  
  7  0.0019 1012500.849793  x:  0.15927   3.36441   0.06010  

3 (And_hae) ... 2 (And_ful)
  0  0.0000 1012191.495703  x:  0.13150   3.10241   0.17853  
  1 99.0000 1010600.696982  x:  0.18680   3.10394   0.11192  
  2 41111.2220 1009508.205101  x:  0.18381   3.10514   0.05595  
  3 65506.0941 1009348.853453  x:  0.18157   4.00740   0.06340  
  4 402.9861 1008991.182619  x:  0.15545   3.91786   0.05988  
  5  0.0850 1008986.337771  x:  0.15485   3.85243   0.06255  
  6  0.1090 1008985.931491  x:  0.15509   3.80754   0.06214  
  7  0.0378 1008985.928773  x:  0.15504   3.80647   0.06209  
  8  0.0012 1008985.928759  x:  0.15505   3.80653   0.06208  
  9  0.0001 1008985.928759  x:  0.15505   3.80653   0.06208  
 10  0.0000 1008985.928759  x:  0.15505   3.80653   0.06208  

4 (And_hat) ... 1 (And_bic)
  0  0.0000 992381.029816  x:  0.11299   3.47443   0.08233  
  1 99.0000 992266.000713  x:  0.12473   3.47443   0.07436  
  2 16896.9483 992227.885422  x:  0.12304   3.47441   0.06428  
  3 8522.6981 992224.359858  x:  0.12307   3.33857   0.06365  
  4 48.1430 992223.576202  x:  0.12210   3.32881   0.06409  
  5  0.0097 992223.573963  x:  0.12209   3.32995   0.06403  
  6  0.0013 992223.573962  x:  0.12209   3.33003   0.06403  
  7  0.0001 992223.573962  x:  0.12209   3.33002   0.06403  
  8  0.0000 992223.573961  x:  0.12209   3.33003   0.06403  
  9  0.0000 992223.573961  x:  0.12209   3.33003   0.06403  
 10  0.0000 992223.573961  x:  0.12209   3.33003   0.06403  
check convergence!


4 (And_hat) ... 2 (And_ful)
  0  0.0000 1012110.906494  x:  0.13611   3.00410   0.07905  
  1 99.0000 1011660.393719  x:  0.16225   3.00455   0.06650  
  2 32862.9000 1011627.998448  x:  0.16069   3.00501   0.05891  
  3 8465.0563 1011467.637652  x:  0.16038   3.87315   0.06327  
  4 428.5657 1011467.029125  x:  0.15983   3.87363   0.06238  
  5  0.0011 1011467.027534  x:  0.15979   3.87460   0.06241  
  6  0.0008 1011467.027522  x:  0.15979   3.87486   0.06241  

4 (And_hat) ... 3 (And_hae)
  0  0.0000 1007954.174127  x:  0.15602   3.42235   0.08010  
  1 99.0000 1007790.305857  x:  0.14829   3.42260   0.06264  
  2 15933.1291 1007781.868660  x:  0.15141   3.42274   0.06010  
  3 4499.5499 1007758.480863  x:  0.15167   3.78357   0.06178  
  4 137.8762 1007758.471713  x:  0.15178   3.78213   0.06180  
  5  0.0016 1007758.471561  x:  0.15179   3.78184   0.06178  
  6  0.0003 1007758.471561  x:  0.15179   3.78179   0.06179  
  7  0.0000 1007758.471561  x:  0.15179   3.78178   0.06179  

5 (And_mar) ... 1 (And_bic)
  0  0.0000 973013.185746  x:  0.07959   3.19443   0.14951  
  1 99.0000 972738.310225  x:  0.09552   3.19452   0.13717  
  2 29138.5889 971814.700157  x:  0.09509   3.19501   0.06090  
  3 28136.2141 971808.554445  x:  0.09518   3.00830   0.05903  
  4 62.3343 971785.324104  x:  0.09056   2.97873   0.06085  
  5  0.0275 971784.835448  x:  0.09040   2.99341   0.05977  
  6  0.0378 971784.835268  x:  0.09039   2.99357   0.05978  
  7  0.0002 971784.835268  x:  0.09039   2.99356   0.05978  
  8  0.0000 971784.835268  x:  0.09039   2.99357   0.05978  
  9  0.0000 971784.835268  x:  0.09039   2.99356   0.05978  
 10  0.0000 971784.835268  x:  0.09039   2.99356   0.05978  
 11  0.0000 971784.835268  x:  0.09039   2.99356   0.05978  
 12  0.0000 971784.835268  x:  0.09039   2.99356   0.05978  
check convergence!


5 (And_mar) ... 2 (And_ful)
  0  0.0000 1018494.131300  x:  0.13793   2.90672   0.15696  
  1 99.0000 1016778.119084  x:  0.19466   2.90808   0.09606  
  2 45359.8073 1016017.297930  x:  0.19031   2.90895   0.05469  
  3 52357.0983 1015888.526897  x:  0.18844   3.63081   0.06029  
  4 401.6928 1015650.804620  x:  0.16626   3.53809   0.05992  
  5  0.0873 1015649.807996  x:  0.16612   3.49902   0.06090  
  6  0.0504 1015649.705781  x:  0.16618   3.48089   0.06060  
  7  0.0171 1015649.705728  x:  0.16618   3.48101   0.06059  
  8  0.0001 1015649.705728  x:  0.16618   3.48101   0.06059  

5 (And_mar) ... 3 (And_hae)
  0  0.0000 1011094.617440  x:  0.16614   3.23064   0.06300  
  1 99.0000 1011033.121612  x:  0.15615   3.23072   0.06001  
  2 11530.9147 1011032.939613  x:  0.15594   3.23078   0.06058  
  3 606.7133 1011028.354862  x:  0.15599   3.37558   0.06115  
  4 67.1021 1011028.352554  x:  0.15598   3.37262   0.06112  
  5  0.0028 1011028.352550  x:  0.15598   3.37257   0.06112  
  6  0.0001 1011028.352550  x:  0.15598   3.37256   0.06112  

5 (And_mar) ... 4 (And_hat)
  0  0.0000 990410.883558  x:  0.09983   3.12877   0.10914  
  1 99.0000 990018.188520  x:  0.12113   3.12890   0.09772  
  2 34858.1678 989722.495327  x:  0.11975   3.12928   0.06448  
  3 18755.7818 989717.273112  x:  0.11967   3.29478   0.06566  
  4 65.1906 989712.375849  x:  0.11719   3.29127   0.06546  
  5  0.0037 989712.365434  x:  0.11718   3.29025   0.06563  
  6  0.0016 989712.365422  x:  0.11717   3.29004   0.06563  
  7  0.0002 989712.365422  x:  0.11717   3.29003   0.06563  

6 (And_tri) ... 1 (And_bic)
  0  0.0000 991777.011735  x:  0.09902   3.00225   0.19422  
  1 99.0000 991138.079481  x:  0.12778   3.00254   0.16878  
  2 36895.8997 989132.692228  x:  0.12862   3.00365   0.05865  
  3 44532.4048 989126.362960  x:  0.12876   2.84951   0.05661  
  4 76.9789 989020.340726  x:  0.11769   2.72723   0.06243  
  5  0.1172 989009.703331  x:  0.11616   2.80576   0.05876  
  6  0.2321 989009.672722  x:  0.11630   2.80227   0.05855  
  7  0.0040 989009.672689  x:  0.11630   2.80225   0.05856  
  8  0.0000 989009.672688  x:  0.11630   2.80223   0.05856  
  9  0.0000 989009.672688  x:  0.11630   2.80223   0.05856  
check convergence!


6 (And_tri) ... 2 (And_ful)
  0  0.0000 1013397.312613  x:  0.15063   2.67280   0.14846  
  1 99.0000 1011096.379215  x:  0.15904   2.67538   0.05493  
  2 34082.2323 1011095.722785  x:  0.15798   2.67591   0.05481  
  3 1093.4989 1010952.759584  x:  0.15715   3.32710   0.06323  
  4 614.5713 1010933.112659  x:  0.15844   3.40471   0.05778  
  5  0.1872 1010932.779336  x:  0.15827   3.44410   0.05797  
  6  0.0262 1010932.777623  x:  0.15832   3.44379   0.05800  
  7  0.0003 1010932.777620  x:  0.15832   3.44380   0.05800  

6 (And_tri) ... 3 (And_hae)
  0  0.0000 1007837.021063  x:  0.16198   3.09008   0.05614  
  1 99.0000 1007765.245730  x:  0.15065   3.09020   0.05708  
  2 12288.5886 1007764.835108  x:  0.15066   3.09031   0.05796  
  3 951.1243 1007749.187575  x:  0.15072   3.35962   0.05903  
  4 129.1048 1007749.162423  x:  0.15069   3.34923   0.05894  
  5  0.0092 1007749.162393  x:  0.15070   3.34908   0.05894  
  6  0.0002 1007749.162393  x:  0.15069   3.34908   0.05894  

6 (And_tri) ... 4 (And_hat)
  0  0.0000 987776.471788  x:  0.11751   2.92372   0.09820  
  1 99.0000 987497.943723  x:  0.10586   2.92414   0.07211  
  2 18008.1564 987409.915045  x:  0.11185   2.92439   0.05917  
  3 20843.4884 987387.361696  x:  0.11216   3.25746   0.06144  
  4 144.4544 987382.900151  x:  0.11407   3.23865   0.06314  
  5  0.0240 987382.837924  x:  0.11421   3.23739   0.06278  
  6  0.0014 987382.837883  x:  0.11421   3.23694   0.06277  
  7  0.0004 987382.837883  x:  0.11421   3.23694   0.06277  
check convergence!


6 (And_tri) ... 5 (And_mar)
  0  0.0000 988768.335347  x:  0.10379   3.09767   0.16809  
  1 99.0000 987838.373460  x:  0.13663   3.09810   0.09916  
  2 24924.1003 987289.834491  x:  0.13151   3.09829   0.05667  
  3 73612.4339 987283.131975  x:  0.13188   2.92712   0.05536  
  4 61.4992 986985.526075  x:  0.11282   2.73071   0.06305  
  5  0.2745 986982.098103  x:  0.11210   2.78031   0.06088  
  6  0.0843 986982.069853  x:  0.11221   2.77469   0.06068  
  7  0.0068 986982.069798  x:  0.11222   2.77485   0.06069  
  8  0.0002 986982.069798  x:  0.11222   2.77482   0.06069  
  9  0.0000 986982.069798  x:  0.11222   2.77482   0.06069  
 10  0.0000 986982.069797  x:  0.11222   2.77482   0.06069  

7 (Bom_pas) ... 1 (And_bic)
  0  0.0000 1253916.093865  x:  1.33557   2.58060   0.16915  
  1 99.0000 1228498.830494  x:  1.31286   2.58419   0.04247  
  2 224735.6782 1228307.559235  x:  1.25957   2.60848   0.05079  
  3 7181.6729 1227088.491309  x:  1.40479   3.96571   0.04945  
  4 2481.0909 1226212.273975  x:  1.16123   3.90120   0.05265  
  5  0.2133 1226203.390179  x:  1.17891   3.99161   0.05124  
  6  0.0705 1226202.324853  x:  1.17334   4.01309   0.05141  
  7  0.0252 1226202.217421  x:  1.17442   4.02266   0.05152  
  8  0.0079 1226202.217302  x:  1.17447   4.02301   0.05151  

7 (Bom_pas) ... 2 (And_ful)
  0  0.0000 1230887.647377  x:  1.51966   3.62099   0.04186  
  1 99.0000 1230849.400944  x:  1.51914   3.62110   0.03950  
  2 30895.8529 1229709.373442  x:  1.20812   3.69341   0.04850  
  3 6231.0150 1229532.064701  x:  1.28397   4.30403   0.04771  
  4 633.9770 1229521.400965  x:  1.25903   4.33780   0.04883  
  5  0.0525 1229520.934932  x:  1.25936   4.33607   0.04914  
  6  0.0012 1229520.932954  x:  1.25903   4.33402   0.04914  
  7  0.0017 1229520.932942  x:  1.25905   4.33394   0.04914  

7 (Bom_pas) ... 3 (And_hae)
  0  0.0000 1245468.830415  x:  1.21261   3.65100   0.17074  
  1 99.0000 1226100.484542  x:  1.19339   3.65249   0.04993  
  2 191534.0742 1226088.089899  x:  1.17965   3.65823   0.05205  
  3 1694.5758 1225952.754127  x:  1.21539   4.19497   0.05143  
  4 603.5619 1225931.713347  x:  1.18271   4.17713   0.05155  
  5  0.0458 1225931.707540  x:  1.18229   4.17725   0.05154  
  6  0.0004 1225931.707519  x:  1.18232   4.17741   0.05154  
  7  0.0001 1225931.707519  x:  1.18232   4.17742   0.05154  

7 (Bom_pas) ... 4 (And_hat)
  0  0.0000 1246411.236106  x:  1.32699   3.57716   0.15551  
  1 99.0000 1226601.016565  x:  1.31014   3.57862   0.04525  
  2 214870.5219 1226505.280934  x:  1.26577   3.58914   0.05121  
  3 4448.4150 1226287.973301  x:  1.31732   4.27638   0.05019  
  4 708.7085 1226035.375655  x:  1.18544   4.16908   0.05185  
  5  0.1898 1226032.882572  x:  1.19303   4.19521   0.05095  
  6  0.0265 1226032.840285  x:  1.19163   4.19589   0.05096  
  7  0.0019 1226032.839839  x:  1.19168   4.19687   0.05096  
  8  0.0008 1226032.839839  x:  1.19168   4.19688   0.05096  
  9  0.0000 1226032.839839  x:  1.19168   4.19688   0.05096  
 10  0.0000 1226032.839839  x:  1.19168   4.19688   0.05096  
check convergence!


7 (Bom_pas) ... 5 (And_mar)
  0  0.0000 1226240.824234  x:  1.14968   3.64631   0.06577  
  1 99.0000 1225586.799052  x:  1.14886   3.64643   0.05161  
  2 83374.3839 1225579.139515  x:  1.13024   3.66618   0.05267  
  3 557.0026 1225519.481409  x:  1.16559   4.01652   0.05189  
  4 638.4284 1225519.346415  x:  1.16388   4.01139   0.05179  
  5  0.0064 1225519.342236  x:  1.16345   4.00965   0.05183  
  6  0.0018 1225519.342230  x:  1.16345   4.00955   0.05182  
  7  0.0001 1225519.342230  x:  1.16345   4.00955   0.05182  

7 (Bom_pas) ... 6 (And_tri)
  0  0.0000 1241494.002329  x:  1.01761   3.36937   0.17839  
  1 99.0000 1225432.161568  x:  1.00230   3.37097   0.05697  
  2 164382.5717 1225319.405711  x:  1.03927   3.37416   0.05102  
  3 5791.7263 1225066.302203  x:  1.07792   4.06432   0.05184  
  4 821.6227 1224879.535465  x:  1.15175   4.01369   0.05304  
  5  0.1400 1224870.528356  x:  1.16629   4.03057   0.05125  
  6  0.0190 1224870.331964  x:  1.16930   4.04503   0.05127  
  7  0.0114 1224870.331137  x:  1.16926   4.04592   0.05126  
  8  0.0008 1224870.331135  x:  1.16926   4.04594   0.05126  