

2 (And_ful) ... 1 (And_bic)
  0  0.0000 1032944.170634  x:  0.16083   1.34336   0.45734  
  1 99.0000 1018900.152924  x:  0.12171   1.43737   0.05678  
  2 33801.5197 1018599.181904  x:  0.12761   1.44144   0.04062  
  3 172567.5927 1015071.033321  x:  0.17828   2.77109   0.07169  
  4 7145.7247 1014773.642663  x:  0.16157   3.23959   0.06329  
  5  0.3594 1014685.791851  x:  0.17166   3.58447   0.05991  
  6  0.1417 1014674.898385  x:  0.16900   3.77171   0.06173  
  7  0.0842 1014674.247235  x:  0.16978   3.78827   0.06248  
  8  0.0134 1014674.245866  x:  0.16974   3.78897   0.06250  
  9  0.0007 1014674.245862  x:  0.16974   3.78886   0.06251  
 10  0.0001 1014674.245862  x:  0.16974   3.78885   0.06251  
 11  0.0000 1014674.245862  x:  0.16974   3.78885   0.06251  
 12  0.0000 1014674.245862  x:  0.16974   3.78885   0.06251  
 13  0.0000 1014674.245862  x:  0.16974   3.78885   0.06251  
check convergence!


3 (And_hae) ... 1 (And_bic)
  0  0.0000 1012830.297205  x:  0.17004   3.30853   0.16189  
  1 99.0000 1011367.530867  x:  0.13400   3.30954   0.09736  
  2 34971.9883 1010808.430711  x:  0.14338   3.31010   0.06074  
  3 53437.2736 1010756.755517  x:  0.14476   3.82685   0.06445  
  4 215.8920 1010619.556729  x:  0.15874   3.64490   0.06831  
  5  0.2206 1010616.415125  x:  0.15953   3.66060   0.06585  
  6  0.0205 1010616.408775  x:  0.15960   3.65598   0.06582  
  7  0.0044 1010616.408773  x:  0.15960   3.65595   0.06582  
  8  0.0000 1010616.408773  x:  0.15960   3.65594   0.06582  

3 (And_hae) ... 2 (And_ful)
  0  0.0000 1009883.426593  x:  0.16386   3.26977   0.17924  
  1 99.0000 1008320.712630  x:  0.12592   3.27128   0.10949  
  2 34843.8938 1007501.902461  x:  0.13420   3.27231   0.06119  
  3 71376.7597 1007343.662831  x:  0.13673   4.23263   0.06874  
  4 379.8160 1007133.093141  x:  0.15468   4.01338   0.06874  
  5  0.2350 1007131.870487  x:  0.15481   4.01063   0.06705  
  6  0.0047 1007131.838208  x:  0.15480   3.99570   0.06700  
  7  0.0122 1007131.838112  x:  0.15478   3.99564   0.06700  
  8  0.0000 1007131.838112  x:  0.15478   3.99565   0.06700  
  9  0.0000 1007131.838112  x:  0.15478   3.99565   0.06700  

4 (And_hat) ... 1 (And_bic)
  0  0.0000 991403.654519  x:  0.10711   3.53039   0.17204  
  1 99.0000 990827.351158  x:  0.13536   3.53073   0.14231  
  2 30714.7837 989717.963294  x:  0.13385   3.53154   0.06606  
  3 44175.8748 989715.231541  x:  0.13368   3.66583   0.06726  
  4 37.0638 989611.886309  x:  0.12166   3.59474   0.06830  
  5  0.0725 989611.830533  x:  0.12165   3.59639   0.06791  
  6  0.0038 989611.828182  x:  0.12164   3.59247   0.06789  
  7  0.0041 989611.828182  x:  0.12164   3.59246   0.06789  
  8  0.0000 989611.828182  x:  0.12164   3.59247   0.06789  

4 (And_hat) ... 2 (And_ful)
  0  0.0000 1010293.369755  x:  0.16606   3.14319   0.08014  
  1 99.0000 1010126.654896  x:  0.15806   3.14378   0.06314  
  2 16434.1606 1010120.904446  x:  0.16075   3.14423   0.06112  
  3 3531.0218 1009933.323978  x:  0.16147   4.15317   0.06646  
  4 446.4312 1009932.243355  x:  0.16106   4.15396   0.06505  
  5  0.0018 1009932.233207  x:  0.16119   4.15509   0.06499  
  6  0.0011 1009932.233117  x:  0.16119   4.15588   0.06499  
  7  0.0005 1009932.233117  x:  0.16119   4.15589   0.06499  

4 (And_hat) ... 3 (And_hae)
  0  0.0000 1007518.626745  x:  0.13671   3.61720   0.13832  
  1 99.0000 1006560.744728  x:  0.17123   3.61794   0.08520  
  2 29917.5427 1006292.886435  x:  0.16404   3.61830   0.06139  
  3 33108.3489 1006242.908449  x:  0.16301   4.20180   0.06465  
  4 185.5718 1006174.394447  x:  0.15250   4.10496   0.06825  
  5  0.1205 1006174.242460  x:  0.15218   4.08639   0.06788  
  6  0.0193 1006174.238980  x:  0.15221   4.08206   0.06789  
  7  0.0042 1006174.238972  x:  0.15221   4.08207   0.06789  

5 (And_mar) ... 1 (And_bic)
  0  0.0000 971898.671829  x:  0.09055   3.49746   0.16940  
  1 99.0000 970629.469078  x:  0.08619   3.49819   0.06780  
  2 17738.1000 970594.093221  x:  0.09154   3.49819   0.06350  
  3 16179.1997 970588.496274  x:  0.09136   3.30429   0.06155  
  4 54.8487 970584.669994  x:  0.09193   3.24744   0.06456  
  5  0.1700 970584.658364  x:  0.09197   3.25531   0.06454  
  6  0.0085 970584.658274  x:  0.09197   3.25495   0.06453  
  7  0.0004 970584.658274  x:  0.09197   3.25495   0.06453  

5 (And_mar) ... 2 (And_ful)
  0  0.0000 1015556.464378  x:  0.17897   3.08085   0.14254  
  1 99.0000 1014055.651108  x:  0.14458   3.08211   0.08087  
  2 36950.3184 1013727.952340  x:  0.15452   3.08268   0.05701  
  3 37094.1138 1013598.214881  x:  0.15684   3.85032   0.06238  
  4 381.2044 1013542.156381  x:  0.16627   3.74692   0.06507  
  5  0.1295 1013540.888644  x:  0.16664   3.74228   0.06349  
  6  0.0053 1013540.882012  x:  0.16663   3.73628   0.06346  
  7  0.0047 1013540.882000  x:  0.16663   3.73627   0.06346  
  8  0.0000 1013540.882000  x:  0.16663   3.73627   0.06346  
  9  0.0000 1013540.882000  x:  0.16663   3.73627   0.06346  
 10  0.0000 1013540.882000  x:  0.16663   3.73627   0.06346  
 11  0.0000 1013540.882000  x:  0.16663   3.73627   0.06346  
check convergence!


5 (And_mar) ... 3 (And_hae)
  0  0.0000 1010496.346873  x:  0.15988   3.30707   0.16506  
  1 99.0000 1009031.035238  x:  0.12931   3.30818   0.09091  
  2 31321.7314 1008607.018364  x:  0.13930   3.30862   0.06080  
  3 55633.7084 1008565.907491  x:  0.14064   3.76905   0.06415  
  4 189.3879 1008434.544021  x:  0.15330   3.55642   0.07001  
  5  0.2859 1008430.540716  x:  0.15441   3.58169   0.06731  
  6  0.0282 1008430.531763  x:  0.15446   3.57551   0.06725  
  7  0.0060 1008430.531757  x:  0.15446   3.57543   0.06725  
  8  0.0001 1008430.531757  x:  0.15446   3.57543   0.06725  

5 (And_mar) ... 4 (And_hat)
  0  0.0000 987704.353477  x:  0.12345   3.27499   0.14882  
  1 99.0000 987190.586361  x:  0.10200   3.27543   0.11862  
  2 25884.4832 986550.069789  x:  0.10760   3.27618   0.06552  
  3 44384.5411 986531.495286  x:  0.10797   3.61335   0.06833  
  4 115.3985 986474.187261  x:  0.11609   3.54243   0.06911  
  5  0.0759 986473.906217  x:  0.11617   3.54840   0.06822  
  6  0.0107 986473.905956  x:  0.11617   3.54727   0.06820  
  7  0.0010 986473.905956  x:  0.11617   3.54724   0.06820  
  8  0.0000 986473.905956  x:  0.11617   3.54724   0.06820  

6 (And_tri) ... 1 (And_bic)
  0  0.0000 989299.375852  x:  0.11998   3.15860   0.19081  
  1 99.0000 988294.196502  x:  0.09289   3.15933   0.12702  
  2 26121.5809 987287.267681  x:  0.09803   3.16005   0.06040  
  3 109353.7027 987283.294267  x:  0.09837   3.29995   0.06174  
  4 34.9764 986962.536024  x:  0.11605   2.92899   0.06512  
  5  0.6325 986954.537433  x:  0.11688   3.01999   0.06164  
  6  0.1840 986954.457088  x:  0.11700   3.03369   0.06196  
  7  0.0154 986954.455013  x:  0.11705   3.03290   0.06193  
  8  0.0007 986954.455006  x:  0.11705   3.03279   0.06193  

6 (And_tri) ... 2 (And_ful)
  0  0.0000 1010390.265807  x:  0.15353   2.78329   0.09237  
  1 99.0000 1009883.343810  x:  0.16121   2.78431   0.05713  
  2 23665.5722 1009882.488203  x:  0.16004   2.78482   0.05682  
  3 1296.4040 1009704.023299  x:  0.15951   3.61422   0.06304  
  4 582.8822 1009699.793082  x:  0.16049   3.63127   0.06036  
  5  0.0248 1009699.754690  x:  0.16032   3.64159   0.06034  
  6  0.0080 1009699.752928  x:  0.16036   3.64367   0.06037  
  7  0.0017 1009699.752925  x:  0.16036   3.64370   0.06037  
  8  0.0000 1009699.752925  x:  0.16036   3.64370   0.06037  
  9  0.0000 1009699.752925  x:  0.16036   3.64370   0.06037  
check convergence!


6 (And_tri) ... 3 (And_hae)
  0  0.0000 1006557.448376  x:  0.12562   3.31528   0.11098  
  1 99.0000 1005862.255305  x:  0.15801   3.31552   0.08980  
  2 38829.8503 1005583.515505  x:  0.15518   3.31582   0.06254  
  3 22498.7156 1005574.027437  x:  0.15503   3.53579   0.06386  
  4 90.5957 1005559.648942  x:  0.15007   3.51879   0.06445  
  5  0.0156 1005559.646523  x:  0.15005   3.51804   0.06438  
  6  0.0010 1005559.646463  x:  0.15005   3.51759   0.06438  
  7  0.0005 1005559.646463  x:  0.15005   3.51757   0.06438  
  8  0.0000 1005559.646463  x:  0.15005   3.51757   0.06438  
  9  0.0000 1005559.646463  x:  0.15005   3.51757   0.06438  

6 (And_tri) ... 4 (And_hat)
  0  0.0000 985881.412400  x:  0.09190   3.18719   0.10059  
  1 99.0000 985316.275434  x:  0.11647   3.18731   0.09270  
  2 47769.8831 985081.580731  x:  0.11593   3.18775   0.06322  
  3 15005.9318 985064.375621  x:  0.11584   3.51371   0.06536  
  4 114.1296 985063.315493  x:  0.11496   3.51094   0.06431  
  5  0.0030 985063.233193  x:  0.11475   3.50856   0.06468  
  6  0.0029 985063.233191  x:  0.11475   3.50855   0.06468  

6 (And_tri) ... 5 (And_mar)
  0  0.0000 985572.869680  x:  0.09719   3.08014   0.12848  
  1 99.0000 985181.845224  x:  0.11837   3.08024   0.11369  
  2 32499.0414 984636.595076  x:  0.11694   3.08052   0.06535  
  3 25448.0575 984633.196370  x:  0.11702   2.95638   0.06427  
  4 52.5596 984615.484545  x:  0.11239   2.95187   0.06395  
  5  0.0058 984615.444050  x:  0.11235   2.95003   0.06428  
  6  0.0037 984615.443904  x:  0.11234   2.95042   0.06428  
  7  0.0004 984615.443904  x:  0.11234   2.95041   0.06428  
  8  0.0000 984615.443904  x:  0.11234   2.95041   0.06428  

7 (Bom_pas) ... 1 (And_bic)
  0  0.0000 1240184.179996  x:  1.01883   2.89389   0.15389  
  1 99.0000 1229771.055604  x:  1.00815   2.89589   0.06205  
  2 153809.1240 1229682.371728  x:  1.04900   2.91657   0.05663  
  3 3728.4847 1228787.630050  x:  1.10500   4.05606   0.06139  
  4 2409.5064 1228763.279017  x:  1.14124   4.05500   0.06002  
  5  0.0359 1228759.741463  x:  1.14392   4.07341   0.05892  
  6  0.0234 1228759.607701  x:  1.14477   4.09046   0.05895  
  7  0.0107 1228759.607319  x:  1.14490   4.09039   0.05895  
  8  0.0001 1228759.607318  x:  1.14491   4.09040   0.05895  

7 (Bom_pas) ... 2 (And_ful)
  0  0.0000 1249433.604648  x:  1.13834   3.43085   0.17796  
  1 99.0000 1233289.695519  x:  1.12076   3.43278   0.05892  
  2 169057.5234 1233269.232813  x:  1.14012   3.44595   0.05602  
  3 1789.5906 1232820.925024  x:  1.19052   4.38537   0.05779  
  4 1684.4132 1232804.499018  x:  1.22133   4.38442   0.05722  
  5  0.0372 1232803.701237  x:  1.22379   4.39131   0.05667  
  6  0.0073 1232803.690357  x:  1.22431   4.39651   0.05667  
  7  0.0037 1232803.690345  x:  1.22428   4.39653   0.05667  
  8  0.0000 1232803.690345  x:  1.22428   4.39653   0.05667  

7 (Bom_pas) ... 3 (And_hae)
  0  0.0000 1233408.687692  x:  1.27073   3.66421   0.09264  
  1 99.0000 1229514.589283  x:  1.26653   3.66463   0.05305  
  2 155004.9727 1229156.706916  x:  1.12525   3.69321   0.06388  
  3 4789.2374 1229031.840723  x:  1.17482   4.26924   0.06278  
  4 547.5809 1228963.550399  x:  1.14187   4.24290   0.06025  
  5  0.0595 1228962.694173  x:  1.14560   4.22143   0.05977  
  6  0.0231 1228962.669245  x:  1.14478   4.21471   0.05983  
  7  0.0061 1228962.669241  x:  1.14477   4.21470   0.05983  

7 (Bom_pas) ... 4 (And_hat)
  0  0.0000 1229357.433888  x:  1.26777   3.66314   0.04694  
  1 99.0000 1229215.066589  x:  1.26750   3.66323   0.05258  
  2 53046.2042 1228836.857560  x:  1.11950   3.69495   0.05796  
  3 4580.3880 1228694.273693  x:  1.16654   4.23742   0.05750  
  4 573.5624 1228690.222995  x:  1.15353   4.24388   0.05864  
  5  0.0134 1228689.972619  x:  1.15511   4.24013   0.05880  
  6  0.0034 1228689.972130  x:  1.15494   4.23933   0.05881  
  7  0.0007 1228689.972125  x:  1.15495   4.23926   0.05881  
  8  0.0001 1228689.972125  x:  1.15495   4.23926   0.05881  
  9  0.0000 1228689.972125  x:  1.15495   4.23926   0.05881  

7 (Bom_pas) ... 5 (And_mar)
  0  0.0000 1230555.813167  x:  1.04883   3.66917   0.09845  
  1 99.0000 1228160.242184  x:  1.04663   3.66943   0.06291  
  2 111240.0375 1228097.394783  x:  1.09594   3.67484   0.05875  
  3 2567.6664 1228022.258200  x:  1.11602   4.06107   0.05886  
  4 421.3921 1228012.495007  x:  1.12514   4.06075   0.06004  
  5  0.0153 1228012.265683  x:  1.12832   4.05999   0.05977  
  6  0.0028 1228012.265434  x:  1.12836   4.06072   0.05977  
  7  0.0006 1228012.265434  x:  1.12836   4.06072   0.05977  

7 (Bom_pas) ... 6 (And_tri)
  0  0.0000 1242778.897189  x:  0.99874   3.61574   0.19150  
  1 99.0000 1228267.734660  x:  0.98225   3.61715   0.06574  
  2 146008.1409 1228124.518992  x:  1.02459   3.61848   0.05830  
  3 6427.9129 1228007.818984  x:  1.04907   4.09959   0.05880  
  4 520.1994 1227792.928382  x:  1.12109   4.05289   0.06079  
  5  0.1476 1227783.959053  x:  1.13621   4.07312   0.05882  
  6  0.0210 1227783.820849  x:  1.13848   4.08415   0.05885  
  7  0.0094 1227783.820649  x:  1.13850   4.08453   0.05885  
  8  0.0004 1227783.820649  x:  1.13849   4.08455   0.05885  