Supplemental results for CODEML (seqf: /home/yzliu/eDNA/faststorage/yzliu/DK_proj/data/ref_genome/ref_annotation/primary_transcripts/extracted_cds_new/new_transcript_id_7_and_pas/bootstraps/cat.out.OG_cds_7_species_same_header_fas.shuf_537OG_270.phy  treef: xxx.trees)


pairwise comparison (Goldman & Yang 1994)
seq seq        N       S       dN       dS     dN/dS   Paras.
  2   1 491633.9 192381.1   0.0099   0.1696   0.0583   0.1644   3.7397   0.0583 -1056528.465
  3   1 491601.5 192413.5   0.0097   0.1617   0.0603   0.1574   3.5930   0.0603 -1053908.621
  3   2 489956.5 194058.5   0.0100   0.1541   0.0647   0.1526   4.0670   0.0647 -1050480.574
  4   1 491771.0 192244.0   0.0074   0.1207   0.0613   0.1177   3.5566   0.0613 -1030629.704
  4   2 489064.9 194950.1   0.0098   0.1583   0.0619   0.1564   4.1921   0.0619 -1051770.533
  4   3 488529.0 195486.0   0.0097   0.1505   0.0644   0.1498   4.0834   0.0644 -1049280.120
  5   1 495204.2 188810.8   0.0055   0.0926   0.0598   0.0887   3.0937   0.0598 -1011684.145
  5   2 490766.2 193248.8   0.0102   0.1676   0.0611   0.1641   3.8353   0.0611 -1056879.374
  5   3 491100.6 192914.4   0.0102   0.1573   0.0647   0.1550   3.6367   0.0647 -1053593.411
  5   4 491864.5 192150.5   0.0076   0.1146   0.0660   0.1129   3.5223   0.0660 -1028409.937
  6   1 496498.1 187516.9   0.0068   0.1224   0.0556   0.1155   2.9680   0.0556 -1029527.123
  6   2 492265.3 191749.7   0.0095   0.1629   0.0581   0.1574   3.6460   0.0581 -1052956.181
  6   3 492098.0 191917.0   0.0094   0.1569   0.0597   0.1523   3.5222   0.0597 -1051104.072
  6   4 493038.8 190976.2   0.0072   0.1164   0.0617   0.1131   3.3904   0.0617 -1028002.440
  6   5 496606.5 187408.5   0.0071   0.1179   0.0602   0.1123   2.9403   0.0602 -1028399.817
  7   1 488500.7 195514.3   0.0639   1.2009   0.0532   1.1667   4.1078   0.0532 -1279105.986
  7   2 485256.1 198758.9   0.0650   1.2643   0.0514   1.2406   4.3963   0.0514 -1282892.172
  7   3 487261.4 196753.6   0.0643   1.2045   0.0533   1.1767   4.2326   0.0533 -1279555.195
  7   4 487062.6 196952.4   0.0639   1.2068   0.0530   1.1790   4.2616   0.0530 -1278964.197
  7   5 488641.0 195374.0   0.0640   1.1900   0.0538   1.1568   4.1060   0.0538 -1278725.721
  7   6 488504.7 195510.3   0.0637   1.1979   0.0532   1.1637   4.1043   0.0532 -1278811.185

