

2 (And_ful) ... 1 (And_bic)
  0  0.0000 1069281.970557  x:  0.13802   1.62769   0.46985  
  1 99.0000 1066988.510350  x:  0.21660   1.64840   0.34624  
  2 38306.3195 1055823.920545  x:  0.23825   1.69593   0.04446  
  3 153030.6131 1055240.648172  x:  0.23244   2.20019   0.07931  
  4 2930.5775 1052795.345418  x:  0.20479   3.38734   0.03922  
  5  2.3591 1051809.412953  x:  0.16544   3.71412   0.06254  
  6  0.4036 1051787.376679  x:  0.16112   3.72947   0.05837  
  7  0.0158 1051784.083419  x:  0.16262   3.68675   0.05646  
  8  0.0382 1051783.078881  x:  0.16258   3.62072   0.05675  
  9  0.0222 1051783.024646  x:  0.16233   3.61669   0.05660  
 10  0.0040 1051783.024619  x:  0.16233   3.61690   0.05660  

3 (And_hae) ... 1 (And_bic)
  0  0.0000 1051855.164538  x:  0.15393   3.20692   0.13785  
  1 99.0000 1050081.103151  x:  0.15079   3.20806   0.05843  
  2 32252.5527 1050055.090294  x:  0.15727   3.20821   0.05652  
  3 8370.3908 1050028.785681  x:  0.15769   3.53483   0.05947  
  4 170.0955 1050027.672329  x:  0.15741   3.55258   0.05821  
  5  0.0445 1050027.671177  x:  0.15742   3.55483   0.05822  
  6  0.0019 1050027.671176  x:  0.15742   3.55484   0.05822  

3 (And_hae) ... 2 (And_ful)
  0  0.0000 1047796.245122  x:  0.15348   3.14474   0.18138  
  1 99.0000 1045753.129497  x:  0.11789   3.14689   0.09032  
  2 35110.7407 1045109.931420  x:  0.12632   3.14777   0.05375  
  3 91233.5547 1044861.496890  x:  0.13016   4.32937   0.06223  
  4 498.3035 1044605.570038  x:  0.14847   4.00676   0.06461  
  5  0.3702 1044601.270496  x:  0.14891   3.99474   0.06163  
  6  0.0146 1044601.198757  x:  0.14893   3.97290   0.06154  
  7  0.0181 1044601.198080  x:  0.14890   3.97257   0.06155  
  8  0.0003 1044601.198076  x:  0.14890   3.97260   0.06155  
  9  0.0000 1044601.198076  x:  0.14890   3.97260   0.06155  
 10  0.0000 1044601.198076  x:  0.14890   3.97260   0.06155  

4 (And_hat) ... 1 (And_bic)
  0  0.0000 1029668.250398  x:  0.12163   3.45554   0.15144  
  1 99.0000 1028385.758301  x:  0.09986   3.45638   0.07533  
  2 26917.4588 1028061.660758  x:  0.10794   3.45665   0.05054  
  3 71356.3751 1028040.185150  x:  0.10881   3.83561   0.05285  
  4 116.2017 1027912.637947  x:  0.11870   3.56460   0.05972  
  5  0.4228 1027908.221538  x:  0.11998   3.60968   0.05726  
  6  0.0472 1027908.197906  x:  0.12003   3.59819   0.05716  
  7  0.0117 1027908.197897  x:  0.12003   3.59806   0.05717  

4 (And_hat) ... 2 (And_ful)
  0  0.0000 1048742.584723  x:  0.16684   3.23863   0.13239  
  1 99.0000 1047349.689557  x:  0.13393   3.23968   0.07702  
  2 38019.7459 1046994.238722  x:  0.14284   3.24022   0.05237  
  3 40432.0441 1046842.851600  x:  0.14502   4.14922   0.05772  
  4 383.9181 1046785.902149  x:  0.15419   4.04583   0.05978  
  5  0.1246 1046784.719875  x:  0.15443   4.03847   0.05830  
  6  0.0085 1046784.707659  x:  0.15439   4.02957   0.05827  
  7  0.0066 1046784.707645  x:  0.15439   4.02955   0.05827  
  8  0.0000 1046784.707645  x:  0.15439   4.02955   0.05827  
  9  0.0000 1046784.707645  x:  0.15439   4.02955   0.05827  
 10  0.0000 1046784.707645  x:  0.15439   4.02955   0.05827  
check convergence!


4 (And_hat) ... 3 (And_hae)
  0  0.0000 1045970.193193  x:  0.13257   3.48752   0.05928  
  1 99.0000 1045753.900785  x:  0.15041   3.48765   0.05993  
  2 25387.4935 1045753.226628  x:  0.15050   3.48783   0.05881  
  3 1167.2945 1045710.565718  x:  0.15056   3.98559   0.06057  
  4 189.8380 1045710.544676  x:  0.15063   3.98587   0.06038  
  5  0.0003 1045710.544650  x:  0.15063   3.98609   0.06038  
  6  0.0002 1045710.544650  x:  0.15063   3.98611   0.06038  
  7  0.0000 1045710.544650  x:  0.15063   3.98611   0.06038  
  8  0.0000 1045710.544650  x:  0.15063   3.98611   0.06038  
  9  0.0000 1045710.544650  x:  0.15063   3.98611   0.06038  
check convergence!


5 (And_mar) ... 1 (And_bic)
  0  0.0000 1010429.986520  x:  0.07670   3.47950   0.17644  
  1 99.0000 1010093.961590  x:  0.09365   3.47956   0.16533  
  2 35716.3535 1008537.761442  x:  0.09409   3.48015   0.05776  
  3 28310.8678 1008521.592743  x:  0.09421   3.16090   0.05446  
  4 95.9141 1008504.727284  x:  0.09147   3.07194   0.05911  
  5  0.1272 1008497.253256  x:  0.08952   3.13227   0.05669  
  6  0.1251 1008497.232819  x:  0.08958   3.12828   0.05647  
  7  0.0044 1008497.232728  x:  0.08959   3.12885   0.05647  
  8  0.0006 1008497.232727  x:  0.08959   3.12885   0.05647  
  9  0.0000 1008497.232727  x:  0.08959   3.12885   0.05647  

5 (And_mar) ... 2 (And_ful)
  0  0.0000 1054539.108461  x:  0.15434   3.05164   0.17872  
  1 99.0000 1051315.397666  x:  0.15265   3.05426   0.05786  
  2 35208.8570 1051284.832643  x:  0.15975   3.05455   0.05599  
  3 9046.9745 1051208.812392  x:  0.16069   3.56687   0.06237  
  4 323.2885 1051200.188870  x:  0.15999   3.63289   0.05911  
  5  0.2045 1051200.114531  x:  0.16006   3.65119   0.05905  
  6  0.0148 1051200.113233  x:  0.16006   3.65190   0.05910  
  7  0.0007 1051200.113232  x:  0.16006   3.65192   0.05910  
  8  0.0000 1051200.113232  x:  0.16006   3.65192   0.05910  

5 (And_mar) ... 3 (And_hae)
  0  0.0000 1050608.552616  x:  0.15778   3.12793   0.12762  
  1 99.0000 1049409.561238  x:  0.13977   3.12889   0.06665  
  2 30915.6595 1049282.809013  x:  0.14952   3.12916   0.05542  
  3 23433.6180 1049229.207744  x:  0.15076   3.61211   0.05881  
  4 241.3225 1049215.980038  x:  0.15404   3.55616   0.06176  
  5  0.0957 1049215.766314  x:  0.15442   3.55046   0.06123  
  6  0.0052 1049215.766014  x:  0.15441   3.54942   0.06122  
  7  0.0009 1049215.766013  x:  0.15441   3.54941   0.06122  
  8  0.0000 1049215.766013  x:  0.15441   3.54941   0.06122  

5 (And_mar) ... 4 (And_hat)
  0  0.0000 1025558.854547  x:  0.10702   3.16883   0.04777  
  1 99.0000 1025437.414762  x:  0.11646   3.16889   0.05631  
  2 19883.2478 1025429.713729  x:  0.11447   3.16902   0.05967  
  3 4163.9691 1025403.410087  x:  0.11434   3.55942   0.06104  
  4 145.1509 1025403.284881  x:  0.11466   3.55762   0.06132  
  5  0.0016 1025403.284195  x:  0.11465   3.55751   0.06135  
  6  0.0001 1025403.284195  x:  0.11465   3.55748   0.06135  
  7  0.0000 1025403.284195  x:  0.11465   3.55748   0.06135  
check convergence!


6 (And_tri) ... 1 (And_bic)
  0  0.0000 1028135.057165  x:  0.11123   3.36533   0.18629  
  1 99.0000 1025496.442628  x:  0.11551   3.36611   0.05544  
  2 26044.4833 1025496.227148  x:  0.11501   3.36602   0.05540  
  3 836.0629 1025467.049678  x:  0.11525   3.01107   0.05117  
  4 160.9177 1025462.723332  x:  0.11506   2.95199   0.05363  
  5  0.2620 1025462.697206  x:  0.11506   2.96178   0.05375  
  6  0.0119 1025462.697183  x:  0.11506   2.96164   0.05376  
  7  0.0001 1025462.697182  x:  0.11506   2.96163   0.05376  

6 (And_tri) ... 2 (And_ful)
  0  0.0000 1050858.297193  x:  0.15474   2.67774   0.18764  
  1 99.0000 1047717.935087  x:  0.12171   2.68140   0.06781  
  2 37852.4585 1047304.080206  x:  0.13095   2.68216   0.04507  
  3 81017.9787 1046925.583585  x:  0.13762   3.88114   0.05482  
  4 763.4563 1046744.642664  x:  0.15261   3.55513   0.05841  
  5  0.4451 1046738.726005  x:  0.15319   3.51966   0.05518  
  6  0.0308 1046738.672642  x:  0.15317   3.50369   0.05516  
  7  0.0132 1046738.671775  x:  0.15313   3.50367   0.05516  
  8  0.0000 1046738.671775  x:  0.15313   3.50368   0.05516  
  9  0.0000 1046738.671775  x:  0.15313   3.50368   0.05516  
 10  0.0000 1046738.671775  x:  0.15313   3.50368   0.05516  

6 (And_tri) ... 3 (And_hae)
  0  0.0000 1047708.141475  x:  0.13181   3.18082   0.12694  
  1 99.0000 1046593.860325  x:  0.16927   3.18148   0.07677  
  2 35938.3097 1046284.594356  x:  0.16298   3.18179   0.05311  
  3 36306.3854 1046253.436597  x:  0.16219   3.56929   0.05532  
  4 173.6735 1046160.957461  x:  0.14997   3.47491   0.05877  
  5  0.1085 1046160.781590  x:  0.14986   3.46505   0.05822  
  6  0.0112 1046160.777933  x:  0.14989   3.46131   0.05822  
  7  0.0038 1046160.777932  x:  0.14989   3.46128   0.05822  

6 (And_tri) ... 4 (And_hat)
  0  0.0000 1024340.461766  x:  0.10039   3.15298   0.06226  
  1 99.0000 1024177.524320  x:  0.11361   3.15305   0.06036  
  2 25525.0751 1024171.579807  x:  0.11353   3.15320   0.05661  
  3 3112.4518 1024155.180577  x:  0.11349   3.45574   0.05787  
  4 114.7768 1024155.168414  x:  0.11348   3.45503   0.05770  
  5  0.0008 1024155.168412  x:  0.11348   3.45495   0.05770  

6 (And_tri) ... 5 (And_mar)
  0  0.0000 1024763.093864  x:  0.11554   2.99947   0.11030  
  1 99.0000 1024331.387427  x:  0.09971   2.99969   0.07845  
  2 22379.4993 1024118.198418  x:  0.10621   2.99982   0.05593  
  3 36156.0674 1024117.813763  x:  0.10620   2.95923   0.05570  
  4  5.6876 1024089.991823  x:  0.11090   2.93857   0.05977  
  5  0.0915 1024089.136723  x:  0.11138   2.94653   0.05852  
  6  0.0095 1024089.135955  x:  0.11137   2.94510   0.05849  
  7  0.0014 1024089.135953  x:  0.11137   2.94513   0.05850  

7 (Bom_pas) ... 1 (And_bic)
  0  0.0000 1288364.534926  x:  1.15242   2.77793   0.12769  
  1 99.0000 1277120.977567  x:  1.14315   2.77957   0.05021  
  2 196747.6799 1277004.635171  x:  1.09197   2.84374   0.05646  
  3 2910.3200 1275970.681198  x:  1.22733   4.06510   0.05317  
  4 4097.6415 1275900.448863  x:  1.18843   4.09308   0.05157  
  5  0.0703 1275898.745121  x:  1.18143   4.10684   0.05225  
  6  0.0151 1275898.715740  x:  1.18249   4.11412   0.05224  
  7  0.0044 1275898.714907  x:  1.18241   4.11463   0.05223  
  8  0.0005 1275898.714907  x:  1.18241   4.11463   0.05223  

7 (Bom_pas) ... 2 (And_ful)
  0  0.0000 1305599.486780  x:  1.56312   3.71743   0.14879  
  1 99.0000 1280769.788954  x:  1.54781   3.71887   0.03985  
  2 264473.1994 1280539.303765  x:  1.47109   3.73503   0.04882  
  3 6724.0716 1280207.107520  x:  1.54836   4.64704   0.04715  
  4 828.1008 1279221.349912  x:  1.23857   4.25451   0.05341  
  5  0.4722 1279188.327222  x:  1.24763   4.37854   0.05077  
  6  0.0951 1279188.205768  x:  1.24631   4.36337   0.05071  
  7  0.0131 1279188.200290  x:  1.24689   4.36298   0.05069  
  8  0.0012 1279188.200182  x:  1.24686   4.36269   0.05070  
  9  0.0003 1279188.200182  x:  1.24686   4.36269   0.05070  

7 (Bom_pas) ... 3 (And_hae)
  0  0.0000 1285668.267198  x:  1.35203   3.88529   0.10392  
  1 99.0000 1277047.036762  x:  1.34600   3.88577   0.04606  
  2 212964.3525 1276757.257909  x:  1.21996   3.90627   0.05653  
  3 4710.9221 1276698.879146  x:  1.25148   4.26337   0.05561  
  4 342.4774 1276534.697361  x:  1.17738   4.23557   0.05405  
  5  0.1238 1276527.843683  x:  1.19243   4.24634   0.05254  
  6  0.0225 1276527.812586  x:  1.19160   4.23925   0.05251  
  7  0.0067 1276527.812242  x:  1.19162   4.23872   0.05252  
  8  0.0005 1276527.812242  x:  1.19162   4.23872   0.05251  

7 (Bom_pas) ... 4 (And_hat)
  0  0.0000 1293441.261785  x:  1.44300   3.50810   0.12327  
  1 99.0000 1277745.724410  x:  1.43293   3.50915   0.04208  
  2 248415.1930 1277327.779756  x:  1.29147   3.54177   0.05610  
  3 6664.1128 1277023.258165  x:  1.36974   4.34020   0.05389  
  4 862.4154 1276419.576725  x:  1.17873   4.21744   0.05552  
  5  0.3158 1276375.379516  x:  1.21406   4.29612   0.05156  
  6  0.0958 1276374.040713  x:  1.20630   4.28667   0.05150  
  7  0.0146 1276374.036162  x:  1.20590   4.28467   0.05153  
  8  0.0020 1276374.035996  x:  1.20591   4.28417   0.05153  
  9  0.0004 1276374.035996  x:  1.20591   4.28417   0.05153  

7 (Bom_pas) ... 5 (And_mar)
  0  0.0000 1293017.543913  x:  1.12456   3.65201   0.16984  
  1 99.0000 1276122.186323  x:  1.10817   3.65323   0.05461  
  2 182175.1666 1276112.007122  x:  1.12056   3.65654   0.05278  
  3 1543.2699 1276014.810764  x:  1.14432   4.09382   0.05291  
  4 521.9340 1275993.493147  x:  1.17338   4.09724   0.05302  
  5  0.0417 1275993.258343  x:  1.17536   4.10030   0.05274  
  6  0.0035 1275993.257291  x:  1.17557   4.10162   0.05274  
  7  0.0011 1275993.257289  x:  1.17556   4.10165   0.05274  
  8  0.0000 1275993.257289  x:  1.17556   4.10165   0.05274  

7 (Bom_pas) ... 6 (And_tri)
  0  0.0000 1302986.776481  x:  1.42266   3.72693   0.17162  
  1 99.0000 1276659.445757  x:  1.40090   3.72862   0.04348  
  2 231067.5987 1276535.526201  x:  1.35651   3.73614   0.04994  
  3 5920.5820 1276382.693420  x:  1.39792   4.31877   0.04910  
  4 567.3057 1275772.177645  x:  1.17493   4.05620   0.05378  
  5  0.3312 1275761.337952  x:  1.18860   4.13987   0.05209  
  6  0.0746 1275760.971745  x:  1.18423   4.13196   0.05210  
  7  0.0126 1275760.963646  x:  1.18430   4.12842   0.05208  
  8  0.0031 1275760.963641  x:  1.18429   4.12837   0.05208  