Supplemental results for CODEML (seqf: /home/yzliu/eDNA/faststorage/yzliu/DK_proj/data/ref_genome/ref_annotation/primary_transcripts/extracted_cds_new/new_transcript_id_8_bom_apis/bootstraps/cat.out.OG_cds_8_species_same_header_fas.shuf_211OG_254.phy  treef: xxx.trees)


pairwise comparison (Goldman & Yang 1994)
seq seq        N       S       dN       dS     dN/dS   Paras.
  2   1 170575.7  58654.3   0.0572   0.5539   0.1032   0.5528   3.7881   0.1032 -405241.754
  3   1 170386.1  58843.9   0.0572   0.5645   0.1013   0.5622   3.8306   0.1013 -405686.702
  3   2 166201.5  63028.5   0.0135   0.1066   0.1267   0.1173   5.3223   0.1267 -343733.665
  4   1 170722.3  58507.7   0.0563   0.5626   0.1002   0.5567   3.8084   0.1002 -404852.167
  4   2 166703.7  62526.3   0.0124   0.1022   0.1210   0.1106   5.1429   0.1210 -341991.803
  4   3 165718.4  63511.6   0.0075   0.0602   0.1249   0.0664   5.9065   0.1249 -330601.219
  5   1 170837.4  58392.6   0.0572   0.5658   0.1010   0.5602   3.7800   0.1010 -405404.445
  5   2 166856.4  62373.6   0.0138   0.1077   0.1277   0.1180   5.0710   0.1277 -343856.483
  5   3 166622.3  62607.7   0.0085   0.0616   0.1373   0.0689   5.1666   0.1373 -331563.379
  5   4 166737.1  62492.9   0.0080   0.0634   0.1268   0.0695   5.3063   0.1268 -331428.281
  6   1 170821.3  58408.7   0.0573   0.5659   0.1012   0.5606   3.7929   0.1012 -405400.007
  6   2 166770.0  62460.0   0.0140   0.1086   0.1289   0.1193   5.1457   0.1289 -344147.799
  6   3 166205.6  63024.4   0.0086   0.0628   0.1365   0.0705   5.5221   0.1365 -331884.180
  6   4 166318.4  62911.6   0.0083   0.0638   0.1306   0.0707   5.6823   0.1306 -331731.490
  6   5 165973.3  63256.7   0.0028   0.0204   0.1349   0.0229   6.0803   0.1349 -316641.715
  7   1 170829.4  58400.6   0.0577   0.5651   0.1021   0.5608   3.7855   0.1021 -405676.807
  7   2 166838.8  62391.2   0.0144   0.1099   0.1308   0.1211   5.0853   0.1308 -344738.330
  7   3 166014.8  63215.2   0.0085   0.0634   0.1346   0.0710   5.6863   0.1346 -332006.497
  7   4 166342.0  62888.0   0.0084   0.0650   0.1296   0.0719   5.6532   0.1296 -332095.570
  7   5 167034.6  62195.4   0.0086   0.0593   0.1449   0.0670   5.1153   0.1449 -331041.697
  7   6 166730.3  62499.7   0.0088   0.0597   0.1474   0.0680   5.3726   0.1474 -331302.557
  8   1 170765.3  58464.7   0.0572   0.5673   0.1009   0.5619   3.8016   0.1009 -405479.969
  8   2 166573.1  62656.9   0.0136   0.1071   0.1265   0.1174   5.2740   0.1265 -343637.585
  8   3 166127.9  63102.1   0.0084   0.0610   0.1372   0.0686   5.5563   0.1372 -331418.270
  8   4 166217.1  63012.9   0.0081   0.0630   0.1284   0.0695   5.7392   0.1284 -331408.178
  8   5 165879.1  63350.9   0.0024   0.0190   0.1286   0.0210   6.1350   0.1286 -315949.830
  8   6 164961.6  64268.4   0.0027   0.0207   0.1290   0.0232   7.2286   0.1290 -316653.131
  8   7 166551.1  62678.9   0.0085   0.0586   0.1455   0.0667   5.4934   0.1455 -330925.195

