Supplemental results for CODEML (seqf: /home/yzliu/eDNA/faststorage/yzliu/DK_proj/data/ref_genome/ref_annotation/primary_transcripts/extracted_cds_new/new_transcript_id_7_and_pas/bootstraps/cat.out.OG_cds_7_species_same_header_fas.shuf_537OG_559.phy  treef: xxx.trees)


pairwise comparison (Goldman & Yang 1994)
seq seq        N       S       dN       dS     dN/dS   Paras.
  2   1 499957.0 194264.0   0.0104   0.1698   0.0611   0.1650   3.5649   0.0611 -1073024.384
  3   1 498660.4 195560.6   0.0102   0.1617   0.0629   0.1586   3.6006   0.0629 -1070082.001
  3   2 497751.7 196469.3   0.0101   0.1502   0.0675   0.1493   3.8879   0.0675 -1064683.129
  4   1 499046.9 195174.1   0.0080   0.1238   0.0650   0.1218   3.5688   0.0650 -1048577.111
  4   2 497726.9 196494.1   0.0098   0.1582   0.0622   0.1554   3.9200   0.0622 -1067016.963
  4   3 495716.5 198504.5   0.0096   0.1510   0.0639   0.1502   4.0537   0.0639 -1064392.066
  5   1 501616.3 192604.7   0.0061   0.0951   0.0639   0.0923   3.1981   0.0639 -1029029.655
  5   2 499627.5 194593.5   0.0106   0.1658   0.0638   0.1623   3.5647   0.0638 -1072458.543
  5   3 498720.1 195500.9   0.0103   0.1557   0.0660   0.1537   3.5566   0.0660 -1068279.209
  5   4 499238.2 194982.8   0.0081   0.1172   0.0689   0.1162   3.5076   0.0689 -1045897.294
  6   1 503540.2 190680.8   0.0076   0.1234   0.0612   0.1181   3.0039   0.0612 -1046797.180
  6   2 500586.8 193634.2   0.0096   0.1605   0.0596   0.1550   3.4606   0.0596 -1067505.292
  6   3 499229.0 194992.0   0.0096   0.1530   0.0627   0.1496   3.5066   0.0627 -1065237.017
  6   4 499602.5 194618.5   0.0075   0.1184   0.0631   0.1157   3.4768   0.0631 -1044497.222
  6   5 503863.6 190357.4   0.0077   0.1172   0.0660   0.1133   2.9441   0.0660 -1044719.898
  7   1 497056.8 197164.2   0.0673   1.2174   0.0553   1.1818   4.1153   0.0553 -1301904.343
  7   2 494285.7 199935.3   0.0683   1.2659   0.0540   1.2397   4.3349   0.0540 -1305308.425
  7   3 496193.1 198027.9   0.0677   1.2018   0.0563   1.1735   4.2229   0.0563 -1301512.615
  7   4 495540.2 198680.8   0.0672   1.2223   0.0550   1.1934   4.2727   0.0550 -1301634.491
  7   5 497591.8 196629.2   0.0674   1.1942   0.0564   1.1596   4.0794   0.0564 -1301193.481
  7   6 497383.4 196837.6   0.0671   1.2047   0.0557   1.1690   4.0886   0.0557 -1301226.970

