

2 (And_ful) ... 1 (And_bic)
  0  0.0000 1016328.806200  x:  0.15305   1.58933   0.45951  
  1 99.0000 1007428.636853  x:  0.08697   1.65176   0.09270  
  2 30889.6070 1006660.288248  x:  0.08815   1.65846   0.05296  
  3 729625.4156 1002177.542291  x:  0.12752   4.80797   0.10182  
  4 4676.4667 1001086.749146  x:  0.15158   4.25382   0.05691  
  5  0.3700 1000967.653412  x:  0.15944   3.88923   0.06691  
  6  0.1994 1000939.202684  x:  0.16245   3.59842   0.06136  
  7  0.2711 1000931.060904  x:  0.15906   3.49898   0.06085  
  8  0.0479 1000930.921924  x:  0.15902   3.49529   0.06135  
  9  0.0040 1000930.921909  x:  0.15903   3.49526   0.06135  
 10  0.0000 1000930.921909  x:  0.15903   3.49528   0.06135  
 11  0.0000 1000930.921909  x:  0.15903   3.49528   0.06135  

3 (And_hae) ... 1 (And_bic)
  0  0.0000 998689.454583  x:  0.13303   3.03713   0.09770  
  1 99.0000 998150.504510  x:  0.16022   3.03750   0.07394  
  2 30948.4748 998035.241822  x:  0.15636   3.03778   0.05935  
  3 17103.9894 998004.310705  x:  0.15603   3.39947   0.06142  
  4 182.6746 997995.587958  x:  0.15214   3.38769   0.06180  
  5  0.0123 997995.585991  x:  0.15212   3.38510   0.06182  
  6  0.0024 997995.585961  x:  0.15212   3.38491   0.06181  
  7  0.0002 997995.585961  x:  0.15212   3.38491   0.06181  
  8  0.0000 997995.585961  x:  0.15212   3.38491   0.06181  

3 (And_hae) ... 2 (And_ful)
  0  0.0000 995816.870713  x:  0.14091   2.93747   0.13236  
  1 99.0000 994550.911220  x:  0.15144   2.93937   0.06213  
  2 27152.3665 994540.583327  x:  0.14757   2.93975   0.06081  
  3 5119.2662 994364.657440  x:  0.14616   3.82369   0.06933  
  4 463.2046 994356.119547  x:  0.14767   3.86805   0.06532  
  5  0.0847 994355.999980  x:  0.14739   3.88937   0.06532  
  6  0.0158 994355.994363  x:  0.14745   3.89310   0.06538  
  7  0.0032 994355.994353  x:  0.14745   3.89319   0.06538  
  8  0.0001 994355.994353  x:  0.14745   3.89319   0.06538  

4 (And_hat) ... 1 (And_bic)
  0  0.0000 976851.783226  x:  0.09191   3.55399   0.05085  
  1 99.0000 976346.478735  x:  0.12000   3.55392   0.05995  
  2 47247.5661 976326.201654  x:  0.11851   3.55380   0.06745  
  3 5630.6278 976318.849292  x:  0.11854   3.34288   0.06669  
  4 65.2727 976296.616163  x:  0.11347   3.33006   0.06485  
  5  0.0114 976296.590792  x:  0.11349   3.33263   0.06459  
  6  0.0025 976296.590772  x:  0.11350   3.33231   0.06459  

4 (And_hat) ... 2 (And_ful)
  0  0.0000 996324.110733  x:  0.13823   3.03105   0.06999  
  1 99.0000 996212.929630  x:  0.15114   3.03141   0.06470  
  2 16394.9935 996208.058258  x:  0.15049   3.03185   0.06151  
  3 3154.8621 996065.187219  x:  0.15042   3.87516   0.06552  
  4 396.6651 996065.027449  x:  0.15052   3.87544   0.06493  
  5  0.0006 996065.027177  x:  0.15053   3.87640   0.06493  
  6  0.0007 996065.027169  x:  0.15053   3.87657   0.06493  
  7  0.0001 996065.027169  x:  0.15053   3.87657   0.06493  

4 (And_hat) ... 3 (And_hae)
  0  0.0000 995723.392472  x:  0.14533   3.45798   0.17860  
  1 99.0000 993834.667554  x:  0.12026   3.45956   0.07925  
  2 28993.1807 993526.976743  x:  0.13049   3.45994   0.05652  
  3 58913.3527 993455.664744  x:  0.13269   4.13330   0.06122  
  4 231.0525 993340.910849  x:  0.14320   3.84391   0.06799  
  5  0.4733 993337.662932  x:  0.14440   3.86139   0.06559  
  6  0.0163 993337.649124  x:  0.14442   3.85197   0.06553  
  7  0.0090 993337.649077  x:  0.14441   3.85188   0.06552  

5 (And_mar) ... 1 (And_bic)
  0  0.0000 960037.593092  x:  0.09195   3.34644   0.14215  
  1 99.0000 959809.883071  x:  0.07886   3.34651   0.12654  
  2 21158.5048 959176.295968  x:  0.08198   3.34675   0.06320  
  3 33627.8948 959167.197677  x:  0.08188   3.09309   0.06108  
  4 69.9050 959138.298117  x:  0.08651   3.04312   0.06454  
  5  0.0570 959136.870858  x:  0.08693   3.06608   0.06259  
  6  0.0469 959136.870254  x:  0.08692   3.06550   0.06256  
  7  0.0006 959136.870249  x:  0.08691   3.06563   0.06256  

5 (And_mar) ... 2 (And_ful)
  0  0.0000 1003303.926534  x:  0.16581   2.87224   0.13804  
  1 99.0000 1001918.370172  x:  0.14014   2.87378   0.07268  
  2 32991.3714 1001706.721224  x:  0.15040   2.87432   0.05569  
  3 31813.7981 1001552.455422  x:  0.15299   3.66021   0.06174  
  4 447.1698 1001524.957181  x:  0.15899   3.58381   0.06455  
  5  0.1096 1001524.183221  x:  0.15948   3.57430   0.06335  
  6  0.0090 1001524.179375  x:  0.15946   3.56989   0.06334  
  7  0.0033 1001524.179366  x:  0.15946   3.56991   0.06334  

5 (And_mar) ... 3 (And_hae)
  0  0.0000 998849.073356  x:  0.12557   3.21785   0.12387  
  1 99.0000 998040.265804  x:  0.16106   3.21818   0.09766  
  2 39876.9224 997608.400083  x:  0.15792   3.21859   0.06252  
  3 28442.4269 997595.865714  x:  0.15771   3.45889   0.06413  
  4 108.2323 997563.580493  x:  0.15018   3.43552   0.06493  
  5  0.0216 997563.575008  x:  0.15018   3.43413   0.06482  
  6  0.0020 997563.574741  x:  0.15018   3.43303   0.06482  

5 (And_mar) ... 4 (And_hat)
  0  0.0000 975201.176359  x:  0.10252   3.17503   0.09992  
  1 99.0000 975038.181965  x:  0.11583   3.17520   0.08684  
  2 18248.1144 974913.678198  x:  0.11295   3.17547   0.06627  
  3 16846.0719 974906.209962  x:  0.11282   3.38875   0.06761  
  4 74.4480 974901.495583  x:  0.11048   3.37591   0.06833  
  5  0.0133 974901.489887  x:  0.11046   3.37487   0.06820  
  6  0.0013 974901.489844  x:  0.11046   3.37438   0.06820  
  7  0.0005 974901.489844  x:  0.11046   3.37437   0.06820  

6 (And_tri) ... 1 (And_bic)
  0  0.0000 976648.498731  x:  0.09975   2.94953   0.14956  
  1 99.0000 976098.782979  x:  0.12614   2.94983   0.11712  
  2 28414.8985 975279.918489  x:  0.12370   2.95030   0.05776  
  3 48526.6088 975278.589461  x:  0.12377   2.87717   0.05709  
  4 26.4156 975159.236237  x:  0.11159   2.81270   0.06094  
  5  0.0832 975157.692492  x:  0.11130   2.83242   0.05922  
  6  0.0421 975157.690172  x:  0.11133   2.83140   0.05915  
  7  0.0011 975157.690170  x:  0.11133   2.83144   0.05915  
  8  0.0000 975157.690170  x:  0.11133   2.83145   0.05915  
  9  0.0000 975157.690170  x:  0.11133   2.83145   0.05915  
 10  0.0000 975157.690170  x:  0.11133   2.83145   0.05915  
 11  0.0107 975157.690170  x:  0.11133   2.83145   0.05915  
 12  0.0052 975157.690170  x:  0.11133   2.83145   0.05915  
check convergence!


6 (And_tri) ... 2 (And_ful)
  0  0.0000 999538.546983  x:  0.15529   2.87666   0.15709  
  1 99.0000 997626.643499  x:  0.12959   2.87862   0.06985  
  2 33147.2818 997364.567896  x:  0.14007   2.87912   0.05141  
  3 44458.4834 997219.120632  x:  0.14322   3.65161   0.05759  
  4 426.1460 997155.909508  x:  0.15165   3.49095   0.06197  
  5  0.2535 997154.102225  x:  0.15242   3.48010   0.06018  
  6  0.0097 997154.095811  x:  0.15241   3.47446   0.06016  
  7  0.0047 997154.095779  x:  0.15240   3.47448   0.06016  

6 (And_tri) ... 3 (And_hae)
  0  0.0000 997311.244946  x:  0.14778   3.06955   0.17270  
  1 99.0000 995334.399317  x:  0.12163   3.07127   0.07538  
  2 30801.2334 995022.707334  x:  0.13177   3.07167   0.05343  
  3 57683.9983 994952.884152  x:  0.13398   3.64106   0.05787  
  4 266.3606 994829.842622  x:  0.14499   3.38137   0.06434  
  5  0.4221 994826.405423  x:  0.14623   3.40147   0.06202  
  6  0.0189 994826.388818  x:  0.14625   3.39272   0.06195  
  7  0.0084 994826.388772  x:  0.14624   3.39262   0.06195  
  8  0.0001 994826.388772  x:  0.14624   3.39262   0.06195  
  9  0.0000 994826.388772  x:  0.14624   3.39262   0.06195  

6 (And_tri) ... 4 (And_hat)
  0  0.0000 975624.689289  x:  0.11407   3.05127   0.19347  
  1 99.0000 974988.816716  x:  0.09091   3.05199   0.15529  
  2 26322.3829 973568.404175  x:  0.09432   3.05367   0.06321  
  3 72703.6060 973543.174275  x:  0.09481   3.41692   0.06743  
  4 144.9308 973356.770165  x:  0.10848   3.35445   0.06107  
  5  0.0684 973352.771869  x:  0.10886   3.31544   0.06413  
  6  0.1021 973352.766522  x:  0.10893   3.31569   0.06407  
  7  0.0002 973352.766520  x:  0.10893   3.31570   0.06407  
  8  0.0000 973352.766520  x:  0.10893   3.31571   0.06407  
  9  0.0000 973352.766520  x:  0.10893   3.31570   0.06407  
 10  0.0000 973352.766520  x:  0.10893   3.31571   0.06407  

6 (And_tri) ... 5 (And_mar)
  0  0.0000 976800.626002  x:  0.11373   3.10299   0.19672  
  1 99.0000 976162.340304  x:  0.09071   3.10336   0.15664  
  2 25497.9388 974779.364974  x:  0.09426   3.10412   0.06491  
  3 76539.1740 974772.884443  x:  0.09408   2.93643   0.06300  
  4 66.9380 974554.526773  x:  0.10871   2.77376   0.06582  
  5  0.1885 974550.918738  x:  0.10916   2.82293   0.06318  
  6  0.1354 974550.882243  x:  0.10923   2.83276   0.06338  
  7  0.0113 974550.881622  x:  0.10926   2.83233   0.06336  
  8  0.0004 974550.881620  x:  0.10926   2.83229   0.06336  
  9  0.0000 974550.881620  x:  0.10926   2.83228   0.06336  
 10  0.0000 974550.881620  x:  0.10926   2.83229   0.06336  
 11  0.0000 974550.881620  x:  0.10926   2.83229   0.06336  
check convergence!


7 (Bom_pas) ... 1 (And_bic)
  0  0.0000 1235760.795140  x:  1.21536   2.62251   0.15353  
  1 99.0000 1219597.281166  x:  1.19805   2.62528   0.04994  
  2 193792.2799 1219355.590871  x:  1.12228   2.66102   0.06081  
  3 6242.9558 1218385.714093  x:  1.23440   3.78502   0.05986  
  4 2325.2825 1217917.397375  x:  1.11060   3.82760   0.05888  
  5  0.1782 1217909.135335  x:  1.11785   3.88629   0.05729  
  6  0.0506 1217908.513936  x:  1.11799   3.91710   0.05753  
  7  0.0200 1217908.505486  x:  1.11871   3.91812   0.05751  
  8  0.0014 1217908.505475  x:  1.11871   3.91814   0.05751  
  9  0.0000 1217908.505475  x:  1.11871   3.91814   0.05751  
check convergence!


7 (Bom_pas) ... 2 (And_ful)
  0  0.0000 1222392.555893  x:  1.23865   3.42011   0.06516  
  1 99.0000 1221759.273265  x:  1.23744   3.42035   0.05154  
  2 84067.3731 1221558.818860  x:  1.13232   3.45772   0.05706  
  3 3398.6779 1221280.051694  x:  1.19805   4.18725   0.05630  
  4 899.5623 1221272.914447  x:  1.18932   4.19655   0.05543  
  5  0.0142 1221272.899377  x:  1.18892   4.20041   0.05547  
  6  0.0035 1221272.898992  x:  1.18906   4.20114   0.05547  
  7  0.0006 1221272.898992  x:  1.18906   4.20114   0.05547  

7 (Bom_pas) ... 3 (And_hae)
  0  0.0000 1220037.925700  x:  0.99752   3.78829   0.04418  
  1 99.0000 1218687.397314  x:  0.99888   3.78825   0.06372  
  2 161074.7321 1218423.990388  x:  1.10515   3.78820   0.05984  
  3 5321.3546 1218390.417678  x:  1.11838   4.04848   0.05987  
  4 267.7680 1218382.643040  x:  1.12433   4.05097   0.05808  
  5  0.0049 1218382.639967  x:  1.12469   4.05314   0.05807  
  6  0.0018 1218382.639944  x:  1.12471   4.05302   0.05807  
  7  0.0001 1218382.639944  x:  1.12471   4.05302   0.05807  
  8  0.0000 1218382.639944  x:  1.12471   4.05302   0.05807  
check convergence!


7 (Bom_pas) ... 4 (And_hat)
  0  0.0000 1236147.939635  x:  1.24081   3.68841   0.17081  
  1 99.0000 1218154.269617  x:  1.22046   3.68988   0.05237  
  2 183859.4149 1218088.781617  x:  1.18484   3.69628   0.05781  
  3 3755.8758 1218011.171371  x:  1.21138   4.09421   0.05726  
  4 415.2090 1217864.860813  x:  1.12519   4.03553   0.05798  
  5  0.1399 1217863.542233  x:  1.13012   4.05275   0.05726  
  6  0.0180 1217863.532625  x:  1.12950   4.05287   0.05726  
  7  0.0007 1217863.532604  x:  1.12951   4.05307   0.05727  
  8  0.0002 1217863.532604  x:  1.12951   4.05307   0.05727  

7 (Bom_pas) ... 5 (And_mar)
  0  0.0000 1231324.357427  x:  1.02186   3.59090   0.17701  
  1 99.0000 1217997.215344  x:  1.00650   3.59206   0.06259  
  2 149901.6591 1217930.956100  x:  1.03788   3.59325   0.05752  
  3 4062.4370 1217874.821047  x:  1.05501   3.91892   0.05775  
  4 363.3025 1217784.145557  x:  1.10239   3.90324   0.05913  
  5  0.0866 1217782.202095  x:  1.10919   3.91173   0.05822  
  6  0.0096 1217782.189949  x:  1.10982   3.91515   0.05823  
  7  0.0031 1217782.189941  x:  1.10982   3.91524   0.05823  

7 (Bom_pas) ... 6 (And_tri)
  0  0.0000 1235861.976223  x:  1.15850   3.32223   0.18055  
  1 99.0000 1217751.285167  x:  1.13623   3.32424   0.05485  
  2 173566.0108 1217727.064017  x:  1.11680   3.33237   0.05813  
  3 2361.0013 1217522.376583  x:  1.15919   3.93122   0.05757  
  4 828.5479 1217477.546482  x:  1.11770   3.92506   0.05743  
  5  0.0581 1217477.517204  x:  1.11797   3.92927   0.05735  
  6  0.0038 1217477.516788  x:  1.11802   3.93005   0.05736  
  7  0.0007 1217477.516787  x:  1.11801   3.93005   0.05736  