Supplemental results for CODEML (seqf: /home/yzliu/eDNA/faststorage/yzliu/DK_proj/data/ref_genome/ref_annotation/primary_transcripts/extracted_cds_new/new_transcript_id_7_and_pas/bootstraps/cat.out.OG_cds_7_species_same_header_fas.shuf_537OG_412.phy  treef: xxx.trees)


pairwise comparison (Goldman & Yang 1994)
seq seq        N       S       dN       dS     dN/dS   Paras.
  2   1 498207.4 195563.6   0.0098   0.1706   0.0572   0.1653   3.6645   0.0572 -1072046.331
  3   1 497601.5 196169.5   0.0090   0.1630   0.0551   0.1576   3.6134   0.0551 -1067574.576
  3   2 497146.5 196624.5   0.0093   0.1572   0.0591   0.1536   3.8924   0.0591 -1065203.033
  4   1 498034.3 195736.7   0.0072   0.1212   0.0593   0.1181   3.5339   0.0593 -1045245.657
  4   2 495769.8 198001.2   0.0094   0.1589   0.0592   0.1562   4.0666   0.0592 -1066389.345
  4   3 495016.4 198754.6   0.0088   0.1523   0.0579   0.1498   4.0161   0.0579 -1062870.081
  5   1 501174.3 192596.7   0.0052   0.0933   0.0562   0.0891   3.1110   0.0562 -1025881.968
  5   2 497639.2 196131.8   0.0098   0.1671   0.0584   0.1628   3.7006   0.0584 -1071064.607
  5   3 497573.0 196198.0   0.0092   0.1577   0.0581   0.1535   3.5837   0.0581 -1066238.804
  5   4 498353.2 195417.8   0.0071   0.1145   0.0621   0.1121   3.4626   0.0621 -1042099.278
  6   1 502449.7 191321.3   0.0066   0.1195   0.0550   0.1132   2.9877   0.0550 -1042621.439
  6   2 498386.0 195385.0   0.0088   0.1607   0.0550   0.1548   3.6201   0.0550 -1065925.601
  6   3 498349.6 195421.4   0.0084   0.1536   0.0550   0.1480   3.5001   0.0550 -1062526.273
  6   4 498618.6 195152.4   0.0067   0.1137   0.0587   0.1103   3.4444   0.0587 -1040347.686
  6   5 502844.7 190926.3   0.0067   0.1129   0.0589   0.1077   2.9245   0.0589 -1039821.682
  7   1 496021.2 197749.8   0.0600   1.1694   0.0513   1.1286   4.1914   0.0513 -1287853.875
  7   2 492322.7 201448.3   0.0610   1.2391   0.0492   1.2092   4.5071   0.0492 -1291957.192
  7   3 494430.7 199340.3   0.0601   1.1779   0.0510   1.1439   4.3493   0.0510 -1288150.384
  7   4 494493.2 199277.8   0.0598   1.1772   0.0508   1.1423   4.3625   0.0508 -1287449.349
  7   5 496419.9 197351.1   0.0598   1.1565   0.0517   1.1152   4.1747   0.0517 -1286864.734
  7   6 496190.0 197581.0   0.0595   1.1641   0.0511   1.1223   4.1849   0.0511 -1286812.788

