

2 (Bom_con) ... 1 (Apis_mel)
  0  0.0000 415888.175363  x:  0.46080   1.61644   0.50828  
  1 99.0000 406634.541831  x:  0.45096   1.69859   0.09855  
  2 21665.0929 406385.381021  x:  0.49848   1.71559   0.07819  
  3 10590.8402 405046.558686  x:  0.58760   2.65933   0.11626  
  4 3891.3878 404615.075891  x:  0.52502   3.25902   0.10436  
  5  1.2699 404497.500761  x:  0.57837   3.71207   0.09886  
  6  0.1941 404489.786967  x:  0.57004   3.86183   0.09853  
  7  0.0886 404489.049569  x:  0.57075   3.88593   0.10000  
  8  0.0172 404489.047365  x:  0.57066   3.88834   0.09997  
  9  0.0022 404489.047351  x:  0.57068   3.88850   0.09997  
 10  0.0001 404489.047351  x:  0.57068   3.88849   0.09997  
 11  0.0000 404489.047351  x:  0.57068   3.88850   0.09997  

3 (Bom_hor) ... 1 (Apis_mel)
  0  0.0000 407037.025789  x:  0.48283   3.42890   0.18566  
  1 99.0000 405929.294265  x:  0.50109   3.43003   0.10268  
  2 19962.0913 405696.277024  x:  0.58331   3.43164   0.09497  
  3 6723.8023 405660.075368  x:  0.58784   3.86270   0.09786  
  4 178.9493 405659.805807  x:  0.58847   3.86850   0.09693  
  5  0.0136 405659.772887  x:  0.58955   3.86937   0.09686  
  6  0.0011 405659.772884  x:  0.58955   3.86941   0.09686  
  7  0.0000 405659.772884  x:  0.58955   3.86942   0.09686  

3 (Bom_hor) ... 2 (Bom_con)
  0  0.0000 343124.572333  x:  0.11288   3.34361   0.10855  
  1 99.0000 343107.382080  x:  0.12002   3.34390   0.11404  
  2 3894.9201 343097.220965  x:  0.11725   3.34492   0.12646  
  3 2014.6362 343020.557254  x:  0.11698   4.66327   0.13466  
  4 142.2284 343020.461494  x:  0.11756   4.66272   0.13434  
  5  0.0008 343020.461409  x:  0.11755   4.66332   0.13431  
  6  0.0004 343020.461407  x:  0.11755   4.66355   0.13431  

4 (Bom_hyp) ... 1 (Apis_mel)
  0  0.0000 405785.117491  x:  0.50164   4.03547   0.21448  
  1 99.0000 404166.100702  x:  0.50520   4.03584   0.10475  
  2 21338.4984 404008.611519  x:  0.57089   4.03477   0.09109  
  3 5315.0362 404007.652558  x:  0.56991   3.95722   0.09080  
  4 18.5539 403991.790352  x:  0.57503   3.92032   0.09678  
  5  0.1523 403991.777230  x:  0.57545   3.92728   0.09667  
  6  0.0066 403991.776957  x:  0.57551   3.92643   0.09665  
  7  0.0008 403991.776957  x:  0.57551   3.92643   0.09665  

4 (Bom_hyp) ... 2 (Bom_con)
  0  0.0000 339858.060346  x:  0.09523   3.38004   0.12048  
  1 99.0000 339820.416861  x:  0.10576   3.38026   0.12107  
  2 7414.4733 339819.942753  x:  0.10566   3.38309   0.12423  
  3 227.4117 339717.620448  x:  0.10550   5.09445   0.13349  
  4 276.9508 339717.499643  x:  0.10564   5.09359   0.13183  
  5  0.0016 339717.499329  x:  0.10563   5.09640   0.13179  
  6  0.0018 339717.499299  x:  0.10563   5.09717   0.13181  
  7  0.0006 339717.499299  x:  0.10563   5.09718   0.13181  

4 (Bom_hyp) ... 3 (Bom_hor)
  0  0.0000 330587.515188  x:  0.06539   4.22213   0.18553  
  1 99.0000 330577.359283  x:  0.06988   4.22217   0.18328  
  2 4188.6428 330523.294366  x:  0.06975   4.22304   0.13303  
  3 2333.1106 330519.928805  x:  0.06970   4.62614   0.13621  
  4 17.5674 330519.847201  x:  0.06946   4.62452   0.13486  
  5  0.0026 330519.843217  x:  0.06938   4.62548   0.13510  
  6  0.0011 330519.843209  x:  0.06938   4.62613   0.13510  

5 (Bom_mus) ... 1 (Apis_mel)
  0  0.0000 405454.674436  x:  0.52631   4.01889   0.18296  
  1 99.0000 404416.467465  x:  0.52484   4.01911   0.10337  
  2 20141.3230 404325.217043  x:  0.57537   4.01813   0.09303  
  3 3798.7284 404324.155741  x:  0.57428   3.93529   0.09276  
  4 23.7847 404316.704900  x:  0.57821   3.91602   0.09703  
  5  0.0503 404316.669074  x:  0.57878   3.92091   0.09671  
  6  0.0045 404316.668882  x:  0.57883   3.92016   0.09670  
  7  0.0007 404316.668882  x:  0.57883   3.92020   0.09670  

5 (Bom_mus) ... 2 (Bom_con)
  0  0.0000 341795.117001  x:  0.10454   3.34345   0.16783  
  1 99.0000 341762.195996  x:  0.11493   3.34390   0.16156  
  2 5607.7223 341703.065424  x:  0.11404   3.34663   0.12389  
  3 3705.3488 341579.965722  x:  0.11355   5.13604   0.14085  
  4 176.5551 341577.668981  x:  0.11319   5.15789   0.13385  
  5  0.0257 341577.638370  x:  0.11305   5.19091   0.13388  
  6  0.0177 341577.636506  x:  0.11311   5.19470   0.13398  
  7  0.0032 341577.636497  x:  0.11311   5.19482   0.13397  

5 (Bom_mus) ... 3 (Bom_hor)
  0  0.0000 331195.619036  x:  0.07114   4.31717   0.12542  
  1 99.0000 331191.747088  x:  0.07308   4.31722   0.13329  
  2 982.8952 331188.602937  x:  0.07108   4.31728   0.14040  
  3 3514.5311 331187.357278  x:  0.07101   4.56006   0.14160  
  4 10.6635 331187.333627  x:  0.07117   4.56114   0.14223  
  5  0.0011 331187.333485  x:  0.07116   4.55950   0.14226  
  6  0.0015 331187.333485  x:  0.07116   4.55943   0.14226  

5 (Bom_mus) ... 4 (Bom_hyp)
  0  0.0000 329223.069576  x:  0.06738   3.81550   0.21557  
  1 99.0000 329209.003291  x:  0.06246   3.81572   0.20981  
  2 3619.0337 329058.457077  x:  0.06417   3.81912   0.12144  
  3 6132.1511 329007.083047  x:  0.06430   5.48781   0.13866  
  4 76.1947 329003.745564  x:  0.06539   5.54081   0.12877  
  5  0.0786 329003.590760  x:  0.06588   5.56064   0.12974  
  6  0.0210 329003.585738  x:  0.06588   5.58016   0.12963  
  7  0.0115 329003.585485  x:  0.06587   5.58182   0.12972  

6 (Bom_pas) ... 1 (Apis_mel)
  0  0.0000 406486.194068  x:  0.53973   4.66661   0.23214  
  1 99.0000 404469.402822  x:  0.52517   4.66622   0.10781  
  2 22487.2844 404365.004649  x:  0.57258   4.66360   0.09288  
  3 4366.3274 404298.206122  x:  0.56254   3.94330   0.09091  
  4 169.3287 404270.384390  x:  0.57588   3.89763   0.09730  
  5  0.1413 404270.146466  x:  0.57804   3.92701   0.09697  
  6  0.0333 404270.136070  x:  0.57834   3.92184   0.09684  
  7  0.0056 404270.136053  x:  0.57833   3.92185   0.09684  
  8  0.0000 404270.136053  x:  0.57833   3.92185   0.09684  
  9  0.0000 404270.136053  x:  0.57833   3.92185   0.09684  
check convergence!


6 (Bom_pas) ... 2 (Bom_con)
  0  0.0000 341712.776005  x:  0.09964   3.52937   0.19184  
  1 99.0000 341648.727361  x:  0.11391   3.52970   0.18526  
  2 8573.4143 341523.056888  x:  0.11366   3.53269   0.12569  
  3 4302.5984 341431.770002  x:  0.11333   5.10577   0.14147  
  4 142.9745 341429.171828  x:  0.11288   5.13847   0.13405  
  5  0.0443 341429.119508  x:  0.11254   5.16752   0.13431  
  6  0.0210 341429.115662  x:  0.11262   5.17775   0.13436  
  7  0.0066 341429.115660  x:  0.11261   5.17784   0.13435  
  8  0.0001 341429.115660  x:  0.11261   5.17784   0.13436  

6 (Bom_pas) ... 3 (Bom_hor)
  0  0.0000 331230.916367  x:  0.05987   4.33512   0.22988  
  1 99.0000 331166.542516  x:  0.07067   4.33516   0.22783  
  2 12435.0585 331039.764655  x:  0.07098   4.33655   0.14125  
  3 2462.4777 331036.979649  x:  0.07096   4.70540   0.14470  
  4 15.9607 331036.910231  x:  0.07097   4.71112   0.14309  
  5  0.0108 331036.910221  x:  0.07097   4.71098   0.14307  
  6  0.0001 331036.910221  x:  0.07097   4.71098   0.14307  
  7  0.0000 331036.910221  x:  0.07097   4.71098   0.14307  
  8  0.0029 331036.910221  x:  0.07097   4.71098   0.14307  
  9  0.0000 331036.910221  x:  0.07097   4.71098   0.14307  
 10  0.0000 331036.910221  x:  0.07097   4.71098   0.14307  
 11  0.1471 331036.910221  x:  0.07097   4.71098   0.14307  
check convergence!


6 (Bom_pas) ... 4 (Bom_hyp)
  0  0.0000 329168.980157  x:  0.05728   4.00127   0.12401  
  1 99.0000 329121.736383  x:  0.06633   4.00133   0.12427  
  2 10998.7932 329121.337254  x:  0.06629   4.00274   0.12806  
  3 206.1574 329066.114037  x:  0.06609   5.91339   0.13802  
  4 83.6353 329066.002675  x:  0.06615   5.91347   0.13597  
  5  0.0018 329066.002271  x:  0.06615   5.91862   0.13591  
  6  0.0032 329066.002236  x:  0.06615   5.91980   0.13595  
  7  0.0010 329066.002235  x:  0.06615   5.91978   0.13595  
  8  0.0000 329066.002235  x:  0.06615   5.91978   0.13595  
  9  0.0000 329066.002235  x:  0.06615   5.91979   0.13595  
 10  0.0004 329066.002235  x:  0.06615   5.91979   0.13595  

6 (Bom_pas) ... 5 (Bom_mus)
  0  0.0000 314363.147772  x:  0.01943   4.80291   0.16614  
  1 99.0000 314359.191111  x:  0.02091   4.80291   0.16595  
  2 5480.8710 314338.376304  x:  0.02097   4.80389   0.11482  
  3 708.0099 314334.265409  x:  0.02093   5.81087   0.12079  
  4  9.1606 314334.201562  x:  0.02092   5.82245   0.11835  
  5  0.0173 314334.201323  x:  0.02091   5.82859   0.11835  
  6  0.0049 314334.201319  x:  0.02091   5.82961   0.11836  
  7  0.0035 314334.201316  x:  0.02091   5.82974   0.11836  

7 (Bom_syl) ... 1 (Apis_mel)
  0  0.0000 405784.614052  x:  0.47187   4.83732   0.10394  
  1 99.0000 405524.896554  x:  0.51214   4.83608   0.12862  
  2 11757.9375 405247.130646  x:  0.58496   4.83308   0.09886  
  3 10714.7210 405137.820790  x:  0.57687   3.91363   0.09772  
  4 212.3804 405135.668671  x:  0.57949   3.91924   0.09996  
  5  0.0077 405135.544707  x:  0.58148   3.92325   0.09954  
  6  0.0041 405135.544453  x:  0.58146   3.92200   0.09954  
  7  0.0017 405135.544451  x:  0.58146   3.92200   0.09953  

7 (Bom_syl) ... 2 (Bom_con)
  0  0.0000 342977.235418  x:  0.11145   3.39443   0.15243  
  1 99.0000 342963.808940  x:  0.11824   3.39482   0.14903  
  2 3605.9759 342949.051022  x:  0.11767   3.39703   0.13061  
  3 1856.2297 342835.791230  x:  0.11739   5.09361   0.14518  
  4 170.7469 342834.928397  x:  0.11746   5.10323   0.14067  
  5  0.0103 342834.920398  x:  0.11748   5.12124   0.14070  
  6  0.0091 342834.920335  x:  0.11747   5.12141   0.14074  
  7  0.0002 342834.920335  x:  0.11747   5.12141   0.14074  

7 (Bom_syl) ... 3 (Bom_hor)
  0  0.0000 332294.183399  x:  0.06780   4.34849   0.15732  
  1 99.0000 332269.732978  x:  0.07484   4.34850   0.15681  
  2 7179.2188 332266.167798  x:  0.07492   4.34883   0.14507  
  3 577.5311 332264.546612  x:  0.07490   4.62198   0.14680  
  4 12.3891 332264.540983  x:  0.07492   4.62070   0.14633  
  5  0.0015 332264.540981  x:  0.07492   4.62055   0.14633  
  6  0.0001 332264.540981  x:  0.07492   4.62053   0.14633  

7 (Bom_syl) ... 4 (Bom_hyp)
  0  0.0000 330331.407212  x:  0.06741   3.85498   0.13000  
  1 99.0000 330328.180392  x:  0.06994   3.85506   0.13017  
  2 2588.2418 330327.920363  x:  0.06989   3.85692   0.13323  
  3 150.2422 330273.165512  x:  0.06969   5.62915   0.14284  
  4 108.3364 330273.073233  x:  0.06978   5.61160   0.14095  
  5  0.0154 330273.072638  x:  0.06977   5.60530   0.14089  
  6  0.0039 330273.072597  x:  0.06977   5.60449   0.14092  
  7  0.0007 330273.072597  x:  0.06977   5.60446   0.14091  

7 (Bom_syl) ... 5 (Bom_mus)
  0  0.0000 329810.126953  x:  0.07039   4.68479   0.15985  
  1 99.0000 329804.428127  x:  0.06687   4.68482   0.15923  
  2 3295.4142 329801.133858  x:  0.06708   4.68541   0.14711  
  3 529.4674 329794.218703  x:  0.06704   5.39021   0.15119  
  4 22.0665 329794.184567  x:  0.06721   5.37253   0.15025  
  5  0.0181 329794.184262  x:  0.06721   5.36788   0.15026  
  6  0.0038 329794.184261  x:  0.06720   5.36795   0.15026  
  7  0.0000 329794.184261  x:  0.06720   5.36795   0.15026  
check convergence!


7 (Bom_syl) ... 6 (Bom_pas)
  0  0.0000 329913.580997  x:  0.05448   4.46915   0.16183  
  1 99.0000 329815.182590  x:  0.06733   4.46919   0.16145  
  2 16530.1406 329810.857893  x:  0.06741   4.47008   0.14863  
  3 589.1937 329793.425229  x:  0.06734   5.54011   0.15542  
  4 37.1181 329793.246134  x:  0.06737   5.54438   0.15256  
  5  0.0053 329793.245756  x:  0.06737   5.54998   0.15257  
  6  0.0038 329793.245754  x:  0.06737   5.55004   0.15257  
  7  0.0001 329793.245754  x:  0.06737   5.55002   0.15257  

8 (Bom_vet) ... 1 (Apis_mel)
  0  0.0000 405429.442932  x:  0.43989   4.45097   0.14606  
  1 99.0000 404777.243303  x:  0.49344   4.45006   0.09507  
  2 15344.0839 404468.315666  x:  0.56423   4.44836   0.10817  
  3 13730.8350 404425.011114  x:  0.56063   3.90293   0.10640  
  4 147.6639 404395.616094  x:  0.57822   3.93131   0.09624  
  5  0.0358 404395.370567  x:  0.58063   3.93275   0.09648  
  6  0.0024 404395.369323  x:  0.58074   3.93335   0.09642  
  7  0.0007 404395.369322  x:  0.58074   3.93338   0.09642  

8 (Bom_vet) ... 2 (Bom_con)
  0  0.0000 341676.635678  x:  0.09785   3.35579   0.11894  
  1 99.0000 341601.279336  x:  0.11308   3.35605   0.11997  
  2 10394.4822 341600.484630  x:  0.11293   3.35839   0.12402  
  3 357.5045 341467.088593  x:  0.11275   5.29579   0.13533  
  4 242.3036 341466.805306  x:  0.11296   5.29494   0.13287  
  5  0.0022 341466.804186  x:  0.11295   5.29986   0.13278  
  6  0.0031 341466.804025  x:  0.11295   5.30185   0.13283  
  7  0.0014 341466.804024  x:  0.11295   5.30188   0.13283  

8 (Bom_vet) ... 3 (Bom_hor)
  0  0.0000 331241.835257  x:  0.07036   4.36074   0.19924  
  1 99.0000 331200.501802  x:  0.07703   4.36138   0.15929  
  2 1961.5327 331177.458883  x:  0.07279   4.36176   0.13598  
  3 16111.8525 331174.357764  x:  0.07256   4.76334   0.13917  
  4 16.2937 331173.201872  x:  0.07127   4.72987   0.14289  
  5  0.0466 331173.199541  x:  0.07124   4.72404   0.14265  
  6  0.0059 331173.199516  x:  0.07125   4.72307   0.14265  
  7  0.0010 331173.199516  x:  0.07125   4.72306   0.14265  
  8  0.0000 331173.199516  x:  0.07125   4.72306   0.14265  

8 (Bom_vet) ... 4 (Bom_hyp)
  0  0.0000 329417.007015  x:  0.06339   4.03021   0.24839  
  1 99.0000 329399.878603  x:  0.06918   4.03048   0.24062  
  2 3642.9639 329174.000516  x:  0.06881   4.03452   0.12383  
  3 8123.4393 329127.435232  x:  0.06835   5.68214   0.14214  
  4 68.5472 329122.425347  x:  0.06710   5.77416   0.13037  
  5  0.1495 329121.952072  x:  0.06623   5.80055   0.13223  
  6  0.0303 329121.944141  x:  0.06622   5.82729   0.13214  
  7  0.0155 329121.943788  x:  0.06623   5.82896   0.13224  
  8  0.0016 329121.943788  x:  0.06623   5.82892   0.13224  
  9  0.0000 329121.943788  x:  0.06623   5.82894   0.13224  

8 (Bom_vet) ... 5 (Bom_mus)
  0  0.0000 313993.592014  x:  0.02094   4.59996   0.10390  
  1 99.0000 313991.698343  x:  0.01990   4.59996   0.10395  
  2 3590.5558 313991.161272  x:  0.01988   4.60039   0.11123  
  3 162.4294 313986.133973  x:  0.01982   5.71478   0.11558  
  4 10.3531 313986.126594  x:  0.01985   5.71259   0.11482  
  5  0.0021 313986.126540  x:  0.01985   5.71306   0.11479  
  6  0.0005 313986.126540  x:  0.01985   5.71332   0.11479  
  7  0.0002 313986.126540  x:  0.01985   5.71337   0.11479  
  8  0.0000 313986.126540  x:  0.01985   5.71337   0.11479  
check convergence!


8 (Bom_vet) ... 6 (Bom_pas)
  0  0.0000 314395.438407  x:  0.01775   4.49394   0.13937  
  1 99.0000 314374.299930  x:  0.02105   4.49395   0.13925  
  2 13572.6998 314366.224892  x:  0.02109   4.49499   0.11053  
  3 506.4566 314356.092127  x:  0.02102   6.07804   0.11926  
  4 15.4920 314355.974169  x:  0.02103   6.08067   0.11593  
  5  0.0050 314355.973980  x:  0.02103   6.08814   0.11590  
  6  0.0052 314355.973976  x:  0.02103   6.08872   0.11592  
  7  0.0006 314355.973976  x:  0.02103   6.08850   0.11592  
  8  0.0001 314355.973974  x:  0.02103   6.08872   0.11592  
  9  0.0002 314355.973974  x:  0.02103   6.08867   0.11592  

8 (Bom_vet) ... 7 (Bom_syl)
  0  0.0000 329645.854994  x:  0.06859   4.73566   0.20593  
  1 99.0000 329639.083321  x:  0.06516   4.73571   0.20367  
  2 3139.5595 329584.731437  x:  0.06621   4.73700   0.14750  
  3 2350.5542 329574.523468  x:  0.06621   5.59309   0.15375  
  4 26.3004 329574.377968  x:  0.06642   5.60045   0.15138  
  5  0.0104 329574.375202  x:  0.06649   5.60275   0.15151  
  6  0.0025 329574.375192  x:  0.06649   5.60367   0.15151  
  7  0.0007 329574.375192  x:  0.06649   5.60364   0.15151  
  8  0.0000 329574.375192  x:  0.06649   5.60364   0.15151  
check convergence!
