Supplemental results for CODEML (seqf: /home/yzliu/eDNA/faststorage/yzliu/DK_proj/data/ref_genome/ref_annotation/primary_transcripts/extracted_cds_new/new_transcript_id_8_bom_apis/bootstraps/cat.out.OG_cds_8_species_same_header_fas.shuf_211OG_527.phy  treef: xxx.trees)


pairwise comparison (Goldman & Yang 1994)
seq seq        N       S       dN       dS     dN/dS   Paras.
  2   1 160827.4  53822.6   0.0624   0.5883   0.1060   0.5828   3.7704   0.1060 -381816.696
  3   1 160573.2  54076.8   0.0628   0.6005   0.1046   0.5948   3.8103   0.1046 -382528.667
  3   2 156640.5  58009.5   0.0145   0.1081   0.1343   0.1195   5.0657   0.1343 -321877.349
  4   1 161030.0  53620.0   0.0618   0.5933   0.1042   0.5838   3.7406   0.1042 -381544.479
  4   2 157169.4  57480.6   0.0137   0.1027   0.1335   0.1126   4.8930   0.1335 -320279.440
  4   3 156276.5  58373.5   0.0087   0.0580   0.1497   0.0662   5.5032   0.1497 -309151.747
  5   1 160951.3  53698.7   0.0628   0.6038   0.1040   0.5945   3.8025   0.1040 -382255.829
  5   2 157036.0  57614.0   0.0148   0.1094   0.1353   0.1206   5.0259   0.1353 -321976.291
  5   3 156582.4  58067.6   0.0091   0.0597   0.1529   0.0684   5.2556   0.1529 -309783.994
  5   4 156978.0  57672.0   0.0088   0.0620   0.1414   0.0693   5.1917   0.1414 -309718.733
  6   1 160962.4  53687.6   0.0631   0.6021   0.1047   0.5936   3.7985   0.1047 -382322.274
  6   2 157032.9  57617.1   0.0153   0.1104   0.1386   0.1224   5.0323   0.1386 -322465.846
  6   3 156350.4  58299.6   0.0096   0.0600   0.1604   0.0699   5.4683   0.1604 -310200.558
  6   4 156773.6  57876.4   0.0095   0.0616   0.1539   0.0706   5.3777   0.1539 -310203.865
  6   5 156276.4  58373.6   0.0032   0.0197   0.1647   0.0231   5.8956   0.1647 -295867.984
  7   1 161093.0  53557.0   0.0643   0.5974   0.1076   0.5920   3.7527   0.1076 -382846.211
  7   2 157201.7  57448.3   0.0161   0.1123   0.1435   0.1256   4.9310   0.1435 -323371.903
  7   3 156555.8  58094.2   0.0100   0.0623   0.1611   0.0726   5.3216   0.1611 -310985.924
  7   4 156978.6  57671.4   0.0100   0.0646   0.1553   0.0741   5.2342   0.1553 -311181.144
  7   5 156980.2  57669.8   0.0095   0.0607   0.1570   0.0699   5.2605   0.1570 -310052.776
  7   6 156888.9  57761.1   0.0101   0.0602   0.1674   0.0707   5.3463   0.1674 -310395.835
  8   1 160891.7  53758.3   0.0628   0.6040   0.1040   0.5950   3.8081   0.1040 -382290.724
  8   2 156903.4  57746.6   0.0147   0.1103   0.1331   0.1212   5.0960   0.1331 -322038.562
  8   3 156391.5  58258.5   0.0091   0.0590   0.1535   0.0678   5.3821   0.1535 -309629.144
  8   4 156756.3  57893.7   0.0087   0.0620   0.1408   0.0693   5.3443   0.1408 -309732.746
  8   5 156535.3  58114.7   0.0025   0.0186   0.1353   0.0206   5.5801   0.1353 -294880.036
  8   6 155912.8  58737.2   0.0031   0.0196   0.1560   0.0227   6.2382   0.1560 -295686.441
  8   7 156796.7  57853.3   0.0095   0.0593   0.1598   0.0687   5.3810   0.1598 -309808.812

