

2 (Bom_con) ... 1 (Apis_mel)
  0  0.0000 404437.906984  x:  0.40316   1.42758   0.44065  
  1 99.0000 395611.866686  x:  0.48202   1.50953   0.08189  
  2 23654.4653 395442.104276  x:  0.53555   1.55840   0.08918  
  3 5052.1188 394749.559587  x:  0.45646   2.08979   0.12826  
  4 3965.0726 393574.406041  x:  0.53897   2.74294   0.07746  
  5  1.8659 393276.982253  x:  0.53414   3.40265   0.10474  
  6  0.4147 393134.857384  x:  0.53805   3.99044   0.08999  
  7  0.3057 393129.811096  x:  0.54250   4.11331   0.09287  
  8  0.0802 393129.505328  x:  0.54338   4.14183   0.09209  
  9  0.0247 393129.505078  x:  0.54340   4.14289   0.09211  
 10  0.0010 393129.505077  x:  0.54340   4.14293   0.09211  
 11  0.0000 393129.505077  x:  0.54340   4.14292   0.09211  

3 (Bom_hor) ... 1 (Apis_mel)
  0  0.0000 394634.180727  x:  0.44203   3.60459   0.12208  
  1 99.0000 394326.762427  x:  0.47252   3.60521   0.08892  
  2 12126.3115 394095.381967  x:  0.53907   3.60648   0.09580  
  3 11277.3858 394044.024185  x:  0.54336   4.17691   0.09789  
  4 194.9306 394029.086059  x:  0.55445   4.19652   0.09079  
  5  0.0240 394028.887582  x:  0.55666   4.21176   0.09097  
  6  0.0124 394028.887064  x:  0.55671   4.21235   0.09093  
  7  0.0006 394028.887058  x:  0.55670   4.21253   0.09093  
  8  0.0001 394028.887058  x:  0.55670   4.21253   0.09093  
  9  0.0000 394028.887058  x:  0.55670   4.21253   0.09093  

3 (Bom_hor) ... 2 (Bom_con)
  0  0.0000 336542.453052  x:  0.11401   3.65023   0.12078  
  1 99.0000 336540.132877  x:  0.11688   3.65051   0.11963  
  2 1507.2110 336538.843982  x:  0.11668   3.65178   0.11493  
  3 588.9918 336453.837478  x:  0.11660   5.24153   0.12465  
  4 141.2058 336453.509856  x:  0.11673   5.24541   0.12213  
  5  0.0042 336453.508053  x:  0.11672   5.25444   0.12215  
  6  0.0048 336453.508048  x:  0.11673   5.25446   0.12215  

4 (Bom_hyp) ... 1 (Apis_mel)
  0  0.0000 392988.262072  x:  0.51881   4.37145   0.09814  
  1 99.0000 392970.207110  x:  0.52325   4.37130   0.09029  
  2 3851.0790 392940.435482  x:  0.55324   4.37027   0.08904  
  3 2828.7088 392935.834256  x:  0.55106   4.17948   0.08877  
  4 46.7768 392935.823465  x:  0.55094   4.17824   0.08861  
  5  0.0014 392935.823425  x:  0.55090   4.17810   0.08862  
  6  0.0001 392935.823425  x:  0.55090   4.17812   0.08862  

4 (Bom_hyp) ... 2 (Bom_con)
  0  0.0000 335014.122773  x:  0.09257   3.66568   0.07906  
  1 99.0000 334852.627736  x:  0.11418   3.66583   0.08843  
  2 14744.0796 334820.269470  x:  0.11050   3.66644   0.10885  
  3 3567.9168 334753.924636  x:  0.11020   5.10627   0.11464  
  4 113.4825 334753.745119  x:  0.11097   5.09421   0.11480  
  5  0.0100 334753.742690  x:  0.11095   5.08961   0.11497  
  6  0.0030 334753.742668  x:  0.11095   5.08877   0.11496  
  7  0.0006 334753.742667  x:  0.11095   5.08872   0.11496  

4 (Bom_hyp) ... 3 (Bom_hor)
  0  0.0000 323733.331130  x:  0.06671   4.15480   0.11227  
  1 99.0000 323733.109450  x:  0.06737   4.15487   0.11213  
  2 655.2377 323732.935158  x:  0.06737   4.15593   0.10997  
  3 148.6320 323692.069768  x:  0.06724   5.38336   0.11612  
  4 76.7152 323689.227247  x:  0.06727   5.83553   0.11627  
  5  0.2826 323689.187673  x:  0.06726   5.90009   0.11659  
  6  0.0537 323689.187654  x:  0.06726   5.89888   0.11657  
  7  0.0012 323689.187654  x:  0.06726   5.89890   0.11657  
  8  0.0000 323689.187654  x:  0.06726   5.89890   0.11657  
  9  0.0000 323689.187654  x:  0.06726   5.89890   0.11657  
 10  0.0000 323689.187654  x:  0.06726   5.89890   0.11657  
check convergence!


5 (Bom_mus) ... 1 (Apis_mel)
  0  0.0000 395813.897861  x:  0.50761   4.87511   0.22922  
  1 99.0000 393705.063589  x:  0.49535   4.87481   0.09995  
  2 22551.8648 393597.020744  x:  0.54208   4.87281   0.08583  
  3 4630.7800 393549.701254  x:  0.53533   4.30944   0.08457  
  4 132.5160 393509.833154  x:  0.55027   4.20245   0.09195  
  5  0.3393 393509.480775  x:  0.55161   4.16418   0.09130  
  6  0.0418 393509.460774  x:  0.55222   4.17238   0.09115  
  7  0.0088 393509.460753  x:  0.55221   4.17232   0.09115  
  8  0.0001 393509.460753  x:  0.55221   4.17233   0.09115  

5 (Bom_mus) ... 2 (Bom_con)
  0  0.0000 336547.085480  x:  0.10340   3.47883   0.12882  
  1 99.0000 336495.989063  x:  0.11645   3.47910   0.12787  
  2 8171.6184 336492.969025  x:  0.11657   3.48081   0.12039  
  3 759.7070 336378.063063  x:  0.11644   5.27623   0.13277  
  4 170.9814 336377.374212  x:  0.11663   5.28406   0.12896  
  5  0.0078 336377.368309  x:  0.11664   5.30049   0.12899  
  6  0.0080 336377.368287  x:  0.11664   5.30053   0.12901  
  7  0.0001 336377.368287  x:  0.11664   5.30053   0.12901  
  8  0.0000 336377.368287  x:  0.11664   5.30053   0.12901  
  9  0.0000 336377.368287  x:  0.11664   5.30053   0.12901  

5 (Bom_mus) ... 3 (Bom_hor)
  0  0.0000 324719.591010  x:  0.06889   4.38904   0.18678  
  1 99.0000 324707.949811  x:  0.06477   4.38943   0.17428  
  2 1728.0689 324676.383119  x:  0.06752   4.39052   0.13962  
  3 10689.5629 324657.989658  x:  0.06765   5.45974   0.14715  
  4 39.0290 324657.233305  x:  0.06872   5.46281   0.14414  
  5  0.0046 324657.229476  x:  0.06876   5.46447   0.14449  
  6  0.0020 324657.229457  x:  0.06877   5.46568   0.14449  
  7  0.0009 324657.229457  x:  0.06877   5.46574   0.14449  
  8  0.0001 324657.229457  x:  0.06877   5.46571   0.14449  

5 (Bom_mus) ... 4 (Bom_hyp)
  0  0.0000 324605.427089  x:  0.06563   4.56528   0.23465  
  1 99.0000 324590.028107  x:  0.07123   4.56537   0.22911  
  2 4024.9809 324400.679062  x:  0.07100   4.56716   0.12538  
  3 5559.6763 324392.526546  x:  0.07086   5.27139   0.13124  
  4 25.0285 324391.302917  x:  0.06974   5.29831   0.12701  
  5  0.0351 324391.143502  x:  0.06933   5.29083   0.12868  
  6  0.0118 324391.143489  x:  0.06932   5.29031   0.12866  
  7  0.0005 324391.143488  x:  0.06932   5.29019   0.12866  
  8  0.0001 324391.143488  x:  0.06932   5.29021   0.12866  

6 (Bom_pas) ... 1 (Apis_mel)
  0  0.0000 395464.516444  x:  0.41113   4.22892   0.17772  
  1 99.0000 394191.583291  x:  0.46274   4.22886   0.09379  
  2 20245.8118 393895.827439  x:  0.53636   4.22817   0.10282  
  3 10189.1221 393893.561509  x:  0.53582   4.10267   0.10221  
  4 31.7201 393858.761487  x:  0.55145   4.16154   0.09120  
  5  0.1077 393858.203317  x:  0.55518   4.18139   0.09148  
  6  0.0165 393858.199288  x:  0.55537   4.17932   0.09138  
  7  0.0023 393858.199273  x:  0.55536   4.17903   0.09138  
  8  0.0003 393858.199273  x:  0.55536   4.17903   0.09138  

6 (Bom_pas) ... 2 (Bom_con)
  0  0.0000 337177.669718  x:  0.10074   3.58523   0.21829  
  1 99.0000 337077.149349  x:  0.11906   3.58557   0.20982  
  2 10621.7850 336832.399788  x:  0.11921   3.58903   0.12300  
  3 5438.0596 336756.485795  x:  0.11893   4.97614   0.13767  
  4 131.1490 336753.132545  x:  0.11827   5.02101   0.12967  
  5  0.0716 336752.969203  x:  0.11756   5.04790   0.13027  
  6  0.0227 336752.965128  x:  0.11760   5.06023   0.13029  
  7  0.0072 336752.965114  x:  0.11760   5.06015   0.13030  
  8  0.0001 336752.965114  x:  0.11760   5.06015   0.13030  
check convergence!


6 (Bom_pas) ... 3 (Bom_hor)
  0  0.0000 325007.289307  x:  0.05783   4.16095   0.23632  
  1 99.0000 324944.432343  x:  0.06839   4.16101   0.23446  
  2 12454.1621 324824.585884  x:  0.06871   4.16367   0.14613  
  3 2276.3409 324803.978936  x:  0.06864   5.22018   0.15657  
  4 44.6133 324803.440049  x:  0.06868   5.24056   0.15170  
  5  0.0346 324803.438295  x:  0.06869   5.25164   0.15175  
  6  0.0075 324803.438292  x:  0.06869   5.25170   0.15176  
  7  0.0000 324803.438291  x:  0.06869   5.25168   0.15176  
  8  0.0000 324803.438291  x:  0.06869   5.25170   0.15176  

6 (Bom_pas) ... 4 (Bom_hyp)
  0  0.0000 324921.031789  x:  0.05643   4.21640   0.21105  
  1 99.0000 324824.942202  x:  0.06946   4.21645   0.20911  
  2 15737.3154 324712.199457  x:  0.06980   4.21837   0.13173  
  3 2439.9210 324696.172739  x:  0.06973   5.14745   0.13960  
  4 38.8399 324695.807432  x:  0.06978   5.16294   0.13597  
  5  0.0263 324695.806352  x:  0.06981   5.16990   0.13600  
  6  0.0051 324695.806348  x:  0.06981   5.17017   0.13600  
  7  0.0002 324695.806348  x:  0.06981   5.17015   0.13600  
  8  0.0000 324695.806347  x:  0.06981   5.17015   0.13600  

6 (Bom_pas) ... 5 (Bom_mus)
  0  0.0000 309609.771231  x:  0.02086   4.26452   0.17572  
  1 99.0000 309607.826915  x:  0.02194   4.26452   0.17561  
  2 3668.2257 309601.364989  x:  0.02198   4.26549   0.14475  
  3 386.6252 309598.509340  x:  0.02195   4.85890   0.14902  
  4  9.2723 309598.453634  x:  0.02194   4.94144   0.14775  
  5  0.0729 309598.451389  x:  0.02194   4.95180   0.14828  
  6  0.0107 309598.451378  x:  0.02194   4.95235   0.14827  
  7  0.0014 309598.451378  x:  0.02194   4.95235   0.14827  
check convergence!


7 (Bom_syl) ... 1 (Apis_mel)
  0  0.0000 395384.053146  x:  0.49932   4.25437   0.17139  
  1 99.0000 394496.443927  x:  0.50160   4.25453   0.09918  
  2 19198.6507 394393.007214  x:  0.55554   4.25383   0.08959  
  3 4130.5007 394392.756102  x:  0.55507   4.21036   0.08950  
  4  8.2353 394387.626225  x:  0.55743   4.20344   0.09306  
  5  0.0271 394387.617867  x:  0.55794   4.20476   0.09296  
  6  0.0012 394387.617861  x:  0.55794   4.20456   0.09295  

7 (Bom_syl) ... 2 (Bom_con)
  0  0.0000 338067.940599  x:  0.11813   3.71969   0.07023  
  1 99.0000 337800.989652  x:  0.12930   3.72000   0.11909  
  2 13055.3451 337781.380056  x:  0.12067   3.72030   0.12407  
  3 4208.6912 337708.799379  x:  0.12045   5.16438   0.12862  
  4 122.3538 337706.466861  x:  0.12151   5.17500   0.13501  
  5  0.0057 337706.425270  x:  0.12113   5.17380   0.13537  
  6  0.0013 337706.425205  x:  0.12114   5.17269   0.13539  
  7  0.0008 337706.425201  x:  0.12114   5.17239   0.13538  

7 (Bom_syl) ... 3 (Bom_hor)
  0  0.0000 325162.976510  x:  0.06767   4.15936   0.20933  
  1 99.0000 325153.493345  x:  0.07209   4.15954   0.20478  
  2 3054.0414 325065.701224  x:  0.07147   4.16221   0.13692  
  3 4390.1762 325019.440702  x:  0.07116   5.85110   0.15157  
  4 66.7184 325018.026336  x:  0.07060   5.88323   0.14459  
  5  0.0441 325017.990235  x:  0.07035   5.90157   0.14506  
  6  0.0178 325017.988228  x:  0.07037   5.91494   0.14507  
  7  0.0078 325017.988222  x:  0.07037   5.91492   0.14508  
  8  0.0000 325017.988222  x:  0.07037   5.91490   0.14508  
  9  0.0000 325017.988221  x:  0.07037   5.91491   0.14508  

7 (Bom_syl) ... 4 (Bom_hyp)
  0  0.0000 325263.523243  x:  0.06180   4.64912   0.15025  
  1 99.0000 325208.454541  x:  0.07207   4.64915   0.14948  
  2 11300.2221 325199.297000  x:  0.07220   4.64997   0.13097  
  3 935.9848 325181.917458  x:  0.07213   5.74471   0.13667  
  4 36.0335 325181.855767  x:  0.07217   5.74754   0.13519  
  5  0.0035 325181.855647  x:  0.07217   5.75049   0.13520  
  6  0.0021 325181.855646  x:  0.07217   5.75060   0.13520  
  7  0.0001 325181.855646  x:  0.07217   5.75060   0.13520  
check convergence!


7 (Bom_syl) ... 5 (Bom_mus)
  0  0.0000 324380.018608  x:  0.05875   4.51935   0.16776  
  1 99.0000 324339.249684  x:  0.06730   4.51938   0.16752  
  2 10011.4976 324337.629181  x:  0.06736   4.52027   0.15902  
  3 345.8255 324322.828412  x:  0.06730   5.50919   0.16521  
  4 34.0297 324322.769951  x:  0.06732   5.50937   0.16348  
  5  0.0018 324322.769900  x:  0.06732   5.51103   0.16346  
  6  0.0013 324322.769899  x:  0.06732   5.51118   0.16347  
  7  0.0002 324322.769899  x:  0.06732   5.51119   0.16347  
  8  0.0001 324322.769899  x:  0.06732   5.51119   0.16347  
  9  0.0000 324322.769899  x:  0.06732   5.51119   0.16347  
 10  0.0000 324322.769898  x:  0.06732   5.51119   0.16347  
 11  0.0858 324322.769898  x:  0.06732   5.51119   0.16347  
check convergence!


7 (Bom_syl) ... 6 (Bom_pas)
  0  0.0000 324525.101342  x:  0.06427   4.66777   0.25738  
  1 99.0000 324518.489297  x:  0.06788   4.66782   0.25449  
  2 2947.3006 324420.108056  x:  0.06769   4.66954   0.16629  
  3 3016.1775 324415.025641  x:  0.06762   5.25083   0.17153  
  4 19.2087 324414.774750  x:  0.06719   5.25027   0.16874  
  5  0.0037 324414.754051  x:  0.06703   5.24486   0.16941  
  6  0.0070 324414.754030  x:  0.06703   5.24366   0.16939  

8 (Bom_vet) ... 1 (Apis_mel)
  0  0.0000 395238.263673  x:  0.47963   4.48106   0.19570  
  1 99.0000 393853.556655  x:  0.48658   4.48102   0.09845  
  2 20872.2097 393688.258344  x:  0.55381   4.47949   0.08644  
  3 5452.4834 393679.602373  x:  0.55085   4.21164   0.08562  
  4 61.3588 393667.483611  x:  0.55409   4.17403   0.09086  
  5  0.1209 393667.464580  x:  0.55462   4.18442   0.09083  
  6  0.0108 393667.464129  x:  0.55471   4.18347   0.09081  
  7  0.0009 393667.464128  x:  0.55471   4.18348   0.09081  

8 (Bom_vet) ... 2 (Bom_con)
  0  0.0000 336463.896519  x:  0.09720   3.58081   0.14808  
  1 99.0000 336354.799272  x:  0.11580   3.58106   0.14495  
  2 12327.6229 336325.675706  x:  0.11596   3.58295   0.11989  
  3 2199.2587 336228.406180  x:  0.11582   5.25928   0.13208  
  4 145.5874 336227.443344  x:  0.11598   5.27098   0.12762  
  5  0.0134 336227.434912  x:  0.11603   5.28969   0.12762  
  6  0.0101 336227.434742  x:  0.11602   5.29044   0.12767  
  7  0.0007 336227.434739  x:  0.11601   5.29049   0.12766  

8 (Bom_vet) ... 3 (Bom_hor)
  0  0.0000 324522.679309  x:  0.05467   4.20028   0.15064  
  1 99.0000 324423.844815  x:  0.06771   4.20032   0.15029  
  2 16380.7713 324420.277123  x:  0.06780   4.20148   0.13812  
  3 561.4362 324392.954921  x:  0.06769   5.49422   0.14624  
  4 49.9256 324392.863518  x:  0.06772   5.49676   0.14427  
  5  0.0032 324392.863291  x:  0.06772   5.50105   0.14428  
  6  0.0027 324392.863291  x:  0.06772   5.50105   0.14429  
  7  0.0000 324392.863290  x:  0.06772   5.50106   0.14429  

8 (Bom_vet) ... 4 (Bom_hyp)
  0  0.0000 324401.141760  x:  0.06591   4.39029   0.20942  
  1 99.0000 324387.526623  x:  0.07119   4.39043   0.20283  
  2 3313.5060 324262.567534  x:  0.07044   4.39208   0.12384  
  3 6402.8875 324249.093509  x:  0.07023   5.28838   0.13087  
  4 33.3928 324247.742706  x:  0.06897   5.30670   0.12682  
  5  0.0223 324247.653239  x:  0.06868   5.30290   0.12817  
  6  0.0059 324247.653226  x:  0.06868   5.30276   0.12816  
  7  0.0001 324247.653226  x:  0.06868   5.30264   0.12816  

8 (Bom_vet) ... 5 (Bom_mus)
  0  0.0000 308989.898680  x:  0.01815   4.31891   0.23650  
  1 99.0000 308980.353546  x:  0.02043   4.31892   0.23627  
  2 8840.5860 308909.454461  x:  0.02053   4.32201   0.12099  
  3 938.5281 308899.929440  x:  0.02048   5.72240   0.13438  
  4 16.0180 308899.371379  x:  0.02048   5.78267   0.12705  
  5  0.1247 308899.362916  x:  0.02046   5.82469   0.12666  
  6  0.0309 308899.362300  x:  0.02046   5.83231   0.12690  
  7  0.0065 308899.362298  x:  0.02046   5.83256   0.12689  
  8  0.0002 308899.362298  x:  0.02046   5.83256   0.12689  

8 (Bom_vet) ... 6 (Bom_pas)
  0  0.0000 309488.624108  x:  0.01685   4.76073   0.16655  
  1 99.0000 309445.919476  x:  0.02154   4.76073   0.16648  
  2 19920.7752 309442.367621  x:  0.02157   4.76138   0.14391  
  3 293.5829 309440.266206  x:  0.02154   5.45069   0.14791  
  4  6.8035 309440.257768  x:  0.02154   5.43780   0.14685  
  5  0.0144 309440.257632  x:  0.02153   5.43249   0.14686  
  6  0.0044 309440.257630  x:  0.02153   5.43229   0.14686  

8 (Bom_vet) ... 7 (Bom_syl)
  0  0.0000 324055.074473  x:  0.05251   4.30543   0.11945  
  1 99.0000 323940.805623  x:  0.06635   4.30545   0.12127  
  2 17830.7816 323909.131987  x:  0.06573   4.30602   0.15658  
  3 2036.5728 323888.323255  x:  0.06563   5.45558   0.16203  
  4 41.7443 323888.317645  x:  0.06560   5.45438   0.16256  
  5  0.0009 323888.317628  x:  0.06561   5.45397   0.16256  
  6  0.0003 323888.317628  x:  0.06561   5.45394   0.16256  
  7  0.0001 323888.317628  x:  0.06561   5.45397   0.16256  