

2 (And_ful) ... 1 (And_bic)
  0  0.0000 1087371.247286  x:  0.16185   1.36103   0.45532  
  1 99.0000 1085375.464385  x:  0.11521   1.37766   0.37960  
  2 39369.7961 1073614.189314  x:  0.10604   1.44759   0.05163  
  3 141635.0611 1072570.396743  x:  0.11037   2.06880   0.10278  
  4 4436.6542 1069922.009977  x:  0.13160   2.71514   0.04531  
  5  1.9314 1069382.584270  x:  0.15016   2.91957   0.06694  
  6  0.2272 1069231.112235  x:  0.15984   3.22012   0.05636  
  7  0.2237 1069195.620978  x:  0.15556   3.53892   0.05941  
  8  0.0860 1069194.493185  x:  0.15662   3.57485   0.05883  
  9  0.0301 1069194.470796  x:  0.15663   3.58154   0.05901  
 10  0.0057 1069194.470792  x:  0.15663   3.58162   0.05901  
 11  0.0001 1069194.470792  x:  0.15663   3.58162   0.05901  
 12  0.0000 1069194.470792  x:  0.15663   3.58162   0.05901  
check convergence!


3 (And_hae) ... 1 (And_bic)
  0  0.0000 1069054.754785  x:  0.16339   3.17750   0.14921  
  1 99.0000 1067682.228749  x:  0.12800   3.17832   0.09562  
  2 38370.6658 1067061.758313  x:  0.13631   3.17889   0.05747  
  3 52226.5926 1067016.561864  x:  0.13736   3.63053   0.06072  
  4 213.8582 1066898.800523  x:  0.14988   3.49630   0.06340  
  5  0.1574 1066896.728449  x:  0.15038   3.50849   0.06148  
  6  0.0175 1066896.725503  x:  0.15042   3.50556   0.06146  
  7  0.0027 1066896.725502  x:  0.15042   3.50552   0.06146  
  8  0.0000 1066896.725502  x:  0.15042   3.50552   0.06146  

3 (And_hae) ... 2 (And_ful)
  0  0.0000 1062880.101780  x:  0.13159   3.32972   0.11254  
  1 99.0000 1062265.867010  x:  0.15448   3.33035   0.07429  
  2 26371.5826 1062148.208833  x:  0.14803   3.33066   0.06064  
  3 21245.2696 1062087.662700  x:  0.14719   3.90970   0.06395  
  4 229.2125 1062074.382492  x:  0.14302   3.87464   0.06614  
  5  0.0457 1062074.361364  x:  0.14297   3.86538   0.06600  
  6  0.0081 1062074.361013  x:  0.14298   3.86448   0.06601  
  7  0.0009 1062074.361013  x:  0.14298   3.86448   0.06601  

4 (And_hat) ... 1 (And_bic)
  0  0.0000 1045971.252786  x:  0.09622   3.40752   0.10967  
  1 99.0000 1045488.862177  x:  0.11889   3.40763   0.09812  
  2 40984.9784 1045099.001175  x:  0.11774   3.40794   0.06082  
  3 21361.7635 1045097.152723  x:  0.11770   3.51329   0.06148  
  4 35.4618 1045090.753171  x:  0.11495   3.50823   0.06153  
  5  0.0049 1045090.751418  x:  0.11494   3.50763   0.06159  
  6  0.0010 1045090.751406  x:  0.11494   3.50747   0.06159  
  7  0.0002 1045090.751406  x:  0.11494   3.50746   0.06159  

4 (And_hat) ... 2 (And_ful)
  0  0.0000 1064270.076403  x:  0.13765   3.07709   0.09492  
  1 99.0000 1063781.183185  x:  0.15363   3.07792   0.06224  
  2 24391.7456 1063750.152963  x:  0.14887   3.07828   0.05719  
  3 9866.4198 1063587.551205  x:  0.14768   3.98343   0.06251  
  4 417.9768 1063587.365993  x:  0.14733   3.98059   0.06207  
  5  0.0028 1063587.365428  x:  0.14735   3.98020   0.06205  
  6  0.0005 1063587.365400  x:  0.14735   3.97977   0.06205  
  7  0.0003 1063587.365400  x:  0.14735   3.97977   0.06205  

4 (And_hat) ... 3 (And_hae)
  0  0.0000 1062919.195247  x:  0.13552   3.48128   0.10980  
  1 99.0000 1062297.798848  x:  0.15008   3.48192   0.06638  
  2 23464.4525 1062262.529005  x:  0.14440   3.48210   0.06138  
  3 10713.5778 1062216.944032  x:  0.14375   4.01750   0.06456  
  4 189.8668 1062216.223066  x:  0.14298   3.99936   0.06537  
  5  0.0282 1062216.207130  x:  0.14299   3.98941   0.06528  
  6  0.0083 1062216.207107  x:  0.14299   3.98931   0.06528  
  7  0.0001 1062216.207106  x:  0.14299   3.98930   0.06528  
  8  0.0000 1062216.207106  x:  0.14299   3.98930   0.06528  
check convergence!


5 (And_mar) ... 1 (And_bic)
  0  0.0000 1027102.436387  x:  0.09220   3.65297   0.10037  
  1 99.0000 1026942.963248  x:  0.08176   3.65288   0.08768  
  2 18598.0086 1026722.929369  x:  0.08529   3.65263   0.05819  
  3 24626.9775 1026655.778821  x:  0.08508   2.97660   0.05464  
  4 176.9580 1026645.695049  x:  0.08749   2.95205   0.05740  
  5  0.0303 1026645.135431  x:  0.08787   2.96478   0.05641  
  6  0.0189 1026645.134214  x:  0.08786   2.96247   0.05638  
  7  0.0032 1026645.134203  x:  0.08786   2.96254   0.05638  
  8  0.0001 1026645.134203  x:  0.08786   2.96253   0.05638  
  9  0.0000 1026645.134203  x:  0.08786   2.96253   0.05638  
 10  0.0000 1026645.134203  x:  0.08786   2.96253   0.05638  
 11  0.0422 1026645.134203  x:  0.08786   2.96253   0.05638  
check convergence!


5 (And_mar) ... 2 (And_ful)
  0  0.0000 1070031.929698  x:  0.13931   2.87159   0.10702  
  1 99.0000 1069198.245806  x:  0.16657   2.87254   0.06638  
  2 32289.1551 1069097.884726  x:  0.16041   2.87296   0.05518  
  3 18824.3851 1068961.478062  x:  0.15889   3.60619   0.05982  
  4 423.0611 1068952.172049  x:  0.15509   3.58060   0.06110  
  5  0.0327 1068952.140290  x:  0.15507   3.56892   0.06098  
  6  0.0087 1068952.139955  x:  0.15508   3.56842   0.06100  
  7  0.0005 1068952.139955  x:  0.15508   3.56842   0.06100  
  8  0.0000 1068952.139955  x:  0.15508   3.56842   0.06100  

5 (And_mar) ... 3 (And_hae)
  0  0.0000 1067103.007176  x:  0.13256   3.24300   0.09987  
  1 99.0000 1066628.122112  x:  0.15663   3.24329   0.07626  
  2 28864.3105 1066514.305283  x:  0.15245   3.24350   0.06168  
  3 17795.3896 1066499.671561  x:  0.15223   3.50117   0.06309  
  4 118.6360 1066490.853439  x:  0.14857   3.48725   0.06417  
  5  0.0150 1066490.845991  x:  0.14853   3.48593   0.06406  
  6  0.0015 1066490.845949  x:  0.14853   3.48550   0.06406  
  7  0.0004 1066490.845949  x:  0.14853   3.48549   0.06406  
  8  0.0000 1066490.845949  x:  0.14853   3.48550   0.06406  

5 (And_mar) ... 4 (And_hat)
  0  0.0000 1044680.257602  x:  0.10324   3.20497   0.16907  
  1 99.0000 1043612.656331  x:  0.13471   3.20610   0.09219  
  2 25094.8985 1043155.172242  x:  0.12864   3.20659   0.05639  
  3 76329.3297 1043122.508137  x:  0.12737   3.66301   0.05967  
  4 149.3638 1042874.662752  x:  0.11052   3.41168   0.06500  
  5  0.3306 1042874.210103  x:  0.11047   3.38186   0.06398  
  6  0.0320 1042874.203877  x:  0.11052   3.37749   0.06401  
  7  0.0057 1042874.203872  x:  0.11052   3.37754   0.06401  
  8  0.0001 1042874.203872  x:  0.11052   3.37752   0.06401  
  9  0.0000 1042874.203872  x:  0.11052   3.37754   0.06401  
 10  0.0000 1042874.203872  x:  0.11052   3.37753   0.06401  
 11  0.0000 1042874.203872  x:  0.11052   3.37754   0.06401  

6 (And_tri) ... 1 (And_bic)
  0  0.0000 1046022.666315  x:  0.10814   3.23837   0.17061  
  1 99.0000 1043984.483017  x:  0.11694   3.23895   0.05939  
  2 24970.0124 1043964.310622  x:  0.11237   3.23887   0.05744  
  3 8900.7185 1043937.016117  x:  0.11300   2.90109   0.05365  
  4 152.7983 1043929.780417  x:  0.11214   2.83562   0.05687  
  5  0.2412 1043929.727190  x:  0.11209   2.84914   0.05703  
  6  0.0166 1043929.727127  x:  0.11208   2.84894   0.05704  
  7  0.0002 1043929.727127  x:  0.11208   2.84894   0.05704  
check convergence!


6 (And_tri) ... 2 (And_ful)
  0  0.0000 1064852.580753  x:  0.12307   2.84570   0.05331  
  1 99.0000 1064407.744430  x:  0.14729   2.84591   0.05725  
  2 38816.7694 1064407.409334  x:  0.14742   2.84631   0.05651  
  3 770.9800 1064306.975617  x:  0.14732   3.47587   0.05956  
  4 458.7109 1064306.878995  x:  0.14739   3.47369   0.05913  
  5  0.0021 1064306.878974  x:  0.14739   3.47359   0.05913  
  6  0.0001 1064306.878974  x:  0.14739   3.47357   0.05913  
  7  0.0000 1064306.878974  x:  0.14739   3.47357   0.05913  

6 (And_tri) ... 3 (And_hae)
  0  0.0000 1064530.458209  x:  0.12010   3.30283   0.10956  
  1 99.0000 1063801.917897  x:  0.15166   3.30302   0.08924  
  2 42087.8594 1063474.180599  x:  0.14905   3.30328   0.06032  
  3 24862.2543 1063470.508871  x:  0.14896   3.44088   0.06114  
  4 57.1824 1063453.749748  x:  0.14390   3.41815   0.06192  
  5  0.0204 1063453.732703  x:  0.14387   3.41871   0.06174  
  6  0.0009 1063453.732667  x:  0.14387   3.41855   0.06174  
  7  0.0002 1063453.732666  x:  0.14387   3.41854   0.06174  

6 (And_tri) ... 4 (And_hat)
  0  0.0000 1042832.912571  x:  0.10922   3.15370   0.15196  
  1 99.0000 1041814.448060  x:  0.09095   3.15463   0.08110  
  2 23473.4004 1041518.515417  x:  0.09857   3.15496   0.05557  
  3 75486.8259 1041500.031435  x:  0.09927   3.47916   0.05802  
  4 117.4476 1041402.893723  x:  0.10730   3.26648   0.06483  
  5  0.3243 1041399.645884  x:  0.10835   3.29955   0.06254  
  6  0.0345 1041399.631107  x:  0.10838   3.29095   0.06246  
  7  0.0086 1041399.631100  x:  0.10838   3.29086   0.06246  
  8  0.0001 1041399.631099  x:  0.10838   3.29087   0.06246  

6 (And_tri) ... 5 (And_mar)
  0  0.0000 1042760.121480  x:  0.10542   2.95298   0.04757  
  1 99.0000 1042665.371789  x:  0.11125   2.95288   0.05842  
  2 16313.1966 1042658.477343  x:  0.10886   2.95281   0.06066  
  3 4487.1149 1042652.567151  x:  0.10892   2.80120   0.06009  
  4 74.4051 1042652.527474  x:  0.10904   2.79828   0.06031  
  5  0.0024 1042652.527206  x:  0.10904   2.79917   0.06033  
  6  0.0009 1042652.527206  x:  0.10904   2.79916   0.06033  
  7  0.0000 1042652.527206  x:  0.10904   2.79915   0.06033  
  8  0.0000 1042652.527206  x:  0.10904   2.79916   0.06033  

7 (Bom_pas) ... 1 (And_bic)
  0  0.0000 1304630.063018  x:  1.06971   2.78573   0.10579  
  1 99.0000 1298691.655451  x:  1.06496   2.78680   0.05313  
  2 169245.8772 1297703.536424  x:  1.21861   3.89980   0.04772  
  3 2143.8088 1297571.063830  x:  1.16349   4.03644   0.05386  
  4 7455.6230 1297559.281416  x:  1.14744   4.05584   0.05333  
  5  0.0400 1297558.797970  x:  1.15203   4.07181   0.05298  
  6  0.0123 1297558.761173  x:  1.15213   4.07947   0.05303  
  7  0.0055 1297558.761169  x:  1.15214   4.07949   0.05303  
  8  0.0000 1297558.761169  x:  1.15214   4.07949   0.05303  

7 (Bom_pas) ... 2 (And_ful)
  0  0.0000 1305400.825711  x:  1.46927   3.69719   0.06660  
  1 99.0000 1302651.857159  x:  1.46720   3.69746   0.04194  
  2 184313.7932 1301520.243236  x:  1.17243   3.75876   0.05639  
  3 6645.4090 1301380.587134  x:  1.23408   4.27818   0.05517  
  4 578.6868 1301301.363778  x:  1.20180   4.34123   0.05292  
  5  0.0852 1301297.911508  x:  1.21358   4.33944   0.05191  
  6  0.0149 1301297.909338  x:  1.21380   4.33929   0.05192  
  7  0.0003 1301297.909336  x:  1.21381   4.33932   0.05192  
  8  0.0000 1301297.909336  x:  1.21381   4.33932   0.05192  

7 (Bom_pas) ... 3 (And_hae)
  0  0.0000 1318691.642731  x:  1.30222   3.65607   0.15892  
  1 99.0000 1298686.959990  x:  1.28417   3.65752   0.04757  
  2 216343.1470 1298557.986067  x:  1.22881   3.66841   0.05528  
  3 5250.9080 1298384.293298  x:  1.27317   4.28202   0.05425  
  4 639.1364 1298066.813108  x:  1.13955   4.15711   0.05565  
  5  0.2237 1298060.796846  x:  1.15056   4.18778   0.05419  
  6  0.0332 1298060.692635  x:  1.14851   4.18622   0.05419  
  7  0.0031 1298060.692564  x:  1.14850   4.18654   0.05419  
  8  0.0003 1298060.692564  x:  1.14850   4.18656   0.05419  
  9  0.0000 1298060.692564  x:  1.14850   4.18656   0.05419  
 10  0.0000 1298060.692564  x:  1.14850   4.18656   0.05419  

7 (Bom_pas) ... 4 (And_hat)
  0  0.0000 1301012.129438  x:  1.25486   3.55658   0.07760  
  1 99.0000 1298158.685388  x:  1.25219   3.55691   0.04805  
  2 158101.0640 1297842.195948  x:  1.12236   3.59095   0.05629  
  3 4501.7524 1297617.806181  x:  1.18152   4.25013   0.05523  
  4 766.3689 1297578.009802  x:  1.16146   4.26359   0.05325  
  5  0.0326 1297577.962601  x:  1.16299   4.26743   0.05314  
  6  0.0043 1297577.961474  x:  1.16303   4.26895   0.05314  
  7  0.0012 1297577.961473  x:  1.16303   4.26895   0.05314  

7 (Bom_pas) ... 5 (And_mar)
  0  0.0000 1308712.739770  x:  1.23943   3.82584   0.12399  
  1 99.0000 1297668.886424  x:  1.23031   3.82647   0.04958  
  2 202407.4756 1297572.686484  x:  1.17275   3.83528   0.05570  
  3 3442.5739 1297537.871322  x:  1.19199   4.10075   0.05520  
  4 271.8860 1297448.845582  x:  1.13534   4.06385   0.05447  
  5  0.1049 1297447.542130  x:  1.14131   4.07153   0.05380  
  6  0.0108 1297447.538742  x:  1.14097   4.07033   0.05379  
  7  0.0013 1297447.538733  x:  1.14097   4.07021   0.05379  
  8  0.0001 1297447.538733  x:  1.14097   4.07021   0.05379  

7 (Bom_pas) ... 6 (And_tri)
  0  0.0000 1320275.240580  x:  1.19748   3.71044   0.18629  
  1 99.0000 1297674.749676  x:  1.17339   3.71208   0.05139  
  2 194434.5927 1297663.316554  x:  1.16161   3.71543   0.05341  
  3 1884.0768 1297593.911355  x:  1.18709   4.12738   0.05299  
  4 415.2544 1297562.933842  x:  1.14719   4.07413   0.05336  
  5  0.0813 1297562.873457  x:  1.14615   4.06463   0.05332  
  6  0.0091 1297562.873050  x:  1.14625   4.06423   0.05331  
  7  0.0004 1297562.873048  x:  1.14624   4.06421   0.05331  