

2 (Bom_con) ... 1 (Apis_mel)
  0  0.0000 415763.013912  x:  0.51106   1.49942   0.41669  
  1 99.0000 408546.445488  x:  0.44481   1.56218   0.10290  
  2 24678.6335 408318.284567  x:  0.47683   1.57574   0.08095  
  3 12501.4078 406065.860309  x:  0.58039   3.14111   0.12208  
  4 4362.0379 405880.916168  x:  0.53839   3.44846   0.10970  
  5  0.3576 405796.744293  x:  0.57920   3.71050   0.09702  
  6  0.1358 405786.250197  x:  0.58455   3.84149   0.10162  
  7  0.0718 405783.765095  x:  0.58229   3.94177   0.10083  
  8  0.0684 405783.758682  x:  0.58214   3.93963   0.10098  
  9  0.0020 405783.758655  x:  0.58211   3.93966   0.10098  
 10  0.0000 405783.758655  x:  0.58211   3.93965   0.10098  

3 (Bom_hor) ... 1 (Apis_mel)
  0  0.0000 408673.375931  x:  0.52769   3.61344   0.22264  
  1 99.0000 406868.459000  x:  0.52398   3.61491   0.10646  
  2 22277.4236 406739.637861  x:  0.58027   3.61603   0.09276  
  3 4779.3426 406709.352651  x:  0.58692   4.03388   0.09500  
  4 153.0631 406696.185938  x:  0.59427   3.98306   0.09982  
  5  0.1464 406695.894199  x:  0.59721   3.97957   0.09911  
  6  0.0036 406695.893959  x:  0.59718   3.98027   0.09909  
  7  0.0007 406695.893959  x:  0.59718   3.98029   0.09909  

3 (Bom_hor) ... 2 (Bom_con)
  0  0.0000 344347.233775  x:  0.12850   3.51765   0.17910  
  1 99.0000 344298.352752  x:  0.11646   3.51842   0.16443  
  2 4973.4836 344217.382829  x:  0.12158   3.52082   0.12282  
  3 6555.1585 344103.473415  x:  0.12230   5.22733   0.13739  
  4 167.6652 344101.165839  x:  0.12411   5.24387   0.13165  
  5  0.0192 344101.141588  x:  0.12434   5.25502   0.13203  
  6  0.0107 344101.138937  x:  0.12432   5.26474   0.13199  
  7  0.0056 344101.138912  x:  0.12432   5.26488   0.13201  
  8  0.0001 344101.138912  x:  0.12432   5.26489   0.13201  

4 (Bom_hyp) ... 1 (Apis_mel)
  0  0.0000 406520.777751  x:  0.43781   4.39392   0.11562  
  1 99.0000 405717.609996  x:  0.56873   4.39171   0.12022  
  2 13628.5226 405609.796115  x:  0.58392   4.39120   0.09878  
  3 10710.5385 405581.419332  x:  0.58043   3.94874   0.09809  
  4 120.8672 405579.370394  x:  0.58884   3.95778   0.09787  
  5  0.0079 405579.367710  x:  0.58877   3.95798   0.09779  
  6  0.0003 405579.367661  x:  0.58873   3.95792   0.09780  

4 (Bom_hyp) ... 2 (Bom_con)
  0  0.0000 342248.563566  x:  0.11699   3.52229   0.11922  
  1 99.0000 342247.718815  x:  0.11566   3.52321   0.12195  
  2 534.3916 342247.258316  x:  0.11650   3.52424   0.12403  
  3 746.3268 342137.940663  x:  0.11649   5.28249   0.13330  
  4 191.6356 342137.801440  x:  0.11652   5.28249   0.13159  
  5  0.0015 342137.800988  x:  0.11653   5.28600   0.13155  
  6  0.0022 342137.800946  x:  0.11653   5.28686   0.13157  
  7  0.0007 342137.800946  x:  0.11653   5.28686   0.13157  
  8  0.0000 342137.800946  x:  0.11653   5.28686   0.13157  

4 (Bom_hyp) ... 3 (Bom_hor)
  0  0.0000 331247.608660  x:  0.06947   4.24789   0.23488  
  1 99.0000 331222.352951  x:  0.07693   4.24816   0.22283  
  2 3692.2177 331015.744259  x:  0.07605   4.25044   0.12066  
  3 10969.5457 330997.708841  x:  0.07569   5.25903   0.12975  
  4 41.5987 330992.836744  x:  0.07307   5.26844   0.12320  
  5  0.0139 330992.460470  x:  0.07253   5.24524   0.12591  
  6  0.0399 330992.458641  x:  0.07252   5.23483   0.12579  
  7  0.0077 330992.458624  x:  0.07252   5.23445   0.12580  
  8  0.0004 330992.458624  x:  0.07252   5.23445   0.12580  
  9  0.0000 330992.458624  x:  0.07252   5.23445   0.12580  
 10  0.0006 330992.458624  x:  0.07252   5.23445   0.12580  
 11  0.0529 330992.458624  x:  0.07252   5.23445   0.12580  
 12 18.4812 330992.458624  x:  0.07252   5.23445   0.12580  
check convergence!


5 (Bom_mus) ... 1 (Apis_mel)
  0  0.0000 406965.343578  x:  0.50479   4.31006   0.17490  
  1 99.0000 406177.408279  x:  0.51761   4.30977   0.10831  
  2 17848.8445 405972.315324  x:  0.59858   4.30745   0.09861  
  3 5991.0884 405955.335187  x:  0.59474   3.97042   0.09750  
  4 95.7849 405955.238651  x:  0.59408   3.96619   0.09807  
  5  0.0086 405955.214273  x:  0.59319   3.96473   0.09807  
  6  0.0017 405955.214234  x:  0.59319   3.96522   0.09807  

5 (Bom_mus) ... 2 (Bom_con)
  0  0.0000 343942.097894  x:  0.11653   3.63738   0.14991  
  1 99.0000 343929.855152  x:  0.12319   3.63771   0.14679  
  2 3395.0641 343919.028856  x:  0.12272   3.63942   0.13170  
  3 1598.9315 343828.788682  x:  0.12263   5.22079   0.14299  
  4 144.1952 343828.238335  x:  0.12265   5.21340   0.13943  
  5  0.0082 343828.238299  x:  0.12266   5.21325   0.13941  
  6  0.0002 343828.238299  x:  0.12266   5.21318   0.13941  
  7  0.0000 343828.238299  x:  0.12266   5.21316   0.13941  
  8  0.0000 343828.238299  x:  0.12266   5.21316   0.13941  

5 (Bom_mus) ... 3 (Bom_hor)
  0  0.0000 331708.078404  x:  0.06623   4.29763   0.14632  
  1 99.0000 331679.556155  x:  0.07377   4.29766   0.14599  
  2 7857.1543 331677.843331  x:  0.07384   4.29817   0.13847  
  3 420.1474 331670.778969  x:  0.07379   4.88482   0.14181  
  4 26.1176 331670.756359  x:  0.07382   4.88436   0.14090  
  5  0.0011 331670.756354  x:  0.07382   4.88471   0.14090  

5 (Bom_mus) ... 4 (Bom_hyp)
  0  0.0000 330832.318243  x:  0.07101   4.00749   0.13763  
  1 99.0000 330831.871598  x:  0.07198   4.00757   0.13706  
  2 804.2329 330830.466879  x:  0.07185   4.00859   0.13024  
  3 521.9005 330801.601710  x:  0.07172   5.22429   0.13750  
  4 57.0346 330801.533447  x:  0.07175   5.21959   0.13594  
  5  0.0049 330801.533431  x:  0.07175   5.21931   0.13591  
  6  0.0003 330801.533431  x:  0.07175   5.21920   0.13591  
  7  0.0001 330801.533431  x:  0.07175   5.21920   0.13591  
  8  0.0000 330801.533431  x:  0.07175   5.21920   0.13591  
  9  0.0000 330801.533431  x:  0.07175   5.21919   0.13591  

6 (Bom_pas) ... 1 (Apis_mel)
  0  0.0000 408397.119749  x:  0.53471   4.16167   0.23835  
  1 99.0000 406311.826306  x:  0.52549   4.16204   0.10810  
  2 22404.6822 406186.268827  x:  0.57858   4.16080   0.09294  
  3 4816.9891 406182.556517  x:  0.57634   4.00268   0.09245  
  4 41.0326 406149.461743  x:  0.59001   3.95359   0.09975  
  5  0.1762 406149.105218  x:  0.59334   3.97186   0.09907  
  6  0.0159 406149.101465  x:  0.59335   3.96769   0.09900  
  7  0.0044 406149.101451  x:  0.59334   3.96778   0.09900  
  8  0.0001 406149.101451  x:  0.59334   3.96778   0.09900  

6 (Bom_pas) ... 2 (Bom_con)
  0  0.0000 344516.606117  x:  0.13121   3.61205   0.09039  
  1 99.0000 344384.069089  x:  0.11816   3.61275   0.12927  
  2 7635.7681 344370.922710  x:  0.12439   3.61316   0.13503  
  3 3762.4644 344259.263075  x:  0.12501   5.37694   0.14259  
  4 160.8292 344259.058992  x:  0.12433   5.37725   0.14410  
  5  0.0011 344259.051926  x:  0.12443   5.37605   0.14439  
  6  0.0010 344259.051887  x:  0.12443   5.37479   0.14439  
  7  0.0007 344259.051887  x:  0.12443   5.37475   0.14439  
  8  0.0000 344259.051886  x:  0.12443   5.37475   0.14439  

6 (Bom_pas) ... 3 (Bom_hor)
  0  0.0000 332170.115015  x:  0.07392   4.42012   0.12202  
  1 99.0000 332164.457367  x:  0.07731   4.42017   0.12546  
  2 2401.9276 332148.939235  x:  0.07505   4.42053   0.14703  
  3 2553.6620 332137.824658  x:  0.07496   5.19187   0.15052  
  4 31.8496 332137.746799  x:  0.07535   5.18969   0.15104  
  5  0.0022 332137.746042  x:  0.07533   5.18887   0.15120  
  6  0.0007 332137.746041  x:  0.07534   5.18874   0.15120  

6 (Bom_pas) ... 4 (Bom_hyp)
  0  0.0000 331568.224301  x:  0.07435   4.25437   0.13488  
  1 99.0000 331566.886759  x:  0.07290   4.25468   0.13851  
  2 679.5078 331564.790971  x:  0.07403   4.25535   0.14576  
  3 2262.6297 331531.895628  x:  0.07399   5.63465   0.15285  
  4 56.9373 331531.880039  x:  0.07386   5.63393   0.15231  
  5  0.0008 331531.879964  x:  0.07387   5.63429   0.15227  
  6  0.0003 331531.879963  x:  0.07387   5.63446   0.15227  
  7  0.0001 331531.879963  x:  0.07387   5.63454   0.15227  
  8  0.0000 331531.879963  x:  0.07387   5.63446   0.15227  
  9  0.0001 331531.879963  x:  0.07387   5.63447   0.15227  
 10  0.0000 331531.879963  x:  0.07387   5.63447   0.15227  

6 (Bom_pas) ... 5 (Bom_mus)
  0  0.0000 315528.566934  x:  0.02327   4.43822   0.18643  
  1 99.0000 315528.120000  x:  0.02381   4.43823   0.18620  
  2 1549.7391 315512.465603  x:  0.02384   4.44004   0.14034  
  3 690.6655 315499.935665  x:  0.02375   6.02993   0.15162  
  4 19.0227 315499.696765  x:  0.02375   6.04281   0.14630  
  5  0.0178 315499.695897  x:  0.02375   6.05819   0.14630  
  6  0.0092 315499.695882  x:  0.02375   6.05871   0.14633  
  7  0.0005 315499.695882  x:  0.02375   6.05871   0.14633  

7 (Bom_syl) ... 1 (Apis_mel)
  0  0.0000 407022.498379  x:  0.44215   4.88558   0.12013  
  1 99.0000 406195.517787  x:  0.58086   4.88235   0.12098  
  2 13397.4390 406107.662013  x:  0.59296   4.88160   0.10145  
  3 9605.1679 406001.669138  x:  0.58604   3.97381   0.10042  
  4 209.2562 406001.372713  x:  0.58924   3.97694   0.09983  
  5  0.0033 406001.358425  x:  0.58938   3.97693   0.10002  
  6  0.0003 406001.358419  x:  0.58938   3.97712   0.10002  
  7  0.0003 406001.358419  x:  0.58938   3.97712   0.10002  

7 (Bom_syl) ... 2 (Bom_con)
  0  0.0000 344257.406600  x:  0.11171   3.41298   0.10270  
  1 99.0000 344181.872532  x:  0.12731   3.41336   0.11151  
  2 8827.3473 344156.075837  x:  0.12322   3.41481   0.13137  
  3 2989.9607 343990.161239  x:  0.12279   5.54668   0.14295  
  4 208.6809 343989.809487  x:  0.12392   5.54800   0.14211  
  5  0.0018 343989.807969  x:  0.12390   5.55084   0.14195  
  6  0.0017 343989.807903  x:  0.12390   5.55250   0.14197  
  7  0.0008 343989.807903  x:  0.12390   5.55250   0.14197  

7 (Bom_syl) ... 3 (Bom_hor)
  0  0.0000 331618.836186  x:  0.07218   4.46009   0.15292  
  1 99.0000 331615.755594  x:  0.07477   4.46015   0.15171  
  2 2203.5164 331607.031195  x:  0.07461   4.46102   0.13378  
  3 1112.4751 331589.416394  x:  0.07453   5.48577   0.13951  
  4 39.1501 331589.360807  x:  0.07448   5.48337   0.13813  
  5  0.0030 331589.360776  x:  0.07447   5.48317   0.13813  
  6  0.0002 331589.360776  x:  0.07447   5.48310   0.13813  

7 (Bom_syl) ... 4 (Bom_hyp)
  0  0.0000 331241.019086  x:  0.06274   4.60774   0.14089  
  1 99.0000 331181.061649  x:  0.07348   4.60778   0.14076  
  2 11821.5049 331180.375784  x:  0.07353   4.60856   0.13586  
  3 270.1735 331158.819380  x:  0.07346   5.80987   0.14183  
  4 42.1917 331158.784776  x:  0.07348   5.81055   0.14070  
  5  0.0013 331158.784732  x:  0.07348   5.81235   0.14069  
  6  0.0013 331158.784732  x:  0.07348   5.81246   0.14070  

7 (Bom_syl) ... 5 (Bom_mus)
  0  0.0000 330226.005117  x:  0.05397   4.71591   0.24060  
  1 99.0000 330110.061585  x:  0.06786   4.71595   0.23900  
  2 18025.1820 329995.885016  x:  0.06820   4.71769   0.15287  
  3 2153.8838 329986.882882  x:  0.06817   5.48722   0.15909  
  4 25.5358 329986.435361  x:  0.06825   5.50612   0.15460  
  5  0.0334 329986.432054  x:  0.06832   5.51502   0.15465  
  6  0.0069 329986.432054  x:  0.06832   5.51513   0.15466  
  7  0.0001 329986.432054  x:  0.06832   5.51512   0.15465  

7 (Bom_syl) ... 6 (Bom_pas)
  0  0.0000 330574.587673  x:  0.06447   4.56084   0.19544  
  1 99.0000 330559.321414  x:  0.06993   4.56089   0.19439  
  2 5723.3617 330538.712762  x:  0.07005   4.56251   0.16044  
  3 1151.0729 330512.730855  x:  0.06998   5.89952   0.16974  
  4 45.3052 330512.544602  x:  0.06994   5.90604   0.16669  
  5  0.0084 330512.543944  x:  0.06993   5.91279   0.16670  
  6  0.0047 330512.543928  x:  0.06993   5.91339   0.16671  
  7  0.0005 330512.543928  x:  0.06993   5.91346   0.16671  

8 (Bom_vet) ... 1 (Apis_mel)
  0  0.0000 407506.347058  x:  0.55272   4.70822   0.19688  
  1 99.0000 406263.283355  x:  0.54672   4.70773   0.10652  
  2 20798.2214 406176.805732  x:  0.59614   4.70457   0.09470  
  3 3588.0649 406108.611413  x:  0.58644   3.98187   0.09332  
  4 172.4478 406094.711231  x:  0.59348   3.96403   0.09880  
  5  0.0499 406094.670568  x:  0.59387   3.97706   0.09860  
  6  0.0148 406094.668951  x:  0.59390   3.97517   0.09853  
  7  0.0020 406094.668948  x:  0.59391   3.97516   0.09853  

8 (Bom_vet) ... 2 (Bom_con)
  0  0.0000 344241.498523  x:  0.11577   3.50107   0.07524  
  1 99.0000 344010.237846  x:  0.13289   3.50150   0.11283  
  2 12775.7735 343972.608006  x:  0.12171   3.50206   0.12426  
  3 5302.2398 343846.371318  x:  0.12109   5.36590   0.13107  
  4 175.1290 343841.661167  x:  0.12386   5.37679   0.13806  
  5  0.0074 343841.349634  x:  0.12301   5.37481   0.13988  
  6  0.0024 343841.348849  x:  0.12304   5.37208   0.13995  
  7  0.0021 343841.348765  x:  0.12304   5.37038   0.13993  
  8  0.0010 343841.348765  x:  0.12304   5.37038   0.13993  
  9  0.0000 343841.348765  x:  0.12304   5.37038   0.13993  
check convergence!


8 (Bom_vet) ... 3 (Bom_hor)
  0  0.0000 331829.595713  x:  0.05755   4.31211   0.24561  
  1 99.0000 331700.209986  x:  0.07276   4.31216   0.24344  
  2 18356.9258 331522.781587  x:  0.07320   4.31431   0.13952  
  3 2739.2403 331513.366157  x:  0.07316   4.99407   0.14597  
  4 30.1582 331513.087024  x:  0.07323   5.01057   0.14286  
  5  0.0328 331513.083761  x:  0.07331   5.01629   0.14282  
  6  0.0045 331513.083750  x:  0.07331   5.01626   0.14284  

8 (Bom_vet) ... 4 (Bom_hyp)
  0  0.0000 331015.472856  x:  0.06833   4.16810   0.22878  
  1 99.0000 331001.929572  x:  0.07364   4.16826   0.22352  
  2 3720.9888 330856.760036  x:  0.07323   4.17089   0.13429  
  3 5139.0734 330828.904784  x:  0.07300   5.38475   0.14540  
  4 53.0239 330827.494279  x:  0.07221   5.41740   0.13928  
  5  0.0480 330827.383406  x:  0.07178   5.42507   0.14033  
  6  0.0089 330827.382961  x:  0.07178   5.43056   0.14031  
  7  0.0037 330827.382951  x:  0.07178   5.43080   0.14033  
  8  0.0002 330827.382951  x:  0.07178   5.43080   0.14033  
  9  0.0001 330827.382951  x:  0.07178   5.43080   0.14033  
check convergence!


8 (Bom_vet) ... 5 (Bom_mus)
  0  0.0000 314677.828847  x:  0.01931   4.60061   0.13182  
  1 99.0000 314669.918832  x:  0.02143   4.60061   0.13185  
  2 7850.0639 314669.763386  x:  0.02142   4.60093   0.13622  
  3 75.1466 314668.332300  x:  0.02140   5.12647   0.13866  
  4  5.9079 314668.329737  x:  0.02136   5.12079   0.13836  
  5  0.0052 314668.329735  x:  0.02136   5.12037   0.13837  
  6  0.0004 314668.329735  x:  0.02136   5.12036   0.13837  
  7  0.0000 314668.329735  x:  0.02136   5.12036   0.13837  
check convergence!


8 (Bom_vet) ... 6 (Bom_pas)
  0  0.0000 315391.522520  x:  0.01978   4.28856   0.24482  
  1 99.0000 315371.074105  x:  0.02320   4.28857   0.24460  
  2 12623.9431 315321.244393  x:  0.02330   4.29322   0.14709  
  3 819.5904 315290.758043  x:  0.02321   6.92650   0.17315  
  4 30.8234 315289.140098  x:  0.02324   7.01022   0.15830  
  5  0.1262 315289.094670  x:  0.02325   7.15070   0.15807  
  6  0.0605 315289.092614  x:  0.02325   7.15611   0.15860  
  7  0.0056 315289.092609  x:  0.02324   7.15618   0.15860  
  8  0.0001 315289.092609  x:  0.02324   7.15618   0.15860  

8 (Bom_vet) ... 7 (Bom_syl)
  0  0.0000 329888.840091  x:  0.06844   5.64776   0.16988  
  1 99.0000 329888.221452  x:  0.06740   5.64778   0.16862  
  2 738.5092 329884.384108  x:  0.06801   5.64791   0.15632  
  3 1211.0772 329884.121775  x:  0.06801   5.80205   0.15692  
  4  3.4464 329884.078806  x:  0.06812   5.80123   0.15557  
  5  0.0018 329884.078747  x:  0.06813   5.80139   0.15558  
  6  0.0002 329884.078747  x:  0.06813   5.80138   0.15558  