

2 (Bom_con) ... 1 (Apis_mel)
  0  0.0000 427674.131850  x:  0.47633   1.61807   0.47207  
  1 99.0000 418908.978055  x:  0.39286   1.68881   0.09947  
  2 24171.2911 418671.860554  x:  0.41601   1.69685   0.07709  
  3 18511.1005 416301.573753  x:  0.52956   3.45268   0.11453  
  4 3850.7224 416169.084272  x:  0.51192   3.73947   0.09858  
  5  0.2174 416128.799615  x:  0.54478   3.87325   0.09127  
  6  0.0866 416123.570976  x:  0.54571   3.94866   0.09522  
  7  0.0472 416121.699196  x:  0.54472   4.03987   0.09443  
  8  0.0583 416121.686691  x:  0.54523   4.04438   0.09448  
  9  0.0041 416121.686678  x:  0.54523   4.04447   0.09447  
 10  0.0001 416121.686678  x:  0.54523   4.04446   0.09447  

3 (Bom_hor) ... 1 (Apis_mel)
  0  0.0000 418297.017043  x:  0.43638   3.37606   0.18273  
  1 99.0000 416966.491027  x:  0.46604   3.37769   0.09490  
  2 21694.9348 416697.621614  x:  0.54548   3.38013   0.09358  
  3 8217.0072 416617.780466  x:  0.54973   4.02558   0.09847  
  4 271.0890 416603.735190  x:  0.55462   4.07104   0.09175  
  5  0.0979 416603.477267  x:  0.55712   4.09663   0.09178  
  6  0.0189 416603.477116  x:  0.55709   4.09690   0.09177  
  7  0.0003 416603.477112  x:  0.55709   4.09702   0.09177  
  8  0.0001 416603.477112  x:  0.55709   4.09703   0.09177  
  9  0.0000 416603.477112  x:  0.55709   4.09702   0.09177  
 10  0.0000 416603.477112  x:  0.55709   4.09702   0.09177  
 11  0.0000 416603.477112  x:  0.55709   4.09702   0.09177  
check convergence!


3 (Bom_hor) ... 2 (Bom_con)
  0  0.0000 353802.512635  x:  0.10401   3.65515   0.21703  
  1 99.0000 353589.722429  x:  0.12897   3.65756   0.14906  
  2 5944.1398 353424.556462  x:  0.12291   3.65947   0.09662  
  3 26235.2223 353310.704885  x:  0.11978   5.61878   0.11346  
  4 147.7912 353279.732863  x:  0.10970   5.51560   0.11207  
  5  0.1285 353279.426270  x:  0.10946   5.39770   0.11151  
  6  0.0694 353279.417212  x:  0.10961   5.38824   0.11151  
  7  0.0099 353279.417211  x:  0.10961   5.38841   0.11151  
  8  0.0002 353279.417211  x:  0.10961   5.38841   0.11151  

4 (Bom_hyp) ... 1 (Apis_mel)
  0  0.0000 416658.317142  x:  0.46427   4.34535   0.14261  
  1 99.0000 416230.702454  x:  0.48114   4.34508   0.09747  
  2 14991.5206 416037.074874  x:  0.55204   4.34345   0.09453  
  3 6861.3097 416023.562114  x:  0.54953   4.05824   0.09357  
  4 83.6840 416023.171579  x:  0.54947   4.04202   0.09251  
  5  0.0260 416023.154742  x:  0.54914   4.03233   0.09258  
  6  0.0117 416023.154539  x:  0.54906   4.03260   0.09259  
  7  0.0002 416023.154539  x:  0.54906   4.03260   0.09259  

4 (Bom_hyp) ... 2 (Bom_con)
  0  0.0000 352400.710000  x:  0.08171   3.44174   0.07953  
  1 99.0000 352161.013540  x:  0.10643   3.44191   0.08673  
  2 20453.9570 352124.160921  x:  0.10403   3.44276   0.10915  
  3 3709.1106 352016.723683  x:  0.10364   5.25597   0.11779  
  4 153.0307 352016.659736  x:  0.10408   5.25305   0.11749  
  5  0.0024 352016.659713  x:  0.10407   5.25246   0.11747  
  6  0.0004 352016.659712  x:  0.10407   5.25235   0.11747  
  7  0.0001 352016.659712  x:  0.10407   5.25230   0.11747  
  8  0.0000 352016.659712  x:  0.10407   5.25231   0.11747  

4 (Bom_hyp) ... 3 (Bom_hor)
  0  0.0000 340792.136544  x:  0.05883   4.35072   0.22273  
  1 99.0000 340773.368959  x:  0.06457   4.35085   0.21607  
  2 4415.1337 340514.163511  x:  0.06443   4.35315   0.10181  
  3 7824.4003 340497.246382  x:  0.06416   5.38550   0.11126  
  4 36.7477 340494.140634  x:  0.06290   5.46255   0.10404  
  5  0.1218 340493.568562  x:  0.06205   5.45682   0.10628  
  6  0.0086 340493.568417  x:  0.06205   5.45858   0.10625  
  7  0.0017 340493.568413  x:  0.06205   5.45913   0.10625  
  8  0.0004 340493.568413  x:  0.06205   5.45914   0.10625  

5 (Bom_mus) ... 1 (Apis_mel)
  0  0.0000 417539.740626  x:  0.49041   4.43000   0.15786  
  1 99.0000 416875.219287  x:  0.49862   4.42979   0.09879  
  2 18044.0663 416730.148969  x:  0.56291   4.42789   0.09045  
  3 5115.6902 416713.101737  x:  0.55912   4.07165   0.08934  
  4 91.3270 416710.321704  x:  0.55910   4.05835   0.09218  
  5  0.0296 416710.308181  x:  0.55866   4.06257   0.09214  
  6  0.0040 416710.308027  x:  0.55861   4.06172   0.09215  
  7  0.0009 416710.308026  x:  0.55861   4.06174   0.09215  

5 (Bom_mus) ... 2 (Bom_con)
  0  0.0000 354652.021994  x:  0.09239   3.39615   0.15424  
  1 99.0000 354500.570353  x:  0.11330   3.39644   0.14956  
  2 15233.7758 354424.123915  x:  0.11344   3.39879   0.11008  
  3 3564.3781 354304.734461  x:  0.11318   5.30863   0.12667  
  4 172.6736 354301.607532  x:  0.11327   5.27790   0.11898  
  5  0.0371 354301.574763  x:  0.11328   5.24285   0.11855  
  6  0.0194 354301.572407  x:  0.11328   5.23836   0.11872  
  7  0.0043 354301.572407  x:  0.11328   5.23843   0.11872  

5 (Bom_mus) ... 3 (Bom_hor)
  0  0.0000 341885.880584  x:  0.06640   4.45266   0.22207  
  1 99.0000 341864.561058  x:  0.06059   4.45281   0.21309  
  2 3863.8804 341647.876220  x:  0.06246   4.45449   0.10992  
  3 10293.1639 341639.926032  x:  0.06263   5.13749   0.11580  
  4 24.8087 341635.501546  x:  0.06518   5.15302   0.11067  
  5  0.0184 341635.259571  x:  0.06544   5.13305   0.11296  
  6  0.0382 341635.259314  x:  0.06545   5.13070   0.11288  
  7  0.0021 341635.259312  x:  0.06545   5.13034   0.11288  
  8  0.0003 341635.259312  x:  0.06545   5.13034   0.11288  

5 (Bom_mus) ... 4 (Bom_hyp)
  0  0.0000 342139.543701  x:  0.06810   4.25273   0.09664  
  1 99.0000 342130.592578  x:  0.06489   4.25289   0.10530  
  2 1942.4103 342121.831772  x:  0.06754   4.25312   0.11619  
  3 5130.7113 342104.058367  x:  0.06755   5.28431   0.12040  
  4 39.5612 342103.881806  x:  0.06708   5.27804   0.12180  
  5  0.0053 342103.880168  x:  0.06711   5.27549   0.12196  
  6  0.0022 342103.880162  x:  0.06711   5.27481   0.12196  
  7  0.0005 342103.880161  x:  0.06711   5.27478   0.12196  
  8  0.0000 342103.880161  x:  0.06711   5.27478   0.12196  
check convergence!


6 (Bom_pas) ... 1 (Apis_mel)
  0  0.0000 418843.355642  x:  0.52379   4.23648   0.21904  
  1 99.0000 416800.417989  x:  0.50765   4.23697   0.10113  
  2 24113.1943 416719.807228  x:  0.54742   4.23603   0.08890  
  3 3999.0498 416716.784737  x:  0.54536   4.08826   0.08840  
  4 37.9462 416700.437039  x:  0.55528   4.04741   0.09316  
  5  0.1231 416700.290329  x:  0.55724   4.05867   0.09272  
  6  0.0103 416700.289571  x:  0.55723   4.05664   0.09269  
  7  0.0021 416700.289570  x:  0.55723   4.05667   0.09269  

6 (Bom_pas) ... 2 (Bom_con)
  0  0.0000 354882.774958  x:  0.09120   3.67083   0.15988  
  1 99.0000 354700.214950  x:  0.11407   3.67106   0.15534  
  2 17000.0659 354617.767486  x:  0.11431   3.67308   0.11322  
  3 3555.3573 354528.128304  x:  0.11416   5.29049   0.12623  
  4 136.7711 354526.364761  x:  0.11423   5.31413   0.12060  
  5  0.0302 354526.342785  x:  0.11425   5.34547   0.12056  
  6  0.0171 354526.342289  x:  0.11424   5.34635   0.12066  
  7  0.0009 354526.342289  x:  0.11424   5.34637   0.12066  

6 (Bom_pas) ... 3 (Bom_hor)
  0  0.0000 341883.286144  x:  0.05732   4.24716   0.13035  
  1 99.0000 341837.401578  x:  0.06608   4.24720   0.12950  
  2 10968.9340 341826.331709  x:  0.06618   4.24801   0.11102  
  3 1130.4240 341805.189091  x:  0.06609   5.38575   0.11737  
  4 42.8293 341805.081721  x:  0.06612   5.38967   0.11560  
  5  0.0047 341805.081452  x:  0.06613   5.39418   0.11561  
  6  0.0030 341805.081451  x:  0.06612   5.39425   0.11561  
  7  0.0001 341805.081451  x:  0.06612   5.39431   0.11561  

6 (Bom_pas) ... 4 (Bom_hyp)
  0  0.0000 342480.868718  x:  0.07043   4.39454   0.10667  
  1 99.0000 342476.727643  x:  0.06764   4.39459   0.10844  
  2 2463.0048 342467.654347  x:  0.06830   4.39504   0.12405  
  3 1637.5406 342447.564188  x:  0.06825   5.52644   0.12895  
  4 40.8079 342447.550162  x:  0.06809   5.52550   0.12900  
  5  0.0010 342447.550155  x:  0.06809   5.52495   0.12901  
  6  0.0004 342447.550155  x:  0.06809   5.52494   0.12901  

6 (Bom_pas) ... 5 (Bom_mus)
  0  0.0000 327148.626746  x:  0.01814   4.50397   0.16746  
  1 99.0000 327121.841672  x:  0.02184   4.50398   0.16726  
  2 15433.0388 327094.055111  x:  0.02191   4.50533   0.11077  
  3 831.7946 327086.195835  x:  0.02186   5.79468   0.11947  
  4 14.2450 327086.023869  x:  0.02187   5.81280   0.11568  
  5  0.0275 327086.023133  x:  0.02187   5.82663   0.11564  
  6  0.0115 327086.023101  x:  0.02187   5.82705   0.11567  
  7  0.0005 327086.023097  x:  0.02187   5.82705   0.11567  
  8  0.0019 327086.023097  x:  0.02187   5.82705   0.11567  
  9  0.0003 327086.023091  x:  0.02187   5.82705   0.11567  
 10  0.0495 327086.023091  x:  0.02187   5.82705   0.11567  
check convergence!


7 (Bom_syl) ... 1 (Apis_mel)
  0  0.0000 417613.701942  x:  0.52853   4.82766   0.15811  
  1 99.0000 416923.485495  x:  0.52609   4.82731   0.09884  
  2 18874.1524 416869.082353  x:  0.56558   4.82455   0.09127  
  3 2849.5079 416805.742871  x:  0.55710   4.09942   0.08979  
  4 160.4414 416801.739351  x:  0.55893   4.09103   0.09288  
  5  0.0194 416801.732410  x:  0.55876   4.09684   0.09293  
  6  0.0069 416801.732233  x:  0.55869   4.09623   0.09294  
  7  0.0006 416801.732233  x:  0.55869   4.09623   0.09294  

7 (Bom_syl) ... 2 (Bom_con)
  0  0.0000 355114.825663  x:  0.11654   3.48198   0.12139  
  1 99.0000 355111.142849  x:  0.11412   3.48285   0.11602  
  2 1212.4695 355109.040554  x:  0.11597   3.48388   0.11154  
  3 1627.4709 354986.236531  x:  0.11609   5.33840   0.12428  
  4 177.1548 354985.470005  x:  0.11606   5.34606   0.12054  
  5  0.0075 354985.462861  x:  0.11616   5.36086   0.12055  
  6  0.0086 354985.462212  x:  0.11612   5.36403   0.12059  
  7  0.0026 354985.462212  x:  0.11612   5.36405   0.12059  
  8  0.0000 354985.462212  x:  0.11612   5.36405   0.12059  

7 (Bom_syl) ... 3 (Bom_hor)
  0  0.0000 342414.830126  x:  0.05460   4.31431   0.11794  
  1 99.0000 342303.081916  x:  0.06816   4.31435   0.11748  
  2 17857.3985 342298.995077  x:  0.06824   4.31507   0.10698  
  3 747.1335 342272.841717  x:  0.06814   5.61523   0.11342  
  4 47.2570 342272.752241  x:  0.06817   5.61785   0.11188  
  5  0.0031 342272.752001  x:  0.06817   5.62191   0.11186  
  6  0.0028 342272.751995  x:  0.06817   5.62225   0.11187  
  7  0.0003 342272.751995  x:  0.06817   5.62225   0.11187  
  8  0.0000 342272.751995  x:  0.06817   5.62225   0.11187  
  9  0.0014 342272.751995  x:  0.06817   5.62225   0.11187  

7 (Bom_syl) ... 4 (Bom_hyp)
  0  0.0000 342589.798405  x:  0.05766   4.57786   0.17398  
  1 99.0000 342520.787611  x:  0.06848   4.57790   0.17217  
  2 13386.0321 342450.236574  x:  0.06869   4.57913   0.11887  
  3 2324.2162 342432.470483  x:  0.06862   5.67356   0.12610  
  4 36.7656 342432.161465  x:  0.06864   5.68899   0.12304  
  5  0.0227 342432.160110  x:  0.06863   5.69998   0.12307  
  6  0.0075 342432.160107  x:  0.06863   5.69997   0.12308  
  7  0.0000 342432.160107  x:  0.06863   5.69998   0.12308  

7 (Bom_syl) ... 5 (Bom_mus)
  0  0.0000 342220.877707  x:  0.06917   4.58521   0.18916  
  1 99.0000 342210.658765  x:  0.06493   4.58528   0.18599  
  2 3758.0891 342134.276282  x:  0.06624   4.58646   0.12656  
  3 3299.1394 342123.784937  x:  0.06627   5.41024   0.13245  
  4 28.0450 342123.471130  x:  0.06676   5.42008   0.12984  
  5  0.0130 342123.458445  x:  0.06687   5.42106   0.13025  
  6  0.0013 342123.458432  x:  0.06688   5.42190   0.13024  

7 (Bom_syl) ... 6 (Bom_pas)
  0  0.0000 342529.206113  x:  0.06611   4.49685   0.13869  
  1 99.0000 342527.280185  x:  0.06801   4.49689   0.13831  
  2 2014.1487 342525.737802  x:  0.06802   4.49763   0.13099  
  3 420.6775 342507.013434  x:  0.06794   5.60983   0.13712  
  4 38.7315 342506.970454  x:  0.06796   5.61153   0.13588  
  5  0.0021 342506.970377  x:  0.06796   5.61395   0.13587  
  6  0.0017 342506.970376  x:  0.06796   5.61408   0.13588  

8 (Bom_vet) ... 1 (Apis_mel)
  0  0.0000 417390.449708  x:  0.44985   4.71223   0.13710  
  1 99.0000 416969.952197  x:  0.48043   4.71154   0.09494  
  2 13937.9584 416707.033407  x:  0.55545   4.70939   0.09998  
  3 10330.9833 416651.615989  x:  0.55061   4.05362   0.09808  
  4 155.8927 416643.302531  x:  0.55577   4.06750   0.09284  
  5  0.0212 416643.282417  x:  0.55645   4.06325   0.09273  
  6  0.0039 416643.281929  x:  0.55651   4.06477   0.09275  
  7  0.0017 416643.281928  x:  0.55651   4.06473   0.09275  

8 (Bom_vet) ... 2 (Bom_con)
  0  0.0000 354562.979498  x:  0.11434   3.65370   0.18627  
  1 99.0000 354473.181009  x:  0.10088   3.65487   0.15581  
  2 5105.6568 354357.082634  x:  0.10751   3.65676   0.10915  
  3 15525.7733 354265.740684  x:  0.10873   5.29213   0.12322  
  4 137.6691 354259.723005  x:  0.11299   5.28522   0.11928  
  5  0.0090 354259.721089  x:  0.11299   5.28466   0.11947  
  6  0.0008 354259.721075  x:  0.11299   5.28437   0.11947  
  7  0.0002 354259.721074  x:  0.11299   5.28419   0.11947  
  8  0.0001 354259.721074  x:  0.11299   5.28418   0.11947  
  9  0.0000 354259.721074  x:  0.11299   5.28418   0.11947  
check convergence!


8 (Bom_vet) ... 3 (Bom_hor)
  0  0.0000 341678.751617  x:  0.05739   4.42138   0.16050  
  1 99.0000 341643.132852  x:  0.06509   4.42142   0.15874  
  2 9433.8398 341584.936679  x:  0.06522   4.42234   0.11180  
  3 2249.5827 341574.906229  x:  0.06515   5.20953   0.11689  
  4 28.0646 341574.758350  x:  0.06512   5.21797   0.11485  
  5  0.0125 341574.757613  x:  0.06509   5.22177   0.11486  
  6  0.0032 341574.757609  x:  0.06509   5.22221   0.11487  
  7  0.0004 341574.757609  x:  0.06509   5.22223   0.11487  
  8  0.0000 341574.757609  x:  0.06509   5.22222   0.11487  

8 (Bom_vet) ... 4 (Bom_hyp)
  0  0.0000 342363.324889  x:  0.05838   4.41436   0.18235  
  1 99.0000 342317.927667  x:  0.06715   4.41440   0.18046  
  2 10633.8239 342238.780503  x:  0.06735   4.41572   0.12185  
  3 2384.6470 342224.316303  x:  0.06728   5.35353   0.12874  
  4 34.5298 342224.017999  x:  0.06726   5.36767   0.12567  
  5  0.0217 342224.016774  x:  0.06723   5.37533   0.12570  
  6  0.0059 342224.016764  x:  0.06723   5.37585   0.12571  
  7  0.0004 342224.016764  x:  0.06723   5.37589   0.12571  
  8  0.0001 342224.016763  x:  0.06723   5.37588   0.12570  

8 (Bom_vet) ... 5 (Bom_mus)
  0  0.0000 326564.723688  x:  0.01720   4.53975   0.16961  
  1 99.0000 326544.000487  x:  0.02035   4.53975   0.16939  
  2 13893.1927 326501.425127  x:  0.02043   4.54058   0.09904  
  3 977.1360 326500.438973  x:  0.02041   4.97255   0.10194  
  4  4.8555 326500.409473  x:  0.02042   4.98076   0.10050  
  5  0.0155 326500.409343  x:  0.02043   4.98095   0.10048  
  6  0.0002 326500.409343  x:  0.02043   4.98094   0.10048  
  7  0.0000 326500.409343  x:  0.02043   4.98094   0.10048  
  8  0.0000 326500.409343  x:  0.02043   4.98093   0.10048  
  9  0.0000 326500.409343  x:  0.02043   4.98094   0.10048  
 10  0.0000 326500.409343  x:  0.02043   4.98094   0.10048  
 11  0.0000 326500.409343  x:  0.02043   4.98094   0.10048  
 12  0.0194 326500.409343  x:  0.02043   4.98094   0.10048  
 13  0.0041 326500.409343  x:  0.02043   4.98094   0.10048  
 14  0.1283 326500.409343  x:  0.02043   4.98094   0.10048  
check convergence!


8 (Bom_vet) ... 6 (Bom_pas)
  0  0.0000 327160.572716  x:  0.02330   4.26886   0.16501  
  1 99.0000 327157.293014  x:  0.02191   4.26887   0.16474  
  2 4492.2526 327129.698168  x:  0.02203   4.27060   0.10930  
  3 870.0184 327115.884463  x:  0.02194   5.94922   0.12145  
  4 20.1216 327115.505299  x:  0.02197   5.97682   0.11575  
  5  0.0392 327115.501835  x:  0.02198   6.00922   0.11578  
  6  0.0182 327115.501790  x:  0.02197   6.00766   0.11581  
  7  0.0021 327115.501787  x:  0.02197   6.00766   0.11581  

8 (Bom_vet) ... 7 (Bom_syl)
  0  0.0000 342121.355864  x:  0.06672   4.94030   0.10785  
  1 99.0000 342105.479639  x:  0.06828   4.94043   0.12811  
  2 1673.2726 342103.770550  x:  0.06654   4.94045   0.13026  
  3 2593.1288 342099.562898  x:  0.06649   5.51231   0.13236  
  4 16.1210 342099.542352  x:  0.06654   5.49677   0.13307  
  5  0.0119 342099.542332  x:  0.06653   5.49760   0.13308  
  6  0.0008 342099.542332  x:  0.06653   5.49760   0.13308  