Supplemental results for CODEML (seqf: /home/yzliu/eDNA/faststorage/yzliu/DK_proj/data/ref_genome/ref_annotation/primary_transcripts/extracted_cds_new/new_transcript_id_7_and_pas/bootstraps/cat.out.OG_cds_7_species_same_header_fas.shuf_537OG_378.phy  treef: xxx.trees)


pairwise comparison (Goldman & Yang 1994)
seq seq        N       S       dN       dS     dN/dS   Paras.
  2   1 463962.6 181550.4   0.0095   0.1671   0.0570   0.1615   3.6809   0.0570 -995028.839
  3   1 463584.7 181928.3   0.0094   0.1613   0.0584   0.1567   3.5980   0.0584 -993333.622
  3   2 462348.6 183164.4   0.0094   0.1530   0.0615   0.1504   4.0029   0.0615 -989201.887
  4   1 464397.3 181115.7   0.0073   0.1214   0.0598   0.1178   3.4878   0.0598 -972232.305
  4   2 462239.9 183273.1   0.0093   0.1554   0.0595   0.1523   4.0245   0.0595 -989981.580
  4   3 461178.6 184334.4   0.0093   0.1530   0.0609   0.1511   4.0239   0.0609 -989886.072
  5   1 466968.9 178544.1   0.0054   0.0914   0.0588   0.0875   3.1072   0.0588 -953484.451
  5   2 463541.7 181971.3   0.0097   0.1638   0.0595   0.1596   3.7216   0.0595 -994709.005
  5   3 463149.8 182363.2   0.0097   0.1573   0.0615   0.1542   3.6423   0.0615 -992660.667
  5   4 463749.9 181763.1   0.0073   0.1155   0.0631   0.1133   3.5594   0.0631 -970040.906
  6   1 467997.9 177515.1   0.0065   0.1201   0.0543   0.1133   2.9981   0.0543 -969562.339
  6   2 464333.0 181180.0   0.0089   0.1599   0.0558   0.1539   3.6202   0.0558 -990984.456
  6   3 463868.8 181644.2   0.0091   0.1546   0.0586   0.1500   3.5521   0.0586 -989975.241
  6   4 464550.7 180962.3   0.0068   0.1154   0.0591   0.1117   3.4610   0.0591 -968461.977
  6   5 467684.2 177828.8   0.0068   0.1145   0.0594   0.1095   3.0206   0.0594 -968153.777
  7   1 462005.0 183508.0   0.0645   1.1785   0.0547   1.1434   4.0201   0.0547 -1206745.577
  7   2 458824.6 186688.4   0.0656   1.2432   0.0527   1.2185   4.3149   0.0527 -1210355.300
  7   3 460715.3 184797.7   0.0653   1.1776   0.0554   1.1512   4.1635   0.0554 -1207662.901
  7   4 460496.4 185016.6   0.0648   1.1853   0.0547   1.1578   4.1884   0.0547 -1207190.018
  7   5 462033.4 183479.6   0.0648   1.1699   0.0554   1.1368   4.0379   0.0554 -1206724.413
  7   6 461849.3 183663.7   0.0645   1.1758   0.0548   1.1420   4.0519   0.0548 -1206439.472

