

2 (Bom_con) ... 1 (Apis_mel)
  0  0.0000 403709.343004  x:  0.51988   1.41633   0.38019  
  1 99.0000 397015.413919  x:  0.44919   1.47550   0.09783  
  2 25785.3824 396810.504280  x:  0.47959   1.49076   0.07843  
  3 10811.8562 394534.457391  x:  0.58026   2.98886   0.12217  
  4 4885.9469 394264.548170  x:  0.52350   3.33134   0.10975  
  5  0.4072 394138.234603  x:  0.57033   3.68753   0.09450  
  6  0.1628 394119.874069  x:  0.57513   3.88302   0.10078  
  7  0.0964 394116.127909  x:  0.57203   3.99740   0.09960  
  8  0.0843 394116.124201  x:  0.57211   4.00030   0.09969  
  9  0.0027 394116.124198  x:  0.57211   4.00042   0.09969  
 10  0.0001 394116.124198  x:  0.57211   4.00042   0.09969  

3 (Bom_hor) ... 1 (Apis_mel)
  0  0.0000 396784.558566  x:  0.51273   3.59361   0.21021  
  1 99.0000 395268.523462  x:  0.51318   3.59502   0.10515  
  2 21097.6861 395141.358030  x:  0.57021   3.59636   0.09305  
  3 4685.3994 395108.188985  x:  0.57652   4.03839   0.09574  
  4 159.2401 395101.803805  x:  0.58111   3.99955   0.09943  
  5  0.1029 395101.561226  x:  0.58356   3.99774   0.09868  
  6  0.0025 395101.561129  x:  0.58360   3.99786   0.09869  
  7  0.0001 395101.561129  x:  0.58360   3.99790   0.09869  

3 (Bom_hor) ... 2 (Bom_con)
  0  0.0000 335410.002209  x:  0.11613   3.49379   0.19234  
  1 99.0000 335315.064723  x:  0.13295   3.49576   0.15303  
  2 4447.8863 335240.972020  x:  0.12660   3.49769   0.11750  
  3 12369.5635 335123.418630  x:  0.12469   5.29541   0.13412  
  4 165.5807 335119.772475  x:  0.12114   5.28451   0.13199  
  5  0.0136 335119.760227  x:  0.12118   5.28173   0.13148  
  6  0.0031 335119.759994  x:  0.12117   5.27856   0.13147  
  7  0.0017 335119.759991  x:  0.12118   5.27850   0.13147  
  8  0.0001 335119.759991  x:  0.12118   5.27849   0.13147  
  9  0.0000 335119.759991  x:  0.12118   5.27849   0.13147  
 10  0.0000 335119.759991  x:  0.12118   5.27849   0.13147  

4 (Bom_hyp) ... 1 (Apis_mel)
  0  0.0000 394855.399545  x:  0.44745   4.41158   0.15343  
  1 99.0000 394238.698032  x:  0.48831   4.41099   0.09897  
  2 15298.6129 393947.607311  x:  0.56604   4.40934   0.10699  
  3 10718.0194 393923.803611  x:  0.56322   3.99772   0.10552  
  4 109.0548 393905.718186  x:  0.57372   4.02188   0.09740  
  5  0.0364 393905.551584  x:  0.57612   4.02389   0.09726  
  6  0.0025 393905.551337  x:  0.57610   4.02424   0.09729  
  7  0.0004 393905.551337  x:  0.57609   4.02421   0.09729  
  8  0.0000 393905.551337  x:  0.57609   4.02421   0.09729  

4 (Bom_hyp) ... 2 (Bom_con)
  0  0.0000 332865.847310  x:  0.11214   3.49614   0.13415  
  1 99.0000 332859.859820  x:  0.10935   3.49732   0.12568  
  2 1295.6560 332856.880915  x:  0.11170   3.49835   0.12027  
  3 2246.5403 332736.624248  x:  0.11181   5.42621   0.13447  
  4 165.4853 332735.743356  x:  0.11177   5.43731   0.13004  
  5  0.0107 332735.732146  x:  0.11190   5.45560   0.13005  
  6  0.0110 332735.730824  x:  0.11185   5.46098   0.13011  
  7  0.0041 332735.730824  x:  0.11185   5.46101   0.13011  
  8  0.0000 332735.730824  x:  0.11185   5.46102   0.13011  

4 (Bom_hyp) ... 3 (Bom_hor)
  0  0.0000 322682.941037  x:  0.05846   4.33668   0.18880  
  1 99.0000 322614.033719  x:  0.06967   4.33673   0.18714  
  2 12961.1162 322551.511287  x:  0.06989   4.33815   0.13202  
  3 1995.4098 322536.662526  x:  0.06982   5.27386   0.13921  
  4 35.6010 322536.452292  x:  0.06984   5.28534   0.13643  
  5  0.0169 322536.451967  x:  0.06985   5.29023   0.13644  
  6  0.0035 322536.451966  x:  0.06984   5.29024   0.13644  
  7  0.0000 322536.451966  x:  0.06984   5.29024   0.13644  
  8  0.0000 322536.451966  x:  0.06984   5.29024   0.13644  
  9  0.0408 322536.451966  x:  0.06984   5.29024   0.13644  
 10  0.0282 322536.451966  x:  0.06984   5.29024   0.13644  
 11  0.0209 322536.451966  x:  0.06984   5.29024   0.13644  
 12  0.0412 322536.451966  x:  0.06984   5.29024   0.13644  
check convergence!


5 (Bom_mus) ... 1 (Apis_mel)
  0  0.0000 396261.668351  x:  0.49809   4.35773   0.20553  
  1 99.0000 394946.751797  x:  0.50914   4.35758   0.10693  
  2 19675.9864 394758.530590  x:  0.58496   4.35552   0.09476  
  3 5665.7543 394744.491819  x:  0.58124   4.03689   0.09349  
  4 83.6247 394735.523830  x:  0.58269   4.00101   0.09840  
  5  0.1121 394735.510893  x:  0.58250   4.00922   0.09847  
  6  0.0088 394735.510576  x:  0.58240   4.00853   0.09848  
  7  0.0006 394735.510576  x:  0.58240   4.00853   0.09848  

5 (Bom_mus) ... 2 (Bom_con)
  0  0.0000 335202.395320  x:  0.11897   3.37424   0.15005  
  1 99.0000 335182.353796  x:  0.12515   3.37599   0.13287  
  2 2141.2691 335174.772153  x:  0.12162   3.37716   0.12434  
  3 3543.4835 335036.037855  x:  0.12075   5.28989   0.14047  
  4 190.3257 335034.974322  x:  0.12129   5.30417   0.13571  
  5  0.0141 335034.954351  x:  0.12107   5.31956   0.13564  
  6  0.0121 335034.950688  x:  0.12112   5.33059   0.13574  
  7  0.0068 335034.950687  x:  0.12112   5.33062   0.13574  

5 (Bom_mus) ... 3 (Bom_hor)
  0  0.0000 322967.242041  x:  0.07302   4.52249   0.10832  
  1 99.0000 322954.971598  x:  0.06836   4.52250   0.11481  
  2 3004.0894 322928.274237  x:  0.07158   4.52257   0.14070  
  3 4778.6899 322925.493636  x:  0.07157   4.92760   0.14241  
  4 14.7163 322924.945593  x:  0.07059   4.92125   0.14449  
  5  0.0060 322924.938179  x:  0.07064   4.92080   0.14498  
  6  0.0005 322924.938177  x:  0.07064   4.92097   0.14498  
  7  0.0002 322924.938177  x:  0.07064   4.92099   0.14498  

5 (Bom_mus) ... 4 (Bom_hyp)
  0  0.0000 321819.076176  x:  0.06667   3.98242   0.12297  
  1 99.0000 321817.426520  x:  0.06852   3.98248   0.12324  
  2 1822.0974 321816.949290  x:  0.06844   3.98357   0.12725  
  3 239.0336 321777.396766  x:  0.06825   5.53210   0.13549  
  4 67.6760 321777.342138  x:  0.06828   5.51876   0.13405  
  5  0.0116 321777.341961  x:  0.06828   5.51518   0.13402  
  6  0.0023 321777.341953  x:  0.06828   5.51486   0.13403  
  7  0.0003 321777.341953  x:  0.06828   5.51486   0.13403  

6 (Bom_pas) ... 1 (Apis_mel)
  0  0.0000 396308.625199  x:  0.46420   4.50364   0.19956  
  1 99.0000 395051.803745  x:  0.49698   4.50314   0.10543  
  2 19060.1652 394771.443674  x:  0.58668   4.50075   0.10298  
  3 7730.1963 394738.442235  x:  0.58278   4.01150   0.10074  
  4 126.5781 394736.766209  x:  0.58395   4.02475   0.09831  
  5  0.0338 394736.754156  x:  0.58335   4.01961   0.09836  
  6  0.0046 394736.753872  x:  0.58331   4.02073   0.09836  
  7  0.0012 394736.753872  x:  0.58331   4.02072   0.09836  

6 (Bom_pas) ... 2 (Bom_con)
  0  0.0000 335371.471852  x:  0.12628   3.61915   0.20957  
  1 99.0000 335307.663603  x:  0.11221   3.61989   0.19334  
  2 5706.8197 335148.209602  x:  0.11716   3.62307   0.12703  
  3 8010.7133 335043.412106  x:  0.11796   5.33526   0.14435  
  4 152.2999 335038.215010  x:  0.12079   5.36856   0.13572  
  5  0.0410 335038.078864  x:  0.12134   5.38240   0.13676  
  6  0.0156 335038.072410  x:  0.12137   5.39807   0.13666  
  7  0.0092 335038.072067  x:  0.12134   5.39961   0.13673  
  8  0.0014 335038.072067  x:  0.12134   5.39963   0.13673  
  9  0.0000 335038.072067  x:  0.12134   5.39963   0.13673  

6 (Bom_pas) ... 3 (Bom_hor)
  0  0.0000 323036.145949  x:  0.06854   4.43056   0.13748  
  1 99.0000 323031.833491  x:  0.07154   4.43058   0.13776  
  2 2931.0566 323031.383715  x:  0.07147   4.43108   0.14192  
  3 219.6556 323022.664198  x:  0.07141   5.14021   0.14569  
  4 27.2973 323022.662209  x:  0.07140   5.13916   0.14541  
  5  0.0010 323022.662209  x:  0.07140   5.13922   0.14541  
  6  0.0000 323022.662209  x:  0.07140   5.13920   0.14541  

6 (Bom_pas) ... 4 (Bom_hyp)
  0  0.0000 322130.271233  x:  0.06170   4.18017   0.14397  
  1 99.0000 322099.466014  x:  0.06933   4.18023   0.14352  
  2 8398.2813 322096.192965  x:  0.06941   4.18149   0.13247  
  3 564.7525 322056.174562  x:  0.06925   5.79683   0.14254  
  4 60.8632 322055.977961  x:  0.06931   5.80120   0.13975  
  5  0.0050 322055.977114  x:  0.06932   5.81017   0.13977  
  6  0.0051 322055.977110  x:  0.06932   5.81023   0.13978  
  7  0.0001 322055.977110  x:  0.06932   5.81023   0.13978  

6 (Bom_pas) ... 5 (Bom_mus)
  0  0.0000 307096.238002  x:  0.01978   4.79579   0.22310  
  1 99.0000 307090.728835  x:  0.02157   4.79580   0.22286  
  2 6359.1633 307042.775075  x:  0.02164   4.79795   0.13064  
  3 838.3997 307035.328382  x:  0.02159   6.17062   0.14162  
  4 12.5630 307035.018660  x:  0.02159   6.21294   0.13566  
  5  0.0737 307035.015789  x:  0.02157   6.24368   0.13580  
  6  0.0199 307035.015757  x:  0.02158   6.24450   0.13581  
  7  0.0007 307035.015757  x:  0.02158   6.24455   0.13581  
  8  0.0000 307035.015757  x:  0.02158   6.24453   0.13581  

7 (Bom_syl) ... 1 (Apis_mel)
  0  0.0000 396714.706373  x:  0.52842   4.88019   0.21412  
  1 99.0000 395266.661669  x:  0.52687   4.87960   0.10878  
  2 20200.6993 395137.466853  x:  0.58692   4.87643   0.09466  
  3 4546.1134 395060.729649  x:  0.57696   4.07274   0.09256  
  4 172.5720 395038.722926  x:  0.58450   4.03251   0.09942  
  5  0.1255 395038.649666  x:  0.58526   4.05384   0.09941  
  6  0.0284 395038.648146  x:  0.58546   4.05291   0.09936  
  7  0.0009 395038.648143  x:  0.58546   4.05292   0.09936  

7 (Bom_syl) ... 2 (Bom_con)
  0  0.0000 336413.252984  x:  0.10219   3.69372   0.20841  
  1 99.0000 336258.185446  x:  0.12524   3.69406   0.20182  
  2 14001.0184 336093.590275  x:  0.12555   3.69751   0.13198  
  3 4238.4782 335985.465154  x:  0.12533   5.45009   0.14982  
  4 153.5479 335981.887843  x:  0.12520   5.49405   0.14092  
  5  0.0624 335981.812222  x:  0.12495   5.54750   0.14107  
  6  0.0295 335981.809491  x:  0.12503   5.55175   0.14121  
  7  0.0033 335981.809434  x:  0.12503   5.55229   0.14118  

7 (Bom_syl) ... 3 (Bom_hor)
  0  0.0000 324510.925256  x:  0.07637   4.45717   0.24229  
  1 99.0000 324491.200918  x:  0.07039   4.45742   0.23017  
  2 2795.8507 324363.066138  x:  0.07315   4.45918   0.14481  
  3 11105.2014 324353.729787  x:  0.07333   5.16754   0.15132  
  4 28.4983 324350.775885  x:  0.07583   5.15899   0.14832  
  5  0.0095 324350.748660  x:  0.07588   5.15361   0.14931  
  6  0.0091 324350.748595  x:  0.07587   5.15186   0.14929  
  7  0.0014 324350.748594  x:  0.07587   5.15175   0.14929  
  8  0.0001 324350.748594  x:  0.07587   5.15183   0.14929  

7 (Bom_syl) ... 4 (Bom_hyp)
  0  0.0000 323481.842946  x:  0.06919   4.24303   0.25118  
  1 99.0000 323466.755548  x:  0.07488   4.24320   0.24609  
  2 4066.1555 323279.341405  x:  0.07466   4.24678   0.13825  
  3 4857.1767 323239.896672  x:  0.07438   5.76734   0.15417  
  4 61.5780 323237.425261  x:  0.07367   5.82992   0.14502  
  5  0.1016 323237.264899  x:  0.07313   5.85570   0.14604  
  6  0.0263 323237.261175  x:  0.07314   5.87395   0.14604  
  7  0.0108 323237.261141  x:  0.07314   5.87404   0.14607  
  8  0.0001 323237.261141  x:  0.07314   5.87402   0.14607  
  9  0.0000 323237.261141  x:  0.07314   5.87403   0.14607  

7 (Bom_syl) ... 5 (Bom_mus)
  0  0.0000 322503.695672  x:  0.07427   4.59920   0.20677  
  1 99.0000 322487.968780  x:  0.06857   4.59925   0.20468  
  2 5038.2963 322435.623842  x:  0.06941   4.60072   0.14966  
  3 1857.9962 322422.349520  x:  0.06939   5.54177   0.15688  
  4 31.4867 322422.183473  x:  0.06956   5.54976   0.15422  
  5  0.0114 322422.182131  x:  0.06961   5.55294   0.15429  
  6  0.0033 322422.182107  x:  0.06961   5.55430   0.15429  
  7  0.0010 322422.182106  x:  0.06961   5.55430   0.15429  
  8  0.0000 322422.182106  x:  0.06961   5.55430   0.15429  
check convergence!


7 (Bom_syl) ... 6 (Bom_pas)
  0  0.0000 322805.790745  x:  0.05879   4.47309   0.23806  
  1 99.0000 322735.301570  x:  0.07012   4.47315   0.23622  
  2 13086.7956 322622.657939  x:  0.07042   4.47571   0.15006  
  3 2201.0442 322598.892347  x:  0.07035   5.71935   0.16156  
  4 43.9771 322598.266050  x:  0.07039   5.74676   0.15624  
  5  0.0445 322598.261359  x:  0.07041   5.76720   0.15634  
  6  0.0132 322598.261351  x:  0.07041   5.76719   0.15635  
  7  0.0000 322598.261350  x:  0.07041   5.76721   0.15635  

8 (Bom_vet) ... 1 (Apis_mel)
  0  0.0000 396063.178268  x:  0.50877   4.52898   0.19002  
  1 99.0000 395022.905818  x:  0.51736   4.52864   0.10622  
  2 18917.2538 394854.210401  x:  0.59027   4.52606   0.09453  
  3 5234.6513 394824.697195  x:  0.58473   4.04999   0.09298  
  4 116.5385 394816.632188  x:  0.58602   4.02327   0.09765  
  5  0.0757 394816.610170  x:  0.58564   4.03305   0.09775  
  6  0.0103 394816.609397  x:  0.58548   4.03167   0.09777  
  7  0.0013 394816.609397  x:  0.58549   4.03166   0.09777  

8 (Bom_vet) ... 2 (Bom_con)
  0  0.0000 335187.889022  x:  0.10373   3.49157   0.17976  
  1 99.0000 335095.963600  x:  0.12150   3.49195   0.17361  
  2 10391.6027 334998.876593  x:  0.12140   3.49494   0.12414  
  3 3787.0068 334873.263899  x:  0.12105   5.38138   0.14208  
  4 172.8316 334870.057177  x:  0.12087   5.40251   0.13385  
  5  0.0280 334870.030700  x:  0.12071   5.42929   0.13366  
  6  0.0164 334870.027899  x:  0.12075   5.43631   0.13386  
  7  0.0054 334870.027825  x:  0.12076   5.43681   0.13384  
  8  0.0005 334870.027825  x:  0.12076   5.43684   0.13384  

8 (Bom_vet) ... 3 (Bom_hor)
  0  0.0000 323000.184810  x:  0.06069   4.61400   0.15461  
  1 99.0000 322946.539263  x:  0.07075   4.61402   0.15419  
  2 11267.6966 322943.073641  x:  0.07083   4.61447   0.14207  
  3 551.6291 322938.984815  x:  0.07080   5.12482   0.14501  
  4 17.5157 322938.977490  x:  0.07081   5.11390   0.14448  
  5  0.0111 322938.977403  x:  0.07081   5.11175   0.14450  
  6  0.0019 322938.977403  x:  0.07081   5.11176   0.14450  
  7  0.0000 322938.977403  x:  0.07081   5.11176   0.14450  
  8  0.0000 322938.977403  x:  0.07081   5.11176   0.14450  
  9  0.0305 322938.977403  x:  0.07081   5.11176   0.14450  
 10  0.0071 322938.977403  x:  0.07081   5.11176   0.14450  
 11  0.0283 322938.977403  x:  0.07081   5.11176   0.14450  
check convergence!


8 (Bom_vet) ... 4 (Bom_hyp)
  0  0.0000 322121.882463  x:  0.06780   4.11228   0.18658  
  1 99.0000 322105.890450  x:  0.07350   4.11281   0.17315  
  2 2265.4548 322051.440275  x:  0.07121   4.11468   0.12634  
  3 10791.5133 322006.214526  x:  0.07061   5.80685   0.13970  
  4 65.1887 322004.694593  x:  0.06924   5.81958   0.13525  
  5  0.0153 322004.686618  x:  0.06915   5.82453   0.13568  
  6  0.0058 322004.686301  x:  0.06915   5.82992   0.13567  
  7  0.0031 322004.686298  x:  0.06915   5.83002   0.13568  
  8  0.0001 322004.686298  x:  0.06915   5.83002   0.13568  
  9  0.0000 322004.686298  x:  0.06915   5.83002   0.13568  
 10  0.0000 322004.686298  x:  0.06915   5.83002   0.13568  

8 (Bom_vet) ... 5 (Bom_mus)
  0  0.0000 306511.298326  x:  0.01919   4.78209   0.19034  
  1 99.0000 306510.067123  x:  0.02001   4.78209   0.19013  
  2 2955.1076 306478.921282  x:  0.02006   4.78337   0.12088  
  3 782.6126 306475.211398  x:  0.02002   5.79669   0.12775  
  4  8.5260 306475.083783  x:  0.02001   5.79900   0.12403  
  5  0.0073 306475.083204  x:  0.02000   5.78864   0.12388  
  6  0.0084 306475.083190  x:  0.02001   5.78723   0.12390  
  7  0.0013 306475.083190  x:  0.02001   5.78722   0.12390  
  8  0.0000 306475.083190  x:  0.02001   5.78721   0.12390  

8 (Bom_vet) ... 6 (Bom_pas)
  0  0.0000 307278.551235  x:  0.02149   4.60208   0.21306  
  1 99.0000 307277.238089  x:  0.02240   4.60209   0.21270  
  2 2766.4332 307212.354176  x:  0.02247   4.60503   0.11371  
  3 1165.5311 307192.677286  x:  0.02236   6.88463   0.13236  
  4 21.6986 307191.360400  x:  0.02234   6.99612   0.12127  
  5  0.1900 307191.312903  x:  0.02229   7.14937   0.12144  
  6  0.0731 307191.311430  x:  0.02232   7.15175   0.12170  
  7  0.0023 307191.311423  x:  0.02232   7.15211   0.12168  

8 (Bom_vet) ... 7 (Bom_syl)
  0  0.0000 322375.960899  x:  0.06385   5.43601   0.13717  
  1 99.0000 322358.066062  x:  0.06974   5.43601   0.13791  
  2 6215.8207 322353.722936  x:  0.06951   5.43615   0.15158  
  3 682.5761 322351.997642  x:  0.06949   5.83126   0.15313  
  4  9.2213 322351.996652  x:  0.06949   5.82614   0.15293  
  5  0.0045 322351.996652  x:  0.06949   5.82622   0.15293  
  6  0.0001 322351.996652  x:  0.06949   5.82624   0.15293  
  7  0.0000 322351.996652  x:  0.06949   5.82624   0.15293  