Supplemental results for CODEML (seqf: /home/yzliu/eDNA/faststorage/yzliu/DK_proj/data/ref_genome/ref_annotation/primary_transcripts/extracted_cds_new/new_transcript_id_8_bom_apis/bootstraps/cat.out.OG_cds_8_species_same_header_fas.shuf_211OG_569.phy  treef: xxx.trees)


pairwise comparison (Goldman & Yang 1994)
seq seq        N       S       dN       dS     dN/dS   Paras.
  2   1 181346.0  59263.0   0.0487   0.5640   0.0864   0.5269   4.3724   0.0864 -416107.517
  3   1 180857.6  59751.4   0.0489   0.5769   0.0847   0.5401   4.4819   0.0847 -416847.091
  3   2 176253.3  64355.7   0.0125   0.1083   0.1151   0.1143   5.8450   0.1151 -358224.102
  4   1 181399.7  59209.3   0.0478   0.5718   0.0836   0.5303   4.4285   0.0836 -415596.881
  4   2 177003.8  63605.2   0.0117   0.1023   0.1142   0.1069   5.5496   0.1142 -356341.056
  4   3 175885.0  64724.0   0.0071   0.0619   0.1147   0.0655   6.3451   0.1147 -345189.880
  5   1 181476.3  59132.7   0.0491   0.5787   0.0848   0.5377   4.3996   0.0848 -416577.206
  5   2 177122.4  63486.6   0.0135   0.1091   0.1238   0.1162   5.4741   0.1238 -358944.028
  5   3 176215.5  64393.5   0.0080   0.0628   0.1270   0.0680   6.0340   0.1270 -346125.284
  5   4 176837.7  63771.3   0.0079   0.0644   0.1233   0.0687   5.8524   0.1233 -346128.792
  6   1 181467.8  59141.2   0.0495   0.5801   0.0853   0.5397   4.3850   0.0853 -416950.040
  6   2 177169.5  63439.5   0.0140   0.1105   0.1269   0.1184   5.4096   0.1269 -359611.584
  6   3 176257.0  64352.0   0.0084   0.0638   0.1317   0.0697   5.9655   0.1317 -346741.818
  6   4 176864.2  63744.8   0.0086   0.0650   0.1323   0.0706   5.8000   0.1323 -346910.610
  6   5 177089.6  63519.4   0.0029   0.0209   0.1399   0.0230   5.6201   0.1399 -331169.867
  7   1 181484.7  59124.3   0.0500   0.5750   0.0870   0.5371   4.4268   0.0870 -417009.367
  7   2 177117.5  63491.5   0.0140   0.1086   0.1292   0.1170   5.5170   0.1292 -359374.932
  7   3 176177.8  64431.2   0.0086   0.0636   0.1358   0.0701   6.1170   0.1358 -346991.204
  7   4 176929.4  63679.6   0.0086   0.0636   0.1355   0.0695   5.8065   0.1355 -346709.697
  7   5 177178.8  63430.2   0.0088   0.0591   0.1482   0.0661   5.6038   0.1482 -345926.586
  7   6 177313.4  63295.6   0.0093   0.0593   0.1575   0.0675   5.4584   0.1575 -346553.719
  8   1 181379.0  59230.0   0.0490   0.5809   0.0844   0.5398   4.4124   0.0844 -416661.739
  8   2 176952.7  63656.3   0.0134   0.1087   0.1232   0.1159   5.5596   0.1232 -358831.819
  8   3 175941.7  64667.3   0.0079   0.0616   0.1290   0.0671   6.2401   0.1290 -345900.527
  8   4 176566.5  64042.5   0.0080   0.0636   0.1261   0.0684   6.0479   0.1261 -346086.684
  8   5 176419.7  64189.3   0.0025   0.0194   0.1295   0.0210   6.2368   0.1295 -330305.424
  8   6 176722.7  63886.3   0.0030   0.0206   0.1443   0.0229   5.8974   0.1443 -331183.475
  8   7 176958.1  63650.9   0.0087   0.0576   0.1502   0.0648   5.7395   0.1502 -345576.078

