

2 (And_ful) ... 1 (And_bic)
  0  0.0000 1033059.988560  x:  0.15390   1.34759   0.39408  
  1 99.0000 1026235.972715  x:  0.08520   1.40181   0.12448  
  2 36136.9676 1024347.404787  x:  0.08337   1.41653   0.04984  
  3 734812.2024 1019090.172252  x:  0.11941   4.34595   0.11692  
  4 6196.2002 1017327.110400  x:  0.13924   4.15511   0.05111  
  5  0.2007 1017131.568046  x:  0.15238   4.08305   0.06271  
  6  0.0434 1017082.098064  x:  0.15819   3.96758   0.05467  
  7  0.1476 1017063.849395  x:  0.15803   3.64715   0.05493  
  8  0.0731 1017063.286506  x:  0.15720   3.63461   0.05444  
  9  0.0112 1017063.283279  x:  0.15716   3.63728   0.05450  
 10  0.0031 1017063.283278  x:  0.15716   3.63722   0.05450  

3 (And_hae) ... 1 (And_bic)
  0  0.0000 1014924.506983  x:  0.12420   3.23914   0.05825  
  1 99.0000 1014437.088683  x:  0.15112   3.23923   0.05630  
  2 39075.0254 1014433.341954  x:  0.15113   3.23933   0.05389  
  3 2898.3323 1014418.346772  x:  0.15114   3.50654   0.05489  
  4 117.9455 1014418.307754  x:  0.15106   3.50605   0.05465  
  5  0.0006 1014418.307499  x:  0.15104   3.50606   0.05465  

3 (And_hae) ... 2 (And_ful)
  0  0.0000 1011212.220361  x:  0.13200   3.03091   0.10063  
  1 99.0000 1010518.335047  x:  0.15493   3.03186   0.06143  
  2 28313.0078 1010439.424662  x:  0.14888   3.03227   0.05176  
  3 16770.6606 1010263.236320  x:  0.14708   3.99821   0.05723  
  4 425.9628 1010259.232444  x:  0.14460   3.97935   0.05800  
  5  0.0253 1010259.209455  x:  0.14457   3.97047   0.05782  
  6  0.0070 1010259.208471  x:  0.14459   3.96853   0.05784  
  7  0.0016 1010259.208471  x:  0.14459   3.96853   0.05784  

4 (And_hat) ... 1 (And_bic)
  0  0.0000 996311.813223  x:  0.10131   3.63170   0.15617  
  1 99.0000 995712.616318  x:  0.12922   3.63190   0.12689  
  2 32367.3791 994625.538004  x:  0.12785   3.63233   0.05712  
  3 46385.9799 994622.753574  x:  0.12793   3.49849   0.05611  
  4 34.6613 994506.923973  x:  0.11559   3.44202   0.05829  
  5  0.0603 994506.379215  x:  0.11550   3.45817   0.05728  
  6  0.0405 994506.379088  x:  0.11550   3.45866   0.05727  
  7  0.0005 994506.379088  x:  0.11550   3.45866   0.05727  
  8  0.0000 994506.379088  x:  0.11550   3.45866   0.05727  
check convergence!


4 (And_hat) ... 2 (And_ful)
  0  0.0000 1016304.152923  x:  0.16307   3.00120   0.17125  
  1 99.0000 1014511.719621  x:  0.12089   3.00291   0.10508  
  2 40467.0068 1013446.007625  x:  0.12764   3.00427   0.05191  
  3 76168.8987 1013174.761832  x:  0.13086   4.18395   0.06152  
  4 549.0261 1012922.900154  x:  0.15009   4.02998   0.05625  
  5  0.1619 1012922.268053  x:  0.15016   4.00154   0.05715  
  6  0.0432 1012922.168953  x:  0.15012   3.97777   0.05691  
  7  0.0183 1012922.168720  x:  0.15010   3.97773   0.05691  
  8  0.0000 1012922.168719  x:  0.15010   3.97774   0.05691  

4 (And_hat) ... 3 (And_hae)
  0  0.0000 1014191.477224  x:  0.13539   3.43328   0.18351  
  1 99.0000 1011244.434628  x:  0.16486   3.43543   0.05838  
  2 32356.5608 1011103.105889  x:  0.15472   3.43568   0.04747  
  3 26151.1409 1011014.489085  x:  0.15106   4.14886   0.05276  
  4 271.7929 1010985.086073  x:  0.14550   3.97196   0.05630  
  5  0.4426 1010984.806479  x:  0.14590   3.94243   0.05652  
  6  0.0297 1010984.805695  x:  0.14589   3.94075   0.05649  
  7  0.0014 1010984.805690  x:  0.14589   3.94082   0.05649  
  8  0.0001 1010984.805690  x:  0.14589   3.94082   0.05649  

5 (And_mar) ... 1 (And_bic)
  0  0.0000 975944.813851  x:  0.08873   3.48262   0.07032  
  1 99.0000 975912.275900  x:  0.08409   3.48257   0.06501  
  2 8980.9413 975888.754909  x:  0.08600   3.48246   0.05668  
  3 8020.4425 975870.619932  x:  0.08599   3.12600   0.05518  
  4 93.6659 975870.368407  x:  0.08637   3.11657   0.05559  
  5  0.0106 975870.365979  x:  0.08639   3.11761   0.05553  
  6  0.0012 975870.365979  x:  0.08639   3.11757   0.05553  
  7  0.0000 975870.365979  x:  0.08639   3.11757   0.05553  
  8  0.0000 975870.365979  x:  0.08639   3.11757   0.05553  

5 (And_mar) ... 2 (And_ful)
  0  0.0000 1020176.965561  x:  0.13207   2.91475   0.16053  
  1 99.0000 1018385.104838  x:  0.18877   2.91648   0.09070  
  2 43416.5743 1017598.015248  x:  0.18452   2.91746   0.04963  
  3 61456.3878 1017373.476110  x:  0.18146   3.94685   0.05718  
  4 511.9487 1017050.709279  x:  0.15645   3.82824   0.05532  
  5  0.1155 1017047.693099  x:  0.15619   3.75301   0.05702  
  6  0.0915 1017047.288654  x:  0.15638   3.71326   0.05647  
  7  0.0358 1017047.287396  x:  0.15635   3.71327   0.05643  
  8  0.0001 1017047.287389  x:  0.15636   3.71332   0.05643  

5 (And_mar) ... 3 (And_hae)
  0  0.0000 1014457.519266  x:  0.12941   3.38764   0.06630  
  1 99.0000 1014168.731709  x:  0.15010   3.38772   0.06068  
  2 28426.0284 1014159.211241  x:  0.14964   3.38780   0.05650  
  3 4474.1340 1014153.086707  x:  0.14964   3.56807   0.05718  
  4 71.2461 1014153.062083  x:  0.14947   3.56485   0.05708  
  5  0.0029 1014153.061895  x:  0.14946   3.56484   0.05710  

5 (And_mar) ... 4 (And_hat)
  0  0.0000 993456.482822  x:  0.09784   3.04510   0.06862  
  1 99.0000 993258.431959  x:  0.11250   3.04520   0.06572  
  2 27957.9861 993243.062541  x:  0.11230   3.04545   0.05941  
  3 4702.5973 993212.760308  x:  0.11222   3.45760   0.06143  
  4 158.6468 993212.670293  x:  0.11214   3.45745   0.06096  
  5  0.0005 993212.670072  x:  0.11213   3.45763   0.06097  
  6  0.0002 993212.670072  x:  0.11213   3.45764   0.06097  

6 (And_tri) ... 1 (And_bic)
  0  0.0000 994381.837299  x:  0.09398   3.17546   0.15767  
  1 99.0000 993777.027450  x:  0.12086   3.17561   0.13644  
  2 39046.8175 992349.924746  x:  0.12081   3.17611   0.05321  
  3 39244.0460 992338.644883  x:  0.12098   2.95122   0.05099  
  4 94.1761 992267.836384  x:  0.11205   2.87017   0.05509  
  5  0.0746 992263.056464  x:  0.11121   2.91770   0.05251  
  6  0.1308 992263.050162  x:  0.11127   2.91652   0.05243  
  7  0.0013 992263.050155  x:  0.11128   2.91665   0.05243  

6 (And_tri) ... 2 (And_ful)
  0  0.0000 1013625.027506  x:  0.15705   2.78222   0.09246  
  1 99.0000 1012947.919598  x:  0.13990   2.78308   0.05647  
  2 29678.1333 1012892.357208  x:  0.14637   2.78349   0.04933  
  3 13214.7311 1012738.002360  x:  0.14783   3.57394   0.05430  
  4 449.2935 1012737.390921  x:  0.14883   3.56920   0.05428  
  5  0.0055 1012737.364181  x:  0.14884   3.56935   0.05407  
  6  0.0003 1012737.364178  x:  0.14884   3.56922   0.05407  

6 (And_tri) ... 3 (And_hae)
  0  0.0000 1010722.717512  x:  0.14641   3.32772   0.05388  
  1 99.0000 1010719.079538  x:  0.14416   3.32775   0.05310  
  2 3032.8766 1010719.074608  x:  0.14412   3.32781   0.05319  
  3 92.2345 1010716.819913  x:  0.14415   3.43451   0.05353  
  4 55.7895 1010716.819688  x:  0.14415   3.43357   0.05352  
  5  0.0009 1010716.819688  x:  0.14415   3.43356   0.05352  
  6  0.0000 1010716.819688  x:  0.14415   3.43356   0.05352  

6 (And_tri) ... 4 (And_hat)
  0  0.0000 992625.411729  x:  0.09400   3.11030   0.12081  
  1 99.0000 992136.410364  x:  0.11753   3.11053   0.10454  
  2 37240.4277 991491.586232  x:  0.11620   3.11121   0.05460  
  3 29056.7713 991473.182593  x:  0.11596   3.43354   0.05707  
  4 120.5176 991448.822130  x:  0.11074   3.43520   0.05547  
  5  0.0051 991448.328865  x:  0.11052   3.42531   0.05649  
  6  0.0189 991448.327831  x:  0.11051   3.42298   0.05646  
  7  0.0020 991448.327829  x:  0.11051   3.42295   0.05646  
  8  0.0000 991448.327829  x:  0.11051   3.42294   0.05646  

6 (And_tri) ... 5 (And_mar)
  0  0.0000 991593.693491  x:  0.08832   2.99521   0.04554  
  1 99.0000 991132.548626  x:  0.10933   2.99518   0.05147  
  2 45776.6765 991122.060220  x:  0.10845   2.99514   0.05635  
  3 4484.7010 991121.539292  x:  0.10846   2.94619   0.05616  
  4 21.0060 991121.515817  x:  0.10834   2.94575   0.05601  
  5  0.0004 991121.515793  x:  0.10833   2.94581   0.05602  

7 (Bom_pas) ... 1 (And_bic)
  0  0.0000 1236814.682405  x:  1.09527   2.71159   0.10457  
  1 99.0000 1230084.861437  x:  1.08955   2.71279   0.04893  
  2 176875.3217 1229927.626893  x:  1.02471   2.78943   0.05546  
  3 3128.6290 1228814.790945  x:  1.16293   4.06417   0.05314  
  4 4081.8027 1228737.397997  x:  1.13356   4.10152   0.05054  
  5  0.0741 1228734.720878  x:  1.12489   4.12425   0.05132  
  6  0.0215 1228734.665256  x:  1.12610   4.13524   0.05128  
  7  0.0060 1228734.665250  x:  1.12609   4.13522   0.05129  
  8  0.0000 1228734.665250  x:  1.12609   4.13522   0.05129  
  9  0.0000 1228734.665250  x:  1.12609   4.13522   0.05129  

7 (Bom_pas) ... 2 (And_ful)
  0  0.0000 1235812.688136  x:  1.16142   3.70621   0.08938  
  1 99.0000 1231725.028862  x:  1.15835   3.70656   0.04927  
  2 159683.4986 1231703.603226  x:  1.13096   3.74709   0.05146  
  3 873.3355 1231495.974898  x:  1.19880   4.42583   0.04940  
  4 1633.9271 1231495.262277  x:  1.19452   4.42656   0.04924  
  5  0.0063 1231495.211701  x:  1.19319   4.42746   0.04937  
  6  0.0016 1231495.211699  x:  1.19319   4.42741   0.04937  
  7  0.0000 1231495.211699  x:  1.19319   4.42740   0.04937  

7 (Bom_pas) ... 3 (And_hae)
  0  0.0000 1229766.990658  x:  1.27220   3.89906   0.05312  
  1 99.0000 1229507.649013  x:  1.27133   3.89916   0.04553  
  2 63497.3988 1229088.505183  x:  1.11111   3.92397   0.05220  
  3 4721.2278 1229036.245775  x:  1.14134   4.27480   0.05177  
  4 318.4334 1229034.007885  x:  1.13351   4.27786   0.05157  
  5  0.0092 1229033.968191  x:  1.13446   4.27683   0.05145  
  6  0.0014 1229033.968189  x:  1.13446   4.27689   0.05145  

7 (Bom_pas) ... 4 (And_hat)
  0  0.0000 1235433.179273  x:  1.20811   3.66693   0.09768  
  1 99.0000 1229162.430739  x:  1.20311   3.66742   0.04699  
  2 183326.8596 1229037.742893  x:  1.12960   3.68793   0.05307  
  3 3272.5065 1228854.113530  x:  1.17912   4.32263   0.05208  
  4 653.1555 1228806.920345  x:  1.14841   4.32111   0.05049  
  5  0.0483 1228806.866566  x:  1.14994   4.32428   0.05037  
  6  0.0037 1228806.866173  x:  1.14996   4.32525   0.05037  
  7  0.0008 1228806.866173  x:  1.14996   4.32526   0.05037  

7 (Bom_pas) ... 5 (And_mar)
  0  0.0000 1228649.297828  x:  1.05587   3.61002   0.05622  
  1 99.0000 1228619.185154  x:  1.05593   3.61009   0.05345  
  2 19923.0947 1228591.325064  x:  1.09316   3.62344   0.05176  
  3 1460.3470 1228455.412549  x:  1.11781   4.15042   0.05203  
  4 646.6060 1228455.064699  x:  1.12059   4.15224   0.05168  
  5  0.0034 1228455.056744  x:  1.12116   4.15332   0.05168  
  6  0.0011 1228455.056732  x:  1.12117   4.15348   0.05168  

7 (Bom_pas) ... 6 (And_tri)
  0  0.0000 1239371.138487  x:  1.30180   3.54545   0.10968  
  1 99.0000 1228951.680733  x:  1.29396   3.54619   0.04350  
  2 215611.5571 1228561.414297  x:  1.15685   3.57296   0.05613  
  3 5953.4436 1228397.192254  x:  1.20801   4.15135   0.05479  
  4 622.3796 1228105.716683  x:  1.10770   4.13206   0.05325  
  5  0.1607 1228091.269713  x:  1.12769   4.15685   0.05104  
  6  0.0389 1228091.203652  x:  1.12643   4.15233   0.05098  
  7  0.0049 1228091.202644  x:  1.12635   4.15089   0.05099  
  8  0.0012 1228091.202638  x:  1.12637   4.15087   0.05099  