

2 (Bom_con) ... 1 (Apis_mel)
  0  0.0000 419096.189011  x:  0.46190   1.64223   0.41047  
  1 99.0000 411757.997020  x:  0.43754   1.69444   0.09434  
  2 24319.7372 411526.577969  x:  0.47981   1.70882   0.07493  
  3 10592.0670 409953.460094  x:  0.56359   2.96047   0.11248  
  4 3509.0963 409707.930049  x:  0.51549   3.36178   0.10149  
  5  0.7684 409622.336711  x:  0.55677   3.73266   0.09254  
  6  0.1623 409616.493868  x:  0.55368   3.86403   0.09589  
  7  0.0615 409616.331778  x:  0.55365   3.88266   0.09539  
  8  0.0170 409616.330903  x:  0.55381   3.88368   0.09539  
  9  0.0009 409616.330903  x:  0.55380   3.88369   0.09539  

3 (Bom_hor) ... 1 (Apis_mel)
  0  0.0000 411544.546955  x:  0.42836   3.36596   0.17954  
  1 99.0000 410263.670704  x:  0.46772   3.36725   0.09500  
  2 21144.0569 409964.695583  x:  0.54731   3.36887   0.09877  
  3 9348.3717 409917.653318  x:  0.54996   3.85464   0.10210  
  4 208.4384 409890.288548  x:  0.56040   3.90103   0.09241  
  5  0.0877 409889.750067  x:  0.56410   3.93145   0.09255  
  6  0.0231 409889.749213  x:  0.56412   3.93138   0.09250  
  7  0.0001 409889.749213  x:  0.56412   3.93135   0.09250  

3 (Bom_hor) ... 2 (Bom_con)
  0  0.0000 349438.541333  x:  0.12003   3.45579   0.08163  
  1 99.0000 349300.776254  x:  0.11790   3.45643   0.12436  
  2 7751.4964 349300.697971  x:  0.11738   3.45689   0.12435  
  3 223.6837 349210.540523  x:  0.11775   4.99137   0.13096  
  4 265.2848 349210.435924  x:  0.11760   4.96217   0.13214  
  5  0.0153 349210.435183  x:  0.11765   4.96171   0.13215  
  6  0.0005 349210.435182  x:  0.11765   4.96162   0.13215  
  7  0.0001 349210.435182  x:  0.11765   4.96162   0.13215  

4 (Bom_hyp) ... 1 (Apis_mel)
  0  0.0000 409840.766467  x:  0.45617   4.14304   0.14637  
  1 99.0000 409315.783648  x:  0.47877   4.14278   0.09626  
  2 15924.0847 409069.524152  x:  0.55755   4.14126   0.09547  
  3 8130.0700 409060.334837  x:  0.55549   3.89723   0.09458  
  4 72.4088 409057.980679  x:  0.55727   3.90634   0.09184  
  5  0.0168 409057.977989  x:  0.55753   3.90499   0.09181  
  6  0.0012 409057.977962  x:  0.55754   3.90536   0.09181  
  7  0.0004 409057.977962  x:  0.55754   3.90536   0.09181  

4 (Bom_hyp) ... 2 (Bom_con)
  0  0.0000 347767.131062  x:  0.10010   3.46730   0.18860  
  1 99.0000 347709.386325  x:  0.11360   3.46766   0.18114  
  2 7852.7047 347576.890132  x:  0.11311   3.47051   0.12164  
  3 4851.8230 347490.830502  x:  0.11274   4.94551   0.13616  
  4 142.6653 347488.337185  x:  0.11206   4.97442   0.12930  
  5  0.0394 347488.274562  x:  0.11165   4.99447   0.12967  
  6  0.0170 347488.271237  x:  0.11169   5.00516   0.12969  
  7  0.0063 347488.271236  x:  0.11169   5.00511   0.12970  

4 (Bom_hyp) ... 3 (Bom_hor)
  0  0.0000 335663.448503  x:  0.05504   4.04992   0.22966  
  1 99.0000 335592.063375  x:  0.06587   4.04999   0.22737  
  2 13761.9679 335392.880092  x:  0.06626   4.05307   0.12166  
  3 3025.2907 335362.941027  x:  0.06615   5.32738   0.13461  
  4 55.1166 335361.395885  x:  0.06617   5.37758   0.12744  
  5  0.0945 335361.381168  x:  0.06613   5.41169   0.12760  
  6  0.0208 335361.381113  x:  0.06614   5.41161   0.12762  
  7  0.0001 335361.381112  x:  0.06614   5.41170   0.12762  
  8  0.0001 335361.381112  x:  0.06614   5.41171   0.12762  

5 (Bom_mus) ... 1 (Apis_mel)
  0  0.0000 410347.627141  x:  0.43622   4.36181   0.12223  
  1 99.0000 409857.854228  x:  0.50102   4.36065   0.08632  
  2 12381.8566 409657.472732  x:  0.54757   4.35954   0.10058  
  3 16601.6879 409624.001721  x:  0.54428   3.89267   0.09940  
  4 131.3995 409608.287786  x:  0.56053   3.89427   0.09286  
  5  0.0139 409608.276408  x:  0.56088   3.90030   0.09294  
  6  0.0061 409608.276194  x:  0.56094   3.89957   0.09294  
  7  0.0008 409608.276194  x:  0.56094   3.89958   0.09294  
  8  0.0000 409608.276194  x:  0.56094   3.89958   0.09294  

5 (Bom_mus) ... 2 (Bom_con)
  0  0.0000 349705.045024  x:  0.09689   3.46822   0.11211  
  1 99.0000 349538.082227  x:  0.11954   3.46841   0.11573  
  2 15696.0392 349528.405327  x:  0.11874   3.46957   0.12890  
  3 1551.1764 349444.879824  x:  0.11859   4.92211   0.13753  
  4 144.6168 349444.815871  x:  0.11869   4.90198   0.13639  
  5  0.0152 349444.814960  x:  0.11867   4.89667   0.13640  
  6  0.0032 349444.814949  x:  0.11867   4.89667   0.13641  
  7  0.0000 349444.814949  x:  0.11867   4.89664   0.13641  
  8  0.0000 349444.814949  x:  0.11867   4.89664   0.13641  

5 (Bom_mus) ... 3 (Bom_hor)
  0  0.0000 336191.449865  x:  0.05869   4.25252   0.20557  
  1 99.0000 336148.062900  x:  0.06736   4.25256   0.20379  
  2 10301.5132 336063.684892  x:  0.06760   4.25407   0.13660  
  3 2201.7513 336054.317069  x:  0.06754   4.95397   0.14253  
  4 29.2544 336054.160182  x:  0.06754   4.96391   0.14012  
  5  0.0161 336054.159982  x:  0.06752   4.96578   0.14010  
  6  0.0016 336054.159981  x:  0.06752   4.96594   0.14011  
  7  0.0001 336054.159981  x:  0.06752   4.96597   0.14011  
  8  0.0000 336054.159980  x:  0.06752   4.96597   0.14011  

5 (Bom_mus) ... 4 (Bom_hyp)
  0  0.0000 336065.619083  x:  0.07083   4.04308   0.19035  
  1 99.0000 336055.214034  x:  0.06646   4.04318   0.18718  
  2 3749.1526 335982.950871  x:  0.06781   4.04507   0.12928  
  3 3147.5212 335956.748339  x:  0.06780   5.21840   0.13901  
  4 52.0638 335956.178555  x:  0.06824   5.23084   0.13482  
  5  0.0176 335956.167432  x:  0.06837   5.23481   0.13506  
  6  0.0042 335956.167330  x:  0.06837   5.23740   0.13505  
  7  0.0017 335956.167329  x:  0.06837   5.23747   0.13506  
  8  0.0001 335956.167329  x:  0.06837   5.23747   0.13506  
  9  0.0000 335956.167329  x:  0.06837   5.23747   0.13506  

6 (Bom_pas) ... 1 (Apis_mel)
  0  0.0000 410698.549272  x:  0.45591   4.25352   0.14521  
  1 99.0000 410187.116449  x:  0.48275   4.25311   0.09651  
  2 15473.6785 409914.449916  x:  0.56411   4.25132   0.09823  
  3 9151.3561 409896.648142  x:  0.56132   3.90727   0.09705  
  4 98.6168 409891.044939  x:  0.56483   3.92082   0.09275  
  5  0.0231 409891.033455  x:  0.56541   3.91938   0.09269  
  6  0.0013 409891.033383  x:  0.56542   3.91994   0.09270  
  7  0.0006 409891.033383  x:  0.56542   3.91993   0.09270  
  8  0.0000 409891.033383  x:  0.56542   3.91993   0.09270  

6 (Bom_pas) ... 2 (Bom_con)
  0  0.0000 350089.146648  x:  0.11908   3.59704   0.12125  
  1 99.0000 350085.448482  x:  0.12237   3.59736   0.12440  
  2 1649.3030 350082.539797  x:  0.12076   3.59834   0.13123  
  3 1144.4086 350018.763790  x:  0.12068   4.84952   0.13866  
  4 123.9471 350018.717741  x:  0.12094   4.84918   0.13784  
  5  0.0008 350018.717387  x:  0.12091   4.84999   0.13779  
  6  0.0007 350018.717380  x:  0.12091   4.85046   0.13780  
  7  0.0003 350018.717380  x:  0.12091   4.85046   0.13780  
  8  0.0000 350018.717380  x:  0.12091   4.85046   0.13780  
  9  0.0000 350018.717380  x:  0.12091   4.85046   0.13780  
 10  0.0189 350018.717380  x:  0.12091   4.85046   0.13780  
 11  0.0155 350018.717380  x:  0.12091   4.85046   0.13780  
 12  0.0173 350018.717380  x:  0.12091   4.85046   0.13780  
 13  0.0527 350018.717380  x:  0.12091   4.85046   0.13780  
check convergence!


6 (Bom_pas) ... 3 (Bom_hor)
  0  0.0000 336556.224543  x:  0.06302   4.17469   0.18468  
  1 99.0000 336536.850098  x:  0.06899   4.17474   0.18319  
  2 6504.4446 336498.055125  x:  0.06910   4.17610   0.13998  
  3 1697.9301 336483.494384  x:  0.06902   5.04423   0.14676  
  4 37.6064 336483.366351  x:  0.06900   5.04807   0.14451  
  5  0.0058 336483.366162  x:  0.06898   5.04997   0.14451  
  6  0.0016 336483.366160  x:  0.06898   5.05030   0.14452  
  7  0.0003 336483.366160  x:  0.06898   5.05033   0.14451  
  8  0.0000 336483.366160  x:  0.06898   5.05032   0.14451  
  9  0.0000 336483.366160  x:  0.06898   5.05032   0.14451  
check convergence!


6 (Bom_pas) ... 4 (Bom_hyp)
  0  0.0000 336548.976602  x:  0.05980   4.06837   0.15775  
  1 99.0000 336492.219618  x:  0.06987   4.06842   0.15694  
  2 11886.9586 336479.985648  x:  0.07001   4.06975   0.13488  
  3 1041.8045 336450.476496  x:  0.06989   5.33303   0.14359  
  4 55.3281 336450.306951  x:  0.06994   5.33156   0.14103  
  5  0.0032 336450.306888  x:  0.06995   5.33283   0.14101  
  6  0.0010 336450.306886  x:  0.06995   5.33314   0.14102  
  7  0.0002 336450.306886  x:  0.06995   5.33312   0.14102  
  8  0.0000 336450.306886  x:  0.06995   5.33313   0.14102  
  9  0.0000 336450.306885  x:  0.06995   5.33313   0.14102  
 10  0.0000 336450.306885  x:  0.06995   5.33313   0.14102  
check convergence!


6 (Bom_pas) ... 5 (Bom_mus)
  0  0.0000 320657.951087  x:  0.01795   4.27089   0.21290  
  1 99.0000 320630.611350  x:  0.02171   4.27090   0.21267  
  2 15537.1803 320572.302686  x:  0.02180   4.27324   0.11947  
  3 970.5045 320564.241658  x:  0.02176   5.47213   0.13011  
  4 15.5209 320563.757149  x:  0.02178   5.51824   0.12335  
  5  0.0847 320563.752652  x:  0.02179   5.55129   0.12350  
  6  0.0201 320563.752628  x:  0.02179   5.55214   0.12351  
  7  0.0007 320563.752628  x:  0.02179   5.55214   0.12351  
check convergence!


7 (Bom_syl) ... 1 (Apis_mel)
  0  0.0000 411834.543919  x:  0.54451   4.38742   0.21908  
  1 99.0000 409813.738698  x:  0.52240   4.38747   0.10059  
  2 23974.1584 409764.561260  x:  0.55357   4.38576   0.09061  
  3 3036.6949 409735.818098  x:  0.54713   3.93019   0.08940  
  4 118.4717 409717.140201  x:  0.55940   3.89482   0.09453  
  5  0.0949 409717.009523  x:  0.56037   3.91246   0.09404  
  6  0.0177 409717.006844  x:  0.56041   3.90926   0.09397  
  7  0.0036 409717.006843  x:  0.56041   3.90924   0.09397  
  8  0.0000 409717.006843  x:  0.56041   3.90924   0.09397  

7 (Bom_syl) ... 2 (Bom_con)
  0  0.0000 349937.035426  x:  0.12374   3.43814   0.09756  
  1 99.0000 349861.765559  x:  0.11530   3.43892   0.12689  
  2 5355.4834 349854.026173  x:  0.12002   3.43933   0.13130  
  3 3068.6815 349748.826935  x:  0.12039   5.06577   0.13965  
  4 163.5185 349748.437062  x:  0.11953   5.06459   0.14188  
  5  0.0018 349748.427464  x:  0.11966   5.06203   0.14216  
  6  0.0022 349748.427345  x:  0.11965   5.06003   0.14216  
  7  0.0011 349748.427342  x:  0.11965   5.05992   0.14216  
  8  0.0001 349748.427342  x:  0.11965   5.05992   0.14216  

7 (Bom_syl) ... 3 (Bom_hor)
  0  0.0000 336153.416319  x:  0.06209   4.33233   0.15892  
  1 99.0000 336132.036846  x:  0.06832   4.33237   0.15796  
  2 7016.0751 336117.601347  x:  0.06842   4.33346   0.13367  
  3 1129.1571 336096.766982  x:  0.06833   5.45941   0.14084  
  4 42.4626 336096.653942  x:  0.06835   5.46371   0.13877  
  5  0.0054 336096.653675  x:  0.06835   5.46828   0.13878  
  6  0.0031 336096.653674  x:  0.06835   5.46830   0.13878  
  7  0.0000 336096.653674  x:  0.06835   5.46833   0.13878  

7 (Bom_syl) ... 4 (Bom_hyp)
  0  0.0000 336325.968308  x:  0.06515   4.31710   0.22467  
  1 99.0000 336312.426599  x:  0.07035   4.31720   0.22119  
  2 4538.5913 336176.802971  x:  0.07026   4.31987   0.13448  
  3 3646.9992 336143.215496  x:  0.07007   5.75904   0.14734  
  4 54.9871 336141.865328  x:  0.06963   5.79908   0.14059  
  5  0.0622 336141.806691  x:  0.06931   5.81789   0.14114  
  6  0.0183 336141.805352  x:  0.06933   5.82877   0.14115  
  7  0.0067 336141.805347  x:  0.06933   5.82874   0.14116  
  8  0.0000 336141.805346  x:  0.06933   5.82877   0.14116  
  9  0.0000 336141.805346  x:  0.06933   5.82876   0.14116  
 10  0.0000 336141.805346  x:  0.06933   5.82876   0.14116  
check convergence!


7 (Bom_syl) ... 5 (Bom_mus)
  0  0.0000 335532.076447  x:  0.06408   4.77997   0.12926  
  1 99.0000 335527.961604  x:  0.06683   4.77998   0.13080  
  2 2672.3339 335515.626431  x:  0.06583   4.78025   0.15282  
  3 1501.4317 335509.941128  x:  0.06578   5.42637   0.15569  
  4 19.5690 335509.924810  x:  0.06592   5.40879   0.15583  
  5  0.0161 335509.924624  x:  0.06591   5.40619   0.15586  
  6  0.0022 335509.924624  x:  0.06591   5.40627   0.15587  

7 (Bom_syl) ... 6 (Bom_pas)
  0  0.0000 335930.091209  x:  0.06971   4.40730   0.19535  
  1 99.0000 335923.691360  x:  0.06623   4.40735   0.19380  
  2 3313.8029 335895.299215  x:  0.06692   4.40876   0.15544  
  3 1520.6687 335878.440392  x:  0.06689   5.42397   0.16318  
  4 37.5757 335878.122671  x:  0.06704   5.43180   0.15934  
  5  0.0108 335878.121602  x:  0.06708   5.43751   0.15935  
  6  0.0050 335878.121559  x:  0.06707   5.43894   0.15936  
  7  0.0012 335878.121559  x:  0.06707   5.43895   0.15936  
  8  0.0000 335878.121559  x:  0.06707   5.43894   0.15936  
  9  0.0000 335878.121559  x:  0.06707   5.43894   0.15936  
check convergence!


8 (Bom_vet) ... 1 (Apis_mel)
  0  0.0000 411714.672086  x:  0.42200   4.61256   0.19641  
  1 99.0000 410134.054264  x:  0.47614   4.61168   0.09731  
  2 21273.1259 409832.791800  x:  0.55280   4.60945   0.10515  
  3 9709.0775 409754.425265  x:  0.54905   3.86662   0.10189  
  4 192.0297 409730.010051  x:  0.56059   3.91139   0.09275  
  5  0.0917 409729.824531  x:  0.56276   3.90544   0.09277  
  6  0.0053 409729.823048  x:  0.56284   3.90844   0.09276  
  7  0.0036 409729.823043  x:  0.56284   3.90841   0.09276  

8 (Bom_vet) ... 2 (Bom_con)
  0  0.0000 349606.390096  x:  0.12375   3.58020   0.16463  
  1 99.0000 349581.899758  x:  0.11499   3.58060   0.15769  
  2 4272.4575 349546.548521  x:  0.11793   3.58243   0.12947  
  3 3224.0348 349474.307923  x:  0.11816   4.92683   0.14050  
  4 129.4048 349473.689109  x:  0.11867   4.93524   0.13697  
  5  0.0100 349473.685466  x:  0.11875   4.94366   0.13703  
  6  0.0062 349473.685181  x:  0.11872   4.94586   0.13704  
  7  0.0018 349473.685181  x:  0.11872   4.94586   0.13704  
  8  0.0000 349473.685181  x:  0.11872   4.94586   0.13704  

8 (Bom_vet) ... 3 (Bom_hor)
  0  0.0000 335958.251104  x:  0.05995   4.14205   0.16017  
  1 99.0000 335931.529791  x:  0.06679   4.14208   0.15942  
  2 8062.1742 335921.115306  x:  0.06690   4.14307   0.13877  
  3 932.5143 335906.474807  x:  0.06682   5.02421   0.14486  
  4 37.4379 335906.368929  x:  0.06685   5.02454   0.14278  
  5  0.0024 335906.368882  x:  0.06686   5.02606   0.14277  
  6  0.0011 335906.368881  x:  0.06685   5.02614   0.14278  
  7  0.0001 335906.368881  x:  0.06685   5.02615   0.14278  
  8  0.0000 335906.368881  x:  0.06685   5.02615   0.14278  
check convergence!


8 (Bom_vet) ... 4 (Bom_hyp)
  0  0.0000 335939.853377  x:  0.06896   4.28652   0.14970  
  1 99.0000 335938.531127  x:  0.06741   4.28659   0.14852  
  2 1335.3925 335932.357480  x:  0.06804   4.28751   0.13320  
  3 1140.9289 335913.076681  x:  0.06798   5.36011   0.13970  
  4 41.4105 335913.015140  x:  0.06804   5.35708   0.13818  
  5  0.0036 335913.015128  x:  0.06805   5.35696   0.13816  

8 (Bom_vet) ... 5 (Bom_mus)
  0  0.0000 320054.865067  x:  0.01701   4.53433   0.21696  
  1 99.0000 320035.306751  x:  0.02009   4.53434   0.21676  
  2 13450.9639 319980.488376  x:  0.02018   4.53637   0.12082  
  3 891.3586 319975.073232  x:  0.02014   5.61783   0.12975  
  4 11.3661 319974.809728  x:  0.02016   5.65310   0.12472  
  5  0.0689 319974.807853  x:  0.02017   5.67227   0.12457  
  6  0.0149 319974.807786  x:  0.02016   5.67454   0.12465  
  7  0.0021 319974.807785  x:  0.02016   5.67465   0.12464  
  8  0.0001 319974.807785  x:  0.02016   5.67464   0.12464  
  9  0.0000 319974.807785  x:  0.02016   5.67464   0.12464  
 10  0.0000 319974.807785  x:  0.02016   5.67464   0.12464  
check convergence!


8 (Bom_vet) ... 6 (Bom_pas)
  0  0.0000 320831.269558  x:  0.02006   4.45837   0.17808  
  1 99.0000 320822.461781  x:  0.02232   4.45837   0.17788  
  2 8187.0805 320798.311810  x:  0.02239   4.45974   0.12220  
  3 744.7371 320792.029511  x:  0.02234   5.56239   0.12994  
  4 13.0228 320791.918763  x:  0.02233   5.57512   0.12670  
  5  0.0192 320791.918272  x:  0.02231   5.58241   0.12668  
  6  0.0058 320791.918258  x:  0.02232   5.58406   0.12671  
  7  0.0010 320791.918258  x:  0.02232   5.58406   0.12671  
  8  0.0012 320791.918258  x:  0.02232   5.58406   0.12671  
  9  0.0000 320791.918257  x:  0.02232   5.58406   0.12671  
 10  0.8279 320791.918256  x:  0.02232   5.58406   0.12671  
 11  0.3354 320791.918256  x:  0.02232   5.58406   0.12671  
check convergence!


8 (Bom_vet) ... 7 (Bom_syl)
  0  0.0000 335265.278013  x:  0.06743   4.51163   0.13260  
  1 99.0000 335261.421461  x:  0.06476   4.51166   0.13373  
  2 2606.2741 335252.626278  x:  0.06501   4.51223   0.15269  
  3 1147.4997 335236.771372  x:  0.06494   5.55208   0.15786  
  4 34.6382 335236.769033  x:  0.06487   5.54978   0.15785  
  5  0.0024 335236.769019  x:  0.06487   5.54869   0.15785  
  6  0.0007 335236.769019  x:  0.06487   5.54869   0.15785  
check convergence!
