

2 (Bom_con) ... 1 (Apis_mel)
  0  0.0000 373454.998876  x:  0.46144   1.61227   0.51587  
  1 99.0000 365320.060379  x:  0.41555   1.69436   0.10397  
  2 19237.3472 365097.794483  x:  0.44683   1.70442   0.08054  
  3 14184.9841 363522.196216  x:  0.55376   2.98460   0.11680  
  4 3311.5454 363345.869164  x:  0.51320   3.38549   0.10630  
  5  0.5441 363283.941392  x:  0.55063   3.66172   0.09677  
  6  0.1386 363279.137797  x:  0.55053   3.78170   0.10025  
  7  0.0598 363278.847526  x:  0.54990   3.80977   0.09968  
  8  0.0248 363278.847378  x:  0.54996   3.81038   0.09968  
  9  0.0005 363278.847377  x:  0.54996   3.81037   0.09968  

3 (Bom_hor) ... 1 (Apis_mel)
  0  0.0000 364055.949571  x:  0.43600   3.49299   0.09260  
  1 99.0000 363762.054095  x:  0.47191   3.49309   0.12182  
  2 13971.3494 363454.047828  x:  0.55257   3.49424   0.09394  
  3 10190.8817 363423.722498  x:  0.55613   3.93247   0.09535  
  4 147.8978 363421.833217  x:  0.56119   3.93286   0.09683  
  5  0.0048 363421.713275  x:  0.56282   3.93382   0.09624  
  6  0.0019 363421.713237  x:  0.56283   3.93434   0.09624  
  7  0.0004 363421.713237  x:  0.56283   3.93435   0.09624  

3 (Bom_hor) ... 2 (Bom_con)
  0  0.0000 307965.218494  x:  0.11939   3.55249   0.19645  
  1 99.0000 307907.449799  x:  0.10552   3.55302   0.18401  
  2 5951.4806 307758.374342  x:  0.10954   3.55599   0.11735  
  3 6046.0581 307674.000743  x:  0.11011   5.16989   0.13310  
  4 129.0746 307670.126886  x:  0.11220   5.20646   0.12491  
  5  0.0478 307670.010160  x:  0.11274   5.22329   0.12576  
  6  0.0182 307670.003260  x:  0.11274   5.24094   0.12568  
  7  0.0101 307670.003046  x:  0.11273   5.24178   0.12574  
  8  0.0008 307670.003046  x:  0.11273   5.24179   0.12574  
  9  0.0000 307670.003046  x:  0.11273   5.24179   0.12574  
 10  0.0000 307670.003046  x:  0.11273   5.24179   0.12574  
 11  0.0000 307670.003046  x:  0.11273   5.24179   0.12574  
 12  0.0121 307670.003046  x:  0.11273   5.24179   0.12574  
 13  0.3529 307670.003046  x:  0.11273   5.24179   0.12574  
 14  0.0119 307670.003046  x:  0.11273   5.24179   0.12574  
 15  0.2907 307670.003046  x:  0.11273   5.24179   0.12574  
check convergence!


4 (Bom_hyp) ... 1 (Apis_mel)
  0  0.0000 363606.556420  x:  0.43366   4.35869   0.16895  
  1 99.0000 362838.920865  x:  0.47281   4.35808   0.09966  
  2 15602.6202 362605.031375  x:  0.54690   4.35617   0.10506  
  3 8161.7495 362570.384240  x:  0.54367   3.84472   0.10292  
  4 126.3534 362559.890501  x:  0.55040   3.86789   0.09638  
  5  0.0418 362559.847682  x:  0.55155   3.86502   0.09630  
  6  0.0026 362559.847407  x:  0.55157   3.86627   0.09632  
  7  0.0014 362559.847407  x:  0.55157   3.86627   0.09632  

4 (Bom_hyp) ... 2 (Bom_con)
  0  0.0000 306905.960097  x:  0.10591   3.34015   0.18892  
  1 99.0000 306752.099711  x:  0.11339   3.34387   0.11918  
  2 3663.3800 306744.927573  x:  0.10870   3.34436   0.11482  
  3 3426.4801 306635.685295  x:  0.10721   5.13421   0.13372  
  4 155.8734 306632.948982  x:  0.10864   5.17901   0.12634  
  5  0.0651 306632.858480  x:  0.10822   5.21564   0.12594  
  6  0.0278 306632.844488  x:  0.10830   5.23785   0.12629  
  7  0.0140 306632.844407  x:  0.10830   5.23834   0.12625  
  8  0.0005 306632.844407  x:  0.10830   5.23834   0.12625  

4 (Bom_hyp) ... 3 (Bom_hor)
  0  0.0000 296317.671987  x:  0.05668   4.21780   0.22034  
  1 99.0000 296287.776019  x:  0.06419   4.21788   0.21762  
  2 7819.0421 296100.115854  x:  0.06451   4.22093   0.11154  
  3 3039.1867 296064.620463  x:  0.06434   5.84364   0.12646  
  4 52.4947 296062.367110  x:  0.06423   5.92416   0.11762  
  5  0.1496 296062.306604  x:  0.06398   5.98727   0.11798  
  6  0.0420 296062.303310  x:  0.06405   6.00033   0.11803  
  7  0.0092 296062.303308  x:  0.06404   6.00071   0.11803  

5 (Bom_mus) ... 1 (Apis_mel)
  0  0.0000 363418.679096  x:  0.49830   4.92489   0.11113  
  1 99.0000 363309.390579  x:  0.53449   4.92290   0.09206  
  2 5112.6219 363243.418393  x:  0.56810   4.92074   0.09933  
  3 9516.8367 363117.584207  x:  0.55823   3.86560   0.09764  
  4 210.0457 363116.483700  x:  0.56030   3.86454   0.09555  
  5  0.0029 363116.483294  x:  0.56034   3.86311   0.09554  
  6  0.0019 363116.483279  x:  0.56036   3.86327   0.09554  

5 (Bom_mus) ... 2 (Bom_con)
  0  0.0000 308350.311702  x:  0.11914   3.34610   0.08938  
  1 99.0000 308298.665290  x:  0.11177   3.34689   0.11382  
  2 4355.8075 308293.465034  x:  0.11581   3.34732   0.11756  
  3 2381.1884 308186.221468  x:  0.11616   5.12411   0.12626  
  4 156.5831 308186.035218  x:  0.11543   5.12195   0.12746  
  5  0.0019 308186.028212  x:  0.11552   5.11947   0.12778  
  6  0.0020 308186.028113  x:  0.11551   5.11736   0.12777  
  7  0.0011 308186.028113  x:  0.11552   5.11734   0.12776  
  8  0.0000 308186.028113  x:  0.11552   5.11734   0.12776  

5 (Bom_mus) ... 3 (Bom_hor)
  0  0.0000 296894.471752  x:  0.06531   4.18299   0.13355  
  1 99.0000 296892.811832  x:  0.06720   4.18306   0.13249  
  2 1559.0889 296887.147336  x:  0.06700   4.18403   0.11800  
  3 958.2311 296861.348872  x:  0.06685   5.52746   0.12558  
  4 45.4816 296861.239989  x:  0.06684   5.53082   0.12357  
  5  0.0040 296861.239694  x:  0.06684   5.53615   0.12358  
  6  0.0033 296861.239693  x:  0.06684   5.53617   0.12359  
  7  0.0000 296861.239693  x:  0.06684   5.53617   0.12359  

5 (Bom_mus) ... 4 (Bom_hyp)
  0  0.0000 297316.628436  x:  0.07045   4.60743   0.10353  
  1 99.0000 297312.696759  x:  0.06760   4.60746   0.10653  
  2 1875.2979 297303.018594  x:  0.06901   4.60769   0.12290  
  3 2235.2146 297295.777054  x:  0.06899   5.35971   0.12572  
  4 21.8162 297295.714940  x:  0.06865   5.33793   0.12617  
  5  0.0204 297295.714251  x:  0.06867   5.33281   0.12625  
  6  0.0042 297295.714251  x:  0.06867   5.33279   0.12625  
  7  0.0000 297295.714251  x:  0.06867   5.33279   0.12625  

6 (Bom_pas) ... 1 (Apis_mel)
  0  0.0000 363875.529926  x:  0.42832   4.36564   0.13131  
  1 99.0000 363348.963721  x:  0.49585   4.36452   0.08937  
  2 12243.7750 363153.600593  x:  0.54471   4.36338   0.10478  
  3 13871.6002 363121.572705  x:  0.54160   3.88145   0.10340  
  4 121.2375 363102.905798  x:  0.56000   3.88512   0.09556  
  5  0.0165 363102.883542  x:  0.56057   3.89231   0.09569  
  6  0.0070 363102.883167  x:  0.56064   3.89121   0.09568  
  7  0.0012 363102.883166  x:  0.56064   3.89124   0.09568  

6 (Bom_pas) ... 2 (Bom_con)
  0  0.0000 308725.021405  x:  0.11577   3.28322   0.16206  
  1 99.0000 308658.260861  x:  0.11480   3.28616   0.12051  
  2 2823.5621 308657.086929  x:  0.11697   3.28658   0.11963  
  3 1161.0681 308534.430053  x:  0.11696   5.10949   0.13694  
  4 177.9734 308531.977233  x:  0.11681   5.13734   0.12951  
  5  0.0336 308531.929801  x:  0.11705   5.17609   0.12938  
  6  0.0220 308531.925018  x:  0.11696   5.18433   0.12959  
  7  0.0067 308531.925002  x:  0.11696   5.18457   0.12958  
  8  0.0003 308531.925002  x:  0.11696   5.18457   0.12958  

6 (Bom_pas) ... 3 (Bom_hor)
  0  0.0000 297151.035586  x:  0.06758   4.16701   0.13244  
  1 99.0000 297148.506257  x:  0.06925   4.16769   0.12492  
  2 646.5692 297146.908485  x:  0.06797   4.16822   0.11966  
  3 2997.2693 297111.494185  x:  0.06771   5.77535   0.12876  
  4 53.9964 297111.372648  x:  0.06782   5.77854   0.12663  
  5  0.0037 297111.371966  x:  0.06779   5.78320   0.12662  
  6  0.0039 297111.371901  x:  0.06780   5.78541   0.12663  
  7  0.0016 297111.371901  x:  0.06780   5.78544   0.12663  

6 (Bom_pas) ... 4 (Bom_hyp)
  0  0.0000 297539.429472  x:  0.06406   4.83405   0.16794  
  1 99.0000 297526.306332  x:  0.06941   4.83409   0.16638  
  2 4917.2841 297498.206772  x:  0.06944   4.83488   0.12976  
  3 1496.3554 297489.905548  x:  0.06939   5.68430   0.13454  
  4 22.1858 297489.839900  x:  0.06929   5.67164   0.13296  
  5  0.0158 297489.838516  x:  0.06925   5.66399   0.13300  
  6  0.0067 297489.838502  x:  0.06926   5.66309   0.13299  
  7  0.0008 297489.838502  x:  0.06926   5.66309   0.13299  

6 (Bom_pas) ... 5 (Bom_mus)
  0  0.0000 283937.210051  x:  0.02202   4.55617   0.15028  
  1 99.0000 283937.112199  x:  0.02229   4.55618   0.15015  
  2 681.8941 283933.606447  x:  0.02228   4.55735   0.12881  
  3 383.3973 283923.323842  x:  0.02219   6.21952   0.13838  
  4 15.0991 283923.251276  x:  0.02221   6.21633   0.13533  
  5  0.0047 283923.251260  x:  0.02221   6.21827   0.13531  
  6  0.0015 283923.251259  x:  0.02221   6.21866   0.13532  

7 (Bom_syl) ... 1 (Apis_mel)
  0  0.0000 363938.005216  x:  0.54349   5.07969   0.15768  
  1 99.0000 363438.216783  x:  0.53951   5.07900   0.10312  
  2 15103.8978 363407.891025  x:  0.57170   5.07463   0.09669  
  3 1908.8996 363247.489118  x:  0.55760   3.85755   0.09488  
  4 230.6593 363245.820682  x:  0.55833   3.85403   0.09720  
  5  0.0084 363245.805153  x:  0.55773   3.85866   0.09730  
  6  0.0052 363245.804807  x:  0.55766   3.85729   0.09730  
  7  0.0020 363245.804807  x:  0.55766   3.85729   0.09730  

7 (Bom_syl) ... 2 (Bom_con)
  0  0.0000 308821.329115  x:  0.10342   3.45386   0.16720  
  1 99.0000 308759.570377  x:  0.11853   3.45422   0.16126  
  2 8011.8458 308689.947009  x:  0.11824   3.45674   0.11904  
  3 3314.9939 308590.182564  x:  0.11796   5.15901   0.13402  
  4 147.5198 308588.220152  x:  0.11771   5.18347   0.12752  
  5  0.0304 308588.190895  x:  0.11754   5.21539   0.12754  
  6  0.0184 308588.189106  x:  0.11760   5.21989   0.12765  
  7  0.0036 308588.189085  x:  0.11760   5.22012   0.12763  
  8  0.0002 308588.189085  x:  0.11760   5.22014   0.12763  
  9  0.0000 308588.189085  x:  0.11760   5.22013   0.12763  

7 (Bom_syl) ... 3 (Bom_hor)
  0  0.0000 297135.487938  x:  0.07075   4.30012   0.23080  
  1 99.0000 297115.264018  x:  0.06434   4.30027   0.22529  
  2 4627.7744 296883.817151  x:  0.06582   4.30353   0.10952  
  3 5063.2322 296843.129115  x:  0.06600   6.04133   0.12545  
  4 56.4952 296839.024144  x:  0.06712   6.14338   0.11477  
  5  0.1818 296838.673906  x:  0.06792   6.18050   0.11603  
  6  0.0403 296838.661250  x:  0.06791   6.21839   0.11588  
  7  0.0224 296838.660637  x:  0.06790   6.22099   0.11602  
  8  0.0025 296838.660637  x:  0.06790   6.22105   0.11602  

7 (Bom_syl) ... 4 (Bom_hyp)
  0  0.0000 297402.662955  x:  0.06981   4.91413   0.18927  
  1 99.0000 297383.650313  x:  0.06404   4.91435   0.17574  
  2 2506.8933 297305.706316  x:  0.06702   4.91530   0.11690  
  3 11731.8459 297295.961057  x:  0.06725   5.86309   0.12259  
  4 23.2174 297293.744128  x:  0.06945   5.82161   0.12111  
  5  0.0412 297293.740779  x:  0.06945   5.81343   0.12140  
  6  0.0108 297293.740448  x:  0.06944   5.80839   0.12134  
  7  0.0045 297293.740447  x:  0.06944   5.80830   0.12134  

7 (Bom_syl) ... 5 (Bom_mus)
  0  0.0000 296820.771749  x:  0.06359   4.69220   0.09748  
  1 99.0000 296808.588283  x:  0.06853   4.69222   0.10133  
  2 3994.1676 296780.141340  x:  0.06582   4.69239   0.13036  
  3 3029.9257 296773.805551  x:  0.06575   5.41485   0.13288  
  4 19.6944 296773.572905  x:  0.06640   5.39749   0.13379  
  5  0.0161 296773.568224  x:  0.06637   5.39364   0.13418  
  6  0.0028 296773.568221  x:  0.06637   5.39423   0.13419  

7 (Bom_syl) ... 6 (Bom_pas)
  0  0.0000 297259.038545  x:  0.06186   4.52610   0.24312  
  1 99.0000 297242.409175  x:  0.06787   4.52617   0.24025  
  2 5315.6869 297087.858458  x:  0.06806   4.52873   0.13548  
  3 2830.3051 297070.115595  x:  0.06795   5.67439   0.14590  
  4 35.1624 297069.251850  x:  0.06765   5.71488   0.14002  
  5  0.0715 297069.202318  x:  0.06734   5.73060   0.14049  
  6  0.0150 297069.201951  x:  0.06735   5.73670   0.14050  
  7  0.0041 297069.201949  x:  0.06735   5.73671   0.14051  
  8  0.0000 297069.201949  x:  0.06735   5.73670   0.14051  
  9  0.0000 297069.201949  x:  0.06735   5.73670   0.14051  

8 (Bom_vet) ... 1 (Apis_mel)
  0  0.0000 364301.116673  x:  0.52301   4.55502   0.18462  
  1 99.0000 363351.620598  x:  0.51937   4.55461   0.10294  
  2 17908.0112 363282.172856  x:  0.56554   4.55180   0.09282  
  3 3142.8623 363229.209685  x:  0.55742   3.88800   0.09106  
  4 146.6448 363220.505436  x:  0.56156   3.86807   0.09581  
  5  0.0523 363220.490912  x:  0.56159   3.87798   0.09582  
  6  0.0129 363220.490844  x:  0.56155   3.87786   0.09582  

8 (Bom_vet) ... 2 (Bom_con)
  0  0.0000 308277.902593  x:  0.12190   3.33009   0.13840  
  1 99.0000 308258.664005  x:  0.11344   3.33049   0.13449  
  2 4023.3427 308247.491266  x:  0.11490   3.33248   0.11912  
  3 1512.8550 308134.766615  x:  0.11496   5.12952   0.13320  
  4 163.2411 308133.692500  x:  0.11510   5.14166   0.12820  
  5  0.0125 308133.680328  x:  0.11514   5.16539   0.12823  
  6  0.0115 308133.680129  x:  0.11512   5.16594   0.12827  
  7  0.0006 308133.680129  x:  0.11512   5.16594   0.12827  
check convergence!


8 (Bom_vet) ... 3 (Bom_hor)
  0  0.0000 296994.118743  x:  0.05738   4.43053   0.17961  
  1 99.0000 296950.558711  x:  0.06654   4.43058   0.17784  
  2 9842.3730 296887.398517  x:  0.06675   4.43202   0.12143  
  3 1978.8704 296869.753185  x:  0.06667   5.57730   0.12939  
  4 35.2069 296869.454834  x:  0.06667   5.59341   0.12604  
  5  0.0239 296869.453327  x:  0.06666   5.60536   0.12607  
  6  0.0081 296869.453320  x:  0.06666   5.60547   0.12608  
  7  0.0001 296869.453320  x:  0.06666   5.60549   0.12608  

8 (Bom_vet) ... 4 (Bom_hyp)
  0  0.0000 297427.781986  x:  0.06874   4.58426   0.09791  
  1 99.0000 297406.656600  x:  0.07224   4.58443   0.11796  
  2 2209.3749 297399.450712  x:  0.06863   4.58452   0.12499  
  3 4840.2769 297389.314983  x:  0.06850   5.49023   0.12822  
  4 25.9365 297389.087830  x:  0.06876   5.45312   0.13075  
  5  0.0257 297389.087238  x:  0.06872   5.45389   0.13077  
  6  0.0008 297389.087238  x:  0.06872   5.45402   0.13077  
  7  0.0001 297389.087238  x:  0.06872   5.45401   0.13077  
  8  0.0000 297389.087238  x:  0.06872   5.45399   0.13077  

8 (Bom_vet) ... 5 (Bom_mus)
  0  0.0000 283272.826038  x:  0.01588   4.62625   0.15688  
  1 99.0000 283239.008875  x:  0.02010   4.62625   0.15680  
  2 17431.3351 283233.579790  x:  0.02013   4.62710   0.12835  
  3 349.0879 283230.059387  x:  0.02010   5.57545   0.13390  
  4  8.3106 283230.038698  x:  0.02010   5.57857   0.13225  
  5  0.0042 283230.038675  x:  0.02010   5.58117   0.13224  
  6  0.0019 283230.038675  x:  0.02010   5.58123   0.13225  
  7  0.0001 283230.038675  x:  0.02010   5.58123   0.13225  
check convergence!


8 (Bom_vet) ... 6 (Bom_pas)
  0  0.0000 283905.191239  x:  0.02174   4.70669   0.23450  
  1 99.0000 283904.348413  x:  0.02253   4.70674   0.23255  
  2 839.6222 283854.651559  x:  0.02239   4.70958   0.13205  
  3 5517.5337 283843.327586  x:  0.02224   6.48417   0.14729  
  4 15.2966 283842.696697  x:  0.02205   6.54968   0.13869  
  5  0.1058 283842.669904  x:  0.02192   6.57843   0.13938  
  6  0.0296 283842.668583  x:  0.02193   6.60227   0.13940  
  7  0.0139 283842.668576  x:  0.02193   6.60193   0.13943  
  8  0.0004 283842.668576  x:  0.02193   6.60194   0.13943  
  9  0.0004 283842.668575  x:  0.02193   6.60194   0.13943  
 10  0.0012 283842.668575  x:  0.02193   6.60194   0.13943  

8 (Bom_vet) ... 7 (Bom_syl)
  0  0.0000 296888.090474  x:  0.05602   5.26673   0.22447  
  1 99.0000 296837.857909  x:  0.06573   5.26675   0.22261  
  2 10757.6730 296726.990365  x:  0.06602   5.26759   0.13703  
  3 2139.7418 296726.119477  x:  0.06601   5.55060   0.13880  
  4  6.3640 296726.011567  x:  0.06602   5.55921   0.13668  
  5  0.0170 296726.011534  x:  0.06603   5.56002   0.13665  
  6  0.0008 296726.011534  x:  0.06603   5.56011   0.13665  
  7  0.0001 296726.011534  x:  0.06603   5.56004   0.13665  
  8  0.0000 296726.011534  x:  0.06603   5.56005   0.13665  
  9  0.0000 296726.011534  x:  0.06603   5.56005   0.13665  
check convergence!
