

2 (Bom_con) ... 1 (Apis_mel)
  0  0.0000 421478.347029  x:  0.46719   1.46984   0.47932  
  1 99.0000 413530.213194  x:  0.56705   1.56050   0.10898  
  2 21997.6287 413385.638770  x:  0.61433   1.61399   0.12037  
  3 4285.3754 412690.626536  x:  0.52750   2.15373   0.15933  
  4 4418.4889 411745.536711  x:  0.63164   2.74718   0.10769  
  5  1.3615 411554.008473  x:  0.62063   3.26037   0.13369  
  6  0.3137 411491.182521  x:  0.62143   3.58674   0.12230  
  7  0.1954 411490.051266  x:  0.62433   3.63760   0.12366  
  8  0.0345 411490.020110  x:  0.62483   3.64304   0.12333  
  9  0.0050 411490.019862  x:  0.62491   3.64261   0.12332  
 10  0.0003 411490.019861  x:  0.62491   3.64258   0.12332  

3 (Bom_hor) ... 1 (Apis_mel)
  0  0.0000 414346.458192  x:  0.51692   3.22262   0.22659  
  1 99.0000 413114.982475  x:  0.55029   3.22453   0.12551  
  2 17726.5279 412871.918041  x:  0.63579   3.22650   0.12274  
  3 6924.9930 412838.570075  x:  0.63910   3.59061   0.12648  
  4 193.7850 412830.387049  x:  0.64321   3.61920   0.12034  
  5  0.0627 412830.290403  x:  0.64502   3.63049   0.12028  
  6  0.0089 412830.290351  x:  0.64502   3.63003   0.12028  
  7  0.0004 412830.290350  x:  0.64503   3.63002   0.12028  

3 (Bom_hor) ... 2 (Bom_con)
  0  0.0000 343830.315044  x:  0.10574   3.17012   0.10673  
  1 99.0000 343641.238463  x:  0.13125   3.17040   0.11398  
  2 15462.3287 343615.980727  x:  0.12896   3.17182   0.13490  
  3 2659.8795 343498.642309  x:  0.12865   4.71323   0.14578  
  4 193.0976 343498.585837  x:  0.12898   4.71151   0.14490  
  5  0.0015 343498.585195  x:  0.12895   4.71243   0.14482  
  6  0.0007 343498.585185  x:  0.12895   4.71298   0.14483  
  7  0.0003 343498.585184  x:  0.12895   4.71300   0.14483  

4 (Bom_hyp) ... 1 (Apis_mel)
  0  0.0000 411664.270467  x:  0.54657   3.94340   0.12741  
  1 99.0000 411519.505329  x:  0.58982   3.94201   0.14226  
  2 6556.6038 411412.939108  x:  0.63046   3.94034   0.11972  
  3 7969.3025 411393.377131  x:  0.62656   3.62086   0.11884  
  4 116.8398 411392.154054  x:  0.63086   3.62281   0.12005  
  5  0.0047 411392.119591  x:  0.63174   3.62385   0.11969  
  6  0.0015 411392.119588  x:  0.63174   3.62373   0.11969  
  7  0.0001 411392.119588  x:  0.63174   3.62373   0.11969  

4 (Bom_hyp) ... 2 (Bom_con)
  0  0.0000 341942.307177  x:  0.09641   3.21003   0.20380  
  1 99.0000 341752.562014  x:  0.12080   3.21039   0.19890  
  2 16557.2843 341631.231667  x:  0.12120   3.21472   0.13786  
  3 3523.1141 341502.034411  x:  0.12096   4.88166   0.15914  
  4 196.3977 341498.044394  x:  0.12113   4.91956   0.14909  
  5  0.0490 341497.960974  x:  0.12120   4.97555   0.14920  
  6  0.0271 341497.960011  x:  0.12118   4.97561   0.14935  
  7  0.0002 341497.960001  x:  0.12118   4.97560   0.14935  

4 (Bom_hyp) ... 3 (Bom_hor)
  0  0.0000 330603.823081  x:  0.06356   4.00767   0.20985  
  1 99.0000 330515.080151  x:  0.07675   4.00773   0.20777  
  2 14210.1563 330423.234921  x:  0.07704   4.00976   0.13965  
  3 2328.5459 330405.589149  x:  0.07697   4.88899   0.14831  
  4 45.1132 330405.239506  x:  0.07702   4.90204   0.14473  
  5  0.0204 330405.238242  x:  0.07704   4.90944   0.14476  
  6  0.0054 330405.238236  x:  0.07704   4.90963   0.14477  
  7  0.0002 330405.238236  x:  0.07704   4.90972   0.14477  
  8  0.0001 330405.238236  x:  0.07704   4.90972   0.14477  
  9  0.0000 330405.238236  x:  0.07704   4.90972   0.14477  
 10  0.0000 330405.238236  x:  0.07704   4.90972   0.14477  
check convergence!


5 (Bom_mus) ... 1 (Apis_mel)
  0  0.0000 412748.307287  x:  0.59737   4.03764   0.22153  
  1 99.0000 411667.707027  x:  0.58926   4.03748   0.12828  
  2 17919.5642 411598.440946  x:  0.63578   4.03454   0.11620  
  3 3066.6910 411569.493053  x:  0.62922   3.63770   0.11443  
  4 138.0621 411559.899480  x:  0.63411   3.61757   0.11935  
  5  0.0532 411559.867191  x:  0.63475   3.62502   0.11954  
  6  0.0079 411559.866817  x:  0.63477   3.62394   0.11956  
  7  0.0012 411559.866817  x:  0.63476   3.62394   0.11956  

5 (Bom_mus) ... 2 (Bom_con)
  0  0.0000 342723.680638  x:  0.11737   3.13780   0.19197  
  1 99.0000 342694.376559  x:  0.12777   3.13857   0.18324  
  2 4438.8142 342630.880916  x:  0.12609   3.14235   0.14173  
  3 4357.5909 342487.792594  x:  0.12545   4.85161   0.16280  
  4 214.8597 342484.894957  x:  0.12480   4.87651   0.15444  
  5  0.0285 342484.848423  x:  0.12465   4.91451   0.15456  
  6  0.0195 342484.846297  x:  0.12473   4.91728   0.15466  
  7  0.0025 342484.846293  x:  0.12473   4.91737   0.15465  
  8  0.0001 342484.846293  x:  0.12473   4.91737   0.15465  

5 (Bom_mus) ... 3 (Bom_hor)
  0  0.0000 329865.476677  x:  0.07854   3.99614   0.12121  
  1 99.0000 329854.519990  x:  0.07364   3.99618   0.12394  
  2 3815.0436 329833.246566  x:  0.07463   3.99662   0.15070  
  3 2177.2009 329820.023247  x:  0.07459   4.76402   0.15515  
  4 38.3749 329819.961751  x:  0.07424   4.76203   0.15566  
  5  0.0021 329819.960950  x:  0.07425   4.76084   0.15584  
  6  0.0009 329819.960950  x:  0.07425   4.76076   0.15583  
  7  0.0001 329819.960950  x:  0.07425   4.76072   0.15583  
  8  0.0000 329819.960950  x:  0.07425   4.76072   0.15583  
  9  0.0000 329819.960950  x:  0.07425   4.76072   0.15583  
 10  0.0046 329819.960950  x:  0.07425   4.76072   0.15583  
check convergence!


5 (Bom_mus) ... 4 (Bom_hyp)
  0  0.0000 329318.338954  x:  0.06927   3.90006   0.15556  
  1 99.0000 329310.336796  x:  0.07336   3.90013   0.15541  
  2 4026.9945 329309.860961  x:  0.07340   3.90176   0.15107  
  3 196.5646 329270.125516  x:  0.07326   5.31508   0.16261  
  4 76.8384 329269.973381  x:  0.07328   5.31439   0.15998  
  5  0.0025 329269.973046  x:  0.07328   5.31793   0.15991  
  6  0.0026 329269.973022  x:  0.07328   5.31884   0.15994  
  7  0.0007 329269.973022  x:  0.07328   5.31884   0.15994  
  8  0.0000 329269.973022  x:  0.07328   5.31884   0.15994  
  9  0.0731 329269.973022  x:  0.07328   5.31884   0.15994  
check convergence!


6 (Bom_pas) ... 1 (Apis_mel)
  0  0.0000 412032.874869  x:  0.62243   4.34285   0.15270  
  1 99.0000 411886.912890  x:  0.62215   4.34225   0.12444  
  2 9372.9339 411865.895406  x:  0.65072   4.33735   0.11966  
  3 1502.7465 411779.339911  x:  0.63927   3.62782   0.11807  
  4 227.1874 411779.109429  x:  0.63863   3.62716   0.11910  
  5  0.0020 411779.106401  x:  0.63833   3.62810   0.11912  
  6  0.0010 411779.106391  x:  0.63832   3.62789   0.11912  

6 (Bom_pas) ... 2 (Bom_con)
  0  0.0000 343638.199085  x:  0.11405   3.16902   0.19246  
  1 99.0000 343573.829963  x:  0.12942   3.16953   0.18684  
  2 8254.2482 343503.567169  x:  0.12921   3.17356   0.14263  
  3 3175.9553 343351.369240  x:  0.12887   4.93847   0.16430  
  4 222.3638 343348.020869  x:  0.12880   4.96729   0.15512  
  5  0.0335 343347.954533  x:  0.12875   5.01527   0.15511  
  6  0.0231 343347.952819  x:  0.12877   5.01657   0.15531  
  7  0.0013 343347.952810  x:  0.12878   5.01661   0.15530  
  8  0.0000 343347.952810  x:  0.12878   5.01662   0.15530  
  9  0.0000 343347.952810  x:  0.12878   5.01662   0.15530  
 10  0.0000 343347.952810  x:  0.12878   5.01661   0.15530  
 11  0.0000 343347.952810  x:  0.12878   5.01662   0.15530  

6 (Bom_pas) ... 3 (Bom_hor)
  0  0.0000 330713.936068  x:  0.08087   4.10624   0.17909  
  1 99.0000 330707.568314  x:  0.07726   4.10630   0.17770  
  2 3082.3004 330693.392832  x:  0.07792   4.10761   0.15222  
  3 1167.5591 330675.929494  x:  0.07788   4.82152   0.15808  
  4 44.6210 330675.081445  x:  0.07769   5.03855   0.15697  
  5  0.1504 330675.062767  x:  0.07775   5.03658   0.15781  
  6  0.0023 330675.062715  x:  0.07775   5.03521   0.15778  
  7  0.0014 330675.062715  x:  0.07775   5.03516   0.15778  
  8  0.0000 330675.062715  x:  0.07775   5.03517   0.15778  
  9  0.0000 330675.062715  x:  0.07775   5.03517   0.15778  
 10  0.0000 330675.062715  x:  0.07775   5.03517   0.15778  
check convergence!


6 (Bom_pas) ... 4 (Bom_hyp)
  0  0.0000 330387.411754  x:  0.06383   4.21515   0.14303  
  1 99.0000 330297.926806  x:  0.07715   4.21520   0.14395  
  2 14330.9644 330292.219567  x:  0.07691   4.21635   0.16088  
  3 794.9285 330258.079880  x:  0.07681   5.61248   0.16952  
  4 58.8769 330257.947759  x:  0.07685   5.60074   0.16701  
  5  0.0098 330257.947674  x:  0.07685   5.60098   0.16695  
  6  0.0002 330257.947672  x:  0.07684   5.60129   0.16695  
  7  0.0002 330257.947672  x:  0.07684   5.60130   0.16695  

6 (Bom_pas) ... 5 (Bom_mus)
  0  0.0000 313696.589744  x:  0.02372   4.43731   0.26376  
  1 99.0000 313695.776731  x:  0.02446   4.43732   0.26342  
  2 2026.2486 313633.867018  x:  0.02453   4.44114   0.15142  
  3 1053.1751 313620.653268  x:  0.02445   6.03541   0.16903  
  4 19.8112 313619.874863  x:  0.02443   6.10046   0.15893  
  5  0.1114 313619.862694  x:  0.02440   6.15694   0.15924  
  6  0.0339 313619.862338  x:  0.02441   6.16019   0.15928  
  7  0.0029 313619.862337  x:  0.02441   6.16035   0.15927  
  8  0.0002 313619.862337  x:  0.02441   6.16035   0.15927  
  9  0.0000 313619.862337  x:  0.02441   6.16035   0.15927  

7 (Bom_syl) ... 1 (Apis_mel)
  0  0.0000 413604.298661  x:  0.59408   4.92968   0.23649  
  1 99.0000 412451.587122  x:  0.59012   4.92816   0.13392  
  2 17191.9831 412340.103717  x:  0.65036   4.92195   0.11824  
  3 3869.9572 412104.758950  x:  0.63199   3.65445   0.11435  
  4 320.0208 412088.391256  x:  0.63829   3.63327   0.12185  
  5  0.0588 412088.240225  x:  0.63800   3.65736   0.12171  
  6  0.0333 412088.229415  x:  0.63763   3.65382   0.12159  
  7  0.0040 412088.229397  x:  0.63765   3.65378   0.12158  
  8  0.0001 412088.229397  x:  0.63765   3.65378   0.12158  

7 (Bom_syl) ... 2 (Bom_con)
  0  0.0000 344455.145037  x:  0.13968   3.27225   0.23321  
  1 99.0000 344386.572220  x:  0.12394   3.27303   0.22086  
  2 6583.6157 344221.687933  x:  0.12823   3.27798   0.14749  
  3 5581.0725 344091.446367  x:  0.12893   4.89933   0.16995  
  4 201.1315 344086.253503  x:  0.13080   4.93991   0.15899  
  5  0.0527 344086.143401  x:  0.13135   4.96921   0.15961  
  6  0.0249 344086.127655  x:  0.13124   4.98960   0.15957  
  7  0.0125 344086.127551  x:  0.13124   4.98976   0.15963  
  8  0.0002 344086.127551  x:  0.13124   4.98978   0.15963  

7 (Bom_syl) ... 3 (Bom_hor)
  0  0.0000 331510.255842  x:  0.08054   4.20279   0.19940  
  1 99.0000 331497.786045  x:  0.07599   4.20322   0.18619  
  2 1745.1254 331468.109714  x:  0.07904   4.20430   0.15380  
  3 9370.0034 331453.908119  x:  0.07918   5.01333   0.16080  
  4 38.9664 331453.151477  x:  0.08032   5.01367   0.15767  
  5  0.0035 331453.148334  x:  0.08036   5.01455   0.15798  
  6  0.0011 331453.148329  x:  0.08037   5.01502   0.15798  
  7  0.0004 331453.148328  x:  0.08036   5.01513   0.15798  
  8  0.0001 331453.148328  x:  0.08036   5.01513   0.15798  
check convergence!


7 (Bom_syl) ... 4 (Bom_hyp)
  0  0.0000 331062.488130  x:  0.07794   4.10022   0.25009  
  1 99.0000 330966.918588  x:  0.08800   4.10310   0.17773  
  2 2416.9665 330929.067521  x:  0.08212   4.10437   0.14717  
  3 22083.5804 330883.090170  x:  0.08080   5.65415   0.16315  
  4 70.9420 330881.875796  x:  0.07919   5.61753   0.16532  
  5  0.0538 330881.861573  x:  0.07915   5.60031   0.16458  
  6  0.0148 330881.860584  x:  0.07917   5.59295   0.16464  
  7  0.0054 330881.860584  x:  0.07917   5.59296   0.16464  
  8  0.0000 330881.860584  x:  0.07917   5.59296   0.16464  

7 (Bom_syl) ... 5 (Bom_mus)
  0  0.0000 328821.991656  x:  0.06957   4.49814   0.23312  
  1 99.0000 328816.939770  x:  0.07280   4.49833   0.22807  
  2 1715.6158 328772.438990  x:  0.07173   4.50033   0.17303  
  3 4654.5953 328754.035538  x:  0.07156   5.57797   0.18306  
  4 38.6667 328753.659488  x:  0.07100   5.58725   0.17962  
  5  0.0115 328753.652938  x:  0.07091   5.59017   0.18004  
  6  0.0034 328753.652901  x:  0.07091   5.59189   0.18004  
  7  0.0012 328753.652900  x:  0.07091   5.59194   0.18004  
  8  0.0001 328753.652900  x:  0.07091   5.59194   0.18004  
check convergence!


7 (Bom_syl) ... 6 (Bom_pas)
  0  0.0000 329787.365825  x:  0.07407   4.63821   0.18103  
  1 99.0000 329787.236280  x:  0.07460   4.63825   0.18088  
  2 472.4531 329786.977868  x:  0.07459   4.63948   0.17714  
  3 140.2505 329767.250144  x:  0.07453   5.78201   0.18547  
  4 43.3309 329767.217386  x:  0.07455   5.78312   0.18410  
  5  0.0017 329767.217330  x:  0.07455   5.78515   0.18409  
  6  0.0014 329767.217329  x:  0.07455   5.78525   0.18410  
  7  0.0001 329767.217329  x:  0.07455   5.78526   0.18410  

8 (Bom_vet) ... 1 (Apis_mel)
  0  0.0000 413848.198743  x:  0.54441   4.68359   0.26450  
  1 99.0000 412180.419300  x:  0.56296   4.68194   0.13183  
  2 17984.5679 411949.430595  x:  0.65347   4.67602   0.11653  
  3 5971.8059 411784.795404  x:  0.63984   3.64936   0.11116  
  4 283.4455 411769.054577  x:  0.64012   3.60010   0.11854  
  5  0.1830 411768.710009  x:  0.63846   3.63210   0.11907  
  6  0.0382 411768.681949  x:  0.63752   3.62505   0.11917  
  7  0.0079 411768.681917  x:  0.63753   3.62492   0.11917  
  8  0.0001 411768.681917  x:  0.63753   3.62492   0.11917  
  9  0.0000 411768.681917  x:  0.63753   3.62492   0.11917  

8 (Bom_vet) ... 2 (Bom_con)
  0  0.0000 342857.090947  x:  0.13093   3.37543   0.17062  
  1 99.0000 342840.213642  x:  0.12319   3.37591   0.16587  
  2 3633.4117 342821.447198  x:  0.12526   3.37851   0.14420  
  3 1999.3106 342707.821461  x:  0.12545   5.00675   0.16054  
  4 176.9286 342706.700134  x:  0.12566   5.01851   0.15509  
  5  0.0127 342706.688822  x:  0.12570   5.03880   0.15514  
  6  0.0105 342706.688685  x:  0.12568   5.03914   0.15518  
  7  0.0003 342706.688685  x:  0.12568   5.03914   0.15518  
  8  0.0000 342706.688685  x:  0.12568   5.03913   0.15518  
  9  0.0000 342706.688685  x:  0.12568   5.03913   0.15518  
check convergence!


8 (Bom_vet) ... 3 (Bom_hor)
  0  0.0000 330183.746309  x:  0.07825   4.08910   0.13606  
  1 99.0000 330180.103453  x:  0.07540   4.08915   0.13714  
  2 2347.5804 330174.599945  x:  0.07559   4.08980   0.15147  
  3 907.5402 330158.586745  x:  0.07553   4.96296   0.15690  
  4 41.4114 330158.585055  x:  0.07548   4.95936   0.15678  
  5  0.0034 330158.585023  x:  0.07549   4.95835   0.15676  
  6  0.0008 330158.585023  x:  0.07549   4.95826   0.15676  
  7  0.0001 330158.585023  x:  0.07549   4.95831   0.15676  
  8  0.0000 330158.585023  x:  0.07549   4.95831   0.15676  
  9  0.0000 330158.585023  x:  0.07549   4.95831   0.15676  
 10  0.0152 330158.585023  x:  0.07549   4.95831   0.15676  
check convergence!


8 (Bom_vet) ... 4 (Bom_hyp)
  0  0.0000 329749.696315  x:  0.06783   4.30216   0.15812  
  1 99.0000 329726.309192  x:  0.07473   4.30221   0.15808  
  2 7013.2393 329726.126910  x:  0.07476   4.30354   0.15528  
  3 116.1256 329700.067354  x:  0.07466   5.53977   0.16427  
  4 59.9982 329700.009382  x:  0.07470   5.53602   0.16261  
  5  0.0038 329700.009362  x:  0.07470   5.53658   0.16259  
  6  0.0005 329700.009361  x:  0.07470   5.53693   0.16259  
  7  0.0002 329700.009361  x:  0.07470   5.53691   0.16259  

8 (Bom_vet) ... 5 (Bom_mus)
  0  0.0000 312936.578871  x:  0.02011   4.48343   0.13592  
  1 99.0000 312927.309827  x:  0.02246   4.48343   0.13597  
  2 8312.9645 312926.465914  x:  0.02245   4.48417   0.14609  
  3 172.9639 312919.218036  x:  0.02238   5.72889   0.15293  
  4 13.6718 312919.212874  x:  0.02235   5.72128   0.15222  
  5  0.0065 312919.212864  x:  0.02235   5.72012   0.15220  
  6  0.0009 312919.212864  x:  0.02235   5.71990   0.15220  

8 (Bom_vet) ... 6 (Bom_pas)
  0  0.0000 313971.444510  x:  0.02635   4.66630   0.19670  
  1 99.0000 313969.762858  x:  0.02526   4.66631   0.19645  
  2 2943.6268 313949.198993  x:  0.02538   4.66812   0.14230  
  3 692.8005 313938.162968  x:  0.02531   6.21573   0.15407  
  4 17.0030 313937.951600  x:  0.02534   6.23184   0.14911  
  5  0.0222 313937.950754  x:  0.02534   6.24725   0.14912  
  6  0.0096 313937.950738  x:  0.02534   6.24797   0.14915  

8 (Bom_vet) ... 7 (Bom_syl)
  0  0.0000 329091.964231  x:  0.06605   4.90791   0.16269  
  1 99.0000 329073.398518  x:  0.07210   4.90793   0.16325  
  2 6304.9163 329070.393006  x:  0.07192   4.90855   0.17687  
  3 502.0127 329060.724630  x:  0.07188   5.78136   0.18178  
  4 25.3958 329060.685619  x:  0.07190   5.75204   0.18035  
  5  0.0251 329060.685523  x:  0.07190   5.74926   0.18035  
  6  0.0022 329060.685523  x:  0.07190   5.74932   0.18036  
  7  0.0001 329060.685522  x:  0.07190   5.74926   0.18036  
  8  0.0000 329060.685522  x:  0.07190   5.74926   0.18036  
check convergence!
