Supplemental results for CODEML (seqf: /home/yzliu/eDNA/faststorage/yzliu/DK_proj/data/ref_genome/ref_annotation/primary_transcripts/extracted_cds_new/new_transcript_id_8_bom_apis/bootstraps/cat.out.OG_cds_8_species_same_header_fas.shuf_211OG_534.phy  treef: xxx.trees)


pairwise comparison (Goldman & Yang 1994)
seq seq        N       S       dN       dS     dN/dS   Paras.
  2   1 160966.0  52574.0   0.0545   0.5798   0.0941   0.5516   4.0722   0.0941 -373357.182
  3   1 160820.6  52719.4   0.0545   0.5961   0.0914   0.5646   4.0383   0.0914 -374133.280
  3   2 157037.2  56502.8   0.0143   0.1102   0.1300   0.1190   5.0786   0.1300 -319469.657
  4   1 161074.1  52465.9   0.0526   0.5890   0.0893   0.5531   4.0847   0.0893 -372460.268
  4   2 156975.7  56564.3   0.0129   0.1005   0.1282   0.1083   5.4103   0.1282 -316729.232
  4   3 157007.6  56532.4   0.0080   0.0649   0.1236   0.0693   5.2045   0.1236 -307472.325
  5   1 161078.2  52461.8   0.0537   0.5923   0.0907   0.5581   4.0624   0.0907 -373197.682
  5   2 157001.5  56538.5   0.0143   0.1068   0.1339   0.1163   5.3635   0.1339 -318680.606
  5   3 157366.6  56173.4   0.0089   0.0658   0.1354   0.0716   4.8779   0.1354 -308349.193
  5   4 156923.2  56616.8   0.0079   0.0628   0.1260   0.0674   5.5519   0.1260 -306746.664
  6   1 161046.6  52493.4   0.0542   0.5926   0.0914   0.5596   4.0836   0.0914 -373424.782
  6   2 156937.4  56602.6   0.0147   0.1072   0.1369   0.1176   5.4252   0.1369 -319010.863
  6   3 157038.4  56501.6   0.0094   0.0659   0.1432   0.0731   5.1570   0.1432 -308773.639
  6   4 156492.6  57047.4   0.0087   0.0627   0.1381   0.0693   6.0077   0.1381 -307316.261
  6   5 156164.9  57375.1   0.0029   0.0200   0.1432   0.0224   6.3637   0.1432 -293385.210
  7   1 161045.3  52494.7   0.0546   0.5885   0.0928   0.5576   4.1209   0.0928 -373387.778
  7   2 157006.8  56533.2   0.0147   0.1079   0.1367   0.1182   5.4036   0.1367 -319146.983
  7   3 156965.8  56574.2   0.0091   0.0671   0.1353   0.0734   5.2637   0.1353 -308676.054
  7   4 156473.5  57066.5   0.0082   0.0627   0.1301   0.0682   6.0838   0.1301 -306854.456
  7   5 157062.9  56477.1   0.0085   0.0602   0.1415   0.0666   5.4385   0.1415 -306772.194
  7   6 156782.4  56757.6   0.0091   0.0598   0.1529   0.0678   5.7208   0.1529 -307195.221
  8   1 160991.7  52548.3   0.0539   0.5925   0.0910   0.5594   4.0802   0.0910 -373348.291
  8   2 156854.5  56685.5   0.0143   0.1064   0.1343   0.1162   5.4494   0.1343 -318672.455
  8   3 157143.7  56396.3   0.0091   0.0654   0.1385   0.0718   5.0171   0.1385 -308431.969
  8   4 156616.7  56923.3   0.0081   0.0630   0.1287   0.0682   5.8076   0.1287 -306970.984
  8   5 156733.0  56807.0   0.0023   0.0191   0.1215   0.0204   5.6616   0.1215 -292670.114
  8   6 155735.3  57804.7   0.0029   0.0196   0.1457   0.0222   6.8422   0.1457 -293362.306
  8   7 156844.7  56695.3   0.0086   0.0599   0.1431   0.0666   5.5968   0.1431 -306808.372

