

2 (Bom_con) ... 1 (Apis_mel)
  0  0.0000 398252.718974  x:  0.42099   1.40040   0.44138  
  1 99.0000 390087.706424  x:  0.50164   1.48686   0.08947  
  2 22729.8390 389887.260317  x:  0.56206   1.54288   0.09767  
  3 5311.4295 389120.436012  x:  0.47533   2.10225   0.14034  
  4 4157.3563 387948.956876  x:  0.56492   2.72125   0.08506  
  5  1.6749 387642.009365  x:  0.56104   3.38280   0.11361  
  6  0.4111 387497.573362  x:  0.56615   3.97039   0.09794  
  7  0.3136 387492.752547  x:  0.57016   4.08341   0.10086  
  8  0.0776 387492.455519  x:  0.57139   4.11645   0.10015  
  9  0.0282 387492.455429  x:  0.57144   4.11659   0.10015  
 10  0.0001 387492.455425  x:  0.57144   4.11649   0.10015  

3 (Bom_hor) ... 1 (Apis_mel)
  0  0.0000 389434.868716  x:  0.43558   3.60573   0.10660  
  1 99.0000 388898.740389  x:  0.51809   3.60607   0.12901  
  2 13398.9866 388641.313773  x:  0.56300   3.60693   0.09608  
  3 13650.4325 388601.626614  x:  0.56720   4.10463   0.09749  
  4 171.7530 388586.475054  x:  0.58778   4.11520   0.09854  
  5  0.0163 388586.128221  x:  0.58951   4.11963   0.09743  
  6  0.0062 388586.127050  x:  0.58963   4.12218   0.09743  
  7  0.0021 388586.127046  x:  0.58962   4.12226   0.09743  

3 (Bom_hor) ... 2 (Bom_con)
  0  0.0000 329927.435215  x:  0.11051   3.43117   0.17363  
  1 99.0000 329882.887657  x:  0.12329   3.43158   0.16677  
  2 6391.6658 329816.633095  x:  0.12253   3.43402   0.12669  
  3 3693.8160 329724.442060  x:  0.12224   4.93107   0.14021  
  4 151.5708 329722.985560  x:  0.12180   4.94765   0.13483  
  5  0.0207 329722.967587  x:  0.12160   4.96540   0.13494  
  6  0.0125 329722.966218  x:  0.12165   4.97060   0.13498  
  7  0.0036 329722.966216  x:  0.12165   4.97066   0.13497  
  8  0.0001 329722.966216  x:  0.12165   4.97067   0.13497  

4 (Bom_hyp) ... 1 (Apis_mel)
  0  0.0000 389228.480100  x:  0.52809   4.31020   0.23962  
  1 99.0000 387119.750210  x:  0.51161   4.31064   0.10631  
  2 21825.6268 387021.552935  x:  0.55621   4.30964   0.09172  
  3 4345.0483 387018.351949  x:  0.55408   4.15140   0.09134  
  4 33.7791 386983.835616  x:  0.57063   4.11025   0.09827  
  5  0.1529 386983.400647  x:  0.57423   4.12825   0.09739  
  6  0.0157 386983.398040  x:  0.57420   4.12442   0.09734  
  7  0.0040 386983.398031  x:  0.57419   4.12449   0.09734  
  8  0.0001 386983.398031  x:  0.57419   4.12449   0.09734  

4 (Bom_hyp) ... 2 (Bom_con)
  0  0.0000 327293.803496  x:  0.11364   3.72021   0.14069  
  1 99.0000 327289.616692  x:  0.11039   3.72070   0.13601  
  2 1444.1704 327284.642691  x:  0.11237   3.72189   0.12672  
  3 1881.4018 327213.114734  x:  0.11258   5.24089   0.13677  
  4 118.0067 327212.781459  x:  0.11266   5.23337   0.13395  
  5  0.0077 327212.781322  x:  0.11267   5.23213   0.13393  
  6  0.0011 327212.781311  x:  0.11267   5.23150   0.13393  
  7  0.0004 327212.781311  x:  0.11267   5.23150   0.13393  

4 (Bom_hyp) ... 3 (Bom_hor)
  0  0.0000 316623.493737  x:  0.05486   4.44313   0.17170  
  1 99.0000 316505.428012  x:  0.06936   4.44317   0.17014  
  2 17645.7790 316450.539360  x:  0.06960   4.44428   0.12208  
  3 2002.0961 316436.966336  x:  0.06955   5.37165   0.12806  
  4 32.7621 316436.800383  x:  0.06959   5.38265   0.12575  
  5  0.0159 316436.800070  x:  0.06961   5.38478   0.12575  
  6  0.0016 316436.800069  x:  0.06961   5.38494   0.12576  
  7  0.0001 316436.800069  x:  0.06961   5.38491   0.12576  
  8  0.0000 316436.800069  x:  0.06961   5.38491   0.12576  
  9  0.0000 316436.800069  x:  0.06961   5.38491   0.12576  
 10  0.0269 316436.800069  x:  0.06961   5.38491   0.12576  
 11  0.0011 316436.800069  x:  0.06961   5.38491   0.12576  
check convergence!


5 (Bom_mus) ... 1 (Apis_mel)
  0  0.0000 388519.949884  x:  0.54161   4.30165   0.19351  
  1 99.0000 387297.485441  x:  0.53201   4.30182   0.10398  
  2 20500.9989 387238.590247  x:  0.57202   4.30069   0.09377  
  3 2979.6556 387234.888935  x:  0.56975   4.13547   0.09341  
  4 41.9051 387225.241051  x:  0.57631   4.11719   0.09773  
  5  0.0497 387225.212744  x:  0.57723   4.12042   0.09749  
  6  0.0030 387225.212690  x:  0.57722   4.11984   0.09749  
  7  0.0006 387225.212690  x:  0.57722   4.11985   0.09749  

5 (Bom_mus) ... 2 (Bom_con)
  0  0.0000 328477.176027  x:  0.10685   3.71589   0.18609  
  1 99.0000 328436.499339  x:  0.11884   3.71626   0.17914  
  2 6101.9111 328355.066471  x:  0.11810   3.71884   0.13157  
  3 3927.1127 328261.684810  x:  0.11783   5.41839   0.14615  
  4 136.5130 328259.924957  x:  0.11730   5.44065   0.14000  
  5  0.0284 328259.898602  x:  0.11705   5.46162   0.14015  
  6  0.0157 328259.896272  x:  0.11710   5.47031   0.14020  
  7  0.0056 328259.896269  x:  0.11710   5.47038   0.14019  

5 (Bom_mus) ... 3 (Bom_hor)
  0  0.0000 316836.321618  x:  0.05554   4.49106   0.23181  
  1 99.0000 316739.112652  x:  0.06867   4.49110   0.22984  
  2 15821.8128 316598.049902  x:  0.06904   4.49268   0.13657  
  3 2467.8498 316592.977043  x:  0.06901   5.04786   0.14137  
  4 20.0511 316592.849022  x:  0.06906   5.05296   0.13917  
  5  0.0105 316592.847396  x:  0.06911   5.04765   0.13911  
  6  0.0043 316592.847394  x:  0.06911   5.04769   0.13912  
  7  0.0000 316592.847393  x:  0.06911   5.04770   0.13912  
  8  0.0000 316592.847393  x:  0.06911   5.04770   0.13912  
  9  0.0013 316592.847393  x:  0.06911   5.04770   0.13912  
check convergence!


5 (Bom_mus) ... 4 (Bom_hyp)
  0  0.0000 315605.122612  x:  0.06887   4.24769   0.17704  
  1 99.0000 315599.049771  x:  0.06543   4.24779   0.17462  
  2 2855.0085 315561.946131  x:  0.06654   4.24956   0.13293  
  3 2274.6461 315524.859952  x:  0.06651   5.84566   0.14417  
  4 56.0783 315524.352886  x:  0.06681   5.86046   0.13981  
  5  0.0188 315524.348480  x:  0.06688   5.87342   0.13989  
  6  0.0103 315524.348086  x:  0.06687   5.87844   0.13990  
  7  0.0037 315524.348086  x:  0.06687   5.87846   0.13990  
  8  0.0000 315524.348086  x:  0.06687   5.87846   0.13990  
check convergence!


6 (Bom_pas) ... 1 (Apis_mel)
  0  0.0000 388499.693191  x:  0.49134   4.85803   0.18008  
  1 99.0000 387666.436935  x:  0.50587   4.85737   0.10609  
  2 17287.6948 387456.601583  x:  0.58972   4.85405   0.09572  
  3 5970.8182 387394.367708  x:  0.58179   4.12128   0.09394  
  4 155.8199 387391.094224  x:  0.58074   4.10578   0.09729  
  5  0.0398 387390.975353  x:  0.57894   4.11393   0.09736  
  6  0.0074 387390.974050  x:  0.57882   4.11105   0.09737  
  7  0.0036 387390.974042  x:  0.57882   4.11108   0.09738  
  8  0.0000 387390.974042  x:  0.57882   4.11108   0.09738  

6 (Bom_pas) ... 2 (Bom_con)
  0  0.0000 328961.124897  x:  0.09824   3.50443   0.14062  
  1 99.0000 328833.840800  x:  0.11868   3.50469   0.13966  
  2 13322.1769 328829.016977  x:  0.11888   3.50667   0.12962  
  3 900.1173 328707.822192  x:  0.11876   5.37386   0.14350  
  4 172.3646 328706.950381  x:  0.11902   5.38214   0.13898  
  5  0.0086 328706.942696  x:  0.11906   5.40078   0.13901  
  6  0.0091 328706.942603  x:  0.11904   5.40120   0.13904  
  7  0.0004 328706.942601  x:  0.11904   5.40123   0.13904  
  8  0.0000 328706.942601  x:  0.11904   5.40122   0.13904  
  9  0.0000 328706.942601  x:  0.11904   5.40122   0.13904  
check convergence!


6 (Bom_pas) ... 3 (Bom_hor)
  0  0.0000 317267.462780  x:  0.05890   4.37106   0.16072  
  1 99.0000 317189.229432  x:  0.07104   4.37109   0.15996  
  2 13777.7867 317178.297103  x:  0.07119   4.37191   0.13846  
  3 952.8056 317167.441365  x:  0.07113   5.16082   0.14338  
  4 30.3999 317167.401824  x:  0.07116   5.16204   0.14214  
  5  0.0020 317167.401775  x:  0.07117   5.16320   0.14213  
  6  0.0009 317167.401775  x:  0.07117   5.16326   0.14213  

6 (Bom_pas) ... 4 (Bom_hyp)
  0  0.0000 316046.927777  x:  0.06381   4.13763   0.18499  
  1 99.0000 316035.948854  x:  0.06851   4.13772   0.18304  
  2 4480.7350 315989.156786  x:  0.06849   4.13993   0.13526  
  3 2003.7847 315941.967813  x:  0.06830   5.90160   0.14881  
  4 65.9681 315941.152179  x:  0.06820   5.92344   0.14306  
  5  0.0282 315941.143501  x:  0.06812   5.94870   0.14315  
  6  0.0155 315941.143026  x:  0.06815   5.95232   0.14318  
  7  0.0029 315941.143026  x:  0.06815   5.95242   0.14318  

6 (Bom_pas) ... 5 (Bom_mus)
  0  0.0000 301531.781436  x:  0.02029   4.86025   0.14963  
  1 99.0000 301526.778312  x:  0.02204   4.86025   0.14958  
  2 5961.2151 301525.413174  x:  0.02206   4.86102   0.13667  
  3 200.7860 301519.709832  x:  0.02200   6.07063   0.14278  
  4 10.8241 301519.692329  x:  0.02199   6.07194   0.14134  
  5  0.0020 301519.692315  x:  0.02199   6.07305   0.14132  
  6  0.0011 301519.692312  x:  0.02199   6.07312   0.14132  
  7  0.0054 301519.692311  x:  0.02199   6.07312   0.14132  

7 (Bom_syl) ... 1 (Apis_mel)
  0  0.0000 389668.602529  x:  0.55448   4.87456   0.22324  
  1 99.0000 387909.891944  x:  0.53589   4.87416   0.10698  
  2 21503.2938 387843.958942  x:  0.57485   4.87167   0.09454  
  3 3297.0047 387779.489743  x:  0.56469   4.11927   0.09331  
  4 156.1907 387756.683221  x:  0.57897   4.09514   0.09935  
  5  0.0721 387756.520210  x:  0.57990   4.11730   0.09877  
  6  0.0230 387756.514237  x:  0.57995   4.11236   0.09867  
  7  0.0058 387756.514232  x:  0.57996   4.11232   0.09867  
  8  0.0000 387756.514232  x:  0.57996   4.11233   0.09867  
  9  0.0000 387756.514232  x:  0.57996   4.11232   0.09867  

7 (Bom_syl) ... 2 (Bom_con)
  0  0.0000 330083.542323  x:  0.11732   3.51473   0.09036  
  1 99.0000 329973.803489  x:  0.13129   3.51519   0.11567  
  2 8179.6866 329942.382069  x:  0.12176   3.51588   0.12964  
  3 4629.7576 329829.099991  x:  0.12115   5.44325   0.13831  
  4 163.0140 329826.374739  x:  0.12371   5.34382   0.14204  
  5  0.0665 329826.161146  x:  0.12306   5.30961   0.14345  
  6  0.0268 329826.158419  x:  0.12309   5.29933   0.14334  
  7  0.0059 329826.158358  x:  0.12308   5.29939   0.14331  
  8  0.0001 329826.158358  x:  0.12308   5.29939   0.14331  

7 (Bom_syl) ... 3 (Bom_hor)
  0  0.0000 317816.306204  x:  0.07242   4.20984   0.17814  
  1 99.0000 317803.613023  x:  0.07774   4.21019   0.16742  
  2 2198.0509 317760.946430  x:  0.07562   4.21152   0.12767  
  3 7942.6361 317734.275903  x:  0.07525   5.50413   0.13684  
  4 50.3527 317733.422340  x:  0.07406   5.47045   0.13423  
  5  0.0364 317733.412213  x:  0.07401   5.45336   0.13460  
  6  0.0161 317733.411181  x:  0.07402   5.44626   0.13448  
  7  0.0061 317733.411181  x:  0.07402   5.44631   0.13448  
  8  0.0000 317733.411181  x:  0.07402   5.44631   0.13448  

7 (Bom_syl) ... 4 (Bom_hyp)
  0  0.0000 316510.693558  x:  0.06908   4.31991   0.13661  
  1 99.0000 316509.064137  x:  0.07094   4.31999   0.13614  
  2 1720.1555 316507.362038  x:  0.07093   4.32120   0.12857  
  3 454.3397 316456.336386  x:  0.07076   6.27037   0.13916  
  4 67.0185 316456.088438  x:  0.07083   6.27504   0.13612  
  5  0.0052 316456.087152  x:  0.07082   6.28716   0.13614  
  6  0.0063 316456.087146  x:  0.07083   6.28726   0.13615  

7 (Bom_syl) ... 5 (Bom_mus)
  0  0.0000 315325.757807  x:  0.06840   5.13959   0.13711  
  1 99.0000 315322.544776  x:  0.06585   5.13961   0.13747  
  2 2458.3755 315321.258461  x:  0.06582   5.14004   0.14518  
  3 366.3251 315312.346626  x:  0.06578   6.04908   0.14889  
  4 21.7498 315312.339391  x:  0.06578   6.04684   0.14831  
  5  0.0021 315312.339391  x:  0.06578   6.04684   0.14831  
check convergence!


7 (Bom_syl) ... 6 (Bom_pas)
  0  0.0000 315852.707883  x:  0.06642   4.92444   0.21405  
  1 99.0000 315789.340174  x:  0.07088   4.92589   0.15262  
  2 1811.3897 315782.177744  x:  0.06768   4.92610   0.14499  
  3 7927.2963 315766.561324  x:  0.06733   6.08284   0.15295  
  4 30.6002 315766.525119  x:  0.06710   6.08015   0.15232  
  5  0.0029 315766.525067  x:  0.06710   6.07990   0.15228  
  6  0.0004 315766.525065  x:  0.06710   6.07937   0.15228  
  7  0.0003 315766.525063  x:  0.06710   6.07954   0.15228  
  8  0.0002 315766.525063  x:  0.06710   6.07953   0.15228  
  9  0.0001 315766.525063  x:  0.06710   6.07952   0.15228  
 10  0.0000 315766.525063  x:  0.06710   6.07952   0.15228  

8 (Bom_vet) ... 1 (Apis_mel)
  0  0.0000 389833.328281  x:  0.47695   4.89829   0.25000  
  1 99.0000 387701.677609  x:  0.49656   4.89751   0.10789  
  2 20243.8384 387450.626093  x:  0.58523   4.89426   0.09302  
  3 6638.1680 387389.136543  x:  0.57672   4.15725   0.09039  
  4 152.7504 387369.927208  x:  0.57884   4.08717   0.09736  
  5  0.3118 387369.768800  x:  0.57830   4.11738   0.09764  
  6  0.0366 387369.760291  x:  0.57776   4.11387   0.09772  
  7  0.0032 387369.760285  x:  0.57776   4.11383   0.09772  
  8  0.0000 387369.760285  x:  0.57776   4.11383   0.09772  

8 (Bom_vet) ... 2 (Bom_con)
  0  0.0000 328581.506919  x:  0.09989   3.47464   0.18839  
  1 99.0000 328491.433744  x:  0.11722   3.47500   0.18291  
  2 10535.5759 328393.565835  x:  0.11731   3.47838   0.13031  
  3 3518.8285 328263.502200  x:  0.11705   5.39589   0.14885  
  4 174.4653 328260.268650  x:  0.11697   5.43013   0.14020  
  5  0.0441 328260.204501  x:  0.11684   5.48254   0.14006  
  6  0.0268 328260.200929  x:  0.11689   5.48699   0.14033  
  7  0.0041 328260.200874  x:  0.11690   5.48729   0.14031  
  8  0.0003 328260.200874  x:  0.11690   5.48734   0.14031  
  9  0.0000 328260.200874  x:  0.11690   5.48729   0.14031  
 10  0.0000 328260.200874  x:  0.11690   5.48729   0.14031  
 11  0.0000 328260.200874  x:  0.11690   5.48729   0.14031  
 12  0.0050 328260.200874  x:  0.11690   5.48729   0.14031  
 13  0.0080 328260.200874  x:  0.11690   5.48729   0.14031  
 14  0.0053 328260.200874  x:  0.11690   5.48729   0.14031  
check convergence!


8 (Bom_vet) ... 3 (Bom_hor)
  0  0.0000 316685.901547  x:  0.06283   4.37310   0.18708  
  1 99.0000 316666.069400  x:  0.06903   4.37314   0.18542  
  2 6383.4772 316620.451952  x:  0.06915   4.37428   0.13756  
  3 1794.1074 316611.213142  x:  0.06909   5.10527   0.14285  
  4 27.6803 316611.129412  x:  0.06906   5.11025   0.14106  
  5  0.0073 316611.129049  x:  0.06903   5.11237   0.14107  
  6  0.0019 316611.129047  x:  0.06903   5.11276   0.14107  
  7  0.0002 316611.129047  x:  0.06903   5.11264   0.14107  
  8  0.0001 316611.129047  x:  0.06903   5.11264   0.14107  

8 (Bom_vet) ... 4 (Bom_hyp)
  0  0.0000 315893.325528  x:  0.06475   4.36914   0.25152  
  1 99.0000 315875.944960  x:  0.07078   4.36943   0.24166  
  2 3103.4845 315688.511846  x:  0.07007   4.37266   0.13220  
  3 9491.5293 315654.234730  x:  0.06965   5.91587   0.14691  
  4 52.7654 315650.229818  x:  0.06798   5.97833   0.13726  
  5  0.0893 315649.820376  x:  0.06723   5.98055   0.13975  
  6  0.0046 315649.819606  x:  0.06721   5.98719   0.13967  
  7  0.0051 315649.819540  x:  0.06722   5.98899   0.13971  
  8  0.0014 315649.819540  x:  0.06722   5.98905   0.13971  
  9  0.0000 315649.819540  x:  0.06722   5.98905   0.13971  
 10  0.0000 315649.819540  x:  0.06722   5.98905   0.13971  
check convergence!


8 (Bom_vet) ... 5 (Bom_mus)
  0  0.0000 300758.236624  x:  0.02054   4.67789   0.14561  
  1 99.0000 300757.718281  x:  0.02000   4.67789   0.14552  
  2 1846.6701 300754.207936  x:  0.02005   4.67881   0.12461  
  3 322.2500 300746.892171  x:  0.01998   6.09220   0.13201  
  4 12.1732 300746.851935  x:  0.01999   6.09521   0.12985  
  5  0.0041 300746.851856  x:  0.01999   6.09996   0.12982  
  6  0.0033 300746.851853  x:  0.01999   6.10047   0.12983  
  7  0.0005 300746.851853  x:  0.01999   6.10047   0.12983  
  8  0.0000 300746.851853  x:  0.01999   6.10047   0.12983  

8 (Bom_vet) ... 6 (Bom_pas)
  0  0.0000 301422.667115  x:  0.01766   4.79268   0.21600  
  1 99.0000 301395.660242  x:  0.02147   4.79269   0.21581  
  2 15182.7633 301354.842895  x:  0.02155   4.79480   0.13172  
  3 782.9960 301345.875704  x:  0.02150   6.33516   0.14317  
  4 13.7275 301345.566905  x:  0.02152   6.37484   0.13714  
  5  0.0659 301345.564220  x:  0.02153   6.40611   0.13726  
  6  0.0195 301345.564212  x:  0.02153   6.40575   0.13727  
  7  0.0009 301345.564211  x:  0.02153   6.40584   0.13727  
  8  0.0005 301345.564206  x:  0.02153   6.40593   0.13728  
  9  0.0038 301345.564200  x:  0.02153   6.40593   0.13728  

8 (Bom_vet) ... 7 (Bom_syl)
  0  0.0000 315464.560513  x:  0.05111   5.12348   0.15361  
  1 99.0000 315337.113422  x:  0.06567   5.12350   0.15347  
  2 19183.6898 315335.906734  x:  0.06572   5.12417   0.14614  
  3 314.1505 315322.125539  x:  0.06566   6.28395   0.15159  
  4 27.1606 315322.098625  x:  0.06567   6.28162   0.15046  
  5  0.0026 315322.098620  x:  0.06567   6.28206   0.15046  
  6  0.0004 315322.098619  x:  0.06567   6.28195   0.15046  
  7  0.0001 315322.098619  x:  0.06567   6.28195   0.15046  