Supplemental results for CODEML (seqf: /home/yzliu/eDNA/faststorage/yzliu/DK_proj/data/ref_genome/ref_annotation/primary_transcripts/extracted_cds_new/new_transcript_id_7_and_pas/bootstraps/cat.out.OG_cds_7_species_same_header_fas.shuf_537OG_738.phy  treef: xxx.trees)


pairwise comparison (Goldman & Yang 1994)
seq seq        N       S       dN       dS     dN/dS   Paras.
  2   1 499214.5 197652.5   0.0103   0.1692   0.0606   0.1660   3.7454   0.0606 -1078482.802
  3   1 499211.4 197655.6   0.0100   0.1572   0.0633   0.1551   3.6063   0.0633 -1073651.145
  3   2 497052.2 199814.8   0.0097   0.1521   0.0637   0.1516   4.1151   0.0637 -1069983.083
  4   1 499344.2 197522.8   0.0079   0.1192   0.0664   0.1184   3.5873   0.0664 -1051871.650
  4   2 496953.3 199913.7   0.0100   0.1588   0.0629   0.1580   4.1300   0.0629 -1073442.088
  4   3 496061.7 200805.3   0.0097   0.1485   0.0656   0.1492   4.0907   0.0656 -1069510.746
  5   1 501954.1 194912.9   0.0056   0.0911   0.0616   0.0886   3.2222   0.0616 -1031219.881
  5   2 498518.5 198348.5   0.0104   0.1655   0.0626   0.1636   3.8087   0.0626 -1077447.870
  5   3 498972.3 197894.7   0.0099   0.1522   0.0652   0.1509   3.6116   0.0652 -1071651.213
  5   4 499057.1 197809.9   0.0079   0.1124   0.0698   0.1126   3.5988   0.0698 -1048504.222
  6   1 503772.8 193094.2   0.0071   0.1194   0.0593   0.1146   3.0337   0.0593 -1049336.471
  6   2 499812.1 197054.9   0.0096   0.1606   0.0600   0.1569   3.6497   0.0600 -1073403.617
  6   3 499857.8 197009.2   0.0094   0.1493   0.0627   0.1468   3.5107   0.0627 -1068928.984
  6   4 500170.6 196696.4   0.0074   0.1130   0.0658   0.1117   3.4699   0.0658 -1047511.587
  6   5 504103.8 192763.2   0.0072   0.1129   0.0637   0.1093   2.9802   0.0637 -1046626.108
  7   1 498990.7 197876.3   0.0656   1.1707   0.0560   1.1381   4.1145   0.0560 -1304418.642
  7   2 495106.2 201760.8   0.0665   1.2369   0.0537   1.2160   4.4416   0.0537 -1308115.156
  7   3 497703.5 199163.5   0.0658   1.1667   0.0564   1.1413   4.2476   0.0564 -1304307.031
  7   4 497531.7 199335.3   0.0655   1.1771   0.0557   1.1505   4.2683   0.0557 -1304240.438
  7   5 499305.9 197561.1   0.0657   1.1574   0.0567   1.1255   4.1030   0.0567 -1303856.755
  7   6 498923.9 197943.1   0.0653   1.1631   0.0561   1.1314   4.1267   0.0561 -1303557.142

