Supplemental results for CODEML (seqf: /home/yzliu/eDNA/faststorage/yzliu/DK_proj/data/ref_genome/ref_annotation/primary_transcripts/extracted_cds_new/new_transcript_id_8_bom_apis/bootstraps/cat.out.OG_cds_8_species_same_header_fas.shuf_211OG_34.phy  treef: xxx.trees)


pairwise comparison (Goldman & Yang 1994)
seq seq        N       S       dN       dS     dN/dS   Paras.
  2   1 349908.7 117263.3   0.0566   0.5662   0.0999   0.5535   3.9789   0.0999 -822395.213
  3   1 349444.8 117727.2   0.0577   0.5829   0.0989   0.5700   4.0022   0.0989 -825227.728
  3   2 342490.0 124682.0   0.0143   0.1081   0.1323   0.1180   4.7732   0.1323 -700482.035
  4   1 350053.3 117118.7   0.0563   0.5754   0.0979   0.5594   4.0133   0.0979 -822279.197
  4   2 342433.7 124738.3   0.0129   0.1007   0.1285   0.1091   5.0135   0.1285 -695337.217
  4   3 342077.8 125094.2   0.0083   0.0625   0.1333   0.0685   5.0078   0.1333 -674239.488
  5   1 350067.2 117104.8   0.0571   0.5818   0.0981   0.5658   4.0457   0.0981 -823315.425
  5   2 342157.1 125014.9   0.0139   0.1052   0.1317   0.1149   5.1678   0.1317 -698076.528
  5   3 343506.6 123665.4   0.0093   0.0636   0.1464   0.0710   4.5446   0.1464 -676366.700
  5   4 342606.5 124565.5   0.0087   0.0618   0.1406   0.0685   5.0842   0.1406 -674029.364
  6   1 349984.5 117187.5   0.0571   0.5830   0.0979   0.5670   4.0511   0.0979 -823451.140
  6   2 342045.4 125126.6   0.0141   0.1056   0.1334   0.1158   5.1887   0.1334 -698642.096
  6   3 343180.8 123991.2   0.0095   0.0636   0.1495   0.0716   4.6342   0.1495 -676731.906
  6   4 342145.2 125026.8   0.0090   0.0618   0.1456   0.0694   5.2443   0.1456 -674663.340
  6   5 340249.1 126922.9   0.0025   0.0197   0.1257   0.0215   6.1763   0.1257 -642530.517
  7   1 350125.5 117046.5   0.0580   0.5814   0.0997   0.5673   4.0390   0.0997 -824299.397
  7   2 342291.0 124881.0   0.0151   0.1084   0.1392   0.1200   5.1273   0.1392 -701108.970
  7   3 341868.5 125303.5   0.0093   0.0651   0.1429   0.0728   5.1460   0.1429 -676817.886
  7   4 340858.4 126313.6   0.0089   0.0633   0.1402   0.0707   5.8548   0.1402 -674829.603
  7   5 342271.4 124900.6   0.0092   0.0577   0.1592   0.0665   5.2800   0.1592 -673267.287
  7   6 341932.9 125239.1   0.0095   0.0579   0.1632   0.0673   5.3968   0.1632 -673853.875
  8   1 349900.6 117271.4   0.0572   0.5829   0.0982   0.5675   4.0557   0.0982 -823671.893
  8   2 341947.5 125224.5   0.0138   0.1044   0.1324   0.1143   5.2023   0.1324 -697949.049
  8   3 343210.4 123961.6   0.0094   0.0626   0.1497   0.0705   4.6034   0.1497 -676229.130
  8   4 342273.8 124898.2   0.0089   0.0612   0.1448   0.0685   5.1665   0.1448 -674264.971
  8   5 340596.5 126575.5   0.0023   0.0182   0.1279   0.0198   5.9660   0.1279 -641375.088
  8   6 339912.5 127259.5   0.0025   0.0193   0.1305   0.0213   6.2864   0.1305 -642496.986
  8   7 341952.9 125219.1   0.0092   0.0569   0.1626   0.0660   5.3606   0.1626 -673155.750

