Supplemental results for CODEML (seqf: /home/yzliu/eDNA/faststorage/yzliu/DK_proj/data/ref_genome/ref_annotation/primary_transcripts/extracted_cds_new/new_transcript_id_8_bom_apis/bootstraps/cat.out.OG_cds_8_species_same_header_fas.shuf_211OG_926.phy  treef: xxx.trees)


pairwise comparison (Goldman & Yang 1994)
seq seq        N       S       dN       dS     dN/dS   Paras.
  2   1 183666.4  63287.6   0.0525   0.5871   0.0895   0.5686   4.1607   0.0895 -433550.252
  3   1 183424.3  63529.7   0.0534   0.6055   0.0882   0.5863   4.1895   0.0882 -434883.774
  3   2 179191.9  67762.1   0.0128   0.1093   0.1174   0.1179   5.2511   0.1174 -370000.688
  4   1 183869.1  63084.9   0.0521   0.5940   0.0877   0.5716   4.1583   0.0877 -433361.050
  4   2 179307.9  67646.1   0.0117   0.1003   0.1167   0.1079   5.4320   0.1167 -367226.674
  4   3 179070.3  67883.7   0.0075   0.0626   0.1206   0.0680   5.4796   0.1206 -356510.243
  5   1 183932.3  63021.7   0.0530   0.5974   0.0887   0.5758   4.1350   0.0887 -434001.530
  5   2 179537.9  67416.1   0.0129   0.1069   0.1202   0.1156   5.2725   0.1202 -369325.167
  5   3 179736.1  67217.9   0.0081   0.0641   0.1263   0.0700   5.0022   0.1263 -357283.464
  5   4 179369.4  67584.6   0.0076   0.0619   0.1231   0.0674   5.5466   0.1231 -356124.766
  6   1 183865.3  63088.7   0.0532   0.5987   0.0889   0.5778   4.1439   0.0889 -434190.435
  6   2 179319.1  67634.9   0.0132   0.1079   0.1227   0.1175   5.4037   0.1227 -369812.492
  6   3 179197.3  67756.7   0.0085   0.0644   0.1321   0.0715   5.3615   0.1321 -357705.277
  6   4 178929.1  68024.9   0.0082   0.0617   0.1328   0.0688   5.8797   0.1328 -356653.175
  6   5 178708.3  68245.7   0.0024   0.0200   0.1192   0.0217   6.1029   0.1192 -340382.326
  7   1 183919.8  63034.2   0.0540   0.5940   0.0909   0.5755   4.1563   0.0909 -434388.438
  7   2 179415.6  67538.4   0.0139   0.1072   0.1300   0.1184   5.3824   0.1300 -370277.450
  7   3 179255.2  67698.8   0.0088   0.0655   0.1337   0.0730   5.3696   0.1337 -358155.198
  7   4 178884.6  68069.4   0.0085   0.0616   0.1372   0.0693   5.9836   0.1372 -356824.362
  7   5 179338.6  67615.4   0.0083   0.0591   0.1410   0.0667   5.6086   0.1410 -356166.488
  7   6 178918.8  68035.2   0.0088   0.0592   0.1485   0.0681   5.9285   0.1485 -356630.620
  8   1 183812.8  63141.2   0.0533   0.5984   0.0890   0.5780   4.1503   0.0890 -434251.245
  8   2 179380.0  67574.0   0.0130   0.1056   0.1232   0.1150   5.3276   0.1232 -369286.601
  8   3 179409.9  67544.1   0.0082   0.0626   0.1315   0.0693   5.1749   0.1315 -357145.277
  8   4 179083.6  67870.4   0.0079   0.0607   0.1295   0.0671   5.7119   0.1295 -356156.035
  8   5 179557.0  67397.0   0.0021   0.0189   0.1125   0.0201   5.3473   0.1125 -339770.604
  8   6 178101.9  68852.1   0.0025   0.0191   0.1306   0.0214   6.6196   0.1306 -340323.074
  8   7 179070.8  67883.2   0.0085   0.0575   0.1473   0.0658   5.7607   0.1473 -356000.538

