

2 (Bom_con) ... 1 (Apis_mel)
  0  0.0000 446904.012439  x:  0.52881   1.39106   0.43068  
  1 99.0000 437291.318598  x:  0.41144   1.46693   0.09302  
  2 29519.2428 437052.969507  x:  0.43208   1.47661   0.07209  
  3 18136.4821 433894.782378  x:  0.55981   3.27005   0.11205  
  4 5483.3399 433650.036036  x:  0.52597   3.59637   0.09395  
  5  0.2271 433572.333285  x:  0.56737   3.84496   0.08482  
  6  0.1301 433556.547809  x:  0.57209   3.98797   0.08995  
  7  0.0895 433550.253023  x:  0.56857   4.16163   0.08953  
  8  0.1085 433550.252413  x:  0.56860   4.16063   0.08949  
  9  0.0009 433550.252412  x:  0.56860   4.16065   0.08949  
 10  0.0000 433550.252412  x:  0.56860   4.16066   0.08949  
 11  0.0000 433550.252412  x:  0.56860   4.16066   0.08949  

3 (Bom_hor) ... 1 (Apis_mel)
  0  0.0000 435761.951162  x:  0.44540   3.76761   0.08364  
  1 99.0000 435402.481073  x:  0.47480   3.76759   0.11321  
  2 19372.3144 434913.460767  x:  0.57751   3.76833   0.08651  
  3 13078.9913 434885.066417  x:  0.58115   4.18742   0.08756  
  4 143.9168 434883.869486  x:  0.58480   4.18795   0.08861  
  5  0.0035 434883.774493  x:  0.58625   4.18896   0.08818  
  6  0.0017 434883.774457  x:  0.58626   4.18946   0.08818  

3 (Bom_hor) ... 2 (Bom_con)
  0  0.0000 370368.579904  x:  0.10809   3.59706   0.18733  
  1 99.0000 370291.442477  x:  0.12407   3.59768   0.17159  
  2 7217.3510 370105.091141  x:  0.12210   3.60021   0.10873  
  3 9104.9588 370007.075129  x:  0.12132   5.19941   0.12370  
  4 151.5359 370000.950427  x:  0.11868   5.23239   0.11609  
  5  0.0414 370000.690821  x:  0.11788   5.24137   0.11737  
  6  0.0104 370000.688550  x:  0.11787   5.25001   0.11731  
  7  0.0052 370000.688404  x:  0.11788   5.25113   0.11735  
  8  0.0010 370000.688404  x:  0.11788   5.25113   0.11735  
  9  0.0000 370000.688404  x:  0.11788   5.25113   0.11735  
check convergence!


4 (Bom_hyp) ... 1 (Apis_mel)
  0  0.0000 434690.447870  x:  0.50485   4.32463   0.17296  
  1 99.0000 433516.579939  x:  0.50814   4.32473   0.09449  
  2 22888.0206 433373.638852  x:  0.56947   4.32353   0.08391  
  3 5053.8572 433370.781690  x:  0.56777   4.18046   0.08347  
  4 37.6890 433361.067409  x:  0.57091   4.15307   0.08781  
  5  0.0765 433361.049967  x:  0.57161   4.15935   0.08773  
  6  0.0057 433361.049718  x:  0.57164   4.15828   0.08772  
  7  0.0011 433361.049718  x:  0.57163   4.15829   0.08772  

4 (Bom_hyp) ... 2 (Bom_con)
  0  0.0000 367317.714347  x:  0.10380   3.76712   0.10606  
  1 99.0000 367311.412099  x:  0.10812   3.76730   0.10689  
  2 2933.2386 367310.786505  x:  0.10791   3.76839   0.11004  
  3 387.1884 367226.800184  x:  0.10785   5.42855   0.11816  
  4 141.1581 367226.674690  x:  0.10792   5.42812   0.11667  
  5  0.0013 367226.674357  x:  0.10791   5.43122   0.11663  
  6  0.0020 367226.674330  x:  0.10791   5.43199   0.11665  
  7  0.0006 367226.674329  x:  0.10791   5.43197   0.11665  
  8  0.0000 367226.674329  x:  0.10791   5.43199   0.11665  
  9  0.0000 367226.674329  x:  0.10791   5.43199   0.11665  
check convergence!


4 (Bom_hyp) ... 3 (Bom_hor)
  0  0.0000 356799.447059  x:  0.05540   4.41290   0.20839  
  1 99.0000 356702.648833  x:  0.06776   4.41295   0.20612  
  2 16576.5007 356528.646939  x:  0.06809   4.41485   0.11665  
  3 3158.8539 356511.032004  x:  0.06802   5.43007   0.12520  
  4 39.2203 356510.246147  x:  0.06804   5.46292   0.12047  
  5  0.0604 356510.242534  x:  0.06803   5.47968   0.12055  
  6  0.0115 356510.242531  x:  0.06803   5.47960   0.12056  

5 (Bom_mus) ... 1 (Apis_mel)
  0  0.0000 435823.195918  x:  0.51273   4.59678   0.19543  
  1 99.0000 434194.299646  x:  0.51256   4.59667   0.09669  
  2 24197.3202 434047.886187  x:  0.57260   4.59465   0.08402  
  3 5169.4672 434024.058906  x:  0.56722   4.16630   0.08276  
  4 104.2838 434001.624231  x:  0.57432   4.11784   0.08890  
  5  0.1497 434001.532759  x:  0.57561   4.13772   0.08879  
  6  0.0211 434001.529630  x:  0.57581   4.13502   0.08873  
  7  0.0026 434001.529624  x:  0.57581   4.13504   0.08873  

5 (Bom_mus) ... 2 (Bom_con)
  0  0.0000 369533.461777  x:  0.10003   3.72970   0.14594  
  1 99.0000 369449.444810  x:  0.11582   3.72993   0.14183  
  2 10864.8123 369406.676953  x:  0.11577   3.73148   0.11366  
  3 2903.2226 369326.263821  x:  0.11563   5.26420   0.12465  
  4 130.0566 369325.168616  x:  0.11562   5.26581   0.12024  
  5  0.0053 369325.167455  x:  0.11561   5.27120   0.12018  
  6  0.0037 369325.167365  x:  0.11561   5.27245   0.12021  
  7  0.0010 369325.167364  x:  0.11561   5.27247   0.12021  
  8  0.0000 369325.167364  x:  0.11561   5.27247   0.12021  

5 (Bom_mus) ... 3 (Bom_hor)
  0  0.0000 357552.772585  x:  0.06136   4.43493   0.23381  
  1 99.0000 357508.811262  x:  0.07003   4.43498   0.23100  
  2 10105.7158 357289.572134  x:  0.07036   4.43677   0.12371  
  3 3477.0452 357283.740219  x:  0.07031   4.97828   0.12879  
  4 23.0052 357283.479092  x:  0.07020   4.99787   0.12616  
  5  0.0400 357283.464395  x:  0.07004   5.00205   0.12626  
  6  0.0038 357283.464394  x:  0.07004   5.00218   0.12627  
  7  0.0001 357283.464394  x:  0.07004   5.00220   0.12627  
  8  0.0000 357283.464393  x:  0.07004   5.00221   0.12627  
  9  0.0001 357283.464393  x:  0.07004   5.00221   0.12627  
check convergence!


5 (Bom_mus) ... 4 (Bom_hyp)
  0  0.0000 356256.615564  x:  0.06519   4.11799   0.17933  
  1 99.0000 356244.631221  x:  0.07007   4.11819   0.17298  
  2 3203.3155 356161.034529  x:  0.06903   4.11996   0.11639  
  3 6434.8561 356126.317491  x:  0.06869   5.51101   0.12730  
  4 58.9716 356124.813732  x:  0.06766   5.53419   0.12232  
  5  0.0287 356124.766740  x:  0.06742   5.54066   0.12310  
  6  0.0077 356124.766299  x:  0.06742   5.54638   0.12309  
  7  0.0036 356124.766290  x:  0.06742   5.54663   0.12310  

6 (Bom_pas) ... 1 (Apis_mel)
  0  0.0000 435180.885683  x:  0.55703   4.65927   0.15789  
  1 99.0000 434262.024776  x:  0.55053   4.65912   0.09345  
  2 22561.7912 434227.753755  x:  0.58175   4.65694   0.08716  
  3 2230.2682 434194.265402  x:  0.57500   4.14622   0.08619  
  4 123.9563 434190.438259  x:  0.57780   4.13917   0.08886  
  5  0.0172 434190.434524  x:  0.57778   4.14401   0.08888  
  6  0.0058 434190.434504  x:  0.57775   4.14390   0.08889  

6 (Bom_pas) ... 2 (Bom_con)
  0  0.0000 369945.957739  x:  0.11171   3.63723   0.13212  
  1 99.0000 369932.315272  x:  0.11831   3.63757   0.12861  
  2 3719.2894 369920.429388  x:  0.11764   3.63904   0.11452  
  3 1949.0211 369813.279143  x:  0.11745   5.37646   0.12635  
  4 156.2334 369812.499064  x:  0.11747   5.38603   0.12261  
  5  0.0099 369812.492145  x:  0.11749   5.40352   0.12264  
  6  0.0090 369812.492092  x:  0.11748   5.40369   0.12266  
  7  0.0002 369812.492092  x:  0.11748   5.40370   0.12266  
  8  0.0000 369812.492092  x:  0.11748   5.40370   0.12266  

6 (Bom_pas) ... 3 (Bom_hor)
  0  0.0000 357724.818265  x:  0.07423   4.41858   0.12583  
  1 99.0000 357721.170093  x:  0.07156   4.41862   0.12593  
  2 2681.1279 357721.025513  x:  0.07154   4.41922   0.12803  
  3 134.0136 357705.284538  x:  0.07147   5.36675   0.13261  
  4 40.7038 357705.277143  x:  0.07148   5.36217   0.13211  
  5  0.0042 357705.277135  x:  0.07148   5.36146   0.13211  
  6  0.0005 357705.277135  x:  0.07148   5.36147   0.13211  

6 (Bom_pas) ... 4 (Bom_hyp)
  0  0.0000 356913.357579  x:  0.07120   4.45303   0.23878  
  1 99.0000 356895.695199  x:  0.06568   4.45315   0.23394  
  2 4682.2576 356685.040299  x:  0.06716   4.45594   0.12681  
  3 5254.3284 356655.756983  x:  0.06728   5.79713   0.13939  
  4 50.5617 356653.380769  x:  0.06828   5.85507   0.13153  
  5  0.0924 356653.176913  x:  0.06881   5.86699   0.13279  
  6  0.0141 356653.175057  x:  0.06881   5.87846   0.13271  
  7  0.0081 356653.174971  x:  0.06881   5.87982   0.13276  
  8  0.0012 356653.174971  x:  0.06881   5.87969   0.13276  
  9  0.0000 356653.174971  x:  0.06881   5.87972   0.13276  
 10  0.0001 356653.174971  x:  0.06881   5.87972   0.13276  
 11  0.0000 356653.174971  x:  0.06881   5.87972   0.13276  
check convergence!


6 (Bom_pas) ... 5 (Bom_mus)
  0  0.0000 340450.586717  x:  0.01787   4.77272   0.17535  
  1 99.0000 340420.318065  x:  0.02171   4.77272   0.17516  
  2 16889.2346 340389.673632  x:  0.02177   4.77403   0.11451  
  3 849.5326 340382.488055  x:  0.02172   6.07079   0.12291  
  4 12.8411 340382.326921  x:  0.02173   6.08992   0.11921  
  5  0.0297 340382.326368  x:  0.02173   6.10194   0.11915  
  6  0.0085 340382.326351  x:  0.02173   6.10288   0.11919  
  7  0.0009 340382.326351  x:  0.02173   6.10293   0.11919  
  8  0.0000 340382.326351  x:  0.02173   6.10292   0.11919  

7 (Bom_syl) ... 1 (Apis_mel)
  0  0.0000 434871.371686  x:  0.47526   4.76216   0.10846  
  1 99.0000 434516.785303  x:  0.55122   4.76025   0.08377  
  2 8924.1523 434438.554351  x:  0.57371   4.75949   0.09414  
  3 14226.9610 434390.723613  x:  0.56859   4.15260   0.09305  
  4 145.8931 434388.438211  x:  0.57553   4.15632   0.09088  
  5  0.0063 434388.437930  x:  0.57548   4.15633   0.09086  
  6  0.0001 434388.437929  x:  0.57548   4.15630   0.09086  
  7  0.0000 434388.437929  x:  0.57548   4.15630   0.09086  

7 (Bom_syl) ... 2 (Bom_con)
  0  0.0000 370426.171512  x:  0.11645   3.48570   0.10623  
  1 99.0000 370416.344488  x:  0.12101   3.48624   0.11282  
  2 2506.6456 370410.589041  x:  0.11805   3.48726   0.12048  
  3 2082.0711 370277.640856  x:  0.11775   5.37774   0.13130  
  4 184.8206 370277.452704  x:  0.11842   5.37815   0.13017  
  5  0.0013 370277.449786  x:  0.11837   5.38043   0.12998  
  6  0.0018 370277.449692  x:  0.11837   5.38242   0.13000  
  7  0.0010 370277.449692  x:  0.11837   5.38244   0.13000  

7 (Bom_syl) ... 3 (Bom_hor)
  0  0.0000 358192.222010  x:  0.06808   4.31485   0.11997  
  1 99.0000 358178.240277  x:  0.07323   4.31489   0.12064  
  2 5557.9679 358175.845360  x:  0.07305   4.31547   0.12895  
  3 600.5054 358155.204946  x:  0.07296   5.37737   0.13423  
  4 44.8664 358155.197921  x:  0.07295   5.37066   0.13375  
  5  0.0057 358155.197906  x:  0.07295   5.36960   0.13375  

7 (Bom_syl) ... 4 (Bom_hyp)
  0  0.0000 356874.944263  x:  0.07155   4.45240   0.11083  
  1 99.0000 356870.383368  x:  0.06867   4.45247   0.11296  
  2 2505.4302 356858.875372  x:  0.06957   4.45308   0.13060  
  3 1993.7073 356824.389429  x:  0.06951   5.98628   0.13735  
  4 53.9140 356824.361758  x:  0.06928   5.98459   0.13727  
  5  0.0017 356824.361714  x:  0.06928   5.98369   0.13723  
  6  0.0007 356824.361714  x:  0.06928   5.98355   0.13723  
  7  0.0001 356824.361714  x:  0.06928   5.98355   0.13723  
  8  0.0000 356824.361714  x:  0.06928   5.98355   0.13723  
  9  0.1436 356824.361714  x:  0.06928   5.98355   0.13723  
 10  0.0012 356824.361714  x:  0.06928   5.98355   0.13723  
 11  0.0028 356824.361714  x:  0.06928   5.98355   0.13723  
 12  0.0022 356824.361714  x:  0.06928   5.98355   0.13723  
 13  0.0090 356824.361714  x:  0.06928   5.98355   0.13723  
check convergence!


7 (Bom_syl) ... 5 (Bom_mus)
  0  0.0000 356227.057703  x:  0.05808   4.70598   0.13015  
  1 99.0000 356179.644223  x:  0.06687   4.70600   0.13055  
  2 11339.6768 356178.422610  x:  0.06679   4.70648   0.13719  
  3 381.3685 356166.491989  x:  0.06674   5.61022   0.14146  
  4 29.5534 356166.487790  x:  0.06673   5.60850   0.14105  
  5  0.0016 356166.487789  x:  0.06673   5.60856   0.14105  
  6  0.0000 356166.487789  x:  0.06673   5.60858   0.14105  

7 (Bom_syl) ... 6 (Bom_pas)
  0  0.0000 356813.164272  x:  0.07000   4.64421   0.24058  
  1 99.0000 356801.316850  x:  0.06550   4.64431   0.23659  
  2 3852.7301 356654.660691  x:  0.06690   4.64673   0.14260  
  3 4365.3749 356631.924550  x:  0.06699   5.87969   0.15365  
  4 42.1167 356630.700443  x:  0.06776   5.91435   0.14758  
  5  0.0511 356630.620873  x:  0.06808   5.92187   0.14849  
  6  0.0088 356630.620375  x:  0.06808   5.92795   0.14845  
  7  0.0044 356630.620359  x:  0.06808   5.92855   0.14847  
  8  0.0006 356630.620359  x:  0.06808   5.92847   0.14847  
  9  0.0001 356630.620359  x:  0.06808   5.92848   0.14847  

8 (Bom_vet) ... 1 (Apis_mel)
  0  0.0000 436189.077793  x:  0.43615   4.84159   0.18325  
  1 99.0000 434726.400007  x:  0.48126   4.84089   0.09445  
  2 22493.0970 434339.753041  x:  0.57271   4.83856   0.09948  
  3 10833.3850 434270.012975  x:  0.56851   4.11290   0.09656  
  4 175.9190 434251.321754  x:  0.57651   4.15411   0.08906  
  5  0.0873 434251.246102  x:  0.57787   4.14732   0.08901  
  6  0.0057 434251.244663  x:  0.57796   4.15029   0.08902  
  7  0.0035 434251.244662  x:  0.57796   4.15030   0.08901  
  8  0.0000 434251.244662  x:  0.57796   4.15030   0.08901  
  9  0.0000 434251.244662  x:  0.57796   4.15030   0.08901  

8 (Bom_vet) ... 2 (Bom_con)
  0  0.0000 369569.240638  x:  0.10329   3.67985   0.17660  
  1 99.0000 369505.964842  x:  0.11726   3.68020   0.16846  
  2 8199.1277 369379.977088  x:  0.11650   3.68252   0.11528  
  3 5315.2738 369289.239870  x:  0.11613   5.26521   0.12915  
  4 140.6059 369286.666453  x:  0.11535   5.29494   0.12275  
  5  0.0388 369286.604292  x:  0.11495   5.31596   0.12313  
  6  0.0179 369286.600645  x:  0.11499   5.32768   0.12314  
  7  0.0068 369286.600642  x:  0.11499   5.32764   0.12315  
  8  0.0000 369286.600642  x:  0.11499   5.32764   0.12315  

8 (Bom_vet) ... 3 (Bom_hor)
  0  0.0000 357175.075642  x:  0.06399   4.33828   0.13284  
  1 99.0000 357158.995299  x:  0.06931   4.33831   0.13262  
  2 6212.4360 357158.177998  x:  0.06936   4.33893   0.12733  
  3 311.4387 357145.286152  x:  0.06929   5.17818   0.13204  
  4 34.6860 357145.276763  x:  0.06931   5.17531   0.13147  
  5  0.0029 357145.276760  x:  0.06931   5.17492   0.13147  
  6  0.0003 357145.276760  x:  0.06931   5.17491   0.13147  
  7  0.0000 357145.276760  x:  0.06931   5.17491   0.13147  
check convergence!


8 (Bom_vet) ... 4 (Bom_hyp)
  0  0.0000 356388.459750  x:  0.05669   4.23884   0.20442  
  1 99.0000 356322.339466  x:  0.06696   4.23890   0.20235  
  2 13408.7021 356190.624740  x:  0.06723   4.24124   0.12347  
  3 2813.3779 356157.290760  x:  0.06712   5.63567   0.13568  
  4 56.2096 356156.049656  x:  0.06714   5.67605   0.12934  
  5  0.0649 356156.034772  x:  0.06710   5.71186   0.12950  
  6  0.0214 356156.034720  x:  0.06711   5.71170   0.12952  
  7  0.0001 356156.034719  x:  0.06711   5.71186   0.12952  

8 (Bom_vet) ... 5 (Bom_mus)
  0  0.0000 339849.095154  x:  0.02079   4.73712   0.21915  
  1 99.0000 339847.613844  x:  0.01992   4.73713   0.21884  
  2 3151.9201 339772.348872  x:  0.02006   4.73865   0.11032  
  3 1179.2264 339770.694813  x:  0.02005   5.32207   0.11509  
  4  6.1047 339770.606620  x:  0.02009   5.34465   0.11249  
  5  0.0492 339770.603720  x:  0.02013   5.34661   0.11253  
  6  0.0021 339770.603718  x:  0.02013   5.34727   0.11253  
  7  0.0005 339770.603718  x:  0.02013   5.34729   0.11253  
  8  0.0000 339770.603718  x:  0.02013   5.34728   0.11253  

8 (Bom_vet) ... 6 (Bom_pas)
  0  0.0000 340399.938135  x:  0.01719   4.32358   0.16808  
  1 99.0000 340362.415429  x:  0.02140   4.32358   0.16793  
  2 19264.9981 340344.728811  x:  0.02145   4.32558   0.12265  
  3 668.2707 340324.900574  x:  0.02139   5.89391   0.13405  
  4 24.5059 340323.402744  x:  0.02139   6.34476   0.12612  
  5  0.3506 340323.079870  x:  0.02137   6.60148   0.13129  
  6  0.1989 340323.073643  x:  0.02138   6.61713   0.13057  
  7  0.0138 340323.073626  x:  0.02138   6.61966   0.13058  
  8  0.0023 340323.073626  x:  0.02138   6.61964   0.13058  

8 (Bom_vet) ... 7 (Bom_syl)
  0  0.0000 356053.907100  x:  0.06227   5.08741   0.19077  
  1 99.0000 356045.739538  x:  0.06603   5.08744   0.18924  
  2 4152.4123 356006.339666  x:  0.06599   5.08825   0.14438  
  3 1818.1278 356000.595202  x:  0.06595   5.77378   0.14865  
  4 18.5337 356000.539086  x:  0.06584   5.76609   0.14722  
  5  0.0099 356000.537678  x:  0.06579   5.76142   0.14729  
  6  0.0046 356000.537670  x:  0.06579   5.76067   0.14729  
  7  0.0006 356000.537670  x:  0.06579   5.76067   0.14729  