

2 (Bom_con) ... 1 (Apis_mel)
  0  0.0000 392160.697757  x:  0.43277   1.48675   0.39595  
  1 99.0000 385581.420770  x:  0.50428   1.55071   0.09469  
  2 22885.9850 385368.503055  x:  0.57187   1.59887   0.10052  
  3 5668.8912 384458.316690  x:  0.49270   2.35892   0.14992  
  4 3513.7940 383540.244027  x:  0.56970   2.86010   0.09322  
  5  1.2384 383313.171825  x:  0.57543   3.52092   0.11695  
  6  0.3551 383227.706780  x:  0.58070   3.94491   0.10328  
  7  0.2849 383225.225151  x:  0.58100   4.03487   0.10570  
  8  0.0650 383225.130584  x:  0.58131   4.05304   0.10530  
  9  0.0166 383225.130538  x:  0.58134   4.05318   0.10530  
 10  0.0001 383225.130537  x:  0.58134   4.05316   0.10530  
 11  0.0000 383225.130537  x:  0.58134   4.05316   0.10530  

3 (Bom_hor) ... 1 (Apis_mel)
  0  0.0000 385583.985996  x:  0.48832   3.46982   0.21257  
  1 99.0000 384223.738657  x:  0.50664   3.47155   0.10906  
  2 19113.3241 384020.126874  x:  0.58611   3.47385   0.09974  
  3 6008.5428 383965.553820  x:  0.59211   4.02590   0.10383  
  4 213.1944 383965.415331  x:  0.59257   4.03127   0.10312  
  5  0.0134 383965.385689  x:  0.59362   4.03246   0.10305  
  6  0.0013 383965.385688  x:  0.59362   4.03250   0.10305  
  7  0.0000 383965.385688  x:  0.59362   4.03251   0.10305  

3 (Bom_hor) ... 2 (Bom_con)
  0  0.0000 324889.335101  x:  0.12977   3.52477   0.11181  
  1 99.0000 324869.496356  x:  0.12096   3.52514   0.11680  
  2 3825.6678 324860.553559  x:  0.12242   3.52632   0.12916  
  3 1759.1102 324760.897453  x:  0.12261   5.20776   0.13888  
  4 150.8023 324760.801895  x:  0.12212   5.20647   0.13807  
  5  0.0015 324760.799766  x:  0.12218   5.20707   0.13787  
  6  0.0005 324760.799748  x:  0.12218   5.20796   0.13788  
  7  0.0005 324760.799748  x:  0.12217   5.20798   0.13788  
  8  0.0000 324760.799747  x:  0.12218   5.20796   0.13788  
  9  0.0000 324760.799747  x:  0.12218   5.20796   0.13788  
 10  0.0000 324760.799747  x:  0.12218   5.20796   0.13788  
check convergence!


4 (Bom_hyp) ... 1 (Apis_mel)
  0  0.0000 382929.713821  x:  0.55930   4.30018   0.13302  
  1 99.0000 382772.863927  x:  0.55936   4.30003   0.10582  
  2 10346.7481 382752.057692  x:  0.58637   4.29835   0.10176  
  3 1595.2034 382740.544123  x:  0.58263   4.01065   0.10122  
  4 76.3668 382740.336473  x:  0.58257   4.00718   0.10207  
  5  0.0053 382740.336132  x:  0.58246   4.00668   0.10208  
  6  0.0005 382740.336131  x:  0.58246   4.00675   0.10208  

4 (Bom_hyp) ... 2 (Bom_con)
  0  0.0000 323128.629716  x:  0.09708   3.66490   0.17500  
  1 99.0000 323028.686239  x:  0.11521   3.66516   0.17036  
  2 11364.6192 322955.840280  x:  0.11536   3.66761   0.12574  
  3 3049.2374 322866.126427  x:  0.11518   5.34980   0.13995  
  4 132.6932 322864.520302  x:  0.11520   5.37204   0.13388  
  5  0.0285 322864.500733  x:  0.11516   5.40255   0.13383  
  6  0.0165 322864.500213  x:  0.11517   5.40370   0.13394  
  7  0.0011 322864.500209  x:  0.11517   5.40375   0.13394  

4 (Bom_hyp) ... 3 (Bom_hor)
  0  0.0000 312817.294545  x:  0.05927   4.41340   0.16337  
  1 99.0000 312730.273069  x:  0.07224   4.41344   0.16215  
  2 14329.9251 312704.322682  x:  0.07243   4.41443   0.12912  
  3 1437.3015 312690.206961  x:  0.07237   5.34972   0.13499  
  4 33.8548 312690.115160  x:  0.07242   5.35346   0.13318  
  5  0.0051 312690.114854  x:  0.07244   5.35607   0.13318  
  6  0.0020 312690.114853  x:  0.07244   5.35633   0.13319  

5 (Bom_mus) ... 1 (Apis_mel)
  0  0.0000 384325.543595  x:  0.51010   4.26842   0.17954  
  1 99.0000 383600.137622  x:  0.52147   4.26827   0.10972  
  2 16340.1821 383438.787619  x:  0.59459   4.26650   0.10022  
  3 5100.8831 383431.396032  x:  0.59196   4.03553   0.09941  
  4 61.7547 383429.233688  x:  0.59185   4.02278   0.10219  
  5  0.0299 383429.225867  x:  0.59148   4.02518   0.10214  
  6  0.0022 383429.225798  x:  0.59144   4.02470   0.10215  
  7  0.0005 383429.225798  x:  0.59144   4.02473   0.10215  

5 (Bom_mus) ... 2 (Bom_con)
  0  0.0000 324629.203030  x:  0.09924   3.42638   0.14183  
  1 99.0000 324497.847119  x:  0.12031   3.42665   0.14114  
  2 13360.8724 324494.461299  x:  0.12049   3.42869   0.13251  
  3 732.0426 324383.790022  x:  0.12035   5.15157   0.14628  
  4 171.0136 324383.083061  x:  0.12059   5.15990   0.14209  
  5  0.0084 324383.076746  x:  0.12062   5.17621   0.14213  
  6  0.0082 324383.076700  x:  0.12061   5.17639   0.14216  
  7  0.0002 324383.076699  x:  0.12061   5.17642   0.14215  

5 (Bom_mus) ... 3 (Bom_hor)
  0  0.0000 312744.541570  x:  0.06415   4.30562   0.15783  
  1 99.0000 312715.094537  x:  0.07190   4.30566   0.15700  
  2 7869.4161 312705.657755  x:  0.07202   4.30655   0.13747  
  3 895.9927 312691.856447  x:  0.07195   5.20482   0.14316  
  4 34.5751 312691.766319  x:  0.07198   5.20451   0.14124  
  5  0.0022 312691.766290  x:  0.07199   5.20560   0.14124  
  6  0.0008 312691.766289  x:  0.07199   5.20574   0.14124  

5 (Bom_mus) ... 4 (Bom_hyp)
  0  0.0000 312097.816079  x:  0.05938   4.37992   0.10643  
  1 99.0000 312025.803282  x:  0.07122   4.37995   0.10817  
  2 12838.8935 312010.164247  x:  0.07068   4.38044   0.13002  
  3 1576.3177 311989.172021  x:  0.07057   5.56488   0.13491  
  4 40.9738 311989.171745  x:  0.07059   5.56351   0.13494  
  5  0.0011 311989.171743  x:  0.07059   5.56317   0.13494  
  6  0.0002 311989.171743  x:  0.07059   5.56316   0.13494  

6 (Bom_pas) ... 1 (Apis_mel)
  0  0.0000 384248.380057  x:  0.53112   4.58873   0.16243  
  1 99.0000 383801.719144  x:  0.53783   4.58830   0.11033  
  2 14195.1489 383689.901646  x:  0.60028   4.58541   0.10157  
  3 4037.7145 383651.979172  x:  0.59384   4.03823   0.10025  
  4 129.6683 383650.006707  x:  0.59349   4.03130   0.10289  
  5  0.0150 383649.988318  x:  0.59276   4.03505   0.10298  
  6  0.0035 383649.988149  x:  0.59272   4.03405   0.10298  
  7  0.0012 383649.988149  x:  0.59272   4.03405   0.10298  

6 (Bom_pas) ... 2 (Bom_con)
  0  0.0000 325065.611798  x:  0.11044   3.65252   0.19159  
  1 99.0000 325020.133762  x:  0.12345   3.65288   0.18561  
  2 6624.3338 324948.793041  x:  0.12304   3.65565   0.13943  
  3 3267.7730 324858.977971  x:  0.12284   5.25968   0.15434  
  4 138.1674 324857.469838  x:  0.12253   5.27924   0.14825  
  5  0.0248 324857.451817  x:  0.12235   5.30051   0.14832  
  6  0.0141 324857.450580  x:  0.12240   5.30531   0.14839  
  7  0.0035 324857.450574  x:  0.12241   5.30542   0.14838  

6 (Bom_pas) ... 3 (Bom_hor)
  0  0.0000 313197.491445  x:  0.07162   4.45463   0.17697  
  1 99.0000 313194.533653  x:  0.07421   4.45471   0.17508  
  2 1882.7936 313177.823685  x:  0.07382   4.45589   0.14684  
  3 1643.5651 313159.751660  x:  0.07372   5.52489   0.15404  
  4 38.3907 313159.646947  x:  0.07359   5.52935   0.15200  
  5  0.0056 313159.646535  x:  0.07357   5.53249   0.15204  
  6  0.0028 313159.646523  x:  0.07357   5.53334   0.15204  
  7  0.0006 313159.646522  x:  0.07357   5.53334   0.15204  

6 (Bom_pas) ... 4 (Bom_hyp)
  0  0.0000 312865.168073  x:  0.06292   4.36929   0.25163  
  1 99.0000 312822.075663  x:  0.07221   4.36937   0.24919  
  2 9428.3260 312660.418161  x:  0.07256   4.37269   0.14518  
  3 2601.4723 312627.316997  x:  0.07246   5.83356   0.15959  
  4 53.3624 312625.658220  x:  0.07246   5.88569   0.15111  
  5  0.0915 312625.634820  x:  0.07238   5.93139   0.15134  
  6  0.0277 312625.634548  x:  0.07240   5.93240   0.15136  
  7  0.0008 312625.634548  x:  0.07240   5.93255   0.15136  
  8  0.0001 312625.634547  x:  0.07240   5.93255   0.15136  
  9  0.0000 312625.634547  x:  0.07240   5.93255   0.15136  
check convergence!


6 (Bom_pas) ... 5 (Bom_mus)
  0  0.0000 297879.684796  x:  0.02273   4.85468   0.19978  
  1 99.0000 297878.882035  x:  0.02347   4.85469   0.19951  
  2 2075.2828 297849.944423  x:  0.02352   4.85612   0.13248  
  3 824.2321 297844.866728  x:  0.02347   5.95402   0.14000  
  4 10.4378 297844.769570  x:  0.02346   5.96998   0.13675  
  5  0.0253 297844.769098  x:  0.02345   5.97862   0.13674  
  6  0.0071 297844.769084  x:  0.02345   5.98001   0.13676  
  7  0.0012 297844.769084  x:  0.02345   5.98002   0.13676  

7 (Bom_syl) ... 1 (Apis_mel)
  0  0.0000 384473.385168  x:  0.58298   4.83891   0.16022  
  1 99.0000 384009.603203  x:  0.57711   4.83846   0.10927  
  2 15185.6573 383992.959077  x:  0.60154   4.83484   0.10423  
  3 1366.3591 383913.321720  x:  0.59056   4.02267   0.10312  
  4 180.6091 383912.453748  x:  0.59125   4.02078   0.10480  
  5  0.0047 383912.449240  x:  0.59090   4.02278   0.10486  
  6  0.0021 383912.449208  x:  0.59088   4.02234   0.10486  
  7  0.0006 383912.449208  x:  0.59088   4.02234   0.10486  

7 (Bom_syl) ... 2 (Bom_con)
  0  0.0000 326227.214940  x:  0.10005   3.34845   0.08877  
  1 99.0000 325918.269924  x:  0.13205   3.34874   0.10500  
  2 19075.7900 325845.740500  x:  0.12454   3.34999   0.13855  
  3 5000.3017 325698.537259  x:  0.12377   5.32837   0.14918  
  4 196.2481 325697.393799  x:  0.12590   5.33274   0.14974  
  5  0.0040 325697.365675  x:  0.12583   5.33575   0.15062  
  6  0.0019 325697.365650  x:  0.12583   5.33485   0.15060  
  7  0.0005 325697.365648  x:  0.12583   5.33467   0.15061  
  8  0.0001 325697.365648  x:  0.12583   5.33467   0.15061  
  9  0.0000 325697.365648  x:  0.12583   5.33468   0.15061  

7 (Bom_syl) ... 3 (Bom_hor)
  0  0.0000 314423.424465  x:  0.07500   4.29634   0.17971  
  1 99.0000 314418.752572  x:  0.07834   4.29642   0.17788  
  2 2510.5718 314399.316903  x:  0.07810   4.29777   0.14783  
  3 1535.5350 314378.100830  x:  0.07799   5.38893   0.15570  
  4 44.7343 314377.971017  x:  0.07788   5.38897   0.15341  
  5  0.0026 314377.970747  x:  0.07786   5.38978   0.15343  
  6  0.0008 314377.970746  x:  0.07786   5.39014   0.15343  

7 (Bom_syl) ... 4 (Bom_hyp)
  0  0.0000 313693.811600  x:  0.07761   4.29364   0.20619  
  1 99.0000 313685.431464  x:  0.07336   4.29379   0.20224  
  2 2824.7152 313624.534889  x:  0.07504   4.29596   0.14552  
  3 3288.7697 313590.586740  x:  0.07510   5.73388   0.15726  
  4 55.8573 313589.926294  x:  0.07565   5.75109   0.15239  
  5  0.0226 313589.914350  x:  0.07579   5.76040   0.15270  
  6  0.0093 313589.913900  x:  0.07578   5.76639   0.15269  
  7  0.0038 313589.913898  x:  0.07578   5.76643   0.15270  

7 (Bom_syl) ... 5 (Bom_mus)
  0  0.0000 312194.554764  x:  0.07141   4.71129   0.19454  
  1 99.0000 312191.125593  x:  0.06877   4.71135   0.19254  
  2 2034.8205 312166.669480  x:  0.06977   4.71256   0.15508  
  3 1796.4983 312153.485821  x:  0.06977   5.69577   0.16174  
  4 30.0366 312153.392394  x:  0.06996   5.69918   0.15975  
  5  0.0047 312153.391711  x:  0.07000   5.70096   0.15982  
  6  0.0018 312153.391706  x:  0.07000   5.70168   0.15982  
  7  0.0005 312153.391705  x:  0.07000   5.70168   0.15982  

7 (Bom_syl) ... 6 (Bom_pas)
  0  0.0000 312627.840922  x:  0.06482   4.64654   0.15858  
  1 99.0000 312607.370459  x:  0.07128   4.64657   0.15902  
  2 6539.2273 312605.758570  x:  0.07117   4.64756   0.16812  
  3 363.0800 312582.384737  x:  0.07109   5.97763   0.17547  
  4 41.4220 312582.372686  x:  0.07111   5.97631   0.17464  
  5  0.0013 312582.372678  x:  0.07111   5.97702   0.17463  
  6  0.0005 312582.372677  x:  0.07111   5.97712   0.17464  
  7  0.0001 312582.372677  x:  0.07111   5.97712   0.17464  
  8  0.0000 312582.372677  x:  0.07111   5.97712   0.17464  
check convergence!


8 (Bom_vet) ... 1 (Apis_mel)
  0  0.0000 384744.655685  x:  0.43150   4.75351   0.13607  
  1 99.0000 383755.418026  x:  0.57589   4.75088   0.09379  
  2 14278.9139 383692.980957  x:  0.58912   4.75035   0.10634  
  3 9613.5413 383628.866606  x:  0.58426   4.03212   0.10491  
  4 163.5784 383626.227614  x:  0.59328   4.04477   0.10249  
  5  0.0102 383626.226177  x:  0.59325   4.04221   0.10252  
  6  0.0030 383626.226147  x:  0.59325   4.04248   0.10253  
  7  0.0003 383626.226147  x:  0.59325   4.04248   0.10253  

8 (Bom_vet) ... 2 (Bom_con)
  0  0.0000 324759.893708  x:  0.11158   3.45710   0.20234  
  1 99.0000 324719.608848  x:  0.12390   3.45771   0.19275  
  2 5353.5486 324614.099348  x:  0.12261   3.46134   0.13616  
  3 4962.9297 324490.793935  x:  0.12206   5.29543   0.15555  
  4 171.6604 324487.337127  x:  0.12107   5.32701   0.14674  
  5  0.0402 324487.273409  x:  0.12065   5.35636   0.14704  
  6  0.0224 324487.265159  x:  0.12075   5.37299   0.14710  
  7  0.0099 324487.265158  x:  0.12075   5.37303   0.14710  
  8  0.0000 324487.265158  x:  0.12075   5.37303   0.14710  

8 (Bom_vet) ... 3 (Bom_hor)
  0  0.0000 312805.095584  x:  0.05640   4.46568   0.23904  
  1 99.0000 312695.753961  x:  0.07059   4.46572   0.23724  
  2 16594.6831 312577.776917  x:  0.07093   4.46797   0.14988  
  3 2184.9284 312562.202155  x:  0.07088   5.45776   0.15895  
  4 35.3258 312561.363964  x:  0.07096   5.48636   0.15278  
  5  0.0493 312561.358805  x:  0.07101   5.50421   0.15287  
  6  0.0127 312561.358790  x:  0.07101   5.50462   0.15288  
  7  0.0003 312561.358790  x:  0.07101   5.50464   0.15287  
  8  0.0000 312561.358790  x:  0.07101   5.50466   0.15288  

8 (Bom_vet) ... 4 (Bom_hyp)
  0  0.0000 312203.249227  x:  0.07392   4.48741   0.16924  
  1 99.0000 312196.456178  x:  0.07023   4.48748   0.16781  
  2 3245.2730 312179.890684  x:  0.07089   4.48885   0.14010  
  3 1243.7696 312150.572611  x:  0.07082   5.95902   0.14942  
  4 47.2641 312150.355359  x:  0.07078   5.96624   0.14638  
  5  0.0088 312150.354521  x:  0.07077   5.97540   0.14639  
  6  0.0057 312150.354512  x:  0.07078   5.97557   0.14640  
  7  0.0002 312150.354512  x:  0.07078   5.97554   0.14640  
  8  0.0000 312150.354512  x:  0.07078   5.97555   0.14640  
  9  0.0000 312150.354512  x:  0.07078   5.97555   0.14640  

8 (Bom_vet) ... 5 (Bom_mus)
  0  0.0000 297271.460859  x:  0.01936   4.77400   0.18889  
  1 99.0000 297262.792675  x:  0.02165   4.77400   0.18869  
  2 7979.7077 297236.006066  x:  0.02172   4.77512   0.12505  
  3 706.5641 297233.183265  x:  0.02169   5.61575   0.13057  
  4  7.6448 297233.114875  x:  0.02167   5.61414   0.12783  
  5  0.0050 297233.114318  x:  0.02166   5.60538   0.12776  
  6  0.0073 297233.114313  x:  0.02166   5.60463   0.12777  
  7  0.0007 297233.114313  x:  0.02166   5.60461   0.12777  
  8  0.0000 297233.114313  x:  0.02166   5.60459   0.12777  

8 (Bom_vet) ... 6 (Bom_pas)
  0  0.0000 297793.257368  x:  0.02064   4.50256   0.23449  
  1 99.0000 297784.964372  x:  0.02294   4.50257   0.23427  
  2 7557.0487 297747.271355  x:  0.02303   4.50617   0.14778  
  3 717.7707 297726.222167  x:  0.02294   6.82105   0.16888  
  4 23.1197 297725.351493  x:  0.02294   6.89022   0.15768  
  5  0.1015 297725.327494  x:  0.02292   6.99586   0.15779  
  6  0.0496 297725.327066  x:  0.02293   6.99639   0.15802  
  7  0.0006 297725.327063  x:  0.02293   6.99643   0.15801  
  8  0.0000 297725.327063  x:  0.02293   6.99645   0.15801  
  9  0.0000 297725.327063  x:  0.02293   6.99645   0.15801  
check convergence!


8 (Bom_vet) ... 7 (Bom_syl)
  0  0.0000 312020.325324  x:  0.06268   5.35207   0.18704  
  1 99.0000 312000.765958  x:  0.06888   5.35208   0.18651  
  2 6504.0359 311995.013705  x:  0.06898   5.35270   0.16779  
  3 590.2872 311989.884889  x:  0.06896   6.04515   0.17152  
  4 15.9609 311989.876915  x:  0.06897   6.04508   0.17085  
  5  0.0007 311989.876910  x:  0.06897   6.04533   0.17085  