Supplemental results for CODEML (seqf: /home/yzliu/eDNA/faststorage/yzliu/DK_proj/data/ref_genome/ref_annotation/primary_transcripts/extracted_cds_new/new_transcript_id_7_and_pas/bootstraps/cat.out.OG_cds_7_species_same_header_fas.shuf_537OG_254.phy  treef: xxx.trees)


pairwise comparison (Goldman & Yang 1994)
seq seq        N       S       dN       dS     dN/dS   Paras.
  2   1 458312.6 179427.4   0.0107   0.1704   0.0625   0.1668   3.7061   0.0625 -987279.316
  3   1 457622.3 180117.7   0.0104   0.1592   0.0650   0.1572   3.6227   0.0650 -983414.692
  3   2 456533.1 181206.9   0.0105   0.1527   0.0685   0.1526   4.0452   0.0685 -980194.589
  4   1 458199.9 179540.1   0.0081   0.1211   0.0667   0.1197   3.5549   0.0667 -962951.560
  4   2 456690.6 181049.4   0.0105   0.1594   0.0660   0.1583   4.0446   0.0660 -982717.870
  4   3 455109.3 182630.7   0.0103   0.1494   0.0689   0.1504   4.0790   0.0689 -979480.769
  5   1 460755.5 176984.5   0.0058   0.0921   0.0634   0.0893   3.1528   0.0634 -944045.479
  5   2 457820.1 179919.9   0.0109   0.1661   0.0659   0.1642   3.7496   0.0659 -986645.115
  5   3 457333.4 180406.6   0.0105   0.1541   0.0680   0.1533   3.6396   0.0680 -982044.272
  5   4 457899.2 179840.8   0.0083   0.1150   0.0719   0.1151   3.5727   0.0719 -960934.634
  6   1 462160.4 175579.6   0.0073   0.1207   0.0603   0.1155   2.9979   0.0603 -960599.863
  6   2 459041.3 178698.7   0.0101   0.1623   0.0620   0.1582   3.5849   0.0620 -982967.551
  6   3 458059.1 179680.9   0.0098   0.1519   0.0646   0.1496   3.5490   0.0646 -979422.149
  6   4 458981.0 178759.0   0.0077   0.1153   0.0664   0.1135   3.4355   0.0664 -959346.003
  6   5 462178.5 175561.5   0.0076   0.1148   0.0663   0.1113   2.9774   0.0663 -959046.939
  7   1 456376.2 181363.8   0.0673   1.1729   0.0574   1.1451   4.0180   0.0574 -1197055.025
  7   2 453009.8 184730.2   0.0684   1.2429   0.0550   1.2258   4.3313   0.0550 -1200694.105
  7   3 455177.3 182562.7   0.0679   1.1697   0.0580   1.1499   4.1659   0.0580 -1197342.742
  7   4 454821.5 182918.5   0.0676   1.1855   0.0570   1.1648   4.1922   0.0570 -1197634.567
  7   5 456589.4 181150.6   0.0674   1.1600   0.0581   1.1332   4.0098   0.0581 -1196593.769
  7   6 456465.0 181275.0   0.0669   1.1680   0.0573   1.1397   4.0159   0.0573 -1196303.273

