

2 (And_ful) ... 1 (And_bic)
  0  0.0000 1004803.988451  x:  0.18048   1.62033   0.50865  
  1 99.0000 1003257.565648  x:  0.13329   1.62946   0.45864  
  2 40354.8423 989992.177720  x:  0.12592   1.70088   0.05527  
  3 67562.6811 989464.948806  x:  0.12779   2.14969   0.09144  
  4 2868.6850 987728.260090  x:  0.14612   2.98720   0.04901  
  5  2.6365 987361.225446  x:  0.16348   3.17916   0.06674  
  6  0.2202 987294.036423  x:  0.16955   3.48343   0.06017  
  7  0.1898 987279.686629  x:  0.16618   3.67449   0.06264  
  8  0.0791 987279.318592  x:  0.16679   3.70455   0.06246  
  9  0.0242 987279.316180  x:  0.16677   3.70616   0.06253  
 10  0.0015 987279.316176  x:  0.16677   3.70613   0.06253  
 11  0.0000 987279.316176  x:  0.16677   3.70613   0.06253  
 12  0.0000 987279.316176  x:  0.16677   3.70613   0.06253  
 13  0.0000 987279.316176  x:  0.16677   3.70613   0.06253  

3 (And_hae) ... 1 (And_bic)
  0  0.0000 984640.881861  x:  0.16343   3.15721   0.12865  
  1 99.0000 983651.540598  x:  0.14115   3.15813   0.07437  
  2 28976.5849 983493.036417  x:  0.15081   3.15847   0.05915  
  3 25129.0948 983434.026435  x:  0.15209   3.68681   0.06275  
  4 242.8114 983415.077289  x:  0.15674   3.62806   0.06585  
  5  0.0861 983414.692516  x:  0.15719   3.62431   0.06503  
  6  0.0037 983414.691997  x:  0.15719   3.62268   0.06502  
  7  0.0014 983414.691997  x:  0.15719   3.62268   0.06502  

3 (And_hae) ... 2 (And_ful)
  0  0.0000 980756.575749  x:  0.13656   3.19654   0.09591  
  1 99.0000 980397.460780  x:  0.15871   3.19707   0.07627  
  2 24898.8312 980326.800817  x:  0.15512   3.19755   0.06419  
  3 12827.5023 980196.763381  x:  0.15455   4.05000   0.06881  
  4 349.1862 980194.590712  x:  0.15264   4.04683   0.06843  
  5  0.0038 980194.589504  x:  0.15263   4.04568   0.06847  
  6  0.0011 980194.589459  x:  0.15263   4.04515   0.06847  

4 (And_hat) ... 1 (And_bic)
  0  0.0000 963622.032890  x:  0.10893   3.44286   0.11988  
  1 99.0000 963272.199022  x:  0.12994   3.44308   0.09611  
  2 23428.3055 962983.554100  x:  0.12603   3.44337   0.06422  
  3 27748.4124 962980.180777  x:  0.12589   3.59433   0.06516  
  4 45.1687 962951.682323  x:  0.11983   3.55527   0.06728  
  5  0.0421 962951.559955  x:  0.11970   3.55619   0.06673  
  6  0.0016 962951.559598  x:  0.11969   3.55495   0.06673  
  7  0.0013 962951.559597  x:  0.11969   3.55491   0.06673  

4 (And_hat) ... 2 (And_ful)
  0  0.0000 985092.625576  x:  0.13333   3.04389   0.15418  
  1 99.0000 983835.973143  x:  0.18130   3.04521   0.10473  
  2 40272.5185 983095.500919  x:  0.17725   3.04643   0.05928  
  3 45920.4450 982863.822979  x:  0.17516   4.14160   0.06780  
  4 499.2603 982720.212574  x:  0.15884   4.10716   0.06422  
  5  0.0359 982718.002510  x:  0.15824   4.07298   0.06627  
  6  0.0482 982717.870665  x:  0.15838   4.04564   0.06600  
  7  0.0189 982717.869835  x:  0.15835   4.04462   0.06600  
  8  0.0011 982717.869834  x:  0.15835   4.04458   0.06600  
  9  0.0000 982717.869834  x:  0.15835   4.04458   0.06600  
 10  0.0000 982717.869834  x:  0.15835   4.04458   0.06600  

4 (And_hat) ... 3 (And_hae)
  0  0.0000 982163.367357  x:  0.14723   3.46362   0.19293  
  1 99.0000 979663.465691  x:  0.13629   3.46600   0.06995  
  2 28099.3387 979559.350079  x:  0.14725   3.46629   0.06148  
  3 21342.5662 979482.245433  x:  0.14931   4.12129   0.06803  
  4 257.3030 979480.836848  x:  0.15017   4.08491   0.06924  
  5  0.0910 979480.769297  x:  0.15043   4.07983   0.06894  
  6  0.0045 979480.769164  x:  0.15042   4.07899   0.06893  
  7  0.0007 979480.769164  x:  0.15042   4.07898   0.06893  

5 (And_mar) ... 1 (And_bic)
  0  0.0000 944265.065844  x:  0.07636   3.57456   0.06846  
  1 99.0000 944071.037903  x:  0.08924   3.57453   0.06803  
  2 31858.4542 944068.986426  x:  0.08927   3.57434   0.06534  
  3 1421.2748 944045.496741  x:  0.08932   3.16155   0.06363  
  4 104.4586 944045.478641  x:  0.08933   3.15247   0.06345  
  5  0.0108 944045.478561  x:  0.08933   3.15283   0.06344  
  6  0.0004 944045.478561  x:  0.08933   3.15282   0.06344  
  7  0.0000 944045.478560  x:  0.08933   3.15282   0.06344  

5 (And_mar) ... 2 (And_ful)
  0  0.0000 989018.754368  x:  0.16386   3.03022   0.16434  
  1 99.0000 986952.442574  x:  0.14608   3.03244   0.06959  
  2 31730.3684 986796.765121  x:  0.15812   3.03290   0.05752  
  3 26421.7038 986651.596197  x:  0.16124   3.81219   0.06476  
  4 419.1389 986645.445209  x:  0.16373   3.75900   0.06662  
  5  0.1022 986645.116414  x:  0.16420   3.75191   0.06590  
  6  0.0063 986645.115402  x:  0.16419   3.74962   0.06589  
  7  0.0017 986645.115399  x:  0.16419   3.74962   0.06589  
  8  0.0000 986645.115399  x:  0.16419   3.74962   0.06589  

5 (And_mar) ... 3 (And_hae)
  0  0.0000 984876.775136  x:  0.16255   3.24025   0.19193  
  1 99.0000 983417.299798  x:  0.12393   3.24152   0.12450  
  2 33590.1735 982384.436899  x:  0.13137   3.24260   0.06421  
  3 74788.5919 982312.847881  x:  0.13290   3.85195   0.06948  
  4 255.6380 982045.470178  x:  0.15307   3.62519   0.06968  
  5  0.2418 982044.273213  x:  0.15326   3.64093   0.06806  
  6  0.0281 982044.272070  x:  0.15329   3.63954   0.06805  
  7  0.0012 982044.272068  x:  0.15329   3.63961   0.06805  
  8  0.0001 982044.272068  x:  0.15329   3.63962   0.06805  
  9  0.0000 982044.272068  x:  0.15329   3.63962   0.06805  
 10  0.0000 982044.272068  x:  0.15329   3.63962   0.06805  
check convergence!


5 (And_mar) ... 4 (And_hat)
  0  0.0000 961088.355372  x:  0.10794   3.11654   0.08757  
  1 99.0000 961008.545713  x:  0.11756   3.11672   0.08060  
  2 13937.0143 960970.051705  x:  0.11593   3.11708   0.06947  
  3 8203.5286 960935.030834  x:  0.11576   3.57596   0.07215  
  4 166.1379 960934.634388  x:  0.11509   3.57338   0.07181  
  5  0.0027 960934.633616  x:  0.11508   3.57285   0.07186  
  6  0.0006 960934.633610  x:  0.11508   3.57265   0.07186  

6 (And_tri) ... 1 (And_bic)
  0  0.0000 962733.309428  x:  0.11827   3.25623   0.18315  
  1 99.0000 961764.626329  x:  0.09198   3.25675   0.11889  
  2 25043.9257 960908.086017  x:  0.09742   3.25719   0.05880  
  3 104818.6073 960904.041206  x:  0.09730   3.11308   0.05767  
  4 20.7129 960611.266329  x:  0.11408   2.92186   0.06487  
  5  0.5848 960599.899217  x:  0.11532   3.00203   0.06032  
  6  0.1498 960599.863218  x:  0.11552   2.99690   0.06026  
  7  0.0046 960599.862677  x:  0.11553   2.99786   0.06029  

6 (And_tri) ... 2 (And_ful)
  0  0.0000 985542.813204  x:  0.14548   2.74409   0.16077  
  1 99.0000 983301.077511  x:  0.17473   2.74693   0.06272  
  2 32942.3059 983185.893435  x:  0.16490   2.74747   0.05282  
  3 20495.8840 982969.832744  x:  0.15992   3.62895   0.06120  
  4 563.7080 982967.591856  x:  0.15816   3.59900   0.06215  
  5  0.0622 982967.551457  x:  0.15818   3.58491   0.06203  
  6  0.0097 982967.551392  x:  0.15819   3.58485   0.06203  
  7  0.0001 982967.551392  x:  0.15819   3.58485   0.06203  
  8  0.0000 982967.551392  x:  0.15819   3.58485   0.06203  
  9  0.3076 982967.551392  x:  0.15819   3.58485   0.06203  
 10  0.0265 982967.551392  x:  0.15819   3.58485   0.06203  
check convergence!


6 (And_tri) ... 3 (And_hae)
  0  0.0000 979589.914246  x:  0.16110   3.23308   0.07592  
  1 99.0000 979446.674517  x:  0.14794   3.23326   0.06607  
  2 16819.6454 979442.401838  x:  0.14937   3.23343   0.06332  
  3 2792.6984 979422.157320  x:  0.14953   3.55016   0.06477  
  4 135.6783 979422.148885  x:  0.14955   3.54917   0.06463  
  5  0.0010 979422.148867  x:  0.14955   3.54905   0.06463  
  6  0.0001 979422.148867  x:  0.14955   3.54903   0.06463  
  7  0.0000 979422.148867  x:  0.14955   3.54903   0.06463  

6 (And_tri) ... 4 (And_hat)
  0  0.0000 960551.089188  x:  0.09123   3.12257   0.12915  
  1 99.0000 959965.612951  x:  0.11664   3.12274   0.11838  
  2 46444.9316 959368.321661  x:  0.11619   3.12354   0.06480  
  3 20807.4388 959351.531385  x:  0.11606   3.43059   0.06740  
  4 115.3900 959346.581700  x:  0.11405   3.44320   0.06536  
  5  0.0128 959346.003523  x:  0.11353   3.43643   0.06642  
  6  0.0107 959346.003371  x:  0.11353   3.43550   0.06641  
  7  0.0008 959346.003371  x:  0.11353   3.43549   0.06641  
  8  0.0000 959346.003371  x:  0.11353   3.43549   0.06641  

6 (And_tri) ... 5 (And_mar)
  0  0.0000 960700.649832  x:  0.09735   3.09326   0.17078  
  1 99.0000 960258.628775  x:  0.12071   3.09348   0.14973  
  2 30431.3307 959108.587278  x:  0.12001   3.09424   0.06674  
  3 36059.6564 959106.467387  x:  0.12008   2.99930   0.06568  
  4 39.5107 959047.038663  x:  0.11136   2.97065   0.06680  
  5  0.0278 959046.938912  x:  0.11134   2.97686   0.06631  
  6  0.0164 959046.938848  x:  0.11134   2.97738   0.06631  

7 (Bom_pas) ... 1 (And_bic)
  0  0.0000 1221086.821489  x:  1.21017   2.71610   0.19376  
  1 99.0000 1198427.450740  x:  1.18164   2.72021   0.05180  
  2 181236.3661 1198340.305736  x:  1.14840   2.73951   0.05800  
  3 4741.8271 1197362.531422  x:  1.25936   3.93992   0.05712  
  4 2375.0414 1197056.540447  x:  1.14017   3.96204   0.05757  
  5  0.1290 1197055.082984  x:  1.14647   4.01478   0.05723  
  6  0.0318 1197055.025788  x:  1.14500   4.01788   0.05734  
  7  0.0037 1197055.025066  x:  1.14508   4.01802   0.05735  
  8  0.0002 1197055.025066  x:  1.14508   4.01804   0.05735  
  9  0.0000 1197055.025066  x:  1.14508   4.01804   0.05735  

7 (Bom_pas) ... 2 (And_ful)
  0  0.0000 1201091.147068  x:  1.18404   3.66500   0.06307  
  1 99.0000 1200896.313460  x:  1.18363   3.66514   0.05528  
  2 47276.9046 1200832.605539  x:  1.14576   3.84472   0.05770  
  3 686.9471 1200695.169606  x:  1.23084   4.30354   0.05489  
  4 4355.9715 1200694.110878  x:  1.22587   4.33016   0.05499  
  5  0.0219 1200694.104711  x:  1.22581   4.33114   0.05503  
  6  0.0011 1200694.104695  x:  1.22584   4.33131   0.05503  
  7  0.0001 1200694.104695  x:  1.22584   4.33131   0.05503  

7 (Bom_pas) ... 3 (And_hae)
  0  0.0000 1202345.503270  x:  1.00085   3.66701   0.12028  
  1 99.0000 1197787.996003  x:  0.99767   3.66743   0.06441  
  2 125289.2268 1197547.372552  x:  1.07976   3.67067   0.05591  
  3 5847.5279 1197430.189498  x:  1.10354   4.16833   0.05633  
  4 507.4795 1197347.442939  x:  1.13506   4.15624   0.05931  
  5  0.0642 1197342.761474  x:  1.14942   4.15930   0.05804  
  6  0.0110 1197342.742099  x:  1.14994   4.16592   0.05804  
  7  0.0055 1197342.742093  x:  1.14995   4.16592   0.05804  

7 (Bom_pas) ... 4 (And_hat)
  0  0.0000 1207447.829393  x:  1.24593   3.54056   0.12487  
  1 99.0000 1198058.322798  x:  1.23685   3.54143   0.05237  
  2 179373.1959 1197927.853434  x:  1.16508   3.56104   0.06006  
  3 3657.6140 1197730.821127  x:  1.21486   4.19291   0.05897  
  4 703.1298 1197635.231419  x:  1.16019   4.18354   0.05757  
  5  0.0848 1197634.569336  x:  1.16491   4.19062   0.05705  
  6  0.0094 1197634.567396  x:  1.16478   4.19189   0.05705  
  7  0.0012 1197634.567347  x:  1.16482   4.19216   0.05705  
  8  0.0002 1197634.567347  x:  1.16482   4.19216   0.05705  

7 (Bom_pas) ... 5 (And_mar)
  0  0.0000 1196695.733806  x:  1.15717   3.72461   0.05338  
  1 99.0000 1196665.691591  x:  1.15709   3.72465   0.05629  
  2 21093.4166 1196630.684081  x:  1.11425   3.73601   0.05814  
  3 1534.8639 1196593.846016  x:  1.13519   4.01436   0.05792  
  4 288.7721 1196593.769684  x:  1.13317   4.01028   0.05807  
  5  0.0043 1196593.769280  x:  1.13322   4.00981   0.05807  
  6  0.0004 1196593.769280  x:  1.13322   4.00982   0.05807  
  7  0.0000 1196593.769280  x:  1.13322   4.00982   0.05807  
  8  0.0000 1196593.769280  x:  1.13322   4.00982   0.05807  

7 (Bom_pas) ... 6 (And_tri)
  0  0.0000 1211451.676847  x:  1.20624   3.37580   0.15766  
  1 99.0000 1196670.799219  x:  1.18988   3.37731   0.05341  
  2 178808.7972 1196609.947952  x:  1.15290   3.38902   0.05867  
  3 3235.2304 1196395.700096  x:  1.19906   4.01999   0.05790  
  4 782.5264 1196303.582580  x:  1.13797   4.00541   0.05764  
  5  0.0893 1196303.276317  x:  1.13978   4.01381   0.05730  
  6  0.0084 1196303.273546  x:  1.13966   4.01576   0.05731  
  7  0.0017 1196303.273493  x:  1.13971   4.01595   0.05731  
  8  0.0002 1196303.273493  x:  1.13971   4.01595   0.05731  
  9  0.0000 1196303.273493  x:  1.13971   4.01595   0.05731  