Supplemental results for CODEML (seqf: /home/yzliu/eDNA/faststorage/yzliu/DK_proj/data/ref_genome/ref_annotation/primary_transcripts/extracted_cds_new/new_transcript_id_7_and_pas/bootstraps/cat.out.OG_cds_7_species_same_header_fas.shuf_537OG_27.phy  treef: xxx.trees)


pairwise comparison (Goldman & Yang 1994)
seq seq        N       S       dN       dS     dN/dS   Paras.
  2   1 518349.1 197738.9   0.0097   0.1667   0.0584   0.1592   3.4695   0.0584 -1103482.137
  3   1 517253.7 198834.3   0.0094   0.1585   0.0592   0.1524   3.4289   0.0592 -1100234.806
  3   2 515447.0 200641.0   0.0091   0.1497   0.0610   0.1455   3.8837   0.0610 -1094925.440
  4   1 518047.9 198040.1   0.0076   0.1217   0.0626   0.1175   3.3696   0.0626 -1079192.694
  4   2 516170.6 199917.4   0.0093   0.1558   0.0600   0.1507   3.8332   0.0600 -1097812.070
  4   3 513845.8 202242.2   0.0091   0.1489   0.0612   0.1458   3.9402   0.0612 -1095443.864
  5   1 520815.5 195272.5   0.0056   0.0924   0.0603   0.0877   2.9957   0.0603 -1058492.954
  5   2 517894.5 198193.5   0.0097   0.1645   0.0591   0.1576   3.4935   0.0591 -1102926.969
  5   3 516866.7 199221.3   0.0093   0.1554   0.0601   0.1500   3.4477   0.0601 -1099168.103
  5   4 518603.6 197484.4   0.0074   0.1168   0.0637   0.1128   3.2791   0.0637 -1076525.861
  6   1 522479.8 193608.2   0.0070   0.1208   0.0576   0.1132   2.8397   0.0576 -1076677.458
  6   2 518769.4 197318.6   0.0090   0.1579   0.0569   0.1500   3.3962   0.0569 -1098049.961
  6   3 517664.0 198424.0   0.0088   0.1510   0.0582   0.1446   3.3607   0.0582 -1095702.183
  6   4 518867.4 197220.6   0.0071   0.1164   0.0612   0.1117   3.2563   0.0612 -1075270.913
  6   5 522929.6 193158.4   0.0070   0.1170   0.0597   0.1100   2.7776   0.0597 -1075174.717
  7   1 511323.4 204764.6   0.0628   1.1832   0.0531   1.1495   4.0289   0.0531 -1338122.578
  7   2 508173.0 207915.0   0.0636   1.2469   0.0510   1.2214   4.3203   0.0510 -1341254.413
  7   3 510166.6 205921.4   0.0628   1.1744   0.0535   1.1474   4.1638   0.0535 -1337327.117
  7   4 509522.8 206565.2   0.0627   1.1993   0.0523   1.1717   4.2208   0.0523 -1338045.846
  7   5 511409.0 204679.0   0.0628   1.1707   0.0536   1.1384   4.0334   0.0536 -1337607.717
  7   6 511267.6 204820.4   0.0624   1.1807   0.0528   1.1468   4.0453   0.0528 -1337283.751

