

2 (And_ful) ... 1 (And_bic)
  0  0.0000 1121478.667470  x:  0.15862   1.53205   0.46468  
  1 99.0000 1118484.229051  x:  0.10527   1.55525   0.33615  
  2 36853.6412 1108984.468480  x:  0.09438   1.60459   0.05568  
  3 295066.7711 1107519.350658  x:  0.10200   2.59454   0.11453  
  4 4002.4824 1104577.992918  x:  0.12292   3.09537   0.04705  
  5  1.5662 1103702.602507  x:  0.14737   3.21023   0.07338  
  6  0.1233 1103484.487391  x:  0.15918   3.37022   0.05775  
  7  0.1440 1103482.427300  x:  0.15968   3.45434   0.05869  
  8  0.0256 1103482.150627  x:  0.15932   3.46886   0.05828  
  9  0.0104 1103482.137020  x:  0.15920   3.46941   0.05838  
 10  0.0006 1103482.137019  x:  0.15920   3.46948   0.05838  
 11  0.0001 1103482.137019  x:  0.15920   3.46948   0.05838  

3 (And_hae) ... 1 (And_bic)
  0  0.0000 1100304.245594  x:  0.15370   3.02517   0.05126  
  1 99.0000 1100276.870392  x:  0.15286   3.02531   0.05772  
  2 8809.1094 1100276.641417  x:  0.15226   3.02551   0.05769  
  3 735.0239 1100236.732953  x:  0.15247   3.52313   0.05955  
  4 245.5973 1100234.806173  x:  0.15238   3.42927   0.05922  
  5  0.0762 1100234.805712  x:  0.15239   3.42880   0.05924  
  6  0.0004 1100234.805708  x:  0.15239   3.42888   0.05925  
  7  0.0001 1100234.805708  x:  0.15239   3.42888   0.05925  

3 (And_hae) ... 2 (And_ful)
  0  0.0000 1095391.844586  x:  0.12389   3.22956   0.05298  
  1 99.0000 1095009.499302  x:  0.14556   3.22972   0.05863  
  2 36263.9017 1095009.306057  x:  0.14541   3.23073   0.05922  
  3 332.8158 1094925.460562  x:  0.14550   3.88701   0.06123  
  4 1086.6589 1094925.440411  x:  0.14554   3.88424   0.06103  
  5  0.0026 1094925.440367  x:  0.14554   3.88374   0.06103  
  6  0.0004 1094925.440366  x:  0.14554   3.88374   0.06103  
  7  0.0000 1094925.440366  x:  0.14554   3.88374   0.06103  
  8  0.0000 1094925.440366  x:  0.14554   3.88374   0.06103  
check convergence!


4 (And_hat) ... 1 (And_bic)
  0  0.0000 1081061.881118  x:  0.09972   3.44310   0.15658  
  1 99.0000 1080450.074544  x:  0.12602   3.44328   0.13686  
  2 40617.8859 1079243.713592  x:  0.12533   3.44387   0.06210  
  3 37055.1489 1079243.031943  x:  0.12535   3.38554   0.06160  
  4 17.8562 1079193.327645  x:  0.11767   3.35518   0.06373  
  5  0.0339 1079192.693794  x:  0.11753   3.36979   0.06262  
  6  0.0352 1079192.693721  x:  0.11754   3.36956   0.06261  
  7  0.0002 1079192.693721  x:  0.11754   3.36956   0.06261  

4 (And_hat) ... 2 (And_ful)
  0  0.0000 1098392.747893  x:  0.12691   2.96555   0.05678  
  1 99.0000 1097983.274089  x:  0.15050   2.96583   0.05812  
  2 37040.1495 1097982.113941  x:  0.15063   2.96626   0.05675  
  3 1584.2065 1097812.339223  x:  0.15058   3.83805   0.06068  
  4 495.8047 1097812.070589  x:  0.15071   3.83374   0.05998  
  5  0.0040 1097812.070496  x:  0.15071   3.83332   0.05997  
  6  0.0004 1097812.070492  x:  0.15071   3.83321   0.05997  

4 (And_hat) ... 3 (And_hae)
  0  0.0000 1096627.985099  x:  0.15653   3.54629   0.11831  
  1 99.0000 1095749.269925  x:  0.13102   3.54679   0.07802  
  2 33373.1205 1095506.648506  x:  0.13909   3.54707   0.05719  
  3 30681.2946 1095471.388861  x:  0.13983   4.00104   0.05962  
  4 165.8021 1095444.413732  x:  0.14544   3.94094   0.06220  
  5  0.0755 1095443.864785  x:  0.14578   3.94189   0.06121  
  6  0.0016 1095443.864292  x:  0.14577   3.94022   0.06120  
  7  0.0014 1095443.864292  x:  0.14577   3.94021   0.06120  
  8  0.0000 1095443.864292  x:  0.14577   3.94020   0.06120  

5 (And_mar) ... 1 (And_bic)
  0  0.0000 1058596.339928  x:  0.08379   3.43158   0.07688  
  1 99.0000 1058557.812741  x:  0.08924   3.43152   0.07264  
  2 11391.8147 1058523.888845  x:  0.08809   3.43134   0.06203  
  3 8244.2130 1058493.290921  x:  0.08820   3.00831   0.06003  
  4 130.3776 1058492.958145  x:  0.08776   2.99283   0.06037  
  5  0.0164 1058492.953664  x:  0.08772   2.99571   0.06032  
  6  0.0035 1058492.953664  x:  0.08772   2.99569   0.06032  
  7  0.0000 1058492.953664  x:  0.08772   2.99569   0.06032  
  8  0.0000 1058492.953664  x:  0.08772   2.99569   0.06032  
  9  0.0918 1058492.953664  x:  0.08772   2.99569   0.06032  
 10  0.0104 1058492.953664  x:  0.08772   2.99569   0.06032  
 11  0.0136 1058492.953664  x:  0.08772   2.99569   0.06032  
 12  0.0000 1058492.953664  x:  0.08772   2.99569   0.06032  
 13  0.0000 1058492.953664  x:  0.08772   2.99569   0.06032  
 14  0.0298 1058492.953664  x:  0.08772   2.99569   0.06032  
check convergence!


5 (And_mar) ... 2 (And_ful)
  0  0.0000 1106580.977123  x:  0.15849   2.80841   0.17893  
  1 99.0000 1103580.554156  x:  0.13134   2.81134   0.06731  
  2 38692.6309 1103263.701212  x:  0.14221   2.81191   0.04901  
  3 56600.6455 1103017.339721  x:  0.14729   3.74896   0.05720  
  4 611.9965 1102929.951944  x:  0.15685   3.52546   0.06134  
  5  0.3669 1102926.980016  x:  0.15769   3.50011   0.05916  
  6  0.0209 1102926.969333  x:  0.15766   3.49336   0.05915  
  7  0.0056 1102926.969244  x:  0.15765   3.49347   0.05914  

5 (And_mar) ... 3 (And_hae)
  0  0.0000 1099348.623402  x:  0.15753   3.28263   0.04485  
  1 99.0000 1099177.559136  x:  0.15195   3.28264   0.06032  
  2 23354.6119 1099174.450898  x:  0.14986   3.28270   0.05985  
  3 2891.9781 1099168.140596  x:  0.14994   3.45223   0.06035  
  4 78.5714 1099168.103579  x:  0.14995   3.44688   0.06010  
  5  0.0041 1099168.103301  x:  0.14997   3.44767   0.06009  
  6  0.0007 1099168.103300  x:  0.14996   3.44770   0.06009  
  7  0.0000 1099168.103300  x:  0.14996   3.44770   0.06009  

5 (And_mar) ... 4 (And_hat)
  0  0.0000 1078340.892388  x:  0.11134   3.11380   0.16561  
  1 99.0000 1076645.782473  x:  0.10215   3.11526   0.06729  
  2 24777.0532 1076545.832323  x:  0.11056   3.11542   0.05837  
  3 29078.1651 1076533.876033  x:  0.11111   3.35587   0.06091  
  4 105.4967 1076525.923155  x:  0.11258   3.28167   0.06400  
  5  0.1858 1076525.861089  x:  0.11279   3.27934   0.06375  
  6  0.0021 1076525.861039  x:  0.11278   3.27910   0.06374  
  7  0.0002 1076525.861039  x:  0.11278   3.27910   0.06374  
  8  0.0000 1076525.861039  x:  0.11278   3.27910   0.06374  

6 (And_tri) ... 1 (And_bic)
  0  0.0000 1077138.491902  x:  0.10103   2.94178   0.09106  
  1 99.0000 1076855.888912  x:  0.11797   2.94183   0.07866  
  2 28279.7010 1076685.903410  x:  0.11571   2.94189   0.05744  
  3 18962.2773 1076683.482054  x:  0.11576   2.84898   0.05685  
  4 48.9536 1076677.506184  x:  0.11327   2.83780   0.05793  
  5  0.0112 1076677.458332  x:  0.11320   2.83957   0.05764  
  6  0.0025 1076677.458328  x:  0.11320   2.83968   0.05764  
  7  0.0001 1076677.458328  x:  0.11320   2.83967   0.05764  
  8  0.0000 1076677.458328  x:  0.11320   2.83967   0.05764  
check convergence!


6 (And_tri) ... 2 (And_ful)
  0  0.0000 1098202.741893  x:  0.15758   2.75898   0.05470  
  1 99.0000 1098165.624565  x:  0.14970   2.75932   0.05370  
  2 9590.3427 1098165.245334  x:  0.14954   2.75973   0.05446  
  3 884.6994 1098050.069609  x:  0.14964   3.39944   0.05708  
  4 519.3909 1098049.961617  x:  0.15002   3.39696   0.05688  
  5  0.0025 1098049.961058  x:  0.15000   3.39638   0.05685  
  6  0.0005 1098049.961053  x:  0.15000   3.39625   0.05685  

6 (And_tri) ... 3 (And_hae)
  0  0.0000 1096367.531260  x:  0.14861   3.00434   0.09704  
  1 99.0000 1095788.263106  x:  0.13645   3.00488   0.06107  
  2 26495.9096 1095738.459257  x:  0.14296   3.00508   0.05495  
  3 13274.6949 1095703.682226  x:  0.14350   3.37476   0.05733  
  4 201.4596 1095702.201452  x:  0.14452   3.36287   0.05836  
  5  0.0179 1095702.182589  x:  0.14463   3.36099   0.05822  
  6  0.0018 1095702.182571  x:  0.14463   3.36072   0.05822  

6 (And_tri) ... 4 (And_hat)
  0  0.0000 1075469.599707  x:  0.09958   2.94414   0.07002  
  1 99.0000 1075310.772335  x:  0.11221   2.94424   0.06668  
  2 25394.0543 1075292.016155  x:  0.11188   2.94445   0.06009  
  3 5481.2764 1075271.038151  x:  0.11180   3.25574   0.06173  
  4 142.9836 1075270.913548  x:  0.11169   3.25603   0.06121  
  5  0.0006 1075270.913172  x:  0.11167   3.25628   0.06122  
  6  0.0002 1075270.913172  x:  0.11167   3.25629   0.06122  
  7  0.0000 1075270.913172  x:  0.11167   3.25629   0.06122  

6 (And_tri) ... 5 (And_mar)
  0  0.0000 1076581.036137  x:  0.10629   2.95207   0.14539  
  1 99.0000 1075216.442653  x:  0.11590   2.95271   0.06231  
  2 23930.9576 1075183.938280  x:  0.11046   2.95269   0.05900  
  3 12135.2091 1075178.018307  x:  0.11076   2.80633   0.05743  
  4 78.0842 1075174.723641  x:  0.10997   2.77316   0.05976  
  5  0.0895 1075174.717385  x:  0.10997   2.77771   0.05975  
  6  0.0049 1075174.717367  x:  0.10998   2.77763   0.05974  
  7  0.0001 1075174.717366  x:  0.10998   2.77763   0.05974  

7 (Bom_pas) ... 1 (And_bic)
  0  0.0000 1358949.487868  x:  1.03132   2.58840   0.17884  
  1 99.0000 1339758.959620  x:  1.01294   2.59206   0.05464  
  2 188267.9065 1339669.313519  x:  1.04558   2.62279   0.04978  
  3 3858.1813 1338181.959596  x:  1.11916   3.90034   0.05742  
  4 5800.0354 1338128.954574  x:  1.13073   3.96476   0.05345  
  5  0.0531 1338123.195367  x:  1.14926   3.99631   0.05294  
  6  0.0354 1338122.582047  x:  1.14932   4.02807   0.05311  
  7  0.0199 1338122.578095  x:  1.14951   4.02887   0.05307  
  8  0.0009 1338122.578089  x:  1.14952   4.02889   0.05307  
  9  0.0000 1338122.578089  x:  1.14952   4.02889   0.05307  

7 (Bom_pas) ... 2 (And_ful)
  0  0.0000 1345985.004260  x:  1.28145   3.51930   0.08298  
  1 99.0000 1341802.767831  x:  1.27841   3.51970   0.04713  
  2 184776.6919 1341592.834090  x:  1.17466   3.55500   0.05407  
  3 3751.8050 1341298.110648  x:  1.24450   4.30356   0.05284  
  4 920.4175 1341254.432026  x:  1.22093   4.31375   0.05101  
  5  0.0370 1341254.413367  x:  1.22145   4.32002   0.05098  
  6  0.0047 1341254.413151  x:  1.22145   4.32025   0.05099  
  7  0.0002 1341254.413151  x:  1.22145   4.32026   0.05099  

7 (Bom_pas) ... 3 (And_hae)
  0  0.0000 1345105.338631  x:  1.37770   3.70896   0.08929  
  1 99.0000 1338442.620149  x:  1.37313   3.70939   0.04407  
  2 220434.1002 1337640.296376  x:  1.14840   3.74718   0.05997  
  3 6879.2032 1337560.540835  x:  1.18781   4.13035   0.05892  
  4 438.1932 1337343.055456  x:  1.12564   4.17512   0.05571  
  5  0.1127 1337327.205577  x:  1.14764   4.17697   0.05347  
  6  0.0296 1337327.117440  x:  1.14750   4.16440   0.05349  
  7  0.0106 1337327.116758  x:  1.14736   4.16384   0.05348  
  8  0.0006 1337327.116756  x:  1.14735   4.16383   0.05348  

7 (Bom_pas) ... 4 (And_hat)
  0  0.0000 1357701.572028  x:  1.26468   3.61960   0.15501  
  1 99.0000 1338475.053776  x:  1.24842   3.62096   0.04793  
  2 220100.0782 1338399.641437  x:  1.21032   3.63063   0.05310  
  3 3996.5814 1338197.516601  x:  1.25551   4.26140   0.05224  
  4 717.8119 1338046.648588  x:  1.16794   4.20575   0.05276  
  5  0.1299 1338045.854667  x:  1.17209   4.21895   0.05226  
  6  0.0139 1338045.846564  x:  1.17160   4.22020   0.05227  
  7  0.0014 1338045.846393  x:  1.17165   4.22076   0.05227  
  8  0.0005 1338045.846393  x:  1.17165   4.22077   0.05227  

7 (Bom_pas) ... 5 (And_mar)
  0  0.0000 1347691.503289  x:  1.11742   3.70178   0.12942  
  1 99.0000 1337667.566094  x:  1.10903   3.70240   0.05416  
  2 185189.5835 1337664.114695  x:  1.11873   3.71304   0.05313  
  3 475.7324 1337608.803516  x:  1.13186   4.03051   0.05366  
  4 873.1774 1337607.737102  x:  1.13776   4.03251   0.05373  
  5  0.0100 1337607.717262  x:  1.13843   4.03320   0.05365  
  6  0.0009 1337607.717245  x:  1.13844   4.03338   0.05365  
  7  0.0002 1337607.717245  x:  1.13844   4.03339   0.05365  

7 (Bom_pas) ... 6 (And_tri)
  0  0.0000 1338539.888676  x:  1.30046   3.53186   0.05628  
  1 99.0000 1338019.027557  x:  1.29934   3.53202   0.04579  
  2 90743.7405 1337412.290099  x:  1.11324   3.56839   0.05398  
  3 5750.9950 1337291.048493  x:  1.15803   4.03919   0.05342  
  4 565.8751 1337283.876462  x:  1.14505   4.04635   0.05303  
  5  0.0164 1337283.750998  x:  1.14677   4.04514   0.05283  
  6  0.0022 1337283.750975  x:  1.14679   4.04533   0.05283  
  7  0.0002 1337283.750975  x:  1.14679   4.04534   0.05283  