

2 (Bom_con) ... 1 (Apis_mel)
  0  0.0000 409410.980473  x:  0.48350   1.44583   0.39438  
  1 99.0000 402140.619561  x:  0.43499   1.50894   0.09277  
  2 25374.9089 401908.924849  x:  0.47038   1.52518   0.07279  
  3 11702.4628 399576.980152  x:  0.57776   2.99244   0.11535  
  4 4981.2073 399236.076283  x:  0.51355   3.41125   0.10368  
  5  0.5832 399075.868674  x:  0.56849   3.90020   0.08888  
  6  0.1907 399055.423099  x:  0.56751   4.14073   0.09542  
  7  0.1054 399053.055241  x:  0.56572   4.22831   0.09404  
  8  0.0713 399053.042687  x:  0.56633   4.23359   0.09402  
  9  0.0043 399053.042678  x:  0.56633   4.23360   0.09401  
 10  0.0000 399053.042678  x:  0.56633   4.23359   0.09401  

3 (Bom_hor) ... 1 (Apis_mel)
  0  0.0000 400307.657905  x:  0.55435   3.56631   0.10309  
  1 99.0000 400271.561803  x:  0.55527   3.56674   0.09280  
  2 6342.2488 400258.218582  x:  0.57654   3.57083   0.09051  
  3 1314.6416 400175.048174  x:  0.58552   4.29999   0.09234  
  4 262.3822 400174.715054  x:  0.58608   4.30176   0.09133  
  5  0.0025 400174.713345  x:  0.58633   4.30329   0.09131  
  6  0.0013 400174.713336  x:  0.58633   4.30352   0.09131  
  7  0.0002 400174.713336  x:  0.58633   4.30352   0.09131  

3 (Bom_hor) ... 2 (Bom_con)
  0  0.0000 341561.629475  x:  0.09970   3.55068   0.08235  
  1 99.0000 341329.944734  x:  0.12646   3.55088   0.09526  
  2 17017.2717 341286.747507  x:  0.12126   3.55168   0.11869  
  3 4124.3029 341192.491267  x:  0.12084   5.15204   0.12598  
  4 147.2853 341192.141552  x:  0.12197   5.15192   0.12628  
  5  0.0010 341192.136441  x:  0.12194   5.15095   0.12659  
  6  0.0007 341192.136423  x:  0.12194   5.15010   0.12658  
  7  0.0005 341192.136422  x:  0.12194   5.15008   0.12658  
  8  0.0000 341192.136422  x:  0.12194   5.15008   0.12658  
  9  0.0000 341192.136422  x:  0.12194   5.15008   0.12658  

4 (Bom_hyp) ... 1 (Apis_mel)
  0  0.0000 398520.050613  x:  0.53918   4.38137   0.10437  
  1 99.0000 398486.345156  x:  0.54164   4.38130   0.09357  
  2 5774.8178 398460.485918  x:  0.57098   4.38043   0.09080  
  3 1998.6420 398458.517560  x:  0.56946   4.25932   0.09065  
  4 30.9262 398458.501616  x:  0.56923   4.25526   0.09085  
  5  0.0049 398458.501518  x:  0.56919   4.25473   0.09085  
  6  0.0005 398458.501518  x:  0.56918   4.25476   0.09085  
  7  0.0000 398458.501518  x:  0.56918   4.25477   0.09085  
  8  0.0000 398458.501518  x:  0.56918   4.25476   0.09085  

4 (Bom_hyp) ... 2 (Bom_con)
  0  0.0000 338602.969053  x:  0.11498   3.56273   0.08658  
  1 99.0000 338528.902117  x:  0.10660   3.56333   0.11409  
  2 5595.0647 338520.896138  x:  0.11125   3.56366   0.11856  
  3 3181.0371 338428.527403  x:  0.11166   5.24229   0.12574  
  4 139.0266 338428.043913  x:  0.11071   5.24123   0.12810  
  5  0.0018 338428.031801  x:  0.11085   5.23857   0.12841  
  6  0.0023 338428.031684  x:  0.11084   5.23646   0.12842  
  7  0.0012 338428.031679  x:  0.11085   5.23627   0.12841  
  8  0.0002 338428.031679  x:  0.11085   5.23627   0.12841  
  9  0.0000 338428.031679  x:  0.11085   5.23627   0.12841  
check convergence!


4 (Bom_hyp) ... 3 (Bom_hor)
  0  0.0000 328821.277876  x:  0.06702   4.27979   0.17208  
  1 99.0000 328806.604719  x:  0.07253   4.27985   0.16966  
  2 5074.7536 328752.172249  x:  0.07246   4.28104   0.12304  
  3 2421.1048 328736.448315  x:  0.07235   5.21413   0.12945  
  4 37.9884 328736.228634  x:  0.07215   5.22022   0.12697  
  5  0.0087 328736.224063  x:  0.07206   5.22212   0.12711  
  6  0.0019 328736.224058  x:  0.07206   5.22281   0.12710  
  7  0.0004 328736.224058  x:  0.07206   5.22279   0.12711  

5 (Bom_mus) ... 1 (Apis_mel)
  0  0.0000 400852.667977  x:  0.44759   4.34957   0.19360  
  1 99.0000 399429.546426  x:  0.48056   4.34960   0.09779  
  2 20884.1835 399111.034117  x:  0.57452   4.34852   0.09500  
  3 8430.2717 399109.678682  x:  0.57376   4.25106   0.09454  
  4 25.7148 399106.121840  x:  0.57596   4.27511   0.09131  
  5  0.0676 399106.105055  x:  0.57666   4.27530   0.09114  
  6  0.0006 399106.104676  x:  0.57671   4.27552   0.09116  
  7  0.0002 399106.104676  x:  0.57671   4.27551   0.09116  

5 (Bom_mus) ... 2 (Bom_con)
  0  0.0000 340954.356568  x:  0.09907   3.63653   0.21740  
  1 99.0000 340825.101936  x:  0.11958   3.63685   0.20996  
  2 12741.8085 340593.519203  x:  0.11995   3.64038   0.12580  
  3 4998.8907 340506.981298  x:  0.11974   5.15485   0.14167  
  4 138.6890 340503.468584  x:  0.11941   5.20207   0.13320  
  5  0.0747 340503.369317  x:  0.11892   5.24018   0.13359  
  6  0.0269 340503.364872  x:  0.11900   5.25124   0.13363  
  7  0.0069 340503.364871  x:  0.11900   5.25139   0.13363  
  8  0.0002 340503.364871  x:  0.11900   5.25141   0.13363  
  9  0.0000 340503.364871  x:  0.11900   5.25141   0.13363  
check convergence!


5 (Bom_mus) ... 3 (Bom_hor)
  0  0.0000 329120.269899  x:  0.06764   4.31387   0.12776  
  1 99.0000 329106.330212  x:  0.07302   4.31390   0.12804  
  2 5381.9944 329106.024933  x:  0.07297   4.31441   0.13125  
  3 193.8250 329095.152844  x:  0.07291   5.07753   0.13500  
  4 32.3595 329095.147134  x:  0.07286   5.07457   0.13463  
  5  0.0027 329095.147132  x:  0.07286   5.07422   0.13462  
  6  0.0003 329095.147132  x:  0.07286   5.07421   0.13462  

5 (Bom_mus) ... 4 (Bom_hyp)
  0  0.0000 327961.444991  x:  0.05886   4.30153   0.21268  
  1 99.0000 327904.283249  x:  0.06899   4.30159   0.21048  
  2 11678.6051 327776.432503  x:  0.06932   4.30372   0.12860  
  3 2651.2530 327753.880294  x:  0.06924   5.45848   0.13830  
  4 44.7346 327753.252764  x:  0.06924   5.48544   0.13363  
  5  0.0455 327753.248177  x:  0.06921   5.50399   0.13372  
  6  0.0123 327753.248155  x:  0.06922   5.50425   0.13373  
  7  0.0002 327753.248155  x:  0.06922   5.50429   0.13373  
  8  0.0000 327753.248155  x:  0.06922   5.50428   0.13373  
  9  0.0000 327753.248155  x:  0.06922   5.50428   0.13373  
check convergence!


6 (Bom_pas) ... 1 (Apis_mel)
  0  0.0000 400159.362960  x:  0.55982   4.34556   0.15480  
  1 99.0000 399404.514606  x:  0.55254   4.34573   0.09509  
  2 20209.5975 399384.191887  x:  0.57762   4.34519   0.08996  
  3 1636.4303 399383.865951  x:  0.57693   4.29441   0.08988  
  4 12.1871 399382.223247  x:  0.57905   4.29113   0.09170  
  5  0.0089 399382.222697  x:  0.57918   4.29159   0.09168  
  6  0.0004 399382.222697  x:  0.57918   4.29155   0.09168  

6 (Bom_pas) ... 2 (Bom_con)
  0  0.0000 341214.590580  x:  0.12527   3.78999   0.19401  
  1 99.0000 341165.703763  x:  0.11310   3.79055   0.18023  
  2 5134.0232 341060.677889  x:  0.11790   3.79277   0.12857  
  3 6648.6498 340987.638896  x:  0.11850   5.26645   0.14115  
  4 121.1907 340985.368225  x:  0.12060   5.26941   0.13586  
  5  0.0072 340985.331549  x:  0.12086   5.26911   0.13646  
  6  0.0008 340985.331497  x:  0.12087   5.26926   0.13643  
  7  0.0001 340985.331497  x:  0.12087   5.26935   0.13643  
  8  0.0001 340985.331496  x:  0.12087   5.26936   0.13643  

6 (Bom_pas) ... 3 (Bom_hor)
  0  0.0000 329471.722154  x:  0.07012   4.45798   0.12465  
  1 99.0000 329462.778717  x:  0.07448   4.45801   0.12560  
  2 4135.7443 329458.448888  x:  0.07412   4.45845   0.13765  
  3 785.8955 329447.011156  x:  0.07406   5.26580   0.14144  
  4 31.3814 329447.008662  x:  0.07405   5.26421   0.14114  
  5  0.0014 329447.008661  x:  0.07405   5.26427   0.14114  
  6  0.0001 329447.008661  x:  0.07405   5.26430   0.14114  
  7  0.0000 329447.008661  x:  0.07405   5.26429   0.14114  

6 (Bom_pas) ... 4 (Bom_hyp)
  0  0.0000 328419.339539  x:  0.05484   4.23408   0.12094  
  1 99.0000 328269.579315  x:  0.07105   4.23412   0.12189  
  2 20290.3732 328263.580405  x:  0.07082   4.23506   0.13810  
  3 909.7336 328227.820126  x:  0.07070   5.73193   0.14543  
  4 57.5389 328227.621002  x:  0.07068   5.73087   0.14269  
  5  0.0024 328227.620511  x:  0.07068   5.73510   0.14260  
  6  0.0033 328227.620474  x:  0.07068   5.73648   0.14263  

6 (Bom_pas) ... 5 (Bom_mus)
  0  0.0000 313070.976742  x:  0.01845   4.68220   0.16127  
  1 99.0000 313037.083079  x:  0.02277   4.68220   0.16123  
  2 16929.6122 313035.766571  x:  0.02279   4.68285   0.14802  
  3 190.4865 313033.035597  x:  0.02276   5.41511   0.15230  
  4  8.1684 313033.030601  x:  0.02276   5.41454   0.15149  
  5  0.0011 313033.030601  x:  0.02276   5.41468   0.15149  
  6  0.0004 313033.030600  x:  0.02276   5.41468   0.15149  

7 (Bom_syl) ... 1 (Apis_mel)
  0  0.0000 400419.992458  x:  0.42000   4.46715   0.14213  
  1 99.0000 399656.719198  x:  0.48151   4.46664   0.08987  
  2 16542.1185 399332.100813  x:  0.54865   4.46580   0.10517  
  3 15464.4811 399325.450468  x:  0.54735   4.24011   0.10448  
  4 55.6538 399281.436989  x:  0.57222   4.28552   0.09260  
  5  0.0493 399281.030381  x:  0.57506   4.30059   0.09305  
  6  0.0133 399281.025171  x:  0.57535   4.29935   0.09293  
  7  0.0014 399281.025170  x:  0.57535   4.29928   0.09293  

7 (Bom_syl) ... 2 (Bom_con)
  0  0.0000 340963.306973  x:  0.12610   3.64905   0.14896  
  1 99.0000 340945.373695  x:  0.11837   3.64947   0.14363  
  2 3737.4438 340928.047461  x:  0.12065   3.65127   0.12502  
  3 2213.9231 340818.936975  x:  0.12091   5.44359   0.13787  
  4 154.6454 340818.054776  x:  0.12113   5.45473   0.13356  
  5  0.0119 340818.046474  x:  0.12117   5.47395   0.13358  
  6  0.0100 340818.046294  x:  0.12115   5.47465   0.13362  
  7  0.0007 340818.046294  x:  0.12115   5.47466   0.13362  

7 (Bom_syl) ... 3 (Bom_hor)
  0  0.0000 329522.959390  x:  0.06982   4.33499   0.22594  
  1 99.0000 329505.813536  x:  0.07588   4.33511   0.22115  
  2 4577.8143 329341.295926  x:  0.07570   4.33744   0.12902  
  3 4590.8811 329317.902227  x:  0.07550   5.48786   0.13921  
  4 46.7312 329316.668468  x:  0.07485   5.51988   0.13354  
  5  0.0500 329316.561824  x:  0.07441   5.52553   0.13440  
  6  0.0063 329316.561657  x:  0.07441   5.52877   0.13438  
  7  0.0023 329316.561652  x:  0.07441   5.52907   0.13439  
  8  0.0003 329316.561651  x:  0.07441   5.52905   0.13439  

7 (Bom_syl) ... 4 (Bom_hyp)
  0  0.0000 328361.402071  x:  0.06019   4.63571   0.19367  
  1 99.0000 328296.658475  x:  0.07113   4.63576   0.19176  
  2 12390.3126 328217.576647  x:  0.07140   4.63735   0.13076  
  3 2262.8337 328193.640247  x:  0.07132   5.94282   0.13967  
  4 42.3566 328193.192183  x:  0.07135   5.96229   0.13571  
  5  0.0291 328193.189527  x:  0.07136   5.97854   0.13574  
  6  0.0104 328193.189521  x:  0.07136   5.97850   0.13576  
  7  0.0000 328193.189521  x:  0.07136   5.97852   0.13576  
  8  0.0000 328193.189521  x:  0.07136   5.97852   0.13576  

7 (Bom_syl) ... 5 (Bom_mus)
  0  0.0000 327097.421020  x:  0.05181   4.90451   0.10761  
  1 99.0000 326961.857747  x:  0.06680   4.90452   0.10965  
  2 19669.5893 326927.890213  x:  0.06612   4.90479   0.14358  
  3 2297.6075 326916.997807  x:  0.06605   5.88369   0.14705  
  4 25.7540 326916.980529  x:  0.06600   5.84625   0.14718  
  5  0.0274 326916.980497  x:  0.06600   5.84576   0.14721  
  6  0.0004 326916.980496  x:  0.06600   5.84597   0.14721  
  7  0.0002 326916.980496  x:  0.06600   5.84597   0.14721  
  8  0.0000 326916.980496  x:  0.06600   5.84597   0.14721  
check convergence!


7 (Bom_syl) ... 6 (Bom_pas)
  0  0.0000 327282.728748  x:  0.06427   4.58703   0.13687  
  1 99.0000 327277.915817  x:  0.06730   4.58707   0.13744  
  2 3190.6403 327275.252744  x:  0.06707   4.58789   0.14800  
  3 542.2884 327248.978920  x:  0.06697   6.00766   0.15492  
  4 43.8558 327248.961396  x:  0.06701   6.00610   0.15402  
  5  0.0015 327248.961370  x:  0.06701   6.00690   0.15401  
  6  0.0007 327248.961369  x:  0.06701   6.00723   0.15401  
  7  0.0002 327248.961369  x:  0.06701   6.00722   0.15401  

8 (Bom_vet) ... 1 (Apis_mel)
  0  0.0000 401596.820126  x:  0.45298   4.89283   0.22387  
  1 99.0000 399590.459302  x:  0.48681   4.89229   0.09942  
  2 21792.0388 399267.901957  x:  0.58715   4.88964   0.09266  
  3 7965.7699 399227.160655  x:  0.58202   4.29457   0.09025  
  4 127.6618 399226.901828  x:  0.58056   4.28438   0.09113  
  5  0.0258 399226.719430  x:  0.57825   4.28405   0.09107  
  6  0.0027 399226.719398  x:  0.57826   4.28452   0.09106  
  7  0.0006 399226.719398  x:  0.57826   4.28451   0.09106  

8 (Bom_vet) ... 2 (Bom_con)
  0  0.0000 340673.910891  x:  0.11349   3.72840   0.12289  
  1 99.0000 340663.526997  x:  0.11957   3.72862   0.12352  
  2 3483.6731 340663.182460  x:  0.11944   3.73058   0.12610  
  3 216.6318 340578.218665  x:  0.11952   5.33296   0.13379  
  4 207.8242 340578.136787  x:  0.11955   5.33168   0.13248  
  5  0.0016 340578.136681  x:  0.11955   5.33337   0.13245  
  6  0.0011 340578.136673  x:  0.11955   5.33376   0.13246  
  7  0.0003 340578.136673  x:  0.11955   5.33375   0.13246  

8 (Bom_vet) ... 3 (Bom_hor)
  0  0.0000 329154.555932  x:  0.06463   4.47759   0.20967  
  1 99.0000 329122.374660  x:  0.07256   4.47764   0.20716  
  2 8062.8642 329009.757945  x:  0.07277   4.47902   0.13187  
  3 2704.5127 329001.877152  x:  0.07272   5.14017   0.13707  
  4 25.8141 329001.690199  x:  0.07263   5.15177   0.13464  
  5  0.0197 329001.685748  x:  0.07254   5.15543   0.13470  
  6  0.0033 329001.685745  x:  0.07254   5.15584   0.13470  
  7  0.0003 329001.685745  x:  0.07254   5.15584   0.13470  
  8  0.0000 329001.685745  x:  0.07254   5.15584   0.13470  

8 (Bom_vet) ... 4 (Bom_hyp)
  0  0.0000 327921.702956  x:  0.06805   4.37327   0.17103  
  1 99.0000 327914.771885  x:  0.07177   4.37347   0.16492  
  2 1977.7940 327881.858158  x:  0.07037   4.37466   0.12894  
  3 5388.4868 327858.740815  x:  0.07014   5.58739   0.13685  
  4 44.0098 327858.387113  x:  0.06953   5.59287   0.13450  
  5  0.0066 327858.384054  x:  0.06947   5.59497   0.13476  
  6  0.0024 327858.384030  x:  0.06947   5.59636   0.13475  
  7  0.0009 327858.384030  x:  0.06947   5.59641   0.13476  

8 (Bom_vet) ... 5 (Bom_mus)
  0  0.0000 312120.984263  x:  0.01859   4.52084   0.21951  
  1 99.0000 312116.690754  x:  0.02011   4.52084   0.21934  
  2 5842.9494 312085.067140  x:  0.02019   4.52227   0.14113  
  3 675.6114 312083.266692  x:  0.02017   5.11892   0.14611  
  4  6.5606 312083.230637  x:  0.02017   5.12496   0.14396  
  5  0.0109 312083.230598  x:  0.02016   5.12456   0.14393  
  6  0.0004 312083.230598  x:  0.02016   5.12450   0.14393  
  7  0.0001 312083.230598  x:  0.02016   5.12448   0.14393  
  8  0.0000 312083.230598  x:  0.02016   5.12448   0.14393  
  9  0.0000 312083.230598  x:  0.02016   5.12448   0.14393  
 10  0.0203 312083.230598  x:  0.02016   5.12448   0.14393  
 11  0.0029 312083.230598  x:  0.02016   5.12448   0.14393  
check convergence!


8 (Bom_vet) ... 6 (Bom_pas)
  0  0.0000 312895.727770  x:  0.02239   4.22363   0.17403  
  1 99.0000 312893.153914  x:  0.02350   4.22427   0.16219  
  2 433.8645 312887.947443  x:  0.02269   4.22551   0.13941  
  3 25905.9853 312874.448646  x:  0.02249   5.85901   0.15143  
  4 20.1987 312874.372157  x:  0.02239   5.85802   0.14865  
  5  0.0031 312874.372129  x:  0.02240   5.86020   0.14863  
  6  0.0021 312874.372127  x:  0.02240   5.86018   0.14863  
  7  0.0005 312874.372127  x:  0.02240   5.86018   0.14863  
check convergence!


8 (Bom_vet) ... 7 (Bom_syl)
  0  0.0000 326814.515777  x:  0.06205   4.66906   0.19802  
  1 99.0000 326806.809663  x:  0.06586   4.66912   0.19595  
  2 3668.4738 326750.376123  x:  0.06576   4.67072   0.14033  
  3 2268.6278 326729.232714  x:  0.06564   5.95493   0.14927  
  4 37.9452 326728.896657  x:  0.06547   5.97003   0.14561  
  5  0.0210 326728.891548  x:  0.06538   5.97845   0.14576  
  6  0.0078 326728.891430  x:  0.06538   5.98177   0.14576  
  7  0.0023 326728.891430  x:  0.06538   5.98177   0.14576  
  8  0.0000 326728.891430  x:  0.06538   5.98177   0.14576  
  9  0.0000 326728.891430  x:  0.06538   5.98177   0.14576  
check convergence!
