

2 (Bom_con) ... 1 (Apis_mel)
  0  0.0000 423338.030924  x:  0.45272   1.45784   0.39646  
  1 99.0000 415959.442624  x:  0.42708   1.52061   0.09155  
  2 25171.9908 415706.255587  x:  0.47009   1.53960   0.07213  
  3 11106.6787 413768.421654  x:  0.56096   2.74514   0.11499  
  4 4885.2979 413320.870736  x:  0.49216   3.23451   0.10262  
  5  0.8718 413145.539158  x:  0.54961   3.78685   0.09121  
  6  0.2037 413128.179043  x:  0.53841   4.02706   0.09529  
  7  0.1015 413127.789903  x:  0.54156   4.05263   0.09530  
  8  0.0204 413127.784566  x:  0.54149   4.05674   0.09524  
  9  0.0037 413127.784565  x:  0.54149   4.05679   0.09524  
 10  0.0000 413127.784565  x:  0.54149   4.05679   0.09524  
 11  0.0000 413127.784565  x:  0.54149   4.05679   0.09524  

3 (Bom_hor) ... 1 (Apis_mel)
  0  0.0000 414831.328536  x:  0.45069   3.64685   0.10952  
  1 99.0000 414489.645430  x:  0.51919   3.64758   0.08429  
  2 9293.0703 414403.369936  x:  0.54365   3.64796   0.09498  
  3 13977.5935 414371.054187  x:  0.54736   4.08899   0.09626  
  4 156.2778 414364.932154  x:  0.55985   4.09829   0.09296  
  5  0.0115 414364.918909  x:  0.55965   4.10296   0.09285  
  6  0.0041 414364.918866  x:  0.55964   4.10335   0.09286  
  7  0.0004 414364.918866  x:  0.55964   4.10337   0.09286  

3 (Bom_hor) ... 2 (Bom_con)
  0  0.0000 353980.028982  x:  0.11539   3.69236   0.08186  
  1 99.0000 353862.703844  x:  0.12528   3.69270   0.11211  
  2 8203.3130 353844.087043  x:  0.11759   3.69303   0.11932  
  3 4227.6863 353779.019752  x:  0.11725   5.03798   0.12460  
  4 117.6794 353777.605192  x:  0.11846   5.02816   0.12855  
  5  0.0067 353777.564045  x:  0.11817   5.02495   0.12916  
  6  0.0031 353777.563965  x:  0.11818   5.02342   0.12917  
  7  0.0010 353777.563962  x:  0.11817   5.02325   0.12916  

4 (Bom_hyp) ... 1 (Apis_mel)
  0  0.0000 413642.347590  x:  0.40710   4.33594   0.11337  
  1 99.0000 412768.658273  x:  0.54848   4.33435   0.08990  
  2 14050.3417 412766.323234  x:  0.54923   4.33426   0.09237  
  3 1861.2142 412758.579844  x:  0.54759   4.10003   0.09194  
  4 63.1512 412758.568714  x:  0.54712   4.09397   0.09193  
  5  0.0049 412758.568066  x:  0.54703   4.09532   0.09195  
  6  0.0012 412758.568064  x:  0.54703   4.09528   0.09196  

4 (Bom_hyp) ... 2 (Bom_con)
  0  0.0000 351416.343032  x:  0.08739   3.48604   0.10441  
  1 99.0000 351238.038974  x:  0.10946   3.48621   0.10754  
  2 17353.4345 351228.933626  x:  0.10881   3.48733   0.11991  
  3 1551.7362 351132.995660  x:  0.10858   5.12585   0.12909  
  4 148.2218 351132.915838  x:  0.10869   5.12681   0.12783  
  5  0.0012 351132.915536  x:  0.10867   5.12957   0.12780  
  6  0.0017 351132.915520  x:  0.10867   5.13008   0.12782  
  7  0.0004 351132.915519  x:  0.10867   5.13012   0.12782  
  8  0.0000 351132.915519  x:  0.10867   5.13011   0.12782  
  9  0.0000 351132.915519  x:  0.10867   5.13011   0.12782  

4 (Bom_hyp) ... 3 (Bom_hor)
  0  0.0000 340369.883168  x:  0.05998   4.19950   0.18263  
  1 99.0000 340332.838818  x:  0.06802   4.19955   0.18045  
  2 9300.7947 340242.135107  x:  0.06819   4.20110   0.11929  
  3 2651.1956 340222.376317  x:  0.06808   5.24480   0.12733  
  4 43.3521 340221.861338  x:  0.06803   5.26189   0.12341  
  5  0.0267 340221.858503  x:  0.06797   5.26957   0.12344  
  6  0.0063 340221.858460  x:  0.06797   5.27103   0.12345  
  7  0.0011 340221.858460  x:  0.06797   5.27103   0.12345  

5 (Bom_mus) ... 1 (Apis_mel)
  0  0.0000 414738.062692  x:  0.53912   4.33102   0.18258  
  1 99.0000 413383.141584  x:  0.52504   4.33121   0.09619  
  2 23371.7791 413353.624299  x:  0.55153   4.33019   0.08928  
  3 2199.2069 413347.873303  x:  0.54879   4.12605   0.08882  
  4 53.7001 413342.108708  x:  0.55419   4.11042   0.09191  
  5  0.0383 413342.095000  x:  0.55454   4.11304   0.09172  
  6  0.0025 413342.094974  x:  0.55454   4.11266   0.09171  
  7  0.0004 413342.094974  x:  0.55454   4.11266   0.09171  

5 (Bom_mus) ... 2 (Bom_con)
  0  0.0000 353178.718150  x:  0.11340   3.70869   0.09969  
  1 99.0000 353147.300909  x:  0.12087   3.70905   0.11288  
  2 4293.8160 353133.335655  x:  0.11546   3.70960   0.12347  
  3 3401.6427 353064.266837  x:  0.11514   5.11981   0.13026  
  4 120.0882 353063.869406  x:  0.11616   5.10846   0.13136  
  5  0.0098 353063.857324  x:  0.11606   5.10304   0.13177  
  6  0.0043 353063.857198  x:  0.11606   5.10089   0.13175  
  7  0.0013 353063.857198  x:  0.11606   5.10088   0.13175  
  8  0.0000 353063.857198  x:  0.11606   5.10088   0.13175  

5 (Bom_mus) ... 3 (Bom_hor)
  0  0.0000 340866.802259  x:  0.07295   4.09228   0.11368  
  1 99.0000 340861.080592  x:  0.06973   4.09232   0.11469  
  2 3167.0005 340855.601778  x:  0.06988   4.09287   0.12719  
  3 1002.9413 340835.826005  x:  0.06976   5.10212   0.13215  
  4 45.0498 340835.808770  x:  0.06958   5.09798   0.13208  
  5  0.0043 340835.808543  x:  0.06958   5.09439   0.13203  
  6  0.0026 340835.808541  x:  0.06958   5.09430   0.13204  

5 (Bom_mus) ... 4 (Bom_hyp)
  0  0.0000 339438.116392  x:  0.06849   4.38892   0.16604  
  1 99.0000 339428.982046  x:  0.06450   4.38899   0.16295  
  2 3527.8418 339374.613649  x:  0.06582   4.39016   0.11742  
  3 3184.1073 339355.413687  x:  0.06582   5.49079   0.12451  
  4 39.7270 339355.078979  x:  0.06621   5.50209   0.12169  
  5  0.0147 339355.072061  x:  0.06631   5.50665   0.12192  
  6  0.0049 339355.071974  x:  0.06631   5.50928   0.12191  
  7  0.0018 339355.071973  x:  0.06631   5.50931   0.12192  

6 (Bom_pas) ... 1 (Apis_mel)
  0  0.0000 413756.334074  x:  0.51718   4.64494   0.11145  
  1 99.0000 413692.743004  x:  0.52214   4.64464   0.09609  
  2 7350.9653 413636.176424  x:  0.56376   4.64240   0.09271  
  3 3303.1808 413603.591886  x:  0.55806   4.13418   0.09198  
  4 120.4553 413603.542532  x:  0.55701   4.13223   0.09231  
  5  0.0024 413603.541112  x:  0.55689   4.13254   0.09227  
  6  0.0004 413603.541112  x:  0.55689   4.13253   0.09227  

6 (Bom_pas) ... 2 (Bom_con)
  0  0.0000 353531.386034  x:  0.12455   3.64713   0.11362  
  1 99.0000 353515.450087  x:  0.11703   3.64740   0.11666  
  2 3843.3053 353509.608948  x:  0.11765   3.64843   0.12651  
  3 1355.4409 353427.377886  x:  0.11771   5.17559   0.13505  
  4 135.8688 353427.304271  x:  0.11752   5.15708   0.13395  
  5  0.0151 353427.302928  x:  0.11757   5.15245   0.13389  
  6  0.0038 353427.302813  x:  0.11757   5.15092   0.13391  

6 (Bom_pas) ... 3 (Bom_hor)
  0  0.0000 341318.595286  x:  0.06870   4.26506   0.14202  
  1 99.0000 341314.818345  x:  0.07143   4.26511   0.14139  
  2 2747.9273 341311.293094  x:  0.07144   4.26593   0.13055  
  3 653.3057 341291.769233  x:  0.07130   5.30378   0.13660  
  4 43.3141 341291.720521  x:  0.07134   5.30168   0.13531  
  5  0.0025 341291.720488  x:  0.07134   5.30045   0.13529  
  6  0.0010 341291.720486  x:  0.07134   5.30027   0.13530  
  7  0.0002 341291.720486  x:  0.07134   5.30026   0.13530  

6 (Bom_pas) ... 4 (Bom_hyp)
  0  0.0000 340032.589402  x:  0.06330   4.29978   0.11084  
  1 99.0000 340016.107469  x:  0.06878   4.29983   0.11183  
  2 6100.4054 340010.652530  x:  0.06845   4.30052   0.12417  
  3 945.5506 339974.832065  x:  0.06828   5.83958   0.13108  
  4 56.2102 339974.814153  x:  0.06836   5.83697   0.13037  
  5  0.0022 339974.814049  x:  0.06835   5.83811   0.13034  
  6  0.0009 339974.814046  x:  0.06835   5.83865   0.13035  
  7  0.0003 339974.814046  x:  0.06835   5.83865   0.13035  
  8  0.0000 339974.814046  x:  0.06835   5.83865   0.13034  
  9  0.0000 339974.814046  x:  0.06835   5.83865   0.13034  

6 (Bom_pas) ... 5 (Bom_mus)
  0  0.0000 324537.734821  x:  0.01814   4.83676   0.15762  
  1 99.0000 324516.312810  x:  0.02145   4.83676   0.15752  
  2 13749.7400 324510.565045  x:  0.02148   4.83777   0.13115  
  3 400.9257 324502.865244  x:  0.02148   6.23668   0.13944  
  4 12.9225 324502.807873  x:  0.02145   6.33062   0.13783  
  5  0.1433 324502.788796  x:  0.02143   6.30618   0.13639  
  6  0.0303 324502.781153  x:  0.02142   6.25826   0.13654  
  7  0.0204 324502.780975  x:  0.02143   6.25484   0.13652  
  8  0.0031 324502.780969  x:  0.02143   6.25641   0.13652  
  9  0.0010 324502.780969  x:  0.02143   6.25602   0.13652  
 10  0.0011 324502.780965  x:  0.02143   6.25576   0.13652  
 11  0.0002 324502.780965  x:  0.02143   6.25576   0.13652  
 12  0.0128 324502.780965  x:  0.02143   6.25576   0.13652  
check convergence!


7 (Bom_syl) ... 1 (Apis_mel)
  0  0.0000 415103.669944  x:  0.45769   5.08783   0.15807  
  1 99.0000 414486.375837  x:  0.48208   5.08701   0.10090  
  2 16286.1995 414225.601316  x:  0.56533   5.08388   0.09896  
  3 8132.8730 414118.677978  x:  0.55769   4.12508   0.09651  
  4 199.8383 414117.289089  x:  0.55771   4.13093   0.09449  
  5  0.0115 414117.216491  x:  0.55618   4.12365   0.09464  
  6  0.0067 414117.215744  x:  0.55616   4.12578   0.09465  
  7  0.0029 414117.215744  x:  0.55616   4.12577   0.09465  

7 (Bom_syl) ... 2 (Bom_con)
  0  0.0000 354374.246509  x:  0.09822   3.59524   0.17040  
  1 99.0000 354236.746687  x:  0.11869   3.59549   0.16687  
  2 14188.6175 354189.526505  x:  0.11893   3.59772   0.13302  
  3 2597.9186 354100.534027  x:  0.11879   5.13279   0.14632  
  4 144.5347 354099.421227  x:  0.11893   5.13464   0.14131  
  5  0.0061 354099.419741  x:  0.11898   5.13962   0.14123  
  6  0.0035 354099.419638  x:  0.11897   5.14099   0.14127  
  7  0.0011 354099.419635  x:  0.11897   5.14111   0.14127  
  8  0.0001 354099.419635  x:  0.11897   5.14111   0.14127  

7 (Bom_syl) ... 3 (Bom_hor)
  0  0.0000 342125.961810  x:  0.06055   4.37241   0.20191  
  1 99.0000 342050.933520  x:  0.07212   4.37246   0.20028  
  2 13689.9689 341986.649891  x:  0.07237   4.37387   0.14379  
  3 2007.0835 341974.773280  x:  0.07231   5.16250   0.15014  
  4 33.2658 341974.630784  x:  0.07235   5.16882   0.14783  
  5  0.0097 341974.630551  x:  0.07236   5.17146   0.14782  
  6  0.0021 341974.630550  x:  0.07236   5.17161   0.14783  
  7  0.0001 341974.630550  x:  0.07236   5.17162   0.14783  

7 (Bom_syl) ... 4 (Bom_hyp)
  0  0.0000 340727.092010  x:  0.06655   4.28635   0.24096  
  1 99.0000 340709.783788  x:  0.07241   4.28660   0.23190  
  2 3301.8514 340538.426914  x:  0.07155   4.28929   0.13389  
  3 9121.1114 340512.753776  x:  0.07120   5.54760   0.14612  
  4 48.9732 340509.699558  x:  0.06958   5.56288   0.13855  
  5  0.0223 340509.442264  x:  0.06904   5.54579   0.14059  
  6  0.0238 340509.441045  x:  0.06904   5.53687   0.14047  
  7  0.0061 340509.441021  x:  0.06904   5.53629   0.14049  
  8  0.0006 340509.441021  x:  0.06904   5.53628   0.14049  
  9  0.0000 340509.441021  x:  0.06904   5.53629   0.14049  

7 (Bom_syl) ... 5 (Bom_mus)
  0  0.0000 339885.724405  x:  0.05549   4.56284   0.17552  
  1 99.0000 339823.299146  x:  0.06555   4.56286   0.17494  
  2 13155.2407 339813.513256  x:  0.06567   4.56375   0.15342  
  3 834.4466 339802.784502  x:  0.06561   5.39101   0.15887  
  4 28.6776 339802.709780  x:  0.06564   5.39305   0.15700  
  5  0.0031 339802.709699  x:  0.06565   5.39513   0.15701  
  6  0.0016 339802.709698  x:  0.06565   5.39523   0.15701  
  7  0.0001 339802.709698  x:  0.06565   5.39523   0.15701  
check convergence!


7 (Bom_syl) ... 6 (Bom_pas)
  0  0.0000 340153.413542  x:  0.05871   4.57567   0.20095  
  1 99.0000 340118.339525  x:  0.06640   4.57571   0.19989  
  2 9440.9852 340087.141475  x:  0.06657   4.57712   0.15783  
  3 1352.1714 340071.736078  x:  0.06651   5.58257   0.16538  
  4 34.4926 340071.593388  x:  0.06654   5.58830   0.16275  
  5  0.0080 340071.593135  x:  0.06654   5.59263   0.16276  
  6  0.0031 340071.593133  x:  0.06654   5.59273   0.16277  
  7  0.0001 340071.593133  x:  0.06654   5.59272   0.16276  
  8  0.0000 340071.593133  x:  0.06654   5.59273   0.16276  

8 (Bom_vet) ... 1 (Apis_mel)
  0  0.0000 415611.165897  x:  0.45174   4.53938   0.21345  
  1 99.0000 413804.371801  x:  0.47523   4.53914   0.10102  
  2 22058.5117 413531.921982  x:  0.56332   4.53701   0.09165  
  3 7470.9945 413509.918390  x:  0.55952   4.12983   0.08978  
  4 102.6874 413509.114949  x:  0.55875   4.11512   0.09128  
  5  0.0510 413509.007933  x:  0.55693   4.11632   0.09142  
  6  0.0018 413509.007886  x:  0.55692   4.11577   0.09142  
  7  0.0006 413509.007886  x:  0.55691   4.11578   0.09142  

8 (Bom_vet) ... 2 (Bom_con)
  0  0.0000 353582.135652  x:  0.12110   3.47927   0.21117  
  1 99.0000 353508.947336  x:  0.10685   3.48006   0.19362  
  2 6207.5419 353310.551661  x:  0.11176   3.48339   0.12183  
  3 9796.9291 353204.865327  x:  0.11257   5.09284   0.13893  
  4 162.3602 353197.643665  x:  0.11598   5.12865   0.12977  
  5  0.0442 353197.405506  x:  0.11663   5.13910   0.13121  
  6  0.0127 353197.399000  x:  0.11668   5.15240   0.13108  
  7  0.0085 353197.398438  x:  0.11665   5.15509   0.13116  
  8  0.0022 353197.398438  x:  0.11665   5.15510   0.13116  
  9  0.0000 353197.398438  x:  0.11665   5.15510   0.13116  
 10  0.0000 353197.398438  x:  0.11665   5.15510   0.13116  
 11  0.0000 353197.398438  x:  0.11665   5.15511   0.13116  
 12  0.0000 353197.398438  x:  0.11665   5.15511   0.13116  
check convergence!


8 (Bom_vet) ... 3 (Bom_hor)
  0  0.0000 341225.601435  x:  0.06453   4.31167   0.22609  
  1 99.0000 341204.533411  x:  0.07090   4.31174   0.22274  
  2 6143.2822 341031.987079  x:  0.07101   4.31378   0.12848  
  3 3652.9137 341018.704490  x:  0.07090   5.14716   0.13617  
  4 35.3208 341017.887211  x:  0.07055   5.17644   0.13135  
  5  0.0507 341017.825298  x:  0.07022   5.18320   0.13185  
  6  0.0068 341017.825237  x:  0.07022   5.18512   0.13185  
  7  0.0015 341017.825236  x:  0.07022   5.18522   0.13185  
  8  0.0001 341017.825236  x:  0.07022   5.18522   0.13185  
  9  0.0000 341017.825236  x:  0.07022   5.18522   0.13185  
 10  0.1183 341017.825236  x:  0.07022   5.18522   0.13185  
check convergence!


8 (Bom_vet) ... 4 (Bom_hyp)
  0  0.0000 339693.238235  x:  0.05743   4.35515   0.14276  
  1 99.0000 339638.135382  x:  0.06708   4.35520   0.14173  
  2 12014.1980 339620.375933  x:  0.06721   4.35619   0.11740  
  3 1359.0074 339593.784412  x:  0.06709   5.67396   0.12487  
  4 47.2374 339593.597613  x:  0.06713   5.68048   0.12249  
  5  0.0079 339593.596936  x:  0.06714   5.68799   0.12249  
  6  0.0048 339593.596930  x:  0.06714   5.68815   0.12250  
  7  0.0001 339593.596930  x:  0.06714   5.68816   0.12250  

8 (Bom_vet) ... 5 (Bom_mus)
  0  0.0000 323992.249780  x:  0.01674   4.65227   0.11818  
  1 99.0000 323968.648140  x:  0.02009   4.65227   0.11817  
  2 15050.8511 323968.497814  x:  0.02009   4.65268   0.11458  
  3 79.1924 323965.112657  x:  0.02005   5.52647   0.11848  
  4  8.7054 323965.107782  x:  0.02005   5.52599   0.11780  
  5  0.0008 323965.107778  x:  0.02005   5.52659   0.11780  
  6  0.0005 323965.107778  x:  0.02005   5.52662   0.11780  
  7  0.0000 323965.107778  x:  0.02005   5.52662   0.11780  

8 (Bom_vet) ... 6 (Bom_pas)
  0  0.0000 324801.492401  x:  0.01773   4.39321   0.10608  
  1 99.0000 324760.099008  x:  0.02235   4.39322   0.10616  
  2 19499.8968 324758.430557  x:  0.02232   4.39404   0.11803  
  3 306.3091 324739.676896  x:  0.02221   6.54615   0.12716  
  4 22.6618 324739.636710  x:  0.02221   6.52401   0.12520  
  5  0.0174 324739.636614  x:  0.02221   6.51968   0.12514  
  6  0.0027 324739.636604  x:  0.02221   6.51768   0.12514  
  7  0.0031 324739.636599  x:  0.02221   6.51831   0.12516  
  8  0.0007 324739.636597  x:  0.02221   6.51815   0.12516  

8 (Bom_vet) ... 7 (Bom_syl)
  0  0.0000 339786.735550  x:  0.05099   5.10013   0.15927  
  1 99.0000 339655.039864  x:  0.06520   5.10014   0.15924  
  2 20253.6624 339654.657134  x:  0.06523   5.10050   0.15512  
  3 177.3290 339650.980963  x:  0.06520   5.64795   0.15791  
  4 14.6844 339650.976058  x:  0.06519   5.63738   0.15745  
  5  0.0102 339650.976027  x:  0.06519   5.63599   0.15746  
  6  0.0012 339650.976027  x:  0.06519   5.63600   0.15746  
  7  0.0000 339650.976027  x:  0.06519   5.63600   0.15746  