

2 (And_ful) ... 1 (And_bic)
  0  0.0000 1089374.442187  x:  0.14731   1.41718   0.42349  
  1 99.0000 1078987.493877  x:  0.27974   1.49182   0.05432  
  2 38409.5880 1078640.004863  x:  0.27745   1.49515   0.03714  
  3 168134.0345 1071763.489544  x:  0.17246   4.17555   0.07295  
  4 6411.7042 1071679.691998  x:  0.16277   4.05598   0.06522  
  5  0.0968 1071646.416044  x:  0.16694   3.89983   0.05857  
  6  0.1492 1071643.138710  x:  0.16838   3.83574   0.05981  
  7  0.0297 1071641.194111  x:  0.16742   3.74733   0.05937  
  8  0.0505 1071641.168601  x:  0.16725   3.75129   0.05950  
  9  0.0042 1071641.168597  x:  0.16725   3.75117   0.05950  

3 (And_hae) ... 1 (And_bic)
  0  0.0000 1067702.498615  x:  0.16665   3.19214   0.05095  
  1 99.0000 1067614.309020  x:  0.15838   3.19230   0.06051  
  2 14445.0986 1067613.298338  x:  0.15734   3.19247   0.05979  
  3 1587.2681 1067571.322574  x:  0.15760   3.62562   0.06137  
  4 213.1028 1067571.313896  x:  0.15756   3.62396   0.06125  
  5  0.0016 1067571.313861  x:  0.15757   3.62378   0.06125  
  6  0.0002 1067571.313861  x:  0.15757   3.62376   0.06125  
  7  0.0000 1067571.313861  x:  0.15757   3.62376   0.06125  
  8  0.0000 1067571.313861  x:  0.15757   3.62376   0.06125  

3 (And_hae) ... 2 (And_ful)
  0  0.0000 1064291.941568  x:  0.15425   3.13495   0.06339  
  1 99.0000 1064288.274837  x:  0.15253   3.13529   0.06166  
  2 2941.7405 1064287.888750  x:  0.15309   3.13669   0.06102  
  3 482.5467 1064135.283713  x:  0.15278   3.99579   0.06539  
  4 1480.5325 1064134.930220  x:  0.15294   4.01044   0.06464  
  5  0.0126 1064134.924802  x:  0.15293   4.01635   0.06467  
  6  0.0041 1064134.924794  x:  0.15293   4.01631   0.06468  

4 (And_hat) ... 1 (And_bic)
  0  0.0000 1047680.412492  x:  0.10750   3.58519   0.18231  
  1 99.0000 1046891.475913  x:  0.14056   3.58572   0.13645  
  2 30641.1116 1045648.814908  x:  0.13872   3.58653   0.06085  
  3 66843.7821 1045642.088897  x:  0.13837   3.79872   0.06262  
  4 57.7758 1045390.887391  x:  0.11997   3.65564   0.06411  
  5  0.1500 1045390.740629  x:  0.11996   3.65428   0.06350  
  6  0.0031 1045390.723665  x:  0.11997   3.64376   0.06346  
  7  0.0124 1045390.723665  x:  0.11997   3.64374   0.06346  
  8  0.0000 1045390.723665  x:  0.11997   3.64374   0.06346  

4 (And_hat) ... 2 (And_ful)
  0  0.0000 1066850.875291  x:  0.13630   3.24376   0.09116  
  1 99.0000 1066268.765920  x:  0.16423   3.24426   0.06984  
  2 34513.4757 1066180.411254  x:  0.16088   3.24468   0.05757  
  3 15134.2873 1066042.669670  x:  0.16034   4.09449   0.06169  
  4 370.3907 1066039.037848  x:  0.15789   4.08965   0.06134  
  5  0.0053 1066039.030797  x:  0.15786   4.08777   0.06144  
  6  0.0019 1066039.030634  x:  0.15786   4.08676   0.06144  
  7  0.0007 1066039.030634  x:  0.15786   4.08676   0.06144  

4 (And_hat) ... 3 (And_hae)
  0  0.0000 1062763.376190  x:  0.15742   3.60894   0.05615  
  1 99.0000 1062713.686930  x:  0.14955   3.60906   0.06145  
  2 10414.3030 1062713.534760  x:  0.14981   3.60918   0.06189  
  3 577.5043 1062688.026131  x:  0.14995   4.00335   0.06316  
  4 146.4087 1062688.020318  x:  0.14986   4.00189   0.06317  
  5  0.0014 1062688.020303  x:  0.14986   4.00159   0.06317  
  6  0.0003 1062688.020303  x:  0.14986   4.00159   0.06317  

5 (And_mar) ... 1 (And_bic)
  0  0.0000 1026584.181722  x:  0.09301   3.60367   0.12672  
  1 99.0000 1026266.224094  x:  0.07955   3.60372   0.09826  
  2 18941.2771 1025892.790373  x:  0.08445   3.60375   0.05911  
  3 55517.9663 1025878.321383  x:  0.08425   3.28716   0.05717  
  4 83.0669 1025827.818321  x:  0.08998   3.18797   0.06244  
  5  0.1212 1025825.062604  x:  0.09068   3.22422   0.06005  
  6  0.0541 1025825.059149  x:  0.09067   3.22048   0.05998  
  7  0.0044 1025825.059119  x:  0.09066   3.22066   0.05998  
  8  0.0002 1025825.059119  x:  0.09066   3.22066   0.05998  

5 (And_mar) ... 2 (And_ful)
  0  0.0000 1073772.710352  x:  0.16209   3.11791   0.18093  
  1 99.0000 1070663.006265  x:  0.14382   3.12046   0.06333  
  2 36617.0733 1070478.839386  x:  0.15600   3.12085   0.05147  
  3 31976.0604 1070334.782765  x:  0.15976   3.87556   0.05841  
  4 424.7944 1070317.710079  x:  0.16343   3.76419   0.06127  
  5  0.2464 1070317.162008  x:  0.16402   3.75254   0.06044  
  6  0.0097 1070317.160670  x:  0.16400   3.75035   0.06042  
  7  0.0018 1070317.160665  x:  0.16400   3.75032   0.06042  

5 (And_mar) ... 3 (And_hae)
  0  0.0000 1065761.531095  x:  0.15688   3.37457   0.06140  
  1 99.0000 1065753.933607  x:  0.15334   3.37465   0.06146  
  2 4240.2224 1065753.877771  x:  0.15332   3.37475   0.06179  
  3 327.9370 1065743.858716  x:  0.15339   3.60018   0.06261  
  4 103.9527 1065743.849024  x:  0.15337   3.59336   0.06256  
  5  0.0062 1065743.849015  x:  0.15337   3.59329   0.06256  

5 (And_mar) ... 4 (And_hat)
  0  0.0000 1043936.128991  x:  0.09742   3.16999   0.16123  
  1 99.0000 1043396.228911  x:  0.12214   3.17031   0.14223  
  2 37664.4758 1042175.789280  x:  0.12157   3.17159   0.06372  
  3 35784.0525 1042154.573494  x:  0.12130   3.50370   0.06714  
  4 134.1170 1042112.115274  x:  0.11526   3.54866   0.06212  
  5  0.0472 1042106.846353  x:  0.11387   3.51706   0.06517  
  6  0.0651 1042106.837679  x:  0.11392   3.51065   0.06514  
  7  0.0058 1042106.837606  x:  0.11392   3.51034   0.06513  
  8  0.0003 1042106.837606  x:  0.11392   3.51035   0.06513  

6 (And_tri) ... 1 (And_bic)
  0  0.0000 1043930.280373  x:  0.10459   3.19914   0.11988  
  1 99.0000 1043464.385207  x:  0.12733   3.19926   0.09231  
  2 27431.3625 1043070.531010  x:  0.12338   3.19938   0.05758  
  3 36824.7367 1043065.488979  x:  0.12352   3.05419   0.05663  
  4 62.0315 1043011.025641  x:  0.11572   2.99774   0.06025  
  5  0.0618 1043010.209043  x:  0.11540   3.01032   0.05906  
  6  0.0199 1043010.208164  x:  0.11543   3.00989   0.05903  
  7  0.0005 1043010.208164  x:  0.11543   3.00992   0.05903  
  8  0.0000 1043010.208164  x:  0.11543   3.00992   0.05903  
  9  0.0000 1043010.208164  x:  0.11543   3.00992   0.05903  

6 (And_tri) ... 2 (And_ful)
  0  0.0000 1066609.682198  x:  0.13669   2.67983   0.05966  
  1 99.0000 1066317.210744  x:  0.15772   2.68033   0.05582  
  2 28870.4133 1066314.185645  x:  0.15753   2.68087   0.05370  
  3 2729.5824 1066044.876934  x:  0.15739   3.68547   0.05867  
  4 682.5268 1066044.194800  x:  0.15764   3.68556   0.05759  
  5  0.0010 1066044.193167  x:  0.15768   3.68773   0.05760  
  6  0.0015 1066044.193109  x:  0.15767   3.68811   0.05760  

6 (And_tri) ... 3 (And_hae)
  0  0.0000 1063728.036917  x:  0.14397   3.44803   0.10909  
  1 99.0000 1062985.174135  x:  0.15096   3.44843   0.06200  
  2 24721.7036 1062982.671404  x:  0.14907   3.44847   0.06152  
  3 2548.1055 1062980.182808  x:  0.14901   3.55853   0.06225  
  4 46.2631 1062979.525795  x:  0.14929   3.56619   0.06118  
  5  0.0149 1062979.525464  x:  0.14928   3.56679   0.06116  
  6  0.0006 1062979.525463  x:  0.14928   3.56682   0.06116  
  7  0.0000 1062979.525463  x:  0.14928   3.56682   0.06116  

6 (And_tri) ... 4 (And_hat)
  0  0.0000 1041167.458830  x:  0.12093   3.18660   0.10234  
  1 99.0000 1040850.426853  x:  0.10460   3.18683   0.08387  
  2 24387.8788 1040645.778392  x:  0.10950   3.18715   0.05957  
  3 23172.9200 1040632.563857  x:  0.10968   3.45853   0.06124  
  4 102.0746 1040625.012312  x:  0.11249   3.44137   0.06212  
  5  0.0192 1040624.944198  x:  0.11255   3.44219   0.06171  
  6  0.0012 1040624.944164  x:  0.11255   3.44185   0.06171  
  7  0.0003 1040624.944164  x:  0.11255   3.44184   0.06171  

6 (And_tri) ... 5 (And_mar)
  0  0.0000 1040510.839956  x:  0.09971   3.01550   0.07780  
  1 99.0000 1040370.248054  x:  0.11173   3.01552   0.07262  
  2 22365.4264 1040327.854654  x:  0.11088   3.01555   0.06168  
  3 8082.1892 1040327.311251  x:  0.11090   2.96770   0.06142  
  4 22.0497 1040327.099003  x:  0.11042   2.96620   0.06155  
  5  0.0015 1040327.098837  x:  0.11041   2.96635   0.06153  
  6  0.0002 1040327.098837  x:  0.11041   2.96637   0.06153  

7 (Bom_pas) ... 1 (And_bic)
  0  0.0000 1322743.691739  x:  1.25160   2.66378   0.17697  
  1 99.0000 1299024.897022  x:  1.22754   2.66756   0.04825  
  2 211975.8028 1298858.163095  x:  1.17859   2.69365   0.05642  
  3 6457.5680 1297499.994427  x:  1.31514   4.07533   0.05516  
  4 2835.8170 1296928.819765  x:  1.15069   4.08930   0.05596  
  5  0.1661 1296924.248750  x:  1.16339   4.16768   0.05506  
  6  0.0526 1296923.711163  x:  1.15994   4.18523   0.05531  
  7  0.0173 1296923.691472  x:  1.16050   4.18756   0.05535  
  8  0.0024 1296923.691456  x:  1.16051   4.18772   0.05535  
  9  0.0002 1296923.691456  x:  1.16051   4.18772   0.05535  

7 (Bom_pas) ... 2 (And_ful)
  0  0.0000 1329744.052515  x:  1.39036   3.57458   0.18639  
  1 99.0000 1301884.010391  x:  1.36505   3.57697   0.04661  
  2 221553.7781 1301796.785040  x:  1.33128   3.58656   0.05203  
  3 5234.1882 1301339.818164  x:  1.40651   4.59382   0.05084  
  4 1077.5752 1300962.480154  x:  1.23446   4.44584   0.05384  
  5  0.1986 1300961.022693  x:  1.24031   4.47591   0.05319  
  6  0.0270 1300960.980842  x:  1.23893   4.47808   0.05322  
  7  0.0031 1300960.978983  x:  1.23907   4.47996   0.05322  
  8  0.0015 1300960.978983  x:  1.23907   4.47998   0.05322  
  9  0.0000 1300960.978983  x:  1.23907   4.47997   0.05322  

7 (Bom_pas) ... 3 (And_hae)
  0  0.0000 1299571.072195  x:  1.35184   3.87736   0.06744  
  1 99.0000 1298034.332348  x:  1.34996   3.87756   0.04757  
  2 133331.2284 1297346.034565  x:  1.13865   3.91153   0.05856  
  3 5807.2579 1297282.895652  x:  1.17321   4.27094   0.05787  
  4 368.6555 1297257.754878  x:  1.15807   4.29317   0.05625  
  5  0.0310 1297257.184393  x:  1.16286   4.29164   0.05584  
  6  0.0061 1297257.184215  x:  1.16291   4.29173   0.05585  
  7  0.0001 1297257.184214  x:  1.16291   4.29176   0.05585  

7 (Bom_pas) ... 4 (And_hat)
  0  0.0000 1299780.638152  x:  1.20709   3.82116   0.08393  
  1 99.0000 1297042.096293  x:  1.20445   3.82143   0.05261  
  2 143628.6280 1296963.661097  x:  1.14330   3.83957   0.05686  
  3 2382.3890 1296850.333787  x:  1.18226   4.32963   0.05607  
  4 514.7523 1296840.607115  x:  1.17229   4.33043   0.05505  
  5  0.0146 1296840.601314  x:  1.17184   4.33153   0.05508  
  6  0.0012 1296840.601288  x:  1.17187   4.33177   0.05508  

7 (Bom_pas) ... 5 (And_mar)
  0  0.0000 1314242.784791  x:  1.13311   3.75887   0.17769  
  1 99.0000 1296486.460329  x:  1.11394   3.76020   0.05646  
  2 179927.4012 1296483.852806  x:  1.12037   3.76700   0.05548  
  3 549.5416 1296407.854133  x:  1.13828   4.15351   0.05597  
  4 955.8150 1296405.486531  x:  1.14860   4.15676   0.05588  
  5  0.0150 1296405.461567  x:  1.14914   4.15772   0.05578  
  6  0.0011 1296405.461525  x:  1.14916   4.15801   0.05578  
  7  0.0003 1296405.461525  x:  1.14916   4.15801   0.05578  

7 (Bom_pas) ... 6 (And_tri)
  0  0.0000 1296659.691415  x:  1.22536   3.64658   0.04828  
  1 99.0000 1296620.573103  x:  1.22510   3.64667   0.05120  
  2 27368.5673 1296418.370104  x:  1.12141   3.67233   0.05511  
  3 3607.8489 1296284.039604  x:  1.16441   4.18563   0.05468  
  4 575.7977 1296283.119740  x:  1.15775   4.18763   0.05513  
  5  0.0069 1296283.106711  x:  1.15792   4.18645   0.05518  
  6  0.0010 1296283.106701  x:  1.15790   4.18631   0.05518  
  7  0.0001 1296283.106701  x:  1.15791   4.18631   0.05518  
  8  0.0000 1296283.106701  x:  1.15791   4.18631   0.05518  