Supplemental results for CODEML (seqf: /home/yzliu/eDNA/faststorage/yzliu/DK_proj/data/ref_genome/ref_annotation/primary_transcripts/extracted_cds_new/new_transcript_id_8_bom_apis/bootstraps/cat.out.OG_cds_8_species_same_header_fas.shuf_211OG_350.phy  treef: xxx.trees)


pairwise comparison (Goldman & Yang 1994)
seq seq        N       S       dN       dS     dN/dS   Paras.
  2   1 171096.4  55073.6   0.0542   0.5735   0.0946   0.5420   4.0677   0.0946 -393843.055
  3   1 170882.2  55287.8   0.0550   0.5882   0.0935   0.5560   4.0882   0.0935 -394947.832
  3   2 166523.4  59646.6   0.0140   0.1073   0.1304   0.1158   5.5589   0.1304 -336658.046
  4   1 171272.9  54897.1   0.0540   0.5820   0.0927   0.5464   4.0369   0.0927 -393867.829
  4   2 167020.8  59149.2   0.0129   0.1009   0.1276   0.1077   5.3765   0.1276 -334603.554
  4   3 166633.6  59536.4   0.0082   0.0606   0.1357   0.0660   5.5675   0.1357 -324132.629
  5   1 171238.1  54931.9   0.0555   0.5886   0.0943   0.5550   4.0727   0.0943 -394837.518
  5   2 166951.6  59218.4   0.0144   0.1080   0.1337   0.1168   5.4607   0.1337 -336794.568
  5   3 166961.9  59208.1   0.0092   0.0629   0.1458   0.0697   5.2915   0.1458 -325341.940
  5   4 167273.6  58896.4   0.0085   0.0636   0.1338   0.0686   5.2797   0.1338 -324650.911
  6   1 171228.1  54941.9   0.0556   0.5881   0.0945   0.5548   4.0824   0.0945 -394821.999
  6   2 166939.9  59230.1   0.0145   0.1090   0.1329   0.1177   5.4756   0.1329 -336941.688
  6   3 166669.2  59500.8   0.0092   0.0626   0.1475   0.0699   5.5603   0.1475 -325303.483
  6   4 166923.0  59247.0   0.0087   0.0631   0.1379   0.0688   5.6055   0.1379 -324688.869
  6   5 166590.6  59579.4   0.0030   0.0201   0.1475   0.0224   5.9635   0.1475 -310046.655
  7   1 171268.0  54902.0   0.0562   0.5843   0.0962   0.5532   4.0589   0.0962 -395117.373
  7   2 166891.4  59278.6   0.0152   0.1101   0.1385   0.1203   5.5211   0.1385 -337799.828
  7   3 166603.3  59566.7   0.0096   0.0634   0.1507   0.0712   5.6227   0.1507 -325812.791
  7   4 166789.9  59380.1   0.0090   0.0642   0.1407   0.0706   5.7352   0.1407 -325251.359
  7   5 166987.3  59182.7   0.0092   0.0608   0.1509   0.0681   5.5668   0.1509 -324746.713
  7   6 166771.6  59398.4   0.0093   0.0604   0.1538   0.0681   5.7818   0.1538 -324745.884
  8   1 171205.4  54964.6   0.0553   0.5895   0.0938   0.5553   4.0540   0.0938 -394849.149
  8   2 166864.0  59306.0   0.0143   0.1082   0.1325   0.1168   5.4865   0.1325 -336809.217
  8   3 166843.4  59326.6   0.0090   0.0620   0.1453   0.0687   5.3438   0.1453 -325079.295
  8   4 167111.9  59058.1   0.0085   0.0636   0.1341   0.0687   5.3703   0.1341 -324709.346
  8   5 167041.4  59128.6   0.0026   0.0189   0.1360   0.0205   5.4555   0.1360 -309366.729
  8   6 166415.9  59754.1   0.0029   0.0204   0.1398   0.0225   6.0846   0.1398 -310066.831
  8   7 166813.1  59356.9   0.0090   0.0596   0.1516   0.0670   5.6763   0.1516 -324477.877

