Supplemental results for CODEML (seqf: /home/yzliu/eDNA/faststorage/yzliu/DK_proj/data/ref_genome/ref_annotation/primary_transcripts/extracted_cds_new/new_transcript_id_7_and_pas/bootstraps/cat.out.OG_cds_7_species_same_header_fas.shuf_537OG_226.phy  treef: xxx.trees)


pairwise comparison (Goldman & Yang 1994)
seq seq        N       S       dN       dS     dN/dS   Paras.
  2   1 462377.3 182655.7   0.0104   0.1657   0.0628   0.1632   3.7643   0.0628 -995960.451
  3   1 462239.4 182793.6   0.0100   0.1582   0.0634   0.1561   3.6484   0.0634 -992915.390
  3   2 461497.1 183535.9   0.0102   0.1540   0.0660   0.1533   3.9850   0.0660 -990836.868
  4   1 462908.2 182124.8   0.0078   0.1177   0.0665   0.1165   3.5470   0.0665 -971231.122
  4   2 461569.1 183463.9   0.0101   0.1574   0.0641   0.1560   3.9637   0.0641 -991984.594
  4   3 460797.1 184235.9   0.0098   0.1509   0.0650   0.1503   3.9219   0.0650 -989519.385
  5   1 466251.6 178781.4   0.0057   0.0890   0.0643   0.0864   3.0752   0.0643 -952244.286
  5   2 462556.9 182476.1   0.0104   0.1657   0.0630   0.1630   3.7219   0.0630 -996171.219
  5   3 462548.6 182484.4   0.0100   0.1567   0.0640   0.1546   3.5914   0.0640 -992482.725
  5   4 463801.7 181231.3   0.0077   0.1147   0.0670   0.1132   3.4145   0.0670 -969667.269
  6   1 466717.1 178315.9   0.0070   0.1168   0.0602   0.1121   3.0284   0.0602 -968716.196
  6   2 463237.8 181795.2   0.0096   0.1606   0.0599   0.1565   3.6329   0.0599 -992270.544
  6   3 463262.0 181771.0   0.0094   0.1546   0.0608   0.1509   3.5012   0.0608 -990087.473
  6   4 464585.1 180447.9   0.0073   0.1149   0.0636   0.1122   3.3211   0.0636 -968695.041
  6   5 467544.6 177488.4   0.0070   0.1145   0.0612   0.1098   2.9274   0.0612 -967708.298
  7   1 462038.9 182994.1   0.0677   1.1573   0.0585   1.1304   4.0119   0.0585 -1209038.655
  7   2 458764.3 186268.7   0.0690   1.2321   0.0560   1.2146   4.2772   0.0560 -1213727.421
  7   3 460800.9 184232.1   0.0682   1.1627   0.0586   1.1423   4.1181   0.0586 -1210090.077
  7   4 460674.2 184358.8   0.0677   1.1725   0.0577   1.1503   4.1380   0.0577 -1209565.132
  7   5 462149.6 182883.4   0.0677   1.1544   0.0586   1.1274   4.0028   0.0586 -1208881.791
  7   6 462082.8 182950.2   0.0674   1.1612   0.0580   1.1328   4.0056   0.0580 -1208763.861

