Supplemental results for CODEML (seqf: /home/yzliu/eDNA/faststorage/yzliu/DK_proj/data/ref_genome/ref_annotation/primary_transcripts/extracted_cds_new/new_transcript_id_8_bom_apis/bootstraps/cat.out.OG_cds_8_species_same_header_fas.shuf_211OG_629.phy  treef: xxx.trees)


pairwise comparison (Goldman & Yang 1994)
seq seq        N       S       dN       dS     dN/dS   Paras.
  2   1 175443.4  60482.6   0.0566   0.5676   0.0998   0.5629   3.8768   0.0998 -417113.108
  3   1 175234.4  60691.6   0.0567   0.5813   0.0976   0.5750   3.9170   0.0976 -417739.304
  3   2 171320.1  64605.9   0.0139   0.1047   0.1324   0.1162   5.1367   0.1324 -353963.061
  4   1 175617.2  60308.8   0.0562   0.5751   0.0977   0.5665   3.8982   0.0977 -416848.203
  4   2 171586.6  64339.4   0.0129   0.1004   0.1288   0.1104   5.1831   0.1288 -352228.031
  4   3 171150.2  64775.8   0.0075   0.0594   0.1256   0.0652   5.4243   0.1256 -340130.014
  5   1 175525.8  60400.2   0.0569   0.5834   0.0976   0.5751   3.9392   0.0976 -417478.450
  5   2 171505.9  64420.1   0.0145   0.1070   0.1357   0.1193   5.2372   0.1357 -354533.412
  5   3 171711.1  64214.9   0.0085   0.0619   0.1377   0.0691   4.9878   0.1377 -341574.983
  5   4 171774.5  64151.5   0.0084   0.0640   0.1316   0.0706   5.1866   0.1316 -341637.055
  6   1 175505.6  60420.4   0.0572   0.5838   0.0980   0.5762   3.9257   0.0980 -417702.895
  6   2 171454.5  64471.5   0.0149   0.1079   0.1377   0.1208   5.2423   0.1377 -354958.227
  6   3 171492.8  64433.2   0.0090   0.0615   0.1461   0.0700   5.1152   0.1461 -341897.337
  6   4 171462.1  64463.9   0.0091   0.0632   0.1435   0.0716   5.3974   0.1435 -342084.858
  6   5 170777.5  65148.5   0.0028   0.0204   0.1395   0.0231   5.9901   0.1395 -326130.873
  7   1 175611.0  60315.0   0.0572   0.5809   0.0985   0.5733   3.9303   0.0985 -417516.862
  7   2 171672.3  64253.7   0.0147   0.1078   0.1367   0.1202   5.1572   0.1367 -354865.253
  7   3 171196.8  64729.2   0.0083   0.0618   0.1338   0.0689   5.4282   0.1338 -341259.795
  7   4 171302.8  64623.2   0.0083   0.0627   0.1325   0.0696   5.6231   0.1325 -341230.244
  7   5 171723.6  64202.4   0.0084   0.0595   0.1410   0.0669   5.2667   0.1410 -340680.319
  7   6 171506.0  64420.0   0.0089   0.0591   0.1508   0.0678   5.4043   0.1508 -341066.354
  8   1 175441.2  60484.8   0.0571   0.5837   0.0979   0.5764   3.9420   0.0979 -417668.912
  8   2 171276.5  64649.5   0.0146   0.1069   0.1370   0.1198   5.3586   0.1370 -354671.329
  8   3 171455.8  64470.2   0.0087   0.0602   0.1446   0.0684   5.1206   0.1446 -341478.553
  8   4 171403.4  64522.6   0.0087   0.0634   0.1373   0.0710   5.4201   0.1373 -341846.283
  8   5 170694.3  65231.7   0.0024   0.0198   0.1206   0.0216   6.0398   0.1206 -325486.092
  8   6 170410.3  65515.7   0.0029   0.0206   0.1395   0.0234   6.2741   0.1395 -326245.415
  8   7 171419.8  64506.2   0.0086   0.0586   0.1462   0.0667   5.4495   0.1462 -340696.848

