

2 (And_ful) ... 1 (And_bic)
  0  0.0000 1030006.223453  x:  0.15962   1.33742   0.42039  
  1 99.0000 1023339.315042  x:  0.08822   1.39616   0.14742  
  2 35412.7577 1020989.597815  x:  0.08522   1.41563   0.05504  
  3 734667.4467 1015729.716556  x:  0.12112   4.21916   0.13120  
  4 6395.4746 1013680.628652  x:  0.14147   4.06720   0.05577  
  5  0.1872 1013419.400012  x:  0.15710   4.02802   0.06965  
  6  0.0259 1013352.813931  x:  0.16377   3.92885   0.05988  
  7  0.1336 1013334.381806  x:  0.16482   3.61346   0.05949  
  8  0.0718 1013333.057121  x:  0.16328   3.59156   0.05954  
  9  0.0179 1013333.050334  x:  0.16327   3.59454   0.05945  
 10  0.0034 1013333.050333  x:  0.16327   3.59451   0.05945  
 11  0.0000 1013333.050333  x:  0.16327   3.59453   0.05945  

3 (And_hae) ... 1 (And_bic)
  0  0.0000 1012206.443165  x:  0.13073   3.28077   0.18069  
  1 99.0000 1010681.540104  x:  0.18519   3.28177   0.11611  
  2 40605.9876 1009503.592970  x:  0.18269   3.28261   0.05598  
  3 65543.8990 1009466.192746  x:  0.18171   3.71831   0.05948  
  4 179.8016 1009077.904895  x:  0.15420   3.57497   0.05994  
  5  0.1308 1009077.465839  x:  0.15411   3.54184   0.06049  
  6  0.0526 1009077.405324  x:  0.15411   3.52876   0.06021  
  7  0.0158 1009077.405261  x:  0.15412   3.52884   0.06021  
  8  0.0001 1009077.405261  x:  0.15412   3.52884   0.06021  
  9  0.0000 1009077.405261  x:  0.15412   3.52884   0.06021  
check convergence!


3 (And_hae) ... 2 (And_ful)
  0  0.0000 1008439.858869  x:  0.16024   3.20375   0.11926  
  1 99.0000 1007485.920885  x:  0.13786   3.20474   0.06991  
  2 30525.4913 1007334.316407  x:  0.14682   3.20517   0.05551  
  3 24546.5435 1007199.625287  x:  0.14874   4.06388   0.06090  
  4 357.6104 1007188.396690  x:  0.15260   4.01979   0.06260  
  5  0.0594 1007188.099809  x:  0.15288   4.01309   0.06185  
  6  0.0067 1007188.098212  x:  0.15287   4.00973   0.06183  
  7  0.0024 1007188.098204  x:  0.15287   4.00972   0.06184  
  8  0.0000 1007188.098204  x:  0.15287   4.00972   0.06184  
  9  0.0000 1007188.098204  x:  0.15287   4.00972   0.06184  
 10  0.0000 1007188.098204  x:  0.15287   4.00972   0.06184  
check convergence!


4 (And_hat) ... 1 (And_bic)
  0  0.0000 990058.195384  x:  0.10582   3.39705   0.14877  
  1 99.0000 989463.975123  x:  0.13367   3.39746   0.11172  
  2 27512.5519 988787.631175  x:  0.13023   3.39798   0.06006  
  3 48946.9709 988782.218625  x:  0.12992   3.59977   0.06159  
  4 55.6386 988663.218732  x:  0.11737   3.48541   0.06398  
  5  0.1216 988662.883090  x:  0.11728   3.48843   0.06307  
  6  0.0057 988662.877656  x:  0.11729   3.48266   0.06302  
  7  0.0060 988662.877656  x:  0.11729   3.48264   0.06303  

4 (And_hat) ... 2 (And_ful)
  0  0.0000 1010969.066503  x:  0.14186   3.30736   0.16396  
  1 99.0000 1008809.937522  x:  0.17549   3.30927   0.06615  
  2 32790.6837 1008640.121157  x:  0.16561   3.30963   0.05250  
  3 28218.2003 1008508.281539  x:  0.16191   4.16983   0.05845  
  4 344.6300 1008472.145435  x:  0.15476   4.03103   0.06194  
  5  0.2669 1008471.829725  x:  0.15499   3.98935   0.06201  
  6  0.0363 1008471.825927  x:  0.15498   3.98673   0.06193  
  7  0.0023 1008471.825920  x:  0.15499   3.98689   0.06193  
  8  0.0002 1008471.825920  x:  0.15499   3.98689   0.06193  

4 (And_hat) ... 3 (And_hae)
  0  0.0000 1006291.330588  x:  0.12321   3.44218   0.14057  
  1 99.0000 1005351.832999  x:  0.16193   3.44272   0.10666  
  2 40125.2278 1004635.217428  x:  0.15899   3.44343   0.06051  
  3 38950.7724 1004580.450846  x:  0.15836   4.02142   0.06453  
  4 205.8149 1004499.354034  x:  0.14700   4.00938   0.06143  
  5  0.0154 1004497.503659  x:  0.14644   3.98869   0.06333  
  6  0.0350 1004497.488844  x:  0.14650   3.97999   0.06324  
  7  0.0073 1004497.488724  x:  0.14649   3.97954   0.06324  
  8  0.0005 1004497.488724  x:  0.14649   3.97953   0.06324  

5 (And_mar) ... 1 (And_bic)
  0  0.0000 971307.177922  x:  0.07149   3.54823   0.04885  
  1 99.0000 970868.694064  x:  0.09003   3.54817   0.05370  
  2 49688.7369 970831.975060  x:  0.08886   3.54798   0.06444  
  3 7493.5528 970808.680106  x:  0.08894   3.14661   0.06312  
  4 105.0080 970808.594335  x:  0.08894   3.13012   0.06266  
  5  0.0163 970808.591296  x:  0.08894   3.13306   0.06260  
  6  0.0031 970808.591285  x:  0.08893   3.13303   0.06260  
  7  0.0000 970808.591285  x:  0.08893   3.13304   0.06260  

5 (And_mar) ... 2 (And_ful)
  0  0.0000 1015482.082135  x:  0.13438   2.84324   0.13536  
  1 99.0000 1014125.652376  x:  0.18111   2.84435   0.09153  
  2 44847.2848 1013552.736630  x:  0.17673   2.84527   0.05571  
  3 40705.9784 1013378.689455  x:  0.17503   3.68649   0.06219  
  4 477.4721 1013296.417576  x:  0.16262   3.65397   0.06029  
  5  0.0322 1013295.564295  x:  0.16233   3.63346   0.06142  
  6  0.0275 1013295.519779  x:  0.16239   3.61914   0.06129  
  7  0.0106 1013295.519702  x:  0.16238   3.61900   0.06129  
  8  0.0002 1013295.519702  x:  0.16238   3.61900   0.06129  
  9  0.0000 1013295.519702  x:  0.16238   3.61900   0.06129  

5 (And_mar) ... 3 (And_hae)
  0  0.0000 1008841.870187  x:  0.14550   3.15487   0.07815  
  1 99.0000 1008719.267702  x:  0.15402   3.15517   0.06321  
  2 13586.8835 1008715.705579  x:  0.15219   3.15533   0.06157  
  3 2989.0154 1008684.578715  x:  0.15204   3.53481   0.06352  
  4 175.6779 1008684.572164  x:  0.15201   3.53476   0.06341  
  5  0.0001 1008684.572142  x:  0.15201   3.53477   0.06341  
  6  0.0000 1008684.572142  x:  0.15201   3.53479   0.06341  
  7  0.0000 1008684.572142  x:  0.15201   3.53479   0.06341  
  8  0.0000 1008684.572142  x:  0.15201   3.53479   0.06341  
  9  0.0000 1008684.572142  x:  0.15201   3.53479   0.06341  
 10  0.0278 1008684.572142  x:  0.15201   3.53479   0.06341  
 11  0.0068 1008684.572142  x:  0.15201   3.53479   0.06341  
check convergence!


5 (And_mar) ... 4 (And_hat)
  0  0.0000 986943.284617  x:  0.10726   3.32129   0.08284  
  1 99.0000 986873.310921  x:  0.11581   3.32137   0.07520  
  2 12516.2294 986841.612444  x:  0.11388   3.32147   0.06578  
  3 8409.2908 986839.709547  x:  0.11384   3.43006   0.06635  
  4 35.8914 986839.223171  x:  0.11309   3.42770   0.06670  
  5  0.0025 986839.222760  x:  0.11309   3.42758   0.06667  
  6  0.0001 986839.222760  x:  0.11309   3.42754   0.06667  
  7  0.0000 986839.222760  x:  0.11309   3.42756   0.06667  

6 (And_tri) ... 1 (And_bic)
  0  0.0000 987942.630528  x:  0.11256   3.27473   0.14706  
  1 99.0000 986763.737712  x:  0.10017   3.27510   0.06693  
  2 22515.4840 986637.591459  x:  0.10865   3.27511   0.05449  
  3 35200.6770 986627.993846  x:  0.10817   3.03429   0.05262  
  4 81.7323 986585.740147  x:  0.11224   2.90235   0.05945  
  5  0.3117 986584.560505  x:  0.11294   2.95762   0.05918  
  6  0.0637 986584.532862  x:  0.11303   2.95052   0.05899  
  7  0.0069 986584.532806  x:  0.11303   2.95050   0.05899  
  8  0.0000 986584.532805  x:  0.11303   2.95050   0.05899  

6 (And_tri) ... 2 (And_ful)
  0  0.0000 1010970.188557  x:  0.12538   2.68477   0.14456  
  1 99.0000 1009525.129904  x:  0.17546   2.68605   0.10055  
  2 48720.5501 1008593.907843  x:  0.17278   2.68741   0.05202  
  3 48702.2635 1008368.710764  x:  0.17078   3.61132   0.06038  
  4 569.9629 1008222.066157  x:  0.15562   3.61705   0.05473  
  5  0.0158 1008215.484126  x:  0.15410   3.58297   0.05776  
  6  0.0546 1008215.327328  x:  0.15427   3.55617   0.05762  
  7  0.0184 1008215.324971  x:  0.15422   3.55487   0.05759  
  8  0.0014 1008215.324970  x:  0.15422   3.55489   0.05758  

6 (And_tri) ... 3 (And_hae)
  0  0.0000 1005305.738605  x:  0.14853   3.04666   0.10967  
  1 99.0000 1004522.796666  x:  0.13525   3.04743   0.06210  
  2 26524.5753 1004454.004718  x:  0.14324   3.04767   0.05452  
  3 15878.5456 1004405.519103  x:  0.14413   3.51483   0.05780  
  4 224.4987 1004402.849501  x:  0.14551   3.49349   0.05928  
  5  0.0351 1004402.813620  x:  0.14567   3.49065   0.05908  
  6  0.0026 1004402.813568  x:  0.14567   3.49017   0.05907  
  7  0.0004 1004402.813567  x:  0.14567   3.49017   0.05907  
  8  0.0000 1004402.813567  x:  0.14567   3.49017   0.05907  

6 (And_tri) ... 4 (And_hat)
  0  0.0000 985220.359702  x:  0.08926   3.24413   0.11294  
  1 99.0000 984673.992424  x:  0.11314   3.24423   0.10308  
  2 46139.8366 984231.760286  x:  0.11253   3.24467   0.06046  
  3 19663.5719 984228.256883  x:  0.11247   3.38550   0.06147  
  4 49.6838 984224.354770  x:  0.11038   3.39130   0.06088  
  5  0.0051 984224.289652  x:  0.11031   3.38840   0.06128  
  6  0.0051 984224.289607  x:  0.11031   3.38788   0.06127  

6 (And_tri) ... 5 (And_mar)
  0  0.0000 985847.045950  x:  0.09354   3.04359   0.04911  
  1 99.0000 985497.762981  x:  0.11173   3.04355   0.05719  
  2 37480.5542 985477.885236  x:  0.10987   3.04347   0.06415  
  3 5976.1506 985476.153032  x:  0.10990   2.95352   0.06378  
  4 37.7526 985476.140443  x:  0.10999   2.95312   0.06363  
  5  0.0004 985476.140443  x:  0.10999   2.95314   0.06363  
  6  0.0000 985476.140443  x:  0.10999   2.95314   0.06363  
  7  0.0000 985476.140443  x:  0.10999   2.95314   0.06363  
  8  0.0000 985476.140442  x:  0.10999   2.95314   0.06363  
  9  0.1754 985476.140442  x:  0.10999   2.95314   0.06363  
check convergence!


7 (Bom_pas) ... 1 (And_bic)
  0  0.0000 1243682.451386  x:  1.04358   2.78413   0.17772  
  1 99.0000 1227196.003433  x:  1.02504   2.78721   0.05669  
  2 168049.3339 1227135.816419  x:  1.05453   2.82158   0.05234  
  3 2579.5393 1226136.258852  x:  1.11121   3.96102   0.05870  
  4 5305.8680 1226108.850916  x:  1.12563   4.01995   0.05552  
  5  0.0480 1226106.946025  x:  1.13614   4.04283   0.05536  
  6  0.0268 1226106.736132  x:  1.13600   4.06251   0.05543  
  7  0.0137 1226106.736088  x:  1.13604   4.06249   0.05543  
  8  0.0000 1226106.736088  x:  1.13604   4.06249   0.05543  

7 (Bom_pas) ... 2 (And_ful)
  0  0.0000 1240662.433191  x:  1.33423   3.40023   0.10951  
  1 99.0000 1231436.195154  x:  1.32740   3.40108   0.04747  
  2 207157.0551 1231179.740295  x:  1.21465   3.44031   0.05781  
  3 4492.2080 1230748.059825  x:  1.30698   4.37776   0.05565  
  4 1107.7764 1230522.609875  x:  1.21820   4.37529   0.05369  
  5  0.1247 1230520.906993  x:  1.22718   4.39126   0.05293  
  6  0.0218 1230520.881732  x:  1.22692   4.39748   0.05292  
  7  0.0048 1230520.880660  x:  1.22709   4.39849   0.05293  
  8  0.0009 1230520.880659  x:  1.22710   4.39850   0.05293  
  9  0.0000 1230520.880659  x:  1.22710   4.39850   0.05293  

7 (Bom_pas) ... 3 (And_hae)
  0  0.0000 1237588.766197  x:  1.22764   3.90743   0.13204  
  1 99.0000 1226618.219485  x:  1.21728   3.90813   0.05194  
  2 184839.2123 1226549.264157  x:  1.16909   3.91610   0.05745  
  3 2954.7312 1226509.289577  x:  1.18962   4.21424   0.05693  
  4 280.0776 1226441.200409  x:  1.13911   4.18175   0.05628  
  5  0.0927 1226440.525298  x:  1.14326   4.18779   0.05576  
  6  0.0079 1226440.523921  x:  1.14303   4.18728   0.05576  
  7  0.0006 1226440.523920  x:  1.14302   4.18723   0.05576  
  8  0.0000 1226440.523920  x:  1.14302   4.18723   0.05576  

7 (Bom_pas) ... 4 (And_hat)
  0  0.0000 1249539.091170  x:  1.32154   3.69659   0.17813  
  1 99.0000 1226596.817161  x:  1.29783   3.69845   0.04781  
  2 201474.5979 1226499.721625  x:  1.25830   3.70599   0.05407  
  3 5109.3743 1226329.116562  x:  1.30091   4.32188   0.05320  
  4 606.5524 1225970.075998  x:  1.14442   4.17335   0.05609  
  5  0.2325 1225965.511957  x:  1.15352   4.21994   0.05485  
  6  0.0440 1225965.421732  x:  1.15142   4.21908   0.05487  
  7  0.0029 1225965.421672  x:  1.15142   4.21940   0.05487  
  8  0.0003 1225965.421672  x:  1.15142   4.21941   0.05487  
  9  0.0000 1225965.421672  x:  1.15142   4.21941   0.05487  

7 (Bom_pas) ... 5 (And_mar)
  0  0.0000 1226354.320458  x:  1.23356   3.75237   0.04990  
  1 99.0000 1226348.861657  x:  1.23304   3.75246   0.05109  
  2 8780.4190 1226093.477633  x:  1.11109   3.77250   0.05575  
  3 4724.0330 1226049.930616  x:  1.13649   4.07572   0.05545  
  4 304.5982 1226049.364265  x:  1.13124   4.07491   0.05584  
  5  0.0055 1226049.348268  x:  1.13150   4.07354   0.05589  
  6  0.0012 1226049.348267  x:  1.13150   4.07356   0.05589  
  7  0.0000 1226049.348267  x:  1.13150   4.07356   0.05589  

7 (Bom_pas) ... 6 (And_tri)
  0  0.0000 1225651.155524  x:  1.08857   3.48365   0.05931  
  1 99.0000 1225612.348762  x:  1.08844   3.48376   0.05587  
  2 21981.8741 1225558.265522  x:  1.14524   3.63240   0.05355  
  3 710.3233 1225425.793500  x:  1.12569   4.05628   0.05581  
  4 4063.7364 1225424.812238  x:  1.13305   4.07915   0.05533  
  5  0.0209 1225424.803487  x:  1.13309   4.08273   0.05536  
  6  0.0032 1225424.803420  x:  1.13308   4.08287   0.05536  