

2 (And_ful) ... 1 (And_bic)
  0  0.0000 1020314.852645  x:  0.17499   1.66016   0.42866  
  1 99.0000 1018400.096599  x:  0.12514   1.67029   0.36227  
  2 40944.7729 1007902.155524  x:  0.11742   1.71590   0.05274  
  3 100839.0562 1007140.454593  x:  0.12077   2.38207   0.09343  
  4 2866.9271 1005340.171540  x:  0.14016   3.05329   0.04670  
  5  2.0378 1004906.771796  x:  0.15948   3.20246   0.06449  
  6  0.1741 1004831.132209  x:  0.16649   3.43636   0.05668  
  7  0.1834 1004818.393274  x:  0.16427   3.65531   0.05869  
  8  0.0708 1004818.231331  x:  0.16471   3.66706   0.05843  
  9  0.0106 1004818.229708  x:  0.16472   3.66855   0.05848  
 10  0.0013 1004818.229708  x:  0.16472   3.66854   0.05848  
 11  0.0000 1004818.229708  x:  0.16472   3.66854   0.05848  
 12  0.0000 1004818.229708  x:  0.16472   3.66854   0.05848  
check convergence!


3 (And_hae) ... 1 (And_bic)
  0  0.0000 1002879.306145  x:  0.13783   3.24805   0.12614  
  1 99.0000 1001792.272686  x:  0.17483   3.24874   0.07495  
  2 34008.7379 1001560.110480  x:  0.16810   3.24902   0.05489  
  3 29913.0484 1001527.501695  x:  0.16724   3.66010   0.05726  
  4 171.7441 1001461.457320  x:  0.15675   3.57306   0.06061  
  5  0.1062 1001461.328685  x:  0.15645   3.56010   0.06028  
  6  0.0139 1001461.326724  x:  0.15647   3.55727   0.06029  
  7  0.0028 1001461.326721  x:  0.15648   3.55728   0.06029  

3 (And_hae) ... 2 (And_ful)
  0  0.0000 1000225.322616  x:  0.16292   3.23290   0.12636  
  1 99.0000 999298.100160  x:  0.13605   3.23381   0.08046  
  2 31212.9689 999063.948658  x:  0.14486   3.23433   0.05937  
  3 29466.2303 998947.203395  x:  0.14653   4.03881   0.06457  
  4 328.2211 998924.622450  x:  0.15233   3.98326   0.06630  
  5  0.0674 998924.175611  x:  0.15255   3.97843   0.06530  
  6  0.0054 998924.173081  x:  0.15254   3.97425   0.06528  
  7  0.0031 998924.173079  x:  0.15254   3.97425   0.06528  
  8  0.0000 998924.173079  x:  0.15254   3.97425   0.06528  

4 (And_hat) ... 1 (And_bic)
  0  0.0000 981625.931866  x:  0.11845   3.48636   0.17275  
  1 99.0000 980280.041597  x:  0.09455   3.48732   0.08580  
  2 24869.1094 979866.888643  x:  0.10203   3.48765   0.05377  
  3 95954.2587 979850.273088  x:  0.10290   3.83706   0.05613  
  4 92.9432 979644.538128  x:  0.11567   3.42906   0.06369  
  5  0.6184 979636.106181  x:  0.11732   3.52527   0.06035  
  6  0.1131 979636.011597  x:  0.11749   3.50427   0.06015  
  7  0.0221 979636.011138  x:  0.11750   3.50414   0.06018  
  8  0.0001 979636.011136  x:  0.11750   3.50421   0.06018  

4 (And_hat) ... 2 (And_ful)
  0  0.0000 1003918.210140  x:  0.16602   3.18076   0.18092  
  1 99.0000 1001917.179691  x:  0.12482   3.18273   0.09790  
  2 37228.0894 1001114.770033  x:  0.13296   3.18376   0.05440  
  3 82203.8531 1000865.517795  x:  0.13684   4.38918   0.06340  
  4 490.6059 1000590.023638  x:  0.15755   4.09683   0.06266  
  5  0.3109 1000588.433762  x:  0.15762   4.08294   0.06085  
  6  0.0186 1000588.351040  x:  0.15756   4.05881   0.06082  
  7  0.0194 1000588.350686  x:  0.15754   4.05888   0.06083  
  8  0.0001 1000588.350685  x:  0.15754   4.05889   0.06082  

4 (And_hat) ... 3 (And_hae)
  0  0.0000 998788.477178  x:  0.12877   3.47480   0.10150  
  1 99.0000 998223.395098  x:  0.15765   3.47511   0.08111  
  2 33986.2023 998056.364611  x:  0.15448   3.47547   0.06125  
  3 18595.4492 998010.659703  x:  0.15419   4.00608   0.06398  
  4 186.7500 998002.661915  x:  0.15048   3.99691   0.06399  
  5  0.0091 998002.652822  x:  0.15046   3.99459   0.06412  
  6  0.0028 998002.652653  x:  0.15046   3.99354   0.06411  
  7  0.0009 998002.652653  x:  0.15046   3.99354   0.06411  

5 (And_mar) ... 1 (And_bic)
  0  0.0000 962082.613545  x:  0.06944   3.60583   0.14192  
  1 99.0000 961621.262532  x:  0.08855   3.60584   0.13534  
  2 49901.3822 960802.918827  x:  0.08872   3.60592   0.06144  
  3 18301.0533 960772.507428  x:  0.08882   3.13219   0.05747  
  4 118.5511 960770.532179  x:  0.08817   3.10623   0.05956  
  5  0.0467 960769.574939  x:  0.08734   3.12042   0.05890  
  6  0.0174 960769.573923  x:  0.08734   3.11847   0.05886  
  7  0.0023 960769.573913  x:  0.08735   3.11863   0.05885  
  8  0.0002 960769.573913  x:  0.08735   3.11865   0.05885  
  9  0.0000 960769.573913  x:  0.08735   3.11863   0.05885  
 10  0.0000 960769.573913  x:  0.08735   3.11864   0.05885  

5 (And_mar) ... 2 (And_ful)
  0  0.0000 1008841.209637  x:  0.13465   2.84018   0.17618  
  1 99.0000 1006986.162943  x:  0.19668   2.84203   0.11260  
  2 47814.0509 1005694.469503  x:  0.19468   2.84364   0.05336  
  3 63470.6509 1005436.333228  x:  0.19188   3.88122   0.06314  
  4 585.0952 1005098.169516  x:  0.16692   3.87497   0.05542  
  5  0.0242 1005082.050734  x:  0.16452   3.80468   0.06008  
  6  0.1246 1005081.321416  x:  0.16499   3.74726   0.05982  
  7  0.0426 1005081.300873  x:  0.16485   3.74222   0.05971  
  8  0.0054 1005081.300809  x:  0.16486   3.74240   0.05970  

5 (And_mar) ... 3 (And_hae)
  0  0.0000 1002525.008527  x:  0.13086   3.36486   0.12743  
  1 99.0000 1001622.158683  x:  0.16902   3.36527   0.09361  
  2 38271.4554 1001197.714704  x:  0.16491   3.36566   0.06046  
  3 31886.2236 1001179.593310  x:  0.16456   3.67269   0.06238  
  4 123.2176 1001124.892744  x:  0.15455   3.62824   0.06393  
  5  0.0422 1001124.847989  x:  0.15452   3.62592   0.06362  
  6  0.0033 1001124.846913  x:  0.15453   3.62350   0.06361  
  7  0.0023 1001124.846913  x:  0.15453   3.62350   0.06361  
  8  0.0000 1001124.846913  x:  0.15453   3.62350   0.06361  

5 (And_mar) ... 4 (And_hat)
  0  0.0000 978875.619897  x:  0.09638   3.25231   0.12710  
  1 99.0000 978418.733186  x:  0.11936   3.25250   0.11247  
  2 36270.7494 977818.051165  x:  0.11815   3.25314   0.06135  
  3 25589.7451 977807.702445  x:  0.11800   3.50330   0.06331  
  4 86.0265 977791.884910  x:  0.11366   3.50325   0.06222  
  5  0.0039 977791.669273  x:  0.11353   3.49674   0.06295  
  6  0.0122 977791.669000  x:  0.11353   3.49558   0.06293  
  7  0.0011 977791.668999  x:  0.11353   3.49555   0.06293  

6 (And_tri) ... 1 (And_bic)
  0  0.0000 977857.659448  x:  0.11656   3.25191   0.06456  
  1 99.0000 977831.216548  x:  0.11241   3.25183   0.05915  
  2 7500.2230 977826.498256  x:  0.11389   3.25171   0.05649  
  3 3514.3204 977806.054194  x:  0.11385   2.97022   0.05530  
  4 122.3776 977805.674190  x:  0.11401   2.93040   0.05518  
  5  0.0476 977805.673590  x:  0.11403   2.93041   0.05516  
  6  0.0000 977805.673589  x:  0.11403   2.93041   0.05516  
  7  0.0000 977805.673589  x:  0.11403   2.93040   0.05516  
  8  0.0000 977805.673589  x:  0.11403   2.93041   0.05516  

6 (And_tri) ... 2 (And_ful)
  0  0.0000 1002364.651568  x:  0.16897   2.90684   0.11423  
  1 99.0000 1001263.109210  x:  0.14271   2.90787   0.06553  
  2 34563.1966 1001114.745127  x:  0.15126   2.90831   0.05174  
  3 22920.8918 1000983.428839  x:  0.15322   3.65294   0.05668  
  4 399.7057 1000971.535752  x:  0.15738   3.61400   0.05812  
  5  0.0520 1000971.247224  x:  0.15763   3.60880   0.05741  
  6  0.0052 1000971.245882  x:  0.15763   3.60612   0.05740  
  7  0.0020 1000971.245880  x:  0.15763   3.60612   0.05740  

6 (And_tri) ... 3 (And_hae)
  0  0.0000 999077.148910  x:  0.13449   3.28649   0.10693  
  1 99.0000 998415.637338  x:  0.16211   3.28690   0.07154  
  2 29210.4690 998285.741717  x:  0.15642   3.28710   0.05667  
  3 20556.2193 998268.980959  x:  0.15601   3.57845   0.05824  
  4 120.2501 998248.537142  x:  0.15041   3.54273   0.06060  
  5  0.0427 998248.506646  x:  0.15029   3.53964   0.06039  
  6  0.0034 998248.506471  x:  0.15030   3.53870   0.06039  

6 (And_tri) ... 4 (And_hat)
  0  0.0000 979532.874625  x:  0.12057   3.12033   0.19326  
  1 99.0000 978804.521463  x:  0.09476   3.12101   0.15685  
  2 30092.9439 977099.266858  x:  0.09784   3.12279   0.05776  
  3 65952.5150 977069.283476  x:  0.09838   3.52410   0.06235  
  4 156.9187 976878.256818  x:  0.11232   3.48881   0.05532  
  5  0.0425 976871.021151  x:  0.11299   3.42786   0.05902  
  6  0.1681 976871.003440  x:  0.11311   3.42545   0.05890  
  7  0.0021 976871.003433  x:  0.11312   3.42564   0.05890  

6 (And_tri) ... 5 (And_mar)
  0  0.0000 977222.103085  x:  0.09771   2.96178   0.07983  
  1 99.0000 977007.419661  x:  0.11304   2.96183   0.07346  
  2 27259.0909 976939.857894  x:  0.11212   2.96192   0.05952  
  3 9807.0907 976939.790422  x:  0.11212   2.97970   0.05962  
  4  7.5694 976939.334229  x:  0.11139   2.97916   0.05947  
  5  0.0008 976939.332474  x:  0.11138   2.97902   0.05953  
  6  0.0002 976939.332473  x:  0.11138   2.97902   0.05953  

7 (Bom_pas) ... 1 (And_bic)
  0  0.0000 1218232.195757  x:  1.05079   2.98184   0.08842  
  1 99.0000 1215685.794554  x:  1.04885   2.98246   0.05519  
  2 125823.8891 1215574.742039  x:  1.11668   3.03433   0.05041  
  3 2654.5063 1214762.111310  x:  1.14332   4.16577   0.05514  
  4 2718.1833 1214745.829468  x:  1.17199   4.20841   0.05291  
  5  0.0380 1214745.418361  x:  1.17484   4.22180   0.05309  
  6  0.0165 1214745.335193  x:  1.17513   4.23486   0.05305  
  7  0.0103 1214745.335101  x:  1.17507   4.23477   0.05306  

7 (Bom_pas) ... 2 (And_ful)
  0  0.0000 1236731.586909  x:  1.54687   3.78205   0.12451  
  1 99.0000 1219736.066958  x:  1.53688   3.78306   0.04035  
  2 254179.3451 1219351.491904  x:  1.39349   3.81495   0.05410  
  3 6278.2113 1219060.385495  x:  1.48200   4.69703   0.05152  
  4 746.2498 1218317.130118  x:  1.22419   4.42716   0.05564  
  5  0.4685 1218257.167905  x:  1.26902   4.56507   0.05095  
  6  0.1489 1218253.690428  x:  1.25485   4.54527   0.05092  
  7  0.0321 1218253.669564  x:  1.25406   4.53862   0.05097  
  8  0.0060 1218253.668555  x:  1.25418   4.53776   0.05095  
  9  0.0008 1218253.668555  x:  1.25418   4.53776   0.05095  

7 (Bom_pas) ... 3 (And_hae)
  0  0.0000 1234524.156228  x:  1.15019   3.89983   0.18581  
  1 99.0000 1215649.651344  x:  1.12898   3.90129   0.05499  
  2 172343.5664 1215646.020412  x:  1.13607   3.90468   0.05384  
  3 901.3858 1215551.374442  x:  1.16050   4.37767   0.05399  
  4 547.4661 1215541.439530  x:  1.18298   4.38433   0.05382  
  5  0.0299 1215541.366704  x:  1.18396   4.38673   0.05366  
  6  0.0026 1215541.366404  x:  1.18406   4.38758   0.05366  
  7  0.0007 1215541.366404  x:  1.18406   4.38759   0.05366  
  8  0.0000 1215541.366404  x:  1.18405   4.38759   0.05366  

7 (Bom_pas) ... 4 (And_hat)
  0  0.0000 1237644.164433  x:  1.25254   3.64135   0.18371  
  1 99.0000 1215326.119053  x:  1.22880   3.64337   0.04955  
  2 191181.3286 1215297.073242  x:  1.20905   3.65059   0.05284  
  3 2823.1503 1215016.257023  x:  1.26327   4.45237   0.05198  
  4 840.8140 1214937.911578  x:  1.19403   4.41203   0.05266  
  5  0.0850 1214937.883748  x:  1.19481   4.41745   0.05257  
  6  0.0048 1214937.883135  x:  1.19472   4.41828   0.05258  
  7  0.0008 1214937.883125  x:  1.19475   4.41835   0.05258  
  8  0.0001 1214937.883125  x:  1.19475   4.41835   0.05258  
  9  0.0000 1214937.883125  x:  1.19475   4.41835   0.05258  

7 (Bom_pas) ... 5 (And_mar)
  0  0.0000 1230827.757827  x:  1.13905   3.85328   0.16891  
  1 99.0000 1214875.443681  x:  1.12238   3.85441   0.05472  
  2 173599.4337 1214871.349307  x:  1.13062   3.85747   0.05350  
  3 909.8043 1214806.037769  x:  1.15083   4.24227   0.05357  
  4 422.5319 1214796.549171  x:  1.17156   4.24894   0.05357  
  5  0.0299 1214796.484728  x:  1.17262   4.25087   0.05342  
  6  0.0021 1214796.484546  x:  1.17270   4.25148   0.05341  
  7  0.0005 1214796.484546  x:  1.17270   4.25149   0.05341  

7 (Bom_pas) ... 6 (And_tri)
  0  0.0000 1219563.292374  x:  1.35433   3.59272   0.08147  
  1 99.0000 1215265.869367  x:  1.35093   3.59311   0.04488  
  2 183487.5562 1214683.739107  x:  1.15214   3.63687   0.05771  
  3 5472.3791 1214511.515116  x:  1.21262   4.23261   0.05640  
  4 636.0050 1214397.938735  x:  1.17044   4.26706   0.05355  
  5  0.0749 1214395.391939  x:  1.18092   4.26992   0.05264  
  6  0.0135 1214395.390917  x:  1.18108   4.26972   0.05264  
  7  0.0003 1214395.390915  x:  1.18108   4.26967   0.05264  
  8  0.0000 1214395.390915  x:  1.18108   4.26967   0.05264  