Supplemental results for CODEML (seqf: /home/yzliu/eDNA/faststorage/yzliu/DK_proj/data/ref_genome/ref_annotation/primary_transcripts/extracted_cds_new/new_transcript_id_7_and_pas/bootstraps/cat.out.OG_cds_7_species_same_header_fas.shuf_537OG_587.phy  treef: xxx.trees)


pairwise comparison (Goldman & Yang 1994)
seq seq        N       S       dN       dS     dN/dS   Paras.
  2   1 485325.1 188792.9   0.0105   0.1657   0.0636   0.1619   3.6273   0.0636 -1041607.386
  3   1 484286.6 189831.4   0.0103   0.1599   0.0644   0.1573   3.6410   0.0644 -1039429.477
  3   2 483374.9 190743.1   0.0099   0.1495   0.0664   0.1482   3.9963   0.0664 -1033439.930
  4   1 485146.0 188972.0   0.0081   0.1199   0.0675   0.1183   3.5139   0.0675 -1017280.638
  4   2 483102.1 191015.9   0.0100   0.1547   0.0648   0.1530   4.0274   0.0648 -1035865.036
  4   3 481832.8 192285.2   0.0100   0.1481   0.0673   0.1481   4.0649   0.0673 -1033824.104
  5   1 487558.8 186559.2   0.0060   0.0917   0.0653   0.0891   3.1552   0.0653 -997994.481
  5   2 484960.1 189157.9   0.0104   0.1613   0.0645   0.1583   3.6507   0.0645 -1039854.591
  5   3 484283.6 189834.4   0.0103   0.1534   0.0672   0.1518   3.6178   0.0672 -1037062.588
  5   4 484964.7 189153.3   0.0079   0.1136   0.0697   0.1128   3.5154   0.0697 -1014099.968
  6   1 488911.3 185206.7   0.0075   0.1184   0.0636   0.1139   3.0155   0.0636 -1014974.318
  6   2 485601.3 188516.7   0.0099   0.1574   0.0628   0.1534   3.5817   0.0628 -1036792.696
  6   3 484787.5 189330.5   0.0098   0.1521   0.0647   0.1494   3.5654   0.0647 -1035316.266
  6   4 485353.6 188764.4   0.0076   0.1135   0.0673   0.1118   3.4798   0.0673 -1013097.247
  6   5 489107.0 185011.0   0.0076   0.1132   0.0674   0.1098   2.9775   0.0674 -1012986.566
  7   1 482674.7 191443.3   0.0678   1.1720   0.0579   1.1442   4.0668   0.0579 -1265448.653
  7   2 479373.5 194744.5   0.0686   1.2356   0.0556   1.2173   4.3708   0.0556 -1268614.480
  7   3 481145.4 192972.6   0.0680   1.1757   0.0579   1.1553   4.2406   0.0579 -1265331.356
  7   4 481064.6 193053.4   0.0678   1.1821   0.0574   1.1608   4.2460   0.0574 -1265353.440
  7   5 482828.4 191289.6   0.0677   1.1618   0.0583   1.1345   4.0684   0.0583 -1264675.122
  7   6 482565.3 191552.7   0.0677   1.1678   0.0579   1.1408   4.0837   0.0579 -1264946.471

