

2 (Bom_con) ... 1 (Apis_mel)
  0  0.0000 377407.489640  x:  0.51137   1.35225   0.48669  
  1 99.0000 369710.771977  x:  0.41797   1.45364   0.10946  
  2 21083.9756 369469.732870  x:  0.44432   1.46704   0.08429  
  3 15974.6506 366911.528330  x:  0.57306   3.03194   0.13092  
  4 5041.8211 366681.908595  x:  0.52882   3.40454   0.11413  
  5  0.3100 366592.761463  x:  0.57398   3.69672   0.10128  
  6  0.1432 366579.777478  x:  0.57853   3.84477   0.10731  
  7  0.0808 366576.244643  x:  0.57523   3.96973   0.10636  
  8  0.0827 366576.238306  x:  0.57539   3.96759   0.10648  
  9  0.0021 366576.238304  x:  0.57538   3.96763   0.10648  
 10  0.0000 366576.238304  x:  0.57538   3.96762   0.10648  
 11  0.0000 366576.238304  x:  0.57538   3.96762   0.10648  
 12  0.0000 366576.238304  x:  0.57538   3.96762   0.10648  
check convergence!


3 (Bom_hor) ... 1 (Apis_mel)
  0  0.0000 368504.859625  x:  0.46652   3.38004   0.14731  
  1 99.0000 368108.473723  x:  0.50469   3.38100   0.10312  
  2 11882.4217 367895.369183  x:  0.57177   3.38259   0.11156  
  3 9503.8587 367844.002144  x:  0.57585   3.91579   0.11428  
  4 208.1897 367825.942293  x:  0.58949   3.93776   0.10528  
  5  0.0285 367825.719775  x:  0.59190   3.95487   0.10553  
  6  0.0141 367825.718935  x:  0.59196   3.95563   0.10548  
  7  0.0008 367825.718925  x:  0.59195   3.95585   0.10548  
  8  0.0002 367825.718925  x:  0.59195   3.95585   0.10548  

3 (Bom_hor) ... 2 (Bom_con)
  0  0.0000 312068.972556  x:  0.13094   3.57602   0.11481  
  1 99.0000 312045.626747  x:  0.12374   3.57652   0.13033  
  2 2803.4849 312038.787196  x:  0.12784   3.57698   0.13773  
  3 2534.7738 311995.995088  x:  0.12814   4.61012   0.14358  
  4 97.5837 311995.842673  x:  0.12744   4.59847   0.14463  
  5  0.0095 311995.840729  x:  0.12749   4.59518   0.14478  
  6  0.0027 311995.840705  x:  0.12749   4.59440   0.14476  

4 (Bom_hyp) ... 1 (Apis_mel)
  0  0.0000 366695.658223  x:  0.54521   3.95941   0.16877  
  1 99.0000 366124.928210  x:  0.54124   3.95964   0.10842  
  2 15447.2122 366092.236782  x:  0.57358   3.95916   0.10194  
  3 2070.0067 366092.172672  x:  0.57332   3.93824   0.10189  
  4  4.8551 366090.683292  x:  0.57487   3.93562   0.10400  
  5  0.0093 366090.681706  x:  0.57511   3.93591   0.10399  
  6  0.0004 366090.681704  x:  0.57511   3.93589   0.10399  
  7  0.0000 366090.681704  x:  0.57511   3.93589   0.10399  
  8  0.0000 366090.681704  x:  0.57511   3.93590   0.10399  

4 (Bom_hyp) ... 2 (Bom_con)
  0  0.0000 309076.328043  x:  0.11886   3.60433   0.20719  
  1 99.0000 309035.247623  x:  0.10734   3.60486   0.19426  
  2 4579.4739 308917.935821  x:  0.11167   3.60755   0.13204  
  3 6256.1208 308860.702194  x:  0.11218   4.90096   0.14474  
  4 106.5926 308858.268545  x:  0.11441   4.90749   0.13885  
  5  0.0105 308858.206891  x:  0.11474   4.90672   0.13973  
  6  0.0015 308858.206791  x:  0.11476   4.90696   0.13969  
  7  0.0002 308858.206791  x:  0.11476   4.90710   0.13969  

4 (Bom_hyp) ... 3 (Bom_hor)
  0  0.0000 300334.791484  x:  0.06301   3.97141   0.22707  
  1 99.0000 300261.112890  x:  0.07555   3.97147   0.22498  
  2 12364.1925 300161.443516  x:  0.07589   3.97380   0.14602  
  3 2146.3081 300146.468587  x:  0.07584   4.80242   0.15441  
  4 40.3756 300146.147261  x:  0.07589   4.81580   0.15066  
  5  0.0222 300146.146299  x:  0.07591   4.82203   0.15070  
  6  0.0046 300146.146296  x:  0.07591   4.82221   0.15070  
  7  0.0001 300146.146296  x:  0.07591   4.82226   0.15070  
  8  0.0000 300146.146296  x:  0.07591   4.82225   0.15070  
  9  0.0000 300146.146295  x:  0.07591   4.82226   0.15070  

5 (Bom_mus) ... 1 (Apis_mel)
  0  0.0000 366853.406314  x:  0.55000   4.05312   0.11693  
  1 99.0000 366833.481308  x:  0.55495   4.05300   0.10718  
  2 3497.2431 366809.168326  x:  0.58371   4.05227   0.10580  
  3 2291.5106 366808.230017  x:  0.58271   3.97110   0.10563  
  4 22.8066 366808.221748  x:  0.58272   3.97100   0.10544  
  5  0.0002 366808.221746  x:  0.58271   3.97095   0.10544  
  6  0.0000 366808.221746  x:  0.58271   3.97095   0.10544  
check convergence!


5 (Bom_mus) ... 2 (Bom_con)
  0  0.0000 310636.217301  x:  0.12891   3.41939   0.10240  
  1 99.0000 310577.827873  x:  0.11654   3.41990   0.12152  
  2 5131.8500 310557.091623  x:  0.12286   3.42058   0.13552  
  3 3947.3866 310475.776322  x:  0.12337   4.90872   0.14348  
  4 137.6224 310474.361394  x:  0.12130   4.89076   0.14702  
  5  0.0140 310474.330932  x:  0.12149   4.88204   0.14768  
  6  0.0067 310474.330539  x:  0.12148   4.87844   0.14766  
  7  0.0022 310474.330530  x:  0.12148   4.87828   0.14765  

5 (Bom_mus) ... 3 (Bom_hor)
  0  0.0000 301711.446306  x:  0.07902   4.21697   0.24132  
  1 99.0000 301687.418727  x:  0.08619   4.21739   0.21316  
  2 1667.4900 301649.200816  x:  0.08258   4.21803   0.17073  
  3 14626.4196 301648.320556  x:  0.08246   4.40996   0.17261  
  4  8.8987 301646.392614  x:  0.08026   4.38534   0.17458  
  5  0.0305 301646.387479  x:  0.08023   4.38430   0.17408  
  6  0.0015 301646.387465  x:  0.08022   4.38364   0.17408  
  7  0.0007 301646.387465  x:  0.08022   4.38362   0.17408  

5 (Bom_mus) ... 4 (Bom_hyp)
  0  0.0000 299933.659097  x:  0.06382   3.73016   0.13195  
  1 99.0000 299869.399214  x:  0.07564   3.73023   0.13317  
  2 11481.1861 299860.880820  x:  0.07530   3.73143   0.15168  
  3 981.0593 299821.814432  x:  0.07516   5.08984   0.16023  
  4 69.4283 299821.806809  x:  0.07520   5.08945   0.15963  
  5  0.0006 299821.806789  x:  0.07519   5.09015   0.15962  
  6  0.0005 299821.806788  x:  0.07519   5.09031   0.15962  
  7  0.0001 299821.806788  x:  0.07519   5.09030   0.15962  

6 (Bom_pas) ... 1 (Apis_mel)
  0  0.0000 368261.462036  x:  0.52052   4.33737   0.20875  
  1 99.0000 367195.425664  x:  0.52451   4.33722   0.11395  
  2 17026.2436 367076.422349  x:  0.58612   4.33522   0.10185  
  3 4210.7578 367062.339122  x:  0.58209   4.00603   0.10065  
  4 81.5272 367053.883812  x:  0.58493   3.97901   0.10578  
  5  0.0768 367053.874396  x:  0.58520   3.98678   0.10578  
  6  0.0088 367053.874312  x:  0.58525   3.98655   0.10577  
  7  0.0002 367053.874312  x:  0.58525   3.98655   0.10576  
  8  0.0000 367053.874312  x:  0.58525   3.98655   0.10576  
  9  0.0000 367053.874312  x:  0.58525   3.98655   0.10576  

6 (Bom_pas) ... 2 (Bom_con)
  0  0.0000 311061.321326  x:  0.12024   3.45255   0.17416  
  1 99.0000 311042.951963  x:  0.12821   3.45366   0.16021  
  2 2310.2865 311022.786380  x:  0.12473   3.45551   0.13928  
  3 4510.0961 310937.975420  x:  0.12421   4.93903   0.15255  
  4 141.3104 310937.484242  x:  0.12360   4.94347   0.14934  
  5  0.0056 310937.482565  x:  0.12362   4.95086   0.14931  
  6  0.0044 310937.482496  x:  0.12361   4.95154   0.14934  

6 (Bom_pas) ... 3 (Bom_hor)
  0  0.0000 302143.182121  x:  0.06790   4.12977   0.16440  
  1 99.0000 302056.969207  x:  0.08207   4.12979   0.16495  
  2 13007.3291 302055.543466  x:  0.08196   4.13028   0.17353  
  3 344.8701 302051.174968  x:  0.08194   4.55656   0.17644  
  4 21.8077 302051.174334  x:  0.08193   4.55603   0.17627  
  5  0.0005 302051.174333  x:  0.08192   4.55605   0.17627  

6 (Bom_pas) ... 4 (Bom_hyp)
  0  0.0000 300526.867160  x:  0.07640   3.83489   0.27211  
  1 99.0000 300462.136955  x:  0.06703   3.83723   0.21985  
  2 2285.8356 300377.355562  x:  0.07195   3.84026   0.15304  
  3 35960.9246 300328.337258  x:  0.07286   5.42000   0.17080  
  4 75.7508 300321.448661  x:  0.07696   5.36139   0.16913  
  5  0.0594 300321.421602  x:  0.07691   5.35004   0.16796  
  6  0.0132 300321.418784  x:  0.07689   5.33677   0.16800  
  7  0.0090 300321.418761  x:  0.07690   5.33633   0.16800  

6 (Bom_pas) ... 5 (Bom_mus)
  0  0.0000 284932.405389  x:  0.02141   4.32635   0.27314  
  1 99.0000 284925.816876  x:  0.02357   4.32636   0.27288  
  2 6426.9015 284862.499246  x:  0.02368   4.33043   0.14963  
  3 803.5744 284851.891210  x:  0.02363   5.77129   0.16555  
  4 17.4031 284851.364140  x:  0.02362   5.82613   0.15683  
  5  0.1017 284851.357609  x:  0.02359   5.86637   0.15705  
  6  0.0253 284851.357466  x:  0.02360   5.86856   0.15708  
  7  0.0019 284851.357466  x:  0.02360   5.86869   0.15708  

7 (Bom_syl) ... 1 (Apis_mel)
  0  0.0000 367750.346175  x:  0.49460   4.79558   0.14102  
  1 99.0000 367539.918806  x:  0.52690   4.79440   0.10809  
  2 8263.9991 367394.362239  x:  0.58577   4.79183   0.11467  
  3 8230.4705 367316.788927  x:  0.57878   3.99023   0.11274  
  4 175.0828 367312.865806  x:  0.58323   3.99327   0.10845  
  5  0.0077 367312.861729  x:  0.58349   3.99005   0.10838  
  6  0.0035 367312.861592  x:  0.58355   3.99081   0.10838  
  7  0.0008 367312.861591  x:  0.58355   3.99079   0.10838  

7 (Bom_syl) ... 2 (Bom_con)
  0  0.0000 311988.948239  x:  0.13264   3.49251   0.10652  
  1 99.0000 311905.885204  x:  0.12032   3.49321   0.13700  
  2 5391.8532 311889.016510  x:  0.12733   3.49375   0.14672  
  3 4015.8710 311801.183506  x:  0.12793   5.05046   0.15508  
  4 142.6720 311800.056519  x:  0.12631   5.02966   0.15926  
  5  0.0138 311800.034670  x:  0.12653   5.02344   0.15970  
  6  0.0052 311800.034360  x:  0.12652   5.02024   0.15970  
  7  0.0020 311800.034349  x:  0.12652   5.02001   0.15969  
  8  0.0002 311800.034349  x:  0.12652   5.02001   0.15969  

7 (Bom_syl) ... 3 (Bom_hor)
  0  0.0000 301785.075766  x:  0.07070   4.05463   0.21340  
  1 99.0000 301740.865273  x:  0.08093   4.05470   0.21196  
  2 8979.0663 301708.981440  x:  0.08115   4.05656   0.16793  
  3 1324.0221 301692.530605  x:  0.08110   4.92152   0.17595  
  4 42.7048 301692.391763  x:  0.08114   4.92512   0.17325  
  5  0.0057 301692.391598  x:  0.08116   4.92753   0.17325  
  6  0.0019 301692.391597  x:  0.08116   4.92769   0.17326  
  7  0.0001 301692.391597  x:  0.08116   4.92769   0.17326  
  8  0.0000 301692.391597  x:  0.08116   4.92770   0.17326  
  9  0.0000 301692.391597  x:  0.08116   4.92770   0.17326  
check convergence!


7 (Bom_syl) ... 4 (Bom_hyp)
  0  0.0000 300250.842452  x:  0.05902   4.19834   0.26539  
  1 99.0000 300118.426493  x:  0.07540   4.19841   0.26343  
  2 17513.7515 299978.165172  x:  0.07582   4.20249   0.15913  
  3 2183.2377 299939.800279  x:  0.07575   5.70866   0.17555  
  4 60.5995 299938.416471  x:  0.07589   5.75217   0.16709  
  5  0.0724 299938.393956  x:  0.07601   5.79007   0.16730  
  6  0.0237 299938.393624  x:  0.07599   5.79320   0.16734  
  7  0.0022 299938.393623  x:  0.07599   5.79320   0.16733  

7 (Bom_syl) ... 5 (Bom_mus)
  0  0.0000 299963.642742  x:  0.06694   4.60364   0.17830  
  1 99.0000 299939.875621  x:  0.07420   4.60365   0.17877  
  2 6782.8935 299937.948057  x:  0.07407   4.60409   0.18988  
  3 358.3371 299934.408376  x:  0.07405   5.07256   0.19284  
  4 16.4336 299934.406165  x:  0.07404   5.06070   0.19272  
  5  0.0101 299934.406164  x:  0.07404   5.06062   0.19273  

7 (Bom_syl) ... 6 (Bom_pas)
  0  0.0000 300293.640598  x:  0.06480   4.34955   0.26059  
  1 99.0000 300248.675763  x:  0.07463   4.34961   0.25925  
  2 9527.3663 300196.565498  x:  0.07490   4.35213   0.19124  
  3 1355.4736 300182.159518  x:  0.07487   5.25822   0.20052  
  4 35.6455 300181.988034  x:  0.07493   5.26430   0.19706  
  5  0.0098 300181.987707  x:  0.07495   5.26709   0.19706  
  6  0.0023 300181.987704  x:  0.07495   5.26753   0.19707  

8 (Bom_vet) ... 1 (Apis_mel)
  0  0.0000 369863.943691  x:  0.55642   4.18121   0.29413  
  1 99.0000 367115.278963  x:  0.51815   4.18229   0.11650  
  2 20296.3158 367026.405205  x:  0.55512   4.18145   0.09979  
  3 4470.2550 367023.258507  x:  0.55302   4.03322   0.09930  
  4 30.0651 366968.115508  x:  0.57999   3.96099   0.10741  
  5  0.2754 366967.197222  x:  0.58420   3.98697   0.10570  
  6  0.0228 366967.191845  x:  0.58424   3.98122   0.10564  
  7  0.0064 366967.191845  x:  0.58424   3.98120   0.10564  

8 (Bom_vet) ... 2 (Bom_con)
  0  0.0000 310919.032878  x:  0.11124   3.41124   0.08195  
  1 99.0000 310731.813037  x:  0.13212   3.41158   0.11048  
  2 11554.7029 310677.990150  x:  0.11998   3.41227   0.13095  
  3 5364.7891 310583.423265  x:  0.11930   5.01315   0.13790  
  4 148.4964 310577.849611  x:  0.12315   5.02863   0.14508  
  5  0.0109 310577.440411  x:  0.12213   5.02862   0.14738  
  6  0.0020 310577.438567  x:  0.12219   5.02704   0.14753  
  7  0.0014 310577.438522  x:  0.12218   5.02572   0.14752  
  8  0.0007 310577.438522  x:  0.12218   5.02570   0.14752  

8 (Bom_vet) ... 3 (Bom_hor)
  0  0.0000 301678.582115  x:  0.07164   4.25370   0.24563  
  1 99.0000 301650.510835  x:  0.08011   4.25373   0.24361  
  2 6955.4402 301583.670391  x:  0.08035   4.25496   0.17439  
  3 1730.7624 301582.035319  x:  0.08033   4.52185   0.17703  
  4 12.7458 301581.937604  x:  0.08012   4.52549   0.17503  
  5  0.0056 301581.930907  x:  0.08000   4.52521   0.17530  
  6  0.0004 301581.930907  x:  0.08000   4.52520   0.17530  
  7  0.0000 301581.930907  x:  0.08000   4.52520   0.17530  
check convergence!


8 (Bom_vet) ... 4 (Bom_hyp)
  0  0.0000 300219.360386  x:  0.06271   3.80368   0.26426  
  1 99.0000 300146.325260  x:  0.07513   3.80379   0.26203  
  2 12343.1032 299996.459474  x:  0.07555   3.80871   0.15528  
  3 2300.8910 299950.720578  x:  0.07545   5.29447   0.17397  
  4 74.5503 299948.820536  x:  0.07554   5.33910   0.16414  
  5  0.0747 299948.798013  x:  0.07559   5.38008   0.16433  
  6  0.0228 299948.797886  x:  0.07557   5.38003   0.16438  
  7  0.0001 299948.797884  x:  0.07557   5.38011   0.16438  
  8  0.0001 299948.797883  x:  0.07557   5.38015   0.16437  
  9  0.0000 299948.797883  x:  0.07557   5.38014   0.16437  
 10  0.0000 299948.797883  x:  0.07557   5.38015   0.16437  

8 (Bom_vet) ... 5 (Bom_mus)
  0  0.0000 284253.848606  x:  0.01882   4.48261   0.20087  
  1 99.0000 284239.794513  x:  0.02173   4.48262   0.20071  
  2 10142.9010 284219.666171  x:  0.02180   4.48439   0.13988  
  3 567.8136 284213.360016  x:  0.02176   5.68477   0.14909  
  4 12.1482 284213.258310  x:  0.02177   5.69621   0.14534  
  5  0.0174 284213.258085  x:  0.02177   5.70329   0.14529  
  6  0.0051 284213.258079  x:  0.02177   5.70399   0.14532  
  7  0.0006 284213.258079  x:  0.02177   5.70401   0.14532  

8 (Bom_vet) ... 6 (Bom_pas)
  0  0.0000 284886.154013  x:  0.02308   4.73744   0.14139  
  1 99.0000 284885.438029  x:  0.02380   4.73745   0.14141  
  2 2021.3237 284885.262016  x:  0.02379   4.73843   0.14639  
  3 73.8547 284875.429316  x:  0.02372   6.36481   0.15417  
  4 15.2109 284875.414554  x:  0.02373   6.35173   0.15272  
  5  0.0116 284875.414519  x:  0.02373   6.34885   0.15268  
  6  0.0020 284875.414516  x:  0.02373   6.34840   0.15269  
  7  0.0004 284875.414516  x:  0.02373   6.34840   0.15269  
check convergence!


8 (Bom_vet) ... 7 (Bom_syl)
  0  0.0000 299812.139300  x:  0.07314   5.09162   0.18421  
  1 99.0000 299811.922368  x:  0.07385   5.09163   0.18474  
  2 496.9058 299810.666517  x:  0.07350   5.09173   0.19392  
  3 415.6177 299810.291131  x:  0.07349   5.25516   0.19484  
  4  4.7199 299810.290906  x:  0.07351   5.25388   0.19479  
  5  0.0013 299810.290906  x:  0.07351   5.25377   0.19479  
  6  0.0001 299810.290906  x:  0.07351   5.25379   0.19479  