Supplemental results for CODEML (seqf: /home/yzliu/eDNA/faststorage/yzliu/DK_proj/data/ref_genome/ref_annotation/primary_transcripts/extracted_cds_new/new_transcript_id_8_bom_apis/bootstraps/cat.out.OG_cds_8_species_same_header_fas.shuf_211OG_537.phy  treef: xxx.trees)


pairwise comparison (Goldman & Yang 1994)
seq seq        N       S       dN       dS     dN/dS   Paras.
  2   1 188835.5  65204.5   0.0581   0.5784   0.1005   0.5749   3.9938   0.1005 -450518.493
  3   1 188802.5  65237.5   0.0593   0.5951   0.0996   0.5906   3.9784   0.0996 -452020.915
  3   2 184558.4  69481.6   0.0126   0.1086   0.1161   0.1166   4.9768   0.1161 -380856.332
  4   1 189095.8  64944.2   0.0580   0.5866   0.0988   0.5793   3.9976   0.0988 -450469.525
  4   2 184192.3  69847.7   0.0116   0.1008   0.1152   0.1084   5.4624   0.1152 -378311.795
  4   3 184873.8  69166.2   0.0078   0.0636   0.1225   0.0689   4.9270   0.1225 -367642.091
  5   1 189137.8  64902.2   0.0583   0.5912   0.0987   0.5834   3.9977   0.0987 -450799.168
  5   2 184483.8  69556.2   0.0121   0.1051   0.1155   0.1128   5.2714   0.1155 -379456.644
  5   3 185406.8  68633.2   0.0080   0.0625   0.1279   0.0682   4.6117   0.1279 -367483.268
  5   4 184444.8  69595.2   0.0075   0.0614   0.1220   0.0668   5.4928   0.1220 -366511.255
  6   1 189123.8  64916.2   0.0583   0.5910   0.0986   0.5832   4.0029   0.0986 -450732.896
  6   2 184250.5  69789.5   0.0124   0.1069   0.1164   0.1152   5.4456   0.1164 -380023.048
  6   3 184867.9  69172.1   0.0083   0.0644   0.1284   0.0707   4.9551   0.1284 -368155.875
  6   4 183975.9  70064.1   0.0079   0.0627   0.1253   0.0690   5.8801   0.1253 -367143.769
  6   5 183336.0  70704.0   0.0023   0.0190   0.1216   0.0209   6.5267   0.1216 -350094.438
  7   1 189215.0  64825.0   0.0590   0.5900   0.1000   0.5835   3.9982   0.1000 -451073.546
  7   2 184368.9  69671.1   0.0131   0.1091   0.1204   0.1183   5.4123   0.1204 -380948.707
  7   3 184813.4  69226.6   0.0087   0.0660   0.1315   0.0730   5.0432   0.1315 -368867.205
  7   4 184040.5  69999.5   0.0081   0.0648   0.1257   0.0713   5.8916   0.1257 -367812.616
  7   5 184341.8  69698.2   0.0078   0.0579   0.1355   0.0647   5.6690   0.1355 -365957.755
  7   6 183878.7  70161.3   0.0082   0.0594   0.1385   0.0671   6.0712   0.1385 -366672.947
  8   1 189057.5  64982.5   0.0584   0.5928   0.0985   0.5853   4.0155   0.0985 -450928.840
  8   2 184248.2  69791.8   0.0121   0.1057   0.1147   0.1135   5.4169   0.1147 -379594.159
  8   3 185057.7  68982.3   0.0080   0.0629   0.1274   0.0687   4.8044   0.1274 -367638.393
  8   4 184091.6  69948.4   0.0076   0.0619   0.1232   0.0677   5.7459   0.1232 -366815.441
  8   5 184699.6  69340.4   0.0019   0.0183   0.1065   0.0192   5.2943   0.1065 -349423.622
  8   6 183061.0  70979.0   0.0021   0.0206   0.1042   0.0219   6.7697   0.1042 -350409.300
  8   7 183992.7  70047.3   0.0079   0.0585   0.1355   0.0656   5.9311   0.1355 -366222.233

