Supplemental results for CODEML (seqf: /home/yzliu/eDNA/faststorage/yzliu/DK_proj/data/ref_genome/ref_annotation/primary_transcripts/extracted_cds_new/new_transcript_id_8_bom_apis/bootstraps/cat.out.OG_cds_8_species_same_header_fas.shuf_211OG_229.phy  treef: xxx.trees)


pairwise comparison (Goldman & Yang 1994)
seq seq        N       S       dN       dS     dN/dS   Paras.
  2   1 161633.2  52383.8   0.0555   0.5597   0.0992   0.5368   4.0221   0.0992 -373687.722
  3   1 161421.1  52595.9   0.0555   0.5792   0.0958   0.5526   4.0930   0.0958 -374343.425
  3   2 157831.8  56185.2   0.0144   0.1120   0.1289   0.1202   5.0995   0.1289 -319940.671
  4   1 161809.9  52207.1   0.0549   0.5776   0.0950   0.5472   4.0595   0.0950 -373589.438
  4   2 158313.4  55703.6   0.0136   0.1073   0.1269   0.1140   4.9625   0.1269 -318405.676
  4   3 157614.2  56402.8   0.0081   0.0615   0.1314   0.0665   5.4924   0.1314 -306998.059
  5   1 161793.5  52223.5   0.0556   0.5797   0.0958   0.5504   4.0543   0.0958 -374024.268
  5   2 158286.3  55730.7   0.0148   0.1123   0.1314   0.1205   4.9679   0.1314 -319943.282
  5   3 158205.6  55811.4   0.0090   0.0634   0.1415   0.0696   4.9505   0.1415 -308059.279
  5   4 158488.7  55528.3   0.0088   0.0651   0.1350   0.0702   4.9820   0.1350 -307946.358
  6   1 161776.9  52240.1   0.0557   0.5807   0.0960   0.5517   4.0527   0.0960 -374169.271
  6   2 158243.8  55773.2   0.0151   0.1138   0.1325   0.1225   4.9882   0.1325 -320380.985
  6   3 157933.3  56083.7   0.0092   0.0642   0.1433   0.0708   5.1655   0.1433 -308340.903
  6   4 158267.1  55749.9   0.0092   0.0659   0.1403   0.0720   5.1563   0.1403 -308447.953
  6   5 157427.5  56589.5   0.0030   0.0208   0.1445   0.0232   5.9570   0.1445 -293896.814
  7   1 161840.0  52177.0   0.0562   0.5765   0.0975   0.5492   4.0322   0.0975 -374267.113
  7   2 158383.4  55633.6   0.0153   0.1144   0.1340   0.1232   4.8958   0.1340 -320667.439
  7   3 157723.7  56293.3   0.0088   0.0635   0.1390   0.0696   5.3779   0.1390 -307913.755
  7   4 158131.2  55885.8   0.0087   0.0646   0.1352   0.0699   5.3031   0.1352 -307756.959
  7   5 158399.9  55617.1   0.0090   0.0606   0.1489   0.0673   5.0471   0.1489 -307367.347
  7   6 158240.1  55776.9   0.0093   0.0616   0.1516   0.0689   5.1695   0.1516 -307800.550
  8   1 161768.0  52249.0   0.0555   0.5797   0.0957   0.5503   4.0411   0.0957 -374047.684
  8   2 158246.5  55770.5   0.0146   0.1128   0.1292   0.1205   4.9649   0.1292 -319925.186
  8   3 158115.5  55901.5   0.0088   0.0635   0.1389   0.0693   4.9891   0.1389 -307981.413
  8   4 158381.1  55635.9   0.0088   0.0654   0.1342   0.0705   5.0356   0.1342 -308047.597
  8   5 157806.8  56210.2   0.0025   0.0195   0.1282   0.0209   5.5393   0.1282 -293080.020
  8   6 157084.4  56932.6   0.0028   0.0210   0.1321   0.0228   6.2941   0.1321 -293707.883
  8   7 158361.0  55656.0   0.0088   0.0607   0.1449   0.0668   5.0427   0.1449 -307233.160

