Supplemental results for CODEML (seqf: /home/yzliu/eDNA/faststorage/yzliu/DK_proj/data/ref_genome/ref_annotation/primary_transcripts/extracted_cds_new/new_transcript_id_7_and_pas/bootstraps/cat.out.OG_cds_7_species_same_header_fas.shuf_537OG_562.phy  treef: xxx.trees)


pairwise comparison (Goldman & Yang 1994)
seq seq        N       S       dN       dS     dN/dS   Paras.
  2   1 473348.3 186375.7   0.0090   0.1738   0.0521   0.1667   3.7775   0.0521 -1018121.715
  3   1 473477.2 186246.8   0.0089   0.1607   0.0552   0.1552   3.5898   0.0552 -1013787.883
  3   2 472051.8 187672.2   0.0091   0.1584   0.0573   0.1547   4.0837   0.0573 -1012154.771
  4   1 473582.7 186141.3   0.0069   0.1191   0.0581   0.1157   3.5545   0.0581 -991997.913
  4   2 471642.5 188081.5   0.0090   0.1605   0.0563   0.1567   4.1199   0.0563 -1013128.488
  4   3 470912.3 188811.7   0.0090   0.1489   0.0603   0.1471   4.0254   0.0603 -1009539.859
  5   1 476851.0 182873.0   0.0051   0.0926   0.0553   0.0881   3.0963   0.0553 -974537.882
  5   2 472961.6 186762.4   0.0094   0.1707   0.0548   0.1652   3.8140   0.0548 -1018086.205
  5   3 473142.6 186581.4   0.0092   0.1576   0.0581   0.1534   3.6187   0.0581 -1013575.658
  5   4 473374.0 186350.0   0.0071   0.1148   0.0616   0.1126   3.5663   0.0616 -990725.816
  6   1 477575.4 182148.6   0.0063   0.1206   0.0520   0.1135   3.0225   0.0520 -990633.380
  6   2 473871.1 185852.9   0.0086   0.1644   0.0525   0.1575   3.6927   0.0525 -1013667.757
  6   3 473913.5 185810.5   0.0086   0.1525   0.0563   0.1474   3.5232   0.0563 -1009957.519
  6   4 474386.6 185337.4   0.0067   0.1132   0.0595   0.1099   3.4409   0.0595 -988815.308
  6   5 477418.7 182305.3   0.0066   0.1161   0.0566   0.1106   3.0269   0.0566 -989749.281
  7   1 471122.4 188601.6   0.0612   1.1557   0.0530   1.1223   4.0897   0.0530 -1228276.374
  7   2 467293.6 192430.4   0.0623   1.2480   0.0499   1.2245   4.4530   0.0499 -1232834.240
  7   3 469529.7 190194.3   0.0619   1.1733   0.0527   1.1468   4.2519   0.0527 -1229749.482
  7   4 469525.5 190198.5   0.0615   1.1674   0.0527   1.1411   4.2680   0.0527 -1228892.929
  7   5 471180.1 188543.9   0.0615   1.1483   0.0536   1.1163   4.0890   0.0536 -1228474.406
  7   6 470899.2 188824.8   0.0611   1.1591   0.0527   1.1261   4.1254   0.0527 -1228064.598

