Supplemental results for CODEML (seqf: /home/yzliu/eDNA/faststorage/yzliu/DK_proj/data/ref_genome/ref_annotation/primary_transcripts/extracted_cds_new/new_transcript_id_8_bom_apis/bootstraps/cat.out.OG_cds_8_species_same_header_fas.shuf_211OG_915.phy  treef: xxx.trees)


pairwise comparison (Goldman & Yang 1994)
seq seq        N       S       dN       dS     dN/dS   Paras.
  2   1 176598.0  57627.0   0.0518   0.5877   0.0881   0.5509   4.1123   0.0881 -408177.358
  3   1 176229.7  57995.3   0.0516   0.6093   0.0847   0.5691   4.1931   0.0847 -408917.871
  3   2 172172.1  62052.9   0.0132   0.1089   0.1209   0.1156   5.1435   0.1209 -349341.346
  4   1 176690.4  57534.6   0.0504   0.5977   0.0843   0.5544   4.1683   0.0843 -407357.664
  4   2 172422.2  61802.8   0.0119   0.1014   0.1177   0.1067   5.2589   0.1177 -346826.925
  4   3 171955.6  62269.4   0.0075   0.0624   0.1198   0.0663   5.4597   0.1198 -336285.307
  5   1 176655.7  57569.3   0.0512   0.6050   0.0846   0.5619   4.1702   0.0846 -408055.861
  5   2 172438.7  61786.3   0.0134   0.1086   0.1234   0.1156   5.2212   0.1234 -349115.108
  5   3 172157.8  62067.2   0.0080   0.0628   0.1277   0.0676   5.2631   0.1277 -336778.771
  5   4 171908.2  62316.8   0.0075   0.0619   0.1207   0.0658   5.8480   0.1207 -335813.046
  6   1 176612.7  57612.3   0.0515   0.6081   0.0846   0.5651   4.1737   0.0846 -408363.804
  6   2 172404.3  61820.7   0.0138   0.1091   0.1261   0.1168   5.2213   0.1261 -349499.757
  6   3 172035.2  62189.8   0.0083   0.0624   0.1332   0.0680   5.3375   0.1332 -336992.895
  6   4 171799.6  62425.4   0.0079   0.0625   0.1268   0.0674   5.9209   0.1268 -336365.897
  6   5 171911.6  62313.4   0.0024   0.0201   0.1192   0.0213   5.7818   0.1192 -321313.040
  7   1 176635.5  57589.5   0.0515   0.6062   0.0850   0.5637   4.2043   0.0850 -408250.564
  7   2 172218.0  62007.0   0.0135   0.1101   0.1230   0.1173   5.4339   0.1230 -349389.864
  7   3 171766.1  62458.9   0.0081   0.0643   0.1259   0.0692   5.6296   0.1259 -337095.531
  7   4 171540.7  62684.3   0.0077   0.0635   0.1217   0.0679   6.2584   0.1217 -336316.741
  7   5 171559.4  62665.6   0.0073   0.0574   0.1278   0.0622   6.2050   0.1278 -334748.099
  7   6 171520.3  62704.7   0.0077   0.0573   0.1347   0.0629   6.2094   0.1347 -335117.567
  8   1 176553.5  57671.5   0.0511   0.6071   0.0841   0.5640   4.1744   0.0841 -408163.976
  8   2 172356.0  61869.0   0.0133   0.1078   0.1235   0.1148   5.2161   0.1235 -349007.592
  8   3 172033.3  62191.7   0.0080   0.0614   0.1303   0.0665   5.2934   0.1303 -336576.205
  8   4 171828.6  62396.4   0.0075   0.0613   0.1217   0.0654   5.8361   0.1217 -335797.549
  8   5 171792.6  62432.4   0.0020   0.0188   0.1049   0.0193   5.8421   0.1049 -320501.250
  8   6 171456.2  62768.8   0.0023   0.0198   0.1164   0.0210   6.1478   0.1164 -321212.804
  8   7 171444.0  62781.0   0.0073   0.0563   0.1291   0.0613   6.2292   0.1291 -334584.146

