

2 (Bom_con) ... 1 (Apis_mel)
  0  0.0000 416844.484648  x:  0.41606   1.61242   0.50086  
  1 99.0000 406414.531989  x:  0.46204   1.69117   0.08165  
  2 22706.3795 406183.605141  x:  0.53684   1.72437   0.07371  
  3 6498.9543 405705.610464  x:  0.53957   2.19270   0.11083  
  4 2877.3719 404821.217871  x:  0.51139   3.05802   0.08041  
  5  2.6401 404696.428508  x:  0.54092   3.46108   0.09228  
  6  0.2359 404664.996724  x:  0.55039   3.73984   0.08554  
  7  0.1744 404663.254680  x:  0.54667   3.80088   0.08732  
  8  0.0419 404663.224280  x:  0.54656   3.80627   0.08709  
  9  0.0051 404663.224276  x:  0.54655   3.80621   0.08710  
 10  0.0000 404663.224276  x:  0.54655   3.80620   0.08710  
 11  0.0000 404663.224276  x:  0.54655   3.80620   0.08710  

3 (Bom_hor) ... 1 (Apis_mel)
  0  0.0000 405644.355108  x:  0.51248   3.41348   0.10508  
  1 99.0000 405544.681621  x:  0.51590   3.41379   0.08704  
  2 9976.6793 405491.870010  x:  0.55557   3.41562   0.08339  
  3 2980.0023 405461.218154  x:  0.56058   3.82821   0.08476  
  4 158.9075 405461.197922  x:  0.56130   3.82707   0.08459  
  5  0.0012 405461.197458  x:  0.56135   3.82697   0.08462  
  6  0.0001 405461.197458  x:  0.56135   3.82698   0.08462  

3 (Bom_hor) ... 2 (Bom_con)
  0  0.0000 348602.196579  x:  0.12999   3.50853   0.13799  
  1 99.0000 348581.833796  x:  0.12201   3.50897   0.13089  
  2 3726.2397 348564.372947  x:  0.12493   3.51023   0.11429  
  3 2707.8825 348492.744775  x:  0.12520   4.80395   0.12384  
  4 133.2184 348492.321736  x:  0.12551   4.80980   0.12118  
  5  0.0065 348492.319587  x:  0.12555   4.81744   0.12121  
  6  0.0049 348492.319505  x:  0.12553   4.81817   0.12122  
  7  0.0007 348492.319505  x:  0.12553   4.81818   0.12122  

4 (Bom_hyp) ... 1 (Apis_mel)
  0  0.0000 406009.747011  x:  0.47675   4.13089   0.21671  
  1 99.0000 403790.109105  x:  0.47577   4.13113   0.09147  
  2 24312.1731 403627.940891  x:  0.53442   4.12967   0.07731  
  3 5817.8750 403619.860249  x:  0.53112   3.89012   0.07637  
  4 61.2145 403580.624552  x:  0.54285   3.79734   0.08371  
  5  0.3542 403580.204739  x:  0.54597   3.83224   0.08335  
  6  0.0336 403580.189492  x:  0.54627   3.82525   0.08322  
  7  0.0069 403580.189443  x:  0.54626   3.82534   0.08322  
  8  0.0001 403580.189443  x:  0.54626   3.82534   0.08322  

4 (Bom_hyp) ... 2 (Bom_con)
  0  0.0000 344775.996293  x:  0.08689   3.34670   0.11530  
  1 99.0000 344579.316761  x:  0.11039   3.34691   0.11483  
  2 18275.1265 344576.605405  x:  0.11053   3.34836   0.10818  
  3 773.3617 344472.178645  x:  0.11029   5.01203   0.11992  
  4 165.5228 344471.526604  x:  0.11051   5.01952   0.11647  
  5  0.0073 344471.520430  x:  0.11054   5.03536   0.11652  
  6  0.0081 344471.520378  x:  0.11053   5.03562   0.11654  
  7  0.0002 344471.520377  x:  0.11053   5.03566   0.11654  
  8  0.0000 344471.520377  x:  0.11053   5.03566   0.11654  

4 (Bom_hyp) ... 3 (Bom_hor)
  0  0.0000 334621.162033  x:  0.06573   4.13845   0.08893  
  1 99.0000 334598.248005  x:  0.07246   4.13848   0.09189  
  2 6540.2095 334576.280724  x:  0.07088   4.13868   0.11376  
  3 2473.5585 334567.662351  x:  0.07076   4.78920   0.11646  
  4 29.1109 334567.640109  x:  0.07097   4.78673   0.11666  
  5  0.0023 334567.639912  x:  0.07096   4.78739   0.11673  
  6  0.0005 334567.639912  x:  0.07096   4.78729   0.11673  
  7  0.0001 334567.639911  x:  0.07096   4.78729   0.11673  
  8  0.0000 334567.639911  x:  0.07096   4.78729   0.11673  
  9  0.0000 334567.639911  x:  0.07096   4.78729   0.11673  
check convergence!


5 (Bom_mus) ... 1 (Apis_mel)
  0  0.0000 406537.368924  x:  0.48325   4.05843   0.21330  
  1 99.0000 404391.955217  x:  0.48182   4.05878   0.09177  
  2 24406.8095 404234.152120  x:  0.54028   4.05752   0.07781  
  3 5667.6508 404230.257233  x:  0.53802   3.89380   0.07719  
  4 40.7080 404194.658688  x:  0.54960   3.81425   0.08431  
  5  0.3111 404194.277761  x:  0.55263   3.84313   0.08379  
  6  0.0260 404194.267402  x:  0.55280   3.83672   0.08369  
  7  0.0065 404194.267389  x:  0.55279   3.83674   0.08368  

5 (Bom_mus) ... 2 (Bom_con)
  0  0.0000 346796.713863  x:  0.11977   3.51089   0.17273  
  1 99.0000 346712.628691  x:  0.10804   3.51240   0.13932  
  2 4463.1816 346654.526489  x:  0.11520   3.51382   0.11165  
  3 11972.8913 346553.425127  x:  0.11642   5.14859   0.12577  
  4 153.7985 346551.078329  x:  0.11908   5.14861   0.12258  
  5  0.0040 346551.073643  x:  0.11903   5.15262   0.12235  
  6  0.0043 346551.073194  x:  0.11903   5.15674   0.12239  
  7  0.0024 346551.073190  x:  0.11903   5.15679   0.12239  
  8  0.0001 346551.073190  x:  0.11903   5.15681   0.12239  
  9  0.0000 346551.073190  x:  0.11903   5.15680   0.12239  

5 (Bom_mus) ... 3 (Bom_hor)
  0  0.0000 335566.782334  x:  0.07033   4.28629   0.15903  
  1 99.0000 335558.446270  x:  0.07456   4.28633   0.15673  
  2 3597.4202 335527.134242  x:  0.07429   4.28684   0.12339  
  3 2173.1202 335524.881926  x:  0.07424   4.61010   0.12555  
  4 14.6407 335524.828241  x:  0.07397   4.60929   0.12488  
  5  0.0011 335524.827165  x:  0.07394   4.60884   0.12502  
  6  0.0006 335524.827164  x:  0.07394   4.60883   0.12502  
  7  0.0001 335524.827164  x:  0.07394   4.60882   0.12502  
  8  0.0011 335524.827164  x:  0.07394   4.60882   0.12502  

5 (Bom_mus) ... 4 (Bom_hyp)
  0  0.0000 332963.445430  x:  0.06498   3.78968   0.24117  
  1 99.0000 332752.893411  x:  0.05395   3.79270   0.14034  
  2 3499.7145 332671.072925  x:  0.05894   3.79399   0.09758  
  3 68634.0969 332620.698829  x:  0.06060   5.45874   0.11267  
  4 73.2883 332604.843418  x:  0.06565   5.20345   0.11741  
  5  0.3119 332604.318059  x:  0.06578   5.16181   0.11344  
  6  0.0402 332604.303269  x:  0.06576   5.12968   0.11341  
  7  0.0230 332604.303219  x:  0.06575   5.12961   0.11342  
  8  0.0001 332604.303219  x:  0.06575   5.12963   0.11342  
  9  0.0000 332604.303219  x:  0.06575   5.12964   0.11342  

6 (Bom_pas) ... 1 (Apis_mel)
  0  0.0000 405352.368675  x:  0.43385   4.12895   0.14966  
  1 99.0000 404568.490649  x:  0.46082   4.12869   0.09105  
  2 18934.3448 404249.783685  x:  0.54879   4.12704   0.09141  
  3 9469.3895 404235.778998  x:  0.54655   3.82425   0.09009  
  4 88.2893 404223.806093  x:  0.55128   3.85233   0.08419  
  5  0.0560 404223.755534  x:  0.55256   3.85413   0.08414  
  6  0.0017 404223.755531  x:  0.55256   3.85402   0.08414  
  7  0.0001 404223.755531  x:  0.55256   3.85402   0.08414  

6 (Bom_pas) ... 2 (Bom_con)
  0  0.0000 347065.532041  x:  0.11748   3.39393   0.09478  
  1 99.0000 347041.209029  x:  0.12442   3.39444   0.10548  
  2 3927.3586 347031.876351  x:  0.12002   3.39525   0.11402  
  3 2603.5814 346911.030194  x:  0.11955   5.17840   0.12360  
  4 175.7172 346910.771697  x:  0.12052   5.17670   0.12347  
  5  0.0019 346910.770639  x:  0.12052   5.17572   0.12361  
  6  0.0007 346910.770623  x:  0.12052   5.17491   0.12360  
  7  0.0004 346910.770623  x:  0.12052   5.17489   0.12360  

6 (Bom_pas) ... 3 (Bom_hor)
  0  0.0000 335934.980311  x:  0.06955   4.31722   0.15229  
  1 99.0000 335919.218014  x:  0.07531   4.31725   0.15097  
  2 5556.6640 335903.466700  x:  0.07536   4.31780   0.12759  
  3 1315.8289 335898.729314  x:  0.07532   4.79352   0.13062  
  4 21.2031 335898.708959  x:  0.07524   4.79429   0.12989  
  5  0.0012 335898.708749  x:  0.07522   4.79452   0.12993  
  6  0.0002 335898.708749  x:  0.07522   4.79453   0.12993  
  7  0.0000 335898.708749  x:  0.07522   4.79452   0.12993  

6 (Bom_pas) ... 4 (Bom_hyp)
  0  0.0000 333320.215458  x:  0.05990   3.88395   0.14829  
  1 99.0000 333285.111157  x:  0.06781   3.88403   0.14680  
  2 9117.3559 333253.224326  x:  0.06793   3.88555   0.11414  
  3 1795.8344 333210.169760  x:  0.06773   5.43899   0.12536  
  4 68.2347 333209.468022  x:  0.06777   5.44666   0.12072  
  5  0.0106 333209.466089  x:  0.06777   5.45812   0.12066  
  6  0.0070 333209.466001  x:  0.06777   5.45925   0.12071  
  7  0.0011 333209.466001  x:  0.06777   5.45929   0.12071  

6 (Bom_pas) ... 5 (Bom_mus)
  0  0.0000 318666.779076  x:  0.02124   4.43456   0.17400  
  1 99.0000 318664.623270  x:  0.02237   4.43457   0.17381  
  2 3856.5672 318647.774734  x:  0.02242   4.43573   0.12816  
  3 652.0288 318642.899957  x:  0.02237   5.38923   0.13500  
  4 11.4891 318642.795784  x:  0.02237   5.39963   0.13176  
  5  0.0149 318642.795537  x:  0.02237   5.40667   0.13174  
  6  0.0056 318642.795534  x:  0.02237   5.40726   0.13175  
  7  0.0009 318642.795532  x:  0.02237   5.40725   0.13175  
  8  0.0000 318642.795531  x:  0.02237   5.40726   0.13176  

7 (Bom_syl) ... 1 (Apis_mel)
  0  0.0000 404901.769578  x:  0.49373   4.33447   0.10189  
  1 99.0000 404836.259072  x:  0.50587   4.33398   0.08735  
  2 6433.5528 404734.828326  x:  0.55775   4.33178   0.08789  
  3 6807.6944 404700.986938  x:  0.55266   3.85380   0.08692  
  4 129.4125 404700.358377  x:  0.55300   3.84102   0.08560  
  5  0.0150 404700.358150  x:  0.55292   3.84044   0.08560  
  6  0.0006 404700.358147  x:  0.55292   3.84054   0.08560  
  7  0.0001 404700.358147  x:  0.55292   3.84054   0.08560  

7 (Bom_syl) ... 2 (Bom_con)
  0  0.0000 347549.372363  x:  0.12619   3.27998   0.13088  
  1 99.0000 347538.398851  x:  0.11988   3.28050   0.12713  
  2 3065.0292 347531.708002  x:  0.12135   3.28244   0.11665  
  3 1418.3259 347377.607420  x:  0.12137   5.26125   0.13243  
  4 212.9853 347376.247403  x:  0.12180   5.26040   0.12728  
  5  0.0046 347376.241838  x:  0.12177   5.27492   0.12725  
  6  0.0069 347376.241610  x:  0.12179   5.27603   0.12730  
  7  0.0011 347376.241610  x:  0.12179   5.27603   0.12730  

7 (Bom_syl) ... 3 (Bom_hor)
  0  0.0000 336431.294914  x:  0.05935   4.49499   0.20666  
  1 99.0000 336284.655169  x:  0.07576   4.49503   0.20437  
  2 19359.7521 336153.568071  x:  0.07613   4.49633   0.12728  
  3 2821.5633 336146.983104  x:  0.07610   5.08316   0.13205  
  4 24.0771 336146.795188  x:  0.07615   5.09589   0.12973  
  5  0.0227 336146.794018  x:  0.07619   5.10045   0.12972  
  6  0.0036 336146.794015  x:  0.07619   5.10036   0.12973  
  7  0.0001 336146.794014  x:  0.07619   5.10031   0.12973  
  8  0.0000 336146.794014  x:  0.07619   5.10026   0.12973  
  9  0.0000 336146.794014  x:  0.07619   5.10031   0.12973  

7 (Bom_syl) ... 4 (Bom_hyp)
  0  0.0000 333755.104620  x:  0.06687   4.17205   0.21674  
  1 99.0000 333707.795192  x:  0.07675   4.17291   0.18834  
  2 3270.1937 333566.513196  x:  0.07420   4.17520   0.11313  
  3 23501.0961 333518.059437  x:  0.07314   5.94784   0.12858  
  4 66.3281 333507.854307  x:  0.06905   5.95617   0.12183  
  5  0.0133 333507.720735  x:  0.06878   5.94018   0.12356  
  6  0.0234 333507.717718  x:  0.06876   5.92489   0.12340  
  7  0.0094 333507.717589  x:  0.06877   5.92317   0.12342  
  8  0.0017 333507.717589  x:  0.06877   5.92317   0.12342  

7 (Bom_syl) ... 5 (Bom_mus)
  0  0.0000 332759.307003  x:  0.06288   4.93512   0.13130  
  1 99.0000 332755.830395  x:  0.06540   4.93513   0.13140  
  2 2807.7343 332755.768847  x:  0.06538   4.93551   0.13292  
  3 80.0201 332749.438273  x:  0.06533   5.66825   0.13609  
  4 20.5609 332749.430871  x:  0.06533   5.64646   0.13572  
  5  0.0184 332749.430812  x:  0.06533   5.64505   0.13575  

7 (Bom_syl) ... 6 (Bom_pas)
  0  0.0000 333156.351304  x:  0.05963   4.54403   0.14025  
  1 99.0000 333129.585973  x:  0.06649   4.54407   0.14011  
  2 8116.0741 333129.017953  x:  0.06653   4.54491   0.13548  
  3 236.7152 333106.179518  x:  0.06642   5.84531   0.14275  
  4 42.0820 333106.130308  x:  0.06645   5.84637   0.14136  
  5  0.0017 333106.130211  x:  0.06645   5.84922   0.14134  
  6  0.0020 333106.130209  x:  0.06645   5.84944   0.14135  
  7  0.0002 333106.130208  x:  0.06645   5.84942   0.14135  
  8  0.0001 333106.130208  x:  0.06645   5.84942   0.14135  

8 (Bom_vet) ... 1 (Apis_mel)
  0  0.0000 405695.514390  x:  0.53333   4.70378   0.16806  
  1 99.0000 404499.046941  x:  0.52438   4.70341   0.08986  
  2 23173.2190 404454.374342  x:  0.55886   4.70033   0.08197  
  3 2601.7267 404364.013819  x:  0.54763   3.84939   0.08035  
  4 191.7749 404355.224761  x:  0.55310   3.83627   0.08398  
  5  0.0367 404355.202673  x:  0.55340   3.84678   0.08408  
  6  0.0136 404355.202043  x:  0.55343   3.84582   0.08411  
  7  0.0010 404355.202043  x:  0.55343   3.84582   0.08411  

8 (Bom_vet) ... 2 (Bom_con)
  0  0.0000 346983.158841  x:  0.10680   3.44845   0.08753  
  1 99.0000 346893.038657  x:  0.12327   3.44873   0.09693  
  2 9999.2799 346870.480306  x:  0.11932   3.44967   0.11348  
  3 3049.4572 346750.406690  x:  0.11883   5.27028   0.12280  
  4 170.5851 346750.115138  x:  0.11986   5.26845   0.12240  
  5  0.0020 346750.115113  x:  0.11986   5.26821   0.12242  
  6  0.0002 346750.115113  x:  0.11986   5.26809   0.12242  
  7  0.0001 346750.115113  x:  0.11986   5.26807   0.12242  
  8  0.0000 346750.115113  x:  0.11986   5.26805   0.12242  

8 (Bom_vet) ... 3 (Bom_hor)
  0  0.0000 335721.803115  x:  0.07550   4.33731   0.14973  
  1 99.0000 335718.214349  x:  0.07286   4.33736   0.14710  
  2 1899.3975 335703.212188  x:  0.07414   4.33783   0.12470  
  3 2244.3870 335699.482483  x:  0.07414   4.76231   0.12733  
  4 18.5770 335699.458341  x:  0.07436   4.76190   0.12704  
  5  0.0006 335699.458296  x:  0.07436   4.76187   0.12708  
  6  0.0001 335699.458296  x:  0.07436   4.76187   0.12708  
check convergence!


8 (Bom_vet) ... 4 (Bom_hyp)
  0  0.0000 333135.701247  x:  0.07047   3.88625   0.14626  
  1 99.0000 333124.818818  x:  0.06595   3.88635   0.14387  
  2 4154.8775 333090.271942  x:  0.06697   3.88782   0.11017  
  3 2264.0023 333048.693519  x:  0.06687   5.42177   0.12102  
  4 66.5507 333048.069177  x:  0.06709   5.42913   0.11678  
  5  0.0101 333048.067333  x:  0.06713   5.43725   0.11677  
  6  0.0062 333048.067155  x:  0.06712   5.44016   0.11679  
  7  0.0022 333048.067155  x:  0.06712   5.44016   0.11679  

8 (Bom_vet) ... 5 (Bom_mus)
  0  0.0000 318280.436320  x:  0.02251   4.37398   0.15012  
  1 99.0000 318277.993934  x:  0.02136   4.37399   0.14998  
  2 3946.4008 318270.146101  x:  0.02143   4.37508   0.12038  
  3 486.5912 318261.907725  x:  0.02135   5.69579   0.12879  
  4 14.6900 318261.817689  x:  0.02131   5.70017   0.12582  
  5  0.0062 318261.817535  x:  0.02131   5.70480   0.12582  
  6  0.0037 318261.817525  x:  0.02131   5.70601   0.12583  
  7  0.0010 318261.817525  x:  0.02131   5.70604   0.12583  
  8  0.0000 318261.817525  x:  0.02131   5.70603   0.12583  
  9  0.0000 318261.817525  x:  0.02131   5.70604   0.12583  

8 (Bom_vet) ... 6 (Bom_pas)
  0  0.0000 318998.316496  x:  0.02094   4.51716   0.22529  
  1 99.0000 318990.879436  x:  0.02305   4.51717   0.22501  
  2 7319.2392 318929.815797  x:  0.02315   4.51990   0.12756  
  3 988.8780 318917.531311  x:  0.02308   6.13259   0.14226  
  4 18.2351 318916.735711  x:  0.02308   6.19943   0.13329  
  5  0.1161 318916.724102  x:  0.02306   6.26119   0.13353  
  6  0.0347 318916.724006  x:  0.02307   6.26049   0.13356  
  7  0.0007 318916.724003  x:  0.02307   6.26027   0.13356  

8 (Bom_vet) ... 7 (Bom_syl)
  0  0.0000 333044.354935  x:  0.06435   4.87528   0.23639  
  1 99.0000 332959.604996  x:  0.07508   4.87645   0.17538  
  2 2623.1988 332885.927153  x:  0.07052   4.87744   0.12433  
  3 37479.2121 332868.014430  x:  0.06955   6.12268   0.13350  
  4 31.5217 332859.218863  x:  0.06559   5.98171   0.13770  
  5  0.1944 332859.169419  x:  0.06552   5.93228   0.13660  
  6  0.0457 332859.166837  x:  0.06555   5.91987   0.13673  
  7  0.0128 332859.166835  x:  0.06555   5.91998   0.13672  
  8  0.0001 332859.166834  x:  0.06555   5.91999   0.13672  
  9  0.0001 332859.166834  x:  0.06555   5.91999   0.13672  