Supplemental results for CODEML (seqf: /home/yzliu/eDNA/faststorage/yzliu/DK_proj/data/ref_genome/ref_annotation/primary_transcripts/extracted_cds_new/new_transcript_id_8_bom_apis/bootstraps/cat.out.OG_cds_8_species_same_header_fas.shuf_211OG_26.phy  treef: xxx.trees)


pairwise comparison (Goldman & Yang 1994)
seq seq        N       S       dN       dS     dN/dS   Paras.
  2   1 348138.8 111434.2   0.0560   0.5705   0.0981   0.5422   4.3140   0.0981 -801194.208
  3   1 347799.3 111773.7   0.0561   0.5861   0.0957   0.5550   4.3157   0.0957 -802808.099
  3   2 339209.8 120363.2   0.0141   0.1078   0.1308   0.1160   5.1846   0.1308 -685323.888
  4   1 348424.3 111148.7   0.0552   0.5768   0.0957   0.5440   4.3319   0.0957 -800266.269
  4   2 339158.6 120414.4   0.0131   0.1004   0.1301   0.1079   5.4844   0.1301 -680850.481
  4   3 338749.9 120823.1   0.0076   0.0617   0.1233   0.0655   5.5268   0.1233 -658651.866
  5   1 348535.1 111037.9   0.0558   0.5841   0.0955   0.5502   4.3030   0.0955 -801417.452
  5   2 339552.7 120020.3   0.0141   0.1060   0.1329   0.1143   5.3180   0.1329 -684149.194
  5   3 339915.9 119657.1   0.0085   0.0617   0.1374   0.0670   5.0265   0.1374 -660138.285
  5   4 338902.9 120670.1   0.0080   0.0616   0.1292   0.0661   5.7759   0.1292 -658616.813
  6   1 348496.2 111076.8   0.0560   0.5844   0.0959   0.5512   4.3100   0.0959 -801694.478
  6   2 339411.8 120161.2   0.0145   0.1071   0.1350   0.1160   5.3735   0.1350 -685055.753
  6   3 339245.8 120327.2   0.0088   0.0624   0.1412   0.0685   5.3057   0.1412 -660964.439
  6   4 338196.4 121376.6   0.0084   0.0621   0.1357   0.0678   6.1431   0.1357 -659656.676
  6   5 338841.8 120731.2   0.0025   0.0191   0.1321   0.0207   5.8141   0.1321 -629262.596
  7   1 348642.1 110930.9   0.0565   0.5797   0.0975   0.5485   4.3204   0.0975 -801813.966
  7   2 339330.3 120242.7   0.0148   0.1080   0.1366   0.1175   5.4858   0.1366 -685711.643
  7   3 339228.0 120345.0   0.0086   0.0638   0.1346   0.0691   5.3853   0.1346 -661044.299
  7   4 338186.9 121386.1   0.0083   0.0627   0.1321   0.0680   6.2418   0.1321 -659561.413
  7   5 339111.2 120461.8   0.0083   0.0583   0.1427   0.0643   5.7596   0.1427 -657957.442
  7   6 338510.1 121062.9   0.0087   0.0589   0.1479   0.0658   6.0674   0.1479 -658925.267
  8   1 348403.2 111169.8   0.0558   0.5837   0.0957   0.5505   4.3072   0.0957 -801554.556
  8   2 339285.9 120287.1   0.0141   0.1062   0.1324   0.1145   5.3880   0.1324 -684210.859
  8   3 339491.3 120081.7   0.0085   0.0614   0.1385   0.0669   5.1582   0.1385 -660105.325
  8   4 338333.9 121239.1   0.0081   0.0615   0.1310   0.0665   6.0138   0.1310 -658854.841
  8   5 339326.5 120246.5   0.0022   0.0179   0.1202   0.0189   5.5263   0.1202 -627834.185
  8   6 337510.1 122062.9   0.0025   0.0190   0.1317   0.0207   6.4937   0.1317 -629244.552
  8   7 338622.2 120950.8   0.0083   0.0578   0.1445   0.0641   5.9539   0.1445 -657915.752

