Supplemental results for CODEML (seqf: /home/yzliu/eDNA/faststorage/yzliu/DK_proj/data/ref_genome/ref_annotation/primary_transcripts/extracted_cds_new/new_transcript_id_8_bom_apis/bootstraps/cat.out.OG_cds_8_species_same_header_fas.shuf_211OG_96.phy  treef: xxx.trees)


pairwise comparison (Goldman & Yang 1994)
seq seq        N       S       dN       dS     dN/dS   Paras.
  2   1 338943.7 116456.3   0.0588   0.5667   0.1037   0.5660   3.9671   0.1037 -806645.729
  3   1 338716.2 116683.8   0.0591   0.5821   0.1015   0.5793   3.9656   0.1015 -808364.583
  3   2 331536.0 123864.0   0.0144   0.1063   0.1358   0.1182   5.0661   0.1358 -683978.776
  4   1 339376.8 116023.2   0.0583   0.5769   0.1010   0.5712   3.9625   0.1010 -806375.788
  4   2 331862.0 123538.0   0.0135   0.0999   0.1354   0.1109   5.1781   0.1354 -680082.108
  4   3 331551.5 123848.5   0.0080   0.0609   0.1306   0.0670   5.2107   0.1306 -657380.109
  5   1 339435.0 115965.0   0.0588   0.5809   0.1013   0.5754   3.9843   0.1013 -807051.566
  5   2 331893.7 123506.3   0.0145   0.1055   0.1372   0.1175   5.2177   0.1372 -683154.252
  5   3 332550.2 122849.8   0.0087   0.0626   0.1384   0.0697   4.8738   0.1384 -659128.519
  5   4 332350.6 123049.4   0.0085   0.0626   0.1350   0.0693   5.1908   0.1350 -658382.797
  6   1 339459.1 115940.9   0.0590   0.5797   0.1018   0.5748   3.9709   0.1018 -807218.803
  6   2 331741.4 123658.6   0.0149   0.1059   0.1409   0.1189   5.2723   0.1409 -683955.562
  6   3 331923.9 123476.1   0.0090   0.0632   0.1425   0.0711   5.1051   0.1425 -659928.302
  6   4 331661.8 123738.2   0.0090   0.0627   0.1441   0.0709   5.4742   0.1441 -659423.152
  6   5 330598.6 124801.4   0.0028   0.0201   0.1379   0.0226   6.0426   0.1379 -628433.419
  7   1 339455.9 115944.1   0.0598   0.5779   0.1035   0.5751   3.9765   0.1035 -807922.552
  7   2 331761.6 123638.4   0.0155   0.1085   0.1431   0.1223   5.2689   0.1431 -685794.049
  7   3 331334.9 124065.1   0.0091   0.0647   0.1401   0.0726   5.3502   0.1401 -660599.237
  7   4 331153.1 124246.9   0.0090   0.0641   0.1412   0.0722   5.7112   0.1412 -659941.127
  7   5 331876.2 123523.8   0.0090   0.0595   0.1512   0.0681   5.4434   0.1512 -657998.129
  7   6 331425.6 123974.4   0.0095   0.0597   0.1592   0.0695   5.6366   0.1592 -658967.862
  8   1 339356.8 116043.2   0.0589   0.5810   0.1014   0.5758   3.9828   0.1014 -807176.685
  8   2 331499.2 123900.8   0.0144   0.1049   0.1371   0.1170   5.3496   0.1371 -682867.685
  8   3 332039.5 123360.5   0.0087   0.0613   0.1412   0.0687   5.0377   0.1412 -658659.824
  8   4 331665.0 123735.0   0.0086   0.0618   0.1390   0.0691   5.4468   0.1390 -658339.694
  8   5 331128.5 124271.5   0.0023   0.0188   0.1250   0.0205   5.7515   0.1250 -626806.544
  8   6 329674.3 125725.7   0.0027   0.0199   0.1375   0.0225   6.4983   0.1375 -628294.733
  8   7 331205.5 124194.5   0.0090   0.0582   0.1542   0.0672   5.7111   0.1542 -657537.017

