

2 (Bom_con) ... 1 (Apis_mel)
  0  0.0000 376256.426818  x:  0.54178   1.42437   0.40793  
  1 99.0000 370053.273838  x:  0.42405   1.48726   0.11106  
  2 23295.0978 369855.166924  x:  0.44780   1.49861   0.08696  
  3 12568.9717 367769.925645  x:  0.54384   3.13994   0.13006  
  4 3888.5188 367641.680963  x:  0.52102   3.36870   0.11218  
  5  0.1688 367605.707335  x:  0.55219   3.50968   0.10406  
  6  0.0904 367599.476053  x:  0.55351   3.59459   0.10856  
  7  0.0531 367597.412391  x:  0.55169   3.69269   0.10812  
  8  0.0647 367597.404161  x:  0.55215   3.69057   0.10801  
  9  0.0020 367597.404152  x:  0.55215   3.69076   0.10801  

3 (Bom_hor) ... 1 (Apis_mel)
  0  0.0000 368763.198580  x:  0.55403   3.37381   0.12974  
  1 99.0000 368646.162859  x:  0.55232   3.37426   0.10604  
  2 8992.4726 368641.707187  x:  0.56452   3.37626   0.10419  
  3 732.5950 368622.812239  x:  0.56822   3.69742   0.10560  
  4 127.4981 368622.810016  x:  0.56830   3.69676   0.10550  
  5  0.0008 368622.809959  x:  0.56833   3.69651   0.10550  
  6  0.0003 368622.809959  x:  0.56833   3.69649   0.10550  

3 (Bom_hor) ... 2 (Bom_con)
  0  0.0000 312375.004550  x:  0.10713   3.13916   0.22848  
  1 99.0000 312310.113710  x:  0.12290   3.13982   0.21733  
  2 7057.0064 312083.499540  x:  0.12237   3.14490   0.13086  
  3 6020.1317 311974.225240  x:  0.12170   4.67570   0.15329  
  4 178.2274 311964.225218  x:  0.12035   4.74420   0.13820  
  5  0.1031 311963.838296  x:  0.11924   4.79592   0.13903  
  6  0.0427 311963.804573  x:  0.11940   4.82874   0.13913  
  7  0.0178 311963.804544  x:  0.11940   4.82864   0.13916  
  8  0.0001 311963.804544  x:  0.11939   4.82864   0.13916  

4 (Bom_hyp) ... 1 (Apis_mel)
  0  0.0000 367978.627328  x:  0.55352   4.03085   0.17789  
  1 99.0000 367243.899419  x:  0.54135   4.03087   0.10832  
  2 16727.8237 367234.067738  x:  0.55843   4.02923   0.10412  
  3 1139.3143 367218.649002  x:  0.55412   3.70897   0.10298  
  4 92.4949 367217.452414  x:  0.55590   3.70273   0.10483  
  5  0.0134 367217.452089  x:  0.55589   3.70410   0.10484  
  6  0.0016 367217.452089  x:  0.55589   3.70409   0.10484  

4 (Bom_hyp) ... 2 (Bom_con)
  0  0.0000 309330.491310  x:  0.11303   3.14710   0.19095  
  1 99.0000 309294.244965  x:  0.10227   3.14770   0.18208  
  2 5020.0614 309198.609562  x:  0.10555   3.15168   0.12688  
  3 4549.3903 309073.467726  x:  0.10593   4.96579   0.14834  
  4 178.4972 309069.501943  x:  0.10711   5.00514   0.13832  
  5  0.0483 309069.419147  x:  0.10748   5.05170   0.13849  
  6  0.0286 309069.406813  x:  0.10732   5.06757   0.13862  
  7  0.0116 309069.406808  x:  0.10732   5.06785   0.13863  
  8  0.0003 309069.406808  x:  0.10732   5.06786   0.13863  
  9  0.0000 309069.406808  x:  0.10732   5.06786   0.13863  
 10  0.0000 309069.406808  x:  0.10732   5.06786   0.13863  
 11  0.0000 309069.406808  x:  0.10732   5.06786   0.13863  
check convergence!


4 (Bom_hyp) ... 3 (Bom_hor)
  0  0.0000 300040.563763  x:  0.07411   4.35487   0.13230  
  1 99.0000 300030.299491  x:  0.06925   4.35489   0.13207  
  2 4114.2281 300030.114183  x:  0.06929   4.35528   0.12941  
  3 135.8447 300025.544216  x:  0.06925   4.89187   0.13236  
  4 19.1269 300025.538601  x:  0.06925   4.87792   0.13197  
  5  0.0127 300025.538554  x:  0.06925   4.87661   0.13199  
  6  0.0012 300025.538554  x:  0.06925   4.87661   0.13199  
  7  0.0000 300025.538554  x:  0.06925   4.87661   0.13199  

5 (Bom_mus) ... 1 (Apis_mel)
  0  0.0000 367789.370774  x:  0.56215   4.23023   0.11268  
  1 99.0000 367782.881192  x:  0.56223   4.22992   0.10709  
  2 2369.9251 367781.565282  x:  0.56903   4.22700   0.10623  
  3 364.2948 367745.006045  x:  0.56212   3.73037   0.10536  
  4 157.7742 367744.982384  x:  0.56166   3.72075   0.10552  
  5  0.0114 367744.982282  x:  0.56162   3.72117   0.10553  
  6  0.0005 367744.982282  x:  0.56162   3.72116   0.10553  

5 (Bom_mus) ... 2 (Bom_con)
  0  0.0000 311379.168001  x:  0.09771   3.20809   0.13195  
  1 99.0000 311276.659751  x:  0.11645   3.20838   0.13256  
  2 11647.3123 311273.401593  x:  0.11616   3.24581   0.14276  
  3 188.5171 311146.636568  x:  0.11641   5.06465   0.14162  
  4 2618.7198 311146.351865  x:  0.11644   5.07771   0.14445  
  5  0.0126 311146.350705  x:  0.11647   5.08388   0.14443  
  6  0.0032 311146.350652  x:  0.11646   5.08467   0.14445  
  7  0.0006 311146.350652  x:  0.11646   5.08467   0.14444  

5 (Bom_mus) ... 3 (Bom_hor)
  0  0.0000 300872.385048  x:  0.06699   4.10156   0.25050  
  1 99.0000 300858.291110  x:  0.07259   4.10165   0.24643  
  2 4191.8935 300683.590890  x:  0.07258   4.10414   0.13695  
  3 3771.1812 300675.160711  x:  0.07247   4.75000   0.14419  
  4 28.3482 300674.429550  x:  0.07191   4.77779   0.13948  
  5  0.0455 300674.330599  x:  0.07148   4.77850   0.14045  
  6  0.0015 300674.330584  x:  0.07147   4.77906   0.14044  
  7  0.0005 300674.330584  x:  0.07147   4.77921   0.14044  
  8  0.0001 300674.330584  x:  0.07147   4.77918   0.14044  
  9  0.0000 300674.330584  x:  0.07147   4.77917   0.14044  
 10  0.0002 300674.330584  x:  0.07147   4.77917   0.14044  
check convergence!


5 (Bom_mus) ... 4 (Bom_hyp)
  0  0.0000 298766.335939  x:  0.06578   3.91033   0.17851  
  1 99.0000 298757.112514  x:  0.06192   3.91073   0.16987  
  2 1870.9327 298716.246496  x:  0.06433   3.91281   0.12635  
  3 7951.9272 298670.012637  x:  0.06450   5.66052   0.14091  
  4 65.6395 298669.034922  x:  0.06526   5.67981   0.13530  
  5  0.0226 298669.022985  x:  0.06539   5.69381   0.13566  
  6  0.0128 298669.021784  x:  0.06537   5.70410   0.13563  
  7  0.0062 298669.021777  x:  0.06537   5.70418   0.13565  
  8  0.0001 298669.021777  x:  0.06537   5.70418   0.13565  

6 (Bom_pas) ... 1 (Apis_mel)
  0  0.0000 368989.350729  x:  0.42554   4.70594   0.15206  
  1 99.0000 368260.731028  x:  0.51429   4.70382   0.09964  
  2 13381.3561 368112.237146  x:  0.55124   4.70234   0.11653  
  3 11380.7677 367982.308907  x:  0.54560   3.70633   0.11355  
  4 229.9168 367967.039761  x:  0.56229   3.72530   0.10607  
  5  0.0214 367967.027943  x:  0.56248   3.71856   0.10611  
  6  0.0084 367967.027418  x:  0.56257   3.71963   0.10613  
  7  0.0012 367967.027415  x:  0.56258   3.71963   0.10613  

6 (Bom_pas) ... 2 (Bom_con)
  0  0.0000 311766.008304  x:  0.10552   3.24304   0.12588  
  1 99.0000 311718.451991  x:  0.11867   3.24334   0.12762  
  2 7491.5888 311716.103906  x:  0.11829   3.24548   0.13507  
  3 635.8352 311590.647231  x:  0.11813   5.08013   0.14809  
  4 193.4709 311590.383888  x:  0.11834   5.07926   0.14545  
  5  0.0022 311590.382671  x:  0.11831   5.08384   0.14535  
  6  0.0031 311590.382507  x:  0.11831   5.08591   0.14540  
  7  0.0014 311590.382505  x:  0.11831   5.08594   0.14540  
  8  0.0000 311590.382505  x:  0.11831   5.08595   0.14540  

6 (Bom_pas) ... 3 (Bom_hor)
  0  0.0000 301144.606362  x:  0.06463   4.17189   0.15301  
  1 99.0000 301113.763453  x:  0.07276   4.17192   0.15260  
  2 7908.8002 301111.322608  x:  0.07283   4.17264   0.14227  
  3 454.1695 301102.576902  x:  0.07278   4.85434   0.14685  
  4 28.2385 301102.561430  x:  0.07280   4.85313   0.14602  
  5  0.0015 301102.561427  x:  0.07281   4.85323   0.14601  
  6  0.0001 301102.561426  x:  0.07281   4.85329   0.14602  
  7  0.0000 301102.561426  x:  0.07281   4.85329   0.14602  
  8  0.0000 301102.561426  x:  0.07281   4.85329   0.14602  
  9  0.0363 301102.561426  x:  0.07281   4.85329   0.14602  
check convergence!


6 (Bom_pas) ... 4 (Bom_hyp)
  0  0.0000 299375.063668  x:  0.06692   4.09721   0.16616  
  1 99.0000 299363.361223  x:  0.07005   4.09849   0.14577  
  2 1076.0689 299358.252271  x:  0.06763   4.09916   0.13605  
  3 6673.1935 299317.645629  x:  0.06718   5.79956   0.14861  
  4 59.0741 299317.423552  x:  0.06735   5.80292   0.14543  
  5  0.0048 299317.421213  x:  0.06729   5.80712   0.14536  
  6  0.0042 299317.421072  x:  0.06729   5.81088   0.14539  

6 (Bom_pas) ... 5 (Bom_mus)
  0  0.0000 286133.655362  x:  0.01916   4.60583   0.12192  
  1 99.0000 286118.192129  x:  0.02224   4.60584   0.12204  
  2 10570.7109 286114.115023  x:  0.02219   4.60664   0.14423  
  3 398.2386 286101.807450  x:  0.02211   6.47809   0.15294  
  4 16.2469 286101.803479  x:  0.02213   6.47714   0.15220  
  5  0.0009 286101.803464  x:  0.02212   6.47691   0.15218  
  6  0.0001 286101.803464  x:  0.02212   6.47691   0.15218  
  7  0.0007 286101.803460  x:  0.02212   6.47691   0.15218  
  8  0.0000 286101.803460  x:  0.02212   6.47691   0.15218  
check convergence!


7 (Bom_syl) ... 1 (Apis_mel)
  0  0.0000 369001.878565  x:  0.45690   5.29461   0.19571  
  1 99.0000 368131.478977  x:  0.49641   5.29282   0.11226  
  2 14930.0865 367925.712022  x:  0.57095   5.28855   0.11526  
  3 6906.3416 367646.150373  x:  0.56102   3.71994   0.10965  
  4 297.3503 367642.162040  x:  0.56244   3.73016   0.10547  
  5  0.0220 367641.968953  x:  0.56008   3.71198   0.10555  
  6  0.0191 367641.959191  x:  0.55984   3.71845   0.10560  
  7  0.0100 367641.959190  x:  0.55984   3.71842   0.10560  

7 (Bom_syl) ... 2 (Bom_con)
  0  0.0000 311663.565552  x:  0.11832   3.41533   0.13667  
  1 99.0000 311661.031375  x:  0.12008   3.41692   0.13008  
  2 700.2556 311660.484212  x:  0.11888   3.41767   0.12831  
  3 884.5618 311555.261641  x:  0.11871   5.15110   0.14239  
  4 171.8185 311554.589776  x:  0.11907   5.15988   0.13830  
  5  0.0085 311554.582473  x:  0.11895   5.17278   0.13829  
  6  0.0086 311554.581606  x:  0.11899   5.17728   0.13835  
  7  0.0034 311554.581606  x:  0.11899   5.17730   0.13834  
  8  0.0000 311554.581605  x:  0.11899   5.17729   0.13834  

7 (Bom_syl) ... 3 (Bom_hor)
  0  0.0000 301548.227968  x:  0.06083   4.16166   0.14545  
  1 99.0000 301451.169335  x:  0.07504   4.16170   0.14470  
  2 14691.3455 301442.821662  x:  0.07517   4.16257   0.12695  
  3 887.3057 301427.309043  x:  0.07510   5.09185   0.13285  
  4 37.8517 301427.248238  x:  0.07515   5.09059   0.13136  
  5  0.0021 301427.248152  x:  0.07517   5.09101   0.13135  
  6  0.0003 301427.248151  x:  0.07517   5.09109   0.13136  
  7  0.0001 301427.248151  x:  0.07517   5.09109   0.13136  

7 (Bom_syl) ... 4 (Bom_hyp)
  0  0.0000 299412.914927  x:  0.05983   4.06858   0.10321  
  1 99.0000 299370.019293  x:  0.06912   4.06864   0.10423  
  2 9664.4252 299365.102458  x:  0.06888   4.06948   0.11626  
  3 861.4652 299317.753717  x:  0.06868   5.93613   0.12480  
  4 64.1452 299317.715530  x:  0.06875   5.93372   0.12365  
  5  0.0021 299317.715434  x:  0.06874   5.93542   0.12362  
  6  0.0012 299317.715427  x:  0.06874   5.93618   0.12363  
  7  0.0005 299317.715427  x:  0.06874   5.93618   0.12363  
  8  0.0000 299317.715427  x:  0.06874   5.93618   0.12363  
check convergence!


7 (Bom_syl) ... 5 (Bom_mus)
  0  0.0000 298320.223092  x:  0.06441   4.77845   0.13210  
  1 99.0000 298320.200571  x:  0.06420   4.77848   0.13213  
  2 204.6303 298320.164573  x:  0.06420   4.77955   0.13339  
  3 46.4245 298305.341650  x:  0.06413   5.96596   0.13819  
  4 49.8054 298305.333784  x:  0.06415   5.95863   0.13759  
  5  0.0068 298305.333756  x:  0.06414   5.95686   0.13758  
  6  0.0012 298305.333755  x:  0.06415   5.95681   0.13759  
  7  0.0000 298305.333755  x:  0.06415   5.95681   0.13759  

7 (Bom_syl) ... 6 (Bom_pas)
  0  0.0000 298950.288105  x:  0.05442   4.94041   0.10453  
  1 99.0000 298873.524039  x:  0.06638   4.94043   0.10679  
  2 13538.5290 298839.299512  x:  0.06550   4.94068   0.14228  
  3 2244.4384 298828.871808  x:  0.06543   5.93390   0.14582  
  4 23.5394 298828.861632  x:  0.06551   5.93038   0.14637  
  5  0.0025 298828.861515  x:  0.06550   5.93014   0.14641  

8 (Bom_vet) ... 1 (Apis_mel)
  0  0.0000 368555.305416  x:  0.43781   4.66090   0.13041  
  1 99.0000 367900.100161  x:  0.57145   4.65734   0.10352  
  2 10894.8838 367896.335202  x:  0.57291   4.65686   0.10726  
  3 1964.7183 367783.984115  x:  0.56630   3.72425   0.10524  
  4 216.7107 367783.413148  x:  0.56225   3.71773   0.10504  
  5  0.0061 367783.402522  x:  0.56200   3.71920   0.10526  
  6  0.0014 367783.402498  x:  0.56200   3.71883   0.10526  
  7  0.0005 367783.402498  x:  0.56200   3.71883   0.10526  

8 (Bom_vet) ... 2 (Bom_con)
  0  0.0000 311144.823547  x:  0.11782   3.46062   0.13007  
  1 99.0000 311143.788413  x:  0.11585   3.46093   0.13074  
  2 957.8824 311143.058909  x:  0.11597   3.46308   0.13490  
  3 356.1714 311041.484195  x:  0.11597   5.22323   0.14595  
  4 187.3807 311041.327327  x:  0.11601   5.22322   0.14389  
  5  0.0017 311041.326751  x:  0.11601   5.22751   0.14384  
  6  0.0026 311041.326700  x:  0.11601   5.22844   0.14387  
  7  0.0008 311041.326700  x:  0.11601   5.22842   0.14387  
  8  0.0000 311041.326700  x:  0.11601   5.22843   0.14387  
  9  0.0000 311041.326700  x:  0.11601   5.22842   0.14387  
 10  0.0000 311041.326700  x:  0.11601   5.22843   0.14387  
 11  0.0000 311041.326700  x:  0.11601   5.22843   0.14387  

8 (Bom_vet) ... 3 (Bom_hor)
  0  0.0000 300418.575673  x:  0.06748   4.27592   0.12539  
  1 99.0000 300414.116795  x:  0.07061   4.27594   0.12629  
  2 2799.9755 300409.904983  x:  0.07021   4.27633   0.13929  
  3 733.0272 300402.816561  x:  0.07015   4.91578   0.14265  
  4 24.1320 300402.815135  x:  0.07018   4.91477   0.14242  
  5  0.0009 300402.815132  x:  0.07017   4.91485   0.14241  
  6  0.0001 300402.815131  x:  0.07017   4.91485   0.14241  

8 (Bom_vet) ... 4 (Bom_hyp)
  0  0.0000 298849.145739  x:  0.05366   4.09960   0.23472  
  1 99.0000 298781.558486  x:  0.06468   4.09967   0.23269  
  2 12904.8493 298619.598013  x:  0.06503   4.10340   0.12776  
  3 2474.3351 298577.723227  x:  0.06490   5.80426   0.14563  
  4 59.8016 298575.272500  x:  0.06495   5.88107   0.13539  
  5  0.1322 298575.213595  x:  0.06495   5.96618   0.13578  
  6  0.0438 298575.213531  x:  0.06495   5.96441   0.13581  
  7  0.0018 298575.213531  x:  0.06495   5.96440   0.13581  

8 (Bom_vet) ... 5 (Bom_mus)
  0  0.0000 285137.769145  x:  0.02032   4.96581   0.20657  
  1 99.0000 285135.805951  x:  0.01929   4.96582   0.20639  
  2 3504.4737 285107.736754  x:  0.01939   4.96743   0.13088  
  3 631.5066 285102.968649  x:  0.01935   6.27727   0.14020  
  4  8.7040 285102.833447  x:  0.01933   6.27938   0.13582  
  5  0.0078 285102.832634  x:  0.01931   6.26675   0.13566  
  6  0.0106 285102.832593  x:  0.01932   6.26352   0.13567  

8 (Bom_vet) ... 6 (Bom_pas)
  0  0.0000 285904.530279  x:  0.02187   5.05717   0.22985  
  1 99.0000 285903.828408  x:  0.02120   5.05717   0.22961  
  2 1937.5582 285868.969091  x:  0.02133   5.05920   0.14278  
  3 737.7672 285862.837131  x:  0.02130   6.52115   0.15403  
  4 10.1902 285862.637096  x:  0.02133   6.52616   0.14860  
  5  0.0122 285862.636003  x:  0.02134   6.51105   0.14834  
  6  0.0122 285862.635953  x:  0.02134   6.50955   0.14839  
  7  0.0011 285862.635948  x:  0.02134   6.50805   0.14840  
  8  0.0061 285862.635945  x:  0.02134   6.50825   0.14839  
  9  0.0002 285862.635943  x:  0.02134   6.50805   0.14838  
 10  0.0004 285862.635942  x:  0.02134   6.50805   0.14838  
 11  0.0002 285862.635938  x:  0.02134   6.50805   0.14838  

8 (Bom_vet) ... 7 (Bom_syl)
  0  0.0000 298215.797656  x:  0.05515   5.14249   0.23539  
  1 99.0000 298184.564687  x:  0.06266   5.14252   0.23354  
  2 8443.9772 298060.951290  x:  0.06292   5.14421   0.13730  
  3 2169.8032 298051.990976  x:  0.06287   6.11083   0.14453  
  4 20.5394 298051.706289  x:  0.06285   6.13422   0.14096  
  5  0.0438 298051.704638  x:  0.06281   6.14363   0.14093  
  6  0.0078 298051.704619  x:  0.06281   6.14457   0.14095  
  7  0.0008 298051.704619  x:  0.06281   6.14467   0.14095  
  8  0.0001 298051.704619  x:  0.06281   6.14467   0.14095  
check convergence!
