Supplemental results for CODEML (seqf: /home/yzliu/eDNA/faststorage/yzliu/DK_proj/data/ref_genome/ref_annotation/primary_transcripts/extracted_cds_new/new_transcript_id_8_bom_apis/bootstraps/cat.out.OG_cds_8_species_same_header_fas.shuf_211OG_68.phy  treef: xxx.trees)


pairwise comparison (Goldman & Yang 1994)
seq seq        N       S       dN       dS     dN/dS   Paras.
  2   1 343565.2 113241.8   0.0589   0.5875   0.1003   0.5698   4.0698   0.1003 -804626.419
  3   1 342882.8 113924.2   0.0591   0.6067   0.0975   0.5871   4.1328   0.0975 -806365.051
  3   2 335380.4 121426.6   0.0143   0.1095   0.1305   0.1188   5.0680   0.1305 -683309.626
  4   1 343860.1 112946.9   0.0583   0.5987   0.0975   0.5758   4.0938   0.0975 -804194.133
  4   2 336028.0 120779.0   0.0136   0.1042   0.1306   0.1127   5.1256   0.1306 -680061.533
  4   3 334686.6 122120.4   0.0081   0.0650   0.1240   0.0699   5.5021   0.1240 -657891.461
  5   1 343701.3 113105.7   0.0590   0.6058   0.0974   0.5832   4.1195   0.0974 -805304.590
  5   2 335899.7 120907.3   0.0147   0.1088   0.1350   0.1188   5.1508   0.1350 -683104.906
  5   3 334901.8 121905.2   0.0086   0.0645   0.1328   0.0705   5.3781   0.1328 -658548.249
  5   4 335521.0 121286.0   0.0085   0.0662   0.1284   0.0715   5.4607   0.1284 -658508.262
  6   1 343701.5 113105.5   0.0590   0.6062   0.0974   0.5836   4.1169   0.0974 -805369.404
  6   2 335741.1 121065.9   0.0150   0.1102   0.1364   0.1207   5.2133   0.1364 -684005.643
  6   3 334507.3 122299.7   0.0089   0.0652   0.1373   0.0720   5.5498   0.1373 -659388.972
  6   4 335120.1 121686.9   0.0090   0.0665   0.1358   0.0730   5.6413   0.1358 -659544.382
  6   5 332799.6 124007.4   0.0028   0.0197   0.1430   0.0223   6.8753   0.1430 -627466.434
  7   1 343891.1 112915.9   0.0603   0.6046   0.0997   0.5845   4.1004   0.0997 -806584.381
  7   2 336101.3 120705.7   0.0158   0.1127   0.1404   0.1243   5.1160   0.1404 -686070.225
  7   3 334695.7 122111.3   0.0094   0.0680   0.1388   0.0753   5.5203   0.1388 -661289.282
  7   4 335293.0 121514.0   0.0095   0.0686   0.1389   0.0757   5.6195   0.1389 -661101.633
  7   5 335451.1 121355.9   0.0093   0.0617   0.1504   0.0696   5.5149   0.1504 -658157.693
  7   6 335070.1 121736.9   0.0098   0.0622   0.1568   0.0712   5.6887   0.1568 -659224.092
  8   1 343593.1 113213.9   0.0591   0.6061   0.0975   0.5841   4.1173   0.0975 -805547.753
  8   2 335740.2 121066.8   0.0147   0.1092   0.1345   0.1192   5.1721   0.1345 -683302.701
  8   3 334797.6 122009.4   0.0087   0.0639   0.1357   0.0703   5.3767   0.1357 -658565.904
  8   4 335270.9 121536.1   0.0087   0.0659   0.1326   0.0718   5.5240   0.1326 -658905.738
  8   5 334524.0 122283.0   0.0025   0.0189   0.1303   0.0206   5.8472   0.1303 -626335.318
  8   6 333118.1 123688.9   0.0027   0.0199   0.1379   0.0222   6.6082   0.1379 -627462.147
  8   7 335208.9 121598.1   0.0094   0.0613   0.1528   0.0696   5.5754   0.1528 -658300.152

