

2 (Bom_con) ... 1 (Apis_mel)
  0  0.0000 827891.562816  x:  0.49763   1.55650   0.49572  
  1 99.0000 810695.987780  x:  0.40294   1.64001   0.10772  
  2 45510.5137 810197.435802  x:  0.42588   1.64924   0.08312  
  3 38719.6590 805029.685130  x:  0.54820   3.46642   0.12381  
  4 8328.4307 804720.618821  x:  0.53498   3.74537   0.10351  
  5  0.1856 804642.860319  x:  0.56887   3.87044   0.09720  
  6  0.0835 804630.961516  x:  0.57101   3.96547   0.10101  
  7  0.0595 804626.424218  x:  0.56969   4.07218   0.10027  
  8  0.0715 804626.419396  x:  0.56983   4.06979   0.10029  
  9  0.0023 804626.419392  x:  0.56984   4.06980   0.10028  
 10  0.0000 804626.419392  x:  0.56984   4.06981   0.10028  

3 (Bom_hor) ... 1 (Apis_mel)
  0  0.0000 808415.343522  x:  0.42813   3.60788   0.09726  
  1 99.0000 807390.054399  x:  0.48244   3.60801   0.13212  
  2 35265.0626 806472.511327  x:  0.56673   3.60918   0.09455  
  3 27690.5371 806386.211193  x:  0.57082   4.12414   0.09620  
  4 361.9665 806366.874883  x:  0.58271   4.12611   0.09908  
  5  0.0107 806365.052574  x:  0.58702   4.13082   0.09748  
  6  0.0066 806365.051304  x:  0.58709   4.13278   0.09749  
  7  0.0016 806365.051300  x:  0.58708   4.13282   0.09749  

3 (Bom_hor) ... 2 (Bom_con)
  0  0.0000 683751.926674  x:  0.09983   3.51847   0.14766  
  1 99.0000 683534.741276  x:  0.11851   3.51872   0.14481  
  2 24457.3705 683487.835797  x:  0.11869   3.52053   0.12259  
  3 3994.8029 683311.360982  x:  0.11857   5.06676   0.13478  
  4 286.9635 683309.627522  x:  0.11874   5.06386   0.13049  
  5  0.0055 683309.626021  x:  0.11878   5.06684   0.13044  
  6  0.0022 683309.625924  x:  0.11877   5.06790   0.13047  
  7  0.0008 683309.625920  x:  0.11877   5.06800   0.13046  
  8  0.0001 683309.625920  x:  0.11877   5.06800   0.13046  

4 (Bom_hyp) ... 1 (Apis_mel)
  0  0.0000 804970.076662  x:  0.47718   4.31192   0.10032  
  1 99.0000 804624.789190  x:  0.50860   4.31137   0.12021  
  2 19738.4490 804211.241868  x:  0.57330   4.31011   0.09636  
  3 19048.8751 804197.885485  x:  0.57119   4.08972   0.09599  
  4 117.2605 804194.302923  x:  0.57424   4.09196   0.09785  
  5  0.0046 804194.132996  x:  0.57583   4.09401   0.09747  
  6  0.0024 804194.132978  x:  0.57582   4.09382   0.09746  
  7  0.0002 804194.132978  x:  0.57582   4.09383   0.09746  

4 (Bom_hyp) ... 2 (Bom_con)
  0  0.0000 680391.768636  x:  0.09702   3.55798   0.13035  
  1 99.0000 680236.163478  x:  0.11252   3.55818   0.12967  
  2 21170.6691 680231.023254  x:  0.11266   3.55966   0.12257  
  3 1368.9278 680062.357701  x:  0.11254   5.13629   0.13363  
  4 279.3889 680061.532667  x:  0.11271   5.12626   0.13058  
  5  0.0096 680061.532594  x:  0.11272   5.12580   0.13056  
  6  0.0004 680061.532590  x:  0.11272   5.12558   0.13057  
  7  0.0001 680061.532590  x:  0.11272   5.12557   0.13057  
  8  0.0000 680061.532590  x:  0.11272   5.12557   0.13057  
  9  0.0000 680061.532590  x:  0.11272   5.12557   0.13057  
check convergence!


4 (Bom_hyp) ... 3 (Bom_hor)
  0  0.0000 658115.731684  x:  0.07263   4.31462   0.17907  
  1 99.0000 658090.141132  x:  0.06766   4.31471   0.17540  
  2 8083.0526 657936.683871  x:  0.06913   4.31619   0.11901  
  3 6863.4499 657892.651896  x:  0.06915   5.48503   0.12746  
  4 87.2275 657891.492327  x:  0.06969   5.49710   0.12365  
  5  0.0168 657891.460671  x:  0.06985   5.49995   0.12398  
  6  0.0032 657891.460546  x:  0.06985   5.50197   0.12397  
  7  0.0014 657891.460542  x:  0.06985   5.50213   0.12397  

5 (Bom_mus) ... 1 (Apis_mel)
  0  0.0000 807405.957407  x:  0.46187   4.60412   0.16520  
  1 99.0000 805979.975286  x:  0.49460   4.60355   0.10251  
  2 32929.6948 805385.142725  x:  0.58188   4.60137   0.10445  
  3 18152.5582 805319.577481  x:  0.57794   4.10298   0.10270  
  4 246.6937 805304.628870  x:  0.58241   4.12183   0.09751  
  5  0.0349 805304.590394  x:  0.58315   4.11822   0.09742  
  6  0.0031 805304.589732  x:  0.58319   4.11954   0.09743  
  7  0.0015 805304.589732  x:  0.58319   4.11953   0.09743  
  8  0.0000 805304.589732  x:  0.58319   4.11953   0.09743  

5 (Bom_mus) ... 2 (Bom_con)
  0  0.0000 684142.794713  x:  0.09347   3.56646   0.21633  
  1 99.0000 683734.094440  x:  0.11846   3.56675   0.21006  
  2 34604.4072 683285.209401  x:  0.11902   3.57040   0.12683  
  3 9236.3335 683112.129320  x:  0.11885   5.07638   0.14362  
  4 283.4412 683104.972013  x:  0.11886   5.11542   0.13480  
  5  0.0620 683104.907417  x:  0.11873   5.14933   0.13492  
  6  0.0191 683104.906369  x:  0.11876   5.15057   0.13498  
  7  0.0010 683104.906340  x:  0.11877   5.15080   0.13497  
  8  0.0002 683104.906340  x:  0.11877   5.15081   0.13497  
  9  0.0000 683104.906340  x:  0.11877   5.15078   0.13497  

5 (Bom_mus) ... 3 (Bom_hor)
  0  0.0000 659162.925215  x:  0.05484   4.15562   0.21667  
  1 99.0000 658891.210095  x:  0.07017   4.15568   0.21460  
  2 38591.8197 658600.494413  x:  0.07054   4.15805   0.12994  
  3 5431.3495 658552.189436  x:  0.07045   5.30538   0.14095  
  4 97.6600 658548.273218  x:  0.07052   5.34773   0.13269  
  5  0.0739 658548.249264  x:  0.07053   5.37827   0.13279  
  6  0.0193 658548.249214  x:  0.07053   5.37806   0.13281  
  7  0.0002 658548.249214  x:  0.07052   5.37802   0.13281  
  8  0.0000 658548.249213  x:  0.07052   5.37806   0.13281  

5 (Bom_mus) ... 4 (Bom_hyp)
  0  0.0000 658827.288652  x:  0.06168   4.50771   0.19273  
  1 99.0000 658727.952924  x:  0.07134   4.50776   0.19050  
  2 21109.2794 658536.715249  x:  0.07159   4.50916   0.12455  
  3 5102.2099 658508.809916  x:  0.07152   5.44229   0.13136  
  4 67.0052 658508.264022  x:  0.07150   5.45511   0.12840  
  5  0.0206 658508.261986  x:  0.07146   5.46007   0.12843  
  6  0.0040 658508.261972  x:  0.07146   5.46068   0.12843  
  7  0.0005 658508.261972  x:  0.07146   5.46068   0.12843  
  8  0.0000 658508.261972  x:  0.07146   5.46068   0.12843  
  9  0.0000 658508.261972  x:  0.07146   5.46068   0.12843  
check convergence!


6 (Bom_pas) ... 1 (Apis_mel)
  0  0.0000 806194.395337  x:  0.50452   4.62222   0.13416  
  1 99.0000 805763.614209  x:  0.51867   4.62177   0.10247  
  2 21970.7885 805434.192080  x:  0.58987   4.61929   0.09929  
  3 12318.8557 805369.923038  x:  0.58464   4.11726   0.09812  
  4 240.8015 805369.424417  x:  0.58420   4.11814   0.09730  
  5  0.0018 805369.404439  x:  0.58360   4.11655   0.09739  
  6  0.0016 805369.404408  x:  0.58360   4.11687   0.09739  
  7  0.0004 805369.404408  x:  0.58360   4.11687   0.09739  

6 (Bom_pas) ... 2 (Bom_con)
  0  0.0000 684188.827207  x:  0.11603   3.65363   0.12760  
  1 99.0000 684176.714843  x:  0.12069   3.65387   0.12792  
  2 5263.1075 684175.324817  x:  0.12052   3.66270   0.13174  
  3 294.9803 684005.643324  x:  0.12074   5.21550   0.13641  
  4 1732.0267 684005.642845  x:  0.12075   5.21394   0.13634  
  5  0.0013 684005.642818  x:  0.12074   5.21327   0.13635  
  6  0.0004 684005.642818  x:  0.12075   5.21327   0.13635  
  7  0.0000 684005.642818  x:  0.12075   5.21327   0.13635  
check convergence!


6 (Bom_pas) ... 3 (Bom_hor)
  0  0.0000 659755.592446  x:  0.06564   4.47487   0.22353  
  1 99.0000 659710.095336  x:  0.07234   4.47494   0.22059  
  2 12866.8881 659425.245359  x:  0.07249   4.47701   0.13251  
  3 6204.3372 659390.195737  x:  0.07239   5.51542   0.14152  
  4 76.4917 659389.010630  x:  0.07220   5.53978   0.13706  
  5  0.0412 659388.972205  x:  0.07200   5.54739   0.13729  
  6  0.0071 659388.972063  x:  0.07200   5.54977   0.13729  
  7  0.0017 659388.972063  x:  0.07200   5.54977   0.13729  

6 (Bom_pas) ... 4 (Bom_hyp)
  0  0.0000 659962.132387  x:  0.07707   4.52416   0.23064  
  1 99.0000 659918.381887  x:  0.07038   4.52426   0.22646  
  2 10743.5905 659584.000249  x:  0.07186   4.52643   0.13106  
  3 7565.3508 659546.695647  x:  0.07191   5.60494   0.14038  
  4 78.5370 659544.540095  x:  0.07267   5.63488   0.13501  
  5  0.0468 659544.382270  x:  0.07302   5.63760   0.13580  
  6  0.0034 659544.381879  x:  0.07303   5.64079   0.13577  
  7  0.0026 659544.381864  x:  0.07303   5.64126   0.13578  

6 (Bom_pas) ... 5 (Bom_mus)
  0  0.0000 627540.308662  x:  0.02083   4.47799   0.10190  
  1 99.0000 627531.463458  x:  0.02254   4.47800   0.10216  
  2 11094.0188 627508.610529  x:  0.02242   4.47876   0.13370  
  3 1667.8054 627466.440444  x:  0.02227   6.90015   0.14348  
  4 45.8294 627466.434101  x:  0.02225   6.88199   0.14301  
  5  0.0121 627466.433760  x:  0.02226   6.87769   0.14297  
  6  0.0031 627466.433716  x:  0.02225   6.87528   0.14297  
  7  0.0015 627466.433715  x:  0.02225   6.87479   0.14297  
  8  0.0015 627466.433713  x:  0.02225   6.87528   0.14299  
  9  0.0003 627466.433712  x:  0.02225   6.87529   0.14299  

7 (Bom_syl) ... 1 (Apis_mel)
  0  0.0000 811742.987054  x:  0.48101   5.44978   0.25094  
  1 99.0000 807535.460082  x:  0.50658   5.44836   0.11041  
  2 40657.7522 806976.688799  x:  0.60321   5.44374   0.09719  
  3 13983.5752 806615.677271  x:  0.59020   4.14337   0.09252  
  4 479.3600 806586.043246  x:  0.58922   4.07571   0.09895  
  5  0.2988 806584.488435  x:  0.58545   4.11633   0.09965  
  6  0.0413 806584.381036  x:  0.58444   4.10059   0.09968  
  7  0.0211 806584.380880  x:  0.58445   4.10034   0.09969  
  8  0.0002 806584.380880  x:  0.58445   4.10035   0.09969  

7 (Bom_syl) ... 2 (Bom_con)
  0  0.0000 686673.128812  x:  0.12805   3.45587   0.20505  
  1 99.0000 686553.165329  x:  0.11520   3.45675   0.18793  
  2 10412.4285 686293.649977  x:  0.12074   3.45987   0.13021  
  3 16957.9134 686077.791397  x:  0.12161   5.06511   0.14723  
  4 333.5776 686070.375145  x:  0.12390   5.09036   0.13970  
  5  0.0305 686070.234321  x:  0.12431   5.10302   0.14040  
  6  0.0133 686070.225229  x:  0.12431   5.11545   0.14033  
  7  0.0072 686070.224991  x:  0.12430   5.11601   0.14038  
  8  0.0005 686070.224991  x:  0.12430   5.11602   0.14038  
  9  0.0000 686070.224991  x:  0.12430   5.11601   0.14038  
 10  0.0000 686070.224991  x:  0.12430   5.11600   0.14038  

7 (Bom_syl) ... 3 (Bom_hor)
  0  0.0000 661553.299547  x:  0.07770   4.39864   0.20604  
  1 99.0000 661526.533070  x:  0.07246   4.39876   0.20151  
  2 7546.0853 661332.681379  x:  0.07422   4.40054   0.13359  
  3 8007.2866 661290.904629  x:  0.07428   5.50556   0.14254  
  4 86.7565 661289.346931  x:  0.07507   5.51815   0.13823  
  5  0.0173 661289.281682  x:  0.07529   5.51888   0.13884  
  6  0.0012 661289.281599  x:  0.07529   5.51993   0.13882  
  7  0.0009 661289.281596  x:  0.07529   5.52032   0.13882  

7 (Bom_syl) ... 4 (Bom_hyp)
  0  0.0000 661301.202643  x:  0.06967   4.51031   0.18845  
  1 99.0000 661263.803406  x:  0.07594   4.51037   0.18608  
  2 11514.1633 661141.199966  x:  0.07595   4.51178   0.13406  
  3 4673.0275 661102.195167  x:  0.07586   5.60789   0.14189  
  4 81.3564 661101.637405  x:  0.07574   5.61550   0.13883  
  5  0.0112 661101.632796  x:  0.07567   5.61853   0.13888  
  6  0.0028 661101.632772  x:  0.07568   5.61950   0.13888  
  7  0.0007 661101.632772  x:  0.07568   5.61954   0.13888  

7 (Bom_syl) ... 5 (Bom_mus)
  0  0.0000 658300.670353  x:  0.06603   4.49019   0.10702  
  1 99.0000 658266.649461  x:  0.07133   4.49022   0.11058  
  2 10210.7919 658191.292813  x:  0.06863   4.49056   0.14407  
  3 6571.2036 658159.078086  x:  0.06850   5.51257   0.14829  
  4 71.3687 658157.717811  x:  0.06961   5.51508   0.14967  
  5  0.0029 658157.693277  x:  0.06956   5.51548   0.15038  
  6  0.0006 658157.693269  x:  0.06956   5.51504   0.15037  
  7  0.0004 658157.693269  x:  0.06956   5.51490   0.15037  
  8  0.0001 658157.693268  x:  0.06956   5.51493   0.15037  

7 (Bom_syl) ... 6 (Bom_pas)
  0  0.0000 659428.455676  x:  0.07314   4.58642   0.22159  
  1 99.0000 659411.938258  x:  0.06914   4.58651   0.21832  
  2 6244.3931 659260.686290  x:  0.07053   4.58837   0.15139  
  3 6200.1676 659225.028941  x:  0.07057   5.66884   0.16030  
  4 74.6951 659224.122427  x:  0.07108   5.68247   0.15640  
  5  0.0185 659224.092365  x:  0.07123   5.68624   0.15682  
  6  0.0043 659224.092223  x:  0.07123   5.68854   0.15681  
  7  0.0016 659224.092221  x:  0.07123   5.68867   0.15682  
  8  0.0001 659224.092221  x:  0.07123   5.68866   0.15682  

8 (Bom_vet) ... 1 (Apis_mel)
  0  0.0000 809441.776063  x:  0.56048   4.69308   0.21993  
  1 99.0000 805781.739352  x:  0.54154   4.69298   0.10507  
  2 45445.7758 805663.939925  x:  0.57807   4.69092   0.09378  
  3 6286.3878 805588.816422  x:  0.57015   4.13484   0.09249  
  4 252.1352 805548.021957  x:  0.58293   4.10065   0.09808  
  5  0.0923 805547.760872  x:  0.58400   4.12107   0.09761  
  6  0.0210 805547.753501  x:  0.58406   4.11734   0.09753  
  7  0.0041 805547.753498  x:  0.58406   4.11731   0.09753  
  8  0.0000 805547.753498  x:  0.58406   4.11732   0.09753  

8 (Bom_vet) ... 2 (Bom_con)
  0  0.0000 683520.313009  x:  0.11291   3.72411   0.15296  
  1 99.0000 683487.975630  x:  0.12045   3.72443   0.14824  
  2 7439.0638 683446.307171  x:  0.11953   3.72598   0.12718  
  3 4850.7446 683303.793428  x:  0.11937   5.17819   0.13791  
  4 241.8953 683302.701197  x:  0.11918   5.17239   0.13450  
  5  0.0071 683302.701009  x:  0.11917   5.17219   0.13448  
  6  0.0002 683302.701008  x:  0.11916   5.17211   0.13448  
  7  0.0001 683302.701008  x:  0.11916   5.17210   0.13448  
  8  0.0000 683302.701008  x:  0.11916   5.17210   0.13448  
  9  0.0000 683302.701008  x:  0.11916   5.17210   0.13448  
check convergence!


8 (Bom_vet) ... 3 (Bom_hor)
  0  0.0000 658949.198913  x:  0.06580   4.33467   0.22890  
  1 99.0000 658918.917282  x:  0.07128   4.33476   0.22511  
  2 9340.7922 658602.516606  x:  0.07123   4.33703   0.13080  
  3 7860.7203 658567.786991  x:  0.07109   5.34794   0.14022  
  4 78.3952 658566.043140  x:  0.07062   5.37371   0.13512  
  5  0.0418 658565.904042  x:  0.07027   5.37551   0.13576  
  6  0.0021 658565.903995  x:  0.07027   5.37648   0.13574  
  7  0.0008 658565.903993  x:  0.07027   5.37667   0.13575  
  8  0.0002 658565.903992  x:  0.07027   5.37667   0.13575  
  9  0.0000 658565.903992  x:  0.07027   5.37667   0.13575  
 10  0.0021 658565.903992  x:  0.07027   5.37667   0.13575  

8 (Bom_vet) ... 4 (Bom_hyp)
  0  0.0000 658985.222500  x:  0.07061   4.39717   0.15462  
  1 99.0000 658977.780747  x:  0.07337   4.39733   0.15069  
  2 3157.8202 658946.558159  x:  0.07229   4.39824   0.12749  
  3 6648.8968 658906.005950  x:  0.07212   5.52093   0.13430  
  4 82.9094 658905.739140  x:  0.07184   5.52209   0.13255  
  5  0.0023 658905.738409  x:  0.07182   5.52336   0.13262  
  6  0.0013 658905.738399  x:  0.07182   5.52397   0.13262  
  7  0.0004 658905.738399  x:  0.07182   5.52397   0.13262  

8 (Bom_vet) ... 5 (Bom_mus)
  0  0.0000 626376.674512  x:  0.02196   4.44116   0.15891  
  1 99.0000 626370.578753  x:  0.02062   4.44117   0.15876  
  2 8838.8702 626352.278576  x:  0.02069   4.44241   0.12443  
  3 971.9844 626335.491419  x:  0.02062   5.83262   0.13338  
  4 28.5417 626335.318038  x:  0.02063   5.83930   0.13026  
  5  0.0089 626335.317645  x:  0.02063   5.84694   0.13024  
  6  0.0049 626335.317639  x:  0.02063   5.84720   0.13026  

8 (Bom_vet) ... 6 (Bom_pas)
  0  0.0000 627605.880025  x:  0.02102   4.73924   0.23175  
  1 99.0000 627601.313924  x:  0.02221   4.73925   0.23147  
  2 7826.2202 627487.333772  x:  0.02230   4.74198   0.13097  
  3 1873.8298 627463.371088  x:  0.02223   6.48439   0.14584  
  4 33.0593 627462.165346  x:  0.02222   6.54875   0.13759  
  5  0.1111 627462.147446  x:  0.02219   6.60424   0.13782  
  6  0.0325 627462.146903  x:  0.02220   6.60822   0.13785  
  7  0.0036 627462.146903  x:  0.02220   6.60822   0.13785  
check convergence!


8 (Bom_vet) ... 7 (Bom_syl)
  0  0.0000 658716.629668  x:  0.05747   5.16490   0.24676  
  1 99.0000 658560.947371  x:  0.06914   5.16492   0.24495  
  2 28167.0838 658304.516504  x:  0.06947   5.16612   0.15108  
  3 4531.8003 658300.291198  x:  0.06946   5.61126   0.15451  
  4 22.2545 658300.164315  x:  0.06951   5.59564   0.15281  
  5  0.0258 658300.151865  x:  0.06956   5.57514   0.15284  
  6  0.0201 658300.151851  x:  0.06956   5.57537   0.15284  