

2 (Bom_con) ... 1 (Apis_mel)
  0  0.0000 413612.075801  x:  0.43146   1.33841   0.50232  
  1 99.0000 403897.851105  x:  0.51745   1.45693   0.09216  
  2 22277.0579 403704.970079  x:  0.57126   1.52262   0.10329  
  3 4904.8120 403156.452485  x:  0.48682   1.89304   0.13992  
  4 4684.3249 401763.597070  x:  0.57945   2.65479   0.08625  
  5  1.8719 401434.189938  x:  0.56340   3.23264   0.11876  
  6  0.4251 401274.191896  x:  0.56616   3.87384   0.10416  
  7  0.2824 401268.723022  x:  0.57464   3.96962   0.10659  
  8  0.0604 401268.488658  x:  0.57542   3.99301   0.10586  
  9  0.0200 401268.487152  x:  0.57535   3.99537   0.10591  
 10  0.0017 401268.487129  x:  0.57532   3.99526   0.10591  
 11  0.0001 401268.487129  x:  0.57532   3.99526   0.10591  

3 (Bom_hor) ... 1 (Apis_mel)
  0  0.0000 403902.093456  x:  0.55969   3.35364   0.22258  
  1 99.0000 402032.415132  x:  0.53923   3.35638   0.10662  
  2 22964.9714 401985.203566  x:  0.57127   3.35972   0.09685  
  3 2861.1191 401870.504474  x:  0.58529   4.15190   0.10184  
  4 326.2996 401868.200821  x:  0.59050   4.13210   0.10334  
  5  0.0442 401867.981520  x:  0.59261   4.12827   0.10254  
  6  0.0039 401867.981517  x:  0.59262   4.12826   0.10253  
  7  0.0000 401867.981517  x:  0.59262   4.12826   0.10253  

3 (Bom_hor) ... 2 (Bom_con)
  0  0.0000 340850.284514  x:  0.11121   3.46529   0.15361  
  1 99.0000 340810.021450  x:  0.12315   3.46561   0.15050  
  2 6774.2507 340791.743100  x:  0.12308   3.46771   0.13042  
  3 1804.8214 340685.698669  x:  0.12292   5.11022   0.14446  
  4 162.9397 340684.694274  x:  0.12303   5.12116   0.13970  
  5  0.0119 340684.685047  x:  0.12306   5.14029   0.13973  
  6  0.0099 340684.684963  x:  0.12305   5.14052   0.13977  
  7  0.0002 340684.684963  x:  0.12305   5.14052   0.13977  

4 (Bom_hyp) ... 1 (Apis_mel)
  0  0.0000 402833.890818  x:  0.45634   4.25796   0.23311  
  1 99.0000 401046.283354  x:  0.49519   4.25797   0.11154  
  2 19854.0109 400803.566498  x:  0.57608   4.25645   0.10989  
  3 7180.4837 400793.145540  x:  0.57427   3.99450   0.10814  
  4 76.2996 400786.102597  x:  0.57800   4.03299   0.10278  
  5  0.1101 400786.075384  x:  0.57859   4.03293   0.10296  
  6  0.0005 400786.074814  x:  0.57870   4.03295   0.10292  
  7  0.0001 400786.074814  x:  0.57870   4.03300   0.10292  
  8  0.0001 400786.074814  x:  0.57870   4.03300   0.10292  

4 (Bom_hyp) ... 2 (Bom_con)
  0  0.0000 339087.207532  x:  0.12168   3.46668   0.11552  
  1 99.0000 339073.282079  x:  0.11474   3.46699   0.11987  
  2 3331.7939 339064.605273  x:  0.11613   3.46811   0.13223  
  3 1783.3316 338982.419126  x:  0.11624   4.95596   0.14168  
  4 139.6042 338982.334448  x:  0.11581   4.93890   0.14091  
  5  0.0152 338982.331210  x:  0.11587   4.93127   0.14073  
  6  0.0057 338982.331068  x:  0.11586   4.92973   0.14077  
  7  0.0010 338982.331068  x:  0.11586   4.92972   0.14077  
  8  0.0000 338982.331068  x:  0.11586   4.92972   0.14077  
  9  0.0000 338982.331068  x:  0.11586   4.92972   0.14077  

4 (Bom_hyp) ... 3 (Bom_hor)
  0  0.0000 327189.046862  x:  0.06901   4.18123   0.21584  
  1 99.0000 327131.842266  x:  0.07896   4.18270   0.17336  
  2 2633.5796 327061.099047  x:  0.07477   4.18444   0.12380  
  3 26164.2524 327010.947014  x:  0.07351   6.01259   0.13916  
  4 67.2207 327006.050192  x:  0.07036   5.97161   0.13816  
  5  0.0509 327006.032956  x:  0.07033   5.94542   0.13748  
  6  0.0214 327006.030528  x:  0.07033   5.93309   0.13762  
  7  0.0102 327006.030513  x:  0.07034   5.93304   0.13761  
  8  0.0001 327006.030513  x:  0.07034   5.93305   0.13761  
  9  0.0000 327006.030513  x:  0.07034   5.93305   0.13761  
 10  0.0000 327006.030513  x:  0.07034   5.93305   0.13761  
check convergence!


5 (Bom_mus) ... 1 (Apis_mel)
  0  0.0000 401921.627375  x:  0.50225   4.66649   0.16365  
  1 99.0000 401430.713003  x:  0.51779   4.66595   0.10968  
  2 14529.5855 401243.874955  x:  0.59529   4.66308   0.10318  
  3 5924.8825 401200.457314  x:  0.58931   4.08152   0.10146  
  4 139.1731 401200.205933  x:  0.58783   4.07719   0.10243  
  5  0.0076 401200.161833  x:  0.58674   4.07799   0.10238  
  6  0.0014 401200.161822  x:  0.58674   4.07776   0.10238  
  7  0.0003 401200.161822  x:  0.58674   4.07777   0.10238  
  8  0.0000 401200.161822  x:  0.58674   4.07777   0.10238  
  9  0.0000 401200.161822  x:  0.58674   4.07777   0.10238  
 10  0.0000 401200.161822  x:  0.58674   4.07777   0.10238  
 11  0.0176 401200.161822  x:  0.58674   4.07777   0.10238  
 12  0.0011 401200.161822  x:  0.58674   4.07777   0.10238  
check convergence!


5 (Bom_mus) ... 2 (Bom_con)
  0  0.0000 340523.980743  x:  0.11308   3.52355   0.14235  
  1 99.0000 340499.619521  x:  0.12241   3.52382   0.14103  
  2 5324.1085 340495.861143  x:  0.12249   3.52557   0.13177  
  3 821.8196 340409.598508  x:  0.12241   5.03099   0.14355  
  4 147.5053 340409.254319  x:  0.12255   5.02011   0.14069  
  5  0.0105 340409.254183  x:  0.12255   5.01799   0.14067  
  6  0.0013 340409.254177  x:  0.12255   5.01783   0.14067  
  7  0.0001 340409.254177  x:  0.12255   5.01783   0.14067  

5 (Bom_mus) ... 3 (Bom_hor)
  0  0.0000 327856.287970  x:  0.07698   4.20257   0.23918  
  1 99.0000 327832.201772  x:  0.06992   4.20267   0.23571  
  2 5919.5572 327678.081028  x:  0.07118   4.20547   0.13928  
  3 3123.1988 327654.745774  x:  0.07121   5.33004   0.15089  
  4 47.6924 327653.692355  x:  0.07173   5.36186   0.14480  
  5  0.0523 327653.653334  x:  0.07199   5.37048   0.14523  
  6  0.0094 327653.652829  x:  0.07199   5.37646   0.14523  
  7  0.0041 327653.652824  x:  0.07199   5.37656   0.14524  
  8  0.0001 327653.652824  x:  0.07199   5.37659   0.14524  
  9  0.0000 327653.652824  x:  0.07199   5.37658   0.14524  
 10  0.0000 327653.652824  x:  0.07199   5.37658   0.14524  

5 (Bom_mus) ... 4 (Bom_hyp)
  0  0.0000 327566.235210  x:  0.06634   4.41822   0.21679  
  1 99.0000 327547.815765  x:  0.07250   4.41828   0.21396  
  2 5686.9360 327435.561443  x:  0.07255   4.41988   0.14173  
  3 2888.6915 327424.364803  x:  0.07246   5.21134   0.14862  
  4 31.0820 327422.228899  x:  0.07223   5.24625   0.13978  
  5  0.0602 327422.196594  x:  0.07199   5.26567   0.14000  
  6  0.0174 327422.196314  x:  0.07200   5.26982   0.14001  

6 (Bom_pas) ... 1 (Apis_mel)
  0  0.0000 403040.144582  x:  0.55525   4.45920   0.22246  
  1 99.0000 401396.663532  x:  0.53990   4.45929   0.11055  
  2 21288.4556 401327.897790  x:  0.58038   4.45758   0.09841  
  3 3363.7880 401310.806049  x:  0.57534   4.10446   0.09738  
  4 89.7078 401292.294702  x:  0.58638   4.06469   0.10328  
  5  0.1047 401292.163095  x:  0.58745   4.07729   0.10265  
  6  0.0117 401292.161701  x:  0.58749   4.07461   0.10262  
  7  0.0030 401292.161698  x:  0.58750   4.07462   0.10262  

6 (Bom_pas) ... 2 (Bom_con)
  0  0.0000 341469.081448  x:  0.10470   3.43193   0.21820  
  1 99.0000 341343.329246  x:  0.12549   3.43230   0.21107  
  2 12271.4121 341157.207274  x:  0.12574   3.43624   0.13516  
  3 4509.6323 341060.131929  x:  0.12549   4.91508   0.15296  
  4 160.3865 341056.625853  x:  0.12523   4.95526   0.14414  
  5  0.0590 341056.553153  x:  0.12487   4.99311   0.14436  
  6  0.0245 341056.549645  x:  0.12495   5.00022   0.14447  
  7  0.0049 341056.549615  x:  0.12495   5.00057   0.14444  
  8  0.0004 341056.549615  x:  0.12495   5.00059   0.14444  
  9  0.0000 341056.549615  x:  0.12495   5.00059   0.14444  
 10  0.0000 341056.549615  x:  0.12495   5.00059   0.14444  
 11  0.0215 341056.549615  x:  0.12495   5.00059   0.14444  
check convergence!


6 (Bom_pas) ... 3 (Bom_hor)
  0  0.0000 328357.105371  x:  0.06793   4.12180   0.21942  
  1 99.0000 328337.990538  x:  0.07426   4.12189   0.21691  
  2 5869.8631 328244.514657  x:  0.07435   4.12461   0.14496  
  3 2516.9401 328208.863348  x:  0.07419   5.52209   0.15867  
  4 60.7854 328207.872847  x:  0.07402   5.54572   0.15235  
  5  0.0351 328207.862024  x:  0.07389   5.55964   0.15246  
  6  0.0116 328207.861584  x:  0.07390   5.56483   0.15249  
  7  0.0034 328207.861584  x:  0.07390   5.56483   0.15249  
  8  0.0000 328207.861584  x:  0.07390   5.56484   0.15249  

6 (Bom_pas) ... 4 (Bom_hyp)
  0  0.0000 328100.388303  x:  0.07173   4.47758   0.14950  
  1 99.0000 328097.780644  x:  0.07409   4.47762   0.14929  
  2 2233.9475 328097.273292  x:  0.07412   4.47839   0.14486  
  3 223.1827 328081.558287  x:  0.07405   5.45625   0.15070  
  4 37.3424 328081.536418  x:  0.07406   5.45236   0.14975  
  5  0.0039 328081.536415  x:  0.07406   5.45206   0.14974  
  6  0.0003 328081.536415  x:  0.07406   5.45199   0.14974  
  7  0.0000 328081.536415  x:  0.07406   5.45199   0.14974  

6 (Bom_pas) ... 5 (Bom_mus)
  0  0.0000 312161.567955  x:  0.02113   4.43011   0.20255  
  1 99.0000 312152.727291  x:  0.02348   4.43012   0.20241  
  2 7916.1917 312140.443623  x:  0.02353   4.43207   0.15696  
  3 484.1623 312130.592856  x:  0.02347   5.82676   0.16865  
  4 16.6968 312130.471094  x:  0.02345   5.83521   0.16447  
  5  0.0116 312130.470665  x:  0.02344   5.84393   0.16447  
  6  0.0067 312130.470653  x:  0.02344   5.84504   0.16448  
  7  0.0012 312130.470653  x:  0.02344   5.84504   0.16448  
check convergence!


7 (Bom_syl) ... 1 (Apis_mel)
  0  0.0000 403062.039590  x:  0.53821   4.75829   0.18371  
  1 99.0000 402337.950709  x:  0.54002   4.75780   0.11419  
  2 16694.1761 402240.271944  x:  0.59584   4.75467   0.10339  
  3 3769.8919 402182.550388  x:  0.58764   4.07820   0.10166  
  4 156.8585 402176.617760  x:  0.58941   4.06301   0.10609  
  5  0.0353 402176.592913  x:  0.58902   4.07123   0.10600  
  6  0.0087 402176.592383  x:  0.58893   4.06978   0.10599  
  7  0.0017 402176.592383  x:  0.58893   4.06978   0.10599  
  8  0.0000 402176.592383  x:  0.58893   4.06978   0.10599  
  9  0.0000 402176.592383  x:  0.58893   4.06978   0.10599  

7 (Bom_syl) ... 2 (Bom_con)
  0  0.0000 342179.740954  x:  0.13433   3.50904   0.14290  
  1 99.0000 342167.855157  x:  0.12761   3.50936   0.14363  
  2 3330.6110 342166.611012  x:  0.12753   3.51135   0.14903  
  3 449.4944 342069.696445  x:  0.12761   5.07796   0.16003  
  4 177.8974 342069.538384  x:  0.12737   5.06111   0.15811  
  5  0.0146 342069.536751  x:  0.12743   5.05660   0.15801  
  6  0.0038 342069.536581  x:  0.12742   5.05462   0.15803  

7 (Bom_syl) ... 3 (Bom_hor)
  0  0.0000 329036.283848  x:  0.06609   4.09085   0.26359  
  1 99.0000 328993.475723  x:  0.07534   4.09096   0.26100  
  2 9342.9591 328816.501029  x:  0.07569   4.09545   0.15090  
  3 2754.7352 328767.130841  x:  0.07555   5.72828   0.17038  
  4 73.6067 328765.043142  x:  0.07553   5.78203   0.16079  
  5  0.0894 328765.015725  x:  0.07544   5.82764   0.16104  
  6  0.0261 328765.015166  x:  0.07547   5.82952   0.16108  
  7  0.0015 328765.015164  x:  0.07547   5.82969   0.16108  

7 (Bom_syl) ... 4 (Bom_hyp)
  0  0.0000 328941.599474  x:  0.07028   4.80651   0.22387  
  1 99.0000 328923.813333  x:  0.07648   4.80657   0.22173  
  2 5660.8485 328855.806508  x:  0.07657   4.80823   0.15845  
  3 2071.1660 328839.988838  x:  0.07650   5.84597   0.16661  
  4 34.2100 328839.752971  x:  0.07637   5.85709   0.16345  
  5  0.0162 328839.749629  x:  0.07629   5.86211   0.16355  
  6  0.0046 328839.749606  x:  0.07629   5.86346   0.16355  
  7  0.0010 328839.749606  x:  0.07629   5.86346   0.16355  
  8  0.0000 328839.749606  x:  0.07629   5.86346   0.16355  

7 (Bom_syl) ... 5 (Bom_mus)
  0  0.0000 327757.266553  x:  0.06085   4.62946   0.19746  
  1 99.0000 327700.054499  x:  0.07115   4.62949   0.19669  
  2 11723.7475 327684.925426  x:  0.07131   4.63058   0.16697  
  3 950.2719 327675.028564  x:  0.07126   5.42016   0.17284  
  4 27.5466 327674.988128  x:  0.07129   5.42190   0.17139  
  5  0.0027 327674.988066  x:  0.07130   5.42324   0.17139  
  6  0.0011 327674.988065  x:  0.07130   5.42338   0.17139  
  7  0.0001 327674.988065  x:  0.07130   5.42337   0.17139  
  8  0.0000 327674.988065  x:  0.07130   5.42340   0.17139  
  9  0.0000 327674.988065  x:  0.07130   5.42340   0.17139  
check convergence!


7 (Bom_syl) ... 6 (Bom_pas)
  0  0.0000 328395.748934  x:  0.07338   4.56964   0.20261  
  1 99.0000 328385.883778  x:  0.07127   4.57070   0.18142  
  2 874.5091 328382.678489  x:  0.07346   4.57111   0.17383  
  3 5930.5518 328366.342835  x:  0.07351   5.58034   0.18169  
  4 36.5263 328366.313962  x:  0.07349   5.58106   0.18043  
  5  0.0016 328366.313822  x:  0.07351   5.58186   0.18042  
  6  0.0008 328366.313821  x:  0.07351   5.58219   0.18042  
  7  0.0002 328366.313821  x:  0.07351   5.58220   0.18042  
  8  0.0000 328366.313821  x:  0.07351   5.58220   0.18042  

8 (Bom_vet) ... 1 (Apis_mel)
  0  0.0000 402152.072221  x:  0.56925   4.54755   0.17041  
  1 99.0000 401453.063300  x:  0.56233   4.54737   0.10750  
  2 17925.7904 401423.966581  x:  0.59280   4.54505   0.10079  
  3 1936.9976 401394.532776  x:  0.58627   4.07068   0.09980  
  4 117.3618 401391.902071  x:  0.58847   4.06491   0.10239  
  5  0.0135 401391.900188  x:  0.58840   4.06804   0.10242  
  6  0.0035 401391.900168  x:  0.58837   4.06786   0.10242  

8 (Bom_vet) ... 2 (Bom_con)
  0  0.0000 340948.189406  x:  0.09954   3.50567   0.17312  
  1 99.0000 340780.216324  x:  0.12293   3.50594   0.16927  
  2 15311.0670 340726.897053  x:  0.12322   3.50836   0.13270  
  3 2690.8531 340636.481297  x:  0.12308   5.02754   0.14683  
  4 148.6672 340635.182997  x:  0.12326   5.03141   0.14136  
  5  0.0078 340635.180376  x:  0.12332   5.03820   0.14127  
  6  0.0046 340635.180206  x:  0.12331   5.03983   0.14132  
  7  0.0013 340635.180200  x:  0.12331   5.04000   0.14132  

8 (Bom_vet) ... 3 (Bom_hor)
  0  0.0000 327962.181729  x:  0.06874   4.17467   0.22849  
  1 99.0000 327950.855648  x:  0.07360   4.17480   0.22430  
  2 3619.2704 327831.686182  x:  0.07325   4.17736   0.14141  
  3 4070.7811 327807.203278  x:  0.07305   5.32803   0.15292  
  4 49.1399 327806.211356  x:  0.07249   5.35313   0.14726  
  5  0.0371 327806.160830  x:  0.07219   5.35948   0.14789  
  6  0.0068 327806.160644  x:  0.07219   5.36306   0.14788  
  7  0.0024 327806.160641  x:  0.07219   5.36321   0.14789  
  8  0.0002 327806.160640  x:  0.07219   5.36315   0.14789  

8 (Bom_vet) ... 4 (Bom_hyp)
  0  0.0000 327883.234547  x:  0.06069   4.56626   0.15362  
  1 99.0000 327803.851785  x:  0.07292   4.56629   0.15314  
  2 13865.1042 327799.316280  x:  0.07301   4.56688   0.14091  
  3 651.5262 327789.691256  x:  0.07297   5.33166   0.14539  
  4 27.6575 327789.578017  x:  0.07299   5.33349   0.14329  
  5  0.0030 327789.577929  x:  0.07299   5.33594   0.14329  
  6  0.0019 327789.577929  x:  0.07299   5.33594   0.14329  
check convergence!


8 (Bom_vet) ... 5 (Bom_mus)
  0  0.0000 311352.558593  x:  0.02145   4.35583   0.14984  
  1 99.0000 311352.423188  x:  0.02173   4.35595   0.14842  
  2 189.9236 311351.362688  x:  0.02152   4.35693   0.13750  
  3 4197.0952 311342.455648  x:  0.02142   5.73777   0.14631  
  4 15.4128 311342.422005  x:  0.02142   5.73421   0.14423  
  5  0.0041 311342.421987  x:  0.02142   5.73511   0.14419  
  6  0.0008 311342.421986  x:  0.02142   5.73558   0.14420  
  7  0.0003 311342.421986  x:  0.02142   5.73558   0.14420  
check convergence!


8 (Bom_vet) ... 6 (Bom_pas)
  0  0.0000 312255.378957  x:  0.02268   4.63891   0.17395  
  1 99.0000 312253.136233  x:  0.02389   4.63892   0.17384  
  2 3801.2191 312248.979715  x:  0.02392   4.64021   0.15072  
  3 325.3530 312239.038887  x:  0.02385   6.13260   0.16072  
  4 15.8879 312238.928540  x:  0.02385   6.13356   0.15687  
  5  0.0043 312238.928385  x:  0.02385   6.13993   0.15685  
  6  0.0041 312238.928377  x:  0.02385   6.14027   0.15686  
  7  0.0003 312238.928376  x:  0.02385   6.14029   0.15686  
  8  0.0026 312238.928376  x:  0.02385   6.14029   0.15686  
  9  0.0000 312238.928375  x:  0.02385   6.14029   0.15686  
 10  0.0452 312238.928375  x:  0.02385   6.14029   0.15686  
check convergence!


8 (Bom_vet) ... 7 (Bom_syl)
  0  0.0000 327950.484338  x:  0.06174   5.04879   0.13048  
  1 99.0000 327888.410061  x:  0.07263   5.04880   0.13267  
  2 11847.4685 327853.058526  x:  0.07169   5.04892   0.17122  
  3 2120.6149 327849.369208  x:  0.07166   5.57679   0.17350  
  4 15.1916 327849.360793  x:  0.07173   5.56333   0.17386  
  5  0.0104 327849.360693  x:  0.07172   5.56432   0.17392  
  6  0.0008 327849.360693  x:  0.07172   5.56432   0.17392  
  7  0.0000 327849.360692  x:  0.07172   5.56432   0.17392  
  8  0.2487 327849.360692  x:  0.07172   5.56432   0.17392  
check convergence!
