Supplemental results for CODEML (seqf: /home/yzliu/eDNA/faststorage/yzliu/DK_proj/data/ref_genome/ref_annotation/primary_transcripts/extracted_cds_new/new_transcript_id_8_bom_apis/bootstraps/cat.out.OG_cds_8_species_same_header_fas.shuf_211OG_654.phy  treef: xxx.trees)


pairwise comparison (Goldman & Yang 1994)
seq seq        N       S       dN       dS     dN/dS   Paras.
  2   1 174530.1  57291.9   0.0622   0.6032   0.1031   0.5877   3.9483   0.1031 -411306.821
  3   1 174103.9  57718.1   0.0621   0.6299   0.0986   0.6104   3.9988   0.0986 -412302.807
  3   2 170014.0  61808.0   0.0150   0.1172   0.1283   0.1268   5.0790   0.1283 -348829.373
  4   1 174711.8  57110.2   0.0606   0.6131   0.0989   0.5902   3.9606   0.0989 -410408.220
  4   2 170218.4  61603.6   0.0141   0.1067   0.1320   0.1161   5.3222   0.1320 -346077.153
  4   3 169494.5  62327.5   0.0082   0.0677   0.1216   0.0727   5.6655   0.1216 -334775.900
  5   1 174697.1  57124.9   0.0620   0.6228   0.0995   0.6005   3.9533   0.0995 -411501.625
  5   2 170448.0  61374.0   0.0155   0.1130   0.1370   0.1239   5.1178   0.1370 -348176.504
  5   3 170380.0  61442.0   0.0099   0.0705   0.1410   0.0779   4.9213   0.1410 -336837.712
  5   4 170484.2  61337.8   0.0096   0.0649   0.1481   0.0727   5.2371   0.1481 -335157.297
  6   1 174710.7  57111.3   0.0620   0.6220   0.0997   0.5999   3.9415   0.0997 -411535.157
  6   2 170384.4  61437.6   0.0157   0.1143   0.1374   0.1255   5.1650   0.1374 -348523.366
  6   3 170154.2  61667.8   0.0102   0.0710   0.1436   0.0791   5.0897   0.1436 -337159.096
  6   4 170201.9  61620.1   0.0099   0.0654   0.1520   0.0741   5.4735   0.1520 -335557.641
  6   5 169738.4  62083.6   0.0034   0.0211   0.1629   0.0244   5.8851   0.1629 -319613.264
  7   1 174742.5  57079.5   0.0627   0.6197   0.1012   0.5996   3.9384   0.1012 -411859.262
  7   2 170443.4  61378.6   0.0163   0.1161   0.1404   0.1282   5.1334   0.1404 -349308.603
  7   3 169827.2  61994.8   0.0095   0.0728   0.1308   0.0793   5.3696   0.1308 -336864.014
  7   4 169792.0  62030.0   0.0095   0.0672   0.1406   0.0748   5.8705   0.1406 -335421.341
  7   5 170885.4  60936.6   0.0102   0.0647   0.1585   0.0737   4.9169   0.1585 -335737.268
  7   6 170679.5  61142.5   0.0106   0.0646   0.1635   0.0745   5.0715   0.1635 -336034.339
  8   1 174669.2  57152.8   0.0620   0.6223   0.0996   0.6004   3.9389   0.0996 -411592.372
  8   2 170345.8  61476.2   0.0152   0.1132   0.1341   0.1235   5.1602   0.1341 -348017.774
  8   3 170251.6  61570.4   0.0099   0.0699   0.1415   0.0775   4.9815   0.1415 -336758.091
  8   4 170272.1  61549.9   0.0097   0.0652   0.1484   0.0732   5.3731   0.1484 -335336.741
  8   5 169957.5  61864.5   0.0031   0.0197   0.1580   0.0226   5.6335   0.1580 -318965.943
  8   6 169330.9  62491.1   0.0034   0.0211   0.1617   0.0245   6.2506   0.1617 -319668.352
  8   7 170773.0  61049.0   0.0100   0.0641   0.1565   0.0729   4.9647   0.1565 -335545.067

