Supplemental results for CODEML (seqf: /home/yzliu/eDNA/faststorage/yzliu/DK_proj/data/ref_genome/ref_annotation/primary_transcripts/extracted_cds_new/new_transcript_id_7_and_pas/bootstraps/cat.out.OG_cds_7_species_same_header_fas.shuf_537OG_524.phy  treef: xxx.trees)


pairwise comparison (Goldman & Yang 1994)
seq seq        N       S       dN       dS     dN/dS   Paras.
  2   1 460830.1 179261.9   0.0102   0.1764   0.0576   0.1701   3.6432   0.0576 -990938.123
  3   1 460357.4 179734.6   0.0101   0.1649   0.0611   0.1606   3.5560   0.0611 -987607.742
  3   2 459205.4 180886.6   0.0100   0.1551   0.0642   0.1529   3.9663   0.0642 -982813.355
  4   1 460867.1 179224.9   0.0079   0.1250   0.0635   0.1221   3.4829   0.0635 -966882.047
  4   2 459240.2 180851.8   0.0099   0.1621   0.0611   0.1587   3.9596   0.0611 -985207.385
  4   3 457666.1 182425.9   0.0101   0.1528   0.0658   0.1522   4.0238   0.0658 -983171.535
  5   1 463467.7 176624.3   0.0057   0.0954   0.0594   0.0913   3.0899   0.0594 -947846.112
  5   2 460405.6 179686.4   0.0102   0.1713   0.0596   0.1662   3.6741   0.0596 -989620.104
  5   3 460105.8 179986.2   0.0102   0.1586   0.0642   0.1558   3.5650   0.0642 -985918.859
  5   4 460375.1 179716.9   0.0078   0.1186   0.0655   0.1167   3.5248   0.0655 -964073.224
  6   1 464446.3 175645.7   0.0071   0.1226   0.0577   0.1163   2.9947   0.0577 -963532.837
  6   2 461192.7 178899.3   0.0093   0.1647   0.0562   0.1581   3.5878   0.0562 -984783.155
  6   3 460563.8 179528.2   0.0095   0.1553   0.0612   0.1512   3.5239   0.0612 -982882.603
  6   4 460913.5 179178.5   0.0072   0.1170   0.0619   0.1139   3.4734   0.0619 -961780.441
  6   5 464422.4 175669.6   0.0071   0.1159   0.0614   0.1109   2.9775   0.0614 -961113.622
  7   1 457347.0 182745.0   0.0667   1.2067   0.0552   1.1764   4.1264   0.0552 -1200142.211
  7   2 454250.8 185841.2   0.0676   1.2808   0.0528   1.2595   4.4229   0.0528 -1203620.089
  7   3 455996.2 184095.8   0.0670   1.2112   0.0554   1.1883   4.2852   0.0554 -1200506.445
  7   4 455772.3 184319.7   0.0668   1.2213   0.0547   1.1977   4.3126   0.0547 -1200360.164
  7   5 457489.9 182602.1   0.0665   1.1981   0.0555   1.1679   4.1258   0.0555 -1199474.580
  7   6 457134.7 182957.3   0.0663   1.2075   0.0549   1.1774   4.1577   0.0549 -1199434.204

