Supplemental results for CODEML (seqf: /home/yzliu/eDNA/faststorage/yzliu/DK_proj/data/ref_genome/ref_annotation/primary_transcripts/extracted_cds_new/new_transcript_id_8_bom_apis/bootstraps/cat.out.OG_cds_8_species_same_header_fas.shuf_211OG_773.phy  treef: xxx.trees)


pairwise comparison (Goldman & Yang 1994)
seq seq        N       S       dN       dS     dN/dS   Paras.
  2   1 166046.4  54825.6   0.0575   0.6062   0.0949   0.5811   3.9200   0.0949 -389868.810
  3   1 165855.3  55016.7   0.0580   0.6236   0.0929   0.5965   3.9396   0.0929 -390780.510
  3   2 161918.7  58953.3   0.0144   0.1089   0.1327   0.1190   5.2397   0.1327 -330675.067
  4   1 166118.3  54753.7   0.0573   0.6163   0.0929   0.5875   3.9401   0.0929 -389911.769
  4   2 162019.7  58852.3   0.0131   0.1038   0.1265   0.1118   5.3747   0.1265 -328714.854
  4   3 161812.5  59059.5   0.0083   0.0640   0.1297   0.0696   5.4200   0.1297 -318419.890
  5   1 166202.1  54669.9   0.0582   0.6199   0.0938   0.5916   3.9364   0.0938 -390382.088
  5   2 162063.2  58808.8   0.0147   0.1101   0.1333   0.1202   5.4050   0.1333 -330698.378
  5   3 162070.1  58801.9   0.0092   0.0646   0.1418   0.0718   5.2561   0.1418 -319146.642
  5   4 161874.8  58997.2   0.0087   0.0653   0.1326   0.0714   5.6787   0.1326 -318660.914
  6   1 166183.6  54688.4   0.0582   0.6188   0.0941   0.5911   3.9250   0.0941 -390433.044
  6   2 162064.3  58807.7   0.0149   0.1102   0.1355   0.1208   5.3704   0.1355 -330924.657
  6   3 161896.3  58975.7   0.0094   0.0640   0.1469   0.0719   5.3795   0.1469 -319224.597
  6   4 161729.7  59142.3   0.0092   0.0644   0.1432   0.0720   5.7877   0.1432 -318971.189
  6   5 161415.1  59456.9   0.0032   0.0195   0.1642   0.0227   6.2117   0.1642 -303867.637
  7   1 166215.7  54656.3   0.0585   0.6188   0.0945   0.5913   3.9217   0.0945 -390549.598
  7   2 162005.9  58866.1   0.0153   0.1100   0.1390   0.1216   5.4480   0.1390 -331174.160
  7   3 161780.1  59091.9   0.0093   0.0653   0.1422   0.0728   5.5105   0.1422 -319378.716
  7   4 161628.1  59243.9   0.0091   0.0653   0.1386   0.0724   5.9207   0.1386 -319014.821
  7   5 161928.3  58943.7   0.0092   0.0602   0.1524   0.0684   5.6916   0.1524 -318106.238
  7   6 161774.8  59097.2   0.0096   0.0594   0.1616   0.0688   5.8094   0.1616 -318320.395
  8   1 166148.4  54723.6   0.0582   0.6187   0.0941   0.5912   3.9333   0.0941 -390447.058
  8   2 162010.6  58861.4   0.0145   0.1085   0.1340   0.1188   5.4007   0.1340 -330445.082
  8   3 161890.7  58981.3   0.0090   0.0629   0.1433   0.0702   5.3659   0.1433 -318781.386
  8   4 161635.4  59236.6   0.0087   0.0642   0.1356   0.0708   5.8633   0.1356 -318571.868
  8   5 161660.2  59211.8   0.0027   0.0177   0.1551   0.0202   5.9191   0.1551 -302997.432
  8   6 160903.5  59968.5   0.0030   0.0183   0.1655   0.0215   6.7610   0.1655 -303430.416
  8   7 161693.9  59178.1   0.0091   0.0583   0.1558   0.0668   5.8715   0.1558 -317743.521

