

2 (Bom_con) ... 1 (Apis_mel)
  0  0.0000 410079.312304  x:  0.47987   1.41537   0.40880  
  1 99.0000 402727.107213  x:  0.43573   1.48682   0.09616  
  2 24518.0367 402477.838027  x:  0.47364   1.50514   0.07524  
  3 11917.4162 400143.388843  x:  0.58246   2.87832   0.12037  
  4 5381.7939 399726.871520  x:  0.51089   3.34165   0.10848  
  5  0.6648 399534.697405  x:  0.57200   3.90507   0.09322  
  6  0.2044 399511.689328  x:  0.56477   4.18051   0.09994  
  7  0.1108 399510.603738  x:  0.56559   4.23755   0.09856  
  8  0.0469 399510.587256  x:  0.56628   4.24220   0.09857  
  9  0.0040 399510.587250  x:  0.56627   4.24237   0.09857  

3 (Bom_hor) ... 1 (Apis_mel)
  0  0.0000 400991.091219  x:  0.40970   3.62025   0.10263  
  1 99.0000 400319.043094  x:  0.49110   3.62071   0.13191  
  2 16811.0612 399961.674275  x:  0.54542   3.62193   0.09431  
  3 14741.7136 399897.378121  x:  0.54997   4.26513   0.09638  
  4 218.8811 399876.318814  x:  0.57290   4.27702   0.09790  
  5  0.0180 399875.663263  x:  0.57530   4.28307   0.09640  
  6  0.0084 399875.660838  x:  0.57549   4.28661   0.09641  
  7  0.0029 399875.660818  x:  0.57547   4.28683   0.09641  

3 (Bom_hor) ... 2 (Bom_con)
  0  0.0000 340120.303402  x:  0.11242   3.75467   0.13964  
  1 99.0000 340112.282420  x:  0.11773   3.75493   0.13759  
  2 2870.1152 340106.947623  x:  0.11748   3.75631   0.12716  
  3 1103.3475 340031.858908  x:  0.11740   5.28180   0.13746  
  4 123.6483 340031.499448  x:  0.11745   5.27140   0.13460  
  5  0.0104 340031.499422  x:  0.11745   5.27085   0.13458  
  6  0.0005 340031.499420  x:  0.11745   5.27058   0.13459  
  7  0.0002 340031.499420  x:  0.11745   5.27059   0.13459  
  8  0.0000 340031.499419  x:  0.11745   5.27058   0.13459  

4 (Bom_hyp) ... 1 (Apis_mel)
  0  0.0000 400729.012314  x:  0.49157   4.23356   0.23117  
  1 99.0000 398768.648009  x:  0.49077   4.23423   0.10479  
  2 21678.0228 398615.931773  x:  0.55028   4.23375   0.08986  
  3 5449.3496 398614.285959  x:  0.55197   4.34637   0.09045  
  4 21.5172 398590.514664  x:  0.56027   4.23620   0.09682  
  5  0.4859 398590.231230  x:  0.56331   4.25299   0.09629  
  6  0.0140 398590.228718  x:  0.56329   4.24925   0.09624  
  7  0.0037 398590.228713  x:  0.56328   4.24934   0.09624  

4 (Bom_hyp) ... 2 (Bom_con)
  0  0.0000 338508.011700  x:  0.08819   3.76870   0.13598  
  1 99.0000 338328.009798  x:  0.11097   3.76885   0.13510  
  2 17178.9661 338322.464735  x:  0.11116   3.77013   0.12447  
  3 981.0470 338256.752780  x:  0.11105   5.22205   0.13412  
  4 112.1418 338256.362159  x:  0.11121   5.21397   0.13115  
  5  0.0084 338256.361818  x:  0.11124   5.21580   0.13113  
  6  0.0013 338256.361809  x:  0.11124   5.21631   0.13114  
  7  0.0004 338256.361809  x:  0.11124   5.21639   0.13114  
  8  0.0001 338256.361808  x:  0.11124   5.21639   0.13114  
  9  0.0000 338256.361808  x:  0.11124   5.21639   0.13114  
 10  0.0000 338256.361808  x:  0.11124   5.21639   0.13114  
check convergence!


4 (Bom_hyp) ... 3 (Bom_hor)
  0  0.0000 326921.363923  x:  0.06085   4.15816   0.23728  
  1 99.0000 326904.613372  x:  0.06645   4.15826   0.23436  
  2 5553.3019 326737.062450  x:  0.06662   4.16182   0.13260  
  3 3274.6186 326693.489891  x:  0.06641   5.81544   0.14942  
  4 63.5958 326691.198683  x:  0.06615   5.88131   0.14007  
  5  0.1107 326691.127827  x:  0.06584   5.92640   0.14053  
  6  0.0355 326691.122717  x:  0.06589   5.94598   0.14058  
  7  0.0124 326691.122715  x:  0.06589   5.94599   0.14059  
  8  0.0000 326691.122715  x:  0.06589   5.94599   0.14059  

5 (Bom_mus) ... 1 (Apis_mel)
  0  0.0000 400427.412664  x:  0.51100   4.68861   0.16608  
  1 99.0000 399735.286072  x:  0.51597   4.68832   0.10328  
  2 17643.2347 399608.113542  x:  0.57916   4.68600   0.09293  
  3 4468.3267 399581.680236  x:  0.57375   4.21651   0.09189  
  4 105.9801 399576.487752  x:  0.57485   4.20157   0.09579  
  5  0.0346 399576.467090  x:  0.57444   4.20775   0.09569  
  6  0.0061 399576.466857  x:  0.57438   4.20664   0.09569  
  7  0.0012 399576.466855  x:  0.57437   4.20666   0.09569  
  8  0.0000 399576.466855  x:  0.57437   4.20666   0.09569  

5 (Bom_mus) ... 2 (Bom_con)
  0  0.0000 340377.116475  x:  0.12092   3.78635   0.11788  
  1 99.0000 340371.649796  x:  0.11719   3.78676   0.12375  
  2 1564.7722 340368.658074  x:  0.11912   3.78736   0.12957  
  3 1661.2580 340317.349217  x:  0.11926   5.00298   0.13615  
  4 101.7166 340317.314870  x:  0.11896   4.99012   0.13581  
  5  0.0116 340317.314024  x:  0.11898   4.98487   0.13578  
  6  0.0036 340317.314019  x:  0.11898   4.98480   0.13579  
  7  0.0001 340317.314019  x:  0.11898   4.98480   0.13579  

5 (Bom_mus) ... 3 (Bom_hor)
  0  0.0000 327408.619768  x:  0.05598   4.02314   0.13640  
  1 99.0000 327327.235506  x:  0.06786   4.02319   0.13648  
  2 14689.6388 327327.099183  x:  0.06789   4.02577   0.13431  
  3 78.7533 327291.163940  x:  0.06772   5.46637   0.14511  
  4 143.0373 327291.018421  x:  0.06775   5.46558   0.14271  
  5  0.0023 327291.018090  x:  0.06775   5.46932   0.14264  
  6  0.0027 327291.018066  x:  0.06775   5.47028   0.14267  

5 (Bom_mus) ... 4 (Bom_hyp)
  0  0.0000 326957.054129  x:  0.06101   4.55685   0.18739  
  1 99.0000 326935.884070  x:  0.06723   4.55689   0.18562  
  2 6778.0430 326879.004600  x:  0.06736   4.55801   0.13306  
  3 2025.0353 326869.206514  x:  0.06730   5.35299   0.13853  
  4 27.0958 326869.092988  x:  0.06725   5.35996   0.13652  
  5  0.0104 326869.092256  x:  0.06722   5.36287   0.13654  
  6  0.0026 326869.092253  x:  0.06722   5.36333   0.13654  
  7  0.0004 326869.092253  x:  0.06722   5.36333   0.13654  
  8  0.0000 326869.092253  x:  0.06722   5.36333   0.13654  

6 (Bom_pas) ... 1 (Apis_mel)
  0  0.0000 401020.510406  x:  0.46182   4.51502   0.19211  
  1 99.0000 399879.288014  x:  0.48748   4.51477   0.10439  
  2 18979.1734 399616.264637  x:  0.57515   4.51297   0.09864  
  3 7373.0027 399603.683744  x:  0.57238   4.20009   0.09738  
  4 77.4371 399603.601005  x:  0.57224   4.20292   0.09691  
  5  0.0069 399603.586350  x:  0.57152   4.20140   0.09700  
  6  0.0015 399603.586344  x:  0.57151   4.20160   0.09700  

6 (Bom_pas) ... 2 (Bom_con)
  0  0.0000 340870.598261  x:  0.11954   3.53266   0.09162  
  1 99.0000 340760.984458  x:  0.12526   3.53330   0.12856  
  2 6736.8435 340752.197251  x:  0.11959   3.53366   0.13203  
  3 3048.4676 340661.404960  x:  0.11934   5.08320   0.13919  
  4 145.8599 340660.974140  x:  0.12002   5.08393   0.14177  
  5  0.0016 340660.957308  x:  0.11980   5.08210   0.14208  
  6  0.0018 340660.957215  x:  0.11980   5.08030   0.14208  
  7  0.0010 340660.957213  x:  0.11980   5.08020   0.14208  
  8  0.0001 340660.957213  x:  0.11980   5.08021   0.14208  

6 (Bom_pas) ... 3 (Bom_hor)
  0  0.0000 327544.027434  x:  0.05534   4.30070   0.15088  
  1 99.0000 327450.381877  x:  0.06803   4.30074   0.15085  
  2 15916.4966 327449.983361  x:  0.06806   4.30207   0.14685  
  3 181.7298 327413.273762  x:  0.06793   5.87789   0.15714  
  4 61.9701 327413.149449  x:  0.06795   5.88109   0.15478  
  5  0.0037 327413.148941  x:  0.06796   5.88726   0.15473  
  6  0.0040 327413.148918  x:  0.06795   5.88797   0.15476  
  7  0.0006 327413.148918  x:  0.06795   5.88802   0.15476  
  8  0.0000 327413.148918  x:  0.06795   5.88802   0.15476  
  9  0.0000 327413.148918  x:  0.06795   5.88802   0.15476  
 10  0.0132 327413.148918  x:  0.06795   5.88802   0.15476  
check convergence!


6 (Bom_pas) ... 4 (Bom_hyp)
  0  0.0000 327209.422297  x:  0.07010   4.64216   0.17255  
  1 99.0000 327205.321811  x:  0.06728   4.64221   0.17127  
  2 2607.3903 327191.138233  x:  0.06790   4.64334   0.14541  
  3 1198.9926 327171.050812  x:  0.06784   5.85614   0.15294  
  4 38.0313 327170.942963  x:  0.06792   5.86102   0.15078  
  5  0.0060 327170.942659  x:  0.06793   5.86596   0.15080  
  6  0.0035 327170.942653  x:  0.06793   5.86625   0.15080  
  7  0.0003 327170.942653  x:  0.06793   5.86617   0.15080  
  8  0.0000 327170.942653  x:  0.06793   5.86617   0.15080  

6 (Bom_pas) ... 5 (Bom_mus)
  0  0.0000 312297.640219  x:  0.01914   4.71671   0.18787  
  1 99.0000 312284.977590  x:  0.02178   4.71671   0.18777  
  2 10024.0129 312277.242694  x:  0.02182   4.71787   0.15390  
  3 398.2320 312272.105864  x:  0.02178   5.79171   0.16114  
  4 10.8545 312272.010352  x:  0.02179   5.79730   0.15745  
  5  0.0082 312272.010265  x:  0.02179   5.80201   0.15743  
  6  0.0045 312272.010260  x:  0.02179   5.80155   0.15744  
  7  0.0003 312272.010260  x:  0.02179   5.80201   0.15744  

7 (Bom_syl) ... 1 (Apis_mel)
  0  0.0000 400490.472445  x:  0.55684   4.82538   0.14438  
  1 99.0000 400113.591578  x:  0.55392   4.82512   0.10231  
  2 15251.3180 400089.254925  x:  0.58237   4.82263   0.09708  
  3 1739.8657 400049.764904  x:  0.57496   4.24252   0.09635  
  4 126.9562 400048.840908  x:  0.57554   4.23859   0.09795  
  5  0.0075 400048.839375  x:  0.57533   4.23921   0.09799  
  6  0.0006 400048.839372  x:  0.57532   4.23908   0.09799  

7 (Bom_syl) ... 2 (Bom_con)
  0  0.0000 342086.084024  x:  0.10388   3.60844   0.07731  
  1 99.0000 341764.392005  x:  0.13319   3.60867   0.10244  
  2 18390.9151 341690.075288  x:  0.12135   3.60938   0.12962  
  3 5906.9575 341590.063303  x:  0.12057   5.28212   0.13656  
  4 151.1706 341585.013596  x:  0.12460   5.28644   0.13988  
  5  0.0051 341584.632657  x:  0.12410   5.28774   0.14272  
  6  0.0020 341584.632274  x:  0.12412   5.28590   0.14265  
  7  0.0015 341584.632239  x:  0.12412   5.28482   0.14265  
  8  0.0007 341584.632239  x:  0.12412   5.28481   0.14265  

7 (Bom_syl) ... 3 (Bom_hor)
  0  0.0000 328920.012566  x:  0.06424   4.45675   0.20994  
  1 99.0000 328884.501879  x:  0.07252   4.45682   0.20820  
  2 8761.8013 328822.985742  x:  0.07274   4.45893   0.15010  
  3 1912.5946 328791.812686  x:  0.07264   5.87890   0.16161  
  4 51.5941 328791.303767  x:  0.07267   5.89698   0.15691  
  5  0.0253 328791.300450  x:  0.07266   5.91451   0.15695  
  6  0.0107 328791.300440  x:  0.07266   5.91448   0.15697  
  7  0.0000 328791.300440  x:  0.07266   5.91450   0.15697  
  8  0.0000 328791.300440  x:  0.07266   5.91451   0.15697  

7 (Bom_syl) ... 4 (Bom_hyp)
  0  0.0000 328550.536057  x:  0.06752   4.89133   0.18117  
  1 99.0000 328538.185594  x:  0.07256   4.89137   0.17997  
  2 4949.6906 328519.466314  x:  0.07264   4.89234   0.15094  
  3 1216.9027 328504.895579  x:  0.07257   5.93219   0.15719  
  4 31.4716 328504.725202  x:  0.07253   5.93699   0.15451  
  5  0.0065 328504.724835  x:  0.07251   5.94109   0.15452  
  6  0.0033 328504.724828  x:  0.07251   5.94165   0.15452  
  7  0.0005 328504.724828  x:  0.07251   5.94165   0.15452  
  8  0.0000 328504.724828  x:  0.07251   5.94165   0.15452  
  9  0.0627 328504.724828  x:  0.07251   5.94165   0.15452  
check convergence!


7 (Bom_syl) ... 5 (Bom_mus)
  0  0.0000 327591.135767  x:  0.05538   4.64299   0.21974  
  1 99.0000 327497.406137  x:  0.06802   4.64303   0.21827  
  2 15871.3236 327420.985086  x:  0.06832   4.64460   0.15006  
  3 1921.6991 327409.814413  x:  0.06827   5.50296   0.15687  
  4 28.7438 327409.638546  x:  0.06833   5.51336   0.15411  
  5  0.0165 327409.637424  x:  0.06837   5.51838   0.15410  
  6  0.0040 327409.637420  x:  0.06837   5.51862   0.15412  
  7  0.0002 327409.637420  x:  0.06837   5.51864   0.15412  
  8  0.0000 327409.637420  x:  0.06837   5.51865   0.15412  

7 (Bom_syl) ... 6 (Bom_pas)
  0  0.0000 327673.972826  x:  0.06480   4.38342   0.18987  
  1 99.0000 327666.287759  x:  0.06866   4.38348   0.18894  
  2 3983.9094 327651.890044  x:  0.06873   4.38519   0.16071  
  3 1001.9657 327622.387872  x:  0.06862   5.77574   0.17120  
  4 50.0259 327622.195607  x:  0.06861   5.78217   0.16805  
  5  0.0079 327622.194862  x:  0.06860   5.79019   0.16807  
  6  0.0051 327622.194855  x:  0.06861   5.79035   0.16808  
  7  0.0001 327622.194854  x:  0.06861   5.79037   0.16808  

8 (Bom_vet) ... 1 (Apis_mel)
  0  0.0000 401205.542943  x:  0.42702   4.62669   0.17382  
  1 99.0000 400137.260676  x:  0.48017   4.62608   0.09852  
  2 18720.7900 399813.014842  x:  0.55808   4.62455   0.10869  
  3 11146.3369 399783.780249  x:  0.55540   4.15149   0.10692  
  4 115.5655 399749.439795  x:  0.57168   4.19705   0.09567  
  5  0.0706 399748.980480  x:  0.57521   4.20425   0.09587  
  6  0.0065 399748.978430  x:  0.57534   4.20375   0.09579  
  7  0.0006 399748.978429  x:  0.57534   4.20384   0.09579  

8 (Bom_vet) ... 2 (Bom_con)
  0  0.0000 340846.943446  x:  0.09929   3.65017   0.16397  
  1 99.0000 340718.037581  x:  0.11967   3.65039   0.16031  
  2 13331.1844 340674.523319  x:  0.11991   3.65221   0.12830  
  3 2545.0461 340607.998517  x:  0.11981   4.96968   0.13887  
  4 120.7304 340607.334102  x:  0.11992   4.97989   0.13513  
  5  0.0126 340607.329873  x:  0.11996   4.99193   0.13513  
  6  0.0073 340607.329820  x:  0.11995   4.99227   0.13516  
  7  0.0003 340607.329819  x:  0.11995   4.99230   0.13516  
  8  0.0000 340607.329819  x:  0.11995   4.99232   0.13516  
  9  0.0000 340607.329819  x:  0.11995   4.99232   0.13516  
 10  0.0000 340607.329819  x:  0.11995   4.99232   0.13516  
 11  0.0083 340607.329819  x:  0.11995   4.99232   0.13516  
check convergence!


8 (Bom_vet) ... 3 (Bom_hor)
  0  0.0000 327651.518995  x:  0.06204   4.28001   0.22615  
  1 99.0000 327630.561873  x:  0.06827   4.28008   0.22378  
  2 6500.4784 327508.419126  x:  0.06847   4.28258   0.13869  
  3 2673.1259 327483.871044  x:  0.06835   5.49119   0.14992  
  4 46.7901 327483.132541  x:  0.06824   5.52093   0.14454  
  5  0.0487 327483.121220  x:  0.06811   5.53790   0.14471  
  6  0.0138 327483.120895  x:  0.06813   5.54224   0.14473  
  7  0.0031 327483.120895  x:  0.06813   5.54225   0.14473  
  8  0.0000 327483.120895  x:  0.06813   5.54225   0.14473  

8 (Bom_vet) ... 4 (Bom_hyp)
  0  0.0000 327460.088941  x:  0.06199   4.51177   0.18800  
  1 99.0000 327436.560284  x:  0.06860   4.51181   0.18628  
  2 7141.1417 327384.186345  x:  0.06874   4.51304   0.13845  
  3 1937.0703 327369.953532  x:  0.06866   5.46581   0.14518  
  4 33.4371 327369.271663  x:  0.06865   5.48173   0.14008  
  5  0.0234 327369.269360  x:  0.06861   5.49372   0.14009  
  6  0.0089 327369.269332  x:  0.06862   5.49440   0.14011  
  7  0.0006 327369.269332  x:  0.06862   5.49440   0.14011  

8 (Bom_vet) ... 5 (Bom_mus)
  0  0.0000 311909.294224  x:  0.01807   4.57821   0.19925  
  1 99.0000 311895.732921  x:  0.02073   4.57821   0.19906  
  2 10674.8410 311859.484890  x:  0.02081   4.57944   0.12454  
  3 792.8698 311857.451292  x:  0.02079   5.22106   0.12931  
  4  6.9248 311857.382164  x:  0.02080   5.23075   0.12667  
  5  0.0176 311857.382037  x:  0.02081   5.23142   0.12663  
  6  0.0006 311857.382037  x:  0.02081   5.23147   0.12663  
  7  0.0001 311857.382037  x:  0.02081   5.23149   0.12663  

8 (Bom_vet) ... 6 (Bom_pas)
  0  0.0000 312473.223660  x:  0.02031   4.44791   0.19100  
  1 99.0000 312467.265603  x:  0.02218   4.44792   0.19085  
  2 6608.4052 312453.056376  x:  0.02224   4.45000   0.14388  
  3 536.8636 312438.632086  x:  0.02216   6.27621   0.15788  
  4 19.5433 312438.388850  x:  0.02216   6.28702   0.15219  
  5  0.0152 312438.387635  x:  0.02215   6.30585   0.15211  
  6  0.0116 312438.387615  x:  0.02215   6.30482   0.15215  
  7  0.0016 312438.387595  x:  0.02215   6.30600   0.15219  
  8  0.0014 312438.387586  x:  0.02215   6.30695   0.15219  
  9  0.0006 312438.387586  x:  0.02215   6.30695   0.15219  
check convergence!


8 (Bom_vet) ... 7 (Bom_syl)
  0  0.0000 327677.455376  x:  0.05456   4.94977   0.15963  
  1 99.0000 327562.430688  x:  0.06857   4.94978   0.15950  
  2 17840.3673 327561.283267  x:  0.06863   4.95029   0.15237  
  3 308.4674 327554.648709  x:  0.06859   5.67688   0.15619  
  4 20.5043 327554.634221  x:  0.06859   5.65868   0.15542  
  5  0.0175 327554.634042  x:  0.06859   5.65518   0.15545  
  6  0.0030 327554.634042  x:  0.06859   5.65520   0.15545  