Supplemental results for CODEML (seqf: /home/yzliu/eDNA/faststorage/yzliu/DK_proj/data/ref_genome/ref_annotation/primary_transcripts/extracted_cds_new/new_transcript_id_8_bom_apis/bootstraps/cat.out.OG_cds_8_species_same_header_fas.shuf_211OG_652.phy  treef: xxx.trees)


pairwise comparison (Goldman & Yang 1994)
seq seq        N       S       dN       dS     dN/dS   Paras.
  2   1 206429.1  68748.9   0.0571   0.5939   0.0962   0.5737   4.4294   0.0962 -483077.557
  3   1 206015.7  69162.3   0.0574   0.6077   0.0945   0.5872   4.4563   0.0945 -484163.439
  3   2 200536.9  74641.1   0.0127   0.1044   0.1213   0.1126   5.7267   0.1213 -409555.666
  4   1 206571.9  68606.1   0.0571   0.6053   0.0943   0.5813   4.4555   0.0943 -483160.159
  4   2 201066.7  74111.3   0.0118   0.1002   0.1176   0.1067   5.7071   0.1176 -407480.699
  4   3 200285.2  74892.8   0.0070   0.0590   0.1180   0.0634   6.0621   0.1180 -394234.523
  5   1 206645.1  68532.9   0.0580   0.6102   0.0950   0.5865   4.4092   0.0950 -483993.439
  5   2 201293.9  73884.1   0.0136   0.1086   0.1257   0.1174   5.5339   0.1257 -410868.810
  5   3 200943.1  74234.9   0.0077   0.0616   0.1252   0.0667   5.5457   0.1252 -395576.056
  5   4 201248.2  73929.8   0.0078   0.0634   0.1226   0.0682   5.6966   0.1226 -395726.706
  6   1 206621.0  68557.0   0.0581   0.6119   0.0949   0.5882   4.4051   0.0949 -484171.596
  6   2 201307.7  73870.3   0.0139   0.1097   0.1265   0.1188   5.5039   0.1265 -411293.136
  6   3 200869.0  74309.0   0.0080   0.0623   0.1280   0.0680   5.5804   0.1280 -396040.392
  6   4 201158.1  74019.9   0.0081   0.0644   0.1254   0.0697   5.7450   0.1254 -396286.660
  6   5 200528.5  74649.5   0.0025   0.0193   0.1296   0.0212   6.2665   0.1296 -377790.043
  7   1 206645.2  68532.8   0.0582   0.6080   0.0958   0.5855   4.4426   0.0958 -483981.236
  7   2 200991.3  74186.7   0.0137   0.1091   0.1254   0.1182   5.8052   0.1254 -410917.000
  7   3 200259.6  74918.4   0.0077   0.0626   0.1226   0.0678   6.1261   0.1226 -395722.533
  7   4 200632.8  74545.2   0.0079   0.0642   0.1235   0.0695   6.2496   0.1235 -396010.311
  7   5 200969.6  74208.4   0.0078   0.0602   0.1303   0.0659   5.9591   0.1303 -394977.371
  7   6 200977.8  74200.2   0.0081   0.0608   0.1332   0.0669   5.9298   0.1332 -395419.691
  8   1 206520.0  68658.0   0.0580   0.6121   0.0948   0.5888   4.4199   0.0948 -484155.770
  8   2 201193.0  73985.0   0.0135   0.1088   0.1237   0.1173   5.5372   0.1237 -410819.298
  8   3 200724.0  74454.0   0.0078   0.0614   0.1268   0.0669   5.6374   0.1268 -395716.478
  8   4 200954.9  74223.1   0.0079   0.0638   0.1238   0.0690   5.8500   0.1238 -396050.733
  8   5 200587.9  74590.1   0.0022   0.0186   0.1180   0.0199   6.1524   0.1180 -377172.258
  8   6 200044.4  75133.6   0.0024   0.0201   0.1197   0.0217   6.6237   0.1197 -377935.930
  8   7 200790.7  74387.3   0.0078   0.0598   0.1311   0.0657   6.0261   0.1311 -394990.904

