Supplemental results for CODEML (seqf: /home/yzliu/eDNA/faststorage/yzliu/DK_proj/data/ref_genome/ref_annotation/primary_transcripts/extracted_cds_new/new_transcript_id_7_and_pas/bootstraps/cat.out.OG_cds_7_species_same_header_fas.shuf_537OG_307.phy  treef: xxx.trees)


pairwise comparison (Goldman & Yang 1994)
seq seq        N       S       dN       dS     dN/dS   Paras.
  2   1 460432.2 178588.8   0.0101   0.1697   0.0594   0.1641   3.5893   0.0594 -987677.002
  3   1 459555.3 179465.7   0.0097   0.1601   0.0606   0.1558   3.5456   0.0606 -984151.564
  3   2 458901.5 180119.5   0.0101   0.1534   0.0657   0.1514   3.9204   0.0657 -981371.337
  4   1 459901.3 179119.7   0.0077   0.1176   0.0656   0.1155   3.4836   0.0656 -962599.801
  4   2 458693.7 180327.3   0.0101   0.1582   0.0640   0.1557   3.9366   0.0640 -983388.053
  4   3 457395.9 181625.1   0.0099   0.1500   0.0662   0.1492   3.9376   0.0662 -980848.213
  5   1 462929.0 176092.0   0.0053   0.0907   0.0586   0.0865   3.0330   0.0586 -943935.417
  5   2 460277.4 178743.6   0.0103   0.1680   0.0615   0.1633   3.5813   0.0615 -987862.901
  5   3 459802.6 179218.4   0.0100   0.1564   0.0641   0.1533   3.4856   0.0641 -983821.238
  5   4 460635.4 178385.6   0.0078   0.1135   0.0684   0.1119   3.3601   0.0684 -961125.012
  6   1 464222.5 174798.5   0.0071   0.1191   0.0593   0.1131   2.9020   0.0593 -961397.044
  6   2 461437.4 177583.6   0.0096   0.1628   0.0591   0.1565   3.4427   0.0591 -984026.914
  6   3 460426.7 178594.3   0.0095   0.1544   0.0617   0.1500   3.4205   0.0617 -981608.205
  6   4 461507.1 177513.9   0.0075   0.1142   0.0654   0.1114   3.2659   0.0654 -960453.329
  6   5 465083.1 173937.9   0.0074   0.1149   0.0643   0.1100   2.7916   0.0643 -960553.366
  7   1 456743.1 182277.9   0.0649   1.1613   0.0559   1.1329   4.0120   0.0559 -1196990.628
  7   2 453476.6 185544.4   0.0663   1.2386   0.0535   1.2199   4.3228   0.0535 -1201211.105
  7   3 455352.9 183668.1   0.0654   1.1711   0.0559   1.1497   4.1611   0.0559 -1197844.330
  7   4 455278.2 183742.8   0.0653   1.1725   0.0557   1.1509   4.1768   0.0557 -1197557.938
  7   5 456894.7 182126.3   0.0652   1.1507   0.0566   1.1236   4.0101   0.0566 -1196867.252
  7   6 456714.6 182306.4   0.0649   1.1651   0.0557   1.1362   4.0126   0.0557 -1196984.235

