Supplemental results for CODEML (seqf: /home/yzliu/eDNA/faststorage/yzliu/DK_proj/data/ref_genome/ref_annotation/primary_transcripts/extracted_cds_new/new_transcript_id_8_bom_apis/bootstraps/cat.out.OG_cds_8_species_same_header_fas.shuf_211OG_402.phy  treef: xxx.trees)


pairwise comparison (Goldman & Yang 1994)
seq seq        N       S       dN       dS     dN/dS   Paras.
  2   1 159299.0  51028.0   0.0651   0.5951   0.1094   0.5810   3.9908   0.1094 -373123.337
  3   1 159028.7  51298.3   0.0658   0.6182   0.1065   0.6017   4.0389   0.1065 -374318.317
  3   2 155403.8  54923.2   0.0149   0.1063   0.1402   0.1163   5.1147   0.1402 -313996.739
  4   1 159462.3  50864.7   0.0652   0.6039   0.1080   0.5866   3.9881   0.1080 -373260.172
  4   2 155673.4  54653.6   0.0140   0.0993   0.1405   0.1084   5.1872   0.1405 -312063.480
  4   3 154583.4  55743.6   0.0087   0.0615   0.1411   0.0680   6.1461   0.1411 -302164.443
  5   1 159492.5  50834.5   0.0656   0.6128   0.1071   0.5937   3.9738   0.1071 -373709.992
  5   2 155773.5  54553.5   0.0150   0.1069   0.1406   0.1165   5.1031   0.1406 -313832.188
  5   3 155495.7  54831.3   0.0095   0.0647   0.1475   0.0717   5.1768   0.1475 -303402.121
  5   4 155640.5  54686.5   0.0094   0.0632   0.1488   0.0701   5.3794   0.1488 -302794.367
  6   1 159463.8  50863.2   0.0657   0.6130   0.1073   0.5943   3.9748   0.1073 -373778.159
  6   2 155751.4  54575.6   0.0155   0.1065   0.1452   0.1173   5.0993   0.1452 -314158.492
  6   3 155390.3  54936.7   0.0100   0.0644   0.1553   0.0727   5.2527   0.1553 -303753.622
  6   4 155518.9  54808.1   0.0102   0.0624   0.1629   0.0714   5.4769   0.1629 -303315.549
  6   5 154210.1  56116.9   0.0030   0.0193   0.1557   0.0220   7.1665   0.1557 -288436.124
  7   1 159466.5  50860.5   0.0667   0.6121   0.1089   0.5956   4.0087   0.1089 -374082.496
  7   2 155653.7  54673.3   0.0164   0.1090   0.1502   0.1213   5.2369   0.1502 -315143.222
  7   3 154677.9  55649.1   0.0096   0.0662   0.1444   0.0737   6.0700   0.1444 -303631.977
  7   4 154872.3  55454.7   0.0097   0.0641   0.1513   0.0722   6.2791   0.1513 -303141.452
  7   5 155540.4  54786.6   0.0102   0.0613   0.1659   0.0705   5.5162   0.1659 -303088.651
  7   6 155409.5  54917.5   0.0108   0.0612   0.1763   0.0719   5.6271   0.1763 -303598.708
  8   1 159402.6  50924.4   0.0657   0.6133   0.1071   0.5948   3.9727   0.1071 -373835.144
  8   2 155767.3  54559.7   0.0148   0.1058   0.1399   0.1152   5.0277   0.1399 -313655.189
  8   3 155485.2  54841.8   0.0095   0.0639   0.1483   0.0710   5.1049   0.1483 -303302.943
  8   4 155600.1  54726.9   0.0094   0.0624   0.1512   0.0696   5.3300   0.1512 -302796.412
  8   5 154521.9  55805.1   0.0024   0.0181   0.1308   0.0196   6.6112   0.1308 -287586.858
  8   6 154240.0  56087.0   0.0028   0.0188   0.1489   0.0212   6.9761   0.1489 -288183.084
  8   7 155537.0  54790.0   0.0101   0.0608   0.1663   0.0699   5.4260   0.1663 -303051.569

