

2 (Bom_con) ... 1 (Apis_mel)
  0  0.0000 407004.425741  x:  0.53632   1.33881   0.48161  
  1 99.0000 397556.779411  x:  0.34487   1.43454   0.10746  
  2 26741.7680 397204.480313  x:  0.35712   1.44354   0.07696  
  3 33280.6890 393479.751583  x:  0.48654   3.76686   0.12356  
  4 5168.4954 393151.097755  x:  0.52759   3.78258   0.08697  
  5  0.0324 393130.426948  x:  0.54738   3.99576   0.08906  
  6  0.0778 393125.811362  x:  0.54926   4.09284   0.08612  
  7  0.0690 393123.297608  x:  0.54414   4.18052   0.08795  
  8  0.0569 393123.292919  x:  0.54426   4.18201   0.08783  
  9  0.0015 393123.292917  x:  0.54427   4.18212   0.08783  

3 (Bom_hor) ... 1 (Apis_mel)
  0  0.0000 394652.691563  x:  0.46258   3.63110   0.07475  
  1 99.0000 394442.708226  x:  0.47477   3.63119   0.09763  
  2 18110.6330 394219.236582  x:  0.55332   3.63282   0.08595  
  3 6835.7658 394172.359279  x:  0.55878   4.19234   0.08724  
  4 181.3448 394171.546922  x:  0.55995   4.19303   0.08568  
  5  0.0020 394171.546272  x:  0.56007   4.19485   0.08567  
  6  0.0014 394171.546271  x:  0.56007   4.19484   0.08567  
  7  0.0000 394171.546271  x:  0.56007   4.19483   0.08567  
  8  0.0000 394171.546271  x:  0.56007   4.19483   0.08567  

3 (Bom_hor) ... 2 (Bom_con)
  0  0.0000 338297.431481  x:  0.10299   3.50794   0.14247  
  1 99.0000 338219.333585  x:  0.11917   3.50825   0.13825  
  2 9854.5265 338184.037058  x:  0.11909   3.51017   0.11205  
  3 2627.4284 338068.906158  x:  0.11888   5.32900   0.12630  
  4 161.5953 338067.331992  x:  0.11896   5.34798   0.12089  
  5  0.0208 338067.310069  x:  0.11898   5.38026   0.12091  
  6  0.0158 338067.309797  x:  0.11898   5.38065   0.12098  
  7  0.0004 338067.309796  x:  0.11897   5.38064   0.12098  
  8  0.0000 338067.309796  x:  0.11897   5.38065   0.12098  

4 (Bom_hyp) ... 1 (Apis_mel)
  0  0.0000 393447.495173  x:  0.53587   4.28600   0.12697  
  1 99.0000 393078.993756  x:  0.53186   4.28604   0.08887  
  2 16440.4342 393071.232388  x:  0.54734   4.28525   0.08627  
  3 1010.8084 393068.210805  x:  0.54539   4.13157   0.08596  
  4 38.3099 393067.937331  x:  0.54583   4.12916   0.08677  
  5  0.0043 393067.937251  x:  0.54578   4.12910   0.08677  
  6  0.0001 393067.937251  x:  0.54578   4.12911   0.08677  
  7  0.0000 393067.937251  x:  0.54578   4.12910   0.08677  

4 (Bom_hyp) ... 2 (Bom_con)
  0  0.0000 336514.344570  x:  0.09495   3.45227   0.18949  
  1 99.0000 336427.367981  x:  0.11130   3.45260   0.18311  
  2 10497.4005 336279.662472  x:  0.11131   3.45589   0.11896  
  3 4404.6082 336173.567325  x:  0.11096   5.17391   0.13727  
  4 155.0043 336169.573718  x:  0.11067   5.22116   0.12812  
  5  0.0647 336169.479318  x:  0.11033   5.27564   0.12835  
  6  0.0318 336169.473109  x:  0.11044   5.28492   0.12848  
  7  0.0067 336169.473060  x:  0.11044   5.28547   0.12845  
  8  0.0006 336169.473060  x:  0.11044   5.28552   0.12845  
  9  0.0000 336169.473060  x:  0.11044   5.28551   0.12845  

4 (Bom_hyp) ... 3 (Bom_hor)
  0  0.0000 325120.027925  x:  0.06645   4.49782   0.15532  
  1 99.0000 325090.254198  x:  0.07201   4.49854   0.12698  
  2 1990.1751 325073.178966  x:  0.06839   4.49901   0.10959  
  3 12184.9019 325053.036021  x:  0.06791   5.72123   0.11692  
  4 38.0022 325052.802954  x:  0.06724   5.70810   0.11752  
  5  0.0165 325052.801221  x:  0.06723   5.70287   0.11730  
  6  0.0051 325052.801153  x:  0.06723   5.70051   0.11731  
  7  0.0017 325052.801153  x:  0.06723   5.70051   0.11731  
  8  0.0000 325052.801153  x:  0.06723   5.70051   0.11731  
  9  0.0169 325052.801153  x:  0.06723   5.70051   0.11731  
 10  0.0759 325052.801153  x:  0.06723   5.70051   0.11731  
check convergence!


5 (Bom_mus) ... 1 (Apis_mel)
  0  0.0000 394568.132925  x:  0.50559   4.50372   0.16169  
  1 99.0000 393677.233637  x:  0.50473   4.50365   0.09286  
  2 20249.9549 393594.413634  x:  0.55303   4.50198   0.08376  
  3 3606.7185 393580.037759  x:  0.54888   4.15428   0.08288  
  4 78.7327 393572.812145  x:  0.55199   4.13540   0.08663  
  5  0.0487 393572.798505  x:  0.55244   4.14172   0.08671  
  6  0.0065 393572.798372  x:  0.55247   4.14093   0.08672  
  7  0.0008 393572.798371  x:  0.55247   4.14094   0.08671  
  8  0.0000 393572.798371  x:  0.55247   4.14094   0.08671  
check convergence!


5 (Bom_mus) ... 2 (Bom_con)
  0  0.0000 338446.427322  x:  0.09994   3.54402   0.17877  
  1 99.0000 338325.405879  x:  0.11998   3.54433   0.17210  
  2 12301.8655 338196.920564  x:  0.12002   3.54686   0.11643  
  3 4332.9311 338110.319261  x:  0.11979   5.05487   0.13078  
  4 140.2556 338107.883965  x:  0.11952   5.08710   0.12409  
  5  0.0439 338107.838913  x:  0.11923   5.11834   0.12427  
  6  0.0205 338107.836751  x:  0.11930   5.12462   0.12433  
  7  0.0043 338107.836741  x:  0.11930   5.12482   0.12432  
  8  0.0002 338107.836741  x:  0.11930   5.12483   0.12432  
  9  0.0000 338107.836741  x:  0.11930   5.12483   0.12432  

5 (Bom_mus) ... 3 (Bom_hor)
  0  0.0000 327051.062914  x:  0.05946   4.12583   0.23237  
  1 99.0000 326963.551519  x:  0.07217   4.12590   0.22953  
  2 14398.0262 326727.750063  x:  0.07262   4.12840   0.11800  
  3 3360.8750 326713.801251  x:  0.07255   4.94560   0.12663  
  4 37.8215 326713.029536  x:  0.07256   4.98288   0.12212  
  5  0.0798 326713.023902  x:  0.07253   4.99912   0.12201  
  6  0.0129 326713.023777  x:  0.07253   5.00027   0.12207  
  7  0.0011 326713.023777  x:  0.07253   5.00034   0.12207  

5 (Bom_mus) ... 4 (Bom_hyp)
  0  0.0000 326583.338517  x:  0.05873   4.23487   0.12976  
  1 99.0000 326488.715499  x:  0.07198   4.23489   0.12962  
  2 15392.8446 326487.844934  x:  0.07203   4.23540   0.12435  
  3 321.8955 326478.925198  x:  0.07198   4.91708   0.12824  
  4 28.8923 326478.916075  x:  0.07198   4.91551   0.12769  
  5  0.0017 326478.916074  x:  0.07197   4.91551   0.12768  
  6  0.0000 326478.916074  x:  0.07197   4.91551   0.12768  
  7  0.0000 326478.916073  x:  0.07197   4.91551   0.12768  
  8  0.0000 326478.916073  x:  0.07197   4.91550   0.12768  
  9  0.0069 326478.916073  x:  0.07197   4.91550   0.12768  
 10  0.0000 326478.916073  x:  0.07197   4.91550   0.12768  
check convergence!


6 (Bom_pas) ... 1 (Apis_mel)
  0  0.0000 394294.272905  x:  0.53905   4.21600   0.13936  
  1 99.0000 393714.872011  x:  0.53339   4.21615   0.08953  
  2 19039.1282 393701.809991  x:  0.55326   4.21564   0.08587  
  3 1328.4467 393701.251443  x:  0.55241   4.15079   0.08573  
  4 16.6541 393700.518041  x:  0.55350   4.14675   0.08697  
  5  0.0082 393700.518032  x:  0.55351   4.14665   0.08697  
  6  0.0001 393700.518032  x:  0.55351   4.14666   0.08697  

6 (Bom_pas) ... 2 (Bom_con)
  0  0.0000 338630.386120  x:  0.12122   3.45774   0.15807  
  1 99.0000 338574.892439  x:  0.11300   3.45942   0.12919  
  2 3467.6674 338551.520508  x:  0.11937   3.46057   0.11368  
  3 7159.4259 338436.699331  x:  0.12040   5.21260   0.12863  
  4 166.0399 338435.989388  x:  0.12078   5.22636   0.12499  
  5  0.0136 338435.977183  x:  0.12097   5.23640   0.12509  
  6  0.0089 338435.975438  x:  0.12094   5.24431   0.12512  
  7  0.0048 338435.975437  x:  0.12094   5.24431   0.12512  
  8  0.0000 338435.975437  x:  0.12094   5.24430   0.12512  

6 (Bom_pas) ... 3 (Bom_hor)
  0  0.0000 327084.709196  x:  0.06677   4.23784   0.19908  
  1 99.0000 327058.758784  x:  0.07418   4.23792   0.19573  
  2 6732.2618 326926.815258  x:  0.07425   4.23972   0.11887  
  3 3354.5313 326908.943810  x:  0.07413   5.22306   0.12738  
  4 41.1071 326908.277379  x:  0.07380   5.24717   0.12318  
  5  0.0381 326908.242555  x:  0.07354   5.25390   0.12354  
  6  0.0065 326908.242483  x:  0.07354   5.25614   0.12354  
  7  0.0016 326908.242482  x:  0.07354   5.25620   0.12354  
  8  0.0001 326908.242482  x:  0.07354   5.25620   0.12354  

6 (Bom_pas) ... 4 (Bom_hyp)
  0  0.0000 326813.165610  x:  0.06067   4.38115   0.09886  
  1 99.0000 326725.061969  x:  0.07366   4.38117   0.10145  
  2 14248.0916 326696.290350  x:  0.07272   4.38141   0.12924  
  3 2364.7272 326686.163961  x:  0.07265   5.13868   0.13239  
  4 29.4621 326686.157970  x:  0.07271   5.13740   0.13275  
  5  0.0010 326686.157932  x:  0.07270   5.13730   0.13277  
  6  0.0001 326686.157931  x:  0.07270   5.13728   0.13277  
  7  0.0001 326686.157931  x:  0.07270   5.13728   0.13277  
check convergence!


6 (Bom_pas) ... 5 (Bom_mus)
  0  0.0000 311391.531064  x:  0.01916   4.09807   0.23458  
  1 99.0000 311358.164040  x:  0.02353   4.09808   0.23427  
  2 16408.0440 311259.633980  x:  0.02364   4.10179   0.11328  
  3 1186.5868 311244.843936  x:  0.02358   5.66907   0.13063  
  4 22.8420 311243.011118  x:  0.02361   5.78342   0.11833  
  5  0.2305 311242.968231  x:  0.02363   5.89630   0.11850  
  6  0.0598 311242.967620  x:  0.02363   5.89423   0.11871  
  7  0.0022 311242.967612  x:  0.02362   5.89534   0.11871  
  8  0.0007 311242.967611  x:  0.02362   5.89533   0.11871  
  9  0.0011 311242.967610  x:  0.02362   5.89533   0.11871  
 10  0.0000 311242.967608  x:  0.02362   5.89533   0.11871  
 11  0.0013 311242.967608  x:  0.02362   5.89533   0.11871  
check convergence!


7 (Bom_syl) ... 1 (Apis_mel)
  0  0.0000 395472.555339  x:  0.43424   4.61695   0.15558  
  1 99.0000 394713.267407  x:  0.46720   4.61643   0.09342  
  2 17479.5855 394409.851160  x:  0.55224   4.61443   0.09631  
  3 9481.7796 394372.845431  x:  0.54851   4.07011   0.09434  
  4 126.6490 394364.158718  x:  0.55324   4.09260   0.08903  
  5  0.0417 394364.140709  x:  0.55391   4.08850   0.08894  
  6  0.0036 394364.140289  x:  0.55396   4.08997   0.08895  
  7  0.0016 394364.140289  x:  0.55396   4.08995   0.08896  
  8  0.0000 394364.140289  x:  0.55396   4.08995   0.08896  

7 (Bom_syl) ... 2 (Bom_con)
  0  0.0000 339635.445508  x:  0.11234   3.59672   0.14243  
  1 99.0000 339599.842526  x:  0.12366   3.59698   0.13977  
  2 6340.1474 339588.212439  x:  0.12362   3.59845   0.12465  
  3 1514.2019 339515.327562  x:  0.12356   4.97111   0.13509  
  4 128.9624 339514.840263  x:  0.12364   4.97756   0.13193  
  5  0.0072 339514.837572  x:  0.12366   4.98754   0.13195  
  6  0.0058 339514.837557  x:  0.12365   4.98764   0.13197  
  7  0.0001 339514.837557  x:  0.12365   4.98764   0.13197  

7 (Bom_syl) ... 3 (Bom_hor)
  0  0.0000 327169.946575  x:  0.06773   4.07593   0.11976  
  1 99.0000 327148.964212  x:  0.07431   4.07598   0.11960  
  2 6589.4556 327148.492383  x:  0.07435   4.07679   0.11602  
  3 251.6044 327120.009378  x:  0.07423   5.32870   0.12318  
  4 56.2966 327119.941101  x:  0.07428   5.32305   0.12175  
  5  0.0055 327119.941085  x:  0.07428   5.32291   0.12172  
  6  0.0001 327119.941085  x:  0.07428   5.32290   0.12172  

7 (Bom_syl) ... 4 (Bom_hyp)
  0  0.0000 326838.759919  x:  0.07378   4.30560   0.17977  
  1 99.0000 326828.816798  x:  0.06953   4.30578   0.17299  
  2 2422.0747 326777.908283  x:  0.07185   4.30699   0.12780  
  3 6039.7656 326761.592613  x:  0.07196   5.26947   0.13502  
  4 38.2832 326761.040100  x:  0.07288   5.27093   0.13250  
  5  0.0033 326761.031829  x:  0.07295   5.27044   0.13294  
  6  0.0008 326761.031827  x:  0.07295   5.27045   0.13294  

7 (Bom_syl) ... 5 (Bom_mus)
  0  0.0000 326989.905672  x:  0.06233   4.31947   0.19781  
  1 99.0000 326941.107219  x:  0.07197   4.31950   0.19610  
  2 10489.5006 326881.228075  x:  0.07219   4.32049   0.14083  
  3 1936.6974 326877.706039  x:  0.07216   4.74004   0.14434  
  4 17.8946 326877.669991  x:  0.07217   4.74116   0.14316  
  5  0.0024 326877.669975  x:  0.07217   4.74031   0.14314  

7 (Bom_syl) ... 6 (Bom_pas)
  0  0.0000 327186.655176  x:  0.07450   3.97780   0.20402  
  1 99.0000 327177.366742  x:  0.07024   3.97794   0.19945  
  2 2904.0724 327104.724574  x:  0.07204   3.97982   0.13927  
  3 4187.5007 327087.000138  x:  0.07210   4.87866   0.14795  
  4 44.4377 327086.415583  x:  0.07284   4.88819   0.14426  
  5  0.0124 327086.396441  x:  0.07299   4.88951   0.14481  
  6  0.0017 327086.396408  x:  0.07300   4.89055   0.14480  
  7  0.0008 327086.396406  x:  0.07299   4.89077   0.14480  
  8  0.0002 327086.396406  x:  0.07299   4.89077   0.14480  

8 (Bom_vet) ... 1 (Apis_mel)
  0  0.0000 396836.448006  x:  0.54781   4.08264   0.24686  
  1 99.0000 393722.658307  x:  0.50573   4.08411   0.09316  
  2 26148.0270 393680.523525  x:  0.52975   4.08403   0.08331  
  3 3229.0707 393677.463956  x:  0.53248   4.23114   0.08385  
  4 36.7843 393651.798001  x:  0.55030   4.14345   0.08791  
  5  0.2381 393651.509649  x:  0.55265   4.15732   0.08712  
  6  0.0125 393651.509341  x:  0.55266   4.15587   0.08711  
  7  0.0015 393651.509341  x:  0.55266   4.15586   0.08711  

8 (Bom_vet) ... 2 (Bom_con)
  0  0.0000 338449.274205  x:  0.12433   3.51158   0.19810  
  1 99.0000 338372.348645  x:  0.10926   3.51238   0.17980  
  2 6211.8129 338198.029019  x:  0.11446   3.51533   0.11496  
  3 9241.9212 338091.506455  x:  0.11543   5.20241   0.13217  
  4 157.2598 338084.885092  x:  0.11875   5.23898   0.12338  
  5  0.0443 338084.712188  x:  0.11934   5.25218   0.12456  
  6  0.0153 338084.704747  x:  0.11938   5.26818   0.12444  
  7  0.0096 338084.704232  x:  0.11935   5.27039   0.12451  
  8  0.0019 338084.704231  x:  0.11935   5.27042   0.12451  
  9  0.0000 338084.704231  x:  0.11935   5.27042   0.12451  
 10  0.0000 338084.704231  x:  0.11935   5.27042   0.12451  
 11  0.0000 338084.704231  x:  0.11935   5.27042   0.12451  
check convergence!


8 (Bom_vet) ... 3 (Bom_hor)
  0  0.0000 326720.357766  x:  0.07368   4.44872   0.13442  
  1 99.0000 326718.705451  x:  0.07186   4.44878   0.13303  
  2 1422.2122 326713.249824  x:  0.07250   4.44929   0.12128  
  3 1177.3659 326701.732395  x:  0.07247   5.28303   0.12584  
  4 30.6597 326701.559031  x:  0.07260   5.28561   0.12355  
  5  0.0037 326701.558832  x:  0.07261   5.28890   0.12356  
  6  0.0026 326701.558829  x:  0.07261   5.28916   0.12356  
  7  0.0002 326701.558829  x:  0.07261   5.28911   0.12356  

8 (Bom_vet) ... 4 (Bom_hyp)
  0  0.0000 326799.118941  x:  0.05845   4.24716   0.17054  
  1 99.0000 326695.105259  x:  0.07228   4.24721   0.16907  
  2 16164.8110 326652.360122  x:  0.07250   4.24844   0.12716  
  3 1824.4712 326635.219141  x:  0.07243   5.22564   0.13437  
  4 39.7907 326635.025599  x:  0.07248   5.23126   0.13180  
  5  0.0081 326635.025296  x:  0.07249   5.23466   0.13181  
  6  0.0025 326635.025294  x:  0.07249   5.23494   0.13182  
  7  0.0002 326635.025294  x:  0.07249   5.23486   0.13181  
  8  0.0000 326635.025293  x:  0.07249   5.23491   0.13181  

8 (Bom_vet) ... 5 (Bom_mus)
  0  0.0000 310963.151691  x:  0.02110   4.48055   0.20192  
  1 99.0000 310959.845717  x:  0.02254   4.48055   0.20162  
  2 4700.3857 310905.710123  x:  0.02262   4.48214   0.11653  
  3 1022.3267 310901.962984  x:  0.02259   5.31749   0.12322  
  4  9.8853 310901.605389  x:  0.02257   5.35164   0.11785  
  5  0.0675 310901.602559  x:  0.02255   5.36991   0.11767  
  6  0.0156 310901.602483  x:  0.02255   5.37267   0.11775  
  7  0.0024 310901.602483  x:  0.02255   5.37279   0.11774  
  8  0.0001 310901.602483  x:  0.02255   5.37279   0.11774  
  9  0.0000 310901.602483  x:  0.02255   5.37279   0.11774  

8 (Bom_vet) ... 6 (Bom_pas)
  0  0.0000 311288.709492  x:  0.02444   4.42037   0.17779  
  1 99.0000 311287.402703  x:  0.02351   4.42038   0.17744  
  2 2584.8896 311251.430089  x:  0.02368   4.42235   0.11237  
  3 1043.2679 311235.808818  x:  0.02359   6.28564   0.12633  
  4 20.7407 311235.235373  x:  0.02365   6.32868   0.11929  
  5  0.0632 311235.228742  x:  0.02367   6.37288   0.11934  
  6  0.0250 311235.228400  x:  0.02366   6.37545   0.11941  
  7  0.0023 311235.228390  x:  0.02366   6.37733   0.11941  
  8  0.0012 311235.228389  x:  0.02366   6.37733   0.11941  
  9  0.0114 311235.228388  x:  0.02366   6.37733   0.11941  
 10  0.0000 311235.228388  x:  0.02366   6.37733   0.11941  
check convergence!


8 (Bom_vet) ... 7 (Bom_syl)
  0  0.0000 326860.823426  x:  0.06414   5.17207   0.22684  
  1 99.0000 326832.059696  x:  0.07161   5.17208   0.22467  
  2 7688.1996 326728.535387  x:  0.07182   5.17250   0.14551  
  3 2350.4746 326728.204702  x:  0.07182   5.02631   0.14443  
  4  4.4078 326728.195793  x:  0.07173   5.02332   0.14489  
  5  0.0039 326728.194612  x:  0.07170   5.02375   0.14477  