

2 (Bom_con) ... 1 (Apis_mel)
  0  0.0000 412275.616021  x:  0.42422   1.36958   0.46111  
  1 99.0000 403445.256812  x:  0.46689   1.46489   0.08993  
  2 22791.9736 403133.465090  x:  0.55514   1.52462   0.08446  
  3 6901.5690 402407.231377  x:  0.51982   2.09691   0.14378  
  4 4239.7531 401140.386014  x:  0.50226   2.83343   0.09031  
  5  1.7826 400876.991758  x:  0.54152   3.41461   0.10989  
  6  0.3024 400786.111101  x:  0.55536   3.83076   0.09599  
  7  0.2801 400775.412039  x:  0.54607   3.98793   0.10061  
  8  0.1106 400775.064102  x:  0.54701   4.02211   0.09985  
  9  0.0295 400775.060160  x:  0.54727   4.02433   0.09990  
 10  0.0018 400775.060159  x:  0.54727   4.02439   0.09990  

3 (Bom_hor) ... 1 (Apis_mel)
  0  0.0000 401949.908152  x:  0.43338   3.57621   0.12912  
  1 99.0000 401520.030228  x:  0.48052   3.57688   0.09122  
  2 12806.5264 401292.520577  x:  0.53756   3.57771   0.10308  
  3 13650.1993 401251.337501  x:  0.54108   4.07299   0.10507  
  4 179.1032 401227.658403  x:  0.55922   4.09357   0.09624  
  5  0.0246 401227.510991  x:  0.56077   4.11038   0.09654  
  6  0.0143 401227.509946  x:  0.56087   4.11132   0.09648  
  7  0.0010 401227.509939  x:  0.56086   4.11149   0.09648  
  8  0.0001 401227.509939  x:  0.56086   4.11149   0.09648  

3 (Bom_hor) ... 2 (Bom_con)
  0  0.0000 341207.374863  x:  0.10789   3.52163   0.17774  
  1 99.0000 341172.191955  x:  0.11880   3.52221   0.16667  
  2 4673.0788 341095.274601  x:  0.11667   3.52455   0.12397  
  3 5839.0685 341003.165609  x:  0.11610   5.09984   0.13836  
  4 144.4951 341001.099026  x:  0.11482   5.11837   0.13276  
  5  0.0222 341001.073009  x:  0.11457   5.13112   0.13314  
  6  0.0118 341001.070762  x:  0.11460   5.14021   0.13312  
  7  0.0054 341001.070756  x:  0.11460   5.14021   0.13313  

4 (Bom_hyp) ... 1 (Apis_mel)
  0  0.0000 400872.785536  x:  0.51180   4.09510   0.14994  
  1 99.0000 400401.841173  x:  0.51241   4.09524   0.10105  
  2 16083.0351 400346.264548  x:  0.55240   4.09478   0.09438  
  3 2935.1769 400346.164908  x:  0.55216   4.06899   0.09443  
  4  0.7840 400344.862138  x:  0.55327   4.08642   0.09632  
  5  0.3149 400344.861296  x:  0.55341   4.08581   0.09629  
  6  0.0006 400344.861295  x:  0.55342   4.08589   0.09629  

4 (Bom_hyp) ... 2 (Bom_con)
  0  0.0000 339874.250957  x:  0.08601   3.71429   0.09687  
  1 99.0000 339646.174367  x:  0.11135   3.71442   0.10250  
  2 19283.9292 339619.446337  x:  0.10970   3.71521   0.12389  
  3 2773.7446 339551.558559  x:  0.10952   5.17421   0.13105  
  4 113.4509 339551.549579  x:  0.10963   5.17249   0.13069  
  5  0.0013 339551.549534  x:  0.10962   5.17291   0.13067  
  6  0.0003 339551.549534  x:  0.10962   5.17305   0.13068  
  7  0.0001 339551.549534  x:  0.10962   5.17306   0.13068  

4 (Bom_hyp) ... 3 (Bom_hor)
  0  0.0000 327414.592145  x:  0.05377   4.33421   0.15002  
  1 99.0000 327356.672347  x:  0.06351   4.33426   0.14874  
  2 12519.8366 327323.134464  x:  0.06367   4.33547   0.11333  
  3 1715.6237 327293.885532  x:  0.06355   5.79950   0.12218  
  4 47.4696 327293.525722  x:  0.06359   5.81257   0.11880  
  5  0.0168 327293.523618  x:  0.06360   5.82709   0.11879  
  6  0.0089 327293.523593  x:  0.06359   5.82739   0.11882  
  7  0.0003 327293.523593  x:  0.06359   5.82741   0.11882  

5 (Bom_mus) ... 1 (Apis_mel)
  0  0.0000 403123.594342  x:  0.54260   4.72155   0.23878  
  1 99.0000 400828.030912  x:  0.51452   4.72144   0.10411  
  2 23310.6398 400767.239243  x:  0.54722   4.71960   0.09202  
  3 3525.6742 400718.370750  x:  0.53857   4.07947   0.09053  
  4 140.4288 400687.190986  x:  0.55563   4.03396   0.09642  
  5  0.1306 400686.962166  x:  0.55769   4.06210   0.09599  
  6  0.0305 400686.954339  x:  0.55790   4.05693   0.09588  
  7  0.0057 400686.954333  x:  0.55789   4.05692   0.09587  

5 (Bom_mus) ... 2 (Bom_con)
  0  0.0000 341696.410578  x:  0.10155   3.68221   0.21265  
  1 99.0000 341613.795503  x:  0.11803   3.68252   0.20490  
  2 9609.3742 341421.514070  x:  0.11800   3.68550   0.12829  
  3 4992.6619 341357.226755  x:  0.11776   5.00584   0.14192  
  4 116.8604 341354.880591  x:  0.11716   5.03306   0.13510  
  5  0.0418 341354.798328  x:  0.11664   5.04513   0.13547  
  6  0.0107 341354.797554  x:  0.11664   5.05066   0.13549  
  7  0.0033 341354.797553  x:  0.11664   5.05063   0.13549  
  8  0.0000 341354.797553  x:  0.11664   5.05063   0.13549  

5 (Bom_mus) ... 3 (Bom_hor)
  0  0.0000 327834.182380  x:  0.05881   4.09978   0.11447  
  1 99.0000 327810.936137  x:  0.06521   4.09983   0.11477  
  2 7528.4525 327810.406365  x:  0.06515   4.10066   0.11881  
  3 263.1402 327777.687903  x:  0.06501   5.54666   0.12581  
  4 56.6560 327777.653018  x:  0.06505   5.54595   0.12473  
  5  0.0011 327777.652960  x:  0.06505   5.54787   0.12472  
  6  0.0013 327777.652958  x:  0.06505   5.54812   0.12472  
  7  0.0002 327777.652958  x:  0.06505   5.54812   0.12472  

5 (Bom_mus) ... 4 (Bom_hyp)
  0  0.0000 327956.789763  x:  0.05905   4.38112   0.09850  
  1 99.0000 327921.326926  x:  0.06702   4.38115   0.09989  
  2 9169.7114 327911.383023  x:  0.06657   4.38164   0.11594  
  3 1348.5255 327885.417440  x:  0.06644   5.74032   0.12123  
  4 45.0633 327885.415081  x:  0.06649   5.73846   0.12104  
  5  0.0016 327885.415067  x:  0.06648   5.73832   0.12102  
  6  0.0001 327885.415067  x:  0.06648   5.73832   0.12102  

6 (Bom_pas) ... 1 (Apis_mel)
  0  0.0000 401942.502238  x:  0.49730   4.82474   0.17716  
  1 99.0000 401098.253591  x:  0.50325   4.82421   0.10439  
  2 18153.1375 400962.533874  x:  0.56687   4.82122   0.09368  
  3 4751.2331 400896.877670  x:  0.55884   4.07807   0.09182  
  4 161.4468 400889.840151  x:  0.55992   4.05858   0.09631  
  5  0.0501 400889.798285  x:  0.55923   4.06997   0.09636  
  6  0.0120 400889.796765  x:  0.55905   4.06755   0.09637  
  7  0.0028 400889.796761  x:  0.55905   4.06754   0.09637  
  8  0.0000 400889.796761  x:  0.55905   4.06754   0.09637  
  9  0.0000 400889.796761  x:  0.55905   4.06754   0.09637  
 10  0.0000 400889.796761  x:  0.55905   4.06754   0.09637  

6 (Bom_pas) ... 2 (Bom_con)
  0  0.0000 341986.878620  x:  0.10118   3.48695   0.10022  
  1 99.0000 341865.568348  x:  0.12068   3.48716   0.10745  
  2 12399.3256 341839.118579  x:  0.11788   3.48820   0.12823  
  3 2863.9988 341744.101963  x:  0.11761   5.07058   0.13696  
  4 150.2265 341744.010355  x:  0.11817   5.06976   0.13654  
  5  0.0009 341744.010259  x:  0.11816   5.07019   0.13651  
  6  0.0003 341744.010258  x:  0.11817   5.07035   0.13651  
  7  0.0001 341744.010258  x:  0.11817   5.07041   0.13651  
  8  0.0000 341744.010258  x:  0.11817   5.07039   0.13651  
  9  0.0000 341744.010258  x:  0.11817   5.07039   0.13651  
 10  0.0000 341744.010258  x:  0.11817   5.07039   0.13651  
check convergence!


6 (Bom_pas) ... 3 (Bom_hor)
  0  0.0000 328282.404394  x:  0.05867   4.16463   0.17650  
  1 99.0000 328250.344591  x:  0.06618   4.16469   0.17474  
  2 8674.1513 328190.095295  x:  0.06634   4.16647   0.12325  
  3 2125.2982 328157.307140  x:  0.06620   5.60109   0.13409  
  4 54.2975 328156.682300  x:  0.06619   5.62207   0.12943  
  5  0.0290 328156.677169  x:  0.06617   5.64319   0.12948  
  6  0.0128 328156.677115  x:  0.06617   5.64355   0.12951  
  7  0.0003 328156.677115  x:  0.06617   5.64360   0.12951  
  8  0.0000 328156.677115  x:  0.06617   5.64364   0.12951  
  9  0.0000 328156.677115  x:  0.06617   5.64363   0.12951  
 10  0.0000 328156.677115  x:  0.06617   5.64364   0.12951  

6 (Bom_pas) ... 4 (Bom_hyp)
  0  0.0000 328509.892291  x:  0.06312   4.64251   0.21156  
  1 99.0000 328493.953210  x:  0.06877   4.64258   0.20793  
  2 5020.2729 328347.047292  x:  0.06873   4.64439   0.12164  
  3 3826.8456 328328.846689  x:  0.06857   5.78723   0.13033  
  4 36.0743 328327.975365  x:  0.06808   5.82151   0.12555  
  5  0.0536 328327.900062  x:  0.06773   5.83030   0.12626  
  6  0.0095 328327.899863  x:  0.06772   5.83461   0.12625  
  7  0.0030 328327.899860  x:  0.06773   5.83472   0.12626  

6 (Bom_pas) ... 5 (Bom_mus)
  0  0.0000 313309.147001  x:  0.01669   4.71047   0.11408  
  1 99.0000 313272.138789  x:  0.02100   4.71048   0.11411  
  2 18678.8619 313271.946295  x:  0.02099   4.71111   0.11834  
  3 92.1077 313262.707913  x:  0.02092   6.30339   0.12469  
  4 14.2228 313262.700198  x:  0.02092   6.29662   0.12380  
  5  0.0060 313262.700195  x:  0.02092   6.29598   0.12379  
  6  0.0016 313262.700188  x:  0.02091   6.29662   0.12378  
  7  0.0004 313262.700173  x:  0.02091   6.29832   0.12381  
  8  0.0005 313262.700170  x:  0.02091   6.29830   0.12381  
  9  0.0017 313262.700168  x:  0.02091   6.29827   0.12381  

7 (Bom_syl) ... 1 (Apis_mel)
  0  0.0000 401585.627428  x:  0.44459   5.12559   0.12994  
  1 99.0000 401169.833132  x:  0.50167   5.12402   0.09293  
  2 11277.0006 400980.257851  x:  0.55173   5.12223   0.10589  
  3 14045.5554 400858.750979  x:  0.54472   4.09067   0.10377  
  4 208.4361 400847.066801  x:  0.55646   4.10414   0.09740  
  5  0.0167 400847.050624  x:  0.55688   4.09852   0.09745  
  6  0.0059 400847.049976  x:  0.55698   4.10033   0.09745  
  7  0.0022 400847.049973  x:  0.55698   4.10032   0.09745  

7 (Bom_syl) ... 2 (Bom_con)
  0  0.0000 341710.084093  x:  0.10296   3.67765   0.12245  
  1 99.0000 341641.803684  x:  0.11785   3.67786   0.12404  
  2 9571.2863 341640.185364  x:  0.11758   3.67918   0.12967  
  3 574.3228 341553.288852  x:  0.11753   5.28241   0.13891  
  4 141.9944 341553.173359  x:  0.11765   5.28213   0.13731  
  5  0.0014 341553.173040  x:  0.11764   5.28508   0.13728  
  6  0.0019 341553.173018  x:  0.11764   5.28567   0.13730  
  7  0.0005 341553.173018  x:  0.11764   5.28569   0.13730  
  8  0.0000 341553.173018  x:  0.11764   5.28568   0.13730  
  9  0.0000 341553.173018  x:  0.11764   5.28568   0.13730  
check convergence!


7 (Bom_syl) ... 3 (Bom_hor)
  0  0.0000 328376.917875  x:  0.06735   4.46883   0.23856  
  1 99.0000 328358.064250  x:  0.06172   4.46906   0.22997  
  2 3565.0458 328147.752997  x:  0.06358   4.47191   0.12101  
  3 9345.5952 328114.237187  x:  0.06384   6.02313   0.13490  
  4 50.9006 328109.624130  x:  0.06566   6.09508   0.12502  
  5  0.1037 328109.130968  x:  0.06641   6.09704   0.12754  
  6  0.0044 328109.127859  x:  0.06644   6.10697   0.12734  
  7  0.0087 328109.127649  x:  0.06644   6.11110   0.12738  
  8  0.0027 328109.127649  x:  0.06644   6.11111   0.12738  
  9  0.0000 328109.127649  x:  0.06644   6.11111   0.12738  
check convergence!


7 (Bom_syl) ... 4 (Bom_hyp)
  0  0.0000 328574.397544  x:  0.07091   4.85114   0.22724  
  1 99.0000 328556.156225  x:  0.06509   4.85123   0.22242  
  2 4691.8579 328362.265639  x:  0.06659   4.85326   0.12049  
  3 4836.3286 328341.991698  x:  0.06671   6.12820   0.13014  
  4 36.2090 328340.244743  x:  0.06773   6.17795   0.12380  
  5  0.0773 328340.062644  x:  0.06822   6.18182   0.12511  
  6  0.0052 328340.061988  x:  0.06823   6.18825   0.12504  
  7  0.0052 328340.061955  x:  0.06823   6.18955   0.12506  
  8  0.0011 328340.061955  x:  0.06823   6.18956   0.12506  

7 (Bom_syl) ... 5 (Bom_mus)
  0  0.0000 327093.895032  x:  0.05156   4.97759   0.17474  
  1 99.0000 327015.223744  x:  0.06270   4.97761   0.17356  
  2 15067.3139 326972.792150  x:  0.06291   4.97852   0.12849  
  3 1673.5176 326962.735247  x:  0.06286   5.95189   0.13403  
  4 23.6551 326962.631863  x:  0.06289   5.94272   0.13201  
  5  0.0128 326962.630817  x:  0.06291   5.93315   0.13197  
  6  0.0073 326962.630815  x:  0.06291   5.93296   0.13198  
  7  0.0002 326962.630815  x:  0.06291   5.93292   0.13198  

7 (Bom_syl) ... 6 (Bom_pas)
  0  0.0000 327510.177221  x:  0.05075   4.67703   0.14780  
  1 99.0000 327398.721788  x:  0.06401   4.67706   0.14736  
  2 18268.3763 327392.912673  x:  0.06410   4.67786   0.13385  
  3 723.6837 327369.532347  x:  0.06401   6.07336   0.14132  
  4 39.2470 327369.135712  x:  0.06406   6.08128   0.13733  
  5  0.0093 327369.134307  x:  0.06406   6.09370   0.13732  
  6  0.0079 327369.134296  x:  0.06406   6.09396   0.13734  
  7  0.0003 327369.134296  x:  0.06406   6.09397   0.13734  
  8  0.0000 327369.134296  x:  0.06406   6.09397   0.13734  

8 (Bom_vet) ... 1 (Apis_mel)
  0  0.0000 402233.812749  x:  0.45752   4.82212   0.19178  
  1 99.0000 401102.837943  x:  0.48274   4.82139   0.10381  
  2 18783.9103 400852.805986  x:  0.56780   4.81841   0.09814  
  3 7192.6998 400781.829697  x:  0.56134   4.05577   0.09536  
  4 170.1815 400781.573938  x:  0.55967   4.04907   0.09627  
  5  0.0126 400781.470919  x:  0.55815   4.05058   0.09614  
  6  0.0026 400781.470896  x:  0.55815   4.05029   0.09614  
  7  0.0003 400781.470896  x:  0.55815   4.05033   0.09614  
  8  0.0000 400781.470896  x:  0.55815   4.05033   0.09614  

8 (Bom_vet) ... 2 (Bom_con)
  0  0.0000 341738.595734  x:  0.09077   3.44538   0.09989  
  1 99.0000 341482.767458  x:  0.11841   3.44557   0.10596  
  2 19899.0014 341457.382646  x:  0.11672   3.44665   0.12658  
  3 2709.9698 341358.623131  x:  0.11648   5.05832   0.13561  
  4 154.2923 341358.591438  x:  0.11666   5.05617   0.13487  
  5  0.0017 341358.591261  x:  0.11664   5.05675   0.13483  
  6  0.0004 341358.591259  x:  0.11664   5.05704   0.13484  
  7  0.0002 341358.591259  x:  0.11664   5.05706   0.13484  

8 (Bom_vet) ... 3 (Bom_hor)
  0  0.0000 327989.911590  x:  0.05454   4.06983   0.12034  
  1 99.0000 327920.059495  x:  0.06536   4.06988   0.12049  
  2 13779.5631 327919.936424  x:  0.06534   4.07267   0.12251  
  3 72.2109 327882.367764  x:  0.06521   5.62842   0.12869  
  4 173.5285 327882.348329  x:  0.06523   5.62667   0.12786  
  5  0.0018 327882.348320  x:  0.06523   5.62737   0.12785  
  6  0.0005 327882.348319  x:  0.06523   5.62753   0.12786  

8 (Bom_vet) ... 4 (Bom_hyp)
  0  0.0000 328090.190450  x:  0.05550   4.58561   0.09814  
  1 99.0000 328011.587295  x:  0.06715   4.58563   0.09969  
  2 14329.3697 327997.960340  x:  0.06663   4.58610   0.12218  
  3 1588.3109 327977.364303  x:  0.06653   5.83467   0.12675  
  4 38.1554 327977.045125  x:  0.06660   5.83241   0.12358  
  5  0.0030 327977.044300  x:  0.06659   5.83646   0.12346  
  6  0.0036 327977.044264  x:  0.06659   5.83806   0.12348  
  7  0.0012 327977.044264  x:  0.06659   5.83811   0.12348  

8 (Bom_vet) ... 5 (Bom_mus)
  0  0.0000 312814.502517  x:  0.01717   4.71885   0.09551  
  1 99.0000 312800.758639  x:  0.01979   4.71885   0.09561  
  2 11030.7439 312797.990433  x:  0.01976   4.71915   0.11058  
  3 395.3021 312793.635539  x:  0.01971   5.78409   0.11428  
  4  9.2801 312793.635488  x:  0.01971   5.78110   0.11422  
  5  0.0023 312793.635488  x:  0.01971   5.78085   0.11423  
  6  0.0002 312793.635488  x:  0.01971   5.78085   0.11423  
  7  0.0001 312793.635488  x:  0.01971   5.78085   0.11423  
  8  0.0000 312793.635488  x:  0.01971   5.78086   0.11423  
  9  0.0000 312793.635488  x:  0.01971   5.78086   0.11423  

8 (Bom_vet) ... 6 (Bom_pas)
  0  0.0000 313379.841680  x:  0.01695   4.62731   0.19027  
  1 99.0000 313348.280937  x:  0.02092   4.62732   0.19007  
  2 17104.2406 313310.202721  x:  0.02100   4.62912   0.11660  
  3 845.3491 313300.734022  x:  0.02094   6.17287   0.12768  
  4 14.6000 313300.417229  x:  0.02096   6.20604   0.12208  
  5  0.0533 313300.415034  x:  0.02096   6.23459   0.12214  
  6  0.0194 313300.415021  x:  0.02096   6.23617   0.12216  
  7  0.0039 313300.415016  x:  0.02096   6.23608   0.12219  
  8  0.0001 313300.415005  x:  0.02096   6.23500   0.12219  
  9  0.0001 313300.415005  x:  0.02096   6.23500   0.12219  

8 (Bom_vet) ... 7 (Bom_syl)
  0  0.0000 326894.713944  x:  0.05472   5.04284   0.16457  
  1 99.0000 326860.857026  x:  0.06217   5.04286   0.16355  
  2 9426.1895 326836.471847  x:  0.06230   5.04360   0.13132  
  3 1343.9573 326826.161974  x:  0.06225   6.02363   0.13645  
  4 23.4326 326825.953528  x:  0.06227   6.03040   0.13358  
  5  0.0093 326825.953246  x:  0.06228   6.03601   0.13358  
  6  0.0041 326825.953245  x:  0.06228   6.03606   0.13359  
  7  0.0000 326825.953245  x:  0.06228   6.03602   0.13359  