Supplemental results for CODEML (seqf: /home/yzliu/eDNA/faststorage/yzliu/DK_proj/data/ref_genome/ref_annotation/primary_transcripts/extracted_cds_new/new_transcript_id_8_bom_apis/bootstraps/cat.out.OG_cds_8_species_same_header_fas.shuf_211OG_248.phy  treef: xxx.trees)


pairwise comparison (Goldman & Yang 1994)
seq seq        N       S       dN       dS     dN/dS   Paras.
  2   1 167122.0  55622.0   0.0445   0.5536   0.0803   0.5148   4.5167   0.0803 -382617.258
  3   1 166923.9  55820.1   0.0450   0.5673   0.0793   0.5277   4.5699   0.0793 -383449.807
  3   2 162807.5  59936.5   0.0116   0.1062   0.1093   0.1112   5.6021   0.1093 -330938.971
  4   1 167128.0  55616.0   0.0441   0.5614   0.0785   0.5197   4.5904   0.0785 -382432.927
  4   2 162757.1  59986.9   0.0109   0.0999   0.1091   0.1046   5.8649   0.1091 -329255.259
  4   3 162582.7  60161.3   0.0068   0.0613   0.1108   0.0645   5.9199   0.1108 -319512.703
  5   1 167250.3  55493.7   0.0445   0.5666   0.0785   0.5237   4.5614   0.0785 -382770.422
  5   2 163049.8  59694.2   0.0117   0.1050   0.1112   0.1100   5.6456   0.1112 -330573.031
  5   3 163027.0  59717.0   0.0070   0.0620   0.1121   0.0652   5.5485   0.1121 -319662.157
  5   4 162624.2  60119.8   0.0068   0.0619   0.1101   0.0651   6.1966   0.1101 -319391.474
  6   1 167219.6  55524.4   0.0448   0.5654   0.0791   0.5236   4.5696   0.0791 -382901.926
  6   2 163065.7  59678.3   0.0121   0.1061   0.1143   0.1119   5.6120   0.1143 -331114.735
  6   3 162950.0  59794.0   0.0072   0.0622   0.1163   0.0659   5.6062   0.1163 -319952.894
  6   4 162478.5  60265.5   0.0073   0.0622   0.1167   0.0664   6.3455   0.1167 -319869.579
  6   5 162794.0  59950.0   0.0022   0.0208   0.1044   0.0215   6.0737   0.1044 -306048.808
  7   1 167283.4  55460.6   0.0455   0.5617   0.0809   0.5220   4.5567   0.0809 -383183.507
  7   2 162949.0  59795.0   0.0125   0.1072   0.1170   0.1139   5.7717   0.1170 -331604.200
  7   3 162936.3  59807.7   0.0074   0.0630   0.1169   0.0669   5.6604   0.1169 -320237.133
  7   4 162508.1  60235.9   0.0074   0.0623   0.1187   0.0668   6.3608   0.1187 -320015.642
  7   5 162903.3  59840.7   0.0073   0.0579   0.1260   0.0627   5.9997   0.1260 -319008.348
  7   6 162870.0  59874.0   0.0077   0.0585   0.1314   0.0640   6.0161   0.1314 -319483.263
  8   1 167158.2  55585.8   0.0448   0.5658   0.0791   0.5244   4.5747   0.0791 -382985.896
  8   2 162981.5  59762.5   0.0118   0.1044   0.1128   0.1098   5.6443   0.1128 -330641.341
  8   3 162971.0  59773.0   0.0070   0.0604   0.1165   0.0641   5.5360   0.1165 -319500.101
  8   4 162517.3  60226.7   0.0070   0.0610   0.1150   0.0648   6.2375   0.1150 -319468.145
  8   5 163402.2  59341.8   0.0019   0.0188   0.1039   0.0193   5.3991   0.1039 -305293.779
  8   6 163226.2  59517.8   0.0024   0.0200   0.1185   0.0213   5.5498   0.1185 -306123.523
  8   7 162827.7  59916.3   0.0074   0.0564   0.1317   0.0618   6.0044   0.1317 -318917.989

