Supplemental results for CODEML (seqf: /home/yzliu/eDNA/faststorage/yzliu/DK_proj/data/ref_genome/ref_annotation/primary_transcripts/extracted_cds_new/new_transcript_id_8_bom_apis/bootstraps/cat.out.OG_cds_8_species_same_header_fas.shuf_211OG_753.phy  treef: xxx.trees)


pairwise comparison (Goldman & Yang 1994)
seq seq        N       S       dN       dS     dN/dS   Paras.
  2   1 183330.5  59930.5   0.0647   0.5793   0.1117   0.5744   3.9160   0.1117 -432066.292
  3   1 182776.5  60484.5   0.0638   0.5990   0.1065   0.5906   4.0367   0.1065 -432379.164
  3   2 177941.8  65319.2   0.0152   0.1102   0.1380   0.1222   5.2244   0.1380 -365276.427
  4   1 183446.6  59814.4   0.0628   0.5896   0.1066   0.5771   3.9567   0.1066 -431055.670
  4   2 178525.4  64735.6   0.0147   0.1025   0.1432   0.1142   5.1500   0.1432 -363259.068
  4   3 177295.0  65966.0   0.0078   0.0625   0.1252   0.0680   5.9041   0.1252 -350112.248
  5   1 183489.5  59771.5   0.0637   0.5971   0.1067   0.5844   3.9687   0.1067 -431699.638
  5   2 178806.1  64454.9   0.0160   0.1102   0.1455   0.1230   4.9875   0.1455 -365569.966
  5   3 177877.4  65383.6   0.0084   0.0648   0.1297   0.0707   5.4536   0.1297 -351002.205
  5   4 178394.6  64866.4   0.0086   0.0639   0.1347   0.0701   5.4367   0.1347 -350733.697
  6   1 183445.8  59815.2   0.0639   0.5996   0.1065   0.5868   3.9813   0.1065 -431826.441
  6   2 178727.1  64533.9   0.0163   0.1120   0.1453   0.1250   5.0315   0.1453 -366034.044
  6   3 177636.9  65624.1   0.0089   0.0666   0.1333   0.0733   5.6395   0.1333 -351797.263
  6   4 178201.4  65059.6   0.0091   0.0652   0.1403   0.0724   5.5831   0.1403 -351489.264
  6   5 177270.0  65991.0   0.0029   0.0204   0.1441   0.0230   6.5479   0.1441 -334714.026
  7   1 183481.0  59780.0   0.0643   0.5939   0.1082   0.5832   3.9697   0.1082 -431961.260
  7   2 178698.4  64562.6   0.0165   0.1107   0.1489   0.1244   5.0609   0.1489 -366047.041
  7   3 177525.1  65735.9   0.0085   0.0659   0.1295   0.0721   5.7463   0.1295 -351361.380
  7   4 177998.2  65262.8   0.0091   0.0641   0.1416   0.0715   5.7717   0.1416 -351222.407
  7   5 178549.4  64711.6   0.0092   0.0593   0.1547   0.0675   5.3556   0.1547 -350305.910
  7   6 178329.4  64931.6   0.0097   0.0602   0.1602   0.0695   5.5216   0.1602 -350972.103
  8   1 183400.3  59860.7   0.0639   0.5966   0.1071   0.5849   3.9755   0.1071 -431824.888
  8   2 178673.9  64587.1   0.0159   0.1089   0.1463   0.1218   5.0333   0.1463 -365342.547
  8   3 177720.3  65540.7   0.0085   0.0636   0.1339   0.0700   5.5262   0.1339 -350925.361
  8   4 178134.7  65126.3   0.0089   0.0632   0.1403   0.0702   5.5957   0.1403 -350889.361
  8   5 177746.3  65514.7   0.0027   0.0185   0.1464   0.0209   6.0060   0.1464 -333991.109
  8   6 176528.3  66732.7   0.0029   0.0195   0.1488   0.0223   7.3472   0.1488 -334472.901
  8   7 178293.5  64967.5   0.0092   0.0580   0.1580   0.0666   5.5079   0.1580 -350108.710

