Supplemental results for CODEML (seqf: /home/yzliu/eDNA/faststorage/yzliu/DK_proj/data/ref_genome/ref_annotation/primary_transcripts/extracted_cds_new/new_transcript_id_8_bom_apis/bootstraps/cat.out.OG_cds_8_species_same_header_fas.shuf_211OG_618.phy  treef: xxx.trees)


pairwise comparison (Goldman & Yang 1994)
seq seq        N       S       dN       dS     dN/dS   Paras.
  2   1 168568.0  58274.0   0.0546   0.5597   0.0976   0.5531   3.9699   0.0976 -399575.501
  3   1 168457.8  58384.2   0.0560   0.5770   0.0971   0.5703   3.9696   0.0971 -401147.878
  3   2 165165.3  61676.7   0.0147   0.1113   0.1320   0.1228   4.7996   0.1320 -342021.799
  4   1 168798.1  58043.9   0.0543   0.5642   0.0962   0.5542   3.9765   0.0962 -399240.948
  4   2 164944.0  61898.0   0.0132   0.1019   0.1299   0.1123   5.2143   0.1299 -339051.693
  4   3 165108.0  61734.0   0.0087   0.0632   0.1377   0.0706   5.0031   0.1377 -328815.271
  5   1 168791.4  58050.6   0.0553   0.5736   0.0964   0.5639   3.9871   0.0964 -400084.254
  5   2 165126.9  61715.1   0.0140   0.1083   0.1296   0.1191   5.0809   0.1296 -340673.440
  5   3 165920.8  60921.2   0.0094   0.0659   0.1427   0.0737   4.4455   0.1427 -329874.961
  5   4 165214.0  61628.0   0.0084   0.0626   0.1347   0.0694   5.1910   0.1347 -328130.774
  6   1 168785.3  58056.7   0.0557   0.5708   0.0975   0.5625   3.9881   0.0975 -400161.446
  6   2 165001.0  61841.0   0.0146   0.1084   0.1344   0.1205   5.1778   0.1344 -341072.885
  6   3 165455.6  61386.4   0.0099   0.0654   0.1517   0.0748   4.7568   0.1517 -330201.532
  6   4 164753.1  62088.9   0.0092   0.0619   0.1479   0.0708   5.5805   0.1479 -328601.984
  6   5 164486.5  62355.5   0.0028   0.0199   0.1420   0.0226   5.8433   0.1420 -313302.597
  7   1 168921.1  57920.9   0.0569   0.5722   0.0995   0.5655   3.9548   0.0995 -400994.739
  7   2 165315.2  61526.8   0.0162   0.1120   0.1449   0.1266   4.9877   0.1449 -342975.613
  7   3 165513.7  61328.3   0.0107   0.0684   0.1559   0.0789   4.7649   0.1559 -331470.793
  7   4 164921.6  61920.4   0.0101   0.0636   0.1587   0.0741   5.4955   0.1587 -329760.034
  7   5 165568.5  61273.5   0.0099   0.0614   0.1621   0.0715   4.9781   0.1621 -329212.438
  7   6 165215.9  61626.1   0.0106   0.0604   0.1758   0.0724   5.2549   0.1758 -329597.519
  8   1 168732.5  58109.5   0.0555   0.5726   0.0969   0.5639   3.9887   0.0969 -400235.460
  8   2 164877.2  61964.8   0.0141   0.1079   0.1308   0.1192   5.2382   0.1308 -340707.180
  8   3 165608.9  61233.1   0.0094   0.0646   0.1462   0.0729   4.6175   0.1462 -329719.737
  8   4 164812.4  62029.6   0.0087   0.0617   0.1412   0.0696   5.4836   0.1412 -328278.103
  8   5 164938.9  61903.1   0.0023   0.0196   0.1164   0.0210   5.3877   0.1164 -312672.065
  8   6 163782.5  63059.5   0.0028   0.0197   0.1422   0.0225   6.5233   0.1422 -313259.596
  8   7 165267.5  61574.5   0.0101   0.0597   0.1695   0.0707   5.1722   0.1695 -329103.041

