

2 (Bom_con) ... 1 (Apis_mel)
  0  0.0000 409997.416556  x:  0.44613   1.47490   0.42968  
  1 99.0000 402034.651632  x:  0.45114   1.54683   0.09049  
  2 23603.5862 401749.540944  x:  0.51477   1.57626   0.07298  
  3 8881.2388 400527.268354  x:  0.57576   2.38972   0.11860  
  4 4568.5331 399796.591500  x:  0.49946   3.08645   0.09991  
  5  1.5679 399601.480183  x:  0.56570   3.64922   0.09614  
  6  0.2282 399578.233951  x:  0.55247   3.90089   0.09487  
  7  0.1382 399575.512196  x:  0.55290   3.96258   0.09768  
  8  0.0466 399575.501536  x:  0.55306   3.96994   0.09759  
  9  0.0056 399575.501431  x:  0.55311   3.96985   0.09759  
 10  0.0001 399575.501431  x:  0.55311   3.96985   0.09759  
 11  0.0000 399575.501431  x:  0.55311   3.96985   0.09759  
 12  0.0000 399575.501431  x:  0.55311   3.96985   0.09759  
 13  0.0315 399575.501431  x:  0.55311   3.96985   0.09759  
 14  0.0008 399575.501431  x:  0.55311   3.96985   0.09759  
check convergence!


3 (Bom_hor) ... 1 (Apis_mel)
  0  0.0000 401780.465279  x:  0.56720   3.59318   0.15026  
  1 99.0000 401173.480751  x:  0.55799   3.59391   0.09721  
  2 18650.3028 401171.571965  x:  0.56549   3.59601   0.09573  
  3 485.9618 401147.897083  x:  0.57020   3.96976   0.09733  
  4 144.8033 401147.878449  x:  0.57016   3.96994   0.09709  
  5  0.0005 401147.877940  x:  0.57029   3.96963   0.09707  
  6  0.0003 401147.877940  x:  0.57029   3.96961   0.09707  
  7  0.0000 401147.877940  x:  0.57029   3.96961   0.09707  

3 (Bom_hor) ... 2 (Bom_con)
  0  0.0000 342134.513589  x:  0.11180   3.61302   0.14982  
  1 99.0000 342098.153801  x:  0.12317   3.61326   0.14631  
  2 6329.5896 342077.906198  x:  0.12296   3.61471   0.12550  
  3 1971.5496 342022.155476  x:  0.12287   4.78700   0.13466  
  4 112.1864 342021.800833  x:  0.12284   4.79262   0.13196  
  5  0.0067 342021.799410  x:  0.12283   4.79955   0.13198  
  6  0.0043 342021.799403  x:  0.12284   4.79962   0.13199  
  7  0.0001 342021.799403  x:  0.12284   4.79961   0.13199  
  8  0.0000 342021.799403  x:  0.12284   4.79961   0.13199  
check convergence!


4 (Bom_hyp) ... 1 (Apis_mel)
  0  0.0000 400591.718170  x:  0.52863   4.00330   0.19268  
  1 99.0000 399289.124168  x:  0.51695   4.00383   0.10105  
  2 21295.0317 399247.002394  x:  0.54888   4.00341   0.09291  
  3 2650.1464 399246.244925  x:  0.54853   3.93449   0.09303  
  4  1.4316 399240.962519  x:  0.55365   3.97821   0.09635  
  5  1.5211 399240.948387  x:  0.55421   3.97629   0.09619  
  6  0.0018 399240.948374  x:  0.55421   3.97654   0.09618  
  7  0.0003 399240.948374  x:  0.55421   3.97654   0.09618  

4 (Bom_hyp) ... 2 (Bom_con)
  0  0.0000 339243.475552  x:  0.10298   3.32632   0.15110  
  1 99.0000 339211.898169  x:  0.11311   3.32668   0.14687  
  2 5950.8591 339179.007297  x:  0.11267   3.32908   0.11985  
  3 2567.0616 339053.576117  x:  0.11231   5.15722   0.13612  
  4 177.3152 339051.722380  x:  0.11229   5.17740   0.12974  
  5  0.0218 339051.693071  x:  0.11229   5.21389   0.12977  
  6  0.0173 339051.692695  x:  0.11229   5.21429   0.12986  
  7  0.0004 339051.692695  x:  0.11229   5.21429   0.12986  

4 (Bom_hyp) ... 3 (Bom_hor)
  0  0.0000 328930.713087  x:  0.05886   4.37175   0.17524  
  1 99.0000 328856.631014  x:  0.07046   4.37178   0.17396  
  2 13557.6406 328822.476205  x:  0.07064   4.37270   0.13451  
  3 1569.6962 328815.320003  x:  0.07059   4.99819   0.13901  
  4 24.7537 328815.270620  x:  0.07062   5.00149   0.13766  
  5  0.0047 328815.270545  x:  0.07063   5.00295   0.13766  
  6  0.0012 328815.270544  x:  0.07063   5.00306   0.13766  
  7  0.0001 328815.270544  x:  0.07063   5.00306   0.13766  
check convergence!


5 (Bom_mus) ... 1 (Apis_mel)
  0  0.0000 401975.310481  x:  0.50084   4.15546   0.22084  
  1 99.0000 400236.957259  x:  0.50022   4.15586   0.10419  
  2 21350.9628 400105.052816  x:  0.55701   4.15477   0.09107  
  3 4928.4896 400102.766015  x:  0.55541   4.02799   0.09053  
  4 31.8656 400084.354673  x:  0.56223   3.97551   0.09677  
  5  0.1832 400084.255535  x:  0.56381   3.98988   0.09647  
  6  0.0129 400084.253876  x:  0.56387   3.98710   0.09643  
  7  0.0028 400084.253875  x:  0.56387   3.98710   0.09643  

5 (Bom_mus) ... 2 (Bom_con)
  0  0.0000 341008.365873  x:  0.09702   3.51134   0.08860  
  1 99.0000 340802.017474  x:  0.12226   3.51153   0.09801  
  2 16608.4746 340764.565094  x:  0.11873   3.51241   0.12162  
  3 3597.1150 340673.583419  x:  0.11837   5.08097   0.12968  
  4 144.6251 340673.440559  x:  0.11910   5.08067   0.12956  
  5  0.0007 340673.440230  x:  0.11910   5.08102   0.12965  
  6  0.0002 340673.440228  x:  0.11910   5.08097   0.12965  
  7  0.0000 340673.440228  x:  0.11910   5.08093   0.12965  

5 (Bom_mus) ... 3 (Bom_hor)
  0  0.0000 329997.449737  x:  0.06699   4.35524   0.21909  
  1 99.0000 329974.268139  x:  0.07383   4.35527   0.21667  
  2 6617.9974 329875.166711  x:  0.07395   4.35608   0.14225  
  3 2495.3145 329874.990837  x:  0.07394   4.44669   0.14307  
  4  4.0287 329874.963214  x:  0.07375   4.44666   0.14244  
  5  0.0007 329874.960903  x:  0.07371   4.44545   0.14267  
  6  0.0017 329874.960902  x:  0.07371   4.44546   0.14267  
  7  0.0001 329874.960902  x:  0.07371   4.44546   0.14267  
check convergence!


5 (Bom_mus) ... 4 (Bom_hyp)
  0  0.0000 328374.662659  x:  0.06851   3.70612   0.23482  
  1 99.0000 328176.716294  x:  0.07113   3.71026   0.12717  
  2 2839.1593 328175.487176  x:  0.06958   3.71037   0.12628  
  3 1748.5809 328133.070958  x:  0.06902   5.09000   0.14333  
  4 74.1553 328130.802669  x:  0.06949   5.14727   0.13446  
  5  0.1020 328130.774849  x:  0.06939   5.18818   0.13459  
  6  0.0247 328130.773917  x:  0.06943   5.19092   0.13468  
  7  0.0026 328130.773916  x:  0.06943   5.19101   0.13467  

6 (Bom_pas) ... 1 (Apis_mel)
  0  0.0000 400407.436062  x:  0.48392   4.21115   0.10331  
  1 99.0000 400268.902630  x:  0.52416   4.21036   0.11610  
  2 6790.1962 400170.040827  x:  0.55935   4.20954   0.09723  
  3 9202.2206 400162.819277  x:  0.55728   3.98570   0.09678  
  4 62.0527 400161.480546  x:  0.56171   3.98689   0.09784  
  5  0.0044 400161.446087  x:  0.56250   3.98806   0.09752  
  6  0.0016 400161.446087  x:  0.56250   3.98805   0.09752  
  7  0.0000 400161.446087  x:  0.56250   3.98805   0.09752  
  8  0.0000 400161.446087  x:  0.56250   3.98805   0.09752  

6 (Bom_pas) ... 2 (Bom_con)
  0  0.0000 341423.974823  x:  0.11704   3.39229   0.20857  
  1 99.0000 341220.142224  x:  0.12998   3.39628   0.13143  
  2 4453.1863 341195.702376  x:  0.12244   3.39716   0.11953  
  3 7468.5321 341073.935246  x:  0.12004   5.11890   0.13883  
  4 177.6531 341072.962357  x:  0.12092   5.14781   0.13469  
  5  0.0395 341072.890861  x:  0.12048   5.16262   0.13429  
  6  0.0149 341072.884783  x:  0.12050   5.17768   0.13447  
  7  0.0082 341072.884762  x:  0.12050   5.17783   0.13445  
  8  0.0002 341072.884762  x:  0.12050   5.17783   0.13445  
check convergence!


6 (Bom_pas) ... 3 (Bom_hor)
  0  0.0000 330284.156653  x:  0.07910   4.33728   0.21097  
  1 99.0000 330268.886602  x:  0.07335   4.33732   0.20838  
  2 4715.8011 330205.272973  x:  0.07442   4.33843   0.14929  
  3 2203.8870 330201.620933  x:  0.07443   4.75337   0.15293  
  4 18.5594 330201.534959  x:  0.07473   4.75675   0.15151  
  5  0.0046 330201.532214  x:  0.07478   4.75663   0.15173  
  6  0.0003 330201.532213  x:  0.07478   4.75668   0.15173  
  7  0.0001 330201.532213  x:  0.07478   4.75679   0.15173  

6 (Bom_pas) ... 4 (Bom_hyp)
  0  0.0000 328872.577154  x:  0.07445   3.93983   0.25954  
  1 99.0000 328853.256534  x:  0.06825   3.93998   0.25562  
  2 5120.1764 328650.263017  x:  0.06955   3.94452   0.13933  
  3 3709.2445 328605.213862  x:  0.06962   5.46081   0.15812  
  4 71.6684 328602.107481  x:  0.07035   5.52816   0.14718  
  5  0.1142 328601.991075  x:  0.07079   5.55725   0.14787  
  6  0.0287 328601.984043  x:  0.07076   5.58040   0.14787  
  7  0.0138 328601.983984  x:  0.07075   5.58046   0.14792  
  8  0.0001 328601.983984  x:  0.07075   5.58047   0.14792  
  9  0.0001 328601.983984  x:  0.07075   5.58047   0.14792  

6 (Bom_pas) ... 5 (Bom_mus)
  0  0.0000 313335.253236  x:  0.02368   4.43240   0.19251  
  1 99.0000 313333.218602  x:  0.02249   4.43240   0.19228  
  2 3443.1267 313312.002762  x:  0.02260   4.43425   0.13565  
  3 666.4038 313302.785505  x:  0.02254   5.81272   0.14666  
  4 15.7666 313302.598061  x:  0.02259   5.82849   0.14195  
  5  0.0224 313302.597037  x:  0.02260   5.84200   0.14200  
  6  0.0112 313302.597006  x:  0.02260   5.84330   0.14202  
  7  0.0011 313302.597006  x:  0.02260   5.84330   0.14202  
check convergence!


7 (Bom_syl) ... 1 (Apis_mel)
  0  0.0000 401791.101781  x:  0.43628   4.66115   0.11208  
  1 99.0000 401239.324402  x:  0.52952   4.65916   0.12911  
  2 12521.3628 401065.536991  x:  0.56023   4.65804   0.10050  
  3 11631.9618 400999.003788  x:  0.55546   3.98624   0.09923  
  4 170.5663 400994.971124  x:  0.56354   3.92734   0.09999  
  5  0.0494 400994.739556  x:  0.56548   3.95447   0.09949  
  6  0.0325 400994.739309  x:  0.56549   3.95495   0.09952  
  7  0.0006 400994.739305  x:  0.56550   3.95485   0.09952  

7 (Bom_syl) ... 2 (Bom_con)
  0  0.0000 343220.138376  x:  0.12811   3.38367   0.19748  
  1 99.0000 343162.159427  x:  0.11627   3.38511   0.17273  
  2 4048.7871 343088.114749  x:  0.12295   3.38765   0.13269  
  3 10089.9874 342978.042007  x:  0.12403   4.96730   0.14956  
  4 173.2911 342975.619887  x:  0.12652   4.97581   0.14467  
  5  0.0101 342975.614096  x:  0.12660   4.98262   0.14496  
  6  0.0062 342975.613175  x:  0.12659   4.98770   0.14492  
  7  0.0034 342975.613173  x:  0.12658   4.98772   0.14492  
  8  0.0000 342975.613173  x:  0.12658   4.98772   0.14492  
  9  0.0000 342975.613173  x:  0.12658   4.98772   0.14492  
check convergence!


7 (Bom_syl) ... 3 (Bom_hor)
  0  0.0000 331513.596843  x:  0.08229   4.13974   0.18849  
  1 99.0000 331505.014592  x:  0.07809   4.13980   0.18663  
  2 3481.9512 331479.881346  x:  0.07898   4.14091   0.15211  
  3 1556.9083 331471.094646  x:  0.07896   4.87300   0.15826  
  4 31.6189 331470.805494  x:  0.07886   4.78227   0.15550  
  5  0.0846 331470.792646  x:  0.07886   4.76487   0.15593  
  6  0.0184 331470.792636  x:  0.07887   4.76493   0.15593  
  7  0.0001 331470.792635  x:  0.07887   4.76495   0.15593  
  8  0.0000 331470.792635  x:  0.07887   4.76495   0.15593  
  9  0.0000 331470.792635  x:  0.07887   4.76495   0.15593  
check convergence!


7 (Bom_syl) ... 4 (Bom_hyp)
  0  0.0000 329914.288341  x:  0.06030   3.92872   0.13928  
  1 99.0000 329809.718264  x:  0.07436   3.92879   0.13991  
  2 16039.9966 329807.112140  x:  0.07424   3.93013   0.15006  
  3 532.5567 329760.091017  x:  0.07409   5.51138   0.16034  
  4 74.8775 329760.033884  x:  0.07409   5.49828   0.15871  
  5  0.0108 329760.033780  x:  0.07409   5.49573   0.15868  
  6  0.0017 329760.033774  x:  0.07409   5.49545   0.15869  
  7  0.0003 329760.033774  x:  0.07409   5.49548   0.15869  

7 (Bom_syl) ... 5 (Bom_mus)
  0  0.0000 329357.201345  x:  0.05596   4.39110   0.16808  
  1 99.0000 329220.690275  x:  0.07148   4.39112   0.16789  
  2 19237.3210 329218.919892  x:  0.07154   4.39177   0.15872  
  3 369.6650 329212.448579  x:  0.07151   4.97767   0.16279  
  4 23.8869 329212.438474  x:  0.07150   4.97774   0.16210  
  5  0.0007 329212.438464  x:  0.07150   4.97811   0.16210  

7 (Bom_syl) ... 6 (Bom_pas)
  0  0.0000 329713.675627  x:  0.05956   4.11481   0.16933  
  1 99.0000 329622.592869  x:  0.07252   4.11485   0.16940  
  2 15094.4005 329622.448903  x:  0.07254   4.11850   0.16678  
  3 62.8160 329597.602008  x:  0.07243   5.25964   0.17799  
  4 145.5325 329597.518939  x:  0.07244   5.25413   0.17585  
  5  0.0054 329597.518903  x:  0.07244   5.25458   0.17581  
  6  0.0004 329597.518902  x:  0.07244   5.25486   0.17582  
  7  0.0002 329597.518902  x:  0.07244   5.25486   0.17582  
check convergence!


8 (Bom_vet) ... 1 (Apis_mel)
  0  0.0000 402426.148369  x:  0.54344   4.26842   0.23173  
  1 99.0000 400321.430506  x:  0.52032   4.26889   0.10545  
  2 22970.0683 400259.514678  x:  0.55505   4.26771   0.09362  
  3 3443.2972 400251.151108  x:  0.55150   4.02503   0.09274  
  4 64.4858 400235.570790  x:  0.56225   3.98054   0.09738  
  5  0.1240 400235.460568  x:  0.56394   3.99050   0.09697  
  6  0.0095 400235.459921  x:  0.56393   3.98863   0.09694  
  7  0.0020 400235.459920  x:  0.56393   3.98865   0.09694  

8 (Bom_vet) ... 2 (Bom_con)
  0  0.0000 341036.993702  x:  0.10787   3.59055   0.07421  
  1 99.0000 340850.642146  x:  0.12778   3.59082   0.09958  
  2 12622.2259 340803.776513  x:  0.11732   3.59137   0.11733  
  3 5309.1392 340711.614602  x:  0.11660   5.24187   0.12393  
  4 141.1063 340707.469001  x:  0.11986   5.24378   0.12889  
  5  0.0041 340707.180753  x:  0.11912   5.24151   0.13074  
  6  0.0023 340707.179717  x:  0.11916   5.23957   0.13081  
  7  0.0017 340707.179672  x:  0.11916   5.23824   0.13081  
  8  0.0008 340707.179672  x:  0.11916   5.23823   0.13081  
  9  0.0000 340707.179672  x:  0.11916   5.23823   0.13081  
 10  0.0000 340707.179672  x:  0.11916   5.23823   0.13081  
check convergence!


8 (Bom_vet) ... 3 (Bom_hor)
  0  0.0000 329764.749868  x:  0.07580   4.27102   0.18743  
  1 99.0000 329756.873663  x:  0.07196   4.27106   0.18541  
  2 3378.7860 329722.320659  x:  0.07293   4.27182   0.14424  
  3 1875.1219 329719.752701  x:  0.07292   4.61830   0.14701  
  4 15.6314 329719.737351  x:  0.07294   4.61812   0.14622  
  5  0.0011 329719.737335  x:  0.07295   4.61760   0.14621  
  6  0.0005 329719.737334  x:  0.07294   4.61754   0.14621  

8 (Bom_vet) ... 4 (Bom_hyp)
  0  0.0000 328354.164979  x:  0.06489   3.78045   0.15307  
  1 99.0000 328342.067678  x:  0.06978   3.78054   0.15216  
  2 5045.7715 328332.043333  x:  0.06983   3.78238   0.13223  
  3 974.6775 328278.569388  x:  0.06963   5.48140   0.14561  
  4 79.7449 328278.103440  x:  0.06965   5.47819   0.14124  
  5  0.0055 328278.103063  x:  0.06964   5.48294   0.14119  
  6  0.0028 328278.103041  x:  0.06964   5.48366   0.14122  
  7  0.0007 328278.103040  x:  0.06964   5.48361   0.14122  
  8  0.0000 328278.103040  x:  0.06964   5.48362   0.14122  
  9  0.0000 328278.103040  x:  0.06964   5.48362   0.14122  
check convergence!


8 (Bom_vet) ... 5 (Bom_mus)
  0  0.0000 312722.496967  x:  0.01707   4.58166   0.15841  
  1 99.0000 312691.704190  x:  0.02102   4.58166   0.15826  
  2 16758.6306 312675.091355  x:  0.02106   4.58250   0.11426  
  3 644.2165 312672.140247  x:  0.02103   5.37405   0.11909  
  4  8.2128 312672.065557  x:  0.02104   5.38273   0.11645  
  5  0.0130 312672.065449  x:  0.02104   5.38746   0.11643  
  6  0.0037 312672.065448  x:  0.02104   5.38769   0.11644  

8 (Bom_vet) ... 6 (Bom_pas)
  0  0.0000 313316.743273  x:  0.01970   4.49858   0.08854  
  1 99.0000 313301.142157  x:  0.02271   4.49858   0.08893  
  2 10825.0011 313275.763059  x:  0.02254   4.49909   0.13405  
  3 1373.1821 313259.607679  x:  0.02242   6.52760   0.14136  
  4 20.0716 313259.596407  x:  0.02249   6.52484   0.14194  
  5  0.0021 313259.595793  x:  0.02248   6.52827   0.14218  
  6  0.0023 313259.595735  x:  0.02248   6.52430   0.14221  
  7  0.0015 313259.595718  x:  0.02248   6.52331   0.14218  
  8  0.0006 313259.595715  x:  0.02248   6.52331   0.14218  
  9  0.0017 313259.595715  x:  0.02248   6.52331   0.14218  
check convergence!


8 (Bom_vet) ... 7 (Bom_syl)
  0  0.0000 329218.882014  x:  0.06327   5.30647   0.25447  
  1 99.0000 329191.107205  x:  0.07051   5.30648   0.25278  
  2 7762.6966 329104.231999  x:  0.07071   5.30691   0.17740  
  3 1884.5923 329103.768965  x:  0.07071   5.13362   0.17549  
  4  4.5009 329103.042428  x:  0.07072   5.16966   0.16968  
  5  0.0748 329103.041295  x:  0.07070   5.17203   0.16948  
  6  0.0024 329103.041291  x:  0.07070   5.17218   0.16949  
  7  0.0001 329103.041291  x:  0.07070   5.17217   0.16949  