Supplemental results for CODEML (seqf: /home/yzliu/eDNA/faststorage/yzliu/DK_proj/data/ref_genome/ref_annotation/primary_transcripts/extracted_cds_new/new_transcript_id_8_bom_apis/bootstraps/cat.out.OG_cds_8_species_same_header_fas.shuf_211OG_688.phy  treef: xxx.trees)


pairwise comparison (Goldman & Yang 1994)
seq seq        N       S       dN       dS     dN/dS   Paras.
  2   1 162346.0  53942.0   0.0529   0.5982   0.0884   0.5666   3.8275   0.0884 -378903.317
  3   1 162177.6  54110.4   0.0532   0.6167   0.0862   0.5824   3.8480   0.0862 -379729.841
  3   2 158620.0  57668.0   0.0140   0.1167   0.1196   0.1240   4.9007   0.1196 -324473.712
  4   1 162556.9  53731.1   0.0518   0.6118   0.0847   0.5727   3.8575   0.0847 -378387.519
  4   2 158893.2  57394.8   0.0130   0.1069   0.1220   0.1139   4.9810   0.1220 -322127.187
  4   3 158821.9  57466.1   0.0082   0.0665   0.1231   0.0710   4.9320   0.1231 -312027.791
  5   1 162578.4  53709.6   0.0526   0.6132   0.0858   0.5755   3.8339   0.0858 -378858.147
  5   2 158774.4  57513.6   0.0145   0.1143   0.1264   0.1230   5.0666   0.1264 -324138.987
  5   3 158990.8  57297.2   0.0087   0.0683   0.1276   0.0735   4.7880   0.1276 -312705.319
  5   4 158678.2  57609.8   0.0080   0.0658   0.1221   0.0703   5.3697   0.1221 -311358.406
  6   1 162536.3  53751.7   0.0528   0.6129   0.0861   0.5760   3.8469   0.0861 -378966.287
  6   2 158665.2  57622.8   0.0146   0.1153   0.1266   0.1243   5.1427   0.1266 -324363.337
  6   3 158652.1  57635.9   0.0089   0.0687   0.1297   0.0745   5.0425   0.1297 -312911.128
  6   4 158261.9  58026.1   0.0084   0.0652   0.1294   0.0710   5.7522   0.1294 -311603.170
  6   5 158004.0  58284.0   0.0028   0.0211   0.1313   0.0231   6.0059   0.1313 -297383.157
  7   1 162614.3  53673.7   0.0536   0.6105   0.0878   0.5754   3.8730   0.0878 -379177.642
  7   2 158891.5  57396.5   0.0150   0.1154   0.1304   0.1251   5.0489   0.1304 -324732.251
  7   3 159003.3  57284.7   0.0095   0.0697   0.1358   0.0763   4.8514   0.1358 -313564.759
  7   4 158734.3  57553.7   0.0087   0.0662   0.1321   0.0721   5.4085   0.1321 -312026.219
  7   5 158747.8  57540.2   0.0086   0.0632   0.1358   0.0693   5.3813   0.1358 -311299.873
  7   6 158504.6  57783.4   0.0089   0.0628   0.1410   0.0698   5.5930   0.1410 -311505.315
  8   1 162499.0  53789.0   0.0527   0.6132   0.0860   0.5764   3.8419   0.0860 -378993.823
  8   2 158540.0  57748.0   0.0144   0.1143   0.1264   0.1233   5.2126   0.1264 -324154.876
  8   3 158678.6  57609.4   0.0088   0.0674   0.1301   0.0732   4.9852   0.1301 -312640.808
  8   4 158249.8  58038.2   0.0082   0.0653   0.1254   0.0705   5.7181   0.1254 -311438.193
  8   5 158474.5  57813.5   0.0023   0.0196   0.1197   0.0208   5.4841   0.1197 -296564.441
  8   6 157432.1  58855.9   0.0026   0.0207   0.1268   0.0226   6.5922   0.1268 -297169.978
  8   7 158429.8  57858.2   0.0086   0.0624   0.1385   0.0691   5.6213   0.1385 -311268.965

