Supplemental results for CODEML (seqf: /home/yzliu/eDNA/faststorage/yzliu/DK_proj/data/ref_genome/ref_annotation/primary_transcripts/extracted_cds_new/new_transcript_id_7_and_pas/bootstraps/cat.out.OG_cds_7_species_same_header_fas.shuf_537OG_591.phy  treef: xxx.trees)


pairwise comparison (Goldman & Yang 1994)
seq seq        N       S       dN       dS     dN/dS   Paras.
  2   1 474598.5 184387.5   0.0106   0.1664   0.0638   0.1626   3.5417   0.0638 -1018832.064
  3   1 473971.9 185014.1   0.0105   0.1613   0.0648   0.1584   3.4997   0.0648 -1017138.244
  3   2 472668.5 186317.5   0.0103   0.1500   0.0687   0.1494   3.8867   0.0687 -1011645.377
  4   1 474477.6 184508.4   0.0083   0.1210   0.0682   0.1194   3.4298   0.0682 -995443.376
  4   2 472441.3 186544.7   0.0102   0.1554   0.0658   0.1540   3.9160   0.0658 -1013603.646
  4   3 471490.0 187496.0   0.0102   0.1506   0.0676   0.1504   3.9040   0.0676 -1012373.172
  5   1 476859.0 182127.0   0.0058   0.0936   0.0624   0.0903   3.0932   0.0624 -976146.025
  5   2 474555.1 184430.9   0.0110   0.1642   0.0667   0.1616   3.5316   0.0667 -1019077.854
  5   3 474364.6 184621.4   0.0108   0.1573   0.0687   0.1556   3.4349   0.0687 -1016706.495
  5   4 475244.6 183741.4   0.0084   0.1173   0.0716   0.1163   3.3201   0.0716 -994346.119
  6   1 478915.2 180070.8   0.0075   0.1210   0.0616   0.1155   2.8692   0.0616 -993176.582
  6   2 475053.7 183932.3   0.0098   0.1572   0.0623   0.1528   3.4621   0.0623 -1013471.194
  6   3 474548.5 184437.5   0.0098   0.1528   0.0639   0.1494   3.4086   0.0639 -1012370.488
  6   4 474881.2 184104.8   0.0077   0.1144   0.0670   0.1125   3.3628   0.0670 -991154.632
  6   5 479801.1 179184.9   0.0078   0.1178   0.0662   0.1131   2.7702   0.0662 -992737.847
  7   1 471828.1 187157.9   0.0674   1.1816   0.0570   1.1515   4.0282   0.0570 -1237063.552
  7   2 468504.8 190481.2   0.0684   1.2451   0.0549   1.2256   4.3415   0.0549 -1240336.263
  7   3 470357.5 188628.5   0.0676   1.1833   0.0572   1.1609   4.1843   0.0572 -1237150.845
  7   4 470344.7 188641.3   0.0673   1.1948   0.0563   1.1702   4.1944   0.0563 -1236983.774
  7   5 471938.7 187047.3   0.0675   1.1779   0.0573   1.1480   4.0242   0.0573 -1237022.900
  7   6 471924.5 187061.5   0.0669   1.1786   0.0568   1.1474   4.0303   0.0568 -1236141.028

