

2 (And_ful) ... 1 (And_bic)
  0  0.0000 1035705.760020  x:  0.17653   1.46422   0.46482  
  1 99.0000 1034025.645687  x:  0.12903   1.47473   0.41207  
  2 42241.1811 1021893.499902  x:  0.12221   1.54360   0.05532  
  3 76668.1852 1021190.279299  x:  0.12465   2.04878   0.09735  
  4 3494.9624 1019295.247569  x:  0.14353   2.76336   0.05012  
  5  2.0838 1018941.155263  x:  0.15967   2.96080   0.06809  
  6  0.2214 1018855.121512  x:  0.16612   3.28416   0.06076  
  7  0.2028 1018832.773203  x:  0.16193   3.49865   0.06402  
  8  0.0870 1018832.069312  x:  0.16268   3.53917   0.06368  
  9  0.0318 1018832.064209  x:  0.16264   3.54164   0.06377  
 10  0.0022 1018832.064195  x:  0.16265   3.54165   0.06377  

3 (And_hae) ... 1 (And_bic)
  0  0.0000 1017156.844282  x:  0.16058   3.35249   0.06896  
  1 99.0000 1017143.130454  x:  0.15780   3.35257   0.06470  
  2 5271.2668 1017142.887300  x:  0.15834   3.35264   0.06424  
  3 699.7083 1017138.246928  x:  0.15841   3.50241   0.06487  
  4 65.2858 1017138.243786  x:  0.15837   3.49983   0.06482  
  5  0.0026 1017138.243781  x:  0.15837   3.49972   0.06482  
  6  0.0001 1017138.243781  x:  0.15837   3.49972   0.06482  
  7  0.0000 1017138.243781  x:  0.15837   3.49972   0.06482  
  8  0.0000 1017138.243781  x:  0.15837   3.49972   0.06482  
check convergence!


3 (And_hae) ... 2 (And_ful)
  0  0.0000 1014669.069608  x:  0.16184   3.15754   0.19082  
  1 99.0000 1013304.296378  x:  0.12314   3.15887   0.13524  
  2 36471.5762 1012009.924083  x:  0.12957   3.16052   0.06461  
  3 67458.3755 1011863.104497  x:  0.13146   4.02449   0.07292  
  4 385.4440 1011646.664987  x:  0.14924   3.92215   0.06722  
  5  0.1089 1011645.402194  x:  0.14942   3.89869   0.06881  
  6  0.0451 1011645.376862  x:  0.14943   3.88688   0.06867  
  7  0.0091 1011645.376791  x:  0.14942   3.88665   0.06868  
  8  0.0002 1011645.376791  x:  0.14942   3.88668   0.06868  
  9  0.0000 1011645.376791  x:  0.14942   3.88667   0.06868  
 10  0.0000 1011645.376791  x:  0.14942   3.88667   0.06868  
 11  0.0000 1011645.376791  x:  0.14942   3.88667   0.06868  
check convergence!


4 (And_hat) ... 1 (And_bic)
  0  0.0000 995792.586142  x:  0.10173   3.54739   0.08655  
  1 99.0000 995496.815014  x:  0.12013   3.54740   0.08182  
  2 33093.6170 995448.879305  x:  0.11983   3.54740   0.07180  
  3 7643.9749 995446.449598  x:  0.11984   3.42606   0.07116  
  4 38.9119 995443.390928  x:  0.11956   3.42929   0.06822  
  5  0.0055 995443.376344  x:  0.11942   3.42997   0.06824  
  6  0.0006 995443.376337  x:  0.11942   3.42983   0.06824  
  7  0.0001 995443.376337  x:  0.11942   3.42981   0.06824  
  8  0.0000 995443.376337  x:  0.11942   3.42982   0.06824  
  9  0.0000 995443.376337  x:  0.11942   3.42982   0.06824  
 10  0.0000 995443.376336  x:  0.11942   3.42982   0.06824  

4 (And_hat) ... 2 (And_ful)
  0  0.0000 1015337.591680  x:  0.12619   3.04970   0.12806  
  1 99.0000 1014342.781100  x:  0.16586   3.05040   0.09976  
  2 44907.7974 1013801.110353  x:  0.16293   3.05138   0.06106  
  3 31742.5569 1013641.863187  x:  0.16202   3.92854   0.06755  
  4 417.0816 1013604.923192  x:  0.15470   3.93297   0.06435  
  5  0.0085 1013603.653554  x:  0.15399   3.92261   0.06586  
  6  0.0145 1013603.646236  x:  0.15402   3.91633   0.06580  
  7  0.0043 1013603.646168  x:  0.15401   3.91604   0.06580  

4 (And_hat) ... 3 (And_hae)
  0  0.0000 1015029.814669  x:  0.12676   3.45132   0.17932  
  1 99.0000 1013922.903787  x:  0.17085   3.45205   0.13632  
  2 40197.8903 1012602.980744  x:  0.16915   3.45320   0.06382  
  3 51123.0994 1012553.388483  x:  0.16841   3.99968   0.06852  
  4 200.5435 1012376.193339  x:  0.15087   3.95712   0.06538  
  5  0.0402 1012373.213969  x:  0.15032   3.91978   0.06775  
  6  0.0797 1012373.172150  x:  0.15040   3.90429   0.06764  
  7  0.0135 1012373.171977  x:  0.15039   3.90401   0.06763  
  8  0.0003 1012373.171977  x:  0.15039   3.90402   0.06763  

5 (And_mar) ... 1 (And_bic)
  0  0.0000 976207.277426  x:  0.09633   3.28642   0.07082  
  1 99.0000 976159.937330  x:  0.08971   3.28639   0.06862  
  2 13241.2669 976151.801737  x:  0.09024   3.28631   0.06326  
  3 3046.5146 976146.027832  x:  0.09026   3.09655   0.06238  
  4 57.8262 976146.024827  x:  0.09029   3.09315   0.06236  
  5  0.0037 976146.024826  x:  0.09029   3.09320   0.06236  

5 (And_mar) ... 2 (And_ful)
  0  0.0000 1022498.777884  x:  0.16983   2.93733   0.19520  
  1 99.0000 1020501.307428  x:  0.12775   2.93947   0.11049  
  2 36671.9752 1019581.716384  x:  0.13604   2.94069   0.06083  
  3 86493.2647 1019402.792568  x:  0.13911   3.81571   0.06884  
  4 471.3700 1019079.841067  x:  0.16139   3.53952   0.06885  
  5  0.2956 1019077.881287  x:  0.16158   3.54314   0.06681  
  6  0.0061 1019077.854025  x:  0.16159   3.53170   0.06674  
  7  0.0099 1019077.853911  x:  0.16158   3.53161   0.06674  
  8  0.0001 1019077.853910  x:  0.16158   3.53162   0.06674  
  9  0.0000 1019077.853910  x:  0.16158   3.53162   0.06674  
 10  0.0000 1019077.853910  x:  0.16158   3.53162   0.06674  
 11  0.0000 1019077.853910  x:  0.16158   3.53162   0.06674  
 12  0.0000 1019077.853910  x:  0.16158   3.53162   0.06674  
 13  0.0602 1019077.853910  x:  0.16158   3.53162   0.06674  
check convergence!


5 (And_mar) ... 3 (And_hae)
  0  0.0000 1017324.779807  x:  0.15389   3.24858   0.11388  
  1 99.0000 1016723.675419  x:  0.15152   3.24911   0.06856  
  2 21849.3788 1016714.365090  x:  0.15547   3.24919   0.06749  
  3 4822.2066 1016706.514014  x:  0.15558   3.43858   0.06891  
  4 87.7884 1016706.496317  x:  0.15556   3.43705   0.06871  
  5  0.0025 1016706.495308  x:  0.15556   3.43490   0.06871  
  6  0.0021 1016706.495307  x:  0.15556   3.43489   0.06871  

5 (And_mar) ... 4 (And_hat)
  0  0.0000 995756.459228  x:  0.10432   3.12830   0.16274  
  1 99.0000 995279.209466  x:  0.12904   3.12873   0.13455  
  2 27413.4732 994436.040025  x:  0.12671   3.12970   0.06889  
  3 42439.3092 994424.960114  x:  0.12641   3.37010   0.07128  
  4 94.5521 994346.151460  x:  0.11627   3.33022   0.07144  
  5  0.0389 994346.122368  x:  0.11627   3.32359   0.07167  
  6  0.0118 994346.119301  x:  0.11627   3.32004   0.07160  
  7  0.0038 994346.119301  x:  0.11627   3.32005   0.07160  

6 (And_tri) ... 1 (And_bic)
  0  0.0000 993357.936145  x:  0.11000   3.15265   0.08527  
  1 99.0000 993236.762722  x:  0.12011   3.15259   0.07116  
  2 13917.5744 993196.209480  x:  0.11676   3.15249   0.06190  
  3 11615.7021 993178.811976  x:  0.11693   2.88158   0.06042  
  4 118.1365 993176.592620  x:  0.11555   2.86756   0.06174  
  5  0.0166 993176.581845  x:  0.11548   2.86927   0.06163  
  6  0.0020 993176.581839  x:  0.11549   2.86916   0.06162  
  7  0.0001 993176.581838  x:  0.11549   2.86916   0.06162  

6 (And_tri) ... 2 (And_ful)
  0  0.0000 1015905.593128  x:  0.13757   2.81409   0.15952  
  1 99.0000 1014036.884090  x:  0.17886   2.81629   0.07210  
  2 34183.7381 1013766.462295  x:  0.17023   2.81686   0.05222  
  3 39884.8720 1013583.240529  x:  0.16611   3.69861   0.05876  
  4 480.9841 1013472.345784  x:  0.15252   3.53621   0.06251  
  5  0.2412 1013471.206230  x:  0.15281   3.46387   0.06250  
  6  0.0596 1013471.194413  x:  0.15280   3.46206   0.06235  
  7  0.0017 1013471.194409  x:  0.15280   3.46213   0.06235  
  8  0.0001 1013471.194409  x:  0.15280   3.46214   0.06235  
  9  0.0000 1013471.194409  x:  0.15280   3.46214   0.06235  
check convergence!


6 (And_tri) ... 3 (And_hae)
  0  0.0000 1014933.026234  x:  0.15753   3.27255   0.17726  
  1 99.0000 1013461.913457  x:  0.12152   3.27350   0.10890  
  2 33780.8710 1012648.617138  x:  0.12949   3.27412   0.06027  
  3 74127.5819 1012624.136934  x:  0.13040   3.62175   0.06299  
  4 144.5748 1012376.127346  x:  0.14834   3.36336   0.06702  
  5  0.3050 1012370.504055  x:  0.14926   3.40908   0.06391  
  6  0.0710 1012370.488304  x:  0.14942   3.40849   0.06393  
  7  0.0005 1012370.488299  x:  0.14941   3.40863   0.06393  
  8  0.0001 1012370.488299  x:  0.14941   3.40863   0.06393  
  9  0.0000 1012370.488299  x:  0.14941   3.40863   0.06393  

6 (And_tri) ... 4 (And_hat)
  0  0.0000 992569.345830  x:  0.09074   3.10690   0.14083  
  1 99.0000 991971.057575  x:  0.11595   3.10707   0.12940  
  2 47301.1010 991174.510693  x:  0.11565   3.10801   0.06557  
  3 23189.6695 991162.674967  x:  0.11553   3.36684   0.06803  
  4 99.0999 991155.457493  x:  0.11306   3.37495   0.06575  
  5  0.0085 991154.632043  x:  0.11250   3.36327   0.06703  
  6  0.0205 991154.631923  x:  0.11250   3.36286   0.06701  
  7  0.0004 991154.631923  x:  0.11250   3.36282   0.06701  
  8  0.0000 991154.631923  x:  0.11250   3.36282   0.06701  

6 (And_tri) ... 5 (And_mar)
  0  0.0000 992849.159544  x:  0.11709   2.99358   0.05253  
  1 99.0000 992753.161576  x:  0.11148   2.99342   0.06585  
  2 14166.5114 992750.086882  x:  0.11322   2.99334   0.06706  
  3 3102.6217 992737.854099  x:  0.11318   2.77305   0.06617  
  4 105.0201 992737.846881  x:  0.11311   2.76963   0.06620  
  5  0.0034 992737.846705  x:  0.11311   2.77019   0.06622  
  6  0.0005 992737.846704  x:  0.11311   2.77017   0.06622  
  7  0.0000 992737.846704  x:  0.11311   2.77017   0.06622  

7 (Bom_pas) ... 1 (And_bic)
  0  0.0000 1253223.262559  x:  1.12878   2.74829   0.16082  
  1 99.0000 1238205.355551  x:  1.11246   2.75095   0.05485  
  2 179236.9213 1238123.650395  x:  1.07598   2.80011   0.06074  
  3 2759.6244 1237137.916188  x:  1.20073   3.97901   0.05751  
  4 4356.2561 1237064.786059  x:  1.15555   4.00719   0.05643  
  5  0.0731 1237063.585628  x:  1.15046   4.02030   0.05707  
  6  0.0140 1237063.553133  x:  1.15160   4.02754   0.05705  
  7  0.0046 1237063.551916  x:  1.15150   4.02823   0.05704  
  8  0.0007 1237063.551916  x:  1.15151   4.02823   0.05704  

7 (Bom_pas) ... 2 (And_ful)
  0  0.0000 1242337.491575  x:  1.10665   3.45448   0.08320  
  1 99.0000 1240793.352599  x:  1.10551   3.45480   0.05806  
  2 105451.8661 1240712.468062  x:  1.16806   3.47773   0.05392  
  3 2500.7989 1240342.202065  x:  1.20794   4.33248   0.05503  
  4 1136.7978 1240336.937435  x:  1.22011   4.33474   0.05544  
  5  0.0154 1240336.266264  x:  1.22537   4.33859   0.05494  
  6  0.0062 1240336.262748  x:  1.22565   4.34144   0.05494  
  7  0.0021 1240336.262726  x:  1.22563   4.34151   0.05494  

7 (Bom_pas) ... 3 (And_hae)
  0  0.0000 1251747.732590  x:  1.01864   3.88648   0.18472  
  1 99.0000 1237603.948788  x:  1.00399   3.88747   0.06426  
  2 149984.7427 1237445.019499  x:  1.04990   3.88716   0.05662  
  3 6580.0225 1237407.564656  x:  1.06391   4.17236   0.05678  
  4 270.0010 1237160.276312  x:  1.14230   4.14430   0.05906  
  5  0.1465 1237150.970640  x:  1.15868   4.17510   0.05712  
  6  0.0288 1237150.845437  x:  1.16086   4.18423   0.05716  
  7  0.0081 1237150.845318  x:  1.16091   4.18429   0.05715  
  8  0.0001 1237150.845318  x:  1.16091   4.18429   0.05715  
  9  0.0000 1237150.845318  x:  1.16091   4.18429   0.05715  

7 (Bom_pas) ... 4 (And_hat)
  0  0.0000 1239631.957865  x:  1.17363   3.69098   0.08697  
  1 99.0000 1237128.025165  x:  1.17105   3.69126   0.05513  
  2 129623.2885 1237100.929849  x:  1.13581   3.70890   0.05773  
  3 1354.9912 1236986.564687  x:  1.17580   4.19351   0.05689  
  4 584.2018 1236983.782228  x:  1.17079   4.19373   0.05630  
  5  0.0075 1236983.774038  x:  1.17019   4.19437   0.05634  
  6  0.0009 1236983.774036  x:  1.17019   4.19444   0.05634  
  7  0.0001 1236983.774036  x:  1.17019   4.19444   0.05634  

7 (Bom_pas) ... 5 (And_mar)
  0  0.0000 1241329.699114  x:  1.27493   3.57940   0.08882  
  1 99.0000 1237504.276213  x:  1.27113   3.57978   0.05098  
  2 159867.8839 1237171.413995  x:  1.13390   3.60612   0.06098  
  3 4596.6454 1237083.387381  x:  1.16999   4.01085   0.06023  
  4 464.1426 1237023.656457  x:  1.14247   4.02313   0.05783  
  5  0.0430 1237022.900518  x:  1.14799   4.02429   0.05732  
  6  0.0067 1237022.900313  x:  1.14804   4.02421   0.05732  
  7  0.0001 1237022.900313  x:  1.14804   4.02419   0.05732  
  8  0.0000 1237022.900313  x:  1.14804   4.02419   0.05732  

7 (Bom_pas) ... 6 (And_tri)
  0  0.0000 1236752.596460  x:  1.07948   3.65041   0.07275  
  1 99.0000 1236253.047446  x:  1.07902   3.65052   0.05902  
  2 66583.3937 1236213.117130  x:  1.12335   3.65796   0.05637  
  3 1833.7307 1236142.138469  x:  1.14375   4.03111   0.05643  
  4 420.9274 1236141.052121  x:  1.14632   4.03067   0.05685  
  5  0.0035 1236141.027721  x:  1.14739   4.03018   0.05677  
  6  0.0010 1236141.027709  x:  1.14740   4.03034   0.05677  
  7  0.0001 1236141.027709  x:  1.14740   4.03034   0.05677  