Supplemental results for CODEML (seqf: /home/yzliu/eDNA/faststorage/yzliu/DK_proj/data/ref_genome/ref_annotation/primary_transcripts/extracted_cds_new/new_transcript_id_8_bom_apis/bootstraps/cat.out.OG_cds_8_species_same_header_fas.shuf_211OG_53.phy  treef: xxx.trees)


pairwise comparison (Goldman & Yang 1994)
seq seq        N       S       dN       dS     dN/dS   Paras.
  2   1 341380.5 114064.5   0.0616   0.5805   0.1061   0.5746   3.8648   0.1061 -807816.873
  3   1 340982.7 114462.3   0.0628   0.6023   0.1043   0.5952   3.8921   0.1043 -810850.724
  3   2 333442.1 122002.9   0.0148   0.1122   0.1317   0.1227   4.7999   0.1317 -684450.834
  4   1 341705.3 113739.7   0.0610   0.5901   0.1034   0.5795   3.8804   0.1034 -807352.653
  4   2 333192.6 122252.4   0.0137   0.1029   0.1335   0.1130   5.1346   0.1335 -679452.352
  4   3 333431.3 122013.7   0.0090   0.0650   0.1380   0.0719   4.9283   0.1380 -659059.040
  5   1 341731.6 113713.4   0.0621   0.5978   0.1039   0.5876   3.8867   0.1039 -808946.190
  5   2 333341.4 122103.6   0.0146   0.1082   0.1353   0.1192   5.0955   0.1353 -682354.771
  5   3 334291.2 121153.8   0.0095   0.0653   0.1450   0.0729   4.6371   0.1450 -659855.749
  5   4 333068.4 122376.6   0.0088   0.0627   0.1401   0.0698   5.3520   0.1401 -657237.954
  6   1 341644.3 113800.7   0.0624   0.5994   0.1041   0.5897   3.9057   0.1041 -809257.502
  6   2 333059.4 122385.6   0.0151   0.1090   0.1382   0.1209   5.2013   0.1382 -683190.614
  6   3 333638.1 121806.9   0.0099   0.0659   0.1507   0.0746   4.8632   0.1507 -660812.967
  6   4 332409.5 123035.5   0.0094   0.0630   0.1490   0.0716   5.6358   0.1490 -658367.339
  6   5 331489.7 123955.3   0.0027   0.0197   0.1392   0.0221   6.1126   0.1392 -626593.816
  7   1 341709.5 113735.5   0.0630   0.5940   0.1060   0.5868   3.9131   0.1060 -809504.548
  7   2 333065.8 122379.2   0.0156   0.1101   0.1414   0.1229   5.2331   0.1414 -684348.436
  7   3 333344.1 122100.9   0.0098   0.0675   0.1447   0.0757   5.0048   0.1447 -661198.197
  7   4 332225.0 123220.0   0.0094   0.0638   0.1468   0.0723   5.7627   0.1468 -658698.519
  7   5 332887.3 122557.7   0.0090   0.0592   0.1519   0.0675   5.4816   0.1519 -656194.396
  7   6 332286.0 123159.0   0.0095   0.0593   0.1600   0.0689   5.7485   0.1600 -657113.748
  8   1 341553.0 113892.0   0.0623   0.5991   0.1039   0.5895   3.9053   0.1039 -809220.716
  8   2 332948.1 122496.9   0.0146   0.1085   0.1347   0.1195   5.2112   0.1347 -682444.470
  8   3 333770.2 121674.8   0.0095   0.0652   0.1457   0.0731   4.7840   0.1457 -659951.911
  8   4 332370.5 123074.5   0.0090   0.0626   0.1432   0.0704   5.6128   0.1432 -657638.400
  8   5 333169.0 122276.0   0.0023   0.0187   0.1231   0.0201   5.2851   0.1231 -625106.622
  8   6 330087.6 125357.4   0.0027   0.0198   0.1384   0.0223   6.8468   0.1384 -626744.909
  8   7 332297.8 123147.2   0.0090   0.0586   0.1533   0.0672   5.7007   0.1533 -656056.121

