Supplemental results for CODEML (seqf: /home/yzliu/eDNA/faststorage/yzliu/DK_proj/data/ref_genome/ref_annotation/primary_transcripts/extracted_cds_new/new_transcript_id_7_and_pas/bootstraps/cat.out.OG_cds_7_species_same_header_fas.shuf_537OG_151.phy  treef: xxx.trees)


pairwise comparison (Goldman & Yang 1994)
seq seq        N       S       dN       dS     dN/dS   Paras.
  2   1 489269.0 193687.0   0.0102   0.1705   0.0596   0.1669   3.7779   0.0596 -1056794.591
  3   1 489246.0 193710.0   0.0097   0.1595   0.0606   0.1565   3.6358   0.0606 -1051918.905
  3   2 488009.1 194946.9   0.0098   0.1526   0.0643   0.1517   4.0268   0.0643 -1048716.785
  4   1 489364.1 193591.9   0.0073   0.1220   0.0602   0.1196   3.6061   0.0602 -1030347.677
  4   2 487417.9 195538.1   0.0095   0.1598   0.0596   0.1577   4.1013   0.0596 -1050921.891
  4   3 486615.0 196341.0   0.0091   0.1492   0.0611   0.1481   4.0501   0.0611 -1046433.573
  5   1 492090.9 190865.1   0.0054   0.0926   0.0585   0.0893   3.2181   0.0585 -1010528.323
  5   2 488669.9 194286.1   0.0101   0.1666   0.0606   0.1639   3.8247   0.0606 -1055452.045
  5   3 489115.7 193840.3   0.0097   0.1544   0.0626   0.1522   3.6229   0.0626 -1050207.516
  5   4 489186.2 193769.8   0.0072   0.1156   0.0624   0.1139   3.6002   0.0624 -1027223.955
  6   1 493648.9 189307.1   0.0069   0.1215   0.0569   0.1161   3.0555   0.0569 -1028620.160
  6   2 489639.9 193316.1   0.0093   0.1620   0.0574   0.1575   3.7053   0.0574 -1051357.525
  6   3 489520.7 193435.3   0.0090   0.1519   0.0592   0.1484   3.5836   0.0592 -1047185.635
  6   4 489916.7 193039.3   0.0068   0.1163   0.0582   0.1132   3.5184   0.0582 -1026027.629
  6   5 493731.8 189224.2   0.0068   0.1153   0.0594   0.1107   3.0248   0.0594 -1025731.162
  7   1 488087.3 194868.7   0.0654   1.1546   0.0566   1.1286   4.2095   0.0566 -1276557.968
  7   2 484941.5 198014.5   0.0666   1.2098   0.0550   1.1941   4.4542   0.0550 -1280666.459
  7   3 487090.2 195865.8   0.0656   1.1512   0.0570   1.1309   4.2943   0.0570 -1276836.611
  7   4 487001.1 195954.9   0.0651   1.1607   0.0561   1.1384   4.3214   0.0561 -1276199.691
  7   5 488562.2 194393.8   0.0653   1.1384   0.0573   1.1122   4.1800   0.0573 -1275676.160
  7   6 488473.4 194482.6   0.0650   1.1427   0.0569   1.1157   4.1747   0.0569 -1275564.255

