Supplemental results for CODEML (seqf: /home/yzliu/eDNA/faststorage/yzliu/DK_proj/data/ref_genome/ref_annotation/primary_transcripts/extracted_cds_new/new_transcript_id_8_bom_apis/bootstraps/cat.out.OG_cds_8_species_same_header_fas.shuf_211OG_448.phy  treef: xxx.trees)


pairwise comparison (Goldman & Yang 1994)
seq seq        N       S       dN       dS     dN/dS   Paras.
  2   1 167070.9  53789.1   0.0540   0.6028   0.0895   0.5630   4.2971   0.0895 -385210.206
  3   1 166797.7  54062.3   0.0544   0.6147   0.0885   0.5746   4.3232   0.0885 -386025.407
  3   2 162821.7  58038.3   0.0127   0.1099   0.1158   0.1148   5.6216   0.1158 -328128.777
  4   1 167251.0  53609.0   0.0537   0.6086   0.0882   0.5651   4.2792   0.0882 -385063.127
  4   2 163290.1  57569.9   0.0124   0.1043   0.1189   0.1090   5.5267   0.1189 -326790.050
  4   3 162686.9  58173.1   0.0079   0.0636   0.1235   0.0676   5.9169   0.1235 -316725.470
  5   1 167322.8  53537.2   0.0543   0.6129   0.0885   0.5691   4.2504   0.0885 -385519.575
  5   2 163478.9  57381.1   0.0131   0.1084   0.1204   0.1135   5.3750   0.1204 -327876.004
  5   3 163211.5  57648.5   0.0080   0.0630   0.1277   0.0671   5.4114   0.1277 -316754.948
  5   4 163625.6  57234.4   0.0081   0.0626   0.1289   0.0666   5.3741   0.1289 -316451.149
  6   1 167347.6  53512.4   0.0542   0.6125   0.0886   0.5685   4.2372   0.0886 -385492.964
  6   2 163483.3  57376.7   0.0133   0.1096   0.1211   0.1149   5.3778   0.1211 -328194.586
  6   3 163061.6  57798.4   0.0081   0.0634   0.1277   0.0677   5.5667   0.1277 -316840.439
  6   4 163493.3  57366.7   0.0083   0.0630   0.1320   0.0676   5.5122   0.1320 -316734.300
  6   5 162849.6  58010.4   0.0024   0.0194   0.1258   0.0207   6.2680   0.1258 -302016.613
  7   1 167299.8  53560.2   0.0550   0.6167   0.0892   0.5737   4.2857   0.0892 -385989.637
  7   2 163391.6  57468.4   0.0140   0.1111   0.1261   0.1178   5.4815   0.1261 -328983.075
  7   3 162703.6  58156.4   0.0086   0.0656   0.1312   0.0709   5.9609   0.1312 -317666.897
  7   4 163054.3  57805.7   0.0087   0.0649   0.1348   0.0704   5.9977   0.1348 -317404.532
  7   5 163457.6  57402.4   0.0085   0.0585   0.1450   0.0645   5.5989   0.1450 -316027.631
  7   6 163396.1  57463.9   0.0087   0.0590   0.1481   0.0654   5.6706   0.1481 -316319.014
  8   1 167283.7  53576.3   0.0543   0.6129   0.0886   0.5694   4.2423   0.0886 -385580.068
  8   2 163453.0  57407.0   0.0130   0.1096   0.1189   0.1144   5.3537   0.1189 -328048.006
  8   3 163054.5  57805.5   0.0081   0.0636   0.1272   0.0678   5.5186   0.1272 -316921.934
  8   4 163482.5  57377.5   0.0082   0.0637   0.1283   0.0678   5.4671   0.1283 -316747.570
  8   5 163167.5  57692.5   0.0023   0.0190   0.1225   0.0200   5.8333   0.1225 -301783.136
  8   6 162711.6  58148.4   0.0026   0.0207   0.1249   0.0220   6.3770   0.1249 -302501.980
  8   7 163284.5  57575.5   0.0085   0.0591   0.1436   0.0651   5.7291   0.1436 -316164.447

