Supplemental results for CODEML (seqf: /home/yzliu/eDNA/faststorage/yzliu/DK_proj/data/ref_genome/ref_annotation/primary_transcripts/extracted_cds_new/new_transcript_id_8_bom_apis/bootstraps/cat.out.OG_cds_8_species_same_header_fas.shuf_211OG_752.phy  treef: xxx.trees)


pairwise comparison (Goldman & Yang 1994)
seq seq        N       S       dN       dS     dN/dS   Paras.
  2   1 154417.8  52885.2   0.0584   0.5675   0.1029   0.5648   3.5431   0.1029 -368385.496
  3   1 154321.1  52981.9   0.0598   0.5955   0.1005   0.5902   3.5627   0.1005 -370049.305
  3   2 151440.6  55862.4   0.0164   0.1137   0.1440   0.1278   4.4250   0.1440 -313940.707
  4   1 154524.4  52778.6   0.0576   0.5787   0.0995   0.5708   3.5921   0.0995 -368021.511
  4   2 151126.6  56176.4   0.0138   0.0995   0.1383   0.1109   4.8382   0.1383 -309824.054
  4   3 151980.0  55323.0   0.0098   0.0690   0.1415   0.0767   4.1879   0.1415 -302209.874
  5   1 154460.5  52842.5   0.0584   0.5884   0.0992   0.5804   3.6320   0.0992 -368660.497
  5   2 150898.3  56404.7   0.0149   0.1070   0.1395   0.1199   5.0322   0.1395 -311670.154
  5   3 152117.1  55185.9   0.0103   0.0708   0.1454   0.0792   4.1077   0.1454 -302870.821
  5   4 150999.5  56303.5   0.0085   0.0657   0.1287   0.0720   5.1084   0.1287 -300346.474
  6   1 154442.1  52860.9   0.0585   0.5862   0.0999   0.5793   3.6312   0.0999 -368690.182
  6   2 150826.6  56476.4   0.0152   0.1070   0.1420   0.1207   5.0773   0.1420 -311854.954
  6   3 151881.9  55421.1   0.0106   0.0711   0.1486   0.0802   4.2469   0.1486 -303102.663
  6   4 150741.4  56561.6   0.0089   0.0654   0.1357   0.0729   5.3199   0.1357 -300605.043
  6   5 149991.9  57311.1   0.0026   0.0196   0.1326   0.0219   6.0835   0.1326 -285902.413
  7   1 154458.8  52844.2   0.0594   0.5833   0.1018   0.5788   3.6188   0.1018 -369050.913
  7   2 150887.6  56415.4   0.0160   0.1095   0.1463   0.1244   5.0199   0.1463 -312855.133
  7   3 151753.4  55549.6   0.0110   0.0723   0.1520   0.0823   4.3276   0.1520 -303696.005
  7   4 150794.8  56508.2   0.0094   0.0667   0.1410   0.0751   5.2648   0.1410 -301303.773
  7   5 150919.6  56383.4   0.0091   0.0616   0.1474   0.0700   5.1640   0.1474 -300148.682
  7   6 150705.3  56597.7   0.0094   0.0611   0.1532   0.0704   5.3385   0.1532 -300292.313
  8   1 154412.8  52890.2   0.0586   0.5897   0.0994   0.5823   3.6477   0.0994 -368831.067
  8   2 150695.0  56608.0   0.0149   0.1062   0.1406   0.1195   5.1905   0.1406 -311573.925
  8   3 151935.6  55367.4   0.0104   0.0698   0.1486   0.0787   4.2122   0.1486 -302783.347
  8   4 150699.3  56603.7   0.0087   0.0651   0.1338   0.0723   5.3584   0.1338 -300479.181
  8   5 150368.0  56935.0   0.0025   0.0181   0.1366   0.0203   5.6866   0.1366 -285430.398
  8   6 149553.0  57750.0   0.0026   0.0196   0.1331   0.0221   6.5786   0.1331 -285938.617
  8   7 150622.1  56680.9   0.0092   0.0599   0.1534   0.0692   5.4153   0.1534 -299996.420

