Supplemental results for CODEML (seqf: /home/yzliu/eDNA/faststorage/yzliu/DK_proj/data/ref_genome/ref_annotation/primary_transcripts/extracted_cds_new/new_transcript_id_8_bom_apis/bootstraps/cat.out.OG_cds_8_species_same_header_fas.shuf_211OG_338.phy  treef: xxx.trees)


pairwise comparison (Goldman & Yang 1994)
seq seq        N       S       dN       dS     dN/dS   Paras.
  2   1 172342.4  57436.6   0.0547   0.5864   0.0932   0.5627   4.2563   0.0932 -402069.178
  3   1 171980.9  57798.1   0.0556   0.6047   0.0919   0.5811   4.2977   0.0919 -403482.878
  3   2 168070.0  61709.0   0.0149   0.1132   0.1319   0.1239   5.0948   0.1319 -345172.599
  4   1 172405.4  57373.6   0.0541   0.5969   0.0907   0.5689   4.2928   0.0907 -401937.114
  4   2 168424.9  61354.1   0.0134   0.1042   0.1286   0.1129   5.1100   0.1286 -342359.211
  4   3 167976.7  61802.3   0.0085   0.0647   0.1321   0.0709   5.2524   0.1321 -331744.406
  5   1 172308.6  57470.4   0.0553   0.6043   0.0914   0.5778   4.3074   0.0914 -402826.572
  5   2 168318.2  61460.8   0.0149   0.1094   0.1364   0.1206   5.1427   0.1364 -344312.463
  5   3 168193.0  61586.0   0.0096   0.0647   0.1487   0.0732   5.0242   0.1487 -332613.412
  5   4 168157.2  61621.8   0.0084   0.0635   0.1316   0.0695   5.3647   0.1316 -331068.351
  6   1 172347.6  57431.4   0.0554   0.6053   0.0916   0.5786   4.2921   0.0916 -402976.921
  6   2 168445.9  61333.1   0.0153   0.1100   0.1393   0.1218   5.0527   0.1393 -344738.501
  6   3 168197.1  61581.9   0.0099   0.0649   0.1531   0.0740   5.0337   0.1531 -332916.747
  6   4 168169.2  61609.8   0.0089   0.0636   0.1405   0.0708   5.3686   0.1405 -331590.864
  6   5 167414.3  62364.7   0.0029   0.0190   0.1516   0.0217   6.0207   0.1516 -315894.750
  7   1 172503.3  57275.7   0.0572   0.6041   0.0948   0.5806   4.3052   0.0948 -403761.881
  7   2 168342.2  61436.8   0.0167   0.1140   0.1462   0.1281   5.2662   0.1462 -346270.167
  7   3 167924.1  61854.9   0.0107   0.0688   0.1551   0.0790   5.3861   0.1551 -334226.077
  7   4 167945.3  61833.7   0.0099   0.0674   0.1465   0.0761   5.7189   0.1465 -333049.826
  7   5 168087.1  61691.9   0.0100   0.0609   0.1644   0.0710   5.5216   0.1644 -331935.613
  7   6 168183.0  61596.0   0.0104   0.0611   0.1702   0.0720   5.4500   0.1702 -332327.316
  8   1 172268.1  57510.9   0.0553   0.6076   0.0910   0.5805   4.3042   0.0910 -403000.045
  8   2 168282.1  61496.9   0.0148   0.1104   0.1341   0.1211   5.1380   0.1341 -344422.613
  8   3 168179.7  61599.3   0.0096   0.0647   0.1480   0.0731   5.0027   0.1480 -332620.311
  8   4 168127.0  61652.0   0.0085   0.0640   0.1323   0.0701   5.3540   0.1323 -331307.776
  8   5 167047.5  62731.5   0.0024   0.0185   0.1284   0.0203   6.3498   0.1284 -315235.315
  8   6 166993.2  62785.8   0.0028   0.0199   0.1397   0.0224   6.4303   0.1397 -316077.694
  8   7 168066.3  61712.7   0.0099   0.0610   0.1625   0.0709   5.5014   0.1625 -331945.226

