Supplemental results for CODEML (seqf: /home/yzliu/eDNA/faststorage/yzliu/DK_proj/data/ref_genome/ref_annotation/primary_transcripts/extracted_cds_new/new_transcript_id_8_bom_apis/bootstraps/cat.out.OG_cds_8_species_same_header_fas.shuf_211OG_349.phy  treef: xxx.trees)


pairwise comparison (Goldman & Yang 1994)
seq seq        N       S       dN       dS     dN/dS   Paras.
  2   1 161655.5  51947.5   0.0499   0.5587   0.0893   0.5208   4.0094   0.0893 -369846.475
  3   1 161390.9  52212.1   0.0506   0.5729   0.0882   0.5347   4.0423   0.0882 -370881.756
  3   2 157142.9  56460.1   0.0127   0.1134   0.1123   0.1180   5.4203   0.1123 -318341.258
  4   1 161759.7  51843.3   0.0492   0.5637   0.0873   0.5222   4.0541   0.0873 -369378.155
  4   2 157112.8  56490.2   0.0118   0.1043   0.1129   0.1087   5.8282   0.1129 -316034.027
  4   3 157246.7  56356.3   0.0079   0.0657   0.1210   0.0696   5.4683   0.1210 -307301.047
  5   1 161852.9  51750.1   0.0505   0.5704   0.0886   0.5294   4.0276   0.0886 -370255.075
  5   2 157457.5  56145.5   0.0136   0.1105   0.1235   0.1173   5.5246   0.1235 -318295.364
  5   3 157826.2  55776.8   0.0088   0.0667   0.1324   0.0718   4.9830   0.1324 -308116.671
  5   4 157453.6  56149.4   0.0082   0.0627   0.1308   0.0676   5.6919   0.1308 -306640.068
  6   1 161856.3  51746.7   0.0507   0.5699   0.0890   0.5295   4.0232   0.0890 -370376.863
  6   2 157527.2  56075.8   0.0140   0.1115   0.1259   0.1188   5.4524   0.1259 -318719.723
  6   3 157729.1  55873.9   0.0093   0.0669   0.1392   0.0731   5.0662   0.1392 -308517.775
  6   4 157314.9  56288.1   0.0088   0.0626   0.1398   0.0689   5.8400   0.1398 -307058.826
  6   5 157524.9  56078.1   0.0030   0.0203   0.1461   0.0225   5.6744   0.1461 -293248.122
  7   1 161756.3  51846.7   0.0517   0.5723   0.0904   0.5343   4.0846   0.0904 -370941.065
  7   2 157265.4  56337.6   0.0145   0.1123   0.1295   0.1209   5.7041   0.1295 -319212.602
  7   3 157521.9  56081.1   0.0098   0.0683   0.1429   0.0754   5.2399   0.1429 -309213.830
  7   4 157163.0  56440.0   0.0095   0.0638   0.1484   0.0714   5.9914   0.1484 -307861.784
  7   5 157704.1  55898.9   0.0097   0.0598   0.1629   0.0685   5.4720   0.1629 -307400.639
  7   6 157588.2  56014.8   0.0102   0.0596   0.1717   0.0696   5.5880   0.1717 -307766.677
  8   1 161796.6  51806.4   0.0506   0.5696   0.0888   0.5295   4.0322   0.0888 -370326.249
  8   2 157423.9  56179.1   0.0137   0.1107   0.1233   0.1175   5.5109   0.1233 -318372.306
  8   3 157836.2  55766.8   0.0089   0.0659   0.1350   0.0714   4.9351   0.1350 -308097.252
  8   4 157334.2  56268.8   0.0084   0.0623   0.1354   0.0679   5.7687   0.1354 -306802.516
  8   5 157749.1  55853.9   0.0027   0.0188   0.1436   0.0207   5.3984   0.1436 -292670.375
  8   6 157202.9  56400.1   0.0030   0.0201   0.1486   0.0225   5.9766   0.1486 -293267.711
  8   7 157516.8  56086.2   0.0097   0.0590   0.1645   0.0679   5.6147   0.1645 -307277.129

