Supplemental results for CODEML (seqf: /home/yzliu/eDNA/faststorage/yzliu/DK_proj/data/ref_genome/ref_annotation/primary_transcripts/extracted_cds_new/new_transcript_id_8_bom_apis/bootstraps/cat.out.OG_cds_8_species_same_header_fas.shuf_211OG_918.phy  treef: xxx.trees)


pairwise comparison (Goldman & Yang 1994)
seq seq        N       S       dN       dS     dN/dS   Paras.
  2   1 169803.7  58127.3   0.0558   0.5694   0.0980   0.5604   3.7541   0.0980 -402702.401
  3   1 169748.5  58182.5   0.0558   0.5872   0.0950   0.5744   3.7438   0.0950 -403421.700
  3   2 166446.3  61484.7   0.0158   0.1115   0.1417   0.1248   4.7981   0.1417 -343949.591
  4   1 170041.9  57889.1   0.0542   0.5804   0.0933   0.5635   3.7643   0.0933 -401867.568
  4   2 166443.0  61488.0   0.0138   0.1039   0.1332   0.1144   5.0457   0.1332 -340965.912
  4   3 166648.8  61282.2   0.0087   0.0641   0.1363   0.0708   4.8263   0.1363 -330042.490
  5   1 170067.1  57863.9   0.0552   0.5809   0.0949   0.5658   3.7666   0.0949 -402366.139
  5   2 166332.7  61598.3   0.0154   0.1083   0.1424   0.1215   5.1599   0.1424 -342763.846
  5   3 167035.2  60895.8   0.0101   0.0647   0.1554   0.0739   4.5714   0.1554 -331220.591
  5   4 166578.2  61352.8   0.0086   0.0633   0.1361   0.0700   5.1632   0.1361 -329434.984
  6   1 170021.5  57909.5   0.0551   0.5819   0.0946   0.5668   3.7949   0.0946 -402301.218
  6   2 166197.8  61733.2   0.0155   0.1082   0.1430   0.1218   5.2775   0.1430 -342774.438
  6   3 166756.6  61174.4   0.0102   0.0643   0.1585   0.0741   4.7729   0.1585 -331252.433
  6   4 166178.7  61752.3   0.0090   0.0624   0.1449   0.0704   5.5158   0.1449 -329630.962
  6   5 165014.1  62916.9   0.0027   0.0186   0.1439   0.0212   6.7994   0.1439 -313699.536
  7   1 170103.7  57827.3   0.0556   0.5846   0.0950   0.5693   3.7573   0.0950 -402758.447
  7   2 166345.4  61585.6   0.0158   0.1117   0.1419   0.1252   5.1643   0.1419 -343629.626
  7   3 166561.5  61369.5   0.0098   0.0673   0.1456   0.0758   4.9288   0.1456 -331444.187
  7   4 165967.0  61964.0   0.0089   0.0655   0.1364   0.0729   5.7260   0.1364 -330092.018
  7   5 166418.8  61512.2   0.0093   0.0597   0.1555   0.0687   5.3406   0.1555 -329296.176
  7   6 165975.3  61955.7   0.0095   0.0595   0.1601   0.0693   5.7545   0.1601 -329431.029
  8   1 170000.5  57930.5   0.0554   0.5822   0.0952   0.5680   3.7885   0.0952 -402559.372
  8   2 166146.9  61784.1   0.0154   0.1083   0.1422   0.1217   5.2938   0.1422 -342780.064
  8   3 166869.4  61061.6   0.0100   0.0637   0.1570   0.0732   4.6696   0.1570 -331057.951
  8   4 166215.6  61715.4   0.0088   0.0627   0.1409   0.0703   5.4531   0.1409 -329570.405
  8   5 166158.7  61772.3   0.0026   0.0187   0.1390   0.0209   5.5333   0.1390 -313674.522
  8   6 164277.4  63653.6   0.0027   0.0186   0.1480   0.0215   7.7914   0.1480 -313808.541
  8   7 166108.6  61822.4   0.0093   0.0593   0.1566   0.0686   5.5961   0.1566 -329269.877

