

2 (Bom_con) ... 1 (Apis_mel)
  0  0.0000 412878.656675  x:  0.54722   1.37275   0.39004  
  1 99.0000 405535.327386  x:  0.43422   1.43389   0.09911  
  2 27485.1905 405344.448412  x:  0.45761   1.44568   0.07855  
  3 12343.4862 402958.120143  x:  0.55909   3.05297   0.11901  
  4 4713.8510 402780.766746  x:  0.52251   3.31219   0.10431  
  5  0.2207 402717.308966  x:  0.55774   3.51266   0.09383  
  6  0.1157 402705.754655  x:  0.56335   3.64474   0.09869  
  7  0.0733 402702.408658  x:  0.56037   3.75610   0.09788  
  8  0.0732 402702.401239  x:  0.56039   3.75407   0.09802  
  9  0.0019 402702.401223  x:  0.56036   3.75408   0.09802  
 10  0.0000 402702.401223  x:  0.56036   3.75408   0.09802  

3 (Bom_hor) ... 1 (Apis_mel)
  0  0.0000 404256.265011  x:  0.50588   3.18234   0.15778  
  1 99.0000 403593.982516  x:  0.51103   3.18347   0.09891  
  2 18169.3684 403487.833822  x:  0.56574   3.18637   0.09141  
  3 4245.9640 403421.859410  x:  0.57248   3.74684   0.09485  
  4 256.9368 403421.726411  x:  0.57356   3.74383   0.09526  
  5  0.0050 403421.699735  x:  0.57436   3.74376   0.09502  
  6  0.0009 403421.699733  x:  0.57436   3.74384   0.09502  

3 (Bom_hor) ... 2 (Bom_con)
  0  0.0000 344086.813318  x:  0.12226   3.38147   0.10595  
  1 99.0000 344052.262685  x:  0.13000   3.38203   0.12161  
  2 4117.9948 344038.940438  x:  0.12413   3.38276   0.13172  
  3 3285.3107 343950.016561  x:  0.12381   4.79938   0.13994  
  4 154.7974 343949.604586  x:  0.12491   4.80011   0.14122  
  5  0.0016 343949.591486  x:  0.12480   4.79923   0.14171  
  6  0.0008 343949.591444  x:  0.12480   4.79808   0.14171  
  7  0.0006 343949.591444  x:  0.12480   4.79806   0.14171  
  8  0.0000 343949.591444  x:  0.12480   4.79806   0.14171  

4 (Bom_hyp) ... 1 (Apis_mel)
  0  0.0000 404495.213434  x:  0.53140   3.96962   0.24362  
  1 99.0000 401987.460319  x:  0.50847   3.97033   0.10113  
  2 23844.0302 401906.617404  x:  0.54611   3.96933   0.08824  
  3 4160.7186 401902.743171  x:  0.54365   3.81019   0.08764  
  4 43.8614 401867.949014  x:  0.56056   3.74587   0.09413  
  5  0.2081 401867.573316  x:  0.56341   3.76884   0.09339  
  6  0.0211 401867.568479  x:  0.56347   3.76427   0.09332  
  7  0.0048 401867.568475  x:  0.56346   3.76427   0.09332  
  8  0.0000 401867.568475  x:  0.56346   3.76427   0.09332  

4 (Bom_hyp) ... 2 (Bom_con)
  0  0.0000 341200.575039  x:  0.11464   3.26813   0.17789  
  1 99.0000 341132.042972  x:  0.10497   3.27031   0.14331  
  2 3597.1284 341092.868822  x:  0.11185   3.27200   0.11975  
  3 10995.4209 340966.986844  x:  0.11307   5.02309   0.13681  
  4 183.7818 340965.916343  x:  0.11445   5.03167   0.13311  
  5  0.0087 340965.911580  x:  0.11445   5.04569   0.13316  
  6  0.0067 340965.911576  x:  0.11445   5.04566   0.13317  
  7  0.0000 340965.911576  x:  0.11445   5.04566   0.13317  
  8  0.0000 340965.911576  x:  0.11445   5.04566   0.13317  
check convergence!


4 (Bom_hyp) ... 3 (Bom_hor)
  0  0.0000 330192.726821  x:  0.05616   4.05412   0.15997  
  1 99.0000 330072.600625  x:  0.07070   4.05416   0.15908  
  2 17949.4046 330054.999952  x:  0.07085   4.05515   0.13227  
  3 1216.0112 330042.548297  x:  0.07079   4.82432   0.13775  
  4 35.9693 330042.489620  x:  0.07082   4.82534   0.13628  
  5  0.0021 330042.489556  x:  0.07083   4.82630   0.13628  
  6  0.0008 330042.489556  x:  0.07083   4.82632   0.13628  

5 (Bom_mus) ... 1 (Apis_mel)
  0  0.0000 402463.954288  x:  0.52261   4.12830   0.10365  
  1 99.0000 402416.950813  x:  0.54642   4.12723   0.09207  
  2 3449.2075 402386.564141  x:  0.56844   4.12608   0.09655  
  3 7438.5257 402366.371990  x:  0.56426   3.76602   0.09582  
  4 107.0711 402366.139397  x:  0.56582   3.76700   0.09495  
  5  0.0019 402366.139366  x:  0.56582   3.76661   0.09495  
  6  0.0004 402366.139366  x:  0.56582   3.76662   0.09495  

5 (Bom_mus) ... 2 (Bom_con)
  0  0.0000 342922.428609  x:  0.11402   3.29477   0.12645  
  1 99.0000 342905.582397  x:  0.12170   3.29511   0.12769  
  2 4430.0451 342904.239772  x:  0.12138   3.29741   0.13292  
  3 486.4001 342764.102277  x:  0.12136   5.15592   0.14489  
  4 235.7598 342763.846834  x:  0.12156   5.15449   0.14248  
  5  0.0023 342763.845908  x:  0.12153   5.15797   0.14240  
  6  0.0025 342763.845774  x:  0.12154   5.15987   0.14244  
  7  0.0012 342763.845773  x:  0.12154   5.15990   0.14244  
  8  0.0000 342763.845773  x:  0.12154   5.15990   0.14243  
  9  0.0000 342763.845773  x:  0.12154   5.15990   0.14244  

5 (Bom_mus) ... 3 (Bom_hor)
  0  0.0000 331276.996543  x:  0.07666   4.30755   0.11223  
  1 99.0000 331258.933330  x:  0.07103   4.30755   0.12072  
  2 3464.6273 331223.139067  x:  0.07522   4.30755   0.15029  
  3 5878.0600 331221.638078  x:  0.07521   4.56884   0.15152  
  4 11.8366 331220.608482  x:  0.07386   4.57072   0.15464  
  5  0.0033 331220.591492  x:  0.07394   4.57134   0.15541  
  6  0.0007 331220.591486  x:  0.07394   4.57143   0.15541  
  7  0.0001 331220.591486  x:  0.07394   4.57143   0.15541  
  8  0.0000 331220.591486  x:  0.07394   4.57143   0.15541  

5 (Bom_mus) ... 4 (Bom_hyp)
  0  0.0000 329513.819632  x:  0.06173   3.75001   0.12744  
  1 99.0000 329476.404590  x:  0.07009   3.75007   0.12761  
  2 9360.3084 329476.238160  x:  0.07006   3.75233   0.13005  
  3 103.5001 329435.014377  x:  0.06993   5.16242   0.13716  
  4 132.6081 329434.984365  x:  0.06997   5.16163   0.13611  
  5  0.0012 329434.984328  x:  0.06997   5.16303   0.13610  
  6  0.0009 329434.984327  x:  0.06997   5.16317   0.13611  
  7  0.0001 329434.984327  x:  0.06997   5.16322   0.13611  

6 (Bom_pas) ... 1 (Apis_mel)
  0  0.0000 404535.638988  x:  0.48921   4.30828   0.23198  
  1 99.0000 402543.077771  x:  0.49622   4.30804   0.10355  
  2 21636.7467 402357.937811  x:  0.56559   4.30560   0.08931  
  3 5876.7340 402327.297915  x:  0.55961   3.84414   0.08725  
  4 124.0069 402301.354783  x:  0.56554   3.76917   0.09462  
  5  0.2836 402301.220463  x:  0.56655   3.79597   0.09466  
  6  0.0328 402301.218363  x:  0.56678   3.79485   0.09462  
  7  0.0010 402301.218356  x:  0.56678   3.79489   0.09462  

6 (Bom_pas) ... 2 (Bom_con)
  0  0.0000 343058.488948  x:  0.12610   3.42800   0.19883  
  1 99.0000 343011.107044  x:  0.11409   3.42880   0.18506  
  2 5007.3752 342904.861258  x:  0.11883   3.43212   0.13205  
  3 6673.4413 342778.051447  x:  0.11960   5.21195   0.15060  
  4 180.7522 342774.502263  x:  0.12148   5.23991   0.14249  
  5  0.0334 342774.446049  x:  0.12185   5.26076   0.14298  
  6  0.0184 342774.438126  x:  0.12179   5.27726   0.14293  
  7  0.0096 342774.438053  x:  0.12179   5.27745   0.14297  
  8  0.0002 342774.438053  x:  0.12179   5.27745   0.14297  

6 (Bom_pas) ... 3 (Bom_hor)
  0  0.0000 331271.408352  x:  0.07529   4.31044   0.18176  
  1 99.0000 331269.197281  x:  0.07317   4.31049   0.18018  
  2 1645.8562 331256.962906  x:  0.07400   4.31121   0.15574  
  3 1387.6160 331252.448700  x:  0.07399   4.77247   0.15916  
  4 20.8011 331252.433445  x:  0.07410   4.77269   0.15847  
  5  0.0008 331252.433368  x:  0.07411   4.77285   0.15850  
  6  0.0002 331252.433368  x:  0.07411   4.77291   0.15850  

6 (Bom_pas) ... 4 (Bom_hyp)
  0  0.0000 329717.099101  x:  0.06253   3.94501   0.15639  
  1 99.0000 329684.082014  x:  0.07041   3.94508   0.15565  
  2 8702.3049 329675.519146  x:  0.07051   3.94668   0.13744  
  3 870.2924 329631.342107  x:  0.07037   5.51378   0.14887  
  4 69.7809 329630.962241  x:  0.07044   5.51117   0.14489  
  5  0.0049 329630.961956  x:  0.07045   5.51523   0.14485  
  6  0.0025 329630.961942  x:  0.07045   5.51580   0.14487  
  7  0.0005 329630.961942  x:  0.07045   5.51579   0.14487  

6 (Bom_pas) ... 5 (Bom_mus)
  0  0.0000 313735.433656  x:  0.02036   4.63317   0.18952  
  1 99.0000 313733.988648  x:  0.02127   4.63317   0.18935  
  2 3181.8483 313715.652402  x:  0.02131   4.63527   0.13565  
  3 611.5228 313699.889414  x:  0.02123   6.71949   0.15048  
  4 18.8614 313699.540734  x:  0.02124   6.75225   0.14376  
  5  0.0427 313699.535856  x:  0.02123   6.79942   0.14383  
  6  0.0240 313699.535825  x:  0.02124   6.79936   0.14389  
  7  0.0001 313699.535825  x:  0.02124   6.79935   0.14389  

7 (Bom_syl) ... 1 (Apis_mel)
  0  0.0000 404634.101395  x:  0.47008   5.29387   0.20236  
  1 99.0000 403313.744183  x:  0.49712   5.29235   0.10416  
  2 19345.7926 403036.526978  x:  0.59033   5.28717   0.09738  
  3 7299.2896 402761.353561  x:  0.57742   3.78959   0.09256  
  4 305.0152 402759.207996  x:  0.57388   3.75728   0.09518  
  5  0.0826 402758.449121  x:  0.56928   3.75411   0.09504  
  6  0.0058 402758.447377  x:  0.56930   3.75727   0.09505  
  7  0.0053 402758.447341  x:  0.56931   3.75729   0.09504  

7 (Bom_syl) ... 2 (Bom_con)
  0  0.0000 343937.433180  x:  0.10401   3.46226   0.10391  
  1 99.0000 343770.755418  x:  0.12760   3.46251   0.11135  
  2 14541.8410 343743.451294  x:  0.12505   3.46374   0.13293  
  3 2815.7304 343629.686842  x:  0.12483   5.16283   0.14273  
  4 170.0816 343629.626327  x:  0.12523   5.16249   0.14198  
  5  0.0007 343629.625682  x:  0.12520   5.16363   0.14190  
  6  0.0008 343629.625671  x:  0.12520   5.16427   0.14190  
  7  0.0003 343629.625671  x:  0.12520   5.16427   0.14190  
  8  0.0000 343629.625671  x:  0.12520   5.16427   0.14190  
  9  0.1108 343629.625671  x:  0.12520   5.16427   0.14190  
check convergence!


7 (Bom_syl) ... 3 (Bom_hor)
  0  0.0000 331594.268914  x:  0.07078   4.37670   0.23134  
  1 99.0000 331578.507535  x:  0.07658   4.37676   0.22790  
  2 4810.1139 331450.501316  x:  0.07649   4.37836   0.14310  
  3 3310.4739 331444.540956  x:  0.07643   4.91570   0.14803  
  4 23.7122 331444.218274  x:  0.07603   4.92843   0.14509  
  5  0.0189 331444.186964  x:  0.07579   4.92864   0.14565  
  6  0.0007 331444.186962  x:  0.07579   4.92880   0.14564  
  7  0.0001 331444.186962  x:  0.07579   4.92884   0.14564  
  8  0.0000 331444.186962  x:  0.07579   4.92878   0.14564  

7 (Bom_syl) ... 4 (Bom_hyp)
  0  0.0000 330164.834036  x:  0.06647   4.01060   0.13529  
  1 99.0000 330144.013344  x:  0.07292   4.01067   0.13500  
  2 6670.3094 330142.740972  x:  0.07297   4.01198   0.12868  
  3 375.7082 330092.266821  x:  0.07282   5.73442   0.13949  
  4 76.1883 330092.018109  x:  0.07290   5.72525   0.13644  
  5  0.0089 330092.018098  x:  0.07290   5.72569   0.13643  
  6  0.0004 330092.018097  x:  0.07290   5.72597   0.13643  
  7  0.0002 330092.018097  x:  0.07290   5.72597   0.13643  
check convergence!


7 (Bom_syl) ... 5 (Bom_mus)
  0  0.0000 329326.301163  x:  0.06315   4.50406   0.14273  
  1 99.0000 329308.936002  x:  0.06886   4.50408   0.14316  
  2 6252.2497 329307.400005  x:  0.06875   4.50466   0.15127  
  3 389.7206 329296.177589  x:  0.06870   5.34222   0.15575  
  4 29.8790 329296.175759  x:  0.06871   5.34063   0.15546  
  5  0.0014 329296.175759  x:  0.06871   5.34059   0.15546  

7 (Bom_syl) ... 6 (Bom_pas)
  0  0.0000 329531.721341  x:  0.07261   4.27134   0.21251  
  1 99.0000 329521.302093  x:  0.06807   4.27143   0.21035  
  2 4048.7972 329465.148380  x:  0.06901   4.27383   0.15249  
  3 2037.0498 329431.603448  x:  0.06899   5.71760   0.16512  
  4 55.0586 329431.034174  x:  0.06923   5.73594   0.15997  
  5  0.0249 329431.029127  x:  0.06930   5.75006   0.16008  
  6  0.0111 329431.028740  x:  0.06928   5.75447   0.16009  

8 (Bom_vet) ... 1 (Apis_mel)
  0  0.0000 403236.304626  x:  0.45594   4.63409   0.12265  
  1 99.0000 402838.305817  x:  0.51804   4.63227   0.08922  
  2 10635.9007 402669.632417  x:  0.56266   4.63057   0.10254  
  3 15123.1731 402568.782335  x:  0.55609   3.78114   0.10059  
  4 212.9069 402559.378914  x:  0.56767   3.79138   0.09520  
  5  0.0136 402559.372619  x:  0.56792   3.78757   0.09522  
  6  0.0041 402559.372372  x:  0.56799   3.78851   0.09522  
  7  0.0011 402559.372372  x:  0.56799   3.78851   0.09522  

8 (Bom_vet) ... 2 (Bom_con)
  0  0.0000 343102.680433  x:  0.12797   3.36411   0.20162  
  1 99.0000 343047.969349  x:  0.11516   3.36482   0.18983  
  2 5848.8334 342922.856704  x:  0.11947   3.36858   0.13122  
  3 5941.9912 342784.296012  x:  0.12018   5.20102   0.15129  
  4 193.4359 342780.159631  x:  0.12145   5.23814   0.14189  
  5  0.0470 342780.077440  x:  0.12189   5.27542   0.14208  
  6  0.0264 342780.064229  x:  0.12174   5.29364   0.14217  
  7  0.0120 342780.064219  x:  0.12175   5.29381   0.14218  
  8  0.0002 342780.064219  x:  0.12175   5.29383   0.14218  

8 (Bom_vet) ... 3 (Bom_hor)
  0  0.0000 331211.701935  x:  0.06599   4.27585   0.24816  
  1 99.0000 331185.352000  x:  0.07319   4.27589   0.24586  
  2 7228.7312 331061.309063  x:  0.07340   4.27757   0.15461  
  3 2447.9115 331058.025597  x:  0.07338   4.66470   0.15858  
  4 17.9490 331057.954073  x:  0.07329   4.67002   0.15690  
  5  0.0094 331057.950591  x:  0.07321   4.66963   0.15699  

8 (Bom_vet) ... 4 (Bom_hyp)
  0  0.0000 329842.666750  x:  0.07056   4.03008   0.25869  
  1 99.0000 329815.972680  x:  0.06408   4.03056   0.24402  
  2 3122.8492 329613.851168  x:  0.06650   4.03422   0.13324  
  3 15746.7545 329577.391733  x:  0.06689   5.42018   0.14854  
  4 62.2498 329570.927257  x:  0.06955   5.46345   0.13780  
  5  0.0558 329570.407375  x:  0.07022   5.45178   0.14107  
  6  0.0177 329570.405110  x:  0.07027   5.45284   0.14086  
  7  0.0011 329570.405109  x:  0.07027   5.45303   0.14086  
  8  0.0001 329570.405109  x:  0.07027   5.45307   0.14086  

8 (Bom_vet) ... 5 (Bom_mus)
  0  0.0000 313755.515027  x:  0.01898   4.39245   0.25435  
  1 99.0000 313749.217813  x:  0.02084   4.39246   0.25412  
  2 7023.0676 313680.765403  x:  0.02093   4.39545   0.13387  
  3 879.6697 313674.836120  x:  0.02090   5.46322   0.14491  
  4 12.5909 313674.524972  x:  0.02090   5.50679   0.13905  
  5  0.0904 313674.522073  x:  0.02089   5.53069   0.13887  
  6  0.0183 313674.521966  x:  0.02089   5.53323   0.13898  
  7  0.0023 313674.521966  x:  0.02089   5.53330   0.13898  
  8  0.0001 313674.521966  x:  0.02089   5.53330   0.13898  
check convergence!


8 (Bom_vet) ... 6 (Bom_pas)
  0  0.0000 313886.886610  x:  0.01687   4.58312   0.16230  
  1 99.0000 313843.124186  x:  0.02158   4.58313   0.16222  
  2 20289.0401 313838.253837  x:  0.02161   4.58518   0.13665  
  3 350.7548 313809.039022  x:  0.02150   7.67729   0.15597  
  4 25.9398 313808.551983  x:  0.02151   7.70807   0.14780  
  5  0.0314 313808.541248  x:  0.02151   7.78984   0.14781  
  6  0.0326 313808.541061  x:  0.02151   7.79137   0.14797  
  7  0.0016 313808.541061  x:  0.02151   7.79137   0.14797  

8 (Bom_vet) ... 7 (Bom_syl)
  0  0.0000 329296.249322  x:  0.07118   6.16788   0.19196  
  1 99.0000 329290.877398  x:  0.06808   6.16787   0.19080  
  2 3036.0670 329273.278676  x:  0.06863   6.16766   0.15891  
  3 1145.3368 329269.923011  x:  0.06863   5.65728   0.15662  
  4 11.2324 329269.876818  x:  0.06857   5.59634   0.15661  
  5  0.0731 329269.876731  x:  0.06856   5.59602   0.15656  
  6  0.0004 329269.876730  x:  0.06856   5.59609   0.15656  
  7  0.0001 329269.876730  x:  0.06856   5.59609   0.15656  
check convergence!
