Supplemental results for CODEML (seqf: /home/yzliu/eDNA/faststorage/yzliu/DK_proj/data/ref_genome/ref_annotation/primary_transcripts/extracted_cds_new/new_transcript_id_8_bom_apis/bootstraps/cat.out.OG_cds_8_species_same_header_fas.shuf_211OG_492.phy  treef: xxx.trees)


pairwise comparison (Goldman & Yang 1994)
seq seq        N       S       dN       dS     dN/dS   Paras.
  2   1 177130.3  58078.7   0.0478   0.5607   0.0852   0.5233   4.0665   0.0852 -407370.338
  3   1 176771.0  58438.0   0.0477   0.5792   0.0824   0.5393   4.1223   0.0824 -408168.529
  3   2 172790.1  62418.9   0.0125   0.1112   0.1121   0.1160   5.2197   0.1121 -350846.747
  4   1 177215.3  57993.7   0.0467   0.5704   0.0819   0.5275   4.1180   0.0819 -406762.998
  4   2 173101.5  62107.5   0.0115   0.1033   0.1110   0.1072   5.3039   0.1110 -348444.025
  4   3 172756.7  62452.3   0.0073   0.0645   0.1127   0.0673   5.3775   0.1127 -338227.992
  5   1 177228.2  57980.8   0.0475   0.5749   0.0826   0.5325   4.1083   0.0826 -407392.249
  5   2 173046.7  62162.3   0.0126   0.1088   0.1156   0.1140   5.3504   0.1156 -350193.128
  5   3 172794.3  62414.7   0.0081   0.0648   0.1247   0.0694   5.3450   0.1247 -338975.497
  5   4 172825.8  62383.2   0.0073   0.0637   0.1152   0.0669   5.6933   0.1152 -337756.736
  6   1 177182.1  58026.9   0.0477   0.5739   0.0832   0.5326   4.1057   0.0832 -407582.505
  6   2 173090.3  62118.7   0.0129   0.1092   0.1180   0.1149   5.2729   0.1180 -350536.052
  6   3 172601.0  62608.0   0.0083   0.0640   0.1306   0.0695   5.4715   0.1306 -339068.627
  6   4 172558.1  62650.9   0.0078   0.0627   0.1241   0.0673   5.9063   0.1241 -338011.001
  6   5 173396.4  61812.6   0.0027   0.0199   0.1345   0.0216   5.1495   0.1345 -323257.328
  7   1 177252.0  57957.0   0.0477   0.5741   0.0830   0.5321   4.1275   0.0830 -407390.318
  7   2 172980.0  62229.0   0.0127   0.1100   0.1153   0.1152   5.4531   0.1153 -350472.073
  7   3 172583.9  62625.1   0.0077   0.0649   0.1186   0.0688   5.5739   0.1186 -338659.380
  7   4 172624.3  62584.7   0.0072   0.0639   0.1122   0.0668   5.9413   0.1122 -337662.353
  7   5 172694.3  62514.7   0.0073   0.0593   0.1235   0.0634   5.8702   0.1235 -336877.898
  7   6 172561.0  62648.0   0.0077   0.0583   0.1314   0.0634   5.9545   0.1314 -337025.287
  8   1 177180.1  58028.9   0.0476   0.5743   0.0829   0.5327   4.1138   0.0829 -407505.896
  8   2 172815.7  62393.3   0.0126   0.1084   0.1166   0.1141   5.5199   0.1166 -350205.677
  8   3 172390.5  62818.5   0.0080   0.0636   0.1250   0.0685   5.6694   0.1250 -338669.322
  8   4 172368.7  62840.3   0.0073   0.0628   0.1164   0.0664   6.1093   0.1164 -337617.098
  8   5 173045.4  62163.6   0.0022   0.0186   0.1159   0.0195   5.4558   0.1159 -322313.523
  8   6 172514.5  62694.5   0.0027   0.0198   0.1339   0.0217   5.9091   0.1339 -323236.486
  8   7 172303.3  62905.7   0.0073   0.0576   0.1265   0.0622   6.2343   0.1265 -336557.746

