

2 (And_ful) ... 1 (And_bic)
  0  0.0000 1007364.052437  x:  0.12872   1.35733   0.41798  
  1 99.0000 1005732.156297  x:  0.18510   1.36880   0.36253  
  2 47120.2009 993483.399691  x:  0.19834   1.43083   0.04238  
  3 75890.4809 992932.379176  x:  0.19490   1.81440   0.07582  
  4 3642.4448 991139.515414  x:  0.18160   2.73165   0.04052  
  5  2.0625 990745.273521  x:  0.16133   3.04315   0.05858  
  6  0.3097 990693.824521  x:  0.15671   3.28999   0.05367  
  7  0.1581 990676.408735  x:  0.16158   3.43329   0.05305  
  8  0.0750 990672.690526  x:  0.16076   3.52374   0.05512  
  9  0.0565 990672.645475  x:  0.16072   3.53167   0.05492  
 10  0.0070 990672.645435  x:  0.16073   3.53200   0.05492  

3 (And_hae) ... 1 (And_bic)
  0  0.0000 992915.866030  x:  0.13881   3.31469   0.16293  
  1 99.0000 990955.378167  x:  0.19027   3.31580   0.07508  
  2 36834.1296 990570.051537  x:  0.18302   3.31609   0.04973  
  3 48640.0894 990535.595092  x:  0.18156   3.74751   0.05211  
  4 166.4605 990249.557229  x:  0.15822   3.49915   0.05759  
  5  0.3191 990249.253618  x:  0.15815   3.47435   0.05694  
  6  0.0253 990249.251955  x:  0.15820   3.47289   0.05695  
  7  0.0018 990249.251954  x:  0.15820   3.47293   0.05695  
  8  0.0000 990249.251954  x:  0.15820   3.47293   0.05695  
  9  0.0000 990249.251954  x:  0.15820   3.47293   0.05695  
 10  0.0000 990249.251954  x:  0.15820   3.47293   0.05695  
check convergence!


3 (And_hae) ... 2 (And_ful)
  0  0.0000 984568.306809  x:  0.13907   3.25718   0.09429  
  1 99.0000 984090.474308  x:  0.15344   3.25779   0.05985  
  2 22656.8341 984070.339109  x:  0.14900   3.25802   0.05612  
  3 7487.2858 984002.400380  x:  0.14830   3.89179   0.05958  
  4 245.1289 984002.263830  x:  0.14793   3.87405   0.05968  
  5  0.0197 984002.250597  x:  0.14798   3.86711   0.05956  
  6  0.0070 984002.250446  x:  0.14799   3.86675   0.05957  

4 (And_hat) ... 1 (And_bic)
  0  0.0000 969120.461542  x:  0.11812   3.25912   0.13920  
  1 99.0000 968173.750016  x:  0.09951   3.25985   0.07435  
  2 23672.9065 967934.711168  x:  0.10763   3.26009   0.05272  
  3 53522.9639 967922.100588  x:  0.10823   3.53771   0.05459  
  4 92.2329 967851.671168  x:  0.11548   3.36090   0.06075  
  5  0.2810 967849.497177  x:  0.11649   3.38711   0.05897  
  6  0.0267 967849.489448  x:  0.11650   3.38057   0.05890  
  7  0.0065 967849.489441  x:  0.11650   3.38053   0.05890  
  8  0.0000 967849.489441  x:  0.11650   3.38054   0.05890  
  9  0.0000 967849.489441  x:  0.11650   3.38052   0.05890  
 10  0.0000 967849.489441  x:  0.11650   3.38052   0.05890  
check convergence!


4 (And_hat) ... 2 (And_ful)
  0  0.0000 987902.761529  x:  0.14709   3.16400   0.15498  
  1 99.0000 985712.138740  x:  0.14334   3.16600   0.05713  
  2 31121.9202 985679.609366  x:  0.15046   3.16628   0.05473  
  3 9560.3235 985585.846327  x:  0.15159   3.82178   0.06143  
  4 316.6071 985580.356128  x:  0.15085   3.87665   0.05850  
  5  0.1374 985580.301732  x:  0.15104   3.89027   0.05864  
  6  0.0107 985580.300832  x:  0.15102   3.89195   0.05863  
  7  0.0015 985580.300828  x:  0.15102   3.89196   0.05863  
  8  0.0000 985580.300828  x:  0.15102   3.89195   0.05863  
  9  0.0000 985580.300828  x:  0.15102   3.89196   0.05863  

4 (And_hat) ... 3 (And_hae)
  0  0.0000 986997.631119  x:  0.13193   3.52161   0.15170  
  1 99.0000 985593.123301  x:  0.17519   3.52248   0.08063  
  2 33321.0462 985206.555422  x:  0.16828   3.52280   0.05288  
  3 46347.3499 985169.523911  x:  0.16707   4.01605   0.05551  
  4 158.4019 984974.927044  x:  0.14859   3.82021   0.06032  
  5  0.2404 984974.609255  x:  0.14849   3.79765   0.05957  
  6  0.0241 984974.603194  x:  0.14854   3.79272   0.05959  
  7  0.0056 984974.603194  x:  0.14854   3.79269   0.05959  
  8  0.0000 984974.603194  x:  0.14854   3.79269   0.05959  

5 (And_mar) ... 1 (And_bic)
  0  0.0000 951437.521678  x:  0.08007   3.29443   0.11829  
  1 99.0000 951236.445353  x:  0.09371   3.29446   0.10687  
  2 23888.2813 950792.159811  x:  0.09235   3.29459   0.05874  
  3 24082.7778 950783.421508  x:  0.09246   3.05780   0.05702  
  4 69.6136 950769.549008  x:  0.08906   3.03042   0.05949  
  5  0.0279 950768.951821  x:  0.08877   3.04221   0.05832  
  6  0.0222 950768.951757  x:  0.08878   3.04201   0.05831  
  7  0.0002 950768.951757  x:  0.08878   3.04204   0.05831  

5 (And_mar) ... 2 (And_ful)
  0  0.0000 990381.936467  x:  0.14977   2.85445   0.08590  
  1 99.0000 989980.066947  x:  0.15943   2.85524   0.05590  
  2 22123.3710 989977.728830  x:  0.15762   2.85561   0.05511  
  3 2320.9234 989842.099154  x:  0.15699   3.59939   0.05988  
  4 428.5229 989840.425194  x:  0.15780   3.60890   0.05828  
  5  0.0132 989840.410381  x:  0.15767   3.61364   0.05824  
  6  0.0041 989840.409865  x:  0.15769   3.61503   0.05826  
  7  0.0011 989840.409864  x:  0.15769   3.61505   0.05826  
  8  0.0000 989840.409864  x:  0.15769   3.61505   0.05826  

5 (And_mar) ... 3 (And_hae)
  0  0.0000 989068.608040  x:  0.14989   3.27615   0.06316  
  1 99.0000 989057.113040  x:  0.15407   3.27624   0.06105  
  2 4951.9857 989056.927665  x:  0.15388   3.27634   0.06050  
  3 630.6430 989046.693391  x:  0.15392   3.50367   0.06141  
  4 98.5558 989046.684633  x:  0.15391   3.49746   0.06134  
  5  0.0057 989046.684622  x:  0.15391   3.49736   0.06134  
  6  0.0001 989046.684622  x:  0.15391   3.49736   0.06134  
  7  0.0000 989046.684622  x:  0.15391   3.49736   0.06134  
  8  0.0000 989046.684622  x:  0.15391   3.49736   0.06134  
  9  0.0276 989046.684622  x:  0.15391   3.49736   0.06134  
 10  0.0916 989046.684622  x:  0.15391   3.49736   0.06134  
 11  0.0036 989046.684622  x:  0.15391   3.49736   0.06134  
 12  0.0274 989046.684622  x:  0.15391   3.49736   0.06134  
check convergence!


5 (And_mar) ... 4 (And_hat)
  0  0.0000 966381.008930  x:  0.10581   3.26057   0.09668  
  1 99.0000 966191.939251  x:  0.11885   3.26075   0.07754  
  2 16331.6430 966102.277522  x:  0.11462   3.26090   0.06223  
  3 18137.9598 966099.249204  x:  0.11450   3.39909   0.06302  
  4 45.5188 966093.538646  x:  0.11208   3.38147   0.06477  
  5  0.0209 966093.520912  x:  0.11201   3.38087   0.06458  
  6  0.0007 966093.520894  x:  0.11202   3.38055   0.06457  
  7  0.0003 966093.520894  x:  0.11201   3.38055   0.06457  

6 (And_tri) ... 1 (And_bic)
  0  0.0000 969226.016275  x:  0.09865   3.15159   0.17991  
  1 99.0000 968612.758039  x:  0.12732   3.15181   0.15105  
  2 33393.8419 966998.032656  x:  0.12745   3.15245   0.05624  
  3 47899.8167 966985.444509  x:  0.12768   2.91867   0.05370  
  4 99.6723 966854.603594  x:  0.11539   2.77617   0.06041  
  5  0.1404 966841.485769  x:  0.11363   2.86166   0.05631  
  6  0.2368 966841.433226  x:  0.11380   2.85721   0.05604  
  7  0.0053 966841.433123  x:  0.11381   2.85746   0.05605  
  8  0.0003 966841.433123  x:  0.11381   2.85743   0.05605  
  9  0.0000 966841.433123  x:  0.11381   2.85743   0.05605  
 10  0.0000 966841.433123  x:  0.11381   2.85743   0.05605  
check convergence!


6 (And_tri) ... 2 (And_ful)
  0  0.0000 986908.078180  x:  0.12216   2.71218   0.06157  
  1 99.0000 986329.556690  x:  0.15146   2.71251   0.05672  
  2 42215.3134 986320.295881  x:  0.15123   2.71290   0.05279  
  3 4571.4900 986187.202871  x:  0.15111   3.42812   0.05623  
  4 428.7655 986186.929509  x:  0.15119   3.42892   0.05554  
  5  0.0010 986186.928682  x:  0.15122   3.43009   0.05553  
  6  0.0009 986186.928671  x:  0.15122   3.43023   0.05554  
  7  0.0001 986186.928670  x:  0.15122   3.43025   0.05553  
  8  0.0000 986186.928670  x:  0.15122   3.43025   0.05553  
  9  0.0000 986186.928670  x:  0.15122   3.43025   0.05553  

6 (And_tri) ... 3 (And_hae)
  0  0.0000 988998.974953  x:  0.12144   3.17418   0.17573  
  1 99.0000 987745.706244  x:  0.16864   3.17476   0.13461  
  2 45535.2676 986126.564731  x:  0.16829   3.17576   0.05654  
  3 51922.9937 986116.642547  x:  0.16795   3.39785   0.05866  
  4 96.1172 985917.598616  x:  0.14911   3.36165   0.05586  
  5  0.0344 985914.151374  x:  0.14854   3.32445   0.05823  
  6  0.0942 985914.135112  x:  0.14862   3.31909   0.05810  
  7  0.0052 985914.135038  x:  0.14861   3.31900   0.05810  
  8  0.0001 985914.135038  x:  0.14861   3.31902   0.05810  
  9  0.0000 985914.135038  x:  0.14861   3.31902   0.05810  
 10  0.0000 985914.135038  x:  0.14861   3.31901   0.05810  
 11  0.0000 985914.135038  x:  0.14861   3.31901   0.05810  
check convergence!


6 (And_tri) ... 4 (And_hat)
  0  0.0000 966809.489695  x:  0.10364   3.09116   0.18060  
  1 99.0000 965367.825138  x:  0.13596   3.09272   0.07932  
  2 23693.2634 965037.706519  x:  0.12888   3.09312   0.05161  
  3 71517.4846 964998.414582  x:  0.12693   3.59732   0.05518  
  4 163.6270 964756.543411  x:  0.11021   3.26013   0.06136  
  5  0.5341 964756.260237  x:  0.11033   3.22122   0.06107  
  6  0.0435 964756.254528  x:  0.11032   3.22176   0.06095  
  7  0.0006 964756.254515  x:  0.11033   3.22180   0.06095  
  8  0.0000 964756.254515  x:  0.11033   3.22179   0.06095  
  9  0.0000 964756.254515  x:  0.11033   3.22179   0.06095  
 10  0.0000 964756.254515  x:  0.11033   3.22179   0.06095  

6 (And_tri) ... 5 (And_mar)
  0  0.0000 965373.678346  x:  0.10462   2.92011   0.09986  
  1 99.0000 965105.567481  x:  0.11688   2.92030   0.07072  
  2 15987.2447 965040.799707  x:  0.11155   2.92035   0.06008  
  3 18014.9970 965040.540608  x:  0.11158   2.88667   0.05986  
  4 13.7204 965033.418233  x:  0.10927   2.86954   0.06264  
  5  0.0275 965033.407386  x:  0.10920   2.87157   0.06252  
  6  0.0022 965033.407373  x:  0.10920   2.87154   0.06252  

7 (Bom_pas) ... 1 (And_bic)
  0  0.0000 1201261.563029  x:  1.12455   2.58345   0.04943  
  1 99.0000 1201258.006506  x:  1.12377   2.58412   0.04856  
  2 5196.3568 1200970.427501  x:  1.01959   2.67779   0.05350  
  3 8611.0357 1199802.276149  x:  1.15584   3.94803   0.05321  
  4 3434.0312 1199784.845307  x:  1.13594   3.97674   0.05256  
  5  0.0277 1199784.705617  x:  1.13582   3.99061   0.05270  
  6  0.0093 1199784.697955  x:  1.13642   3.99303   0.05265  
  7  0.0017 1199784.697951  x:  1.13641   3.99308   0.05265  

7 (Bom_pas) ... 2 (And_ful)
  0  0.0000 1216834.788193  x:  1.21873   3.60337   0.14329  
  1 99.0000 1202674.705912  x:  1.20653   3.60447   0.04898  
  2 192609.8248 1202655.885331  x:  1.18600   3.61617   0.05157  
  3 1623.1166 1202435.159609  x:  1.23779   4.31566   0.05051  
  4 847.0832 1202419.938490  x:  1.21190   4.30533   0.05026  
  5  0.0378 1202419.934272  x:  1.21143   4.30523   0.05029  
  6  0.0005 1202419.934270  x:  1.21143   4.30523   0.05029  
  7  0.0000 1202419.934270  x:  1.21143   4.30523   0.05029  

7 (Bom_pas) ... 3 (And_hae)
  0  0.0000 1204412.534799  x:  1.06878   3.61620   0.10026  
  1 99.0000 1200376.459938  x:  1.06560   3.61656   0.05511  
  2 139503.0350 1200332.992422  x:  1.10547   3.62449   0.05173  
  3 2138.7529 1200206.826204  x:  1.13244   4.13965   0.05197  
  4 558.0581 1200194.488212  x:  1.14623   4.13985   0.05296  
  5  0.0236 1200194.068558  x:  1.15051   4.14035   0.05260  
  6  0.0037 1200194.067763  x:  1.15062   4.14172   0.05260  
  7  0.0011 1200194.067762  x:  1.15062   4.14172   0.05260  

7 (Bom_pas) ... 4 (And_hat)
  0  0.0000 1200248.582479  x:  1.08126   3.52833   0.06148  
  1 99.0000 1200068.334445  x:  1.08107   3.52845   0.05391  
  2 45078.1842 1200042.087769  x:  1.11859   3.54725   0.05207  
  3 1282.3657 1199874.662752  x:  1.14388   4.12853   0.05258  
  4 815.2006 1199874.246530  x:  1.14902   4.13115   0.05242  
  5  0.0048 1199874.244881  x:  1.14905   4.13181   0.05240  
  6  0.0007 1199874.244832  x:  1.14905   4.13212   0.05240  
  7  0.0003 1199874.244831  x:  1.14905   4.13213   0.05240  

7 (Bom_pas) ... 5 (And_mar)
  0  0.0000 1201544.494412  x:  1.03715   3.43544   0.08393  
  1 99.0000 1199739.634520  x:  1.03582   3.43569   0.05588  
  2 108614.4491 1199668.596542  x:  1.09027   3.44611   0.05204  
  3 2630.8408 1199509.491691  x:  1.11802   3.99844   0.05248  
  4 658.5664 1199502.978757  x:  1.12605   3.99701   0.05334  
  5  0.0128 1199502.660195  x:  1.12987   3.99683   0.05305  
  6  0.0032 1199502.659677  x:  1.12993   3.99790   0.05305  
  7  0.0009 1199502.659677  x:  1.12993   3.99790   0.05305  

7 (Bom_pas) ... 6 (And_tri)
  0  0.0000 1199917.369572  x:  1.11195   3.51571   0.04668  
  1 99.0000 1199782.295182  x:  1.11214   3.51576   0.05245  
  2 49307.4886 1199763.922147  x:  1.08735   3.57314   0.05351  
  3 580.0722 1199666.961380  x:  1.13983   3.98352   0.05249  
  4 1917.7875 1199666.741805  x:  1.13740   3.98999   0.05248  
  5  0.0059 1199666.741726  x:  1.13745   3.99029   0.05248  
  6  0.0003 1199666.741726  x:  1.13745   3.99029   0.05248  
  7  0.0000 1199666.741726  x:  1.13745   3.99029   0.05248  
check convergence!
