

2 (And_ful) ... 1 (And_bic)
  0  0.0000 1011627.431626  x:  0.14500   1.43076   0.42168  
  1 99.0000 999993.510653  x:  0.21802   1.50297   0.05164  
  2 32662.0108 999771.406620  x:  0.21188   1.50586   0.03824  
  3 80921.5727 996748.148910  x:  0.15047   2.71566   0.05900  
  4 5493.0873 996606.191552  x:  0.16473   3.00840   0.06004  
  5  0.4149 996520.361468  x:  0.15769   3.49760   0.06256  
  6  0.2156 996517.851098  x:  0.15954   3.55127   0.06218  
  7  0.0415 996517.726170  x:  0.15931   3.56693   0.06195  
  8  0.0106 996517.721021  x:  0.15934   3.56383   0.06186  
  9  0.0020 996517.721015  x:  0.15933   3.56375   0.06186  

3 (And_hae) ... 1 (And_bic)
  0  0.0000 993787.071319  x:  0.13359   3.16081   0.08208  
  1 99.0000 993459.244110  x:  0.15550   3.16103   0.06956  
  2 27178.5509 993420.460116  x:  0.15359   3.16125   0.06075  
  3 8994.3846 993393.840806  x:  0.15347   3.51266   0.06249  
  4 160.9492 993393.157881  x:  0.15238   3.51105   0.06248  
  5  0.0018 993393.157221  x:  0.15237   3.51070   0.06252  
  6  0.0004 993393.157219  x:  0.15237   3.51059   0.06252  
  7  0.0001 993393.157219  x:  0.15237   3.51059   0.06252  

3 (And_hae) ... 2 (And_ful)
  0  0.0000 990663.660321  x:  0.13006   3.10683   0.05382  
  1 99.0000 990408.006953  x:  0.14719   3.10702   0.06354  
  2 27224.4052 990407.066933  x:  0.14653   3.10739   0.06484  
  3 1277.9876 990303.922084  x:  0.14639   3.84353   0.06787  
  4 338.4701 990303.847622  x:  0.14671   3.84240   0.06766  
  5  0.0011 990303.847574  x:  0.14671   3.84223   0.06767  
  6  0.0001 990303.847574  x:  0.14671   3.84218   0.06767  
  7  0.0000 990303.847574  x:  0.14671   3.84218   0.06767  
  8  0.0000 990303.847574  x:  0.14671   3.84218   0.06767  
check convergence!


4 (And_hat) ... 1 (And_bic)
  0  0.0000 975307.507899  x:  0.09400   3.29085   0.12921  
  1 99.0000 974606.264695  x:  0.12238   3.29101   0.11640  
  2 49744.1024 973892.381274  x:  0.12188   3.29165   0.06060  
  3 23962.9986 973884.665095  x:  0.12179   3.50763   0.06229  
  4 74.9576 973875.702920  x:  0.11859   3.51328   0.06080  
  5  0.0056 973875.270860  x:  0.11830   3.50481   0.06177  
  6  0.0162 973875.270750  x:  0.11831   3.50434   0.06176  
  7  0.0004 973875.270750  x:  0.11831   3.50431   0.06176  
  8  0.0000 973875.270750  x:  0.11831   3.50431   0.06176  
  9  0.0000 973875.270750  x:  0.11831   3.50431   0.06176  

4 (And_hat) ... 2 (And_ful)
  0  0.0000 992781.629174  x:  0.15092   3.31719   0.05665  
  1 99.0000 992766.354003  x:  0.15334   3.31735   0.06123  
  2 6065.8217 992766.231338  x:  0.15293   3.31763   0.06149  
  3 439.4742 992711.586321  x:  0.15310   3.86610   0.06339  
  4 289.9833 992711.583280  x:  0.15315   3.86539   0.06334  
  5  0.0007 992711.583272  x:  0.15315   3.86527   0.06333  
  6  0.0001 992711.583272  x:  0.15315   3.86526   0.06333  
  7  0.0000 992711.583272  x:  0.15315   3.86527   0.06333  

4 (And_hat) ... 3 (And_hae)
  0  0.0000 990719.063593  x:  0.13591   3.49313   0.05063  
  1 99.0000 990533.765904  x:  0.14857   3.49321   0.06213  
  2 22793.6085 990533.441858  x:  0.14804   3.49337   0.06276  
  3 778.2017 990503.681934  x:  0.14800   3.92201   0.06415  
  4 154.7642 990503.656636  x:  0.14819   3.92047   0.06422  
  5  0.0013 990503.656503  x:  0.14818   3.92037   0.06424  
  6  0.0001 990503.656503  x:  0.14818   3.92037   0.06424  
  7  0.0000 990503.656503  x:  0.14818   3.92037   0.06424  
  8  0.0156 990503.656503  x:  0.14818   3.92037   0.06424  
check convergence!


5 (And_mar) ... 1 (And_bic)
  0  0.0000 956650.941590  x:  0.08489   3.40036   0.17421  
  1 99.0000 955430.034666  x:  0.10166   3.40102   0.07046  
  2 17778.5258 955283.669871  x:  0.09417   3.40109   0.05371  
  3 49316.9951 955280.084986  x:  0.09455   3.23834   0.05257  
  4 31.9961 955205.338826  x:  0.08811   3.01936   0.06067  
  5  0.7406 955204.804652  x:  0.08784   3.07251   0.06096  
  6  0.0725 955204.798535  x:  0.08786   3.07277   0.06110  
  7  0.0003 955204.798478  x:  0.08785   3.07256   0.06110  
  8  0.0002 955204.798478  x:  0.08785   3.07256   0.06110  
check convergence!


5 (And_mar) ... 2 (And_ful)
  0  0.0000 997819.343419  x:  0.15386   2.73714   0.12744  
  1 99.0000 996546.250333  x:  0.15408   2.73901   0.06048  
  2 28736.3487 996538.572093  x:  0.15777   2.73946   0.05996  
  3 4225.4196 996375.554531  x:  0.15796   3.49267   0.06806  
  4 499.1176 996364.970643  x:  0.15771   3.53687   0.06358  
  5  0.0853 996364.834781  x:  0.15793   3.56104   0.06369  
  6  0.0165 996364.832619  x:  0.15787   3.56211   0.06371  
  7  0.0010 996364.832618  x:  0.15787   3.56215   0.06371  
  8  0.0000 996364.832618  x:  0.15787   3.56216   0.06371  

5 (And_mar) ... 3 (And_hae)
  0  0.0000 994596.720763  x:  0.12378   3.27650   0.15061  
  1 99.0000 993600.769730  x:  0.16440   3.27693   0.11816  
  2 42498.8463 992703.762597  x:  0.16218   3.27761   0.06216  
  3 38832.6088 992690.610244  x:  0.16186   3.56166   0.06443  
  4 108.3044 992607.007318  x:  0.14965   3.49321   0.06431  
  5  0.0589 992606.950196  x:  0.14963   3.48803   0.06463  
  6  0.0100 992606.949286  x:  0.14963   3.48599   0.06461  

5 (And_mar) ... 4 (And_hat)
  0  0.0000 972535.364932  x:  0.09238   3.20894   0.11864  
  1 99.0000 972011.772453  x:  0.11634   3.20908   0.10815  
  2 43573.9762 971551.548984  x:  0.11564   3.20962   0.06347  
  3 19824.9151 971542.948800  x:  0.11555   3.43705   0.06519  
  4 79.7995 971538.462710  x:  0.11335   3.43810   0.06405  
  5  0.0023 971538.291949  x:  0.11318   3.43394   0.06469  
  6  0.0070 971538.291931  x:  0.11318   3.43368   0.06469  
  7  0.0002 971538.291931  x:  0.11318   3.43367   0.06469  

6 (And_tri) ... 1 (And_bic)
  0  0.0000 972066.615134  x:  0.09886   3.18143   0.08683  
  1 99.0000 971805.648964  x:  0.11599   3.18143   0.07845  
  2 28962.8212 971689.678225  x:  0.11472   3.18140   0.05944  
  3 12786.5519 971681.581015  x:  0.11479   2.98383   0.05834  
  4 78.0936 971680.067801  x:  0.11348   2.97818   0.05901  
  5  0.0054 971680.048535  x:  0.11343   2.97957   0.05881  
  6  0.0019 971680.048533  x:  0.11344   2.97968   0.05881  
  7  0.0001 971680.048533  x:  0.11344   2.97967   0.05881  

6 (And_tri) ... 2 (And_ful)
  0  0.0000 993982.736895  x:  0.13167   2.96373   0.14026  
  1 99.0000 992767.028580  x:  0.17381   2.96482   0.08410  
  2 35691.4298 992351.816435  x:  0.16775   2.96540   0.05455  
  3 42214.9954 992264.095689  x:  0.16614   3.59574   0.05888  
  4 308.6631 992133.362656  x:  0.15075   3.49411   0.06125  
  5  0.1107 992133.092353  x:  0.15077   3.45982   0.06086  
  6  0.0291 992133.090835  x:  0.15078   3.45848   0.06090  
  7  0.0017 992133.090832  x:  0.15078   3.45839   0.06090  
  8  0.0001 992133.090832  x:  0.15078   3.45839   0.06090  
  9  0.0000 992133.090832  x:  0.15078   3.45839   0.06090  

6 (And_tri) ... 3 (And_hae)
  0  0.0000 992080.737420  x:  0.15898   3.21983   0.14921  
  1 99.0000 990914.611642  x:  0.12482   3.22052   0.09913  
  2 34781.2081 990298.771240  x:  0.13270   3.22105   0.05802  
  3 48773.4696 990274.373100  x:  0.13344   3.56844   0.06054  
  4 147.0017 990165.213672  x:  0.14571   3.43619   0.06333  
  5  0.1549 990163.213223  x:  0.14622   3.45245   0.06138  
  6  0.0246 990163.211365  x:  0.14627   3.45081   0.06137  
  7  0.0015 990163.211363  x:  0.14627   3.45084   0.06137  

6 (And_tri) ... 4 (And_hat)
  0  0.0000 972278.907454  x:  0.11468   3.14745   0.16450  
  1 99.0000 971294.204024  x:  0.09080   3.14846   0.09788  
  2 24531.4020 970732.347592  x:  0.09718   3.14909   0.05526  
  3 96545.2846 970698.361183  x:  0.09812   3.60620   0.05881  
  4 156.6421 970505.231841  x:  0.11159   3.32926   0.06353  
  5  0.3287 970500.528714  x:  0.11234   3.37077   0.06035  
  6  0.0587 970500.514998  x:  0.11244   3.36517   0.06030  
  7  0.0053 970500.514929  x:  0.11245   3.36549   0.06031  
  8  0.0003 970500.514929  x:  0.11245   3.36551   0.06031  

6 (And_tri) ... 5 (And_mar)
  0  0.0000 970338.938171  x:  0.11194   3.09012   0.04770  
  1 99.0000 970241.868644  x:  0.10925   3.08999   0.06241  
  2 14386.1800 970241.591864  x:  0.10981   3.08994   0.06255  
  3 963.2705 970234.313132  x:  0.10980   2.90766   0.06192  
  4 76.3118 970234.296535  x:  0.10982   2.90301   0.06172  
  5  0.0038 970234.296163  x:  0.10982   2.90407   0.06170  
  6  0.0011 970234.296163  x:  0.10982   2.90407   0.06170  

7 (Bom_pas) ... 1 (And_bic)
  0  0.0000 1226508.834432  x:  1.01405   2.67038   0.16561  
  1 99.0000 1213612.112794  x:  1.00058   2.67328   0.05982  
  2 158429.8836 1213509.300968  x:  1.04096   2.69997   0.05416  
  3 4049.3372 1212231.855197  x:  1.10625   3.96528   0.06142  
  4 3648.3429 1212189.168365  x:  1.14027   4.01917   0.05718  
  5  0.0447 1212187.834822  x:  1.14698   4.04661   0.05735  
  6  0.0267 1212187.502709  x:  1.14688   4.07014   0.05730  
  7  0.0206 1212187.502297  x:  1.14679   4.07000   0.05731  
  8  0.0002 1212187.502297  x:  1.14679   4.06999   0.05731  
  9  0.0000 1212187.502297  x:  1.14679   4.06999   0.05731  

7 (Bom_pas) ... 2 (And_ful)
  0  0.0000 1216238.076298  x:  1.27800   3.63468   0.04577  
  1 99.0000 1216091.628160  x:  1.27786   3.63477   0.05141  
  2 54639.0824 1215873.661911  x:  1.16289   3.66803   0.05542  
  3 3408.2936 1215683.967830  x:  1.21977   4.30374   0.05491  
  4 673.1341 1215682.190995  x:  1.20998   4.30812   0.05558  
  5  0.0101 1215682.147099  x:  1.21041   4.30605   0.05566  
  6  0.0017 1215682.147030  x:  1.21035   4.30569   0.05567  
  7  0.0003 1215682.147030  x:  1.21036   4.30567   0.05567  
  8  0.0000 1215682.147030  x:  1.21036   4.30567   0.05567  

7 (Bom_pas) ... 3 (And_hae)
  0  0.0000 1220149.247777  x:  1.19358   3.70115   0.12132  
  1 99.0000 1212406.927704  x:  1.18578   3.70180   0.05499  
  2 166952.9599 1212350.470245  x:  1.14041   3.71409   0.05976  
  3 2416.1920 1212253.774865  x:  1.17283   4.16160   0.05907  
  4 475.5792 1212223.411891  x:  1.14517   4.15503   0.05800  
  5  0.0456 1212223.375771  x:  1.14630   4.15704   0.05788  
  6  0.0024 1212223.375698  x:  1.14630   4.15740   0.05788  
  7  0.0003 1212223.375698  x:  1.14630   4.15741   0.05788  

7 (Bom_pas) ... 4 (And_hat)
  0  0.0000 1223240.399583  x:  1.02132   3.70951   0.15869  
  1 99.0000 1212723.143950  x:  1.01164   3.71041   0.06281  
  2 148348.0179 1212564.858610  x:  1.06458   3.71265   0.05541  
  3 5744.4830 1212436.264095  x:  1.09097   4.23871   0.05584  
  4 526.9171 1212278.232101  x:  1.15028   4.21285   0.05825  
  5  0.1157 1212270.473015  x:  1.16638   4.22647   0.05649  
  6  0.0169 1212270.388830  x:  1.16806   4.23690   0.05652  
  7  0.0088 1212270.388594  x:  1.16808   4.23734   0.05651  
  8  0.0004 1212270.388593  x:  1.16807   4.23735   0.05651  

7 (Bom_pas) ... 5 (And_mar)
  0  0.0000 1221260.494260  x:  1.31425   3.81731   0.11716  
  1 99.0000 1212121.907878  x:  1.30602   3.81791   0.05065  
  2 190133.9039 1211851.364953  x:  1.18772   3.83383   0.06241  
  3 4754.3365 1211825.173837  x:  1.20784   4.07082   0.06175  
  4 228.2590 1211586.632445  x:  1.11548   4.03009   0.06040  
  5  0.1649 1211571.895922  x:  1.13528   4.05121   0.05791  
  6  0.0363 1211571.790788  x:  1.13383   4.04038   0.05784  
  7  0.0109 1211571.789657  x:  1.13382   4.03924   0.05785  
  8  0.0011 1211571.789656  x:  1.13383   4.03924   0.05784  

7 (Bom_pas) ... 6 (And_tri)
  0  0.0000 1224011.856298  x:  1.02662   3.67747   0.17118  
  1 99.0000 1211457.102885  x:  1.01338   3.67852   0.06237  
  2 150439.7927 1211358.339278  x:  1.05189   3.67979   0.05643  
  3 4831.3903 1211284.435011  x:  1.07185   4.06813   0.05670  
  4 403.5659 1211155.439206  x:  1.12886   4.04801   0.05838  
  5  0.1046 1211151.126680  x:  1.13981   4.06080   0.05704  
  6  0.0144 1211151.087046  x:  1.14098   4.06721   0.05706  
  7  0.0056 1211151.087004  x:  1.14099   4.06740   0.05706  
  8  0.0002 1211151.087004  x:  1.14099   4.06740   0.05706  