Supplemental results for CODEML (seqf: /home/yzliu/eDNA/faststorage/yzliu/DK_proj/data/ref_genome/ref_annotation/primary_transcripts/extracted_cds_new/new_transcript_id_7_and_pas/bootstraps/cat.out.OG_cds_7_species_same_header_fas.shuf_537OG_722.phy  treef: xxx.trees)


pairwise comparison (Goldman & Yang 1994)
seq seq        N       S       dN       dS     dN/dS   Paras.
  2   1 469871.2 184344.8   0.0103   0.1766   0.0583   0.1714   3.6666   0.0583 -1013818.302
  3   1 469559.1 184656.9   0.0099   0.1642   0.0602   0.1603   3.5569   0.0602 -1009156.049
  3   2 467770.0 186446.0   0.0099   0.1578   0.0626   0.1562   4.0398   0.0626 -1005940.977
  4   1 470118.8 184097.2   0.0078   0.1240   0.0627   0.1214   3.4803   0.0627 -987919.389
  4   2 467911.2 186304.8   0.0099   0.1637   0.0604   0.1610   4.0166   0.0604 -1007973.362
  4   3 467005.3 187210.7   0.0095   0.1521   0.0625   0.1509   3.9692   0.0625 -1003550.688
  5   1 471980.4 182235.6   0.0058   0.0947   0.0618   0.0918   3.1908   0.0618 -969470.241
  5   2 469187.6 185028.4   0.0102   0.1713   0.0598   0.1673   3.7242   0.0598 -1012095.524
  5   3 469015.7 185200.3   0.0099   0.1580   0.0627   0.1555   3.5989   0.0627 -1007145.386
  5   4 469860.2 184355.8   0.0075   0.1156   0.0651   0.1139   3.4832   0.0651 -983820.176
  6   1 473988.9 180227.1   0.0071   0.1234   0.0577   0.1174   2.9793   0.0577 -985752.584
  6   2 470121.1 184094.9   0.0094   0.1669   0.0563   0.1611   3.6167   0.0563 -1008190.391
  6   3 469596.5 184619.5   0.0092   0.1559   0.0592   0.1519   3.5399   0.0592 -1004493.379
  6   4 470829.0 183387.0   0.0071   0.1173   0.0603   0.1139   3.3769   0.0603 -983148.389
  6   5 473904.1 180311.9   0.0072   0.1170   0.0611   0.1123   2.9648   0.0611 -983309.087
  7   1 468674.9 185541.1   0.0674   1.1849   0.0569   1.1530   4.0496   0.0569 -1226388.737
  7   2 465274.6 188941.4   0.0687   1.2560   0.0547   1.2347   4.3396   0.0547 -1230684.355
  7   3 467505.3 186710.7   0.0679   1.1808   0.0575   1.1565   4.1737   0.0575 -1226706.458
  7   4 467278.8 186937.2   0.0672   1.1909   0.0564   1.1649   4.1999   0.0564 -1226068.274
  7   5 468931.5 185284.5   0.0673   1.1669   0.0577   1.1362   4.0436   0.0577 -1225557.134
  7   6 468575.9 185640.1   0.0670   1.1806   0.0568   1.1491   4.0778   0.0568 -1225464.883

