Supplemental results for CODEML (seqf: /home/yzliu/eDNA/faststorage/yzliu/DK_proj/data/ref_genome/ref_annotation/primary_transcripts/extracted_cds_new/new_transcript_id_7_and_pas/bootstraps/cat.out.OG_cds_7_species_same_header_fas.shuf_537OG_916.phy  treef: xxx.trees)


pairwise comparison (Goldman & Yang 1994)
seq seq        N       S       dN       dS     dN/dS   Paras.
  2   1 488988.9 189842.1   0.0094   0.1686   0.0559   0.1618   3.5984   0.0559 -1045942.843
  3   1 489116.0 189715.0   0.0088   0.1611   0.0549   0.1541   3.4351   0.0549 -1042364.664
  3   2 487194.9 191636.1   0.0093   0.1508   0.0618   0.1477   3.9247   0.0618 -1038601.657
  4   1 489074.9 189756.1   0.0066   0.1197   0.0555   0.1147   3.4294   0.0555 -1019329.471
  4   2 486436.9 192394.1   0.0089   0.1556   0.0575   0.1515   4.0258   0.0575 -1039630.035
  4   3 486399.5 192431.5   0.0085   0.1500   0.0565   0.1458   3.8467   0.0565 -1037055.880
  5   1 492374.6 186456.4   0.0051   0.0925   0.0556   0.0874   2.9972   0.0556 -1001949.192
  5   2 488346.2 190484.8   0.0096   0.1656   0.0577   0.1600   3.6576   0.0577 -1045512.481
  5   3 489056.8 189774.2   0.0090   0.1571   0.0571   0.1512   3.4195   0.0571 -1041467.724
  5   4 489433.0 189398.0   0.0066   0.1144   0.0575   0.1100   3.3625   0.0575 -1016879.180
  6   1 494044.5 184786.5   0.0062   0.1211   0.0515   0.1125   2.8350   0.0515 -1018532.795
  6   2 489409.8 189421.2   0.0088   0.1593   0.0552   0.1523   3.5300   0.0552 -1040857.112
  6   3 489282.5 189548.5   0.0083   0.1527   0.0545   0.1459   3.4031   0.0545 -1037859.209
  6   4 490481.0 188350.0   0.0061   0.1139   0.0535   0.1080   3.2481   0.0535 -1015009.880
  6   5 493701.1 185129.9   0.0063   0.1158   0.0547   0.1086   2.8519   0.0547 -1016686.712
  7   1 484826.1 194004.9   0.0604   1.1785   0.0513   1.1399   4.0620   0.0513 -1263267.292
  7   2 481674.1 197156.9   0.0617   1.2428   0.0496   1.2141   4.3449   0.0496 -1267362.819
  7   3 483579.3 195251.7   0.0609   1.1836   0.0514   1.1514   4.1892   0.0514 -1263974.796
  7   4 483491.0 195340.0   0.0603   1.1833   0.0509   1.1503   4.2115   0.0509 -1262825.189
  7   5 484990.0 193841.0   0.0605   1.1686   0.0517   1.1307   4.0537   0.0517 -1262898.484
  7   6 484780.4 194050.6   0.0602   1.1757   0.0512   1.1373   4.0669   0.0512 -1262791.624

