Supplemental results for CODEML (seqf: /home/yzliu/eDNA/faststorage/yzliu/DK_proj/data/ref_genome/ref_annotation/primary_transcripts/extracted_cds_new/new_transcript_id_7_and_pas/bootstraps/cat.out.OG_cds_7_species_same_header_fas.shuf_537OG_923.phy  treef: xxx.trees)


pairwise comparison (Goldman & Yang 1994)
seq seq        N       S       dN       dS     dN/dS   Paras.
  2   1 470445.4 181307.6   0.0107   0.1666   0.0643   0.1622   3.5666   0.0643 -1007774.515
  3   1 469904.1 181848.9   0.0108   0.1608   0.0670   0.1579   3.4809   0.0670 -1006557.962
  3   2 468766.0 182987.0   0.0104   0.1503   0.0693   0.1491   3.8878   0.0693 -1000725.215
  4   1 469578.7 182174.3   0.0087   0.1213   0.0714   0.1205   3.5290   0.0714 -985770.974
  4   2 468002.9 183750.1   0.0105   0.1551   0.0676   0.1538   4.0184   0.0676 -1002797.356
  4   3 466979.3 184773.7   0.0107   0.1505   0.0714   0.1511   3.9810   0.0714 -1002494.192
  5   1 472099.2 179653.8   0.0062   0.0944   0.0657   0.0915   3.1344   0.0657 -967058.448
  5   2 469981.5 181771.5   0.0109   0.1634   0.0670   0.1604   3.6068   0.0670 -1007446.222
  5   3 469663.6 182089.4   0.0109   0.1576   0.0693   0.1557   3.4913   0.0693 -1006000.238
  5   4 469379.0 182374.0   0.0086   0.1163   0.0743   0.1163   3.5339   0.0743 -983780.075
  6   1 473676.6 178076.4   0.0077   0.1207   0.0637   0.1157   2.9638   0.0637 -982859.867
  6   2 470868.4 180884.6   0.0099   0.1578   0.0625   0.1528   3.4987   0.0625 -1002510.280
  6   3 470121.6 181631.4   0.0102   0.1535   0.0664   0.1504   3.4438   0.0664 -1002512.965
  6   4 469787.7 181965.3   0.0080   0.1149   0.0695   0.1135   3.4925   0.0695 -981220.852
  6   5 473530.1 178222.9   0.0080   0.1161   0.0689   0.1127   2.9626   0.0689 -981904.545
  7   1 466234.4 185518.6   0.0746   1.1729   0.0636   1.1617   3.8189   0.0636 -1238089.825
  7   2 463632.6 188120.4   0.0752   1.2308   0.0611   1.2262   4.0688   0.0611 -1240364.053
  7   3 465191.5 186561.5   0.0746   1.1701   0.0638   1.1645   3.9306   0.0638 -1237616.268
  7   4 464953.1 186799.9   0.0745   1.1808   0.0631   1.1747   3.9661   0.0631 -1237744.226
  7   5 466354.6 185398.4   0.0745   1.1628   0.0641   1.1523   3.8136   0.0641 -1237599.361
  7   6 466225.5 185527.5   0.0740   1.1707   0.0632   1.1586   3.8210   0.0632 -1237118.037

