Supplemental results for CODEML (seqf: /home/yzliu/eDNA/faststorage/yzliu/DK_proj/data/ref_genome/ref_annotation/primary_transcripts/extracted_cds_new/new_transcript_id_8_bom_apis/bootstraps/cat.out.OG_cds_8_species_same_header_fas.shuf_211OG_927.phy  treef: xxx.trees)


pairwise comparison (Goldman & Yang 1994)
seq seq        N       S       dN       dS     dN/dS   Paras.
  2   1 168371.6  56079.4   0.0599   0.5779   0.1037   0.5680   4.0462   0.1037 -396182.776
  3   1 167885.0  56566.0   0.0598   0.5941   0.1007   0.5834   4.1326   0.1007 -396857.228
  3   2 164201.7  60249.3   0.0147   0.1074   0.1370   0.1188   5.2121   0.1370 -336228.408
  4   1 168461.5  55989.5   0.0586   0.5838   0.1004   0.5688   4.1012   0.1004 -395292.768
  4   2 164836.5  59614.5   0.0139   0.1013   0.1375   0.1115   5.0949   0.1375 -334341.454
  4   3 163559.8  60891.2   0.0083   0.0621   0.1330   0.0686   5.9545   0.1330 -323328.505
  5   1 168453.7  55997.3   0.0594   0.5903   0.1007   0.5756   4.0777   0.1007 -396031.490
  5   2 164890.2  59560.8   0.0148   0.1080   0.1371   0.1186   5.0178   0.1371 -336049.053
  5   3 163856.3  60594.7   0.0085   0.0638   0.1341   0.0704   5.6242   0.1341 -323880.704
  5   4 164430.7  60020.3   0.0083   0.0636   0.1306   0.0693   5.5586   0.1306 -323277.483
  6   1 168431.8  56019.2   0.0597   0.5907   0.1011   0.5767   4.0762   0.1011 -396239.788
  6   2 164894.3  59556.7   0.0154   0.1088   0.1413   0.1205   4.9966   0.1413 -336638.214
  6   3 163800.4  60650.6   0.0090   0.0638   0.1416   0.0715   5.6558   0.1416 -324316.699
  6   4 164302.5  60148.5   0.0089   0.0635   0.1406   0.0707   5.6579   0.1406 -323825.088
  6   5 164059.3  60391.7   0.0029   0.0213   0.1368   0.0235   5.8542   0.1368 -309114.320
  7   1 168581.9  55869.1   0.0606   0.5880   0.1030   0.5756   4.0571   0.1030 -396529.114
  7   2 164985.7  59465.3   0.0157   0.1094   0.1435   0.1216   5.0125   0.1435 -336929.437
  7   3 163742.8  60708.2   0.0093   0.0657   0.1412   0.0736   5.8185   0.1412 -324804.006
  7   4 164281.4  60169.6   0.0090   0.0645   0.1401   0.0717   5.7905   0.1401 -324013.873
  7   5 164615.8  59835.2   0.0088   0.0598   0.1470   0.0671   5.4330   0.1470 -322975.283
  7   6 164607.8  59843.2   0.0094   0.0595   0.1580   0.0683   5.4194   0.1580 -323479.228
  8   1 168364.1  56086.9   0.0594   0.5910   0.1006   0.5768   4.0742   0.1006 -396142.083
  8   2 164788.9  59662.1   0.0150   0.1067   0.1402   0.1180   5.0270   0.1402 -336059.264
  8   3 163696.3  60754.7   0.0088   0.0618   0.1421   0.0694   5.6898   0.1421 -323792.294
  8   4 164219.1  60231.9   0.0086   0.0619   0.1395   0.0688   5.6710   0.1395 -323353.092
  8   5 163969.5  60481.5   0.0025   0.0197   0.1291   0.0215   5.8739   0.1291 -308371.294
  8   6 164037.7  60413.3   0.0029   0.0205   0.1435   0.0230   5.7831   0.1435 -309010.042
  8   7 164355.8  60095.2   0.0090   0.0579   0.1547   0.0661   5.5870   0.1547 -322837.201

