

2 (Bom_con) ... 1 (Apis_mel)
  0  0.0000 405377.781662  x:  0.54604   1.50146   0.38113  
  1 99.0000 398891.466023  x:  0.44544   1.55510   0.10433  
  2 26102.0433 398709.786323  x:  0.47098   1.56748   0.08366  
  3 10909.1119 396442.611866  x:  0.56727   3.28108   0.12581  
  4 4183.6637 396267.253120  x:  0.52823   3.55137   0.11131  
  5  0.2545 396198.174329  x:  0.56479   3.77944   0.09934  
  6  0.1292 396186.296425  x:  0.57111   3.92393   0.10437  
  7  0.0802 396182.786651  x:  0.56812   4.04899   0.10352  
  8  0.0806 396182.775699  x:  0.56804   4.04618   0.10371  
  9  0.0026 396182.775663  x:  0.56800   4.04620   0.10371  
 10  0.0000 396182.775663  x:  0.56800   4.04619   0.10371  

3 (Bom_hor) ... 1 (Apis_mel)
  0  0.0000 397566.999332  x:  0.56712   3.40636   0.15592  
  1 99.0000 396954.440225  x:  0.55887   3.40758   0.10105  
  2 18208.1538 396946.899839  x:  0.57388   3.41201   0.09804  
  3 960.3652 396857.450185  x:  0.58275   4.12717   0.10163  
  4 301.2120 396857.238971  x:  0.58281   4.13061   0.10079  
  5  0.0056 396857.227915  x:  0.58345   4.13218   0.10072  
  6  0.0016 396857.227889  x:  0.58345   4.13259   0.10072  
  7  0.0003 396857.227889  x:  0.58345   4.13259   0.10072  

3 (Bom_hor) ... 2 (Bom_con)
  0  0.0000 336328.734770  x:  0.11145   3.71053   0.14601  
  1 99.0000 336312.740645  x:  0.11898   3.71078   0.14358  
  2 4142.2426 336303.446071  x:  0.11878   3.71232   0.12923  
  3 1345.3253 336228.852297  x:  0.11869   5.22039   0.14031  
  4 123.4819 336228.407594  x:  0.11875   5.21253   0.13706  
  5  0.0084 336228.407565  x:  0.11875   5.21222   0.13704  
  6  0.0003 336228.407564  x:  0.11875   5.21206   0.13704  
  7  0.0001 336228.407564  x:  0.11875   5.21205   0.13704  

4 (Bom_hyp) ... 1 (Apis_mel)
  0  0.0000 397564.911455  x:  0.46825   4.39429   0.24602  
  1 99.0000 395528.414349  x:  0.49130   4.39442   0.10851  
  2 20232.0118 395306.334677  x:  0.57227   4.39273   0.09801  
  3 6423.9917 395297.453505  x:  0.56966   4.13562   0.09653  
  4 66.4024 395292.790181  x:  0.56950   4.09529   0.10028  
  5  0.1547 395292.768623  x:  0.56892   4.10272   0.10037  
  6  0.0068 395292.768109  x:  0.56882   4.10120   0.10038  
  7  0.0015 395292.768108  x:  0.56882   4.10119   0.10038  

4 (Bom_hyp) ... 2 (Bom_con)
  0  0.0000 334587.807053  x:  0.09556   3.70392   0.09182  
  1 99.0000 334452.445961  x:  0.11559   3.70406   0.10189  
  2 12937.8339 334404.723907  x:  0.11069   3.70476   0.12977  
  3 4055.1980 334341.864854  x:  0.11036   5.09408   0.13648  
  4 109.4157 334341.460660  x:  0.11149   5.09497   0.13709  
  5  0.0013 334341.453733  x:  0.11145   5.09545   0.13749  
  6  0.0004 334341.453727  x:  0.11145   5.09494   0.13749  
  7  0.0003 334341.453727  x:  0.11145   5.09491   0.13749  

4 (Bom_hyp) ... 3 (Bom_hor)
  0  0.0000 323392.552995  x:  0.07151   4.20276   0.15040  
  1 99.0000 323386.278598  x:  0.06793   4.20284   0.14895  
  2 3211.9027 323372.016707  x:  0.06856   4.20427   0.12553  
  3 1288.6356 323328.887359  x:  0.06845   5.92861   0.13672  
  4 61.5173 323328.507884  x:  0.06856   5.93845   0.13298  
  5  0.0112 323328.505449  x:  0.06857   5.95424   0.13300  
  6  0.0087 323328.505425  x:  0.06857   5.95447   0.13302  

5 (Bom_mus) ... 1 (Apis_mel)
  0  0.0000 398153.784997  x:  0.44228   4.94195   0.22648  
  1 99.0000 396395.131836  x:  0.49556   4.94091   0.10694  
  2 19736.1227 396141.220487  x:  0.57298   4.93824   0.11167  
  3 7891.7200 396042.895153  x:  0.56823   4.04591   0.10739  
  4 198.5156 396031.509967  x:  0.57510   4.08545   0.10070  
  5  0.0989 396031.491004  x:  0.57546   4.07628   0.10064  
  6  0.0105 396031.490020  x:  0.57561   4.07774   0.10065  
  7  0.0014 396031.490019  x:  0.57561   4.07775   0.10065  
  8  0.0000 396031.490019  x:  0.57561   4.07775   0.10065  
  9  0.0000 396031.490019  x:  0.57561   4.07775   0.10065  

5 (Bom_mus) ... 2 (Bom_con)
  0  0.0000 336337.631037  x:  0.11759   3.52892   0.07688  
  1 99.0000 336144.622076  x:  0.12525   3.52937   0.12261  
  2 10035.3561 336131.945755  x:  0.11837   3.52969   0.12627  
  3 3545.8892 336050.250108  x:  0.11809   5.01667   0.13218  
  4 135.7678 336049.085379  x:  0.11894   5.02032   0.13669  
  5  0.0029 336049.053133  x:  0.11862   5.01918   0.13708  
  6  0.0012 336049.053075  x:  0.11862   5.01799   0.13709  
  7  0.0008 336049.053072  x:  0.11862   5.01776   0.13708  
  8  0.0002 336049.053072  x:  0.11862   5.01776   0.13708  
  9  0.0000 336049.053072  x:  0.11862   5.01776   0.13708  

5 (Bom_mus) ... 3 (Bom_hor)
  0  0.0000 323968.707421  x:  0.07313   4.26964   0.17774  
  1 99.0000 323959.161698  x:  0.06877   4.26973   0.17495  
  2 3593.8041 323909.234961  x:  0.07000   4.27133   0.12803  
  3 2539.8454 323881.165318  x:  0.06999   5.59546   0.13787  
  4 49.6479 323880.709595  x:  0.07029   5.60946   0.13395  
  5  0.0186 323880.704605  x:  0.07038   5.61968   0.13408  
  6  0.0092 323880.704298  x:  0.07036   5.62421   0.13409  
  7  0.0032 323880.704297  x:  0.07036   5.62420   0.13409  
  8  0.0000 323880.704297  x:  0.07036   5.62421   0.13409  
  9  0.0000 323880.704297  x:  0.07036   5.62421   0.13409  
 10  0.0000 323880.704297  x:  0.07036   5.62421   0.13409  
check convergence!


5 (Bom_mus) ... 4 (Bom_hyp)
  0  0.0000 323464.453532  x:  0.06970   4.66148   0.22744  
  1 99.0000 323442.685479  x:  0.06373   4.66171   0.21509  
  2 3025.1366 323293.727650  x:  0.06617   4.66333   0.12870  
  3 12689.6435 323282.169973  x:  0.06640   5.55096   0.13582  
  4 28.4401 323277.776178  x:  0.06879   5.57201   0.12814  
  5  0.0268 323277.483328  x:  0.06923   5.56018   0.13067  
  6  0.0188 323277.482692  x:  0.06926   5.55906   0.13056  
  7  0.0011 323277.482690  x:  0.06926   5.55864   0.13056  
  8  0.0003 323277.482690  x:  0.06926   5.55863   0.13056  
  9  0.0000 323277.482690  x:  0.06926   5.55863   0.13056  

6 (Bom_pas) ... 1 (Apis_mel)
  0  0.0000 396945.151517  x:  0.49864   4.58824   0.16333  
  1 99.0000 396436.376246  x:  0.51206   4.58782   0.10808  
  2 14800.8504 396272.860044  x:  0.58392   4.58531   0.10116  
  3 5440.6242 396240.375370  x:  0.57882   4.08134   0.09959  
  4 121.0876 396239.821519  x:  0.57774   4.07528   0.10104  
  5  0.0122 396239.787956  x:  0.57673   4.07661   0.10107  
  6  0.0015 396239.787928  x:  0.57672   4.07618   0.10107  
  7  0.0005 396239.787928  x:  0.57672   4.07618   0.10107  

6 (Bom_pas) ... 2 (Bom_con)
  0  0.0000 336741.657382  x:  0.11116   3.60673   0.12352  
  1 99.0000 336713.382273  x:  0.12109   3.60694   0.12569  
  2 5740.4663 336710.081048  x:  0.12048   3.60815   0.13387  
  3 838.4515 336638.275489  x:  0.12042   4.99475   0.14251  
  4 128.2989 336638.214224  x:  0.12055   4.99450   0.14133  
  5  0.0010 336638.214035  x:  0.12053   4.99612   0.14131  
  6  0.0012 336638.214023  x:  0.12054   4.99664   0.14132  
  7  0.0004 336638.214023  x:  0.12054   4.99665   0.14132  
  8  0.0000 336638.214023  x:  0.12054   4.99665   0.14132  
check convergence!


6 (Bom_pas) ... 3 (Bom_hor)
  0  0.0000 324459.010912  x:  0.07476   4.16740   0.20724  
  1 99.0000 324445.278708  x:  0.06947   4.16752   0.20385  
  2 4261.0864 324352.755361  x:  0.07081   4.16992   0.13506  
  3 3072.3658 324317.949766  x:  0.07083   5.59448   0.14793  
  4 57.8212 324316.724726  x:  0.07134   5.62636   0.14132  
  5  0.0459 324316.700449  x:  0.07153   5.64502   0.14162  
  6  0.0174 324316.698867  x:  0.07151   5.65572   0.14163  
  7  0.0071 324316.698863  x:  0.07151   5.65575   0.14164  

6 (Bom_pas) ... 4 (Bom_hyp)
  0  0.0000 324000.950918  x:  0.06194   4.63706   0.22198  
  1 99.0000 323961.662956  x:  0.07058   4.63711   0.21971  
  2 9218.0864 323839.898815  x:  0.07084   4.63892   0.13722  
  3 2540.6446 323825.676704  x:  0.07077   5.61778   0.14523  
  4 32.4685 323825.091739  x:  0.07074   5.64334   0.14053  
  5  0.0438 323825.087815  x:  0.07067   5.65661   0.14061  
  6  0.0103 323825.087773  x:  0.07068   5.65792   0.14062  

6 (Bom_pas) ... 5 (Bom_mus)
  0  0.0000 309133.733317  x:  0.02406   4.71900   0.17362  
  1 99.0000 309133.171768  x:  0.02345   4.71901   0.17341  
  2 1720.2946 309120.124727  x:  0.02357   4.72011   0.13283  
  3 628.8954 309114.412925  x:  0.02352   5.84058   0.14000  
  4 11.6292 309114.320259  x:  0.02354   5.84699   0.13683  
  5  0.0093 309114.320063  x:  0.02354   5.85360   0.13681  
  6  0.0052 309114.320060  x:  0.02354   5.85417   0.13683  

7 (Bom_syl) ... 1 (Apis_mel)
  0  0.0000 398381.548135  x:  0.42864   4.71646   0.20934  
  1 99.0000 396862.367386  x:  0.49498   4.71553   0.10628  
  2 19320.6192 396627.062603  x:  0.55926   4.71369   0.11742  
  3 8874.1421 396560.694694  x:  0.55610   4.00658   0.11416  
  4 171.7797 396529.394197  x:  0.57283   4.05718   0.10287  
  5  0.0883 396529.115246  x:  0.57545   4.05548   0.10307  
  6  0.0027 396529.113872  x:  0.57556   4.05715   0.10301  
  7  0.0018 396529.113872  x:  0.57556   4.05710   0.10301  
  8  0.0001 396529.113872  x:  0.57556   4.05710   0.10301  

7 (Bom_syl) ... 2 (Bom_con)
  0  0.0000 337160.185415  x:  0.12641   3.61586   0.20350  
  1 99.0000 337113.854396  x:  0.11430   3.61644   0.19063  
  2 5065.4150 337004.130214  x:  0.11884   3.61909   0.13498  
  3 6181.9913 336931.765262  x:  0.11937   4.98119   0.14871  
  4 127.3321 336929.481560  x:  0.12133   4.99866   0.14290  
  5  0.0213 336929.438235  x:  0.12163   5.00570   0.14355  
  6  0.0080 336929.437007  x:  0.12163   5.01211   0.14351  
  7  0.0040 336929.436978  x:  0.12163   5.01244   0.14353  
  8  0.0003 336929.436978  x:  0.12163   5.01248   0.14354  
  9  0.0000 336929.436977  x:  0.12163   5.01247   0.14354  
 10  0.0000 336929.436977  x:  0.12163   5.01247   0.14354  
check convergence!


7 (Bom_syl) ... 3 (Bom_hor)
  0  0.0000 325113.236268  x:  0.05835   4.26196   0.22873  
  1 99.0000 324993.384291  x:  0.07323   4.26204   0.22651  
  2 17323.3462 324841.667904  x:  0.07360   4.26499   0.13426  
  3 2684.1557 324805.499939  x:  0.07350   5.72751   0.14840  
  4 58.4293 324804.027199  x:  0.07358   5.77531   0.14102  
  5  0.0795 324804.006122  x:  0.07362   5.81856   0.14123  
  6  0.0253 324804.006059  x:  0.07361   5.81830   0.14125  
  7  0.0002 324804.006058  x:  0.07361   5.81847   0.14125  
  8  0.0002 324804.006058  x:  0.07361   5.81847   0.14125  

7 (Bom_syl) ... 4 (Bom_hyp)
  0  0.0000 324244.729802  x:  0.07580   4.70767   0.24944  
  1 99.0000 324223.116051  x:  0.06914   4.70775   0.24546  
  2 5399.7270 324030.642106  x:  0.07048   4.71009   0.13559  
  3 3635.2431 324015.052181  x:  0.07056   5.74455   0.14480  
  4 33.7181 324013.971808  x:  0.07129   5.78231   0.13918  
  5  0.0622 324013.873071  x:  0.07169   5.78587   0.14009  
  6  0.0045 324013.872803  x:  0.07169   5.78999   0.14005  
  7  0.0033 324013.872795  x:  0.07169   5.79049   0.14006  
  8  0.0004 324013.872795  x:  0.07169   5.79049   0.14006  
  9  0.0000 324013.872795  x:  0.07169   5.79049   0.14006  
check convergence!


7 (Bom_syl) ... 5 (Bom_mus)
  0  0.0000 323083.560107  x:  0.06067   4.64696   0.21305  
  1 99.0000 323060.963735  x:  0.06711   4.64699   0.21124  
  2 7000.3507 322984.160497  x:  0.06728   4.64839   0.14396  
  3 2063.5612 322975.495725  x:  0.06722   5.41530   0.14998  
  4 24.7028 322975.283935  x:  0.06718   5.42728   0.14702  
  5  0.0192 322975.282632  x:  0.06714   5.43237   0.14702  
  6  0.0044 322975.282624  x:  0.06714   5.43300   0.14703  
  7  0.0005 322975.282624  x:  0.06714   5.43300   0.14703  
  8  0.0001 322975.282624  x:  0.06714   5.43300   0.14703  
check convergence!


7 (Bom_syl) ... 6 (Bom_pas)
  0  0.0000 323614.887379  x:  0.05419   4.41804   0.14320  
  1 99.0000 323496.865326  x:  0.06847   4.41806   0.14367  
  2 17993.6780 323494.961446  x:  0.06838   4.41878   0.15292  
  3 429.0020 323479.235726  x:  0.06831   5.42166   0.15856  
  4 35.7369 323479.228410  x:  0.06827   5.41928   0.15799  
  5  0.0021 323479.228402  x:  0.06827   5.41939   0.15799  
  6  0.0001 323479.228402  x:  0.06827   5.41944   0.15799  
  7  0.0000 323479.228402  x:  0.06827   5.41943   0.15799  
  8  0.0000 323479.228402  x:  0.06827   5.41943   0.15799  
check convergence!


8 (Bom_vet) ... 1 (Apis_mel)
  0  0.0000 396592.167148  x:  0.48696   4.49633   0.13756  
  1 99.0000 396350.199650  x:  0.50878   4.49582   0.10347  
  2 10588.2646 396168.289245  x:  0.57836   4.49385   0.10486  
  3 7607.5148 396144.476480  x:  0.57453   4.06989   0.10362  
  4 106.3162 396142.084448  x:  0.57665   4.07572   0.10060  
  5  0.0093 396142.083200  x:  0.57679   4.07394   0.10057  
  6  0.0018 396142.083172  x:  0.57681   4.07425   0.10057  
  7  0.0003 396142.083172  x:  0.57681   4.07424   0.10057  
  8  0.0000 396142.083172  x:  0.57681   4.07424   0.10057  

8 (Bom_vet) ... 2 (Bom_con)
  0  0.0000 336397.243089  x:  0.11123   3.50038   0.22391  
  1 99.0000 336326.724640  x:  0.12737   3.50152   0.19919  
  2 4985.8882 336155.865117  x:  0.12408   3.50480   0.12904  
  3 11831.3755 336067.806155  x:  0.12299   5.00439   0.14600  
  4 143.4655 336059.444324  x:  0.11853   5.02500   0.13852  
  5  0.0253 336059.264566  x:  0.11800   5.02497   0.14019  
  6  0.0023 336059.264391  x:  0.11798   5.02630   0.14016  
  7  0.0012 336059.264373  x:  0.11799   5.02703   0.14017  
  8  0.0005 336059.264373  x:  0.11799   5.02704   0.14017  
  9  0.0000 336059.264373  x:  0.11799   5.02703   0.14017  
 10  0.0000 336059.264373  x:  0.11799   5.02704   0.14017  

8 (Bom_vet) ... 3 (Bom_hor)
  0  0.0000 323823.661330  x:  0.06698   4.31851   0.13692  
  1 99.0000 323820.537417  x:  0.06949   4.31856   0.13689  
  2 2532.9908 323820.442198  x:  0.06951   4.32000   0.13504  
  3 79.4403 323792.369201  x:  0.06938   5.68528   0.14384  
  4 77.3160 323792.294299  x:  0.06941   5.68605   0.14210  
  5  0.0017 323792.294128  x:  0.06941   5.68941   0.14207  
  6  0.0023 323792.294122  x:  0.06941   5.68980   0.14209  
  7  0.0003 323792.294122  x:  0.06941   5.68981   0.14209  

8 (Bom_vet) ... 4 (Bom_hyp)
  0  0.0000 323484.790767  x:  0.06818   4.48488   0.21377  
  1 99.0000 323374.743615  x:  0.06714   4.48687   0.13510  
  2 2297.9511 323373.197056  x:  0.06888   4.48695   0.13372  
  3 2235.7839 323353.501243  x:  0.06891   5.63247   0.14330  
  4 39.1704 323353.094654  x:  0.06880   5.65565   0.13941  
  5  0.0379 323353.091706  x:  0.06884   5.66985   0.13945  
  6  0.0102 323353.091643  x:  0.06883   5.67097   0.13947  

8 (Bom_vet) ... 5 (Bom_mus)
  0  0.0000 308442.610065  x:  0.02168   4.60037   0.23197  
  1 99.0000 308442.104870  x:  0.02114   4.60038   0.23142  
  2 1287.9928 308378.143111  x:  0.02135   4.60279   0.12414  
  3 1857.9593 308371.671424  x:  0.02134   5.80139   0.13485  
  4 12.3625 308371.306652  x:  0.02144   5.84754   0.12899  
  5  0.0892 308371.294506  x:  0.02152   5.86551   0.12905  
  6  0.0176 308371.294258  x:  0.02151   5.87393   0.12909  
  7  0.0057 308371.294258  x:  0.02151   5.87392   0.12909  
  8  0.0000 308371.294258  x:  0.02151   5.87393   0.12909  

8 (Bom_vet) ... 6 (Bom_pas)
  0  0.0000 309021.541794  x:  0.02424   4.66073   0.15936  
  1 99.0000 309019.173637  x:  0.02303   4.66074   0.15926  
  2 3690.4178 309015.809045  x:  0.02308   4.66165   0.13882  
  3 306.3101 309010.076543  x:  0.02301   5.78404   0.14555  
  4 11.7075 309010.042302  x:  0.02298   5.78308   0.14356  
  5  0.0024 309010.042299  x:  0.02298   5.78276   0.14355  
  6  0.0007 309010.042288  x:  0.02298   5.78308   0.14353  
  7  0.0006 309010.042283  x:  0.02298   5.78310   0.14354  
  8  0.0001 309010.042283  x:  0.02298   5.78310   0.14354  
check convergence!


8 (Bom_vet) ... 7 (Bom_syl)
  0  0.0000 322909.123371  x:  0.06654   4.56558   0.20926  
  1 99.0000 322902.221189  x:  0.06316   4.56576   0.20294  
  2 1879.9463 322852.352618  x:  0.06514   4.56726   0.14914  
  3 6395.6365 322837.725468  x:  0.06523   5.58135   0.15711  
  4 32.4386 322837.210345  x:  0.06606   5.58612   0.15418  
  5  0.0061 322837.200774  x:  0.06614   5.58635   0.15474  
  6  0.0008 322837.200768  x:  0.06614   5.58685   0.15474  
  7  0.0004 322837.200767  x:  0.06614   5.58696   0.15474  