

2 (And_ful) ... 1 (And_bic)
  0  0.0000 1027171.503869  x:  0.17007   1.50947   0.42471  
  1 99.0000 1024625.278439  x:  0.11560   1.52680   0.32606  
  2 39195.1100 1015010.872070  x:  0.10565   1.57374   0.04976  
  3 176158.9021 1013712.240589  x:  0.11202   2.47437   0.10279  
  4 3866.6732 1011175.867754  x:  0.13356   3.02020   0.04304  
  5  1.6673 1010541.318621  x:  0.15614   3.17392   0.06464  
  6  0.1707 1010382.402535  x:  0.16688   3.40280   0.05256  
  7  0.2015 1010364.783453  x:  0.16541   3.67861   0.05492  
  8  0.0674 1010364.424642  x:  0.16556   3.68847   0.05421  
  9  0.0102 1010364.423896  x:  0.16552   3.68923   0.05421  
 10  0.0006 1010364.423893  x:  0.16552   3.68911   0.05421  
 11  0.0001 1010364.423893  x:  0.16552   3.68911   0.05421  
 12  0.0000 1010364.423893  x:  0.16552   3.68911   0.05421  
check convergence!


3 (And_hae) ... 1 (And_bic)
  0  0.0000 1010646.908354  x:  0.16295   3.32162   0.14239  
  1 99.0000 1008901.207934  x:  0.14082   3.32265   0.06415  
  2 33719.3129 1008724.570458  x:  0.15158   3.32287   0.05065  
  3 29775.5353 1008685.948635  x:  0.15305   3.75919   0.05349  
  4 188.4219 1008645.414635  x:  0.15907   3.62847   0.05805  
  5  0.2431 1008644.681906  x:  0.15984   3.63086   0.05715  
  6  0.0024 1008644.680681  x:  0.15983   3.62858   0.05712  
  7  0.0021 1008644.680680  x:  0.15983   3.62861   0.05712  
  8  0.0000 1008644.680680  x:  0.15983   3.62860   0.05712  

3 (And_hae) ... 2 (And_ful)
  0  0.0000 1005959.167273  x:  0.16128   3.14437   0.14488  
  1 99.0000 1004445.964793  x:  0.12860   3.14575   0.07906  
  2 35516.2665 1004041.816707  x:  0.13778   3.14637   0.05212  
  3 49709.0442 1003863.735484  x:  0.14058   4.13784   0.05852  
  4 419.5285 1003774.218608  x:  0.15212   3.98111   0.06111  
  5  0.1883 1003772.170150  x:  0.15239   3.97141   0.05908  
  6  0.0109 1003772.144490  x:  0.15234   3.95845   0.05903  
  7  0.0098 1003772.144440  x:  0.15234   3.95842   0.05904  
  8  0.0000 1003772.144439  x:  0.15234   3.95843   0.05904  
  9  0.0000 1003772.144439  x:  0.15234   3.95843   0.05904  
 10  0.0000 1003772.144439  x:  0.15234   3.95843   0.05904  

4 (And_hat) ... 1 (And_bic)
  0  0.0000 985633.527667  x:  0.11737   3.62571   0.06060  
  1 99.0000 985632.212978  x:  0.11836   3.62570   0.05934  
  2 1633.1524 985632.066984  x:  0.11808   3.62569   0.05890  
  3 634.6335 985631.861358  x:  0.11808   3.58846   0.05877  
  4 10.8708 985631.861273  x:  0.11807   3.58807   0.05878  
  5  0.0004 985631.861273  x:  0.11807   3.58807   0.05878  

4 (And_hat) ... 2 (And_ful)
  0  0.0000 1005605.333427  x:  0.13522   3.32524   0.10223  
  1 99.0000 1004806.684673  x:  0.16661   3.32584   0.06700  
  2 34010.8344 1004671.226544  x:  0.16185   3.32615   0.05380  
  3 20989.9822 1004579.579467  x:  0.16098   4.05195   0.05727  
  4 283.0631 1004558.065006  x:  0.15483   4.02699   0.05698  
  5  0.0281 1004558.047557  x:  0.15475   4.01705   0.05695  
  6  0.0079 1004558.047226  x:  0.15477   4.01634   0.05695  
  7  0.0007 1004558.047226  x:  0.15477   4.01634   0.05695  
  8  0.0000 1004558.047226  x:  0.15477   4.01634   0.05695  

4 (And_hat) ... 3 (And_hae)
  0  0.0000 1005953.099861  x:  0.12520   3.55543   0.14588  
  1 99.0000 1004832.778983  x:  0.16865   3.55597   0.10855  
  2 43525.7253 1003969.306152  x:  0.16598   3.55668   0.05730  
  3 42493.8788 1003916.055067  x:  0.16536   4.13762   0.06102  
  4 198.3836 1003807.236118  x:  0.15140   4.09978   0.05972  
  5  0.0348 1003806.470723  x:  0.15121   4.08106   0.06088  
  6  0.0341 1003806.456063  x:  0.15125   4.07120   0.06081  
  7  0.0083 1003806.456041  x:  0.15124   4.07111   0.06081  
  8  0.0001 1003806.456041  x:  0.15124   4.07111   0.06081  
  9  0.0000 1003806.456041  x:  0.15124   4.07111   0.06081  
check convergence!


5 (And_mar) ... 1 (And_bic)
  0  0.0000 969282.874782  x:  0.09588   3.49334   0.17298  
  1 99.0000 968945.718195  x:  0.07954   3.49346   0.15510  
  2 26184.9551 967616.621330  x:  0.08178   3.49409   0.05697  
  3 39576.3955 967609.495722  x:  0.08170   3.27420   0.05488  
  4 59.3242 967545.953155  x:  0.08872   3.15747   0.05872  
  5  0.1354 967542.353020  x:  0.08932   3.21154   0.05599  
  6  0.1562 967542.349847  x:  0.08927   3.21326   0.05596  
  7  0.0016 967542.349843  x:  0.08927   3.21313   0.05596  
  8  0.0001 967542.349842  x:  0.08927   3.21313   0.05596  

5 (And_mar) ... 2 (And_ful)
  0  0.0000 1012714.665492  x:  0.15797   3.06638   0.16939  
  1 99.0000 1009750.482376  x:  0.15064   3.06860   0.05624  
  2 35130.8674 1009681.859217  x:  0.16075   3.06888   0.05159  
  3 14447.0148 1009611.799915  x:  0.16247   3.57546   0.05710  
  4 300.4546 1009611.230509  x:  0.16216   3.59344   0.05632  
  5  0.0513 1009611.220121  x:  0.16229   3.59434   0.05626  
  6  0.0008 1009611.220118  x:  0.16229   3.59439   0.05626  
  7  0.0000 1009611.220117  x:  0.16229   3.59441   0.05626  
  8  0.0000 1009611.220117  x:  0.16229   3.59441   0.05626  
check convergence!


5 (And_mar) ... 3 (And_hae)
  0  0.0000 1010239.621602  x:  0.14558   3.28384   0.16324  
  1 99.0000 1007898.669079  x:  0.16935   3.28528   0.06058  
  2 32277.8471 1007823.805047  x:  0.16029   3.28544   0.05386  
  3 15342.0551 1007800.044715  x:  0.15902   3.61029   0.05659  
  4 152.9430 1007790.583186  x:  0.15624   3.53788   0.05939  
  5  0.1837 1007790.563618  x:  0.15640   3.53473   0.05946  
  6  0.0033 1007790.563612  x:  0.15640   3.53460   0.05946  
  7  0.0001 1007790.563612  x:  0.15640   3.53460   0.05946  
  8  0.0000 1007790.563612  x:  0.15640   3.53460   0.05946  

5 (And_mar) ... 4 (And_hat)
  0  0.0000 985713.314060  x:  0.09178   3.23494   0.18837  
  1 99.0000 985073.864441  x:  0.11848   3.23520   0.17234  
  2 45135.1389 983109.101905  x:  0.11931   3.23692   0.05962  
  3 32279.0926 983101.516602  x:  0.11918   3.44105   0.06205  
  4 78.0662 983073.881925  x:  0.11465   3.51038   0.05758  
  5  0.0779 983066.612333  x:  0.11268   3.45845   0.06064  
  6  0.1219 983066.607661  x:  0.11270   3.45324   0.06060  
  7  0.0048 983066.607652  x:  0.11270   3.45323   0.06060  
  8  0.0000 983066.607652  x:  0.11270   3.45324   0.06060  
  9  0.0000 983066.607652  x:  0.11270   3.45323   0.06060  
 10  0.0000 983066.607652  x:  0.11270   3.45323   0.06060  
check convergence!


6 (And_tri) ... 1 (And_bic)
  0  0.0000 985274.811262  x:  0.11269   3.19874   0.15673  
  1 99.0000 983688.512904  x:  0.09984   3.19953   0.06222  
  2 24368.3016 983550.095972  x:  0.10849   3.19960   0.04997  
  3 38385.1872 983547.470503  x:  0.10842   3.08416   0.04940  
  4  5.6708 983506.043619  x:  0.11291   3.02672   0.05638  
  5  1.1810 983505.177618  x:  0.11355   3.05189   0.05547  
  6  0.0237 983505.165434  x:  0.11355   3.04523   0.05537  
  7  0.0069 983505.165411  x:  0.11355   3.04525   0.05536  
  8  0.0000 983505.165410  x:  0.11355   3.04525   0.05536  

6 (And_tri) ... 2 (And_ful)
  0  0.0000 1009312.007656  x:  0.12405   2.93782   0.18088  
  1 99.0000 1007637.179492  x:  0.18039   2.93900   0.13105  
  2 51634.9740 1005643.593045  x:  0.18091   2.94072   0.05022  
  3 62161.6048 1005525.772472  x:  0.17960   3.62345   0.05719  
  4 383.9468 1005253.046363  x:  0.16042   3.72405   0.04713  
  5  0.1004 1005206.480585  x:  0.15471   3.63182   0.05371  
  6  0.2095 1005205.925305  x:  0.15518   3.58649   0.05374  
  7  0.0395 1005205.905640  x:  0.15507   3.58023   0.05364  
  8  0.0061 1005205.905443  x:  0.15508   3.58048   0.05362  
  9  0.0002 1005205.905443  x:  0.15508   3.58047   0.05362  
 10  0.0000 1005205.905443  x:  0.15508   3.58047   0.05362  
 11  0.0000 1005205.905443  x:  0.15508   3.58047   0.05362  
 12  0.0384 1005205.905443  x:  0.15508   3.58047   0.05362  
 13  0.0223 1005205.905443  x:  0.15508   3.58047   0.05362  
check convergence!


6 (And_tri) ... 3 (And_hae)
  0  0.0000 1007996.406888  x:  0.12498   3.09654   0.18864  
  1 99.0000 1006553.184203  x:  0.17724   3.09760   0.13568  
  2 44409.6220 1004752.653962  x:  0.17717   3.09908   0.05487  
  3 63910.7391 1004687.180862  x:  0.17615   3.63584   0.06020  
  4 263.5634 1004366.833741  x:  0.15320   3.66527   0.05278  
  5  0.0339 1004345.030264  x:  0.15051   3.58071   0.05819  
  6  0.2091 1004344.733409  x:  0.15090   3.54803   0.05804  
  7  0.0303 1004344.726752  x:  0.15083   3.54500   0.05797  
  8  0.0032 1004344.726722  x:  0.15084   3.54516   0.05796  
  9  0.0001 1004344.726722  x:  0.15084   3.54515   0.05796  
 10  0.0000 1004344.726722  x:  0.15084   3.54516   0.05796  

6 (And_tri) ... 4 (And_hat)
  0  0.0000 982376.193251  x:  0.11947   3.24359   0.12662  
  1 99.0000 981900.503274  x:  0.09896   3.24388   0.10214  
  2 27625.8532 981376.992727  x:  0.10401   3.24440   0.05750  
  3 36317.8788 981366.294572  x:  0.10425   3.49949   0.05931  
  4 86.6772 981332.828689  x:  0.11038   3.45118   0.06019  
  5  0.0523 981332.610140  x:  0.11042   3.45648   0.05946  
  6  0.0093 981332.609107  x:  0.11038   3.45616   0.05945  
  7  0.0003 981332.609106  x:  0.11038   3.45613   0.05945  
  8  0.0000 981332.609106  x:  0.11038   3.45612   0.05945  
  9  0.0000 981332.609106  x:  0.11038   3.45613   0.05945  

6 (And_tri) ... 5 (And_mar)
  0  0.0000 982432.767660  x:  0.10330   3.30277   0.10253  
  1 99.0000 982124.269734  x:  0.11913   3.30271   0.07444  
  2 18885.2616 981994.362337  x:  0.11391   3.30262   0.05698  
  3 25300.8568 981967.448515  x:  0.11429   2.93175   0.05496  
  4 134.8130 981945.499796  x:  0.10987   2.89670   0.05880  
  5  0.0467 981945.269291  x:  0.10959   2.90883   0.05831  
  6  0.0156 981945.268536  x:  0.10960   2.90759   0.05827  
  7  0.0014 981945.268528  x:  0.10960   2.90770   0.05827  

7 (Bom_pas) ... 1 (And_bic)
  0  0.0000 1223641.643384  x:  1.17530   2.64598   0.05011  
  1 99.0000 1223616.881589  x:  1.17465   2.64635   0.04765  
  2 19946.9364 1223156.111709  x:  1.03511   2.73583   0.05370  
  3 5475.1350 1221863.272647  x:  1.17043   4.10647   0.05368  
  4 2926.9548 1221843.335353  x:  1.14816   4.14044   0.05312  
  5  0.0336 1221843.155146  x:  1.15004   4.16106   0.05309  
  6  0.0107 1221843.154857  x:  1.15010   4.16086   0.05308  
  7  0.0002 1221843.154857  x:  1.15011   4.16088   0.05308  

7 (Bom_pas) ... 2 (And_ful)
  0  0.0000 1240915.806010  x:  1.27573   3.59472   0.14349  
  1 99.0000 1225399.433565  x:  1.26286   3.59596   0.04758  
  2 204841.1255 1225339.813790  x:  1.22480   3.61048   0.05226  
  3 3029.6040 1225008.736293  x:  1.29074   4.48088   0.05094  
  4 931.0481 1224929.948319  x:  1.22703   4.44608   0.05080  
  5  0.0925 1224929.891309  x:  1.22715   4.44797   0.05068  
  6  0.0019 1224929.890992  x:  1.22720   4.44890   0.05068  
  7  0.0007 1224929.890992  x:  1.22720   4.44890   0.05068  
  8  0.0000 1224929.890992  x:  1.22720   4.44890   0.05068  
check convergence!


7 (Bom_pas) ... 3 (And_hae)
  0  0.0000 1227829.937859  x:  1.30444   3.71008   0.08596  
  1 99.0000 1223395.085361  x:  1.30068   3.71047   0.04674  
  2 175774.7947 1222994.195795  x:  1.14570   3.74276   0.05747  
  3 4908.4994 1222849.853737  x:  1.19667   4.30089   0.05630  
  4 564.6047 1222764.252027  x:  1.16019   4.31712   0.05375  
  5  0.0575 1222763.151981  x:  1.16692   4.31929   0.05315  
  6  0.0085 1222763.151783  x:  1.16697   4.31902   0.05315  
  7  0.0003 1222763.151780  x:  1.16696   4.31895   0.05315  

7 (Bom_pas) ... 4 (And_hat)
  0  0.0000 1226855.731350  x:  1.17748   3.75533   0.09723  
  1 99.0000 1222041.336957  x:  1.17328   3.75573   0.05126  
  2 160574.7791 1222001.826654  x:  1.13343   3.77169   0.05456  
  3 1789.2279 1221863.727161  x:  1.17608   4.32765   0.05362  
  4 586.9892 1221854.591254  x:  1.16346   4.32547   0.05282  
  5  0.0204 1221854.572244  x:  1.16259   4.32616   0.05289  
  6  0.0011 1221854.572233  x:  1.16261   4.32633   0.05289  
  7  0.0001 1221854.572233  x:  1.16260   4.32633   0.05289  

7 (Bom_pas) ... 5 (And_mar)
  0  0.0000 1225703.593015  x:  1.06628   3.81239   0.10126  
  1 99.0000 1221753.724119  x:  1.06315   3.81265   0.05635  
  2 137813.9549 1221704.880676  x:  1.10495   3.81553   0.05274  
  3 2332.1201 1221664.269807  x:  1.12105   4.11182   0.05268  
  4 289.5208 1221648.615605  x:  1.13518   4.11641   0.05391  
  5  0.0261 1221648.353233  x:  1.13860   4.11694   0.05363  
  6  0.0030 1221648.352938  x:  1.13865   4.11777   0.05363  
  7  0.0007 1221648.352938  x:  1.13865   4.11777   0.05363  

7 (Bom_pas) ... 6 (And_tri)
  0  0.0000 1245128.014464  x:  1.32167   3.52972   0.17324  
  1 99.0000 1222054.152690  x:  1.29894   3.53167   0.04575  
  2 207026.6245 1221938.080203  x:  1.25516   3.54112   0.05247  
  3 5540.4296 1221679.738824  x:  1.30885   4.28562   0.05141  
  4 779.5074 1221264.544698  x:  1.14071   4.13543   0.05429  
  5  0.2411 1221259.089917  x:  1.15097   4.18281   0.05295  
  6  0.0450 1221258.955309  x:  1.14848   4.18302   0.05297  
  7  0.0032 1221258.954534  x:  1.14852   4.18424   0.05298  
  8  0.0010 1221258.954533  x:  1.14853   4.18426   0.05298  