Supplemental results for CODEML (seqf: /home/yzliu/eDNA/faststorage/yzliu/DK_proj/data/ref_genome/ref_annotation/primary_transcripts/extracted_cds_new/new_transcript_id_7_and_pas/bootstraps/cat.out.OG_cds_7_species_same_header_fas.shuf_537OG_669.phy  treef: xxx.trees)


pairwise comparison (Goldman & Yang 1994)
seq seq        N       S       dN       dS     dN/dS   Paras.
  2   1 449431.1 177070.9   0.0102   0.1728   0.0590   0.1684   3.7530   0.0590 -970366.595
  3   1 449311.9 177190.1   0.0097   0.1590   0.0611   0.1558   3.5950   0.0611 -965333.199
  3   2 447697.4 178804.6   0.0101   0.1543   0.0653   0.1537   4.1424   0.0653 -963317.540
  4   1 449208.1 177293.9   0.0074   0.1198   0.0618   0.1176   3.5941   0.0618 -944662.769
  4   2 447625.0 178877.0   0.0097   0.1617   0.0602   0.1593   4.1319   0.0602 -965317.195
  4   3 446828.5 179673.5   0.0096   0.1495   0.0641   0.1492   4.0477   0.0641 -961567.079
  5   1 451983.8 174518.2   0.0058   0.0907   0.0643   0.0884   3.1546   0.0643 -927592.005
  5   2 449278.0 177224.0   0.0101   0.1687   0.0601   0.1650   3.7427   0.0601 -969149.990
  5   3 449276.7 177225.3   0.0098   0.1551   0.0631   0.1526   3.5727   0.0631 -964327.082
  5   4 449312.6 177189.4   0.0073   0.1138   0.0639   0.1122   3.5519   0.0639 -942024.085
  6   1 453282.5 173219.5   0.0071   0.1177   0.0604   0.1131   3.0178   0.0604 -942877.068
  6   2 450073.6 176428.4   0.0095   0.1631   0.0585   0.1584   3.6563   0.0585 -965576.903
  6   3 449790.3 176711.7   0.0094   0.1518   0.0622   0.1488   3.5262   0.0622 -962121.720
  6   4 450474.6 176027.4   0.0071   0.1139   0.0621   0.1113   3.4142   0.0621 -941339.332
  6   5 453427.2 173074.8   0.0072   0.1131   0.0638   0.1094   2.9806   0.0638 -941347.999
  7   1 447513.6 178988.4   0.0641   1.1334   0.0566   1.1089   4.0397   0.0566 -1171890.357
  7   2 444109.0 182393.0   0.0654   1.2064   0.0542   1.1928   4.3577   0.0542 -1176169.490
  7   3 446303.2 180198.8   0.0646   1.1387   0.0567   1.1206   4.1537   0.0567 -1172744.627
  7   4 446041.4 180460.6   0.0642   1.1445   0.0561   1.1262   4.2095   0.0561 -1172223.384
  7   5 447815.7 178686.3   0.0640   1.1253   0.0568   1.1000   4.0089   0.0568 -1171450.879
  7   6 447341.7 179160.3   0.0640   1.1362   0.0563   1.1119   4.0541   0.0563 -1171875.484

