

2 (And_ful) ... 1 (And_bic)
  0  0.0000 1059544.213468  x:  0.13832   1.41336   0.43326  
  1 99.0000 1057121.426504  x:  0.21954   1.43761   0.31592  
  2 41513.9124 1046766.615216  x:  0.23954   1.48974   0.04482  
  3 143825.5438 1045824.200036  x:  0.23028   2.12032   0.09320  
  4 4070.0590 1042856.488879  x:  0.20034   3.14259   0.04199  
  5  1.8253 1042080.058407  x:  0.16704   3.45206   0.06493  
  6  0.4004 1042044.753260  x:  0.16197   3.56572   0.06001  
  7  0.1174 1042038.091505  x:  0.16452   3.61700   0.05788  
  8  0.0375 1042033.806750  x:  0.16489   3.74137   0.05974  
  9  0.0392 1042033.628756  x:  0.16456   3.75597   0.05944  
 10  0.0139 1042033.628635  x:  0.16457   3.75656   0.05944  

3 (And_hae) ... 1 (And_bic)
  0  0.0000 1040417.209534  x:  0.15140   3.47255   0.14988  
  1 99.0000 1038551.917602  x:  0.15172   3.47353   0.06232  
  2 30407.3773 1038541.110121  x:  0.15611   3.47359   0.06160  
  3 5211.9280 1038536.146783  x:  0.15620   3.62764   0.06298  
  4 67.0494 1038535.424701  x:  0.15608   3.64188   0.06190  
  5  0.0393 1038535.420607  x:  0.15600   3.64185   0.06189  
  6  0.0001 1038535.420607  x:  0.15600   3.64183   0.06189  
  7  0.0000 1038535.420607  x:  0.15600   3.64182   0.06189  
  8  0.0000 1038535.420607  x:  0.15600   3.64182   0.06189  

3 (And_hae) ... 2 (And_ful)
  0  0.0000 1034811.273369  x:  0.12909   3.10777   0.06404  
  1 99.0000 1034538.616801  x:  0.14895   3.10805   0.06432  
  2 28942.8865 1034537.510269  x:  0.14904   3.10852   0.06282  
  3 1387.2871 1034378.571846  x:  0.14906   4.02293   0.06704  
  4 444.2381 1034378.303364  x:  0.14923   4.01870   0.06627  
  5  0.0040 1034378.303251  x:  0.14924   4.01837   0.06626  
  6  0.0003 1034378.303248  x:  0.14924   4.01828   0.06626  
  7  0.0001 1034378.303248  x:  0.14924   4.01827   0.06626  

4 (And_hat) ... 1 (And_bic)
  0  0.0000 1017486.608184  x:  0.10927   3.50698   0.08565  
  1 99.0000 1017313.844108  x:  0.12337   3.50707   0.07505  
  2 20662.7307 1017240.426409  x:  0.12102   3.50719   0.06024  
  3 12387.8112 1017238.205629  x:  0.12098   3.62687   0.06079  
  4 37.7824 1017235.692458  x:  0.11953   3.61935   0.06234  
  5  0.0082 1017235.665134  x:  0.11942   3.61958   0.06213  
  6  0.0004 1017235.665123  x:  0.11942   3.61949   0.06213  
  7  0.0001 1017235.665123  x:  0.11942   3.61948   0.06213  
  8  0.0000 1017235.665123  x:  0.11942   3.61949   0.06213  

4 (And_hat) ... 2 (And_ful)
  0  0.0000 1037316.806995  x:  0.14784   3.20719   0.11199  
  1 99.0000 1036343.710519  x:  0.15803   3.20835   0.05795  
  2 28040.2748 1036338.112825  x:  0.15514   3.20869   0.05701  
  3 3704.8808 1036187.007852  x:  0.15424   4.08820   0.06324  
  4 398.5116 1036182.381641  x:  0.15536   4.11473   0.06048  
  5  0.0470 1036182.342764  x:  0.15519   4.12620   0.06046  
  6  0.0091 1036182.341069  x:  0.15522   4.12864   0.06049  
  7  0.0020 1036182.341067  x:  0.15522   4.12867   0.06049  
  8  0.0000 1036182.341067  x:  0.15522   4.12867   0.06049  

4 (And_hat) ... 3 (And_hae)
  0  0.0000 1034105.564912  x:  0.15364   3.56056   0.04750  
  1 99.0000 1033982.222884  x:  0.15028   3.56067   0.06172  
  2 18663.0674 1033981.205467  x:  0.14903   3.56082   0.06154  
  3 1589.2921 1033935.610950  x:  0.14924   4.09538   0.06297  
  4 187.8588 1033935.596886  x:  0.14917   4.09487   0.06313  
  5  0.0004 1033935.596786  x:  0.14918   4.09494   0.06314  
  6  0.0001 1033935.596786  x:  0.14918   4.09494   0.06314  
  7  0.0000 1033935.596786  x:  0.14918   4.09494   0.06314  
check convergence!


5 (And_mar) ... 1 (And_bic)
  0  0.0000 1000042.438060  x:  0.07665   3.52142   0.13607  
  1 99.0000 999715.863494  x:  0.09327   3.52145   0.12792  
  2 37936.4073 999007.665972  x:  0.09304   3.52162   0.06240  
  3 20483.7819 998993.937647  x:  0.09312   3.21472   0.06001  
  4 84.7259 998988.666641  x:  0.09142   3.18764   0.06265  
  5  0.0318 998987.544290  x:  0.09075   3.20374   0.06139  
  6  0.0278 998987.543284  x:  0.09077   3.20271   0.06134  
  7  0.0011 998987.543279  x:  0.09077   3.20286   0.06134  
  8  0.0002 998987.543279  x:  0.09077   3.20286   0.06134  

5 (And_mar) ... 2 (And_ful)
  0  0.0000 1045236.385851  x:  0.13792   2.98063   0.19471  
  1 99.0000 1043122.464976  x:  0.20313   2.98308   0.10541  
  2 42342.2382 1042066.083525  x:  0.19961   2.98439   0.05438  
  3 78159.8292 1041779.130147  x:  0.19566   4.16276   0.06391  
  4 579.7266 1041220.147246  x:  0.16211   4.01019   0.06021  
  5  0.1467 1041212.358972  x:  0.16148   3.89637   0.06318  
  6  0.1515 1041211.165986  x:  0.16191   3.82499   0.06229  
  7  0.0629 1041211.156982  x:  0.16183   3.82564   0.06220  
  8  0.0007 1041211.156910  x:  0.16184   3.82596   0.06220  
  9  0.0004 1041211.156910  x:  0.16184   3.82596   0.06220  
 10  0.0000 1041211.156910  x:  0.16184   3.82596   0.06220  
check convergence!


5 (And_mar) ... 3 (And_hae)
  0  0.0000 1037533.364475  x:  0.13930   3.22221   0.08552  
  1 99.0000 1037276.355644  x:  0.15671   3.22254   0.06911  
  2 21664.2128 1037245.417967  x:  0.15386   3.22278   0.06219  
  3 8846.6690 1037198.625490  x:  0.15362   3.69863   0.06453  
  4 214.0459 1037197.768272  x:  0.15243   3.69402   0.06452  
  5  0.0049 1037197.767944  x:  0.15243   3.69269   0.06451  
  6  0.0011 1037197.767943  x:  0.15243   3.69267   0.06451  
  7  0.0000 1037197.767943  x:  0.15243   3.69268   0.06451  

5 (And_mar) ... 4 (And_hat)
  0  0.0000 1017046.547668  x:  0.12289   3.28490   0.19636  
  1 99.0000 1016374.395600  x:  0.09792   3.28549   0.16483  
  2 30954.3446 1014666.545177  x:  0.10118   3.28732   0.06369  
  3 56719.6744 1014630.296721  x:  0.10169   3.74416   0.06870  
  4 168.0739 1014490.239137  x:  0.11326   3.75903   0.06060  
  5  0.0235 1014481.449686  x:  0.11426   3.69895   0.06480  
  6  0.1553 1014481.436663  x:  0.11435   3.69351   0.06468  
  7  0.0047 1014481.436647  x:  0.11434   3.69344   0.06468  
  8  0.0001 1014481.436647  x:  0.11434   3.69343   0.06468  
  9  0.0000 1014481.436647  x:  0.11434   3.69343   0.06468  

6 (And_tri) ... 1 (And_bic)
  0  0.0000 1018661.226241  x:  0.11620   3.43192   0.17481  
  1 99.0000 1016973.688692  x:  0.09958   3.43250   0.07268  
  2 24486.2994 1016759.632096  x:  0.10861   3.43256   0.05442  
  3 58884.8396 1016754.001023  x:  0.10820   3.25890   0.05320  
  4 54.5515 1016651.472382  x:  0.11529   3.01660   0.06196  
  5  0.6384 1016647.527136  x:  0.11676   3.10453   0.06111  
  6  0.1003 1016647.388752  x:  0.11694   3.08560   0.06073  
  7  0.0195 1016647.388474  x:  0.11693   3.08528   0.06071  
  8  0.0003 1016647.388474  x:  0.11693   3.08532   0.06071  

6 (And_tri) ... 2 (And_ful)
  0  0.0000 1041843.239784  x:  0.13524   2.96175   0.19434  
  1 99.0000 1039531.652381  x:  0.20028   2.96437   0.09288  
  2 40675.9134 1038689.161303  x:  0.19590   2.96540   0.05055  
  3 81899.8595 1038415.815944  x:  0.19127   4.15190   0.05918  
  4 552.6286 1037797.530595  x:  0.15625   3.90637   0.05807  
  5  0.2483 1037789.747995  x:  0.15622   3.73477   0.05980  
  6  0.1738 1037789.036493  x:  0.15650   3.69583   0.05882  
  7  0.0433 1037789.034159  x:  0.15646   3.69759   0.05878  
  8  0.0020 1037789.034151  x:  0.15647   3.69770   0.05878  
  9  0.0001 1037789.034151  x:  0.15647   3.69770   0.05878  
 10  0.0000 1037789.034151  x:  0.15647   3.69770   0.05878  
 11  0.0199 1037789.034151  x:  0.15647   3.69770   0.05878  
 12  0.0020 1037789.034151  x:  0.15647   3.69770   0.05878  
check convergence!


6 (And_tri) ... 3 (And_hae)
  0  0.0000 1038011.422101  x:  0.14294   3.18586   0.17954  
  1 99.0000 1035219.960441  x:  0.14973   3.18793   0.06053  
  2 31292.2542 1035219.779811  x:  0.14919   3.18806   0.06049  
  3 649.4273 1035197.259450  x:  0.14897   3.48309   0.06409  
  4 170.4194 1035193.108492  x:  0.14934   3.52905   0.06147  
  5  0.1419 1035193.095447  x:  0.14933   3.53685   0.06155  
  6  0.0066 1035193.095439  x:  0.14933   3.53688   0.06155  
  7  0.0000 1035193.095439  x:  0.14933   3.53688   0.06155  

6 (And_tri) ... 4 (And_hat)
  0  0.0000 1016050.268336  x:  0.11088   3.04207   0.14542  
  1 99.0000 1014690.771072  x:  0.12229   3.04370   0.06173  
  2 23700.2736 1014648.990834  x:  0.11599   3.04388   0.05741  
  3 13339.6429 1014598.357440  x:  0.11485   3.54684   0.06236  
  4 218.3680 1014598.134384  x:  0.11510   3.55647   0.06173  
  5  0.0223 1014598.131348  x:  0.11505   3.55787   0.06170  
  6  0.0014 1014598.131323  x:  0.11505   3.55824   0.06171  
  7  0.0003 1014598.131323  x:  0.11505   3.55824   0.06170  
  8  0.0000 1014598.131323  x:  0.11505   3.55824   0.06170  

6 (And_tri) ... 5 (And_mar)
  0  0.0000 1016074.082899  x:  0.11833   3.16335   0.18054  
  1 99.0000 1015482.373965  x:  0.09561   3.16369   0.14846  
  2 28019.2770 1014232.874287  x:  0.09964   3.16450   0.06557  
  3 57953.7295 1014231.478322  x:  0.09962   3.08152   0.06471  
  4 14.6405 1014097.283954  x:  0.11147   3.03567   0.06594  
  5  0.1162 1014096.763982  x:  0.11156   3.05045   0.06487  
  6  0.0383 1014096.762298  x:  0.11158   3.05311   0.06489  
  7  0.0028 1014096.762294  x:  0.11158   3.05308   0.06489  

7 (Bom_pas) ... 1 (And_bic)
  0  0.0000 1292488.154764  x:  1.25861   2.91405   0.19809  
  1 99.0000 1266145.424726  x:  1.22814   2.91795   0.04989  
  2 197187.0599 1266048.726592  x:  1.19471   2.93306   0.05609  
  3 5556.1535 1265120.722063  x:  1.30665   4.23405   0.05499  
  4 2036.6370 1264730.339904  x:  1.15913   4.16688   0.05639  
  5  0.1576 1264729.934570  x:  1.16248   4.18694   0.05607  
  6  0.0158 1264729.901760  x:  1.16165   4.19162   0.05612  
  7  0.0046 1264729.899779  x:  1.16184   4.19274   0.05613  
  8  0.0011 1264729.899779  x:  1.16185   4.19276   0.05613  

7 (Bom_pas) ... 2 (And_ful)
  0  0.0000 1293819.196129  x:  1.38195   3.70316   0.17977  
  1 99.0000 1269178.719972  x:  1.35904   3.70516   0.04792  
  2 213353.4312 1269090.423202  x:  1.31572   3.71618   0.05457  
  3 4873.8841 1268760.473652  x:  1.37828   4.58431   0.05335  
  4 873.5393 1268433.526668  x:  1.22613   4.44828   0.05525  
  5  0.1984 1268431.214224  x:  1.23402   4.47675   0.05435  
  6  0.0290 1268431.155934  x:  1.23243   4.47840   0.05436  
  7  0.0027 1268431.154657  x:  1.23253   4.48009   0.05437  
  8  0.0013 1268431.154656  x:  1.23253   4.48010   0.05437  

7 (Bom_pas) ... 3 (And_hae)
  0  0.0000 1290027.998796  x:  1.35671   3.84646   0.18471  
  1 99.0000 1265554.765078  x:  1.33112   3.84832   0.04904  
  2 204595.3603 1265437.085937  x:  1.28786   3.85552   0.05604  
  3 5727.2110 1265285.047277  x:  1.32679   4.44407   0.05512  
  4 559.0446 1264815.329044  x:  1.14709   4.24574   0.05891  
  5  0.2881 1264807.342007  x:  1.15832   4.30929   0.05726  
  6  0.0588 1264807.155527  x:  1.15530   4.30525   0.05728  
  7  0.0067 1264807.154926  x:  1.15529   4.30417   0.05728  
  8  0.0009 1264807.154926  x:  1.15529   4.30416   0.05728  

7 (Bom_pas) ... 4 (And_hat)
  0  0.0000 1278270.544245  x:  1.19041   3.80264   0.14979  
  1 99.0000 1264776.989540  x:  1.17742   3.80365   0.05436  
  2 184349.5100 1264763.630606  x:  1.16031   3.81260   0.05664  
  3 1397.1853 1264616.347250  x:  1.19841   4.37919   0.05571  
  4 665.9502 1264607.519814  x:  1.18044   4.37073   0.05546  
  5  0.0290 1264607.518160  x:  1.18017   4.37056   0.05548  
  6  0.0003 1264607.518159  x:  1.18017   4.37053   0.05548  
  7  0.0000 1264607.518159  x:  1.18017   4.37053   0.05548  

7 (Bom_pas) ... 5 (And_mar)
  0  0.0000 1264055.413899  x:  1.14334   3.60772   0.06277  
  1 99.0000 1263889.441842  x:  1.14275   3.60786   0.05569  
  2 44437.6785 1263850.316318  x:  1.10059   3.62958   0.05791  
  3 1603.0097 1263691.724731  x:  1.14548   4.18543   0.05729  
  4 722.4798 1263691.146634  x:  1.14292   4.18657   0.05705  
  5  0.0030 1263691.143690  x:  1.14261   4.18706   0.05708  
  6  0.0006 1263691.143689  x:  1.14261   4.18711   0.05708  
  7  0.0000 1263691.143689  x:  1.14261   4.18710   0.05708  

7 (Bom_pas) ... 6 (And_tri)
  0  0.0000 1278859.117215  x:  1.25898   3.77422   0.14509  
  1 99.0000 1264629.578169  x:  1.24557   3.77520   0.05154  
  2 196370.4798 1264537.666740  x:  1.19532   3.78483   0.05786  
  3 3748.9473 1264446.349959  x:  1.22578   4.22124   0.05708  
  4 448.4053 1264320.840446  x:  1.15061   4.17089   0.05701  
  5  0.1304 1264319.464790  x:  1.15632   4.18261   0.05628  
  6  0.0138 1264319.457526  x:  1.15580   4.18234   0.05628  
  7  0.0006 1264319.457522  x:  1.15580   4.18243   0.05628  
  8  0.0001 1264319.457522  x:  1.15580   4.18243   0.05628  