Supplemental results for CODEML (seqf: /home/yzliu/eDNA/faststorage/yzliu/DK_proj/data/ref_genome/ref_annotation/primary_transcripts/extracted_cds_new/new_transcript_id_7_and_pas/bootstraps/cat.out.OG_cds_7_species_same_header_fas.shuf_537OG_33.phy  treef: xxx.trees)


pairwise comparison (Goldman & Yang 1994)
seq seq        N       S       dN       dS     dN/dS   Paras.
  2   1 487097.4 192018.6   0.0097   0.1712   0.0564   0.1660   3.7462   0.0564 -1049732.753
  3   1 486026.7 193089.3   0.0097   0.1620   0.0598   0.1590   3.7352   0.0598 -1047145.837
  3   2 485412.5 193703.5   0.0100   0.1562   0.0638   0.1550   4.0815   0.0638 -1044554.290
  4   1 487054.8 192061.2   0.0072   0.1224   0.0591   0.1194   3.5888   0.0591 -1024263.118
  4   2 485701.1 193414.9   0.0096   0.1615   0.0597   0.1586   4.0313   0.0597 -1045817.740
  4   3 483962.0 195154.0   0.0097   0.1526   0.0639   0.1524   4.1094   0.0639 -1043546.532
  5   1 489501.1 189614.9   0.0051   0.0932   0.0551   0.0892   3.2129   0.0551 -1004391.421
  5   2 486259.8 192856.2   0.0099   0.1688   0.0587   0.1651   3.8325   0.0587 -1049771.788
  5   3 485465.9 193650.1   0.0100   0.1571   0.0634   0.1558   3.7855   0.0634 -1046204.262
  5   4 486775.6 192340.4   0.0073   0.1163   0.0632   0.1146   3.5981   0.0632 -1022021.585
  6   1 491150.6 187965.4   0.0066   0.1222   0.0537   0.1158   3.0396   0.0537 -1022210.325
  6   2 487932.7 191183.3   0.0091   0.1653   0.0552   0.1593   3.6173   0.0552 -1046239.625
  6   3 486791.2 192324.8   0.0094   0.1565   0.0603   0.1533   3.6182   0.0603 -1044532.044
  6   4 488281.3 190834.7   0.0070   0.1172   0.0601   0.1140   3.4181   0.0601 -1021448.371
  6   5 491039.2 188076.8   0.0068   0.1170   0.0578   0.1119   3.0307   0.0578 -1020654.423
  7   1 484670.2 194445.8   0.0634   1.1797   0.0538   1.1491   4.1936   0.0538 -1268113.591
  7   2 481379.8 197736.2   0.0646   1.2516   0.0516   1.2306   4.4635   0.0516 -1272626.505
  7   3 483467.2 195648.8   0.0640   1.1811   0.0542   1.1575   4.2973   0.0542 -1269234.102
  7   4 483221.7 195894.3   0.0637   1.1932   0.0534   1.1685   4.3437   0.0534 -1268871.139
  7   5 484939.9 194176.1   0.0634   1.1676   0.0543   1.1375   4.1849   0.0543 -1267592.093
  7   6 484756.1 194359.9   0.0633   1.1836   0.0535   1.1518   4.1793   0.0535 -1268162.585

