Supplemental results for CODEML (seqf: /home/yzliu/eDNA/faststorage/yzliu/DK_proj/data/ref_genome/ref_annotation/primary_transcripts/extracted_cds_new/new_transcript_id_7_and_pas/bootstraps/cat.out.OG_cds_7_species_same_header_fas.shuf_537OG_206.phy  treef: xxx.trees)


pairwise comparison (Goldman & Yang 1994)
seq seq        N       S       dN       dS     dN/dS   Paras.
  2   1 475555.0 186290.0   0.0108   0.1697   0.0634   0.1665   3.6527   0.0634 -1024695.916
  3   1 475209.9 186635.1   0.0103   0.1594   0.0645   0.1570   3.5597   0.0645 -1020351.458
  3   2 473222.1 188622.9   0.0103   0.1533   0.0674   0.1532   4.0896   0.0674 -1017203.822
  4   1 475265.9 186579.1   0.0081   0.1177   0.0684   0.1169   3.5317   0.0684 -997967.688
  4   2 473250.2 188594.8   0.0103   0.1570   0.0653   0.1562   4.0535   0.0653 -1018642.982
  4   3 471990.6 189854.4   0.0099   0.1487   0.0669   0.1493   4.0777   0.0669 -1015493.059
  5   1 478704.8 183140.2   0.0058   0.0915   0.0636   0.0886   3.0615   0.0636 -979392.866
  5   2 474458.9 187386.1   0.0107   0.1659   0.0643   0.1639   3.7800   0.0643 -1023379.290
  5   3 474226.5 187618.5   0.0103   0.1547   0.0664   0.1537   3.6693   0.0664 -1018888.954
  5   4 474634.6 187210.4   0.0078   0.1113   0.0704   0.1113   3.5923   0.0704 -994699.200
  6   1 479980.9 181864.1   0.0074   0.1174   0.0632   0.1129   2.9287   0.0632 -995750.851
  6   2 475822.7 186022.3   0.0099   0.1602   0.0616   0.1564   3.5950   0.0616 -1018961.864
  6   3 475341.3 186503.7   0.0097   0.1510   0.0640   0.1484   3.5241   0.0640 -1015700.923
  6   4 476208.1 185636.9   0.0074   0.1115   0.0660   0.1097   3.3920   0.0660 -993182.495
  6   5 479446.2 182398.8   0.0074   0.1114   0.0666   0.1082   2.9670   0.0666 -993306.302
  7   1 473003.4 188841.6   0.0670   1.1648   0.0575   1.1407   4.0790   0.0575 -1240873.951
  7   2 469605.6 192239.4   0.0679   1.2386   0.0549   1.2239   4.3878   0.0549 -1244601.519
  7   3 471419.5 190425.5   0.0673   1.1705   0.0575   1.1541   4.2467   0.0575 -1241159.021
  7   4 471589.0 190256.0   0.0670   1.1697   0.0573   1.1519   4.2446   0.0573 -1240716.431
  7   5 472968.2 188876.8   0.0671   1.1585   0.0579   1.1356   4.1046   0.0579 -1240490.051
  7   6 472934.5 188910.5   0.0667   1.1655   0.0572   1.1409   4.0966   0.0572 -1240195.316

