Supplemental results for CODEML (seqf: /home/yzliu/eDNA/faststorage/yzliu/DK_proj/data/ref_genome/ref_annotation/primary_transcripts/extracted_cds_new/new_transcript_id_8_bom_apis/bootstraps/cat.out.OG_cds_8_species_same_header_fas.shuf_211OG_579.phy  treef: xxx.trees)


pairwise comparison (Goldman & Yang 1994)
seq seq        N       S       dN       dS     dN/dS   Paras.
  2   1 171388.8  55165.2   0.0569   0.5967   0.0954   0.5651   4.0804   0.0954 -397240.214
  3   1 171081.7  55472.3   0.0565   0.6137   0.0920   0.5788   4.1527   0.0920 -397616.941
  3   2 167179.9  59374.1   0.0134   0.1100   0.1218   0.1162   5.4099   0.1218 -337125.989
  4   1 171559.7  54994.3   0.0558   0.6031   0.0925   0.5659   4.0953   0.0925 -396480.823
  4   2 167682.5  58871.5   0.0128   0.1022   0.1249   0.1080   5.2966   0.1249 -335207.180
  4   3 166849.9  59704.1   0.0075   0.0623   0.1207   0.0659   5.9034   0.1207 -324316.278
  5   1 171575.3  54978.7   0.0565   0.6118   0.0923   0.5737   4.0873   0.0923 -397094.884
  5   2 167872.2  58681.8   0.0142   0.1086   0.1312   0.1161   5.1384   0.1312 -337313.727
  5   3 167211.1  59342.9   0.0083   0.0615   0.1358   0.0668   5.5550   0.1358 -324852.081
  5   4 167563.8  58990.2   0.0080   0.0629   0.1273   0.0669   5.5821   0.1273 -324518.930
  6   1 171515.3  55038.7   0.0567   0.6112   0.0927   0.5742   4.1112   0.0927 -397192.681
  6   2 167730.3  58823.7   0.0144   0.1092   0.1320   0.1171   5.2404   0.1320 -337538.648
  6   3 166812.9  59741.1   0.0086   0.0626   0.1367   0.0684   5.9246   0.1367 -325237.662
  6   4 167128.1  59425.9   0.0085   0.0633   0.1338   0.0685   5.9984   0.1338 -325011.681
  6   5 166704.1  59849.9   0.0028   0.0202   0.1370   0.0221   6.4842   0.1370 -310392.696
  7   1 171616.2  54937.8   0.0576   0.6053   0.0952   0.5712   4.0940   0.0952 -397527.761
  7   2 167667.9  58886.1   0.0149   0.1127   0.1320   0.1209   5.3571   0.1320 -338419.020
  7   3 166939.5  59614.5   0.0089   0.0668   0.1336   0.0724   5.8673   0.1336 -326333.049
  7   4 167238.4  59315.6   0.0086   0.0663   0.1302   0.0712   5.9580   0.1302 -325730.141
  7   5 167552.3  59001.7   0.0088   0.0601   0.1458   0.0664   5.6458   0.1458 -324672.811
  7   6 167158.2  59395.8   0.0090   0.0609   0.1483   0.0679   6.0251   0.1483 -325073.807
  8   1 171473.5  55080.5   0.0564   0.6111   0.0924   0.5739   4.1062   0.0924 -397119.388
  8   2 167599.3  58954.7   0.0141   0.1099   0.1282   0.1170   5.3132   0.1282 -337411.333
  8   3 166790.4  59763.6   0.0083   0.0618   0.1339   0.0672   5.8981   0.1339 -324893.426
  8   4 167105.3  59448.7   0.0081   0.0635   0.1271   0.0678   5.9703   0.1271 -324738.893
  8   5 167184.8  59369.2   0.0023   0.0192   0.1223   0.0203   5.8936   0.1223 -309693.596
  8   6 165859.9  60694.1   0.0027   0.0204   0.1311   0.0223   7.5193   0.1311 -310384.273
  8   7 167150.7  59403.3   0.0087   0.0605   0.1436   0.0668   5.9803   0.1436 -324741.568

