

2 (Bom_con) ... 1 (Apis_mel)
  0  0.0000 404556.788494  x:  0.41721   1.59890   0.43289  
  1 99.0000 396407.622440  x:  0.48443   1.66135   0.08738  
  2 23276.5216 396242.107967  x:  0.54455   1.69729   0.09013  
  3 5189.0366 395613.913485  x:  0.49065   2.34606   0.13344  
  4 2718.1251 394757.266193  x:  0.54330   2.89125   0.08362  
  5  1.6989 394574.057068  x:  0.54967   3.47640   0.10286  
  6  0.3433 394510.854810  x:  0.55697   3.85591   0.09233  
  7  0.2626 394509.476853  x:  0.55705   3.92011   0.09400  
  8  0.0483 394509.436786  x:  0.55718   3.93178   0.09377  
  9  0.0107 394509.436778  x:  0.55716   3.93179   0.09378  
 10  0.0000 394509.436778  x:  0.55716   3.93179   0.09378  

3 (Bom_hor) ... 1 (Apis_mel)
  0  0.0000 395085.917307  x:  0.54714   3.51047   0.11942  
  1 99.0000 394883.001704  x:  0.54532   3.51092   0.09196  
  2 13111.4229 394874.721376  x:  0.56156   3.51341   0.08963  
  3 1028.2345 394839.459484  x:  0.56724   3.96933   0.09103  
  4 169.5608 394839.455163  x:  0.56756   3.96906   0.09093  
  5  0.0004 394839.455057  x:  0.56759   3.96901   0.09094  
  6  0.0001 394839.455057  x:  0.56759   3.96901   0.09094  
  7  0.0000 394839.455057  x:  0.56759   3.96901   0.09094  
  8  0.0000 394839.455057  x:  0.56759   3.96901   0.09094  
  9  0.0093 394839.455057  x:  0.56759   3.96901   0.09094  
 10  0.0024 394839.455057  x:  0.56759   3.96901   0.09094  
check convergence!


3 (Bom_hor) ... 2 (Bom_con)
  0  0.0000 336659.117844  x:  0.09181   3.42676   0.11423  
  1 99.0000 336442.578432  x:  0.11762   3.42696   0.11612  
  2 18322.2186 336440.605808  x:  0.11738   3.42840   0.12242  
  3 656.4819 336346.203036  x:  0.11727   4.99612   0.13157  
  4 158.5896 336346.038611  x:  0.11738   4.99597   0.12972  
  5  0.0015 336346.038134  x:  0.11738   4.99944   0.12967  
  6  0.0022 336346.038096  x:  0.11738   5.00018   0.12970  

4 (Bom_hyp) ... 1 (Apis_mel)
  0  0.0000 394371.238496  x:  0.46712   4.05618   0.12113  
  1 99.0000 394154.856291  x:  0.48789   4.05596   0.09200  
  2 10792.4125 393959.381408  x:  0.55711   4.05495   0.09427  
  3 8614.0872 393957.560384  x:  0.55611   3.94459   0.09394  
  4 32.0935 393954.024683  x:  0.55953   3.95325   0.09052  
  5  0.0126 393954.007844  x:  0.56028   3.95412   0.09048  
  6  0.0010 393954.007834  x:  0.56028   3.95409   0.09049  
  7  0.0000 393954.007834  x:  0.56028   3.95409   0.09049  
  8  0.0000 393954.007834  x:  0.56028   3.95409   0.09049  

4 (Bom_hyp) ... 2 (Bom_con)
  0  0.0000 334952.033234  x:  0.10272   3.43734   0.14272  
  1 99.0000 334928.097193  x:  0.11156   3.43762   0.14009  
  2 5349.6841 334914.136499  x:  0.11143   3.43953   0.12257  
  3 1614.9620 334815.210447  x:  0.11125   5.09633   0.13520  
  4 151.4931 334814.425787  x:  0.11133   5.10527   0.13098  
  5  0.0098 334814.419491  x:  0.11135   5.12179   0.13100  
  6  0.0085 334814.419435  x:  0.11134   5.12199   0.13103  
  7  0.0002 334814.419435  x:  0.11134   5.12200   0.13103  

4 (Bom_hyp) ... 3 (Bom_hor)
  0  0.0000 322999.858880  x:  0.05545   4.34010   0.22869  
  1 99.0000 322953.223349  x:  0.06436   4.34016   0.22641  
  2 10698.9524 322770.697870  x:  0.06471   4.34272   0.12218  
  3 2871.5150 322749.075198  x:  0.06462   5.53102   0.13286  
  4 41.7018 322748.008646  x:  0.06460   5.57751   0.12675  
  5  0.0892 322747.995541  x:  0.06451   5.60704   0.12693  
  6  0.0204 322747.995348  x:  0.06453   5.60909   0.12694  
  7  0.0016 322747.995348  x:  0.06453   5.60917   0.12694  
  8  0.0001 322747.995348  x:  0.06453   5.60917   0.12694  
  9  0.0000 322747.995348  x:  0.06453   5.60917   0.12694  

5 (Bom_mus) ... 1 (Apis_mel)
  0  0.0000 396437.033576  x:  0.55476   4.55130   0.19713  
  1 99.0000 394815.397653  x:  0.53766   4.55113   0.09641  
  2 23304.0078 394778.919428  x:  0.56735   4.54889   0.08818  
  3 2400.9676 394735.280911  x:  0.56039   4.05334   0.08723  
  4 140.9617 394723.420532  x:  0.56809   3.98529   0.09112  
  5  0.1715 394723.184956  x:  0.56787   3.94660   0.09090  
  6  0.0509 394723.183776  x:  0.56807   3.94688   0.09086  
  7  0.0003 394723.183775  x:  0.56807   3.94689   0.09086  

5 (Bom_mus) ... 2 (Bom_con)
  0  0.0000 337264.316321  x:  0.10382   3.51193   0.19325  
  1 99.0000 337173.229849  x:  0.12152   3.51227   0.18614  
  2 10146.8273 337036.015123  x:  0.12144   3.51520   0.12502  
  3 4379.0476 336948.599782  x:  0.12120   4.99233   0.13939  
  4 144.2761 336946.296745  x:  0.12079   5.02140   0.13260  
  5  0.0407 336946.248460  x:  0.12044   5.04564   0.13284  
  6  0.0180 336946.245885  x:  0.12050   5.05394   0.13288  
  7  0.0052 336946.245883  x:  0.12049   5.05400   0.13287  
  8  0.0001 336946.245883  x:  0.12049   5.05400   0.13287  

5 (Bom_mus) ... 3 (Bom_hor)
  0  0.0000 324026.514025  x:  0.05673   4.27814   0.21267  
  1 99.0000 323958.892410  x:  0.06765   4.27818   0.21064  
  2 12984.2826 323836.050815  x:  0.06796   4.27982   0.12948  
  3 2506.6258 323827.069185  x:  0.06792   4.97900   0.13545  
  4 28.0851 323826.674643  x:  0.06793   4.99686   0.13170  
  5  0.0321 323826.673845  x:  0.06793   5.00410   0.13174  
  6  0.0055 323826.673844  x:  0.06793   5.00408   0.13174  
  7  0.0000 323826.673844  x:  0.06793   5.00408   0.13174  
  8  0.0000 323826.673844  x:  0.06793   5.00408   0.13174  
  9  0.0000 323826.673844  x:  0.06793   5.00408   0.13174  
check convergence!


5 (Bom_mus) ... 4 (Bom_hyp)
  0  0.0000 323984.154938  x:  0.07037   4.16930   0.11868  
  1 99.0000 323983.387473  x:  0.06912   4.16936   0.11930  
  2 1088.2537 323981.797920  x:  0.06928   4.17007   0.12647  
  3 560.3160 323956.898157  x:  0.06919   5.38385   0.13231  
  4 48.3119 323956.883403  x:  0.06918   5.38314   0.13158  
  5  0.0009 323956.883390  x:  0.06918   5.38399   0.13158  
  6  0.0006 323956.883390  x:  0.06918   5.38410   0.13158  

6 (Bom_pas) ... 1 (Apis_mel)
  0  0.0000 395645.548140  x:  0.50286   4.33097   0.14992  
  1 99.0000 395114.049829  x:  0.51014   4.33072   0.09774  
  2 16618.2374 394981.022455  x:  0.57473   4.32855   0.08956  
  3 4665.5304 394962.106477  x:  0.57046   3.95701   0.08861  
  4 96.8938 394959.828946  x:  0.57035   3.94795   0.09113  
  5  0.0200 394959.818304  x:  0.56983   3.95087   0.09120  
  6  0.0026 394959.818213  x:  0.56980   3.95014   0.09120  
  7  0.0008 394959.818213  x:  0.56980   3.95014   0.09120  

6 (Bom_pas) ... 2 (Bom_con)
  0  0.0000 337672.506210  x:  0.10713   3.57011   0.19871  
  1 99.0000 337597.083738  x:  0.12347   3.57047   0.19090  
  2 8790.5145 337456.776821  x:  0.12317   3.57339   0.12816  
  3 4594.8702 337374.954674  x:  0.12292   5.01072   0.14220  
  4 137.8452 337372.745747  x:  0.12232   5.03827   0.13558  
  5  0.0384 337372.688173  x:  0.12190   5.05757   0.13592  
  6  0.0160 337372.685818  x:  0.12194   5.06643   0.13595  
  7  0.0053 337372.685818  x:  0.12194   5.06640   0.13595  

6 (Bom_pas) ... 3 (Bom_hor)
  0  0.0000 324283.561749  x:  0.05841   4.10732   0.14338  
  1 99.0000 324219.849366  x:  0.06919   4.10737   0.14295  
  2 12563.8715 324216.272796  x:  0.06927   4.10827   0.13221  
  3 591.8457 324194.632999  x:  0.06918   5.20653   0.13900  
  4 45.8941 324194.473499  x:  0.06922   5.20424   0.13651  
  5  0.0034 324194.473442  x:  0.06922   5.20601   0.13650  
  6  0.0012 324194.473441  x:  0.06922   5.20614   0.13651  
  7  0.0001 324194.473441  x:  0.06922   5.20614   0.13651  

6 (Bom_pas) ... 4 (Bom_hyp)
  0  0.0000 324502.451661  x:  0.07517   4.39456   0.15692  
  1 99.0000 324491.088220  x:  0.07025   4.39462   0.15565  
  2 4365.2435 324479.455342  x:  0.07074   4.39570   0.13392  
  3 1054.0929 324456.539420  x:  0.07068   5.60840   0.14119  
  4 43.7292 324456.429527  x:  0.07071   5.61236   0.13914  
  5  0.0049 324456.429263  x:  0.07072   5.61705   0.13915  
  6  0.0031 324456.429262  x:  0.07072   5.61711   0.13915  
  7  0.0001 324456.429262  x:  0.07072   5.61711   0.13915  
  8  0.0000 324456.429262  x:  0.07072   5.61713   0.13915  
  9  0.0000 324456.429262  x:  0.07072   5.61711   0.13915  
 10  0.0000 324456.429262  x:  0.07072   5.61713   0.13915  

6 (Bom_pas) ... 5 (Bom_mus)
  0  0.0000 309299.311459  x:  0.02284   4.49503   0.21113  
  1 99.0000 309298.535346  x:  0.02215   4.49504   0.21078  
  2 1966.1949 309249.992297  x:  0.02232   4.49713   0.12627  
  3 1109.9396 309241.927682  x:  0.02229   5.79337   0.13654  
  4 14.4529 309241.275793  x:  0.02234   5.83771   0.12830  
  5  0.0789 309241.269457  x:  0.02239   5.86935   0.12842  
  6  0.0240 309241.269100  x:  0.02238   5.87708   0.12846  
  7  0.0068 309241.269095  x:  0.02238   5.87660   0.12846  
  8  0.0004 309241.269094  x:  0.02238   5.87660   0.12846  

7 (Bom_syl) ... 1 (Apis_mel)
  0  0.0000 396410.795432  x:  0.45203   4.82165   0.16828  
  1 99.0000 395579.703509  x:  0.48429   4.82075   0.09920  
  2 17420.6928 395283.568264  x:  0.57278   4.81767   0.10010  
  3 8704.9533 395189.337650  x:  0.56617   3.95157   0.09738  
  4 196.0595 395184.695685  x:  0.56845   3.96631   0.09343  
  5  0.0305 395184.668758  x:  0.56765   3.95752   0.09342  
  6  0.0085 395184.667397  x:  0.56754   3.95970   0.09343  
  7  0.0025 395184.667397  x:  0.56754   3.95970   0.09343  
  8  0.0000 395184.667397  x:  0.56754   3.95969   0.09343  

7 (Bom_syl) ... 2 (Bom_con)
  0  0.0000 337956.830388  x:  0.12878   3.35608   0.12814  
  1 99.0000 337949.591010  x:  0.12344   3.35645   0.12834  
  2 2656.4252 337948.897326  x:  0.12333   3.36041   0.13212  
  3 260.8156 337815.828693  x:  0.12348   5.20230   0.14139  
  4 395.7934 337815.721969  x:  0.12355   5.19911   0.13983  
  5  0.0031 337815.721906  x:  0.12354   5.19974   0.13980  
  6  0.0005 337815.721897  x:  0.12354   5.20026   0.13981  
  7  0.0003 337815.721897  x:  0.12354   5.20034   0.13981  
  8  0.0001 337815.721897  x:  0.12354   5.20029   0.13981  

7 (Bom_syl) ... 3 (Bom_hor)
  0  0.0000 324609.196290  x:  0.06773   4.19448   0.14200  
  1 99.0000 324604.797179  x:  0.07074   4.19454   0.14148  
  2 2944.4211 324602.166490  x:  0.07077   4.19564   0.13178  
  3 529.8015 324569.598082  x:  0.07065   5.60753   0.14018  
  4 55.4274 324569.473333  x:  0.07067   5.61052   0.13799  
  5  0.0036 324569.472964  x:  0.07067   5.61614   0.13800  
  6  0.0034 324569.472963  x:  0.07067   5.61616   0.13801  
  7  0.0000 324569.472963  x:  0.07067   5.61616   0.13801  
  8  0.0000 324569.472963  x:  0.07067   5.61616   0.13801  
  9  0.0000 324569.472963  x:  0.07067   5.61616   0.13801  
 10  0.0114 324569.472963  x:  0.07067   5.61616   0.13801  
check convergence!


7 (Bom_syl) ... 4 (Bom_hyp)
  0  0.0000 324822.756677  x:  0.07032   4.52378   0.14932  
  1 99.0000 324821.247453  x:  0.07210   4.52385   0.14858  
  2 1579.5460 324817.519554  x:  0.07202   4.52486   0.13681  
  3 693.0188 324788.387995  x:  0.07192   5.96378   0.14475  
  4 48.0597 324788.265134  x:  0.07193   5.96671   0.14254  
  5  0.0037 324788.264826  x:  0.07193   5.97221   0.14255  
  6  0.0034 324788.264825  x:  0.07193   5.97223   0.14256  

7 (Bom_syl) ... 5 (Bom_mus)
  0  0.0000 324199.227028  x:  0.05680   4.91869   0.14637  
  1 99.0000 324116.044576  x:  0.06900   4.91871   0.14643  
  2 14639.3906 324115.996943  x:  0.06901   4.91910   0.14502  
  3 64.3758 324111.456311  x:  0.06898   5.51021   0.14794  
  4 18.1398 324111.451239  x:  0.06897   5.49488   0.14758  
  5  0.0137 324111.451203  x:  0.06897   5.49374   0.14760  
  6  0.0010 324111.451203  x:  0.06897   5.49380   0.14760  
  7  0.0000 324111.451202  x:  0.06897   5.49374   0.14760  

7 (Bom_syl) ... 6 (Bom_pas)
  0  0.0000 324589.254695  x:  0.06176   4.43147   0.16851  
  1 99.0000 324552.468893  x:  0.07010   4.43151   0.16780  
  2 9194.4237 324543.113660  x:  0.07022   4.43268   0.14727  
  3 846.2813 324521.358109  x:  0.07015   5.61857   0.15491  
  4 42.3113 324521.223480  x:  0.07019   5.62273   0.15245  
  5  0.0052 324521.223154  x:  0.07020   5.62778   0.15246  
  6  0.0034 324521.223152  x:  0.07020   5.62788   0.15247  
  7  0.0001 324521.223152  x:  0.07020   5.62788   0.15247  

8 (Bom_vet) ... 1 (Apis_mel)
  0  0.0000 396188.052704  x:  0.55317   4.68249   0.17949  
  1 99.0000 394978.672954  x:  0.54196   4.68215   0.09622  
  2 21926.3582 394942.272968  x:  0.57369   4.67933   0.08855  
  3 2285.9579 394876.284156  x:  0.56386   3.95090   0.08733  
  4 166.2069 394869.372110  x:  0.56947   3.94067   0.09097  
  5  0.0280 394869.356464  x:  0.56947   3.94889   0.09087  
  6  0.0095 394869.356024  x:  0.56944   3.94787   0.09085  
  7  0.0011 394869.356024  x:  0.56944   3.94786   0.09085  

8 (Bom_vet) ... 2 (Bom_con)
  0  0.0000 337004.826821  x:  0.12074   3.52547   0.16245  
  1 99.0000 336971.900463  x:  0.11282   3.52658   0.14312  
  2 3033.9528 336945.443932  x:  0.11830   3.52793   0.12287  
  3 6542.6685 336863.761179  x:  0.11894   5.00395   0.13467  
  4 137.6569 336863.262614  x:  0.11983   4.99400   0.13200  
  5  0.0101 336863.261930  x:  0.11987   4.99126   0.13204  
  6  0.0024 336863.261848  x:  0.11986   4.98974   0.13202  
  7  0.0011 336863.261848  x:  0.11986   4.98974   0.13203  

8 (Bom_vet) ... 3 (Bom_hor)
  0  0.0000 324024.153992  x:  0.06001   4.16690   0.18013  
  1 99.0000 323989.997273  x:  0.06792   4.16694   0.17848  
  2 8825.1901 323938.271085  x:  0.06809   4.16821   0.12921  
  3 1907.6058 323926.400912  x:  0.06803   4.96472   0.13518  
  4 33.1177 323926.270807  x:  0.06802   4.97004   0.13301  
  5  0.0081 323926.270624  x:  0.06801   4.97223   0.13300  
  6  0.0018 323926.270623  x:  0.06801   4.97245   0.13301  

8 (Bom_vet) ... 4 (Bom_hyp)
  0  0.0000 324389.694387  x:  0.05976   4.17324   0.21602  
  1 99.0000 324338.666807  x:  0.06946   4.17331   0.21374  
  2 10808.8438 324205.782931  x:  0.06977   4.17571   0.12878  
  3 2663.0862 324180.744583  x:  0.06968   5.36926   0.13944  
  4 48.7469 324179.982879  x:  0.06967   5.39550   0.13420  
  5  0.0448 324179.979007  x:  0.06962   5.41033   0.13427  
  6  0.0102 324179.978948  x:  0.06963   5.41139   0.13428  
  7  0.0008 324179.978948  x:  0.06963   5.41142   0.13428  
  8  0.0000 324179.978948  x:  0.06963   5.41142   0.13428  
  9  0.0000 324179.978948  x:  0.06963   5.41142   0.13428  
 10  0.0045 324179.978948  x:  0.06963   5.41142   0.13428  
 11  0.0276 324179.978948  x:  0.06963   5.41142   0.13428  
 12  0.0002 324179.978948  x:  0.06963   5.41142   0.13428  
 13  0.0263 324179.978948  x:  0.06963   5.41142   0.13428  
 14  0.0703 324179.978948  x:  0.06963   5.41142   0.13428  
check convergence!


8 (Bom_vet) ... 5 (Bom_mus)
  0  0.0000 308467.805086  x:  0.01699   4.43649   0.11974  
  1 99.0000 308445.842157  x:  0.02034   4.43649   0.11968  
  2 13996.3692 308443.936993  x:  0.02036   4.43700   0.10632  
  3 270.2155 308440.489367  x:  0.02032   5.29024   0.11032  
  4  9.0219 308440.480380  x:  0.02032   5.28913   0.10942  
  5  0.0016 308440.480379  x:  0.02032   5.28931   0.10941  
  6  0.0002 308440.480379  x:  0.02032   5.28937   0.10941  
  7  0.0000 308440.480379  x:  0.02032   5.28937   0.10941  
check convergence!


8 (Bom_vet) ... 6 (Bom_pas)
  0  0.0000 309221.724702  x:  0.01930   4.50571   0.14627  
  1 99.0000 309205.580466  x:  0.02234   4.50571   0.14613  
  2 11186.0925 309195.259624  x:  0.02238   4.50690   0.11325  
  3 559.5789 309183.530147  x:  0.02231   6.19056   0.12267  
  4 17.0173 309183.372165  x:  0.02232   6.19630   0.11882  
  5  0.0084 309183.371917  x:  0.02233   6.20261   0.11876  
  6  0.0039 309183.371878  x:  0.02233   6.20615   0.11879  
  7  0.0039 309183.371875  x:  0.02233   6.20615   0.11879  
  8  0.0030 309183.371875  x:  0.02233   6.20615   0.11879  
  9  0.0001 309183.371875  x:  0.02233   6.20615   0.11879  
 10  2.6229 309183.371875  x:  0.02233   6.20615   0.11879  
 11  0.4027 309183.371875  x:  0.02232   6.20613   0.11879  
 12  0.1867 309183.371874  x:  0.02232   6.20613   0.11879  

8 (Bom_vet) ... 7 (Bom_syl)
  0  0.0000 324117.459201  x:  0.05818   5.05588   0.15828  
  1 99.0000 324058.926242  x:  0.06846   5.05589   0.15790  
  2 12064.3888 324055.405981  x:  0.06855   5.05624   0.14523  
  3 535.7225 324052.883572  x:  0.06853   5.50115   0.14742  
  4 12.1525 324052.880378  x:  0.06854   5.49429   0.14706  
  5  0.0072 324052.880352  x:  0.06855   5.49298   0.14707  
  6  0.0012 324052.880352  x:  0.06855   5.49298   0.14707  
  7  0.0000 324052.880352  x:  0.06855   5.49298   0.14707  
  8  0.0574 324052.880352  x:  0.06855   5.49298   0.14707  
  9  0.0750 324052.880352  x:  0.06855   5.49298   0.14707  
 10  0.0564 324052.880352  x:  0.06855   5.49298   0.14707  
check convergence!
