

2 (Bom_con) ... 1 (Apis_mel)
  0  0.0000 398652.034350  x:  0.55400   1.33716   0.48793  
  1 99.0000 390419.491285  x:  0.40778   1.43634   0.11689  
  2 23578.6361 390138.483824  x:  0.42786   1.44782   0.08833  
  3 20798.5527 387166.924615  x:  0.55652   3.26568   0.13568  
  4 5082.1079 386961.098563  x:  0.55994   3.46736   0.10609  
  5  0.1108 386930.786309  x:  0.59111   3.64088   0.10423  
  6  0.0847 386923.057121  x:  0.58564   3.81560   0.10723  
  7  0.0664 386922.799106  x:  0.58598   3.82808   0.10630  
  8  0.0156 386922.797096  x:  0.58623   3.82980   0.10629  
  9  0.0016 386922.797094  x:  0.58623   3.82989   0.10629  

3 (Bom_hor) ... 1 (Apis_mel)
  0  0.0000 388101.735123  x:  0.50639   3.31024   0.10420  
  1 99.0000 387982.019904  x:  0.53387   3.31081   0.12090  
  2 7804.5037 387834.879464  x:  0.59023   3.31300   0.10074  
  3 8149.8216 387778.946013  x:  0.59614   3.85396   0.10273  
  4 224.6396 387777.531626  x:  0.60176   3.85484   0.10351  
  5  0.0050 387777.495280  x:  0.60250   3.85503   0.10315  
  6  0.0009 387777.495269  x:  0.60251   3.85528   0.10315  
  7  0.0002 387777.495269  x:  0.60251   3.85529   0.10315  

3 (Bom_hor) ... 2 (Bom_con)
  0  0.0000 327082.644519  x:  0.10760   3.28502   0.16053  
  1 99.0000 327016.680946  x:  0.12307   3.28537   0.15621  
  2 8646.8758 326978.510931  x:  0.12299   3.28778   0.12620  
  3 2486.5884 326879.605200  x:  0.12278   4.79130   0.14042  
  4 163.8267 326878.364776  x:  0.12280   4.80514   0.13518  
  5  0.0161 326878.352300  x:  0.12279   4.82620   0.13519  
  6  0.0112 326878.352152  x:  0.12279   4.82647   0.13525  
  7  0.0003 326878.352152  x:  0.12279   4.82647   0.13525  
  8  0.0000 326878.352152  x:  0.12279   4.82647   0.13525  
  9  0.0000 326878.352152  x:  0.12279   4.82647   0.13525  
 10  0.0000 326878.352152  x:  0.12279   4.82647   0.13525  
check convergence!


4 (Bom_hyp) ... 1 (Apis_mel)
  0  0.0000 386604.725868  x:  0.55254   3.91592   0.12217  
  1 99.0000 386547.868897  x:  0.55630   3.91584   0.10614  
  2 6464.4974 386512.843316  x:  0.59099   3.91489   0.10281  
  3 2312.8431 386511.437992  x:  0.58975   3.82174   0.10257  
  4 29.6779 386511.419513  x:  0.58958   3.82115   0.10284  
  5  0.0009 386511.419434  x:  0.58953   3.82111   0.10284  
  6  0.0001 386511.419434  x:  0.58953   3.82112   0.10284  
  7  0.0000 386511.419434  x:  0.58953   3.82112   0.10284  
  8  0.0000 386511.419434  x:  0.58953   3.82112   0.10284  

4 (Bom_hyp) ... 2 (Bom_con)
  0  0.0000 324740.822216  x:  0.10227   3.53706   0.10680  
  1 99.0000 324689.100888  x:  0.11532   3.53725   0.11133  
  2 7824.4619 324676.268112  x:  0.11334   3.53845   0.12960  
  3 1853.2837 324602.688770  x:  0.11316   5.01334   0.13820  
  4 124.8665 324602.153762  x:  0.11385   4.99584   0.13486  
  5  0.0140 324602.149447  x:  0.11374   4.99546   0.13471  
  6  0.0004 324602.149443  x:  0.11374   4.99572   0.13472  
  7  0.0002 324602.149442  x:  0.11374   4.99583   0.13472  

4 (Bom_hyp) ... 3 (Bom_hor)
  0  0.0000 314197.752604  x:  0.06048   4.04951   0.19344  
  1 99.0000 314145.007592  x:  0.07057   4.04957   0.19124  
  2 10788.7331 314048.762925  x:  0.07081   4.05139   0.12319  
  3 2454.4193 314031.122934  x:  0.07072   5.01056   0.13159  
  4 41.7298 314030.676793  x:  0.07071   5.02755   0.12769  
  5  0.0273 314030.675107  x:  0.07067   5.03608   0.12774  
  6  0.0063 314030.675090  x:  0.07068   5.03673   0.12774  
  7  0.0005 314030.675090  x:  0.07068   5.03672   0.12774  
  8  0.0000 314030.675090  x:  0.07068   5.03671   0.12774  

5 (Bom_mus) ... 1 (Apis_mel)
  0  0.0000 388975.062117  x:  0.58391   4.31405   0.22507  
  1 99.0000 387240.842025  x:  0.56244   4.31417   0.10943  
  2 21479.4124 387196.920704  x:  0.59527   4.31221   0.09917  
  3 2586.3714 387173.952987  x:  0.58876   3.90764   0.09799  
  4 107.3600 387159.368672  x:  0.59960   3.87964   0.10280  
  5  0.0760 387159.305280  x:  0.60087   3.89208   0.10252  
  6  0.0127 387159.304198  x:  0.60093   3.89004   0.10248  
  7  0.0022 387159.304197  x:  0.60093   3.89005   0.10248  

5 (Bom_mus) ... 2 (Bom_con)
  0  0.0000 326398.644749  x:  0.12228   3.30154   0.18949  
  1 99.0000 326346.716396  x:  0.11082   3.30283   0.16731  
  2 3993.0890 326272.433732  x:  0.11700   3.30541   0.12643  
  3 9424.4277 326164.258559  x:  0.11800   4.91047   0.14313  
  4 168.8938 326161.684658  x:  0.12042   4.92203   0.13769  
  5  0.0132 326161.673667  x:  0.12055   4.93006   0.13807  
  6  0.0077 326161.672103  x:  0.12053   4.93717   0.13803  
  7  0.0043 326161.672094  x:  0.12053   4.93724   0.13804  
  8  0.0001 326161.672094  x:  0.12053   4.93724   0.13804  

5 (Bom_mus) ... 3 (Bom_hor)
  0  0.0000 314400.959885  x:  0.06054   4.00273   0.14916  
  1 99.0000 314342.917113  x:  0.07115   4.00277   0.14864  
  2 11573.7446 314338.187103  x:  0.07125   4.00372   0.13482  
  3 655.2198 314322.404276  x:  0.07117   4.89395   0.14100  
  4 40.2140 314322.360570  x:  0.07121   4.89242   0.13968  
  5  0.0021 314322.360552  x:  0.07121   4.89273   0.13967  
  6  0.0003 314322.360551  x:  0.07121   4.89282   0.13967  
  7  0.0001 314322.360551  x:  0.07121   4.89284   0.13967  
  8  0.0000 314322.360551  x:  0.07121   4.89284   0.13967  
  9  0.0000 314322.360551  x:  0.07121   4.89284   0.13967  
check convergence!


5 (Bom_mus) ... 4 (Bom_hyp)
  0  0.0000 313667.422847  x:  0.07353   4.01080   0.12038  
  1 99.0000 313661.026853  x:  0.06986   4.01085   0.12101  
  2 3291.8909 313658.517841  x:  0.06985   4.01158   0.13024  
  3 578.9423 313635.679956  x:  0.06974   5.13815   0.13634  
  4 47.6610 313635.669386  x:  0.06967   5.13025   0.13579  
  5  0.0069 313635.669255  x:  0.06969   5.12879   0.13576  
  6  0.0014 313635.669251  x:  0.06968   5.12835   0.13576  
  7  0.0003 313635.669251  x:  0.06969   5.12832   0.13576  
  8  0.0000 313635.669251  x:  0.06969   5.12835   0.13576  
  9  0.0000 313635.669251  x:  0.06969   5.12835   0.13576  
check convergence!


6 (Bom_pas) ... 1 (Apis_mel)
  0  0.0000 389016.331740  x:  0.51425   4.33635   0.22947  
  1 99.0000 387444.405530  x:  0.52458   4.33611   0.11247  
  2 19329.5961 387251.814579  x:  0.60248   4.33351   0.09804  
  3 5574.7697 387229.195844  x:  0.59715   3.93224   0.09623  
  4 106.2368 387213.173152  x:  0.60048   3.87863   0.10275  
  5  0.1851 387213.131127  x:  0.60083   3.89469   0.10281  
  6  0.0195 387213.131084  x:  0.60087   3.89457   0.10281  
  7  0.0001 387213.131083  x:  0.60087   3.89458   0.10281  
  8  0.0000 387213.131083  x:  0.60087   3.89458   0.10281  
  9  0.0000 387213.131083  x:  0.60087   3.89458   0.10281  

6 (Bom_pas) ... 2 (Bom_con)
  0  0.0000 326737.267508  x:  0.10667   3.29207   0.10115  
  1 99.0000 326640.252152  x:  0.12483   3.29236   0.10930  
  2 10312.3879 326613.738486  x:  0.12139   3.29364   0.13047  
  3 2848.7168 326497.487110  x:  0.12102   4.99123   0.14088  
  4 175.5571 326497.315624  x:  0.12183   4.99209   0.14037  
  5  0.0012 326497.315325  x:  0.12182   4.99382   0.14031  
  6  0.0010 326497.315317  x:  0.12182   4.99431   0.14032  
  7  0.0003 326497.315317  x:  0.12182   4.99432   0.14032  
  8  0.0000 326497.315317  x:  0.12182   4.99431   0.14032  
  9  0.0000 326497.315317  x:  0.12182   4.99432   0.14032  
 10  0.0000 326497.315317  x:  0.12182   4.99432   0.14032  

6 (Bom_pas) ... 3 (Bom_hor)
  0  0.0000 314820.025036  x:  0.06071   4.17387   0.17429  
  1 99.0000 314748.930428  x:  0.07248   4.17391   0.17311  
  2 12795.5387 314723.435290  x:  0.07266   4.17515   0.13988  
  3 1357.4432 314706.887820  x:  0.07259   5.12392   0.14711  
  4 39.5327 314706.588358  x:  0.07265   5.12906   0.14362  
  5  0.0076 314706.587851  x:  0.07267   5.13372   0.14360  
  6  0.0035 314706.587845  x:  0.07266   5.13407   0.14362  
  7  0.0003 314706.587844  x:  0.07266   5.13409   0.14361  

6 (Bom_pas) ... 4 (Bom_hyp)
  0  0.0000 314154.233739  x:  0.07279   4.31756   0.22133  
  1 99.0000 314143.001326  x:  0.06804   4.31767   0.21685  
  2 3359.6853 314033.497614  x:  0.06966   4.31974   0.13711  
  3 4112.6614 314016.287194  x:  0.06974   5.33614   0.14624  
  4 38.3870 314015.408591  x:  0.07060   5.35382   0.14145  
  5  0.0242 314015.357714  x:  0.07086   5.35424   0.14231  
  6  0.0012 314015.357643  x:  0.07087   5.35561   0.14228  
  7  0.0012 314015.357641  x:  0.07086   5.35597   0.14229  

6 (Bom_pas) ... 5 (Bom_mus)
  0  0.0000 299230.025347  x:  0.01907   4.34396   0.21096  
  1 99.0000 299213.433323  x:  0.02217   4.34396   0.21076  
  2 11268.1772 299181.642207  x:  0.02224   4.34637   0.13643  
  3 709.4812 299171.414468  x:  0.02219   5.81547   0.14949  
  4 16.5858 299171.096208  x:  0.02220   5.84522   0.14314  
  5  0.0456 299171.093985  x:  0.02220   5.87121   0.14318  
  6  0.0156 299171.093964  x:  0.02220   5.87170   0.14323  
  7  0.0005 299171.093964  x:  0.02220   5.87148   0.14322  

7 (Bom_syl) ... 1 (Apis_mel)
  0  0.0000 388903.626170  x:  0.50091   4.84685   0.20839  
  1 99.0000 387796.563483  x:  0.52331   4.84580   0.11397  
  2 17331.1331 387558.622430  x:  0.61427   4.84149   0.10487  
  3 6341.4451 387449.193991  x:  0.60460   3.91129   0.10130  
  4 210.9017 387446.879862  x:  0.60257   3.89346   0.10437  
  5  0.0486 387446.622721  x:  0.59982   3.90336   0.10447  
  6  0.0094 387446.620143  x:  0.59969   3.89948   0.10445  
  7  0.0053 387446.620141  x:  0.59969   3.89947   0.10446  

7 (Bom_syl) ... 2 (Bom_con)
  0  0.0000 327701.009049  x:  0.10338   3.34194   0.08126  
  1 99.0000 327427.182487  x:  0.13237   3.34222   0.10138  
  2 17017.9183 327359.380885  x:  0.12290   3.34320   0.13002  
  3 5246.9964 327234.056449  x:  0.12206   5.15550   0.13920  
  4 180.3394 327231.321676  x:  0.12516   5.15421   0.14142  
  5  0.0031 327231.169963  x:  0.12488   5.15198   0.14328  
  6  0.0018 327231.169623  x:  0.12489   5.14892   0.14322  
  7  0.0018 327231.169596  x:  0.12488   5.14830   0.14323  
  8  0.0005 327231.169596  x:  0.12488   5.14831   0.14323  
  9  0.0000 327231.169596  x:  0.12488   5.14831   0.14323  

7 (Bom_syl) ... 3 (Bom_hor)
  0  0.0000 315436.874132  x:  0.06706   4.16937   0.19954  
  1 99.0000 315404.366249  x:  0.07538   4.16945   0.19716  
  2 7837.6296 315322.354323  x:  0.07553   4.17153   0.13361  
  3 2357.4337 315294.281416  x:  0.07542   5.43001   0.14453  
  4 52.3109 315293.637265  x:  0.07537   5.44750   0.13965  
  5  0.0262 315293.634076  x:  0.07530   5.45828   0.13968  
  6  0.0081 315293.633978  x:  0.07531   5.46023   0.13970  
  7  0.0015 315293.633977  x:  0.07531   5.46027   0.13970  

7 (Bom_syl) ... 4 (Bom_hyp)
  0  0.0000 314791.338858  x:  0.06480   4.61006   0.13594  
  1 99.0000 314749.374150  x:  0.07412   4.61010   0.13594  
  2 9444.5781 314749.250040  x:  0.07414   4.61087   0.13387  
  3 109.4121 314729.924468  x:  0.07407   5.78241   0.14013  
  4 42.8614 314729.894478  x:  0.07409   5.78334   0.13906  
  5  0.0013 314729.894431  x:  0.07409   5.78529   0.13906  
  6  0.0014 314729.894431  x:  0.07409   5.78538   0.13906  
  7  0.0001 314729.894431  x:  0.07409   5.78538   0.13906  
  8  0.0000 314729.894431  x:  0.07409   5.78538   0.13906  

7 (Bom_syl) ... 5 (Bom_mus)
  0  0.0000 313281.166048  x:  0.06849   4.77738   0.24671  
  1 99.0000 313272.758324  x:  0.06452   4.77745   0.24261  
  2 2870.8706 313158.184241  x:  0.06596   4.77916   0.15092  
  3 4072.2048 313151.790674  x:  0.06604   5.48004   0.15702  
  4 20.2426 313151.103850  x:  0.06698   5.47890   0.15329  
  5  0.0048 313151.061255  x:  0.06715   5.47043   0.15437  
  6  0.0126 313151.061175  x:  0.06715   5.46824   0.15433  
  7  0.0018 313151.061174  x:  0.06715   5.46803   0.15433  
  8  0.0001 313151.061174  x:  0.06715   5.46803   0.15433  
  9  0.0001 313151.061174  x:  0.06715   5.46803   0.15433  
 10  0.0005 313151.061174  x:  0.06715   5.46803   0.15433  
 11  0.4100 313151.061174  x:  0.06715   5.46803   0.15433  
 12  0.0577 313151.061174  x:  0.06715   5.46803   0.15433  
 13  0.2774 313151.061174  x:  0.06715   5.46803   0.15433  
 14  0.0635 313151.061174  x:  0.06715   5.46803   0.15433  
 15  0.1692 313151.061174  x:  0.06715   5.46803   0.15433  
 16  0.1915 313151.061174  x:  0.06715   5.46803   0.15433  
check convergence!


7 (Bom_syl) ... 6 (Bom_pas)
  0  0.0000 313710.106145  x:  0.06330   4.60699   0.26474  
  1 99.0000 313695.614367  x:  0.06871   4.60706   0.26223  
  2 5071.1012 313551.288217  x:  0.06886   4.60980   0.15833  
  3 2598.4396 313534.802334  x:  0.06877   5.68569   0.16915  
  4 34.5339 313533.248184  x:  0.06858   5.73221   0.16037  
  5  0.0840 313533.216664  x:  0.06836   5.75686   0.16066  
  6  0.0215 313533.216059  x:  0.06837   5.76377   0.16068  
  7  0.0050 313533.216059  x:  0.06837   5.76377   0.16068  
  8  0.0001 313533.216059  x:  0.06837   5.76377   0.16069  
  9  0.0000 313533.216059  x:  0.06837   5.76377   0.16069  

8 (Bom_vet) ... 1 (Apis_mel)
  0  0.0000 388686.787340  x:  0.57214   4.65596   0.21291  
  1 99.0000 387313.236547  x:  0.55943   4.65549   0.11102  
  2 19996.9049 387251.639146  x:  0.60122   4.65223   0.09949  
  3 2955.7303 387177.169607  x:  0.59016   3.89372   0.09760  
  4 178.8651 387162.486664  x:  0.59903   3.87079   0.10315  
  5  0.0630 387162.442175  x:  0.59950   3.88612   0.10301  
  6  0.0192 387162.440783  x:  0.59956   3.88488   0.10294  
  7  0.0012 387162.440782  x:  0.59956   3.88487   0.10294  

8 (Bom_vet) ... 2 (Bom_con)
  0  0.0000 326348.745606  x:  0.10630   3.32460   0.09289  
  1 99.0000 326240.020902  x:  0.12485   3.32489   0.10487  
  2 10430.8948 326201.577369  x:  0.11901   3.32594   0.12843  
  3 3791.5856 326092.920076  x:  0.11848   4.99571   0.13780  
  4 166.2403 326092.204501  x:  0.12010   4.99524   0.13844  
  5  0.0016 326092.191005  x:  0.12004   4.99432   0.13900  
  6  0.0007 326092.190955  x:  0.12005   4.99295   0.13899  
  7  0.0007 326092.190954  x:  0.12004   4.99290   0.13899  
  8  0.0000 326092.190954  x:  0.12004   4.99291   0.13899  
  9  0.0000 326092.190954  x:  0.12004   4.99290   0.13899  

8 (Bom_vet) ... 3 (Bom_hor)
  0  0.0000 314234.560358  x:  0.06724   4.29530   0.12877  
  1 99.0000 314228.507518  x:  0.07082   4.29532   0.12947  
  2 3413.3157 314225.599466  x:  0.07056   4.29573   0.14009  
  3 592.0666 314218.268434  x:  0.07051   4.93199   0.14349  
  4 25.0785 314218.267183  x:  0.07050   4.93103   0.14327  
  5  0.0009 314218.267183  x:  0.07050   4.93106   0.14327  
  6  0.0000 314218.267183  x:  0.07050   4.93109   0.14327  

8 (Bom_vet) ... 4 (Bom_hyp)
  0  0.0000 313892.583287  x:  0.06391   4.07194   0.21146  
  1 99.0000 313873.236272  x:  0.07024   4.07202   0.20891  
  2 5954.3914 313770.720275  x:  0.07033   4.07436   0.13337  
  3 2596.8688 313747.019944  x:  0.07021   5.21894   0.14421  
  4 47.9971 313746.306028  x:  0.07001   5.24113   0.13904  
  5  0.0348 313746.292380  x:  0.06985   5.25073   0.13920  
  6  0.0087 313746.292201  x:  0.06985   5.25429   0.13922  
  7  0.0024 313746.292201  x:  0.06985   5.25429   0.13922  
  8  0.0000 313746.292201  x:  0.06985   5.25429   0.13922  
check convergence!


8 (Bom_vet) ... 5 (Bom_mus)
  0  0.0000 298539.700018  x:  0.01775   4.33843   0.22887  
  1 99.0000 298528.110004  x:  0.02024   4.33843   0.22867  
  2 9725.0475 298475.756421  x:  0.02032   4.34080   0.12691  
  3 808.4560 298470.997934  x:  0.02029   5.32076   0.13637  
  4 10.9357 298470.798233  x:  0.02030   5.35340   0.13166  
  5  0.0632 298470.796918  x:  0.02031   5.36976   0.13156  
  6  0.0126 298470.796882  x:  0.02031   5.37117   0.13163  
  7  0.0013 298470.796881  x:  0.02031   5.37123   0.13163  
  8  0.0000 298470.796881  x:  0.02031   5.37122   0.13163  

8 (Bom_vet) ... 6 (Bom_pas)
  0  0.0000 299294.361910  x:  0.02174   4.41761   0.18272  
  1 99.0000 299293.437802  x:  0.02252   4.41762   0.18255  
  2 2383.8014 299280.641620  x:  0.02255   4.41968   0.13839  
  3 537.6892 299264.811449  x:  0.02246   6.40370   0.15337  
  4 20.1127 299264.523577  x:  0.02247   6.41728   0.14716  
  5  0.0180 299264.522288  x:  0.02247   6.43778   0.14706  
  6  0.0115 299264.522220  x:  0.02247   6.43979   0.14715  
  7  0.0019 299264.522220  x:  0.02247   6.43988   0.14715  

8 (Bom_vet) ... 7 (Bom_syl)
  0  0.0000 313183.829633  x:  0.05502   4.98349   0.15137  
  1 99.0000 313106.220984  x:  0.06677   4.98350   0.15160  
  2 14167.4381 313105.933257  x:  0.06674   4.98390   0.15550  
  3 153.6615 313101.154106  x:  0.06671   5.62300   0.15866  
  4 16.6630 313101.149214  x:  0.06669   5.60774   0.15827  
  5  0.0133 313101.149191  x:  0.06669   5.60679   0.15829  