Supplemental results for CODEML (seqf: /home/yzliu/eDNA/faststorage/yzliu/DK_proj/data/ref_genome/ref_annotation/primary_transcripts/extracted_cds_new/new_transcript_id_8_bom_apis/bootstraps/cat.out.OG_cds_8_species_same_header_fas.shuf_211OG_151.phy  treef: xxx.trees)


pairwise comparison (Goldman & Yang 1994)
seq seq        N       S       dN       dS     dN/dS   Paras.
  2   1 339526.6 114640.4   0.0617   0.5849   0.1056   0.5814   3.9458   0.1056 -806577.554
  3   1 339504.2 114662.8   0.0625   0.6015   0.1040   0.5959   3.9253   0.1040 -808776.617
  3   2 332098.4 122068.6   0.0156   0.1133   0.1378   0.1255   4.8613   0.1378 -684565.243
  4   1 340211.2 113955.8   0.0608   0.5920   0.1027   0.5822   3.9337   0.1027 -805261.332
  4   2 331945.0 122222.0   0.0140   0.1043   0.1343   0.1149   5.1813   0.1343 -678639.310
  4   3 332994.2 121172.8   0.0092   0.0659   0.1390   0.0729   4.7499   0.1390 -658075.235
  5   1 340018.3 114148.7   0.0614   0.5990   0.1026   0.5896   3.9731   0.1026 -806319.258
  5   2 331855.9 122311.1   0.0149   0.1100   0.1357   0.1216   5.1974   0.1357 -681804.732
  5   3 333403.7 120763.3   0.0094   0.0670   0.1408   0.0742   4.5914   0.1408 -658891.573
  5   4 332150.3 122016.7   0.0084   0.0641   0.1307   0.0700   5.3258   0.1307 -655341.825
  6   1 339965.4 114201.6   0.0617   0.5993   0.1029   0.5906   3.9816   0.1029 -806596.761
  6   2 331744.1 122422.9   0.0152   0.1111   0.1364   0.1230   5.2337   0.1364 -682460.139
  6   3 332815.8 121351.2   0.0098   0.0675   0.1448   0.0756   4.7884   0.1448 -659642.706
  6   4 331608.9 122558.1   0.0089   0.0643   0.1378   0.0715   5.5512   0.1378 -656255.331
  6   5 329216.4 124950.6   0.0029   0.0212   0.1372   0.0239   6.7719   0.1372 -626244.426
  7   1 340238.6 113928.4   0.0624   0.5935   0.1051   0.5868   3.9558   0.1051 -806879.489
  7   2 331863.5 122303.5   0.0159   0.1122   0.1418   0.1255   5.2540   0.1418 -683881.069
  7   3 332790.5 121376.5   0.0100   0.0692   0.1442   0.0774   4.8576   0.1442 -660560.021
  7   4 331548.5 122618.5   0.0092   0.0649   0.1412   0.0726   5.6577   0.1412 -656884.673
  7   5 331719.0 122448.0   0.0086   0.0606   0.1423   0.0680   5.5569   0.1423 -654398.725
  7   6 331303.7 122863.3   0.0091   0.0608   0.1490   0.0691   5.7373   0.1490 -655190.443
  8   1 339938.9 114228.1   0.0615   0.5998   0.1026   0.5907   3.9689   0.1026 -806602.721
  8   2 331584.9 122582.1   0.0148   0.1105   0.1341   0.1220   5.2719   0.1341 -681907.093
  8   3 333144.9 121022.1   0.0094   0.0662   0.1414   0.0736   4.6502   0.1414 -658625.521
  8   4 331694.9 122472.1   0.0085   0.0638   0.1333   0.0703   5.4829   0.1333 -655582.970
  8   5 330926.7 123240.3   0.0024   0.0197   0.1235   0.0214   5.8126   0.1235 -624502.106
  8   6 329544.5 124622.5   0.0028   0.0207   0.1343   0.0231   6.5236   0.1343 -625741.174
  8   7 331386.7 122780.3   0.0086   0.0600   0.1439   0.0676   5.6666   0.1439 -654295.635

