Supplemental results for CODEML (seqf: /home/yzliu/eDNA/faststorage/yzliu/DK_proj/data/ref_genome/ref_annotation/primary_transcripts/extracted_cds_new/new_transcript_id_8_bom_apis/bootstraps/cat.out.OG_cds_8_species_same_header_fas.shuf_211OG_743.phy  treef: xxx.trees)


pairwise comparison (Goldman & Yang 1994)
seq seq        N       S       dN       dS     dN/dS   Paras.
  2   1 181786.4  62104.6   0.0532   0.5753   0.0925   0.5585   4.1465   0.0925 -428426.058
  3   1 181615.9  62275.1   0.0539   0.5940   0.0907   0.5754   4.1439   0.0907 -429742.929
  3   2 177187.3  66703.7   0.0140   0.1085   0.1293   0.1196   5.1470   0.1293 -366643.092
  4   1 181978.2  61912.8   0.0531   0.5837   0.0910   0.5635   4.1481   0.0910 -428477.612
  4   2 177401.4  66489.6   0.0128   0.0998   0.1280   0.1094   5.2378   0.1280 -363846.635
  4   3 177318.5  66572.5   0.0079   0.0615   0.1288   0.0677   5.1748   0.1288 -352480.961
  5   1 182061.4  61829.6   0.0541   0.5916   0.0915   0.5711   4.1669   0.0915 -429191.197
  5   2 177391.8  66499.2   0.0141   0.1078   0.1309   0.1190   5.3298   0.1309 -366188.756
  5   3 177623.0  66268.0   0.0086   0.0645   0.1329   0.0713   5.0219   0.1329 -353527.986
  5   4 177256.5  66634.5   0.0081   0.0627   0.1297   0.0691   5.5915   0.1297 -352474.039
  6   1 182062.4  61828.6   0.0545   0.5917   0.0920   0.5719   4.1494   0.0920 -429431.803
  6   2 177447.2  66443.8   0.0145   0.1082   0.1342   0.1202   5.2652   0.1342 -366619.262
  6   3 177426.1  66464.9   0.0089   0.0641   0.1391   0.0719   5.1528   0.1391 -353787.706
  6   4 177112.7  66778.3   0.0086   0.0616   0.1389   0.0693   5.6977   0.1389 -352686.175
  6   5 177093.3  66797.7   0.0024   0.0201   0.1216   0.0219   5.8145   0.1216 -336375.128
  7   1 182017.3  61873.7   0.0542   0.5909   0.0917   0.5710   4.1478   0.0917 -429343.995
  7   2 177364.7  66526.3   0.0143   0.1084   0.1322   0.1199   5.2965   0.1322 -366583.267
  7   3 177056.7  66834.3   0.0084   0.0646   0.1307   0.0715   5.4133   0.1307 -353526.632
  7   4 176913.9  66977.1   0.0083   0.0632   0.1306   0.0701   5.8386   0.1306 -352841.354
  7   5 177189.3  66701.7   0.0083   0.0601   0.1379   0.0673   5.6840   0.1379 -352114.743
  7   6 177031.6  66859.4   0.0087   0.0594   0.1469   0.0678   5.8056   0.1469 -352391.954
  8   1 182022.6  61868.4   0.0543   0.5917   0.0918   0.5720   4.1480   0.0918 -429389.307
  8   2 177316.3  66574.7   0.0142   0.1064   0.1335   0.1181   5.3397   0.1335 -366069.906
  8   3 177431.7  66459.3   0.0088   0.0627   0.1407   0.0705   5.1193   0.1407 -353432.192
  8   4 177039.4  66851.6   0.0084   0.0613   0.1376   0.0688   5.7276   0.1376 -352546.505
  8   5 176652.4  67238.6   0.0022   0.0185   0.1161   0.0200   6.2064   0.1161 -335574.796
  8   6 175925.2  67965.8   0.0027   0.0191   0.1410   0.0218   6.9995   0.1410 -336395.768
  8   7 176949.9  66941.1   0.0085   0.0581   0.1458   0.0662   5.8440   0.1458 -351923.010

