

2 (Bom_con) ... 1 (Apis_mel)
  0  0.0000 409443.474209  x:  0.42980   1.55055   0.38984  
  1 99.0000 402124.815169  x:  0.47238   1.60714   0.08665  
  2 24833.0628 401824.948439  x:  0.56005   1.65242   0.08048  
  3 7087.6497 400876.290854  x:  0.53234   2.50193   0.13679  
  4 3403.6413 399972.615857  x:  0.52287   3.10348   0.08812  
  5  1.5162 399773.021429  x:  0.56745   3.73535   0.10001  
  6  0.2807 399730.851480  x:  0.57081   4.01478   0.09103  
  7  0.2310 399724.371018  x:  0.56349   4.14411   0.09443  
  8  0.0930 399724.272487  x:  0.56398   4.16299   0.09404  
  9  0.0168 399724.271386  x:  0.56414   4.16412   0.09406  
 10  0.0009 399724.271386  x:  0.56414   4.16415   0.09406  

3 (Bom_hor) ... 1 (Apis_mel)
  0  0.0000 402277.995229  x:  0.42539   3.51964   0.20834  
  1 99.0000 400339.053714  x:  0.47268   3.52146   0.09613  
  2 22786.6341 400058.768582  x:  0.55005   3.52326   0.10045  
  3 8647.8523 400005.206414  x:  0.55230   4.06506   0.10464  
  4 212.0935 399954.399856  x:  0.56742   4.14816   0.09127  
  5  0.1848 399952.983510  x:  0.57308   4.21030   0.09164  
  6  0.0466 399952.976416  x:  0.57326   4.21196   0.09149  
  7  0.0019 399952.976387  x:  0.57324   4.21235   0.09149  
  8  0.0003 399952.976387  x:  0.57324   4.21234   0.09149  
  9  0.0000 399952.976387  x:  0.57324   4.21234   0.09149  
 10  0.0000 399952.976387  x:  0.57324   4.21234   0.09149  

3 (Bom_hor) ... 2 (Bom_con)
  0  0.0000 340959.516911  x:  0.11960   3.58691   0.19241  
  1 99.0000 340899.621570  x:  0.10697   3.58776   0.17314  
  2 4995.5926 340778.693477  x:  0.11246   3.59025   0.11956  
  3 9761.9024 340683.309436  x:  0.11333   5.22828   0.13475  
  4 144.1831 340679.027821  x:  0.11637   5.24645   0.12832  
  5  0.0210 340678.971195  x:  0.11664   5.25295   0.12916  
  6  0.0078 340678.969363  x:  0.11666   5.26129   0.12912  
  7  0.0048 340678.969291  x:  0.11665   5.26198   0.12914  
  8  0.0006 340678.969291  x:  0.11665   5.26198   0.12914  
  9  0.0000 340678.969291  x:  0.11665   5.26198   0.12914  

4 (Bom_hyp) ... 1 (Apis_mel)
  0  0.0000 399749.522531  x:  0.45792   4.32371   0.13973  
  1 99.0000 399301.859732  x:  0.48187   4.32352   0.09458  
  2 14826.9455 399043.390387  x:  0.56315   4.32241   0.09530  
  3 8671.9369 399040.615540  x:  0.56199   4.17890   0.09482  
  4 37.1725 399036.036990  x:  0.56515   4.19309   0.09095  
  5  0.0237 399036.019979  x:  0.56591   4.19379   0.09090  
  6  0.0008 399036.019966  x:  0.56591   4.19383   0.09090  
  7  0.0000 399036.019966  x:  0.56591   4.19382   0.09090  

4 (Bom_hyp) ... 2 (Bom_con)
  0  0.0000 339458.380939  x:  0.08767   3.75394   0.16895  
  1 99.0000 339278.777313  x:  0.11032   3.75411   0.16514  
  2 17014.9443 339205.864339  x:  0.11062   3.75606   0.12177  
  3 3036.2283 339143.154563  x:  0.11050   5.16370   0.13309  
  4 108.2409 339142.171903  x:  0.11060   5.17200   0.12844  
  5  0.0121 339142.169893  x:  0.11064   5.18026   0.12841  
  6  0.0052 339142.169843  x:  0.11063   5.18090   0.12844  
  7  0.0006 339142.169841  x:  0.11063   5.18097   0.12844  
  8  0.0001 339142.169841  x:  0.11063   5.18098   0.12844  

4 (Bom_hyp) ... 3 (Bom_hor)
  0  0.0000 327544.401668  x:  0.05912   4.41709   0.20855  
  1 99.0000 327518.403394  x:  0.06593   4.41715   0.20577  
  2 7349.4078 327356.277906  x:  0.06612   4.41920   0.11523  
  3 3263.9388 327335.486036  x:  0.06599   5.60222   0.12491  
  4 40.1826 327334.439761  x:  0.06582   5.64596   0.11928  
  5  0.0785 327334.409603  x:  0.06560   5.66786   0.11953  
  6  0.0189 327334.409044  x:  0.06561   5.67462   0.11955  
  7  0.0046 327334.409044  x:  0.06561   5.67460   0.11955  
  8  0.0000 327334.409044  x:  0.06561   5.67459   0.11955  

5 (Bom_mus) ... 1 (Apis_mel)
  0  0.0000 400829.515401  x:  0.50841   4.68775   0.17164  
  1 99.0000 399916.321096  x:  0.51285   4.68749   0.09884  
  2 19539.7538 399781.089282  x:  0.57677   4.68525   0.08807  
  3 4650.4012 399754.651250  x:  0.57135   4.21111   0.08691  
  4 104.7490 399746.470054  x:  0.57354   4.18855   0.09146  
  5  0.0578 399746.453970  x:  0.57342   4.19732   0.09139  
  6  0.0096 399746.453710  x:  0.57336   4.19647   0.09137  
  7  0.0009 399746.453710  x:  0.57336   4.19646   0.09137  

5 (Bom_mus) ... 2 (Bom_con)
  0  0.0000 341273.163962  x:  0.11612   3.68406   0.16810  
  1 99.0000 341218.445469  x:  0.12454   3.68581   0.13429  
  2 2955.7516 341205.746851  x:  0.11948   3.68651   0.12444  
  3 5150.7129 341130.879658  x:  0.11868   5.15060   0.13621  
  4 124.9343 341130.671928  x:  0.11872   5.15176   0.13407  
  5  0.0025 341130.669236  x:  0.11862   5.15279   0.13408  
  6  0.0012 341130.669193  x:  0.11862   5.15413   0.13408  
  7  0.0008 341130.669193  x:  0.11862   5.15414   0.13408  
  8  0.0000 341130.669193  x:  0.11862   5.15413   0.13408  
  9  0.0000 341130.669193  x:  0.11862   5.15413   0.13408  
 10  0.0000 341130.669193  x:  0.11862   5.15413   0.13408  
check convergence!


5 (Bom_mus) ... 3 (Bom_hor)
  0  0.0000 328605.413772  x:  0.07260   4.24107   0.24941  
  1 99.0000 328582.501031  x:  0.06596   4.24117   0.24550  
  2 5750.9057 328359.756458  x:  0.06721   4.24424   0.12765  
  3 3806.1034 328337.894715  x:  0.06727   5.36074   0.13923  
  4 44.8194 328336.201784  x:  0.06798   5.41153   0.13204  
  5  0.0912 328336.065369  x:  0.06846   5.42027   0.13289  
  6  0.0101 328336.064487  x:  0.06846   5.42798   0.13284  
  7  0.0056 328336.064458  x:  0.06846   5.42859   0.13287  
  8  0.0006 328336.064458  x:  0.06846   5.42855   0.13287  
  9  0.0000 328336.064458  x:  0.06846   5.42859   0.13287  
 10  0.0000 328336.064458  x:  0.06846   5.42859   0.13287  
check convergence!


5 (Bom_mus) ... 4 (Bom_hyp)
  0  0.0000 328055.426206  x:  0.07190   4.31548   0.12622  
  1 99.0000 328049.333658  x:  0.06830   4.31553   0.12577  
  2 3361.4832 328048.253548  x:  0.06842   4.31620   0.11992  
  3 361.8982 328029.699965  x:  0.06834   5.39165   0.12546  
  4 39.8620 328029.665204  x:  0.06842   5.39256   0.12443  
  5  0.0014 328029.665148  x:  0.06841   5.39418   0.12442  
  6  0.0013 328029.665145  x:  0.06841   5.39447   0.12442  
  7  0.0003 328029.665145  x:  0.06841   5.39447   0.12442  
check convergence!


6 (Bom_pas) ... 1 (Apis_mel)
  0  0.0000 401548.962093  x:  0.48239   4.57725   0.19078  
  1 99.0000 400285.178995  x:  0.49693   4.57704   0.09968  
  2 20488.7865 400059.317715  x:  0.57983   4.57498   0.08874  
  3 6365.3738 400043.163543  x:  0.57596   4.21118   0.08749  
  4 84.5427 400036.857583  x:  0.57627   4.18077   0.09152  
  5  0.0936 400036.833362  x:  0.57568   4.18933   0.09162  
  6  0.0080 400036.832600  x:  0.57555   4.18749   0.09163  
  7  0.0019 400036.832599  x:  0.57555   4.18748   0.09163  
  8  0.0000 400036.832599  x:  0.57555   4.18748   0.09163  
check convergence!


6 (Bom_pas) ... 2 (Bom_con)
  0  0.0000 341594.399615  x:  0.12410   3.76880   0.12888  
  1 99.0000 341589.888389  x:  0.12000   3.76902   0.12864  
  2 2164.0311 341588.735386  x:  0.12021   3.78744   0.12428  
  3 116.8156 341525.857720  x:  0.11996   5.09686   0.13876  
  4 1940.2295 341525.173436  x:  0.12011   5.12369   0.13500  
  5  0.0217 341525.164737  x:  0.12009   5.14252   0.13513  
  6  0.0113 341525.164723  x:  0.12010   5.14247   0.13513  
  7  0.0001 341525.164723  x:  0.12010   5.14246   0.13513  

6 (Bom_pas) ... 3 (Bom_hor)
  0  0.0000 328959.012572  x:  0.07425   4.35906   0.24573  
  1 99.0000 328934.896954  x:  0.06734   4.35916   0.24203  
  2 5950.4582 328738.588813  x:  0.06859   4.36197   0.13182  
  3 3494.5062 328717.123951  x:  0.06864   5.49240   0.14293  
  4 43.1827 328715.800048  x:  0.06926   5.53776   0.13642  
  5  0.0790 328715.713508  x:  0.06964   5.54924   0.13711  
  6  0.0130 328715.712540  x:  0.06963   5.55797   0.13709  
  7  0.0060 328715.712526  x:  0.06963   5.55822   0.13712  
  8  0.0002 328715.712525  x:  0.06963   5.55821   0.13712  
  9  0.0000 328715.712525  x:  0.06963   5.55821   0.13712  
check convergence!


6 (Bom_pas) ... 4 (Bom_hyp)
  0  0.0000 328674.054090  x:  0.07203   4.68526   0.12568  
  1 99.0000 328672.624098  x:  0.07031   4.68529   0.12588  
  2 1628.8242 328672.295795  x:  0.07029   4.68576   0.12921  
  3 202.2164 328660.730304  x:  0.07024   5.58573   0.13315  
  4 29.1983 328660.726196  x:  0.07024   5.58413   0.13276  
  5  0.0015 328660.726195  x:  0.07024   5.58417   0.13276  
  6  0.0000 328660.726195  x:  0.07024   5.58417   0.13276  
  7  0.0000 328660.726195  x:  0.07024   5.58417   0.13276  
  8  0.0314 328660.726195  x:  0.07024   5.58417   0.13276  
check convergence!


6 (Bom_pas) ... 5 (Bom_mus)
  0  0.0000 313749.953632  x:  0.01910   4.59495   0.21850  
  1 99.0000 313727.664674  x:  0.02262   4.59495   0.21829  
  2 13403.0475 313688.965959  x:  0.02270   4.59700   0.13744  
  3 783.1985 313681.971242  x:  0.02266   5.81072   0.14751  
  4 13.2691 313681.754741  x:  0.02268   5.83549   0.14257  
  5  0.0415 313681.753588  x:  0.02268   5.85130   0.14247  
  6  0.0119 313681.753565  x:  0.02268   5.85126   0.14253  
  7  0.0001 313681.753553  x:  0.02268   5.85192   0.14254  
  8  0.0016 313681.753552  x:  0.02268   5.85258   0.14255  
  9  0.0063 313681.753552  x:  0.02268   5.85258   0.14255  
 10  0.0006 313681.753551  x:  0.02268   5.85258   0.14255  
 11  0.2081 313681.753551  x:  0.02268   5.85258   0.14255  
check convergence!


7 (Bom_syl) ... 1 (Apis_mel)
  0  0.0000 402295.761499  x:  0.56540   4.61872   0.20551  
  1 99.0000 400559.813928  x:  0.54445   4.61880   0.09952  
  2 23499.2747 400529.851042  x:  0.57084   4.61723   0.09169  
  3 2198.0912 400508.357155  x:  0.56500   4.19925   0.09082  
  4 96.3147 400498.882500  x:  0.57316   4.17822   0.09438  
  5  0.0571 400498.858741  x:  0.57406   4.18336   0.09431  
  6  0.0052 400498.858601  x:  0.57407   4.18244   0.09430  
  7  0.0010 400498.858600  x:  0.57407   4.18245   0.09430  

7 (Bom_syl) ... 2 (Bom_con)
  0  0.0000 342655.673461  x:  0.12992   3.51979   0.15987  
  1 99.0000 342632.839418  x:  0.12088   3.52018   0.15539  
  2 4412.5626 342615.735527  x:  0.12267   3.52228   0.13554  
  3 1851.4295 342516.454426  x:  0.12282   5.11627   0.14896  
  4 155.9142 342515.649240  x:  0.12297   5.12568   0.14458  
  5  0.0104 342515.642845  x:  0.12300   5.14125   0.14460  
  6  0.0084 342515.642739  x:  0.12299   5.14169   0.14463  

7 (Bom_syl) ... 3 (Bom_hor)
  0  0.0000 329780.124676  x:  0.06420   4.37475   0.18777  
  1 99.0000 329745.369546  x:  0.07240   4.37480   0.18613  
  2 8669.1598 329698.845688  x:  0.07256   4.37627   0.14117  
  3 1812.1528 329677.211302  x:  0.07247   5.51103   0.14973  
  4 43.6171 329676.466182  x:  0.07249   5.52836   0.14434  
  5  0.0240 329676.462728  x:  0.07248   5.54486   0.14436  
  6  0.0110 329676.462711  x:  0.07248   5.54496   0.14438  
  7  0.0001 329676.462711  x:  0.07248   5.54496   0.14438  
  8  0.0000 329676.462711  x:  0.07248   5.54499   0.14438  

7 (Bom_syl) ... 4 (Bom_hyp)
  0  0.0000 329714.900610  x:  0.06951   4.43657   0.23882  
  1 99.0000 329699.794139  x:  0.07520   4.43674   0.23197  
  2 3489.4077 329537.262952  x:  0.07459   4.43909   0.13539  
  3 6446.4463 329518.187207  x:  0.07435   5.50762   0.14521  
  4 40.4921 329516.404835  x:  0.07312   5.53856   0.13926  
  5  0.0418 329516.235058  x:  0.07264   5.53573   0.14092  
  6  0.0045 329516.235024  x:  0.07264   5.53634   0.14090  
  7  0.0006 329516.235023  x:  0.07264   5.53661   0.14090  
  8  0.0002 329516.235023  x:  0.07264   5.53653   0.14090  
  9  0.0000 329516.235023  x:  0.07264   5.53654   0.14090  
 10  0.0000 329516.235023  x:  0.07264   5.53653   0.14090  

7 (Bom_syl) ... 5 (Bom_mus)
  0  0.0000 329147.871881  x:  0.05640   4.66883   0.22970  
  1 99.0000 329052.590877  x:  0.06926   4.66886   0.22822  
  2 15861.7105 328972.061918  x:  0.06954   4.67034   0.15557  
  3 1898.4914 328965.107681  x:  0.06951   5.33290   0.16107  
  4 22.6797 328965.010132  x:  0.06956   5.34063   0.15896  
  5  0.0125 328965.009283  x:  0.06960   5.34351   0.15897  
  6  0.0023 328965.009282  x:  0.06960   5.34352   0.15898  

7 (Bom_syl) ... 6 (Bom_pas)
  0  0.0000 329507.333694  x:  0.07544   4.56114   0.19655  
  1 99.0000 329494.880389  x:  0.07033   4.56119   0.19527  
  2 4615.0547 329476.099178  x:  0.07085   4.56233   0.16262  
  3 1113.8274 329465.258836  x:  0.07082   5.37831   0.16863  
  4 29.3159 329465.202444  x:  0.07086   5.38068   0.16695  
  5  0.0035 329465.202388  x:  0.07087   5.38231   0.16695  
  6  0.0014 329465.202386  x:  0.07086   5.38247   0.16696  
  7  0.0002 329465.202386  x:  0.07086   5.38248   0.16696  

8 (Bom_vet) ... 1 (Apis_mel)
  0  0.0000 401892.843614  x:  0.54530   4.53631   0.21619  
  1 99.0000 399877.244731  x:  0.52723   4.53651   0.09953  
  2 23953.1451 399808.668550  x:  0.56546   4.53513   0.08780  
  3 3504.1459 399795.878479  x:  0.56100   4.21585   0.08702  
  4 74.4486 399779.553998  x:  0.57201   4.17894   0.09161  
  5  0.1059 399779.440346  x:  0.57382   4.18824   0.09119  
  6  0.0087 399779.439749  x:  0.57381   4.18632   0.09117  
  7  0.0022 399779.439748  x:  0.57380   4.18635   0.09117  

8 (Bom_vet) ... 2 (Bom_con)
  0  0.0000 341094.982905  x:  0.12433   3.66092   0.14148  
  1 99.0000 341078.218989  x:  0.11670   3.66122   0.13808  
  2 3925.9488 341069.188810  x:  0.11798   3.66270   0.12459  
  3 1403.7452 340990.629416  x:  0.11807   5.18629   0.13530  
  4 129.3423 340990.152381  x:  0.11814   5.17816   0.13204  
  5  0.0086 340990.152316  x:  0.11816   5.17784   0.13202  
  6  0.0003 340990.152315  x:  0.11816   5.17764   0.13202  
  7  0.0001 340990.152314  x:  0.11816   5.17761   0.13202  

8 (Bom_vet) ... 3 (Bom_hor)
  0  0.0000 328336.152401  x:  0.06882   4.42757   0.24003  
  1 99.0000 328321.471883  x:  0.06373   4.42771   0.23369  
  2 3518.4476 328138.819053  x:  0.06543   4.43012   0.12872  
  3 6621.2342 328121.648051  x:  0.06557   5.46929   0.13835  
  4 37.1378 328119.320627  x:  0.06705   5.50676   0.13163  
  5  0.0509 328119.087098  x:  0.06753   5.50044   0.13363  
  6  0.0096 328119.086679  x:  0.06754   5.50214   0.13355  
  7  0.0017 328119.086676  x:  0.06754   5.50266   0.13355  

8 (Bom_vet) ... 4 (Bom_hyp)
  0  0.0000 328355.043441  x:  0.06191   4.65067   0.21422  
  1 99.0000 328327.249386  x:  0.06912   4.65072   0.21138  
  2 7456.8593 328170.440427  x:  0.06932   4.65236   0.12155  
  3 3184.1353 328158.898549  x:  0.06923   5.53650   0.12837  
  4 28.8587 328158.412002  x:  0.06907   5.56297   0.12454  
  5  0.0477 328158.391630  x:  0.06887   5.57165   0.12476  
  6  0.0080 328158.391587  x:  0.06887   5.57355   0.12476  
  7  0.0014 328158.391587  x:  0.06887   5.57355   0.12476  

8 (Bom_vet) ... 5 (Bom_mus)
  0  0.0000 312780.986962  x:  0.02083   4.43428   0.16084  
  1 99.0000 312780.635209  x:  0.02039   4.43429   0.16038  
  2 1093.1246 312755.137059  x:  0.02059   4.43564   0.10551  
  3 1607.4859 312746.785634  x:  0.02055   5.82760   0.11447  
  4 14.1843 312746.590230  x:  0.02062   5.84677   0.11039  
  5  0.0283 312746.588424  x:  0.02065   5.85629   0.11047  
  6  0.0087 312746.588339  x:  0.02065   5.86116   0.11048  
  7  0.0032 312746.588339  x:  0.02065   5.86114   0.11048  

8 (Bom_vet) ... 6 (Bom_pas)
  0  0.0000 313705.613709  x:  0.02383   4.90480   0.21543  
  1 99.0000 313702.928207  x:  0.02258   4.90480   0.21518  
  2 3943.9455 313665.432843  x:  0.02271   4.90659   0.13621  
  3 806.2458 313658.926970  x:  0.02266   6.17625   0.14562  
  4 11.7338 313658.723639  x:  0.02265   6.20364   0.14088  
  5  0.0455 313658.722199  x:  0.02263   6.22051   0.14082  
  6  0.0132 313658.722122  x:  0.02263   6.22413   0.14087  
  7  0.0032 313658.722119  x:  0.02263   6.22371   0.14087  
  8  0.0011 313658.722118  x:  0.02263   6.22371   0.14087  
  9  0.0010 313658.722118  x:  0.02263   6.22371   0.14087  
check convergence!


8 (Bom_vet) ... 7 (Bom_syl)
  0  0.0000 328816.327461  x:  0.06047   5.14866   0.22427  
  1 99.0000 328780.586303  x:  0.06851   5.14868   0.22273  
  2 9120.1561 328712.815629  x:  0.06873   5.14947   0.15627  
  3 1808.5701 328711.508116  x:  0.06872   5.46600   0.15848  
  4  8.6680 328711.493743  x:  0.06872   5.46635   0.15765  
  5  0.0014 328711.493720  x:  0.06872   5.46502   0.15764  
  6  0.0012 328711.493720  x:  0.06872   5.46498   0.15764  
  7  0.0000 328711.493720  x:  0.06872   5.46501   0.15764  