

2 (And_ful) ... 1 (And_bic)
  0  0.0000 1032942.026100  x:  0.14329   1.53896   0.45045  
  1 99.0000 1023273.913071  x:  0.27015   1.61072   0.05691  
  2 33201.8559 1022957.792638  x:  0.26795   1.61385   0.03908  
  3 175576.8278 1017109.566103  x:  0.16953   4.52983   0.07558  
  4 5081.9529 1016980.591243  x:  0.15608   4.31678   0.06792  
  5  0.1958 1016907.885855  x:  0.16061   3.91409   0.05781  
  6  0.3009 1016889.750484  x:  0.16273   3.69883   0.06073  
  7  0.0920 1016887.218530  x:  0.16092   3.63365   0.06065  
  8  0.0590 1016887.182057  x:  0.16079   3.64419   0.06080  
  9  0.0128 1016887.182039  x:  0.16079   3.64401   0.06080  

3 (And_hae) ... 1 (And_bic)
  0  0.0000 1018152.740597  x:  0.15599   3.12014   0.17839  
  1 99.0000 1015723.440285  x:  0.13349   3.12220   0.07062  
  2 32541.3298 1015480.806768  x:  0.14507   3.12257   0.05373  
  3 43243.2005 1015392.720333  x:  0.14787   3.74637   0.05903  
  4 309.4246 1015333.186944  x:  0.15518   3.54795   0.06414  
  5  0.3804 1015331.705791  x:  0.15615   3.54626   0.06267  
  6  0.0021 1015331.702096  x:  0.15613   3.54213   0.06264  
  7  0.0037 1015331.702083  x:  0.15613   3.54220   0.06264  

3 (And_hae) ... 2 (And_ful)
  0  0.0000 1011517.124625  x:  0.13562   3.05307   0.10324  
  1 99.0000 1011013.938382  x:  0.15787   3.05388   0.07177  
  2 25399.3697 1010930.685697  x:  0.15237   3.05435   0.06029  
  3 16214.8295 1010784.545134  x:  0.15120   3.91466   0.06546  
  4 390.8416 1010780.335959  x:  0.14858   3.90117   0.06606  
  5  0.0163 1010780.325177  x:  0.14856   3.89538   0.06593  
  6  0.0048 1010780.324710  x:  0.14856   3.89408   0.06595  
  7  0.0011 1010780.324710  x:  0.14856   3.89408   0.06595  
  8  0.0000 1010780.324710  x:  0.14856   3.89408   0.06595  

4 (And_hat) ... 1 (And_bic)
  0  0.0000 995315.382019  x:  0.12580   3.31952   0.12709  
  1 99.0000 994814.035099  x:  0.10575   3.31990   0.09519  
  2 24751.1109 994451.086374  x:  0.11226   3.32031   0.06117  
  3 38933.8190 994437.971311  x:  0.11260   3.60305   0.06309  
  4 96.2666 994400.701950  x:  0.11900   3.53535   0.06571  
  5  0.0774 994399.965125  x:  0.11926   3.54322   0.06436  
  6  0.0110 994399.964687  x:  0.11924   3.54217   0.06434  
  7  0.0010 994399.964687  x:  0.11924   3.54215   0.06434  
  8  0.0000 994399.964687  x:  0.11924   3.54215   0.06434  

4 (And_hat) ... 2 (And_ful)
  0  0.0000 1012719.878494  x:  0.16582   3.06405   0.08845  
  1 99.0000 1012290.669156  x:  0.14689   3.06466   0.06490  
  2 26366.0531 1012256.466423  x:  0.15130   3.06509   0.05820  
  3 8957.0625 1012103.195640  x:  0.15232   3.94923   0.06298  
  4 403.9683 1012102.618522  x:  0.15285   3.94678   0.06200  
  5  0.0026 1012102.617962  x:  0.15287   3.94673   0.06202  
  6  0.0001 1012102.617962  x:  0.15287   3.94673   0.06202  

4 (And_hat) ... 3 (And_hae)
  0  0.0000 1011898.055569  x:  0.14600   3.31442   0.10789  
  1 99.0000 1011284.117215  x:  0.14800   3.31520   0.06284  
  2 22188.5795 1011283.230627  x:  0.14921   3.31540   0.06282  
  3 1458.2536 1011222.596635  x:  0.14919   3.88681   0.06680  
  4 238.1417 1011220.922984  x:  0.14930   3.90026   0.06490  
  5  0.0229 1011220.918822  x:  0.14932   3.90540   0.06492  
  6  0.0039 1011220.918809  x:  0.14932   3.90545   0.06492  
  7  0.0001 1011220.918809  x:  0.14932   3.90545   0.06492  

5 (And_mar) ... 1 (And_bic)
  0  0.0000 975529.671187  x:  0.09442   3.36689   0.10121  
  1 99.0000 975395.732298  x:  0.08418   3.36690   0.09114  
  2 17958.8067 975212.571465  x:  0.08724   3.36690   0.06259  
  3 18173.6728 975204.380577  x:  0.08720   3.13595   0.06119  
  4 66.6865 975200.250932  x:  0.08893   3.11912   0.06263  
  5  0.0192 975200.147726  x:  0.08906   3.12244   0.06210  
  6  0.0049 975200.147718  x:  0.08906   3.12239   0.06210  

5 (And_mar) ... 2 (And_ful)
  0  0.0000 1018522.948737  x:  0.16073   2.83892   0.15010  
  1 99.0000 1016661.824986  x:  0.13973   2.84110   0.06655  
  2 33440.8851 1016482.896394  x:  0.15058   2.84162   0.05338  
  3 30640.8399 1016280.081023  x:  0.15420   3.73422   0.06123  
  4 527.6558 1016265.862246  x:  0.15831   3.66162   0.06333  
  5  0.1196 1016265.020029  x:  0.15886   3.64878   0.06212  
  6  0.0113 1016265.015529  x:  0.15884   3.64398   0.06211  
  7  0.0035 1016265.015518  x:  0.15884   3.64401   0.06211  
  8  0.0000 1016265.015518  x:  0.15884   3.64401   0.06211  
  9  0.0000 1016265.015518  x:  0.15884   3.64401   0.06211  

5 (And_mar) ... 3 (And_hae)
  0  0.0000 1014527.064691  x:  0.14554   3.19966   0.06993  
  1 99.0000 1014476.305042  x:  0.15417   3.19984   0.06533  
  2 10572.4036 1014474.279746  x:  0.15359   3.20001   0.06344  
  3 2071.6517 1014446.145393  x:  0.15360   3.56298   0.06507  
  4 166.6179 1014446.134319  x:  0.15354   3.56163   0.06493  
  5  0.0013 1014446.134316  x:  0.15354   3.56150   0.06493  

5 (And_mar) ... 4 (And_hat)
  0  0.0000 992723.552034  x:  0.10841   3.28505   0.09680  
  1 99.0000 992530.500942  x:  0.12197   3.28526   0.07874  
  2 17280.6572 992436.725705  x:  0.11797   3.28545   0.06319  
  3 17748.9793 992429.339349  x:  0.11781   3.49990   0.06441  
  4 72.4108 992423.997583  x:  0.11536   3.48420   0.06573  
  5  0.0179 992423.985418  x:  0.11532   3.48292   0.06556  
  6  0.0015 992423.985383  x:  0.11532   3.48245   0.06556  
  7  0.0004 992423.985383  x:  0.11532   3.48245   0.06556  

6 (And_tri) ... 1 (And_bic)
  0  0.0000 992707.110354  x:  0.11869   2.99909   0.08839  
  1 99.0000 992501.813180  x:  0.10893   2.99924   0.06711  
  2 16325.0977 992449.472636  x:  0.11404   2.99930   0.05791  
  3 14895.0694 992449.368564  x:  0.11406   3.02118   0.05805  
  4  8.7917 992446.678180  x:  0.11536   3.00866   0.05966  
  5  0.0181 992446.651572  x:  0.11549   3.00957   0.05946  
  6  0.0010 992446.651568  x:  0.11548   3.00948   0.05946  
  7  0.0001 992446.651568  x:  0.11548   3.00948   0.05946  

6 (And_tri) ... 2 (And_ful)
  0  0.0000 1012584.232699  x:  0.14531   2.84044   0.09214  
  1 99.0000 1012082.412446  x:  0.15356   2.84131   0.05652  
  2 23136.9875 1012079.900035  x:  0.15164   2.84163   0.05586  
  3 2467.6447 1011964.571866  x:  0.15105   3.51686   0.06065  
  4 393.8001 1011962.596677  x:  0.15179   3.52870   0.05886  
  5  0.0179 1011962.584410  x:  0.15169   3.53430   0.05884  
  6  0.0046 1011962.584021  x:  0.15171   3.53529   0.05885  
  7  0.0008 1011962.584021  x:  0.15171   3.53530   0.05885  

6 (And_tri) ... 3 (And_hae)
  0  0.0000 1012261.525433  x:  0.13164   3.27483   0.10177  
  1 99.0000 1011724.166272  x:  0.15824   3.27510   0.07584  
  2 29814.7054 1011586.523684  x:  0.15384   3.27529   0.05927  
  3 19309.9385 1011577.583391  x:  0.15365   3.48650   0.06040  
  4 89.1828 1011564.132088  x:  0.14903   3.46326   0.06188  
  5  0.0247 1011564.109866  x:  0.14896   3.46195   0.06168  
  6  0.0016 1011564.109797  x:  0.14896   3.46137   0.06168  
  7  0.0005 1011564.109797  x:  0.14896   3.46137   0.06168  

6 (And_tri) ... 4 (And_hat)
  0  0.0000 992985.709723  x:  0.11768   3.09229   0.17931  
  1 99.0000 992187.747416  x:  0.09275   3.09323   0.13028  
  2 26556.2803 991130.337354  x:  0.09751   3.09453   0.06005  
  3 86888.8290 991079.315238  x:  0.09839   3.63245   0.06527  
  4 204.3996 990869.275206  x:  0.11342   3.47436   0.06283  
  5  0.1620 990869.243730  x:  0.11342   3.47008   0.06310  
  6  0.0089 990869.243300  x:  0.11341   3.46859   0.06308  
  7  0.0013 990869.243299  x:  0.11341   3.46861   0.06308  

6 (And_tri) ... 5 (And_mar)
  0  0.0000 991300.375568  x:  0.09368   3.19419   0.05008  
  1 99.0000 990910.703035  x:  0.11337   3.19412   0.05665  
  2 40296.1833 990896.824147  x:  0.11218   3.19398   0.06253  
  3 4941.6341 990885.467881  x:  0.11223   2.96350   0.06164  
  4 92.8477 990885.429028  x:  0.11216   2.95814   0.06135  
  5  0.0049 990885.428680  x:  0.11215   2.95913   0.06135  
  6  0.0010 990885.428676  x:  0.11215   2.95908   0.06135  

7 (Bom_pas) ... 1 (And_bic)
  0  0.0000 1240856.814056  x:  1.04550   2.92172   0.10753  
  1 99.0000 1236122.457554  x:  1.04178   2.92267   0.05754  
  2 145572.7218 1236012.674953  x:  1.10160   2.96201   0.05231  
  3 3071.4003 1235154.468201  x:  1.13854   4.08736   0.05721  
  4 2635.1593 1235135.751392  x:  1.17241   4.11835   0.05526  
  5  0.0338 1235135.283322  x:  1.17197   4.13227   0.05500  
  6  0.0189 1235135.177956  x:  1.17255   4.14586   0.05508  
  7  0.0104 1235135.177615  x:  1.17270   4.14607   0.05507  

7 (Bom_pas) ... 2 (And_ful)
  0  0.0000 1240979.434201  x:  1.49312   3.53395   0.05502  
  1 99.0000 1240221.973072  x:  1.49195   3.53416   0.04289  
  2 112199.4375 1238944.284543  x:  1.17591   3.61241   0.05537  
  3 6651.9496 1238665.817381  x:  1.26305   4.35207   0.05421  
  4 841.5313 1238641.969722  x:  1.23402   4.40399   0.05415  
  5  0.0705 1238640.942281  x:  1.23928   4.41165   0.05353  
  6  0.0085 1238640.938116  x:  1.23943   4.41493   0.05353  
  7  0.0025 1238640.938088  x:  1.23946   4.41496   0.05353  
  8  0.0000 1238640.938088  x:  1.23946   4.41496   0.05353  

7 (Bom_pas) ... 3 (And_hae)
  0  0.0000 1261281.060973  x:  1.39311   3.91170   0.18280  
  1 99.0000 1236386.212431  x:  1.36835   3.91346   0.04752  
  2 206915.6826 1236280.661691  x:  1.32754   3.91973   0.05396  
  3 5443.7838 1236168.840183  x:  1.36189   4.43686   0.05319  
  4 461.9112 1235675.049429  x:  1.16558   4.20163   0.05755  
  5  0.3093 1235666.906056  x:  1.17709   4.27522   0.05597  
  6  0.0666 1235666.692888  x:  1.17374   4.26855   0.05598  
  7  0.0100 1235666.689073  x:  1.17379   4.26603   0.05596  
  8  0.0022 1235666.689071  x:  1.17379   4.26600   0.05596  
  9  0.0000 1235666.689071  x:  1.17379   4.26600   0.05596  
 10  0.0000 1235666.689071  x:  1.17379   4.26600   0.05596  

7 (Bom_pas) ... 4 (And_hat)
  0  0.0000 1242484.796194  x:  1.04134   3.83680   0.12672  
  1 99.0000 1235845.830307  x:  1.03663   3.83725   0.06062  
  2 147364.5386 1235648.554806  x:  1.10681   3.83921   0.05300  
  3 5500.8518 1235558.256147  x:  1.12935   4.28841   0.05315  
  4 427.6022 1235439.282001  x:  1.17525   4.28761   0.05592  
  5  0.0842 1235433.163532  x:  1.19155   4.29760   0.05448  
  6  0.0147 1235433.126174  x:  1.19251   4.30589   0.05450  
  7  0.0071 1235433.126107  x:  1.19252   4.30606   0.05449  
  8  0.0002 1235433.126107  x:  1.19252   4.30606   0.05449  

7 (Bom_pas) ... 5 (And_mar)
  0  0.0000 1242067.414763  x:  1.30832   3.53787   0.09904  
  1 99.0000 1235636.491823  x:  1.30295   3.53842   0.04854  
  2 188861.2932 1235266.917125  x:  1.15936   3.56991   0.06021  
  3 5051.6140 1235107.430692  x:  1.21020   4.12262   0.05902  
  4 631.2154 1234971.010920  x:  1.15642   4.13545   0.05648  
  5  0.0835 1234967.968113  x:  1.16687   4.14178   0.05543  
  6  0.0148 1234967.967767  x:  1.16682   4.14122   0.05542  
  7  0.0005 1234967.967759  x:  1.16682   4.14111   0.05542  

7 (Bom_pas) ... 6 (And_tri)
  0  0.0000 1235784.442883  x:  1.20602   3.53235   0.06580  
  1 99.0000 1235149.740229  x:  1.20490   3.53254   0.05210  
  2 83781.6249 1235041.196316  x:  1.12877   3.56036   0.05620  
  3 2573.6111 1234853.969518  x:  1.18089   4.16570   0.05549  
  4 719.8707 1234850.424506  x:  1.17561   4.17025   0.05482  
  5  0.0081 1234850.415486  x:  1.17512   4.17223   0.05486  
  6  0.0020 1234850.415413  x:  1.17518   4.17260   0.05486  
  7  0.0003 1234850.415413  x:  1.17518   4.17260   0.05486  