Supplemental results for CODEML (seqf: /home/yzliu/eDNA/faststorage/yzliu/DK_proj/data/ref_genome/ref_annotation/primary_transcripts/extracted_cds_new/new_transcript_id_7_and_pas/bootstraps/cat.out.OG_cds_7_species_same_header_fas.shuf_537OG_663.phy  treef: xxx.trees)


pairwise comparison (Goldman & Yang 1994)
seq seq        N       S       dN       dS     dN/dS   Paras.
  2   1 473912.0 186139.0   0.0099   0.1710   0.0577   0.1659   3.6856   0.0577 -1019997.197
  3   1 472985.7 187065.3   0.0095   0.1615   0.0590   0.1578   3.6732   0.0590 -1016321.363
  3   2 472130.3 187920.7   0.0096   0.1535   0.0625   0.1517   3.9752   0.0625 -1012815.305
  4   1 473148.0 186903.0   0.0078   0.1205   0.0647   0.1191   3.6580   0.0647 -995495.188
  4   2 471846.7 188204.3   0.0096   0.1584   0.0607   0.1562   4.0341   0.0607 -1014831.540
  4   3 469983.7 190067.3   0.0095   0.1497   0.0633   0.1496   4.1565   0.0633 -1011831.870
  5   1 476541.9 183509.1   0.0056   0.0918   0.0607   0.0887   3.1802   0.0607 -975865.546
  5   2 473500.4 186550.6   0.0099   0.1671   0.0592   0.1630   3.7045   0.0592 -1018993.838
  5   3 472827.4 187223.6   0.0095   0.1560   0.0609   0.1531   3.6642   0.0609 -1014350.697
  5   4 473471.1 186579.9   0.0075   0.1129   0.0666   0.1119   3.5826   0.0666 -991475.668
  6   1 477672.9 182378.1   0.0068   0.1205   0.0565   0.1147   3.0664   0.0565 -992517.817
  6   2 474234.3 185816.7   0.0091   0.1624   0.0558   0.1567   3.6271   0.0558 -1014920.578
  6   3 473295.3 186755.7   0.0090   0.1537   0.0584   0.1497   3.6187   0.0584 -1012111.251
  6   4 474148.3 185902.7   0.0070   0.1141   0.0617   0.1116   3.5111   0.0617 -990646.124
  6   5 477742.0 182309.0   0.0068   0.1144   0.0594   0.1096   3.0357   0.0594 -989932.806
  7   1 472777.9 187273.1   0.0664   1.1911   0.0557   1.1564   4.2330   0.0557 -1233970.647
  7   2 469595.8 190455.2   0.0674   1.2515   0.0539   1.2273   4.4919   0.0539 -1237916.226
  7   3 471923.9 188127.1   0.0666   1.1778   0.0566   1.1499   4.3291   0.0566 -1233728.928
  7   4 471484.8 188566.2   0.0664   1.1904   0.0558   1.1625   4.3743   0.0558 -1233806.908
  7   5 473311.2 186739.8   0.0662   1.1719   0.0565   1.1371   4.1972   0.0565 -1232918.192
  7   6 472983.1 187067.9   0.0659   1.1837   0.0557   1.1482   4.2038   0.0557 -1233222.168

