

2 (Bom_con) ... 1 (Apis_mel)
  0  0.0000 415816.625057  x:  0.54355   1.59475   0.38812  
  1 99.0000 409405.167497  x:  0.44000   1.64231   0.10869  
  2 25896.1296 409219.228470  x:  0.46467   1.65238   0.08711  
  3 11588.0237 407239.861810  x:  0.54911   3.36746   0.12452  
  4 3459.7061 407137.738117  x:  0.53347   3.55953   0.10850  
  5  0.1526 407109.220266  x:  0.56052   3.65456   0.10208  
  6  0.0751 407104.722550  x:  0.56338   3.74347   0.10547  
  7  0.0502 407103.356890  x:  0.56200   3.81090   0.10461  
  8  0.0480 407103.354563  x:  0.56205   3.81168   0.10470  
  9  0.0008 407103.354562  x:  0.56204   3.81175   0.10470  

3 (Bom_hor) ... 1 (Apis_mel)
  0  0.0000 408513.285717  x:  0.53718   3.24140   0.09928  
  1 99.0000 408490.005583  x:  0.54290   3.24189   0.10743  
  2 4822.7762 408461.706041  x:  0.57124   3.24568   0.10200  
  3 2398.7767 408382.072774  x:  0.57807   3.87347   0.10414  
  4 285.0361 408381.970484  x:  0.57909   3.87251   0.10353  
  5  0.0015 408381.970198  x:  0.57918   3.87274   0.10354  
  6  0.0002 408381.970198  x:  0.57918   3.87278   0.10354  
  7  0.0000 408381.970198  x:  0.57918   3.87278   0.10354  

3 (Bom_hor) ... 2 (Bom_con)
  0  0.0000 345524.864617  x:  0.09641   3.40174   0.18666  
  1 99.0000 345368.484630  x:  0.11840   3.40202   0.18194  
  2 14990.4048 345272.635433  x:  0.11868   3.40493   0.13070  
  3 3389.6512 345184.761761  x:  0.11853   4.84872   0.14527  
  4 151.1285 345183.025753  x:  0.11860   4.85882   0.13893  
  5  0.0153 345183.021718  x:  0.11861   4.87010   0.13887  
  6  0.0066 345183.021579  x:  0.11861   4.87084   0.13893  
  7  0.0007 345183.021579  x:  0.11861   4.87085   0.13893  

4 (Bom_hyp) ... 1 (Apis_mel)
  0  0.0000 408355.615256  x:  0.41760   4.21640   0.18841  
  1 99.0000 407049.556938  x:  0.48526   4.21571   0.10230  
  2 19428.2682 406807.909953  x:  0.54431   4.21439   0.11570  
  3 10198.2970 406777.028387  x:  0.54228   3.77955   0.11368  
  4 133.3014 406737.708413  x:  0.56279   3.82293   0.10153  
  5  0.0638 406737.356143  x:  0.56543   3.82903   0.10193  
  6  0.0059 406737.352973  x:  0.56562   3.82834   0.10183  
  7  0.0008 406737.352971  x:  0.56562   3.82845   0.10183  

4 (Bom_hyp) ... 2 (Bom_con)
  0  0.0000 343074.067161  x:  0.09354   3.43848   0.09461  
  1 99.0000 342942.893441  x:  0.11301   3.43867   0.10197  
  2 13457.9494 342908.180445  x:  0.10997   3.43966   0.12603  
  3 3319.6895 342817.432974  x:  0.10965   5.03262   0.13440  
  4 144.9586 342817.285979  x:  0.11033   5.01684   0.13412  
  5  0.0134 342817.283134  x:  0.11031   5.00660   0.13414  
  6  0.0055 342817.283133  x:  0.11031   5.00651   0.13414  

4 (Bom_hyp) ... 3 (Bom_hor)
  0  0.0000 331793.294192  x:  0.06900   4.29080   0.11283  
  1 99.0000 331789.240755  x:  0.06629   4.29086   0.11645  
  2 1810.1629 331778.064008  x:  0.06794   4.29121   0.13398  
  3 2972.2423 331766.119125  x:  0.06788   5.11909   0.13772  
  4 32.2469 331766.071966  x:  0.06760   5.11239   0.13829  
  5  0.0063 331766.071552  x:  0.06761   5.11336   0.13841  
  6  0.0008 331766.071552  x:  0.06761   5.11336   0.13841  
  7  0.0000 331766.071552  x:  0.06761   5.11336   0.13841  
  8  0.0000 331766.071552  x:  0.06761   5.11336   0.13841  
check convergence!


5 (Bom_mus) ... 1 (Apis_mel)
  0  0.0000 408621.894819  x:  0.49695   4.20137   0.19689  
  1 99.0000 407555.542550  x:  0.50786   4.20118   0.10994  
  2 18638.9581 407391.734992  x:  0.57717   4.19917   0.09968  
  3 5391.8505 407377.150871  x:  0.57399   3.91669   0.09850  
  4 90.9426 407372.427553  x:  0.57422   3.88254   0.10241  
  5  0.0889 407372.385738  x:  0.57353   3.87176   0.10224  
  6  0.0112 407372.385081  x:  0.57345   3.87308   0.10225  
  7  0.0013 407372.385077  x:  0.57344   3.87303   0.10225  

5 (Bom_mus) ... 2 (Bom_con)
  0  0.0000 344503.067116  x:  0.11311   3.38040   0.17409  
  1 99.0000 344459.475896  x:  0.12399   3.38201   0.15051  
  2 3366.6622 344421.130364  x:  0.11914   3.38395   0.12494  
  3 8145.6246 344293.815605  x:  0.11797   5.19195   0.14123  
  4 180.4102 344292.632798  x:  0.11672   5.20074   0.13738  
  5  0.0099 344292.624773  x:  0.11682   5.21087   0.13715  
  6  0.0081 344292.623180  x:  0.11680   5.21780   0.13726  
  7  0.0047 344292.623180  x:  0.11680   5.21781   0.13726  
  8  0.0000 344292.623179  x:  0.11680   5.21782   0.13726  
  9  0.0000 344292.623179  x:  0.11680   5.21782   0.13726  

5 (Bom_mus) ... 3 (Bom_hor)
  0  0.0000 332206.273720  x:  0.05823   4.17975   0.15108  
  1 99.0000 332145.027590  x:  0.06862   4.17978   0.15074  
  2 12499.6269 332142.270736  x:  0.06869   4.18049   0.14036  
  3 499.5201 332132.125425  x:  0.06864   4.89957   0.14495  
  4 31.1970 332132.096810  x:  0.06866   4.89854   0.14387  
  5  0.0016 332132.096805  x:  0.06866   4.89884   0.14386  
  6  0.0003 332132.096805  x:  0.06866   4.89886   0.14386  

5 (Bom_mus) ... 4 (Bom_hyp)
  0  0.0000 331453.171745  x:  0.05732   4.15763   0.14849  
  1 99.0000 331396.216262  x:  0.06726   4.15767   0.14789  
  2 12119.6760 331389.018964  x:  0.06737   4.15876   0.13108  
  3 813.8023 331365.006128  x:  0.06728   5.34718   0.13849  
  4 47.3957 331364.911144  x:  0.06731   5.34377   0.13656  
  5  0.0042 331364.911129  x:  0.06732   5.34374   0.13655  
  6  0.0000 331364.911129  x:  0.06732   5.34374   0.13656  
  7  0.0000 331364.911129  x:  0.06732   5.34374   0.13656  
check convergence!


6 (Bom_pas) ... 1 (Apis_mel)
  0  0.0000 409323.221780  x:  0.50166   4.33578   0.22165  
  1 99.0000 407799.229441  x:  0.50943   4.33555   0.11097  
  2 20046.7569 407630.218950  x:  0.57809   4.33323   0.09791  
  3 5471.9513 407606.059702  x:  0.57315   3.92639   0.09621  
  4 112.0969 407592.272468  x:  0.57624   3.88351   0.10220  
  5  0.1405 407592.244005  x:  0.57651   3.89649   0.10225  
  6  0.0157 407592.243978  x:  0.57653   3.89640   0.10225  
  7  0.0001 407592.243978  x:  0.57654   3.89641   0.10225  
  8  0.0000 407592.243978  x:  0.57654   3.89641   0.10225  

6 (Bom_pas) ... 2 (Bom_con)
  0  0.0000 345327.760750  x:  0.10345   3.50948   0.08285  
  1 99.0000 345136.599284  x:  0.12647   3.50973   0.10063  
  2 14176.3231 345076.488874  x:  0.11773   3.51055   0.12670  
  3 5214.1254 344970.390998  x:  0.11712   5.20632   0.13435  
  4 158.3497 344968.018438  x:  0.11981   5.21319   0.13673  
  5  0.0062 344967.901711  x:  0.11954   5.21452   0.13828  
  6  0.0014 344967.901567  x:  0.11955   5.21262   0.13825  
  7  0.0012 344967.901555  x:  0.11955   5.21215   0.13826  
  8  0.0004 344967.901555  x:  0.11955   5.21215   0.13826  
check convergence!


6 (Bom_pas) ... 3 (Bom_hor)
  0  0.0000 333246.189202  x:  0.05751   4.42431   0.11675  
  1 99.0000 333121.124706  x:  0.07254   4.42433   0.11853  
  2 17990.7502 333099.145853  x:  0.07203   4.42461   0.14573  
  3 1793.7073 333091.370695  x:  0.07198   5.07423   0.14866  
  4 26.0017 333091.366926  x:  0.07190   5.07325   0.14887  
  5  0.0008 333091.366920  x:  0.07190   5.07311   0.14888  
  6  0.0001 333091.366920  x:  0.07190   5.07311   0.14888  

6 (Bom_pas) ... 4 (Bom_hyp)
  0  0.0000 332408.237379  x:  0.07115   4.35723   0.11720  
  1 99.0000 332398.396369  x:  0.06840   4.35759   0.13124  
  2 1430.8630 332394.405029  x:  0.07075   4.35779   0.13754  
  3 4442.1816 332374.034428  x:  0.07077   5.46774   0.14254  
  4 42.1126 332373.994417  x:  0.07053   5.46698   0.14326  
  5  0.0009 332373.994026  x:  0.07054   5.46611   0.14336  
  6  0.0008 332373.994025  x:  0.07054   5.46574   0.14335  
  7  0.0002 332373.994025  x:  0.07054   5.46578   0.14335  
  8  0.0000 332373.994025  x:  0.07054   5.46580   0.14335  
  9  0.0000 332373.994024  x:  0.07054   5.46577   0.14335  

6 (Bom_pas) ... 5 (Bom_mus)
  0  0.0000 316619.896835  x:  0.01892   4.60626   0.11979  
  1 99.0000 316601.240823  x:  0.02212   4.60627   0.11983  
  2 12322.4400 316600.851058  x:  0.02211   4.60718   0.12616  
  3 128.8770 316585.396817  x:  0.02201   6.64094   0.13492  
  4 19.4451 316585.367810  x:  0.02203   6.63994   0.13315  
  5  0.0017 316585.367730  x:  0.02203   6.64455   0.13311  
  6  0.0029 316585.367723  x:  0.02203   6.64559   0.13313  
  7  0.0009 316585.367723  x:  0.02203   6.64558   0.13313  

7 (Bom_syl) ... 1 (Apis_mel)
  0  0.0000 410300.427628  x:  0.42825   5.33476   0.22508  
  1 99.0000 408486.826645  x:  0.50546   5.33261   0.10863  
  2 20061.8628 408274.914943  x:  0.56380   5.32972   0.12100  
  3 8540.1366 407984.943531  x:  0.55737   3.81449   0.11536  
  4 321.2684 407956.381966  x:  0.57291   3.85821   0.10460  
  5  0.0808 407956.299944  x:  0.57331   3.83847   0.10453  
  6  0.0297 407956.295100  x:  0.57365   3.84054   0.10456  
  7  0.0020 407956.295081  x:  0.57366   3.84057   0.10456  
  8  0.0000 407956.295081  x:  0.57366   3.84057   0.10456  

7 (Bom_syl) ... 2 (Bom_con)
  0  0.0000 346141.221769  x:  0.10486   3.27246   0.16937  
  1 99.0000 346053.231731  x:  0.12194   3.27284   0.16587  
  2 10662.4216 346016.918694  x:  0.12206   3.27599   0.13580  
  3 2296.6939 345866.318903  x:  0.12186   5.14908   0.15410  
  4 210.2145 345864.162944  x:  0.12206   5.16763   0.14685  
  5  0.0206 345864.131186  x:  0.12213   5.20257   0.14684  
  6  0.0166 345864.130483  x:  0.12210   5.20361   0.14696  
  7  0.0010 345864.130476  x:  0.12210   5.20367   0.14696  
  8  0.0001 345864.130476  x:  0.12210   5.20367   0.14696  

7 (Bom_syl) ... 3 (Bom_hor)
  0  0.0000 333347.665917  x:  0.07282   4.18232   0.14370  
  1 99.0000 333347.636983  x:  0.07306   4.18238   0.14366  
  2 226.5568 333347.511046  x:  0.07307   4.18590   0.14154  
  3 64.9884 333321.012159  x:  0.07296   5.39079   0.15103  
  4 188.0178 333320.924714  x:  0.07300   5.38626   0.14914  
  5  0.0045 333320.924664  x:  0.07299   5.38702   0.14910  
  6  0.0007 333320.924661  x:  0.07299   5.38745   0.14911  
  7  0.0003 333320.924661  x:  0.07299   5.38743   0.14911  
  8  0.0000 333320.924661  x:  0.07299   5.38743   0.14911  
check convergence!


7 (Bom_syl) ... 4 (Bom_hyp)
  0  0.0000 332900.826762  x:  0.06669   4.33714   0.22277  
  1 99.0000 332885.362538  x:  0.07229   4.33722   0.22005  
  2 5178.6885 332779.513270  x:  0.07230   4.33963   0.14278  
  3 2795.1147 332751.377455  x:  0.07217   5.62877   0.15406  
  4 50.6821 332750.591655  x:  0.07194   5.65503   0.14861  
  5  0.0403 332750.573161  x:  0.07175   5.66926   0.14884  
  6  0.0129 332750.572713  x:  0.07177   5.67503   0.14886  
  7  0.0038 332750.572713  x:  0.07177   5.67501   0.14886  
  8  0.0000 332750.572713  x:  0.07177   5.67501   0.14886  

7 (Bom_syl) ... 5 (Bom_mus)
  0  0.0000 331428.634485  x:  0.06955   4.54999   0.23711  
  1 99.0000 331416.745469  x:  0.06485   4.55006   0.23442  
  2 4283.3583 331308.053840  x:  0.06592   4.55233   0.14901  
  3 2735.3311 331289.602355  x:  0.06595   5.66844   0.15872  
  4 37.4739 331289.025821  x:  0.06636   5.69120   0.15393  
  5  0.0350 331289.004003  x:  0.06655   5.69868   0.15432  
  6  0.0081 331289.003773  x:  0.06654   5.70312   0.15431  
  7  0.0031 331289.003771  x:  0.06654   5.70321   0.15432  
  8  0.0001 331289.003770  x:  0.06654   5.70319   0.15432  
  9  0.0000 331289.003770  x:  0.06654   5.70321   0.15432  
 10  0.0000 331289.003770  x:  0.06654   5.70321   0.15432  
check convergence!


7 (Bom_syl) ... 6 (Bom_pas)
  0  0.0000 332241.919759  x:  0.06766   4.54778   0.18411  
  1 99.0000 332240.029253  x:  0.06960   4.54784   0.18285  
  2 1665.3151 332227.986716  x:  0.06937   4.54923   0.15771  
  3 1253.1983 332204.394383  x:  0.06927   5.82167   0.16638  
  4 43.0048 332204.273032  x:  0.06921   5.82593   0.16395  
  5  0.0054 332204.272712  x:  0.06920   5.83084   0.16396  
  6  0.0034 332204.272704  x:  0.06921   5.83106   0.16397  
  7  0.0002 332204.272704  x:  0.06921   5.83121   0.16397  
  8  0.0001 332204.272704  x:  0.06921   5.83121   0.16397  
check convergence!


8 (Bom_vet) ... 1 (Apis_mel)
  0  0.0000 408798.271344  x:  0.57535   4.70062   0.18858  
  1 99.0000 407713.770218  x:  0.56065   4.70016   0.10706  
  2 20396.1583 407694.931691  x:  0.58347   4.69690   0.10106  
  3 1609.8508 407604.987134  x:  0.57228   3.88076   0.09956  
  4 202.0278 407601.721393  x:  0.57589   3.87498   0.10220  
  5  0.0159 407601.718138  x:  0.57588   3.87929   0.10222  
  6  0.0058 407601.718115  x:  0.57586   3.87920   0.10223  
  7  0.0001 407601.718115  x:  0.57586   3.87920   0.10223  
  8  0.0000 407601.718115  x:  0.57586   3.87920   0.10223  

8 (Bom_vet) ... 2 (Bom_con)
  0  0.0000 344700.407148  x:  0.09380   3.57051   0.09238  
  1 99.0000 344470.749001  x:  0.11999   3.57070   0.10160  
  2 18039.5272 344424.915924  x:  0.11640   3.57164   0.12879  
  3 3875.3007 344329.152482  x:  0.11611   5.21458   0.13689  
  4 146.1076 344329.017465  x:  0.11680   5.21465   0.13678  
  5  0.0006 344329.017163  x:  0.11680   5.21511   0.13686  
  6  0.0003 344329.017161  x:  0.11680   5.21509   0.13686  

8 (Bom_vet) ... 3 (Bom_hor)
  0  0.0000 332179.861523  x:  0.06961   4.22639   0.15044  
  1 99.0000 332179.030176  x:  0.06835   4.22642   0.14985  
  2 1177.6047 332176.620689  x:  0.06865   4.22707   0.14009  
  3 559.0457 332167.950712  x:  0.06860   4.89614   0.14426  
  4 28.4414 332167.934142  x:  0.06862   4.89507   0.14344  
  5  0.0014 332167.934141  x:  0.06863   4.89519   0.14344  
  6  0.0001 332167.934141  x:  0.06863   4.89522   0.14344  

8 (Bom_vet) ... 4 (Bom_hyp)
  0  0.0000 331757.696489  x:  0.05679   4.02704   0.11120  
  1 99.0000 331679.375851  x:  0.06849   4.02709   0.11255  
  2 14230.9374 331666.837342  x:  0.06812   4.02782   0.13233  
  3 1374.5041 331634.400154  x:  0.06799   5.39276   0.13896  
  4 57.2580 331634.394793  x:  0.06799   5.37763   0.13860  
  5  0.0103 331634.394732  x:  0.06799   5.37604   0.13863  

8 (Bom_vet) ... 5 (Bom_mus)
  0  0.0000 315544.543431  x:  0.01972   4.55475   0.14037  
  1 99.0000 315544.045511  x:  0.01921   4.55476   0.14026  
  2 1870.2429 315538.414223  x:  0.01927   4.55559   0.11467  
  3 421.5764 315532.855620  x:  0.01922   5.72562   0.12085  
  4 10.9187 315532.817810  x:  0.01923   5.72972   0.11887  
  5  0.0054 315532.817744  x:  0.01923   5.73399   0.11885  
  6  0.0030 315532.817742  x:  0.01923   5.73425   0.11886  
  7  0.0002 315532.817742  x:  0.01923   5.73425   0.11886  
  8  0.0000 315532.817742  x:  0.01923   5.73425   0.11886  

8 (Bom_vet) ... 6 (Bom_pas)
  0  0.0000 316729.339381  x:  0.01751   4.76270   0.23528  
  1 99.0000 316691.262976  x:  0.02194   4.76271   0.23506  
  2 18597.2902 316623.693605  x:  0.02203   4.76556   0.12618  
  3 952.2500 316611.023790  x:  0.02199   6.57943   0.14121  
  4 16.9527 316610.258256  x:  0.02200   6.65280   0.13213  
  5  0.1349 316610.247530  x:  0.02202   6.71940   0.13233  
  6  0.0365 316610.247470  x:  0.02202   6.71907   0.13238  
  7  0.0003 316610.247469  x:  0.02202   6.71940   0.13237  
  8  0.0005 316610.247469  x:  0.02202   6.71943   0.13237  
  9  0.0003 316610.247469  x:  0.02202   6.71943   0.13237  
 10  0.0000 316610.247468  x:  0.02202   6.71943   0.13237  
 11  0.4555 316610.247468  x:  0.02202   6.71943   0.13237  
check convergence!


8 (Bom_vet) ... 7 (Bom_syl)
  0  0.0000 331355.756333  x:  0.06690   5.17805   0.16106  
  1 99.0000 331355.510881  x:  0.06622   5.17806   0.16081  
  2 674.0547 331354.875068  x:  0.06635   5.17843   0.15526  
  3 251.1045 331351.400481  x:  0.06633   5.72301   0.15792  
  4 13.8673 331351.397263  x:  0.06633   5.71332   0.15756  
  5  0.0094 331351.397242  x:  0.06633   5.71210   0.15757  
  6  0.0012 331351.397241  x:  0.06633   5.71210   0.15757  
  7  0.0000 331351.397241  x:  0.06633   5.71210   0.15757  
  8  0.0000 331351.397241  x:  0.06633   5.71210   0.15757  
  9  0.0726 331351.397241  x:  0.06633   5.71210   0.15757  
check convergence!
