Supplemental results for CODEML (seqf: /home/yzliu/eDNA/faststorage/yzliu/DK_proj/data/ref_genome/ref_annotation/primary_transcripts/extracted_cds_new/new_transcript_id_7_and_pas/bootstraps/cat.out.OG_cds_7_species_same_header_fas.shuf_537OG_315.phy  treef: xxx.trees)


pairwise comparison (Goldman & Yang 1994)
seq seq        N       S       dN       dS     dN/dS   Paras.
  2   1 474283.0 182015.0   0.0101   0.1683   0.0600   0.1619   3.5661   0.0600 -1012865.608
  3   1 473526.6 182771.4   0.0099   0.1624   0.0612   0.1572   3.4983   0.0612 -1011176.004
  3   2 472392.4 183905.6   0.0098   0.1541   0.0639   0.1508   3.9200   0.0639 -1006718.082
  4   1 473361.7 182936.3   0.0078   0.1226   0.0638   0.1195   3.5127   0.0638 -990149.811
  4   2 472098.4 184199.6   0.0099   0.1565   0.0630   0.1530   3.9561   0.0630 -1007777.669
  4   3 471154.0 185144.0   0.0099   0.1504   0.0661   0.1487   3.8935   0.0661 -1006652.381
  5   1 476109.0 180189.0   0.0057   0.0938   0.0604   0.0896   3.1061   0.0604 -971145.390
  5   2 473748.5 182549.5   0.0102   0.1637   0.0624   0.1587   3.6118   0.0624 -1011813.233
  5   3 473436.5 182861.5   0.0102   0.1567   0.0649   0.1530   3.4849   0.0649 -1009954.313
  5   4 473355.4 182942.6   0.0079   0.1157   0.0680   0.1137   3.4882   0.0680 -987471.265
  6   1 477048.4 179249.6   0.0071   0.1203   0.0593   0.1141   3.0061   0.0593 -987182.895
  6   2 474309.4 181988.6   0.0095   0.1590   0.0598   0.1529   3.5440   0.0598 -1008161.480
  6   3 473901.2 182396.8   0.0096   0.1525   0.0631   0.1480   3.4318   0.0631 -1006832.753
  6   4 474209.6 182088.4   0.0075   0.1151   0.0655   0.1121   3.3842   0.0655 -986117.318
  6   5 477337.8 178960.2   0.0074   0.1146   0.0644   0.1098   2.9546   0.0644 -985553.543
  7   1 469249.7 187048.3   0.0651   1.1697   0.0557   1.1398   3.9047   0.0557 -1230748.545
  7   2 466195.4 190102.6   0.0658   1.2394   0.0531   1.2173   4.2092   0.0531 -1233650.398
  7   3 467991.8 188306.2   0.0656   1.1659   0.0562   1.1438   4.0459   0.0562 -1230949.434
  7   4 467876.9 188421.1   0.0653   1.1796   0.0554   1.1557   4.0667   0.0554 -1230935.269
  7   5 469393.2 186904.8   0.0652   1.1575   0.0564   1.1289   3.8927   0.0564 -1230556.386
  7   6 469078.5 187219.5   0.0649   1.1701   0.0555   1.1406   3.9326   0.0555 -1230329.568

