

2 (And_ful) ... 1 (And_bic)
  0  0.0000 1058986.618516  x:  0.17101   1.62076   0.45818  
  1 99.0000 1056674.623165  x:  0.11908   1.63566   0.36804  
  2 38943.7790 1045489.433677  x:  0.10857   1.68635   0.05149  
  3 159122.0397 1044544.172312  x:  0.11314   2.41425   0.09698  
  4 3336.8895 1042111.042961  x:  0.13430   3.08298   0.04337  
  5  2.2060 1041409.942827  x:  0.15792   3.22979   0.06557  
  6  0.1685 1041267.233902  x:  0.16806   3.45975   0.05431  
  7  0.1861 1041257.037826  x:  0.16657   3.66519   0.05583  
  8  0.0557 1041256.925055  x:  0.16686   3.67184   0.05553  
  9  0.0067 1041256.923337  x:  0.16690   3.67289   0.05556  
 10  0.0009 1041256.923337  x:  0.16690   3.67289   0.05556  

3 (And_hae) ... 1 (And_bic)
  0  0.0000 1040209.042810  x:  0.13500   3.14268   0.16079  
  1 99.0000 1038439.320438  x:  0.18893   3.14387   0.08749  
  2 40936.6044 1037804.836674  x:  0.18353   3.14441   0.05160  
  3 58221.7623 1037737.915926  x:  0.18191   3.70852   0.05527  
  4 256.8219 1037414.372833  x:  0.15703   3.52667   0.05825  
  5  0.1884 1037413.825186  x:  0.15708   3.48171   0.05762  
  6  0.0426 1037413.820673  x:  0.15710   3.47945   0.05769  
  7  0.0032 1037413.820672  x:  0.15710   3.47944   0.05769  
  8  0.0000 1037413.820671  x:  0.15710   3.47943   0.05769  
  9  0.0000 1037413.820671  x:  0.15710   3.47943   0.05769  

3 (And_hae) ... 2 (And_ful)
  0  0.0000 1036596.882937  x:  0.13814   3.00567   0.15028  
  1 99.0000 1034723.545659  x:  0.17583   3.00782   0.06665  
  2 35070.6444 1034508.051735  x:  0.16705   3.00837   0.05032  
  3 33926.5803 1034234.664409  x:  0.16209   4.18901   0.05818  
  4 552.1440 1034181.864202  x:  0.15291   4.06424   0.06085  
  5  0.1975 1034180.960914  x:  0.15307   3.98917   0.06078  
  6  0.0540 1034180.952893  x:  0.15310   3.98559   0.06066  
  7  0.0034 1034180.952869  x:  0.15309   3.98581   0.06066  
  8  0.0002 1034180.952869  x:  0.15309   3.98582   0.06066  

4 (And_hat) ... 1 (And_bic)
  0  0.0000 1016165.723271  x:  0.11077   3.52519   0.10146  
  1 99.0000 1015837.469252  x:  0.12797   3.52530   0.07543  
  2 20943.0197 1015706.170936  x:  0.12294   3.52535   0.05828  
  3 23180.5340 1015705.036498  x:  0.12300   3.44396   0.05788  
  4 25.2260 1015688.706838  x:  0.11889   3.41643   0.06077  
  5  0.0361 1015688.615134  x:  0.11873   3.42032   0.06039  
  6  0.0048 1015688.615065  x:  0.11873   3.42010   0.06039  
  7  0.0002 1015688.615065  x:  0.11873   3.42012   0.06039  
  8  0.0000 1015688.615065  x:  0.11873   3.42012   0.06039  

4 (And_hat) ... 2 (And_ful)
  0  0.0000 1037146.904812  x:  0.14230   3.14460   0.09566  
  1 99.0000 1036514.927040  x:  0.16584   3.14535   0.06232  
  2 29348.9997 1036462.478643  x:  0.16083   3.14572   0.05457  
  3 12688.2325 1036310.296677  x:  0.15960   4.02566   0.05917  
  4 397.9425 1036308.352597  x:  0.15778   4.01562   0.05960  
  5  0.0125 1036308.345509  x:  0.15776   4.01159   0.05950  
  6  0.0035 1036308.345246  x:  0.15777   4.01051   0.05950  
  7  0.0008 1036308.345246  x:  0.15777   4.01051   0.05950  
  8  0.0000 1036308.345246  x:  0.15777   4.01051   0.05950  

4 (And_hat) ... 3 (And_hae)
  0  0.0000 1033854.003028  x:  0.15682   3.65097   0.06736  
  1 99.0000 1033809.584268  x:  0.15025   3.65107   0.06171  
  2 9910.4484 1033808.923237  x:  0.15089   3.65116   0.06076  
  3 1154.2959 1033797.460807  x:  0.15099   3.91596   0.06172  
  4 90.8440 1033797.443242  x:  0.15090   3.91573   0.06157  
  5  0.0003 1033797.443231  x:  0.15090   3.91569   0.06156  
  6  0.0000 1033797.443231  x:  0.15090   3.91569   0.06156  

5 (And_mar) ... 1 (And_bic)
  0  0.0000 999551.955172  x:  0.09254   3.53810   0.17218  
  1 99.0000 999042.807063  x:  0.07503   3.53821   0.13002  
  2 20614.9114 998187.751338  x:  0.07888   3.53836   0.06002  
  3 98652.3541 998162.380887  x:  0.07853   3.12408   0.05668  
  4 110.5528 997984.041823  x:  0.08922   2.89152   0.06429  
  5  0.2826 997970.502109  x:  0.09070   3.00100   0.05943  
  6  0.2331 997970.455112  x:  0.09088   2.99322   0.05939  
  7  0.0072 997970.454201  x:  0.09089   2.99464   0.05943  
  8  0.0018 997970.454200  x:  0.09089   2.99467   0.05943  

5 (And_mar) ... 2 (And_ful)
  0  0.0000 1042087.246325  x:  0.17993   2.81538   0.07209  
  1 99.0000 1041807.908203  x:  0.16532   2.81597   0.05543  
  2 23600.4009 1041807.291073  x:  0.16609   2.81661   0.05471  
  3 999.4348 1041616.878370  x:  0.16661   3.67857   0.05938  
  4 707.7654 1041615.847120  x:  0.16606   3.67799   0.05821  
  5  0.0015 1041615.832971  x:  0.16621   3.67862   0.05813  
  6  0.0006 1041615.832904  x:  0.16621   3.67919   0.05813  
  7  0.0004 1041615.832903  x:  0.16621   3.67921   0.05813  
  8  0.0000 1041615.832903  x:  0.16621   3.67920   0.05813  

5 (And_mar) ... 3 (And_hae)
  0  0.0000 1040549.417302  x:  0.13064   3.23944   0.17143  
  1 99.0000 1039085.478469  x:  0.18253   3.24028   0.11646  
  2 43533.4478 1037908.189635  x:  0.18004   3.24109   0.05697  
  3 59229.2929 1037876.282154  x:  0.17928   3.63396   0.06014  
  4 173.9339 1037587.484183  x:  0.15593   3.52266   0.06042  
  5  0.0996 1037587.217572  x:  0.15586   3.50154   0.06092  
  6  0.0362 1037587.185548  x:  0.15585   3.49139   0.06075  
  7  0.0112 1037587.185514  x:  0.15586   3.49141   0.06074  
  8  0.0000 1037587.185514  x:  0.15586   3.49141   0.06074  
  9  0.0000 1037587.185514  x:  0.15586   3.49142   0.06074  

5 (And_mar) ... 4 (And_hat)
  0  0.0000 1015549.073332  x:  0.10929   3.25503   0.14022  
  1 99.0000 1014600.522028  x:  0.13256   3.25583   0.07332  
  2 23683.6804 1014407.597623  x:  0.12471   3.25605   0.05475  
  3 39128.7468 1014392.923705  x:  0.12392   3.55228   0.05672  
  4 101.2716 1014326.739812  x:  0.11597   3.40612   0.06226  
  5  0.2501 1014326.720654  x:  0.11585   3.40190   0.06214  
  6  0.0046 1014326.720506  x:  0.11586   3.40116   0.06213  
  7  0.0008 1014326.720505  x:  0.11586   3.40119   0.06213  

6 (And_tri) ... 1 (And_bic)
  0  0.0000 1015444.535048  x:  0.09636   2.94845   0.12393  
  1 99.0000 1014832.948199  x:  0.12299   2.94860   0.10678  
  2 42458.1914 1014089.490217  x:  0.12186   2.94899   0.05446  
  3 30581.8597 1014088.960197  x:  0.12188   2.90385   0.05409  
  4 20.3010 1014059.575968  x:  0.11593   2.88476   0.05565  
  5  0.0192 1014059.247940  x:  0.11580   2.89201   0.05489  
  6  0.0153 1014059.247574  x:  0.11578   2.89190   0.05489  
  7  0.0001 1014059.247574  x:  0.11578   2.89190   0.05489  

6 (And_tri) ... 2 (And_ful)
  0  0.0000 1037259.490174  x:  0.15217   2.61186   0.05273  
  1 99.0000 1037238.114983  x:  0.15821   2.61238   0.05205  
  2 7137.6286 1037237.520948  x:  0.15816   2.61364   0.05116  
  3 758.6394 1037004.403150  x:  0.15808   3.52626   0.05627  
  4 1795.5557 1037003.727769  x:  0.15830   3.52279   0.05523  
  5  0.0032 1037003.727172  x:  0.15829   3.52326   0.05521  
  6  0.0004 1037003.727149  x:  0.15829   3.52358   0.05521  
  7  0.0002 1037003.727149  x:  0.15829   3.52359   0.05521  

6 (And_tri) ... 3 (And_hae)
  0  0.0000 1034277.505835  x:  0.13220   3.07388   0.05624  
  1 99.0000 1034055.237503  x:  0.15034   3.07398   0.05723  
  2 25651.1816 1034054.574060  x:  0.15045   3.07412   0.05617  
  3 1202.2346 1034033.211351  x:  0.15046   3.37380   0.05740  
  4 153.2939 1034033.204019  x:  0.15051   3.37276   0.05729  
  5  0.0010 1034033.204005  x:  0.15051   3.37270   0.05729  
  6  0.0001 1034033.204005  x:  0.15051   3.37270   0.05729  

6 (And_tri) ... 4 (And_hat)
  0  0.0000 1013794.364991  x:  0.10689   2.96263   0.13534  
  1 99.0000 1012842.088379  x:  0.13066   2.96373   0.07037  
  2 24541.3695 1012638.739662  x:  0.12313   2.96407   0.05153  
  3 40994.5724 1012591.816017  x:  0.12163   3.46202   0.05505  
  4 203.6579 1012528.071296  x:  0.11361   3.32977   0.05969  
  5  0.2128 1012527.967893  x:  0.11361   3.30598   0.05955  
  6  0.0219 1012527.967378  x:  0.11362   3.30583   0.05951  
  7  0.0002 1012527.967378  x:  0.11362   3.30583   0.05951  
  8  0.0000 1012527.967378  x:  0.11362   3.30583   0.05951  

6 (And_tri) ... 5 (And_mar)
  0  0.0000 1015673.837404  x:  0.10056   2.89706   0.18156  
  1 99.0000 1014968.681708  x:  0.13123   2.89761   0.14262  
  2 31365.4847 1013500.999215  x:  0.13061   2.89869   0.05764  
  3 62855.8732 1013499.459814  x:  0.13042   2.97797   0.05859  
  4 21.6724 1013271.501681  x:  0.11333   2.88312   0.05841  
  5  0.1551 1013271.421964  x:  0.11330   2.87200   0.05870  
  6  0.0261 1013271.408378  x:  0.11328   2.86640   0.05856  
  7  0.0071 1013271.408374  x:  0.11328   2.86639   0.05856  
  8  0.0000 1013271.408374  x:  0.11328   2.86640   0.05856  
  9  0.0000 1013271.408374  x:  0.11328   2.86640   0.05856  
 10  0.0000 1013271.408374  x:  0.11328   2.86640   0.05856  
 11  0.0000 1013271.408374  x:  0.11328   2.86640   0.05856  
check convergence!


7 (Bom_pas) ... 1 (And_bic)
  0  0.0000 1269448.657591  x:  1.25151   2.77380   0.10422  
  1 99.0000 1261111.206646  x:  1.24495   2.77496   0.04641  
  2 206041.4551 1260685.449798  x:  1.11246   2.83676   0.05846  
  3 5902.8026 1259771.211782  x:  1.23027   3.97184   0.05720  
  4 2148.5194 1259493.601909  x:  1.15686   4.03238   0.05358  
  5  0.1338 1259491.383208  x:  1.16745   4.06991   0.05287  
  6  0.0338 1259491.096558  x:  1.16717   4.09107   0.05302  
  7  0.0151 1259491.096428  x:  1.16720   4.09115   0.05301  
  8  0.0001 1259491.096428  x:  1.16720   4.09116   0.05301  

7 (Bom_pas) ... 2 (And_ful)
  0  0.0000 1289245.279051  x:  1.29019   3.44882   0.18542  
  1 99.0000 1264391.878058  x:  1.26662   3.45116   0.04834  
  2 206091.3103 1264363.025793  x:  1.24785   3.46057   0.05144  
  3 2808.6847 1263915.680193  x:  1.32027   4.42469   0.05040  
  4 1229.1273 1263842.091906  x:  1.25231   4.39423   0.05093  
  5  0.0732 1263842.079830  x:  1.25202   4.39699   0.05098  
  6  0.0025 1263842.079427  x:  1.25218   4.39786   0.05098  
  7  0.0007 1263842.079418  x:  1.25216   4.39789   0.05098  

7 (Bom_pas) ... 3 (And_hae)
  0  0.0000 1260752.510127  x:  1.09140   3.60321   0.04867  
  1 99.0000 1260560.414451  x:  1.09189   3.60326   0.05564  
  2 58373.9210 1260513.829573  x:  1.14148   3.61839   0.05373  
  3 1875.2323 1260341.398998  x:  1.17100   4.20493   0.05397  
  4 718.6247 1260340.455291  x:  1.17544   4.20690   0.05338  
  5  0.0043 1260340.451339  x:  1.17589   4.20877   0.05338  
  6  0.0016 1260340.451336  x:  1.17589   4.20884   0.05338  

7 (Bom_pas) ... 4 (And_hat)
  0  0.0000 1265373.961234  x:  1.35027   3.58641   0.08408  
  1 99.0000 1260534.481711  x:  1.34660   3.58683   0.04517  
  2 192430.7212 1259976.660204  x:  1.15908   3.62836   0.05765  
  3 5599.1415 1259795.791454  x:  1.21884   4.22559   0.05634  
  4 666.6013 1259672.956703  x:  1.17438   4.25552   0.05350  
  5  0.0756 1259670.431064  x:  1.18450   4.25897   0.05261  
  6  0.0132 1259670.430443  x:  1.18461   4.25871   0.05262  
  7  0.0003 1259670.430439  x:  1.18461   4.25862   0.05262  
  8  0.0001 1259670.430439  x:  1.18461   4.25862   0.05262  
  9  0.0000 1259670.430439  x:  1.18461   4.25862   0.05262  

7 (Bom_pas) ... 5 (And_mar)
  0  0.0000 1270268.175534  x:  1.32681   3.62987   0.11240  
  1 99.0000 1260095.625902  x:  1.31913   3.63054   0.04636  
  2 213186.8318 1259785.694913  x:  1.19626   3.65298   0.05777  
  3 5256.3511 1259686.239826  x:  1.23578   4.09566   0.05668  
  4 480.0593 1259457.385417  x:  1.14454   4.06623   0.05543  
  5  0.1497 1259447.011633  x:  1.16189   4.08539   0.05351  
  6  0.0310 1259446.959062  x:  1.16069   4.07990   0.05347  
  7  0.0057 1259446.958282  x:  1.16066   4.07877   0.05347  
  8  0.0010 1259446.958280  x:  1.16066   4.07876   0.05347  
  9  0.0000 1259446.958280  x:  1.16066   4.07876   0.05347  

7 (Bom_pas) ... 6 (And_tri)
  0  0.0000 1268383.259942  x:  1.27895   3.41178   0.10663  
  1 99.0000 1259874.536639  x:  1.27241   3.41248   0.04710  
  2 203638.1464 1259630.592662  x:  1.16730   3.43987   0.05649  
  3 4612.4683 1259410.675629  x:  1.22409   4.07486   0.05527  
  4 777.3291 1259270.467432  x:  1.16165   4.07380   0.05341  
  5  0.0948 1259268.687374  x:  1.16984   4.08283   0.05264  
  6  0.0141 1259268.685127  x:  1.16971   4.08397   0.05263  
  7  0.0011 1259268.685065  x:  1.16975   4.08428   0.05264  
  8  0.0003 1259268.685065  x:  1.16975   4.08428   0.05264  