Supplemental results for CODEML (seqf: /home/yzliu/eDNA/faststorage/yzliu/DK_proj/data/ref_genome/ref_annotation/primary_transcripts/extracted_cds_new/new_transcript_id_8_bom_apis/bootstraps/cat.out.OG_cds_8_species_same_header_fas.shuf_211OG_46.phy  treef: xxx.trees)


pairwise comparison (Goldman & Yang 1994)
seq seq        N       S       dN       dS     dN/dS   Paras.
  2   1 355392.1 118067.9   0.0552   0.5922   0.0932   0.5674   4.0047   0.0932 -831359.715
  3   1 354612.0 118848.0   0.0551   0.6089   0.0904   0.5823   4.0837   0.0904 -832531.661
  3   2 346203.5 127256.5   0.0131   0.1105   0.1183   0.1178   5.4690   0.1183 -706644.578
  4   1 355545.8 117914.2   0.0544   0.6053   0.0899   0.5748   4.0432   0.0899 -830784.322
  4   2 347233.2 126226.8   0.0125   0.1058   0.1179   0.1121   5.3542   0.1179 -703597.490
  4   3 345631.5 127828.5   0.0073   0.0638   0.1151   0.0677   5.8448   0.1151 -680371.978
  5   1 355670.5 117789.5   0.0550   0.6092   0.0903   0.5787   4.0287   0.0903 -831639.302
  5   2 347530.3 125929.7   0.0138   0.1123   0.1229   0.1200   5.2634   0.1229 -707722.418
  5   3 346329.5 127130.5   0.0079   0.0638   0.1239   0.0687   5.5616   0.1239 -681234.112
  5   4 346973.0 126487.0   0.0077   0.0658   0.1175   0.0698   5.6184   0.1175 -681179.593
  6   1 355593.9 117866.1   0.0552   0.6105   0.0905   0.5804   4.0436   0.0905 -831919.399
  6   2 347385.6 126074.4   0.0140   0.1136   0.1235   0.1217   5.3133   0.1235 -708438.014
  6   3 345794.6 127665.4   0.0082   0.0647   0.1267   0.0703   5.7940   0.1267 -682071.147
  6   4 346575.6 126884.4   0.0081   0.0663   0.1222   0.0711   5.7912   0.1222 -682051.202
  6   5 344975.0 128485.0   0.0025   0.0207   0.1210   0.0223   6.6795   0.1210 -650318.781
  7   1 355692.0 117768.0   0.0558   0.6064   0.0921   0.5784   4.0300   0.0921 -832409.157
  7   2 347408.2 126051.8   0.0144   0.1137   0.1266   0.1225   5.3224   0.1266 -709132.891
  7   3 346089.9 127370.1   0.0083   0.0667   0.1245   0.0720   5.6776   0.1245 -683162.407
  7   4 346911.1 126548.9   0.0084   0.0680   0.1233   0.0729   5.6557   0.1233 -683269.956
  7   5 347386.2 126073.8   0.0082   0.0625   0.1314   0.0680   5.4790   0.1314 -680748.136
  7   6 347011.4 126448.6   0.0086   0.0631   0.1356   0.0693   5.6351   0.1356 -681626.512
  8   1 355590.6 117869.4   0.0552   0.6091   0.0905   0.5792   4.0341   0.0905 -831798.896
  8   2 347312.7 126147.3   0.0138   0.1125   0.1225   0.1203   5.3283   0.1225 -707800.154
  8   3 346013.7 127446.3   0.0079   0.0634   0.1249   0.0686   5.6757   0.1249 -681226.278
  8   4 346498.2 126961.8   0.0079   0.0659   0.1196   0.0703   5.8097   0.1196 -681543.209
  8   5 346404.6 127055.4   0.0022   0.0192   0.1141   0.0202   5.8931   0.1141 -648772.567
  8   6 344458.2 129001.8   0.0025   0.0208   0.1193   0.0225   6.9540   0.1193 -650414.104
  8   7 347056.6 126403.4   0.0083   0.0620   0.1333   0.0679   5.5976   0.1333 -680802.996

