

2 (And_ful) ... 1 (And_bic)
  0  0.0000 1085550.749674  x:  0.15334   1.65073   0.39156  
  1 99.0000 1072079.623054  x:  0.16738   1.70092   0.04735  
  2 36529.5091 1072064.865684  x:  0.16237   1.70765   0.04732  
  3 3489.7006 1071565.826880  x:  0.16041   2.13900   0.07691  
  4 7804.2390 1070503.816552  x:  0.16674   2.90923   0.04729  
  5  2.2280 1070356.336456  x:  0.16433   3.30209   0.06115  
  6  0.2684 1070299.759614  x:  0.16460   3.69427   0.05633  
  7  0.2053 1070299.153503  x:  0.16518   3.72016   0.05707  
  8  0.0213 1070299.138909  x:  0.16508   3.72710   0.05707  
  9  0.0057 1070299.138898  x:  0.16509   3.72722   0.05707  
 10  0.0001 1070299.138898  x:  0.16509   3.72723   0.05707  
 11  0.0000 1070299.138898  x:  0.16509   3.72722   0.05707  

3 (And_hae) ... 1 (And_bic)
  0  0.0000 1069548.342774  x:  0.14876   3.35852   0.16685  
  1 99.0000 1066762.022059  x:  0.16168   3.36012   0.05729  
  2 34501.8627 1066750.435619  x:  0.15750   3.36024   0.05614  
  3 5374.5281 1066729.496885  x:  0.15686   3.66192   0.05918  
  4 147.8725 1066728.740776  x:  0.15724   3.68019   0.05819  
  5  0.0548 1066728.739019  x:  0.15721   3.67899   0.05815  
  6  0.0012 1066728.739010  x:  0.15721   3.67879   0.05815  

3 (And_hae) ... 2 (And_ful)
  0  0.0000 1064533.257675  x:  0.13891   3.26635   0.12645  
  1 99.0000 1063293.386815  x:  0.16738   3.26758   0.06580  
  2 32463.5409 1063164.727987  x:  0.15936   3.26797   0.05376  
  3 23000.4921 1063002.725110  x:  0.15694   4.21525   0.05933  
  4 393.1127 1062986.817931  x:  0.15222   4.15799   0.06156  
  5  0.0888 1062986.719002  x:  0.15225   4.13165   0.06146  
  6  0.0187 1062986.718904  x:  0.15226   4.13141   0.06145  
  7  0.0002 1062986.718903  x:  0.15226   4.13142   0.06145  

4 (And_hat) ... 1 (And_bic)
  0  0.0000 1046629.171004  x:  0.10691   3.64349   0.18290  
  1 99.0000 1045758.818761  x:  0.14133   3.64400   0.12630  
  2 28572.6481 1044728.423169  x:  0.13849   3.64454   0.06018  
  3 76923.1198 1044723.598302  x:  0.13796   3.83262   0.06167  
  4 16.5097 1044403.683622  x:  0.11775   3.52217   0.06525  
  5  0.9546 1044401.853397  x:  0.11753   3.54212   0.06328  
  6  0.0423 1044401.813127  x:  0.11758   3.52811   0.06310  
  7  0.0171 1044401.813119  x:  0.11758   3.52811   0.06310  

4 (And_hat) ... 2 (And_ful)
  0  0.0000 1065845.919754  x:  0.14482   3.35133   0.07347  
  1 99.0000 1065645.950944  x:  0.15948   3.35172   0.06001  
  2 20021.8220 1065637.863310  x:  0.15777   3.35200   0.05703  
  3 4633.3419 1065513.795926  x:  0.15751   4.19617   0.06046  
  4 339.5635 1065513.549568  x:  0.15732   4.19098   0.05983  
  5  0.0051 1065513.549324  x:  0.15733   4.19001   0.05982  
  6  0.0008 1065513.549314  x:  0.15733   4.18982   0.05982  
  7  0.0002 1065513.549314  x:  0.15733   4.18982   0.05982  
  8  0.0000 1065513.549314  x:  0.15733   4.18982   0.05982  

4 (And_hat) ... 3 (And_hae)
  0  0.0000 1062649.340425  x:  0.16309   3.47891   0.08076  
  1 99.0000 1062341.072609  x:  0.14624   3.47924   0.06363  
  2 24259.7026 1062323.434380  x:  0.14926   3.47950   0.05868  
  3 6290.6895 1062250.757865  x:  0.14977   4.14416   0.06147  
  4 243.0722 1062250.659354  x:  0.15001   4.14260   0.06110  
  5  0.0016 1062250.659337  x:  0.15002   4.14251   0.06110  
  6  0.0001 1062250.659337  x:  0.15002   4.14247   0.06110  
  7  0.0000 1062250.659337  x:  0.15002   4.14247   0.06110  
  8  0.0000 1062250.659337  x:  0.15002   4.14247   0.06110  

5 (And_mar) ... 1 (And_bic)
  0  0.0000 1024599.537298  x:  0.07699   3.65380   0.06314  
  1 99.0000 1024428.624331  x:  0.08863   3.65375   0.06218  
  2 30822.8197 1024423.042724  x:  0.08863   3.65356   0.05798  
  3 2586.0392 1024387.623322  x:  0.08869   3.15136   0.05618  
  4 128.6971 1024387.618465  x:  0.08869   3.14641   0.05611  
  5  0.0065 1024387.618440  x:  0.08869   3.14656   0.05611  
  6  0.0002 1024387.618440  x:  0.08869   3.14656   0.05611  
  7  0.0000 1024387.618440  x:  0.08869   3.14656   0.05611  
  8  0.0000 1024387.618440  x:  0.08869   3.14656   0.05611  
check convergence!


5 (And_mar) ... 2 (And_ful)
  0  0.0000 1070897.790604  x:  0.16947   2.79811   0.09514  
  1 99.0000 1070146.859451  x:  0.15667   2.79919   0.05625  
  2 31049.8855 1070116.121803  x:  0.16269   2.79972   0.05220  
  3 9125.6437 1069874.359063  x:  0.16439   3.75862   0.05875  
  4 600.3556 1069872.578047  x:  0.16379   3.76775   0.05721  
  5  0.0130 1069872.521147  x:  0.16409   3.76997   0.05709  
  6  0.0021 1069872.520662  x:  0.16409   3.77150   0.05710  
  7  0.0010 1069872.520657  x:  0.16409   3.77155   0.05710  
  8  0.0001 1069872.520657  x:  0.16409   3.77155   0.05710  
  9  0.0000 1069872.520657  x:  0.16409   3.77155   0.05710  
check convergence!


5 (And_mar) ... 3 (And_hae)
  0  0.0000 1069023.856988  x:  0.15824   3.25212   0.18958  
  1 99.0000 1066533.325930  x:  0.12059   3.25401   0.08608  
  2 37002.2358 1065893.756627  x:  0.12917   3.25462   0.05168  
  3 98127.4890 1065759.750533  x:  0.13225   4.10028   0.05743  
  4 355.4881 1065401.734001  x:  0.15327   3.64556   0.06237  
  5  0.5583 1065393.171640  x:  0.15416   3.69354   0.05873  
  6  0.0576 1065393.134064  x:  0.15426   3.68193   0.05858  
  7  0.0117 1065393.133991  x:  0.15426   3.68160   0.05859  

5 (And_mar) ... 4 (And_hat)
  0  0.0000 1041960.294404  x:  0.10927   3.32243   0.05649  
  1 99.0000 1041932.746253  x:  0.11439   3.32246   0.05954  
  2 9546.4245 1041930.301823  x:  0.11364   3.32253   0.06182  
  3 2175.7639 1041924.144123  x:  0.11361   3.51619   0.06256  
  4 66.6853 1041924.141704  x:  0.11358   3.51348   0.06251  
  5  0.0025 1041924.141703  x:  0.11358   3.51344   0.06251  
  6  0.0000 1041924.141703  x:  0.11358   3.51344   0.06251  

6 (And_tri) ... 1 (And_bic)
  0  0.0000 1042533.433978  x:  0.09882   3.19370   0.15082  
  1 99.0000 1041919.630231  x:  0.12598   3.19391   0.12142  
  2 33435.0405 1040846.876677  x:  0.12444   3.19432   0.05461  
  3 49700.3743 1040841.748337  x:  0.12459   3.04080   0.05329  
  4 60.8373 1040718.752347  x:  0.11269   2.95630   0.05762  
  5  0.0845 1040715.388348  x:  0.11215   2.99124   0.05529  
  6  0.0815 1040715.384243  x:  0.11220   2.98966   0.05523  
  7  0.0018 1040715.384242  x:  0.11220   2.98970   0.05523  
  8  0.0000 1040715.384242  x:  0.11220   2.98970   0.05523  

6 (And_tri) ... 2 (And_ful)
  0  0.0000 1068288.239921  x:  0.15828   2.84125   0.16706  
  1 99.0000 1065654.049062  x:  0.12867   2.84390   0.06611  
  2 38370.2243 1065318.041987  x:  0.13881   2.84450   0.04647  
  3 58354.0514 1065027.408781  x:  0.14403   3.93210   0.05483  
  4 633.3170 1064930.275022  x:  0.15486   3.70921   0.05849  
  5  0.3285 1064926.851075  x:  0.15554   3.68075   0.05610  
  6  0.0244 1064926.824671  x:  0.15552   3.66904   0.05608  
  7  0.0093 1064926.824385  x:  0.15549   3.66907   0.05608  
  8  0.0000 1064926.824385  x:  0.15549   3.66908   0.05608  
  9  0.0000 1064926.824385  x:  0.15549   3.66908   0.05608  

6 (And_tri) ... 3 (And_hae)
  0  0.0000 1064970.987506  x:  0.15774   3.32048   0.17377  
  1 99.0000 1063183.932445  x:  0.11903   3.32160   0.10160  
  2 38364.4815 1062252.063587  x:  0.12636   3.32230   0.05340  
  3 85337.4426 1062186.199700  x:  0.12790   3.91343   0.05754  
  4 240.5014 1061871.401160  x:  0.14807   3.61590   0.05962  
  5  0.3328 1061867.682289  x:  0.14857   3.64878   0.05720  
  6  0.0538 1061867.673756  x:  0.14869   3.64786   0.05720  
  7  0.0008 1061867.673739  x:  0.14869   3.64811   0.05720  
  8  0.0002 1061867.673739  x:  0.14869   3.64811   0.05720  
  9  0.0000 1061867.673739  x:  0.14869   3.64811   0.05720  
 10  0.2095 1061867.673739  x:  0.14869   3.64811   0.05720  
 11  0.0119 1061867.673739  x:  0.14869   3.64811   0.05720  
 12  1.7529 1061867.673739  x:  0.14869   3.64811   0.05720  
 13  0.0891 1061867.673739  x:  0.14869   3.64811   0.05720  
 14  0.0048 1061867.673739  x:  0.14869   3.64811   0.05720  
 15  0.0337 1061867.673739  x:  0.14869   3.64811   0.05720  
check convergence!


6 (And_tri) ... 4 (And_hat)
  0  0.0000 1041708.832920  x:  0.09625   3.41515   0.17616  
  1 99.0000 1041174.415081  x:  0.12116   3.41543   0.15257  
  2 34115.5150 1039654.058220  x:  0.12091   3.41642   0.06085  
  3 44166.3825 1039652.959918  x:  0.12080   3.49688   0.06165  
  4 19.9118 1039560.175190  x:  0.11072   3.46882   0.06023  
  5  0.0371 1039559.468798  x:  0.11048   3.44764   0.06140  
  6  0.0585 1039559.436255  x:  0.11030   3.44437   0.06129  
  7  0.0037 1039559.436227  x:  0.11031   3.44406   0.06129  
  8  0.0003 1039559.436227  x:  0.11031   3.44406   0.06129  
  9  0.0000 1039559.436227  x:  0.11031   3.44406   0.06129  

6 (And_tri) ... 5 (And_mar)
  0  0.0000 1041380.704038  x:  0.11671   3.19122   0.18207  
  1 99.0000 1040718.118017  x:  0.09296   3.19149   0.15136  
  2 31603.3074 1039096.503766  x:  0.09611   3.19224   0.05786  
  3 59786.3323 1039090.787530  x:  0.09598   3.03403   0.05619  
  4 63.7668 1038927.885733  x:  0.10843   2.90856   0.05829  
  5  0.1452 1038925.646847  x:  0.10873   2.94579   0.05640  
  6  0.1138 1038925.631869  x:  0.10877   2.95325   0.05647  
  7  0.0083 1038925.631756  x:  0.10878   2.95315   0.05646  
  8  0.0001 1038925.631755  x:  0.10878   2.95313   0.05646  

7 (Bom_pas) ... 1 (And_bic)
  0  0.0000 1297636.487816  x:  1.30246   2.70603   0.05012  
  1 99.0000 1297464.466584  x:  1.30144   2.70635   0.04444  
  2 56737.3663 1296127.365872  x:  1.04409   2.80318   0.05487  
  3 8497.1288 1295053.982861  x:  1.16465   4.00832   0.05486  
  4 2288.6026 1295022.292893  x:  1.13092   4.05154   0.05524  
  5  0.0575 1295021.509508  x:  1.13437   4.06609   0.05473  
  6  0.0105 1295021.488045  x:  1.13480   4.07258   0.05475  
  7  0.0040 1295021.488021  x:  1.13479   4.07250   0.05475  

7 (Bom_pas) ... 2 (And_ful)
  0  0.0000 1327379.231003  x:  1.48572   3.59980   0.16532  
  1 99.0000 1300453.644106  x:  1.46563   3.60172   0.04222  
  2 247232.1941 1300259.338568  x:  1.40604   3.61510   0.05038  
  3 7036.2800 1299835.262369  x:  1.48523   4.59772   0.04879  
  4 991.1491 1298932.067123  x:  1.19974   4.27017   0.05476  
  5  0.3831 1298914.737641  x:  1.22012   4.37906   0.05256  
  6  0.0947 1298913.737468  x:  1.21293   4.37418   0.05259  
  7  0.0134 1298913.735385  x:  1.21283   4.37199   0.05259  
  8  0.0017 1298913.735382  x:  1.21285   4.37202   0.05258  

7 (Bom_pas) ... 3 (And_hae)
  0  0.0000 1300806.003509  x:  1.20873   3.74108   0.09801  
  1 99.0000 1295544.055353  x:  1.20402   3.74149   0.05146  
  2 172661.8089 1295406.744485  x:  1.12698   3.75873   0.05783  
  3 3411.2490 1295302.488537  x:  1.16230   4.21647   0.05706  
  4 494.1301 1295263.788296  x:  1.13730   4.21511   0.05543  
  5  0.0390 1295263.713745  x:  1.13900   4.21677   0.05527  
  6  0.0026 1295263.713705  x:  1.13902   4.21707   0.05527  

7 (Bom_pas) ... 4 (And_hat)
  0  0.0000 1309432.600546  x:  1.31478   3.62506   0.12927  
  1 99.0000 1295686.972090  x:  1.30361   3.62603   0.04701  
  2 219059.7417 1295388.195355  x:  1.19715   3.64670   0.05870  
  3 6010.5859 1295210.052341  x:  1.24665   4.24383   0.05727  
  4 653.9032 1294866.645282  x:  1.12480   4.17780   0.05716  
  5  0.2077 1294851.737311  x:  1.14371   4.21327   0.05482  
  6  0.0460 1294851.563490  x:  1.14139   4.20947   0.05476  
  7  0.0050 1294851.563127  x:  1.14130   4.20868   0.05476  
  8  0.0007 1294851.563120  x:  1.14131   4.20862   0.05476  

7 (Bom_pas) ... 5 (And_mar)
  0  0.0000 1309537.970108  x:  1.23476   3.65001   0.14382  
  1 99.0000 1294731.106495  x:  1.22104   3.65105   0.05018  
  2 203045.9652 1294619.122517  x:  1.16712   3.66109   0.05701  
  3 4282.2377 1294520.736464  x:  1.19784   4.09570   0.05628  
  4 485.0985 1294363.410737  x:  1.11724   4.04804   0.05617  
  5  0.1377 1294361.215417  x:  1.12410   4.06318   0.05527  
  6  0.0177 1294361.202191  x:  1.12345   4.06300   0.05526  
  7  0.0008 1294361.202179  x:  1.12345   4.06313   0.05526  
  8  0.0001 1294361.202179  x:  1.12345   4.06314   0.05526  

7 (Bom_pas) ... 6 (And_tri)
  0  0.0000 1298149.309535  x:  1.14262   3.50466   0.09213  
  1 99.0000 1294381.580285  x:  1.13909   3.50505   0.05306  
  2 153015.2367 1294330.056960  x:  1.09418   3.52408   0.05665  
  3 2082.2196 1294160.903275  x:  1.13729   4.07802   0.05590  
  4 732.4322 1294151.618217  x:  1.12784   4.08009   0.05489  
  5  0.0151 1294151.606884  x:  1.12730   4.08182   0.05494  
  6  0.0018 1294151.606820  x:  1.12733   4.08217   0.05494  
  7  0.0003 1294151.606820  x:  1.12733   4.08217   0.05494  