Supplemental results for CODEML (seqf: /home/yzliu/eDNA/faststorage/yzliu/DK_proj/data/ref_genome/ref_annotation/primary_transcripts/extracted_cds_new/new_transcript_id_7_and_pas/bootstraps/cat.out.OG_cds_7_species_same_header_fas.shuf_537OG_165.phy  treef: xxx.trees)


pairwise comparison (Goldman & Yang 1994)
seq seq        N       S       dN       dS     dN/dS   Paras.
  2   1 482154.0 186921.0   0.0100   0.1633   0.0609   0.1584   3.5802   0.0609 -1031517.217
  3   1 481510.9 187564.1   0.0095   0.1568   0.0603   0.1523   3.5339   0.0603 -1028527.290
  3   2 480074.1 189000.9   0.0095   0.1503   0.0629   0.1478   3.9954   0.0629 -1024856.273
  4   1 481789.5 187285.5   0.0076   0.1187   0.0638   0.1161   3.4830   0.0638 -1008029.496
  4   2 480604.1 188470.9   0.0095   0.1547   0.0611   0.1511   3.8941   0.0611 -1026674.415
  4   3 479033.0 190042.0   0.0091   0.1495   0.0611   0.1470   3.9695   0.0611 -1024669.697
  5   1 484174.5 184900.5   0.0057   0.0904   0.0625   0.0872   3.1211   0.0625 -989281.307
  5   2 481817.2 187257.8   0.0098   0.1627   0.0602   0.1578   3.6082   0.0602 -1031111.482
  5   3 481369.3 187705.7   0.0094   0.1548   0.0604   0.1505   3.5369   0.0604 -1027666.107
  5   4 481961.9 187113.1   0.0073   0.1160   0.0633   0.1132   3.4450   0.0633 -1006333.398
  6   1 485364.4 183710.6   0.0071   0.1164   0.0613   0.1114   2.9966   0.0613 -1005714.496
  6   2 482649.1 186425.9   0.0092   0.1564   0.0591   0.1507   3.5080   0.0591 -1027079.925
  6   3 481998.3 187076.7   0.0091   0.1516   0.0600   0.1469   3.4645   0.0600 -1025595.985
  6   4 482516.1 186558.9   0.0071   0.1151   0.0619   0.1117   3.3845   0.0619 -1005126.158
  6   5 485795.7 183279.3   0.0071   0.1134   0.0624   0.1086   2.9383   0.0624 -1004337.530
  7   1 478129.2 190945.8   0.0629   1.1583   0.0543   1.1265   4.0504   0.0543 -1249354.393
  7   2 474859.7 194215.3   0.0639   1.2302   0.0519   1.2073   4.3668   0.0519 -1252947.141
  7   3 476668.5 192406.5   0.0633   1.1674   0.0543   1.1425   4.1990   0.0543 -1250234.412
  7   4 476502.7 192572.3   0.0630   1.1781   0.0535   1.1519   4.2230   0.0535 -1249970.738
  7   5 478151.7 190923.3   0.0628   1.1536   0.0545   1.1223   4.0614   0.0545 -1248952.362
  7   6 477991.9 191083.1   0.0629   1.1642   0.0540   1.1322   4.0725   0.0540 -1249381.015

