     1    128     96


 1

     1      6    -4.3317134833   0.013145004436       1.6826  AAAAAA
     2      1    -7.4786142896   0.000565039855       0.0723  AAAAAD
     3      1    -6.0240035607   0.002419961711       0.3098  AAAAAS
     4      1   -10.8892854039   0.000018657070       0.0024  AAAAEK
     5      1    -7.5991021712   0.000500900955       0.0641  AAAAGA
     6      1    -6.9007924127   0.001006987163       0.1289  AAAATA
     7      1   -10.7632467610   0.000021163199       0.0027  AAAQAS
     8      1   -14.5563810881   0.000000476699       0.0001  ATATAD
     9      8    -4.7558354733   0.008601355488       1.1010  CCCCCC
    10      2    -4.4360766689   0.011842308796       1.5158  DDDDDD
    11      1    -6.4880787924   0.001521469260       0.1947  DDDDED
    12      1    -9.9632766421   0.000047098159       0.0060  DDDDSN
    13      1   -14.0078240598   0.000000825048       0.0001  DDDQKD
    14      1    -8.5459346145   0.000194333537       0.0249  DDDSDD
    15      1   -11.3999233295   0.000011196343       0.0014  DNNNDN
    16      2    -4.1126037566   0.016365108245       2.0947  EEEEEE
    17      1    -7.6789817928   0.000462445525       0.0592  EEEEES
    18      1   -19.0384610147   0.000000005391       0.0000  EQRQEG
    19      1   -17.6889044548   0.000000020788       0.0000  EQRQKR
    20      1    -4.1403610215   0.015917104051       2.0374  FFFFFF
    21      1    -7.1370005239   0.000795133507       0.1018  FFFYFF
    22      1   -19.4903901351   0.000000003431       0.0000  GDGNSN
    23      1    -6.4999119400   0.001503571592       0.1925  GGGGGE
    24      4    -3.5563829703   0.028541875043       3.6534  GGGGGG
    25      1    -7.1182576678   0.000810177120       0.1037  GGGGGN
    26      1    -8.8252766896   0.000146970791       0.0188  GGGGSA
    27      1   -11.1293085208   0.000014675832       0.0019  GGGGTN
    28      1   -10.5379436944   0.000026511189       0.0034  GGGNGS
    29      1   -13.7658525341   0.000001050912       0.0001  GGGRNS
    30      1   -12.4737176273   0.000003825897       0.0005  HHHGHN
    31      1    -9.9327457246   0.000048558285       0.0062  HHRHHH
    32      1    -4.6880367127   0.009204739977       1.1782  IIIIII
    33      2    -6.3341853872   0.001774590854       0.2271  IIIIIL
    34      1    -7.1205344631   0.000808334611       0.1035  IIIIIM
    35      1   -10.6828007148   0.000022936049       0.0029  IILIVI
    36      1   -12.0788846693   0.000005678152       0.0007  IIVTVV
    37      4    -4.1168014237   0.016296556947       2.0860  KKKKKK
    38      1    -9.9604836116   0.000047229890       0.0060  KKKQKE
    39      1   -17.5077934356   0.000000024915       0.0000  KQQREA
    40      1   -13.1403053329   0.000001964436       0.0003  KRRRHK
    41      1   -13.0770957703   0.000002092616       0.0003  KRRRKA
    42      1   -18.4532311591   0.000000009680       0.0000  KRRYKG
    43      1    -6.8753648030   0.001032920757       0.1322  LLLFLL
    44      3    -3.3436722456   0.035307063159       4.5193  LLLLLL
    45      1    -6.2498174123   0.001930806646       0.2471  LLLLLM
    46      1    -7.0985682916   0.000826287079       0.1058  LLLLML
    47      1   -13.3582264761   0.000001579778       0.0002  LLLNLQ
    48      1   -12.4976518173   0.000003735414       0.0005  LLMMLM
    49      1    -8.4402716661   0.000215991465       0.0276  NDDDDD
    50      1   -12.4554616756   0.000003896384       0.0005  NDDDNE
    51      1   -10.0162263543   0.000044669199       0.0057  NNNDDN
    52      1    -9.5885046892   0.000068511791       0.0088  NNNDNK
    53      1    -7.4844805599   0.000561734882       0.0719  NNNDNN
    54      1    -7.9828298478   0.000341272306       0.0437  NNNNDD
    55      1    -7.0978770870   0.000826858410       0.1058  NNNNNK
    56      3    -4.9934781519   0.006782034476       0.8681  NNNNNN
    57      1   -13.8203173781   0.000000995205       0.0001  NNNRSK
    58      1   -12.8535409650   0.000002616846       0.0003  PPAPPN
    59      1    -7.5303880337   0.000536530025       0.0687  PPPPPR
    60      1   -15.6354060044   0.000000162043       0.0000  QQQGSE
    61      1   -11.7538524256   0.000007858990       0.0010  QQQKRK
    62      1    -9.5161673862   0.000073651401       0.0094  QQQQED
    63      1    -6.7168323901   0.001210366116       0.1549  QQQQQK
    64      1    -4.7119727573   0.008987030853       1.1503  QQQQQQ
    65      1   -13.0785749140   0.000002089523       0.0003  RHRRKK
    66      1   -13.7707613409   0.000001045766       0.0001  RRRQKV
    67      1    -6.7070635810   0.001222247892       0.1564  RRRRKR
    68      1    -7.3919815456   0.000616173767       0.0789  RRRRRH
    69      1    -5.7942938195   0.003044879903       0.3897  RRRRRK
    70      1   -10.6916628674   0.000022733684       0.0029  RRRRTS
    71      1    -9.6397697142   0.000065088042       0.0083  SNSSSS
    72      1   -14.8846112913   0.000000343317       0.0000  SSRRSR
    73      1   -10.3672668884   0.000031445116       0.0040  SSRSSS
    74      1   -12.0330447998   0.000005944496       0.0008  SSSPSM
    75      1    -6.5953019266   0.001366774183       0.1749  SSSSSN
    76      3    -4.7199976701   0.008915199320       1.1411  SSSSSS
    77      1   -13.5323659393   0.000001327297       0.0002  TTTRTF
    78      1    -7.5789921123   0.000511076071       0.0654  TTTTTK
    79      1    -6.1977913217   0.002033917949       0.2603  TTTTTS
    80      1    -4.7366558237   0.008767918678       1.1223  TTTTTT
    81      1   -15.0254768816   0.000000298207       0.0000  VIIVVY
    82      1   -12.6772291183   0.000003121399       0.0004  VVMVLV
    83      1    -7.4421631301   0.000586016196       0.0750  VVVIVI
    84      1    -8.1840673951   0.000279064563       0.0357  VVVIVL
    85      1   -13.1420942674   0.000001960925       0.0003  VVVKVS
    86      1    -9.1211475276   0.000109329147       0.0140  VVVLVL
    87      1    -6.3607613213   0.001728050609       0.2212  VVVVIV
    88      1    -7.7216179164   0.000443143055       0.0567  VVVVLL
    89      1    -8.6980004833   0.000166919235       0.0214  VVVVVK
    90      1    -4.4324005845   0.011885922237       1.5214  VVVVVV
    91      1   -15.9416112918   0.000000119302       0.0000  WWWHWY
    92      4    -4.7126725870   0.008980743661       1.1495  WWWWWW
    93      1   -10.8648896853   0.000019117820       0.0024  YYYYWW
    94      2    -6.3130421635   0.001812510889       0.2320  YYYYYF
    95      1    -9.1366626090   0.000107645987       0.0138  YYYYYG
    96      2    -4.3177514267   0.013329822953       1.7062  YYYYYY