Supplemental results for CODEML (seqf: /home/yzliu/eDNA/faststorage/yzliu/DK_proj/data/ref_genome/ref_annotation/primary_transcripts/extracted_cds_new/new_transcript_id_7_and_pas/bootstraps/cat.out.OG_cds_7_species_same_header_fas.shuf_537OG_346.phy  treef: xxx.trees)


pairwise comparison (Goldman & Yang 1994)
seq seq        N       S       dN       dS     dN/dS   Paras.
  2   1 479238.7 186494.3   0.0109   0.1694   0.0646   0.1660   3.5988   0.0646 -1030793.491
  3   1 479033.9 186699.1   0.0109   0.1595   0.0682   0.1576   3.4812   0.0682 -1027716.986
  3   2 477062.3 188670.7   0.0104   0.1484   0.0701   0.1485   3.9672   0.0701 -1021306.489
  4   1 479338.0 186395.0   0.0083   0.1224   0.0682   0.1208   3.4520   0.0682 -1006153.064
  4   2 477066.5 188666.5   0.0104   0.1567   0.0661   0.1555   3.9839   0.0661 -1024341.762
  4   3 475897.0 189836.0   0.0103   0.1474   0.0697   0.1481   3.9816   0.0697 -1021342.432
  5   1 481992.0 183741.0   0.0063   0.0918   0.0681   0.0896   3.0754   0.0681 -986065.019
  5   2 478238.7 187494.3   0.0109   0.1641   0.0662   0.1621   3.7121   0.0662 -1028865.758
  5   3 477918.7 187814.3   0.0109   0.1537   0.0710   0.1535   3.6088   0.0710 -1025711.991
  5   4 478456.0 187277.0   0.0083   0.1158   0.0713   0.1155   3.5466   0.0713 -1003152.568
  6   1 483271.9 182461.1   0.0078   0.1222   0.0642   0.1175   2.9461   0.0642 -1004655.293
  6   2 478930.0 186803.0   0.0099   0.1603   0.0619   0.1564   3.6323   0.0619 -1024887.090
  6   3 478550.1 187182.9   0.0102   0.1516   0.0670   0.1497   3.5371   0.0670 -1022915.151
  6   4 478933.0 186800.0   0.0077   0.1165   0.0663   0.1148   3.4970   0.0663 -1002025.640
  6   5 482608.7 183124.3   0.0078   0.1159   0.0676   0.1127   3.0012   0.0676 -1002001.099
  7   1 476982.6 188750.4   0.0690   1.1546   0.0597   1.1303   3.9319   0.0597 -1251902.344
  7   2 473748.0 191985.0   0.0696   1.2124   0.0574   1.1976   4.2280   0.0574 -1254573.830
  7   3 475696.6 190036.4   0.0692   1.1502   0.0602   1.1334   4.0858   0.0602 -1251594.497
  7   4 475448.1 190284.9   0.0688   1.1614   0.0592   1.1432   4.1050   0.0592 -1251399.988
  7   5 477005.6 188727.4   0.0690   1.1442   0.0603   1.1215   3.9568   0.0603 -1251212.339
  7   6 476885.8 188847.2   0.0686   1.1515   0.0596   1.1273   3.9527   0.0596 -1251015.125

