

2 (Bom_con) ... 1 (Apis_mel)
  0  0.0000 420648.836977  x:  0.53114   1.36610   0.44545  
  1 99.0000 412555.479635  x:  0.43396   1.44871   0.10606  
  2 25149.7111 412311.569930  x:  0.46043   1.46164   0.08262  
  3 15300.8112 409673.878191  x:  0.58218   3.00644   0.12667  
  4 5272.7226 409450.226939  x:  0.54123   3.33641   0.11097  
  5  0.2750 409364.587930  x:  0.58465   3.59111   0.09907  
  6  0.1312 409352.324560  x:  0.58956   3.72104   0.10440  
  7  0.0737 409348.897888  x:  0.58666   3.83528   0.10362  
  8  0.0747 409348.891401  x:  0.58670   3.83279   0.10374  
  9  0.0024 409348.891387  x:  0.58668   3.83277   0.10374  

3 (Bom_hor) ... 1 (Apis_mel)
  0  0.0000 410610.814789  x:  0.51171   3.25812   0.11174  
  1 99.0000 410409.769573  x:  0.58763   3.26066   0.10587  
  2 5665.4311 410405.503823  x:  0.58879   3.26117   0.10199  
  3 2345.1908 410341.079409  x:  0.59511   3.81871   0.10403  
  4 255.3566 410340.884988  x:  0.59730   3.81943   0.10332  
  5  0.0020 410340.881631  x:  0.59750   3.82006   0.10339  
  6  0.0006 410340.881630  x:  0.59750   3.82011   0.10339  
  7  0.0000 410340.881630  x:  0.59750   3.82012   0.10339  

3 (Bom_hor) ... 2 (Bom_con)
  0  0.0000 344995.185561  x:  0.11450   3.29261   0.12939  
  1 99.0000 344989.287915  x:  0.11903   3.29302   0.12712  
  2 2354.7220 344984.794678  x:  0.11858   3.29483   0.11823  
  3 1149.6584 344859.362143  x:  0.11839   5.04360   0.13200  
  4 190.4073 344858.511627  x:  0.11857   5.05253   0.12786  
  5  0.0087 344858.502612  x:  0.11857   5.07163   0.12791  
  6  0.0092 344858.502585  x:  0.11857   5.07165   0.12794  
  7  0.0000 344858.502585  x:  0.11857   5.07163   0.12794  
  8  0.0000 344858.502585  x:  0.11857   5.07164   0.12794  
  9  0.0000 344858.502585  x:  0.11857   5.07164   0.12794  
 10  0.0000 344858.502585  x:  0.11857   5.07164   0.12794  
check convergence!


4 (Bom_hyp) ... 1 (Apis_mel)
  0  0.0000 410891.137450  x:  0.53022   4.27130   0.20720  
  1 99.0000 409624.953211  x:  0.53090   4.27104   0.11132  
  2 19874.1199 409494.696709  x:  0.59110   4.26844   0.09822  
  3 4584.5213 409464.265368  x:  0.58488   3.82208   0.09654  
  4 128.2688 409449.015265  x:  0.59008   3.78760   0.10249  
  5  0.0997 409448.953950  x:  0.59117   3.80281   0.10240  
  6  0.0164 409448.952008  x:  0.59133   3.80085   0.10235  
  7  0.0019 409448.952005  x:  0.59133   3.80087   0.10235  

4 (Bom_hyp) ... 2 (Bom_con)
  0  0.0000 343667.740960  x:  0.10916   3.45214   0.18538  
  1 99.0000 343569.809747  x:  0.12497   3.45418   0.14447  
  2 4430.7015 343502.674761  x:  0.11937   3.45574   0.11577  
  3 13286.0965 343383.891387  x:  0.11753   5.27480   0.13275  
  4 166.1473 343376.959619  x:  0.11340   5.27490   0.12703  
  5  0.0080 343376.908359  x:  0.11357   5.28273   0.12611  
  6  0.0091 343376.905418  x:  0.11356   5.29444   0.12618  
  7  0.0059 343376.905415  x:  0.11357   5.29439   0.12619  
  8  0.0000 343376.905415  x:  0.11357   5.29439   0.12619  

4 (Bom_hyp) ... 3 (Bom_hor)
  0  0.0000 332454.244296  x:  0.06862   4.34358   0.17595  
  1 99.0000 332435.385625  x:  0.07432   4.34394   0.15818  
  2 2045.6285 332400.509992  x:  0.07140   4.34463   0.12469  
  3 12567.8811 332392.726534  x:  0.07116   4.99772   0.12925  
  4 25.7468 332391.705156  x:  0.06973   4.98328   0.13018  
  5  0.0165 332391.703702  x:  0.06972   4.98047   0.12997  
  6  0.0033 332391.703668  x:  0.06972   4.97907   0.12997  
  7  0.0012 332391.703668  x:  0.06972   4.97909   0.12997  
  8  0.0000 332391.703668  x:  0.06972   4.97909   0.12997  

5 (Bom_mus) ... 1 (Apis_mel)
  0  0.0000 410536.146560  x:  0.48724   4.20888   0.09810  
  1 99.0000 410283.347269  x:  0.51206   4.20827   0.12606  
  2 14958.2221 409978.860608  x:  0.60374   4.20573   0.10251  
  3 8642.2548 409955.164661  x:  0.59967   3.82336   0.10179  
  4 116.5931 409955.081998  x:  0.59833   3.81766   0.10226  
  5  0.0058 409955.078011  x:  0.59809   3.81837   0.10221  
  6  0.0007 409955.078011  x:  0.59809   3.81834   0.10221  
  7  0.0000 409955.078011  x:  0.59809   3.81834   0.10221  

5 (Bom_mus) ... 2 (Bom_con)
  0  0.0000 345296.309180  x:  0.11771   3.38637   0.20724  
  1 99.0000 345053.256815  x:  0.11144   3.39031   0.12471  
  2 4774.3928 345035.308185  x:  0.11865   3.39097   0.11651  
  3 6533.5191 344921.491016  x:  0.12003   5.02460   0.13522  
  4 173.3068 344919.175681  x:  0.11913   5.06958   0.12910  
  5  0.0690 344919.089342  x:  0.11958   5.10269   0.12880  
  6  0.0239 344919.081439  x:  0.11950   5.11667   0.12905  
  7  0.0090 344919.081397  x:  0.11950   5.11711   0.12902  
  8  0.0005 344919.081397  x:  0.11950   5.11712   0.12902  

5 (Bom_mus) ... 3 (Bom_hor)
  0  0.0000 332154.775428  x:  0.07185   4.11291   0.18821  
  1 99.0000 332141.345236  x:  0.06678   4.11297   0.18521  
  2 4445.1411 332065.407773  x:  0.06801   4.11421   0.12621  
  3 2879.1295 332057.683655  x:  0.06802   4.72218   0.13125  
  4 27.5422 332057.448205  x:  0.06845   4.72917   0.12900  
  5  0.0095 332057.438773  x:  0.06856   4.72940   0.12935  
  6  0.0005 332057.438767  x:  0.06856   4.72983   0.12934  
  7  0.0004 332057.438767  x:  0.06856   4.72983   0.12934  
check convergence!


5 (Bom_mus) ... 4 (Bom_hyp)
  0  0.0000 332744.744189  x:  0.06489   3.84774   0.21802  
  1 99.0000 332720.759264  x:  0.07183   3.84785   0.21446  
  2 6478.3189 332544.138979  x:  0.07195   3.85070   0.12105  
  3 3753.7939 332515.083642  x:  0.07178   4.98968   0.13308  
  4 59.1743 332513.619372  x:  0.07142   5.03065   0.12660  
  5  0.0695 332513.550831  x:  0.07106   5.04687   0.12706  
  6  0.0152 332513.550009  x:  0.07107   5.05406   0.12708  
  7  0.0046 332513.550005  x:  0.07107   5.05405   0.12708  
  8  0.0000 332513.550005  x:  0.07107   5.05405   0.12708  
  9  0.0000 332513.550005  x:  0.07107   5.05405   0.12708  

6 (Bom_pas) ... 1 (Apis_mel)
  0  0.0000 410149.899601  x:  0.58036   4.17826   0.12490  
  1 99.0000 410061.163097  x:  0.58078   4.17806   0.10588  
  2 8587.6723 410044.812128  x:  0.60492   4.17588   0.10253  
  3 1407.1825 410026.690934  x:  0.59987   3.83801   0.10188  
  4 103.0758 410026.616450  x:  0.59954   3.83752   0.10241  
  5  0.0010 410026.615932  x:  0.59942   3.83776   0.10241  
  6  0.0003 410026.615932  x:  0.59942   3.83773   0.10241  

6 (Bom_pas) ... 2 (Bom_con)
  0  0.0000 345740.946150  x:  0.11138   3.40204   0.13952  
  1 99.0000 345707.783383  x:  0.12214   3.40238   0.13719  
  2 6234.2618 345698.218072  x:  0.12212   3.40442   0.12347  
  3 1386.2997 345566.679623  x:  0.12201   5.24465   0.13816  
  4 187.2720 345565.599697  x:  0.12219   5.25481   0.13340  
  5  0.0104 345565.588390  x:  0.12222   5.27669   0.13344  
  6  0.0105 345565.588298  x:  0.12220   5.27691   0.13348  
  7  0.0002 345565.588298  x:  0.12220   5.27694   0.13347  
  8  0.0000 345565.588298  x:  0.12220   5.27693   0.13347  

6 (Bom_pas) ... 3 (Bom_hor)
  0  0.0000 332776.896758  x:  0.06025   4.49257   0.15753  
  1 99.0000 332715.707358  x:  0.07082   4.49259   0.15670  
  2 12242.6750 332703.271111  x:  0.07095   4.49323   0.13440  
  3 1048.1216 332696.564779  x:  0.07092   5.11365   0.13820  
  4 23.3550 332696.543005  x:  0.07094   5.11472   0.13732  
  5  0.0016 332696.542978  x:  0.07095   5.11542   0.13732  
  6  0.0006 332696.542978  x:  0.07095   5.11545   0.13732  
  7  0.0001 332696.542978  x:  0.07095   5.11549   0.13732  

6 (Bom_pas) ... 4 (Bom_hyp)
  0  0.0000 333262.072563  x:  0.07114   4.19363   0.20474  
  1 99.0000 333243.253452  x:  0.07765   4.19400   0.19215  
  2 2802.0660 333152.325930  x:  0.07574   4.19586   0.12932  
  3 10384.7088 333125.209396  x:  0.07534   5.40930   0.13967  
  4 51.5617 333122.741023  x:  0.07333   5.41968   0.13562  
  5  0.0125 333122.701071  x:  0.07318   5.41780   0.13665  
  6  0.0030 333122.701061  x:  0.07318   5.41756   0.13664  
  7  0.0002 333122.701060  x:  0.07318   5.41739   0.13664  
  8  0.0001 333122.701060  x:  0.07318   5.41740   0.13664  

6 (Bom_pas) ... 5 (Bom_mus)
  0  0.0000 317007.017070  x:  0.02229   4.44675   0.21652  
  1 99.0000 317006.426166  x:  0.02289   4.44677   0.21609  
  2 1606.6281 316952.264139  x:  0.02292   4.44962   0.12480  
  3 1418.7864 316936.251625  x:  0.02282   6.33725   0.14153  
  4 20.9354 316935.379396  x:  0.02279   6.40516   0.13203  
  5  0.1104 316935.364692  x:  0.02273   6.46820   0.13228  
  6  0.0377 316935.363731  x:  0.02275   6.47749   0.13234  
  7  0.0078 316935.363730  x:  0.02275   6.47764   0.13234  
  8  0.0001 316935.363730  x:  0.02275   6.47764   0.13234  
  9  0.0001 316935.363730  x:  0.02275   6.47764   0.13234  
check convergence!


7 (Bom_syl) ... 1 (Apis_mel)
  0  0.0000 411232.232275  x:  0.50953   5.22996   0.11113  
  1 99.0000 411052.561685  x:  0.54516   5.22823   0.13163  
  2 9211.7770 410842.671686  x:  0.61028   5.22388   0.10549  
  3 9262.9676 410588.345293  x:  0.59628   3.80614   0.10417  
  4 303.7257 410588.015260  x:  0.59837   3.80929   0.10478  
  5  0.0039 410588.002915  x:  0.59890   3.81009   0.10459  
  6  0.0011 410588.002892  x:  0.59890   3.80974   0.10459  

7 (Bom_syl) ... 2 (Bom_con)
  0  0.0000 346658.205141  x:  0.10515   3.37846   0.08812  
  1 99.0000 346468.804413  x:  0.12933   3.37875   0.10171  
  2 14721.3691 346422.277250  x:  0.12330   3.37981   0.12635  
  3 4266.5928 346291.628537  x:  0.12274   5.20104   0.13615  
  4 186.0893 346290.896688  x:  0.12438   5.20013   0.13654  
  5  0.0016 346290.884243  x:  0.12434   5.19928   0.13705  
  6  0.0006 346290.884190  x:  0.12434   5.19785   0.13704  
  7  0.0007 346290.884189  x:  0.12434   5.19781   0.13704  
  8  0.0000 346290.884189  x:  0.12434   5.19781   0.13704  

7 (Bom_syl) ... 3 (Bom_hor)
  0  0.0000 333959.009565  x:  0.06865   4.43405   0.15880  
  1 99.0000 333943.407762  x:  0.07434   4.43408   0.15812  
  2 5668.6535 333937.985071  x:  0.07442   4.43468   0.14361  
  3 710.4682 333931.241820  x:  0.07439   5.03073   0.14739  
  4 24.4541 333931.215966  x:  0.07434   5.03058   0.14642  
  5  0.0011 333931.215922  x:  0.07433   5.03097   0.14643  
  6  0.0004 333931.215922  x:  0.07433   5.03105   0.14643  
  7  0.0001 333931.215922  x:  0.07433   5.03104   0.14643  

7 (Bom_syl) ... 4 (Bom_hyp)
  0  0.0000 334445.587559  x:  0.07453   4.14655   0.14029  
  1 99.0000 334442.962706  x:  0.07693   4.14661   0.14032  
  2 2222.2237 334441.920375  x:  0.07700   4.18453   0.13481  
  3 54.1334 334416.142240  x:  0.07682   5.28100   0.14914  
  4 2177.9547 334415.876336  x:  0.07688   5.30741   0.14622  
  5  0.0219 334415.873649  x:  0.07687   5.32070   0.14622  
  6  0.0093 334415.873612  x:  0.07687   5.32093   0.14626  
  7  0.0002 334415.873612  x:  0.07687   5.32090   0.14626  

7 (Bom_syl) ... 5 (Bom_mus)
  0  0.0000 331948.420641  x:  0.06102   4.28883   0.18091  
  1 99.0000 331919.993688  x:  0.06819   4.28888   0.17947  
  2 8087.7558 331880.204377  x:  0.06832   4.29037   0.13806  
  3 1696.1535 331855.979462  x:  0.06823   5.50675   0.14735  
  4 46.0870 331855.239938  x:  0.06825   5.52418   0.14193  
  5  0.0233 331855.235983  x:  0.06824   5.54237   0.14196  
  6  0.0117 331855.235965  x:  0.06824   5.54248   0.14199  
  7  0.0001 331855.235965  x:  0.06825   5.54245   0.14199  
  8  0.0000 331855.235965  x:  0.06825   5.54245   0.14199  

7 (Bom_syl) ... 6 (Bom_pas)
  0  0.0000 332684.462033  x:  0.07116   4.44700   0.21540  
  1 99.0000 332674.257461  x:  0.06696   4.44725   0.20796  
  2 2327.6409 332602.698223  x:  0.06921   4.44941   0.14598  
  3 7283.7332 332569.514706  x:  0.06939   5.94506   0.15855  
  4 52.4707 332568.373077  x:  0.07040   5.96414   0.15312  
  5  0.0232 332568.342363  x:  0.07059   5.97056   0.15389  
  6  0.0074 332568.341986  x:  0.07059   5.97608   0.15386  
  7  0.0036 332568.341974  x:  0.07059   5.97651   0.15387  
  8  0.0004 332568.341974  x:  0.07059   5.97652   0.15387  

8 (Bom_vet) ... 1 (Apis_mel)
  0  0.0000 411325.272080  x:  0.43373   4.77962   0.13518  
  1 99.0000 410171.833613  x:  0.60431   4.77574   0.09690  
  2 15367.4830 410151.193869  x:  0.60883   4.77527   0.10441  
  3 5389.6304 410026.168568  x:  0.60175   3.82800   0.10259  
  4 235.2289 410025.709004  x:  0.59832   3.82037   0.10229  
  5  0.0065 410025.692086  x:  0.59787   3.82215   0.10253  
  6  0.0015 410025.691988  x:  0.59787   3.82144   0.10253  
  7  0.0010 410025.691987  x:  0.59787   3.82145   0.10253  

8 (Bom_vet) ... 2 (Bom_con)
  0  0.0000 345516.803341  x:  0.10871   3.46263   0.19891  
  1 99.0000 345450.403789  x:  0.12400   3.46318   0.18764  
  2 7330.3070 345279.416312  x:  0.12292   3.46642   0.12111  
  3 6420.4937 345174.116232  x:  0.12238   5.07850   0.13821  
  4 162.0341 345169.589770  x:  0.12096   5.11903   0.12963  
  5  0.0540 345169.424772  x:  0.12025   5.14287   0.13042  
  6  0.0223 345169.416359  x:  0.12030   5.16079   0.13041  
  7  0.0097 345169.416305  x:  0.12030   5.16083   0.13044  

8 (Bom_vet) ... 3 (Bom_hor)
  0  0.0000 332448.316770  x:  0.06062   4.26159   0.10249  
  1 99.0000 332398.709146  x:  0.07016   4.26160   0.10466  
  2 10674.0692 332375.592317  x:  0.06947   4.26173   0.12560  
  3 2095.4497 332370.444816  x:  0.06942   4.77539   0.12786  
  4 21.4058 332369.588325  x:  0.06927   4.77720   0.13361  
  5  0.0042 332369.585113  x:  0.06931   4.77619   0.13330  
  6  0.0010 332369.585111  x:  0.06931   4.77600   0.13330  

8 (Bom_vet) ... 4 (Bom_hyp)
  0  0.0000 333060.460296  x:  0.07542   4.06017   0.13381  
  1 99.0000 333056.361625  x:  0.07248   4.06023   0.13330  
  2 2697.8378 333055.020954  x:  0.07264   4.06108   0.12677  
  3 404.1114 333032.159089  x:  0.07255   5.14241   0.13338  
  4 49.6479 333032.108278  x:  0.07257   5.13874   0.13207  
  5  0.0038 333032.108270  x:  0.07257   5.13871   0.13206  
  6  0.0000 333032.108270  x:  0.07257   5.13873   0.13206  
  7  0.0000 333032.108269  x:  0.07257   5.13872   0.13206  

8 (Bom_vet) ... 5 (Bom_mus)
  0  0.0000 316433.158782  x:  0.01815   4.38678   0.15990  
  1 99.0000 316416.263549  x:  0.02112   4.38679   0.15975  
  2 11995.7979 316400.962610  x:  0.02117   4.38784   0.11771  
  3 626.9937 316395.841522  x:  0.02112   5.39525   0.12434  
  4 11.5265 316395.731395  x:  0.02113   5.40528   0.12110  
  5  0.0144 316395.731150  x:  0.02113   5.41258   0.12107  
  6  0.0053 316395.731146  x:  0.02113   5.41296   0.12109  
  7  0.0004 316395.731146  x:  0.02113   5.41297   0.12109  

8 (Bom_vet) ... 6 (Bom_pas)
  0  0.0000 317344.157995  x:  0.02305   4.45462   0.17470  
  1 99.0000 317343.304477  x:  0.02379   4.45463   0.17445  
  2 2218.7091 317323.004974  x:  0.02382   4.45657   0.12493  
  3 788.8919 317304.205146  x:  0.02372   6.55006   0.13985  
  4 22.7853 317303.743409  x:  0.02372   6.57512   0.13297  
  5  0.0327 317303.739806  x:  0.02372   6.61154   0.13296  
  6  0.0186 317303.739740  x:  0.02372   6.61214   0.13304  
  7  0.0006 317303.739739  x:  0.02372   6.61243   0.13304  
  8  0.0003 317303.739739  x:  0.02372   6.61234   0.13304  
  9  0.0001 317303.739739  x:  0.02372   6.61243   0.13304  
 10  0.0001 317303.739739  x:  0.02372   6.61243   0.13304  
check convergence!


8 (Bom_vet) ... 7 (Bom_syl)
  0  0.0000 332126.575108  x:  0.06496   5.37362   0.16992  
  1 99.0000 332118.572839  x:  0.06890   5.37364   0.16895  
  2 4069.2956 332105.584438  x:  0.06893   5.37394   0.14498  
  3 1043.2944 332104.526915  x:  0.06892   5.67374   0.14646  
  4  7.3568 332104.501860  x:  0.06887   5.67275   0.14547  
  5  0.0017 332104.501766  x:  0.06886   5.67245   0.14548  
  6  0.0003 332104.501766  x:  0.06886   5.67241   0.14548  