Supplemental results for CODEML (seqf: /home/yzliu/eDNA/faststorage/yzliu/DK_proj/data/ref_genome/ref_annotation/primary_transcripts/extracted_cds_new/new_transcript_id_8_bom_apis/bootstraps/cat.out.OG_cds_8_species_same_header_fas.shuf_211OG_909.phy  treef: xxx.trees)


pairwise comparison (Goldman & Yang 1994)
seq seq        N       S       dN       dS     dN/dS   Paras.
  2   1 171454.1  56128.9   0.0576   0.5819   0.0991   0.5608   3.7368   0.0991 -400512.352
  3   1 171179.4  56403.6   0.0580   0.5960   0.0973   0.5740   3.8218   0.0973 -401116.401
  3   2 167239.9  60343.1   0.0137   0.1072   0.1274   0.1154   5.2803   0.1274 -339147.951
  4   1 171580.6  56002.4   0.0569   0.5908   0.0964   0.5649   3.7814   0.0964 -400046.212
  4   2 167599.1  59983.9   0.0130   0.1019   0.1273   0.1093   5.2537   0.1273 -337556.836
  4   3 166975.5  60607.5   0.0080   0.0613   0.1302   0.0666   5.6941   0.1302 -326638.252
  5   1 171509.6  56073.4   0.0581   0.5968   0.0974   0.5726   3.8016   0.0974 -400878.341
  5   2 167547.1  60035.9   0.0142   0.1070   0.1325   0.1160   5.2706   0.1325 -339241.515
  5   3 167716.1  59866.9   0.0087   0.0618   0.1400   0.0679   5.0312   0.1400 -327310.402
  5   4 167448.8  60134.2   0.0084   0.0621   0.1356   0.0678   5.5363   0.1356 -326866.911
  6   1 171464.8  56118.2   0.0581   0.5977   0.0972   0.5734   3.8387   0.0972 -400796.045
  6   2 167366.2  60216.8   0.0143   0.1080   0.1322   0.1172   5.4461   0.1322 -339381.351
  6   3 167227.2  60355.8   0.0089   0.0624   0.1426   0.0693   5.4559   0.1426 -327583.780
  6   4 166939.9  60643.1   0.0088   0.0621   0.1419   0.0690   6.0544   0.1419 -327148.760
  6   5 166715.1  60867.9   0.0025   0.0199   0.1269   0.0215   6.2599   0.1269 -311992.397
  7   1 171550.2  56032.8   0.0585   0.5916   0.0989   0.5692   3.8175   0.0989 -400794.863
  7   2 167390.3  60192.7   0.0146   0.1084   0.1349   0.1183   5.4615   0.1349 -339764.139
  7   3 167083.4  60499.6   0.0087   0.0630   0.1380   0.0694   5.6230   0.1380 -327492.246
  7   4 166835.7  60747.3   0.0087   0.0625   0.1395   0.0692   6.2092   0.1395 -327173.842
  7   5 167423.5  60159.5   0.0084   0.0581   0.1453   0.0647   5.5888   0.1453 -326094.666
  7   6 166963.1  60619.9   0.0086   0.0589   0.1470   0.0661   6.0633   0.1470 -326371.165
  8   1 171438.7  56144.3   0.0583   0.5972   0.0977   0.5738   3.8212   0.0977 -401009.269
  8   2 167347.0  60236.0   0.0143   0.1084   0.1321   0.1177   5.4132   0.1321 -339569.100
  8   3 167460.2  60122.8   0.0088   0.0624   0.1408   0.0689   5.2098   0.1408 -327567.374
  8   4 167100.8  60482.2   0.0088   0.0632   0.1389   0.0698   5.8326   0.1389 -327419.436
  8   5 167636.5  59946.5   0.0024   0.0195   0.1207   0.0206   5.3112   0.1207 -311736.162
  8   6 165998.2  61584.8   0.0026   0.0211   0.1220   0.0228   7.0809   0.1220 -312406.625
  8   7 167096.9  60486.1   0.0085   0.0591   0.1435   0.0658   5.8679   0.1435 -326330.620

