

2 (And_ful) ... 1 (And_bic)
  0  0.0000 1070662.374279  x:  0.14018   1.42182   0.39905  
  1 99.0000 1064897.995022  x:  0.30591   1.48584   0.07142  
  2 39695.0650 1064173.008832  x:  0.30786   1.49125   0.04095  
  3 243488.5195 1055975.186003  x:  0.18308   5.68199   0.11779  
  4 5788.8250 1055004.955518  x:  0.14864   5.33762   0.08416  
  5  0.2208 1054644.325842  x:  0.15686   4.79608   0.05712  
  6  0.7520 1054568.363649  x:  0.16672   4.57596   0.06147  
  7  0.1905 1054498.144654  x:  0.16673   3.90060   0.05585  
  8  0.2779 1054473.949353  x:  0.16251   3.76474   0.06020  
  9  0.1288 1054473.530642  x:  0.16211   3.80758   0.06036  
 10  0.0582 1054473.527707  x:  0.16206   3.80572   0.06032  
 11  0.0019 1054473.527699  x:  0.16206   3.80574   0.06031  
 12  0.0000 1054473.527699  x:  0.16206   3.80574   0.06031  

3 (And_hae) ... 1 (And_bic)
  0  0.0000 1053980.825537  x:  0.15022   3.34415   0.18288  
  1 99.0000 1051259.865054  x:  0.13901   3.34591   0.06535  
  2 31951.6132 1051148.660411  x:  0.15004   3.34608   0.05726  
  3 22176.6109 1051125.319041  x:  0.15114   3.66426   0.06042  
  4 153.0717 1051115.879891  x:  0.15303   3.57808   0.06343  
  5  0.2349 1051115.813695  x:  0.15327   3.57979   0.06317  
  6  0.0015 1051115.813593  x:  0.15327   3.57908   0.06317  
  7  0.0007 1051115.813593  x:  0.15327   3.57908   0.06317  

3 (And_hae) ... 2 (And_ful)
  0  0.0000 1052250.601589  x:  0.12441   3.12810   0.18256  
  1 99.0000 1051005.910806  x:  0.16996   3.12917   0.14263  
  2 46317.3089 1049340.233658  x:  0.16923   3.13119   0.06276  
  3 52623.6973 1049155.167936  x:  0.16788   4.07786   0.07253  
  4 452.6279 1049000.670899  x:  0.15557   4.17097   0.06176  
  5  0.1044 1048973.818868  x:  0.15088   4.11931   0.06741  
  6  0.0900 1048973.658880  x:  0.15106   4.08805   0.06729  
  7  0.0215 1048973.655438  x:  0.15100   4.08614   0.06725  
  8  0.0020 1048973.655436  x:  0.15100   4.08616   0.06725  

4 (And_hat) ... 1 (And_bic)
  0  0.0000 1028261.041900  x:  0.12401   3.46181   0.05084  
  1 99.0000 1028123.700735  x:  0.11314   3.46180   0.06060  
  2 18642.6768 1028116.258382  x:  0.11498   3.46181   0.06387  
  3 4224.3667 1028115.230897  x:  0.11500   3.54583   0.06415  
  4 25.8658 1028114.903581  x:  0.11450   3.54298   0.06476  
  5  0.0027 1028114.903115  x:  0.11452   3.54360   0.06478  
  6  0.0006 1028114.903115  x:  0.11452   3.54359   0.06478  
  7  0.0000 1028114.903115  x:  0.11452   3.54359   0.06478  
  8  0.0000 1028114.903115  x:  0.11452   3.54359   0.06478  
check convergence!


4 (And_hat) ... 2 (And_ful)
  0  0.0000 1050826.943276  x:  0.16269   3.10313   0.12308  
  1 99.0000 1049775.998726  x:  0.13730   3.10441   0.07362  
  2 33164.4570 1049573.329263  x:  0.14631   3.10505   0.05618  
  3 29102.4828 1049301.561509  x:  0.14904   4.31051   0.06397  
  4 541.0861 1049288.488972  x:  0.15357   4.27216   0.06454  
  5  0.0458 1049288.101264  x:  0.15368   4.26666   0.06364  
  6  0.0058 1049288.097505  x:  0.15367   4.26126   0.06362  
  7  0.0033 1049288.097500  x:  0.15367   4.26127   0.06363  
  8  0.0000 1049288.097500  x:  0.15367   4.26126   0.06363  

4 (And_hat) ... 3 (And_hae)
  0  0.0000 1047058.480849  x:  0.13739   3.81446   0.07139  
  1 99.0000 1046997.181776  x:  0.14693   3.81454   0.06904  
  2 12797.1410 1046994.943341  x:  0.14673   3.81465   0.06680  
  3 1997.5648 1046982.435763  x:  0.14677   4.10685   0.06785  
  4 89.7345 1046982.431680  x:  0.14675   4.10629   0.06776  
  5  0.0006 1046982.431679  x:  0.14675   4.10625   0.06776  
  6  0.0000 1046982.431679  x:  0.14675   4.10625   0.06776  
  7  0.0000 1046982.431679  x:  0.14675   4.10625   0.06776  
  8  0.0138 1046982.431679  x:  0.14675   4.10625   0.06776  
check convergence!


5 (And_mar) ... 1 (And_bic)
  0  0.0000 1010761.071948  x:  0.07333   3.41829   0.19376  
  1 99.0000 1010483.449141  x:  0.08815   3.41835   0.18498  
  2 34463.7728 1008935.566087  x:  0.08864   3.41908   0.06566  
  3 24006.3256 1008917.137718  x:  0.08875   3.08623   0.06166  
  4 103.2832 1008908.169962  x:  0.08735   3.00749   0.06593  
  5  0.1599 1008902.425045  x:  0.08541   3.04872   0.06438  
  6  0.0618 1008902.415280  x:  0.08543   3.04546   0.06420  
  7  0.0036 1008902.415206  x:  0.08543   3.04602   0.06420  
  8  0.0006 1008902.415206  x:  0.08543   3.04601   0.06420  
  9  0.0000 1008902.415206  x:  0.08543   3.04602   0.06420  

5 (And_mar) ... 2 (And_ful)
  0  0.0000 1056668.262323  x:  0.16304   2.78242   0.14818  
  1 99.0000 1054785.699442  x:  0.14091   2.78479   0.06731  
  2 35159.4163 1054592.987109  x:  0.15195   2.78543   0.05338  
  3 32133.3151 1054301.296732  x:  0.15618   3.82951   0.06251  
  4 661.7508 1054290.289668  x:  0.15996   3.77244   0.06405  
  5  0.0879 1054289.575036  x:  0.16040   3.76228   0.06292  
  6  0.0091 1054289.569565  x:  0.16038   3.75685   0.06291  
  7  0.0036 1054289.569542  x:  0.16037   3.75687   0.06291  

5 (And_mar) ... 3 (And_hae)
  0  0.0000 1050891.594901  x:  0.15134   3.23161   0.07632  
  1 99.0000 1050846.620578  x:  0.14982   3.23184   0.06627  
  2 8362.2737 1050845.728391  x:  0.15100   3.23197   0.06588  
  3 1483.2906 1050823.300870  x:  0.15108   3.55220   0.06749  
  4 149.9661 1050823.261330  x:  0.15104   3.55165   0.06720  
  5  0.0007 1050823.261314  x:  0.15105   3.55154   0.06720  
  6  0.0001 1050823.261313  x:  0.15105   3.55153   0.06720  
  7  0.0000 1050823.261313  x:  0.15105   3.55153   0.06720  
  8  0.0000 1050823.261313  x:  0.15105   3.55153   0.06720  

5 (And_mar) ... 4 (And_hat)
  0  0.0000 1027947.881693  x:  0.09735   3.29654   0.13922  
  1 99.0000 1027569.112202  x:  0.11776   3.29673   0.12386  
  2 31762.8462 1026921.968891  x:  0.11630   3.29742   0.06789  
  3 27796.3652 1026914.709184  x:  0.11617   3.50802   0.06965  
  4 72.4967 1026894.420900  x:  0.11136   3.49633   0.06908  
  5  0.0114 1026894.350261  x:  0.11131   3.49209   0.06951  
  6  0.0081 1026894.349958  x:  0.11130   3.49111   0.06950  
  7  0.0010 1026894.349957  x:  0.11130   3.49105   0.06950  
  8  0.0001 1026894.349957  x:  0.11130   3.49105   0.06950  
  9  0.0000 1026894.349957  x:  0.11130   3.49105   0.06950  
check convergence!


6 (And_tri) ... 1 (And_bic)
  0  0.0000 1026258.398911  x:  0.11195   3.04788   0.14442  
  1 99.0000 1025471.773942  x:  0.09131   3.04840   0.09121  
  2 24676.4739 1025018.050184  x:  0.09794   3.04872   0.05505  
  3 76591.2809 1025015.634821  x:  0.09816   3.15734   0.05590  
  4 35.6289 1024888.333414  x:  0.10822   2.95439   0.06186  
  5  0.3201 1024883.069910  x:  0.10924   3.00334   0.05891  
  6  0.0657 1024883.060977  x:  0.10929   2.99793   0.05884  
  7  0.0057 1024883.060933  x:  0.10929   2.99796   0.05885  
  8  0.0000 1024883.060933  x:  0.10929   2.99797   0.05885  
  9  0.0000 1024883.060933  x:  0.10929   2.99797   0.05885  

6 (And_tri) ... 2 (And_ful)
  0  0.0000 1050579.835306  x:  0.13023   2.75895   0.09274  
  1 99.0000 1049847.975494  x:  0.16152   2.75974   0.06875  
  2 39036.6085 1049714.648028  x:  0.15796   2.76041   0.05389  
  3 19051.3866 1049454.975878  x:  0.15676   3.79188   0.06004  
  4 602.5077 1049447.842430  x:  0.15364   3.78927   0.05869  
  5  0.0042 1049447.813170  x:  0.15353   3.78752   0.05890  
  6  0.0018 1049447.812753  x:  0.15353   3.78598   0.05889  
  7  0.0009 1049447.812752  x:  0.15353   3.78597   0.05889  

6 (And_tri) ... 3 (And_hae)
  0  0.0000 1047851.521632  x:  0.14826   3.27443   0.12812  
  1 99.0000 1046847.999007  x:  0.13120   3.27522   0.07053  
  2 27913.9896 1046713.402542  x:  0.14063   3.27544   0.05796  
  3 25866.3024 1046682.590906  x:  0.14148   3.66482   0.06060  
  4 168.4030 1046665.880222  x:  0.14501   3.60154   0.06414  
  5  0.1055 1046665.626746  x:  0.14544   3.59963   0.06356  
  6  0.0019 1046665.626521  x:  0.14543   3.59876   0.06354  
  7  0.0008 1046665.626521  x:  0.14543   3.59874   0.06355  
  8  0.0000 1046665.626521  x:  0.14543   3.59874   0.06355  
  9  0.0000 1046665.626521  x:  0.14543   3.59874   0.06355  
 10  0.0000 1046665.626521  x:  0.14543   3.59874   0.06355  
 11  0.0507 1046665.626521  x:  0.14543   3.59874   0.06355  
 12  0.0028 1046665.626521  x:  0.14543   3.59874   0.06355  
check convergence!


6 (And_tri) ... 4 (And_hat)
  0  0.0000 1024758.165347  x:  0.10367   3.21681   0.08261  
  1 99.0000 1024667.636106  x:  0.11288   3.21698   0.07310  
  2 14021.2585 1024623.359005  x:  0.11048   3.21721   0.06247  
  3 10960.4417 1024603.326708  x:  0.11032   3.56775   0.06430  
  4 121.7127 1024602.467184  x:  0.10934   3.56408   0.06453  
  5  0.0039 1024602.466932  x:  0.10934   3.56331   0.06450  
  6  0.0008 1024602.466928  x:  0.10934   3.56316   0.06451  

6 (And_tri) ... 5 (And_mar)
  0  0.0000 1025248.401848  x:  0.09702   3.20730   0.12169  
  1 99.0000 1024953.044067  x:  0.11471   3.20735   0.10439  
  2 25211.3000 1024558.129750  x:  0.11212   3.20742   0.06428  
  3 28555.0116 1024546.877212  x:  0.11227   2.97591   0.06258  
  4 91.6028 1024523.401085  x:  0.10745   2.94687   0.06543  
  5  0.0302 1024522.820028  x:  0.10715   2.95646   0.06434  
  6  0.0162 1024522.819954  x:  0.10715   2.95634   0.06432  
  7  0.0001 1024522.819954  x:  0.10715   2.95639   0.06432  
  8  0.0000 1024522.819954  x:  0.10715   2.95637   0.06432  
  9  0.0000 1024522.819954  x:  0.10715   2.95637   0.06432  

7 (Bom_pas) ... 1 (And_bic)
  0  0.0000 1294695.189404  x:  1.12457   2.96710   0.13807  
  1 99.0000 1284446.537791  x:  1.11346   2.96866   0.05728  
  2 174103.7747 1284365.996820  x:  1.06885   2.99852   0.06303  
  3 3062.9565 1283782.641984  x:  1.14629   3.90854   0.06212  
  4 1915.8503 1283717.365144  x:  1.11233   3.93022   0.06027  
  5  0.0639 1283717.216703  x:  1.11211   3.94483   0.06039  
  6  0.0105 1283717.211715  x:  1.11257   3.94636   0.06035  
  7  0.0014 1283717.211713  x:  1.11257   3.94637   0.06035  

7 (Bom_pas) ... 2 (And_ful)
  0  0.0000 1308955.956613  x:  1.29070   3.46662   0.17429  
  1 99.0000 1288595.092843  x:  1.26989   3.46862   0.05247  
  2 200093.2002 1288513.479926  x:  1.23148   3.48058   0.05835  
  3 4238.6567 1288173.547981  x:  1.29220   4.28587   0.05730  
  4 989.0906 1287986.010803  x:  1.19638   4.24289   0.05809  
  5  0.1303 1287984.752791  x:  1.19500   4.25654   0.05763  
  6  0.0129 1287984.736768  x:  1.19594   4.26136   0.05760  
  7  0.0046 1287984.735917  x:  1.19582   4.26214   0.05761  
  8  0.0008 1287984.735917  x:  1.19582   4.26214   0.05761  
  9  0.0000 1287984.735917  x:  1.19582   4.26214   0.05761  

7 (Bom_pas) ... 3 (And_hae)
  0  0.0000 1285517.531061  x:  1.27872   3.69503   0.06118  
  1 99.0000 1285251.405383  x:  1.27753   3.69519   0.05281  
  2 59241.6114 1284694.131296  x:  1.10156   3.72384   0.06135  
  3 5653.1311 1284618.284917  x:  1.13445   4.10767   0.06090  
  4 426.5415 1284615.638047  x:  1.12513   4.11109   0.06085  
  5  0.0114 1284615.584599  x:  1.12592   4.10967   0.06070  
  6  0.0016 1284615.584591  x:  1.12592   4.10978   0.06070  
  7  0.0001 1284615.584591  x:  1.12592   4.10978   0.06070  

7 (Bom_pas) ... 4 (And_hat)
  0  0.0000 1289384.495375  x:  1.16245   3.41930   0.10602  
  1 99.0000 1284348.863771  x:  1.15715   3.41992   0.05674  
  2 156570.2219 1284255.022306  x:  1.09747   3.44326   0.06226  
  3 2903.9268 1283997.710026  x:  1.14919   4.11309   0.06147  
  4 920.3392 1283970.676453  x:  1.13143   4.12023   0.05980  
  5  0.0301 1283970.660019  x:  1.13142   4.12565   0.05983  
  6  0.0042 1283970.659822  x:  1.13152   4.12591   0.05982  

7 (Bom_pas) ... 5 (And_mar)
  0  0.0000 1291690.912652  x:  1.04837   3.55351   0.13787  
  1 99.0000 1283872.982500  x:  1.04025   3.55422   0.06334  
  2 150430.7681 1283845.270617  x:  1.06620   3.55885   0.06019  
  3 2069.4138 1283760.868573  x:  1.08579   3.94379   0.06051  
  4 487.6611 1283746.352079  x:  1.10184   3.94041   0.06139  
  5  0.0293 1283746.088911  x:  1.10456   3.94030   0.06107  
  6  0.0025 1283746.088538  x:  1.10465   3.94109   0.06107  
  7  0.0007 1283746.088538  x:  1.10465   3.94110   0.06107  

7 (Bom_pas) ... 6 (And_tri)
  0  0.0000 1299826.163914  x:  1.26898   3.61132   0.15750  
  1 99.0000 1283479.372599  x:  1.25153   3.61263   0.05288  
  2 195638.1954 1283303.416439  x:  1.18384   3.62288   0.06232  
  3 5509.0164 1283230.028403  x:  1.21033   3.98765   0.06164  
  4 423.1357 1282929.184872  x:  1.09537   3.91801   0.06244  
  5  0.2001 1282919.415970  x:  1.10870   3.95430   0.06042  
  6  0.0408 1282919.293719  x:  1.10669   3.95149   0.06039  
  7  0.0039 1282919.293614  x:  1.10666   3.95107   0.06040  
  8  0.0004 1282919.293614  x:  1.10666   3.95105   0.06039  
  9  0.0000 1282919.293614  x:  1.10666   3.95105   0.06039  