

2 (Bom_con) ... 1 (Apis_mel)
  0  0.0000 416036.100359  x:  0.49437   1.50953   0.51110  
  1 99.0000 407829.039520  x:  0.36209   1.59860   0.11894  
  2 22426.3180 407520.314582  x:  0.37941   1.60744   0.08858  
  3 28548.1276 404693.389480  x:  0.49385   3.65570   0.13301  
  4 4135.0182 404493.753071  x:  0.53512   3.63954   0.10278  
  5  0.0296 404485.746364  x:  0.54241   3.83263   0.10419  
  6  0.0583 404485.308113  x:  0.54184   3.85035   0.10318  
  7  0.0184 404485.268963  x:  0.54094   3.85534   0.10343  
  8  0.0046 404485.268958  x:  0.54094   3.85550   0.10343  
  9  0.0002 404485.268958  x:  0.54095   3.85550   0.10343  
 10  0.0000 404485.268958  x:  0.54094   3.85550   0.10343  

3 (Bom_hor) ... 1 (Apis_mel)
  0  0.0000 404923.180068  x:  0.51779   3.53555   0.10680  
  1 99.0000 404909.558913  x:  0.52428   3.53597   0.09958  
  2 2719.0004 404890.444353  x:  0.54610   3.53736   0.10004  
  3 3106.0583 404868.136625  x:  0.55005   3.89387   0.10117  
  4 132.8447 404868.021790  x:  0.55086   3.89362   0.10051  
  5  0.0011 404868.021594  x:  0.55093   3.89385   0.10051  
  6  0.0002 404868.021594  x:  0.55093   3.89387   0.10051  
  7  0.0000 404868.021594  x:  0.55093   3.89387   0.10051  

3 (Bom_hor) ... 2 (Bom_con)
  0  0.0000 344256.422864  x:  0.09592   3.39988   0.10198  
  1 99.0000 344112.334286  x:  0.11673   3.40010   0.10849  
  2 14162.7232 344083.054903  x:  0.11433   3.40130   0.13122  
  3 2902.1459 343972.956674  x:  0.11399   5.11828   0.14162  
  4 163.8940 343972.867302  x:  0.11450   5.11748   0.14094  
  5  0.0010 343972.866637  x:  0.11448   5.11843   0.14084  
  6  0.0006 343972.866628  x:  0.11448   5.11902   0.14084  
  7  0.0003 343972.866628  x:  0.11448   5.11903   0.14084  
  8  0.0000 343972.866628  x:  0.11448   5.11908   0.14084  
  9  0.0000 343972.866628  x:  0.11448   5.11907   0.14084  

4 (Bom_hyp) ... 1 (Apis_mel)
  0  0.0000 404148.091342  x:  0.52068   4.35877   0.14209  
  1 99.0000 403865.029295  x:  0.52011   4.35853   0.10459  
  2 13132.4108 403836.652082  x:  0.54894   4.35649   0.09972  
  3 2036.1204 403809.078539  x:  0.54382   3.91121   0.09864  
  4 117.3068 403808.373891  x:  0.54402   3.90883   0.10015  
  5  0.0047 403808.372655  x:  0.54387   3.91030   0.10018  
  6  0.0015 403808.372645  x:  0.54386   3.91008   0.10018  

4 (Bom_hyp) ... 2 (Bom_con)
  0  0.0000 341932.064141  x:  0.10978   3.32997   0.17057  
  1 99.0000 341908.787163  x:  0.10194   3.33060   0.16150  
  2 3782.6437 341857.093315  x:  0.10550   3.33329   0.12588  
  3 4951.7010 341737.207403  x:  0.10585   5.13591   0.14356  
  4 170.8482 341735.107160  x:  0.10676   5.15827   0.13672  
  5  0.0249 341735.077577  x:  0.10693   5.18940   0.13689  
  6  0.0177 341735.074838  x:  0.10685   5.19540   0.13692  
  7  0.0050 341735.074837  x:  0.10685   5.19551   0.13692  
  8  0.0001 341735.074837  x:  0.10685   5.19548   0.13692  
  9  0.0000 341735.074837  x:  0.10685   5.19547   0.13692  
 10  0.0000 341735.074837  x:  0.10685   5.19547   0.13692  
 11  0.0000 341735.074837  x:  0.10685   5.19547   0.13692  
check convergence!


4 (Bom_hyp) ... 3 (Bom_hor)
  0  0.0000 330413.224141  x:  0.05929   4.15931   0.14229  
  1 99.0000 330401.132852  x:  0.06390   4.15935   0.14175  
  2 5382.4560 330396.575512  x:  0.06396   4.16033   0.12871  
  3 663.0298 330373.342774  x:  0.06385   5.36347   0.13635  
  4 45.0924 330373.227216  x:  0.06386   5.36675   0.13422  
  5  0.0040 330373.226919  x:  0.06386   5.37173   0.13423  
  6  0.0032 330373.226918  x:  0.06386   5.37175   0.13424  

5 (Bom_mus) ... 1 (Apis_mel)
  0  0.0000 406642.978789  x:  0.41584   4.53954   0.24007  
  1 99.0000 404498.433333  x:  0.47933   4.53873   0.10490  
  2 20702.9126 404315.016965  x:  0.53794   4.53675   0.11205  
  3 7166.5930 404242.450602  x:  0.53538   3.83157   0.10788  
  4 187.4015 404226.249605  x:  0.54545   3.87944   0.10001  
  5  0.1177 404226.163115  x:  0.54675   3.87114   0.10001  
  6  0.0076 404226.161782  x:  0.54685   3.87385   0.10002  
  7  0.0032 404226.161778  x:  0.54685   3.87385   0.10002  
  8  0.0000 404226.161778  x:  0.54685   3.87385   0.10002  
check convergence!


5 (Bom_mus) ... 2 (Bom_con)
  0  0.0000 343913.065157  x:  0.09775   3.43037   0.11052  
  1 99.0000 343809.342172  x:  0.11555   3.43060   0.11473  
  2 12029.7227 343794.925353  x:  0.11427   3.43196   0.13113  
  3 1901.6898 343681.175820  x:  0.11403   5.20356   0.14222  
  4 165.4227 343681.077357  x:  0.11433   5.20350   0.14084  
  5  0.0011 343681.076329  x:  0.11428   5.20598   0.14077  
  6  0.0018 343681.076276  x:  0.11428   5.20735   0.14079  
  7  0.0008 343681.076275  x:  0.11429   5.20740   0.14078  
  8  0.0000 343681.076275  x:  0.11429   5.20739   0.14078  
  9  0.0000 343681.076275  x:  0.11429   5.20739   0.14078  
 10  0.0000 343681.076275  x:  0.11429   5.20739   0.14078  
check convergence!


5 (Bom_mus) ... 3 (Bom_hor)
  0  0.0000 331318.579285  x:  0.05923   4.32295   0.22652  
  1 99.0000 331293.249522  x:  0.06589   4.32299   0.22434  
  2 7510.4693 331162.247519  x:  0.06611   4.32461   0.13528  
  3 2623.1073 331157.365662  x:  0.06607   4.83504   0.14012  
  4 20.3788 331157.223280  x:  0.06598   4.84713   0.13789  
  5  0.0218 331157.218074  x:  0.06588   4.84994   0.13798  
  6  0.0026 331157.218074  x:  0.06588   4.85012   0.13798  
  7  0.0002 331157.218074  x:  0.06588   4.85014   0.13798  
  8  0.0000 331157.218074  x:  0.06588   4.85014   0.13798  
check convergence!


5 (Bom_mus) ... 4 (Bom_hyp)
  0  0.0000 330814.325845  x:  0.05115   4.10567   0.15260  
  1 99.0000 330685.504371  x:  0.06545   4.10571   0.15198  
  2 19686.5241 330674.410589  x:  0.06558   4.10693   0.13078  
  3 977.5153 330648.111157  x:  0.06547   5.35514   0.13933  
  4 49.3723 330647.951007  x:  0.06552   5.36048   0.13684  
  5  0.0064 330647.950399  x:  0.06553   5.36708   0.13685  
  6  0.0042 330647.950396  x:  0.06553   5.36721   0.13686  
  7  0.0001 330647.950396  x:  0.06553   5.36725   0.13686  
  8  0.0000 330647.950396  x:  0.06553   5.36725   0.13686  

6 (Bom_pas) ... 1 (Apis_mel)
  0  0.0000 404619.622854  x:  0.50025   4.28287   0.14119  
  1 99.0000 404379.328797  x:  0.50589   4.28257   0.10600  
  2 11816.9457 404307.990471  x:  0.55147   4.28048   0.10054  
  3 3514.0937 404282.780226  x:  0.54714   3.87306   0.09938  
  4 114.5139 404282.291436  x:  0.54650   3.86298   0.10068  
  5  0.0168 404282.285519  x:  0.54609   3.86052   0.10069  
  6  0.0024 404282.285467  x:  0.54608   3.86103   0.10069  

6 (Bom_pas) ... 2 (Bom_con)
  0  0.0000 344346.819403  x:  0.12030   3.40749   0.07659  
  1 99.0000 344117.365268  x:  0.11300   3.40811   0.13068  
  2 10552.6759 344115.377203  x:  0.11557   3.40841   0.13141  
  3 1523.5291 344003.672913  x:  0.11581   5.14151   0.13879  
  4 167.0063 344003.217460  x:  0.11541   5.14155   0.14206  
  5  0.0015 344003.214417  x:  0.11551   5.13970   0.14205  
  6  0.0017 344003.214343  x:  0.11551   5.13797   0.14204  
  7  0.0009 344003.214343  x:  0.11551   5.13795   0.14204  

6 (Bom_pas) ... 3 (Bom_hor)
  0  0.0000 331459.570281  x:  0.07047   4.41760   0.11343  
  1 99.0000 331451.401877  x:  0.06649   4.41762   0.11553  
  2 3546.7480 331434.674115  x:  0.06720   4.41785   0.13882  
  3 1924.9290 331428.339375  x:  0.06716   5.02635   0.14163  
  4 22.5080 331428.304622  x:  0.06691   5.02585   0.14200  
  5  0.0007 331428.304290  x:  0.06692   5.02543   0.14211  
  6  0.0003 331428.304290  x:  0.06692   5.02538   0.14211  
  7  0.0000 331428.304290  x:  0.06692   5.02538   0.14211  
  8  0.0000 331428.304290  x:  0.06692   5.02538   0.14211  
  9  0.0027 331428.304290  x:  0.06692   5.02538   0.14211  
check convergence!


6 (Bom_pas) ... 4 (Bom_hyp)
  0  0.0000 330971.833187  x:  0.06699   4.25340   0.12191  
  1 99.0000 330967.505561  x:  0.06546   4.25395   0.13230  
  2 845.7280 330966.330347  x:  0.06678   4.25416   0.13538  
  3 2644.4172 330938.661873  x:  0.06673   5.59576   0.14221  
  4 48.8700 330938.654547  x:  0.06662   5.59429   0.14198  
  5  0.0014 330938.654533  x:  0.06662   5.59390   0.14196  
  6  0.0003 330938.654533  x:  0.06662   5.59387   0.14196  

6 (Bom_pas) ... 5 (Bom_mus)
  0  0.0000 316001.337504  x:  0.02050   4.72482   0.17288  
  1 99.0000 316001.180918  x:  0.02080   4.72482   0.17272  
  2 923.9843 315991.903318  x:  0.02080   4.72559   0.13613  
  3 598.1147 315989.899630  x:  0.02077   5.40555   0.14051  
  4  6.5761 315989.880289  x:  0.02076   5.39655   0.13894  
  5  0.0116 315989.880139  x:  0.02075   5.39107   0.13893  
  6  0.0046 315989.880138  x:  0.02075   5.39086   0.13893  
  7  0.0005 315989.880137  x:  0.02075   5.39095   0.13893  
  8  0.0001 315989.880137  x:  0.02075   5.39095   0.13893  
check convergence!


7 (Bom_syl) ... 1 (Apis_mel)
  0  0.0000 406375.790143  x:  0.40799   4.57135   0.20840  
  1 99.0000 404786.835404  x:  0.47768   4.57039   0.10414  
  2 19830.4303 404592.770316  x:  0.53144   4.56873   0.11563  
  3 8493.4709 404520.097220  x:  0.52868   3.85598   0.11220  
  4 185.4018 404490.176986  x:  0.54545   3.90232   0.10145  
  5  0.0792 404489.963360  x:  0.54751   3.89814   0.10167  
  6  0.0041 404489.961907  x:  0.54763   3.90027   0.10162  
  7  0.0023 404489.961903  x:  0.54763   3.90016   0.10162  
  8  0.0001 404489.961903  x:  0.54763   3.90016   0.10162  

7 (Bom_syl) ... 2 (Bom_con)
  0  0.0000 344343.646884  x:  0.10928   3.39474   0.12649  
  1 99.0000 344326.400665  x:  0.11686   3.39503   0.12741  
  2 4625.7484 344325.526078  x:  0.11664   3.39739   0.13166  
  3 369.9524 344194.555985  x:  0.11656   5.28873   0.14347  
  4 236.4967 344194.305916  x:  0.11675   5.28881   0.14108  
  5  0.0020 344194.304702  x:  0.11672   5.29389   0.14100  
  6  0.0033 344194.304543  x:  0.11673   5.29582   0.14105  
  7  0.0014 344194.304542  x:  0.11673   5.29584   0.14105  

7 (Bom_syl) ... 3 (Bom_hor)
  0  0.0000 331851.560448  x:  0.05394   4.49304   0.23572  
  1 99.0000 331739.044804  x:  0.06757   4.49308   0.23374  
  2 17734.7734 331570.808576  x:  0.06794   4.49523   0.13292  
  3 2676.7047 331558.381804  x:  0.06789   5.37102   0.14105  
  4 31.4096 331557.921586  x:  0.06795   5.39798   0.13708  
  5  0.0521 331557.917780  x:  0.06801   5.41060   0.13702  
  6  0.0098 331557.917741  x:  0.06801   5.41115   0.13706  
  7  0.0005 331557.917740  x:  0.06801   5.41127   0.13706  
  8  0.0001 331557.917740  x:  0.06801   5.41126   0.13706  

7 (Bom_syl) ... 4 (Bom_hyp)
  0  0.0000 330994.103570  x:  0.05994   4.37261   0.19270  
  1 99.0000 330965.606626  x:  0.06706   4.37268   0.19079  
  2 8046.4776 330889.646525  x:  0.06723   4.37475   0.12985  
  3 2261.3376 330852.085548  x:  0.06708   6.01230   0.14266  
  4 55.1883 330851.140976  x:  0.06706   6.04323   0.13672  
  5  0.0438 330851.130139  x:  0.06702   6.07610   0.13680  
  6  0.0193 330851.129949  x:  0.06703   6.07715   0.13685  
  7  0.0009 330851.129948  x:  0.06703   6.07724   0.13684  
  8  0.0001 330851.129948  x:  0.06703   6.07725   0.13684  

7 (Bom_syl) ... 5 (Bom_mus)
  0  0.0000 330363.750322  x:  0.06055   4.83956   0.24188  
  1 99.0000 330352.973109  x:  0.06503   4.83962   0.23839  
  2 3965.3099 330193.182245  x:  0.06496   4.84124   0.13627  
  3 3913.6079 330188.007745  x:  0.06487   5.47362   0.14161  
  4 17.9515 330187.389871  x:  0.06432   5.49081   0.13751  
  5  0.0267 330187.303511  x:  0.06398   5.48292   0.13850  
  6  0.0100 330187.303481  x:  0.06398   5.48167   0.13847  
  7  0.0011 330187.303480  x:  0.06398   5.48153   0.13847  
  8  0.0001 330187.303480  x:  0.06398   5.48153   0.13847  
check convergence!


7 (Bom_syl) ... 6 (Bom_pas)
  0  0.0000 330597.956681  x:  0.06454   4.40118   0.21728  
  1 99.0000 330525.613526  x:  0.05842   4.40281   0.15813  
  2 2188.5241 330495.838249  x:  0.06311   4.40357   0.13120  
  3 28537.5952 330472.376809  x:  0.06360   5.67598   0.14166  
  4 42.4439 330471.279437  x:  0.06484   5.63438   0.14454  
  5  0.0531 330471.250088  x:  0.06494   5.62570   0.14349  
  6  0.0087 330471.249869  x:  0.06494   5.62123   0.14348  
  7  0.0031 330471.249868  x:  0.06494   5.62120   0.14348  
  8  0.0000 330471.249868  x:  0.06494   5.62121   0.14348  
  9  0.0000 330471.249868  x:  0.06494   5.62122   0.14348  
 10  0.0406 330471.249868  x:  0.06494   5.62121   0.14348  
 11  0.0000 330471.249868  x:  0.06494   5.62121   0.14348  
check convergence!


8 (Bom_vet) ... 1 (Apis_mel)
  0  0.0000 406539.462667  x:  0.49108   4.62982   0.24777  
  1 99.0000 404499.103584  x:  0.48651   4.62931   0.11046  
  2 20657.3058 404357.724470  x:  0.54164   4.62675   0.09460  
  3 5365.4629 404290.596580  x:  0.53261   3.90539   0.09180  
  4 168.6925 404250.900447  x:  0.54418   3.81955   0.10045  
  5  0.3045 404250.539073  x:  0.54611   3.86234   0.10036  
  6  0.0551 404250.524815  x:  0.54662   3.85850   0.10021  
  7  0.0036 404250.524770  x:  0.54661   3.85856   0.10020  
  8  0.0001 404250.524770  x:  0.54661   3.85857   0.10020  

8 (Bom_vet) ... 2 (Bom_con)
  0  0.0000 343921.237900  x:  0.11388   3.24475   0.11541  
  1 99.0000 343914.355521  x:  0.11721   3.24568   0.12302  
  2 1698.0564 343910.758005  x:  0.11444   3.24679   0.12876  
  3 1962.8842 343763.166625  x:  0.11405   5.20026   0.14191  
  4 205.8915 343762.935393  x:  0.11471   5.20171   0.14019  
  5  0.0021 343762.929666  x:  0.11462   5.20550   0.13995  
  6  0.0030 343762.929363  x:  0.11462   5.20903   0.13999  
  7  0.0017 343762.929362  x:  0.11462   5.20905   0.13999  
  8  0.0000 343762.929362  x:  0.11462   5.20907   0.13999  

8 (Bom_vet) ... 3 (Bom_hor)
  0  0.0000 331338.411909  x:  0.06692   4.23430   0.16095  
  1 99.0000 331336.481301  x:  0.06515   4.23438   0.15874  
  2 1309.5342 331324.965869  x:  0.06625   4.23521   0.13641  
  3 2236.4489 331315.006530  x:  0.06623   4.97853   0.14157  
  4 29.5934 331314.985464  x:  0.06633   4.97750   0.14075  
  5  0.0015 331314.985398  x:  0.06634   4.97742   0.14077  
  6  0.0001 331314.985398  x:  0.06634   4.97738   0.14077  
  7  0.0000 331314.985398  x:  0.06634   4.97741   0.14077  
  8  0.0000 331314.985398  x:  0.06634   4.97741   0.14077  
check convergence!


8 (Bom_vet) ... 4 (Bom_hyp)
  0  0.0000 330971.517714  x:  0.05646   4.30328   0.18169  
  1 99.0000 330917.657182  x:  0.06602   4.30333   0.18031  
  2 11804.6368 330870.680167  x:  0.06622   4.30486   0.13283  
  3 1770.5325 330848.806186  x:  0.06613   5.48091   0.14174  
  4 42.8238 330848.512352  x:  0.06616   5.49364   0.13837  
  5  0.0174 330848.510966  x:  0.06617   5.50444   0.13841  
  6  0.0070 330848.510962  x:  0.06617   5.50445   0.13842  

8 (Bom_vet) ... 5 (Bom_mus)
  0  0.0000 315707.298349  x:  0.02085   4.44476   0.24213  
  1 99.0000 315704.649012  x:  0.01965   4.44477   0.24188  
  2 4207.7110 315640.244016  x:  0.01978   4.44706   0.12782  
  3 900.2527 315637.170682  x:  0.01976   5.22180   0.13553  
  4  8.6991 315637.022194  x:  0.01978   5.25273   0.13159  
  5  0.0649 315637.020904  x:  0.01980   5.26305   0.13156  
  6  0.0096 315637.020869  x:  0.01980   5.26548   0.13158  
  7  0.0020 315637.020869  x:  0.01980   5.26547   0.13158  
  8  0.0000 315637.020869  x:  0.01980   5.26547   0.13158  
check convergence!


8 (Bom_vet) ... 6 (Bom_pas)
  0  0.0000 316248.062737  x:  0.01765   4.29229   0.11859  
  1 99.0000 316220.920931  x:  0.02140   4.29229   0.11868  
  2 15508.3974 316218.073932  x:  0.02137   4.29301   0.13582  
  3 353.4122 316207.980160  x:  0.02129   5.75741   0.14326  
  4 16.6347 316207.977447  x:  0.02129   5.74536   0.14269  
  5  0.0091 316207.977431  x:  0.02129   5.74334   0.14269  
  6  0.0015 316207.977430  x:  0.02129   5.74349   0.14269  
  7  0.0001 316207.977430  x:  0.02129   5.74334   0.14270  
  8  0.0002 316207.977430  x:  0.02129   5.74335   0.14270  
  9  0.0001 316207.977430  x:  0.02129   5.74335   0.14270  
check convergence!


8 (Bom_vet) ... 7 (Bom_syl)
  0  0.0000 330211.044394  x:  0.05321   4.79877   0.17430  
  1 99.0000 330145.788201  x:  0.06344   4.79879   0.17332  
  2 13525.8932 330118.117291  x:  0.06361   4.79964   0.13638  
  3 1363.4609 330109.784565  x:  0.06357   5.63243   0.14153  
  4 22.7198 330109.722823  x:  0.06360   5.61969   0.13989  
  5  0.0161 330109.721931  x:  0.06361   5.61107   0.13988  
  6  0.0068 330109.721930  x:  0.06361   5.61101   0.13989  
  7  0.0000 330109.721930  x:  0.06361   5.61101   0.13989  
check convergence!
