

2 (Bom_con) ... 1 (Apis_mel)
  0  0.0000 447295.938785  x:  0.55808   1.42641   0.49941  
  1 99.0000 437635.965326  x:  0.38686   1.52332   0.11859  
  2 27081.3430 437281.785584  x:  0.40335   1.53356   0.08767  
  3 28866.8514 433471.511868  x:  0.53435   3.76857   0.13605  
  4 5407.5537 433180.757890  x:  0.56553   3.85742   0.10041  
  5  0.0548 433155.452946  x:  0.58819   4.09042   0.10216  
  6  0.0861 433149.649057  x:  0.58705   4.21085   0.09946  
  7  0.0739 433147.898039  x:  0.58297   4.26356   0.10149  
  8  0.0475 433147.894504  x:  0.58316   4.26774   0.10144  
  9  0.0038 433147.894502  x:  0.58316   4.26775   0.10144  
 10  0.0000 433147.894502  x:  0.58316   4.26775   0.10144  

3 (Bom_hor) ... 1 (Apis_mel)
  0  0.0000 435195.544786  x:  0.50759   3.59373   0.17595  
  1 99.0000 434267.477915  x:  0.51719   3.59498   0.10434  
  2 20249.5739 434093.959781  x:  0.58643   3.59782   0.09524  
  3 5676.8180 434006.910773  x:  0.59465   4.30265   0.09917  
  4 272.2974 434006.749726  x:  0.59654   4.29877   0.09932  
  5  0.0044 434006.721879  x:  0.59708   4.29950   0.09902  
  6  0.0016 434006.721875  x:  0.59708   4.29966   0.09902  
  7  0.0001 434006.721875  x:  0.59708   4.29967   0.09902  
  8  0.0000 434006.721875  x:  0.59708   4.29967   0.09902  

3 (Bom_hor) ... 2 (Bom_con)
  0  0.0000 368015.946441  x:  0.12605   3.65496   0.17773  
  1 99.0000 367972.222951  x:  0.11463   3.65546   0.16801  
  2 5641.0043 367896.064999  x:  0.11838   3.65777   0.12669  
  3 4888.1442 367795.287736  x:  0.11886   5.28757   0.14100  
  4 152.9716 367793.469268  x:  0.11989   5.30657   0.13530  
  5  0.0228 367793.449306  x:  0.12009   5.32284   0.13549  
  6  0.0131 367793.446866  x:  0.12004   5.33114   0.13549  
  7  0.0056 367793.446862  x:  0.12004   5.33117   0.13550  
  8  0.0000 367793.446862  x:  0.12004   5.33119   0.13550  
  9  0.0000 367793.446862  x:  0.12004   5.33118   0.13550  

4 (Bom_hyp) ... 1 (Apis_mel)
  0  0.0000 433461.532572  x:  0.56581   4.44211   0.16165  
  1 99.0000 432757.187505  x:  0.55915   4.44218   0.10322  
  2 19583.8824 432734.705255  x:  0.58471   4.44112   0.09794  
  3 1782.1338 432730.052984  x:  0.58228   4.25957   0.09755  
  4 49.3871 432728.491292  x:  0.58388   4.25339   0.09944  
  5  0.0129 432728.491285  x:  0.58387   4.25343   0.09944  
  6  0.0000 432728.491285  x:  0.58387   4.25342   0.09944  

4 (Bom_hyp) ... 2 (Bom_con)
  0  0.0000 366545.692277  x:  0.10424   3.59689   0.21660  
  1 99.0000 366494.321799  x:  0.11688   3.59736   0.20709  
  2 6763.9559 366315.351411  x:  0.11601   3.60109   0.13337  
  3 6167.5385 366209.089426  x:  0.11556   5.26993   0.15183  
  4 157.9170 366204.685247  x:  0.11440   5.31305   0.14253  
  5  0.0591 366204.536458  x:  0.11377   5.33987   0.14325  
  6  0.0244 366204.526978  x:  0.11382   5.35939   0.14326  
  7  0.0107 366204.526943  x:  0.11383   5.35930   0.14329  
  8  0.0001 366204.526943  x:  0.11383   5.35933   0.14329  
  9  0.0000 366204.526943  x:  0.11383   5.35933   0.14329  
 10  0.0000 366204.526943  x:  0.11383   5.35933   0.14329  
check convergence!


4 (Bom_hyp) ... 3 (Bom_hor)
  0  0.0000 353150.221709  x:  0.07049   4.37007   0.10859  
  1 99.0000 353145.406921  x:  0.06750   4.37013   0.10992  
  2 2893.0782 353137.966773  x:  0.06789   4.37090   0.12605  
  3 1301.4243 353098.656961  x:  0.06780   6.01452   0.13331  
  4 58.1932 353098.472507  x:  0.06766   6.01300   0.13095  
  5  0.0022 353098.471320  x:  0.06769   6.01638   0.13084  
  6  0.0032 353098.471255  x:  0.06769   6.01881   0.13086  
  7  0.0015 353098.471255  x:  0.06769   6.01881   0.13086  

5 (Bom_mus) ... 1 (Apis_mel)
  0  0.0000 435460.814187  x:  0.48709   4.80203   0.22810  
  1 99.0000 433601.778256  x:  0.50819   4.80163   0.10874  
  2 21945.1603 433331.083113  x:  0.59781   4.79903   0.09715  
  3 7202.7063 433297.534819  x:  0.59242   4.28827   0.09506  
  4 123.4241 433290.505569  x:  0.59197   4.24854   0.09945  
  5  0.1418 433290.376258  x:  0.59028   4.26136   0.09968  
  6  0.0113 433290.373502  x:  0.59010   4.25746   0.09969  
  7  0.0044 433290.373498  x:  0.59010   4.25745   0.09969  
  8  0.0000 433290.373498  x:  0.59010   4.25745   0.09969  

5 (Bom_mus) ... 2 (Bom_con)
  0  0.0000 367757.602902  x:  0.09719   3.56040   0.09108  
  1 99.0000 367521.703680  x:  0.12291   3.56061   0.10326  
  2 17979.3913 367455.945798  x:  0.11725   3.56155   0.13411  
  3 4970.3967 367346.494586  x:  0.11682   5.26086   0.14277  
  4 162.8221 367345.782273  x:  0.11832   5.26099   0.14349  
  5  0.0014 367345.767079  x:  0.11826   5.26057   0.14407  
  6  0.0005 367345.767044  x:  0.11826   5.25942   0.14406  
  7  0.0006 367345.767043  x:  0.11826   5.25937   0.14406  

5 (Bom_mus) ... 3 (Bom_hor)
  0  0.0000 354156.229372  x:  0.05854   4.34195   0.21668  
  1 99.0000 354087.262830  x:  0.06922   4.34200   0.21480  
  2 13500.3222 353976.120231  x:  0.06950   4.34397   0.13819  
  3 2472.2748 353958.865259  x:  0.06944   5.30986   0.14678  
  4 40.2702 353958.458946  x:  0.06946   5.32641   0.14291  
  5  0.0271 353958.457981  x:  0.06946   5.33468   0.14295  

5 (Bom_mus) ... 4 (Bom_hyp)
  0  0.0000 354394.925552  x:  0.05765   4.41054   0.24272  
  1 99.0000 354302.996371  x:  0.06993   4.41058   0.24078  
  2 15855.7025 354153.927810  x:  0.07027   4.41280   0.14597  
  3 2586.3963 354141.235994  x:  0.07023   5.22802   0.15385  
  4 34.3964 354140.854534  x:  0.07028   5.24652   0.15008  
  5  0.0339 354140.852954  x:  0.07031   5.25400   0.15003  
  6  0.0060 354140.852934  x:  0.07031   5.25447   0.15006  

6 (Bom_pas) ... 1 (Apis_mel)
  0  0.0000 433800.315935  x:  0.50068   4.41479   0.14034  
  1 99.0000 433503.947179  x:  0.51763   4.41459   0.10388  
  2 12886.5915 433302.823174  x:  0.59167   4.41331   0.10165  
  3 7238.8379 433299.529330  x:  0.59017   4.26222   0.10121  
  4 42.3213 433298.598425  x:  0.59115   4.26634   0.09946  
  5  0.0070 433298.597621  x:  0.59129   4.26560   0.09944  
  6  0.0006 433298.597615  x:  0.59130   4.26576   0.09944  
  7  0.0002 433298.597615  x:  0.59130   4.26576   0.09944  

6 (Bom_pas) ... 2 (Bom_con)
  0  0.0000 368297.512255  x:  0.10237   3.65326   0.16198  
  1 99.0000 368185.181172  x:  0.12088   3.65352   0.15931  
  2 12756.5989 368160.218372  x:  0.12108   3.65564   0.13559  
  3 1983.6554 368055.135293  x:  0.12103   5.31761   0.14925  
  4 158.0501 368054.083790  x:  0.12121   5.32908   0.14440  
  5  0.0129 368054.074599  x:  0.12126   5.34776   0.14441  
  6  0.0101 368054.074446  x:  0.12124   5.34837   0.14446  
  7  0.0005 368054.074444  x:  0.12124   5.34842   0.14446  
  8  0.0000 368054.074444  x:  0.12124   5.34841   0.14446  
  9  0.0000 368054.074444  x:  0.12124   5.34842   0.14446  

6 (Bom_pas) ... 3 (Bom_hor)
  0  0.0000 354457.307324  x:  0.07401   4.32259   0.13793  
  1 99.0000 354453.347528  x:  0.07122   4.32265   0.13801  
  2 2792.4306 354453.183301  x:  0.07120   4.32383   0.14048  
  3 124.3274 354421.982243  x:  0.07112   5.68862   0.14754  
  4 67.0747 354421.951449  x:  0.07114   5.68068   0.14644  
  5  0.0072 354421.951410  x:  0.07114   5.67920   0.14643  
  6  0.0011 354421.951408  x:  0.07114   5.67897   0.14643  
  7  0.0002 354421.951408  x:  0.07114   5.67901   0.14643  
  8  0.0000 354421.951408  x:  0.07114   5.67901   0.14643  
check convergence!


6 (Bom_pas) ... 4 (Bom_hyp)
  0  0.0000 354694.395243  x:  0.06990   4.58263   0.19690  
  1 99.0000 354689.099124  x:  0.07311   4.58271   0.19395  
  2 2481.5670 354647.556153  x:  0.07253   4.58406   0.14918  
  3 2977.0220 354630.964786  x:  0.07243   5.57628   0.15649  
  4 37.5626 354630.757522  x:  0.07211   5.58193   0.15406  
  5  0.0073 354630.753830  x:  0.07203   5.58394   0.15427  
  6  0.0022 354630.753820  x:  0.07203   5.58480   0.15427  
  7  0.0006 354630.753819  x:  0.07203   5.58480   0.15427  

6 (Bom_pas) ... 5 (Bom_mus)
  0  0.0000 337679.335464  x:  0.02300   4.45852   0.20197  
  1 99.0000 337678.939091  x:  0.02253   4.45854   0.20115  
  2 829.8773 337653.293139  x:  0.02282   4.46060   0.14009  
  3 2812.8004 337641.869925  x:  0.02279   5.94139   0.15213  
  4 18.3328 337641.606557  x:  0.02289   5.96094   0.14680  
  5  0.0275 337641.603601  x:  0.02292   5.97317   0.14694  
  6  0.0110 337641.603447  x:  0.02292   5.97906   0.14695  
  7  0.0039 337641.603443  x:  0.02292   5.97904   0.14695  
  8  0.0003 337641.603443  x:  0.02292   5.97904   0.14695  
check convergence!


7 (Bom_syl) ... 1 (Apis_mel)
  0  0.0000 434076.542084  x:  0.54966   4.83378   0.14658  
  1 99.0000 433736.634891  x:  0.55202   4.83345   0.10661  
  2 14661.4098 433668.163451  x:  0.59849   4.83075   0.09962  
  3 3169.9833 433624.623861  x:  0.59147   4.24729   0.09859  
  4 139.2196 433623.229249  x:  0.59135   4.24299   0.10064  
  5  0.0084 433623.221635  x:  0.59090   4.24504   0.10069  
  6  0.0020 433623.221596  x:  0.59088   4.24454   0.10070  
  7  0.0006 433623.221596  x:  0.59088   4.24455   0.10070  

7 (Bom_syl) ... 2 (Bom_con)
  0  0.0000 369323.408357  x:  0.11858   3.63493   0.20576  
  1 99.0000 369269.134752  x:  0.13214   3.63606   0.18350  
  2 4334.8831 369179.530410  x:  0.12796   3.63846   0.13803  
  3 9798.1796 369089.303340  x:  0.12715   5.11851   0.15267  
  4 148.9712 369086.009493  x:  0.12422   5.11816   0.14874  
  5  0.0053 369086.000923  x:  0.12411   5.11786   0.14911  
  6  0.0006 369086.000917  x:  0.12411   5.11765   0.14911  
  7  0.0002 369086.000916  x:  0.12411   5.11755   0.14911  
  8  0.0001 369086.000916  x:  0.12411   5.11755   0.14911  
check convergence!


7 (Bom_syl) ... 3 (Bom_hor)
  0  0.0000 354757.490129  x:  0.07322   4.10103   0.19669  
  1 99.0000 354739.691099  x:  0.06785   4.10142   0.18619  
  2 2942.8951 354650.538070  x:  0.07060   4.10365   0.12667  
  3 10409.1057 354600.229888  x:  0.07089   5.76906   0.14077  
  4 74.1978 354598.023150  x:  0.07233   5.78350   0.13439  
  5  0.0182 354597.971260  x:  0.07256   5.78672   0.13527  
  6  0.0039 354597.970955  x:  0.07257   5.79011   0.13522  
  7  0.0025 354597.970927  x:  0.07257   5.79128   0.13524  
  8  0.0009 354597.970927  x:  0.07257   5.79127   0.13524  
  9  0.0000 354597.970927  x:  0.07257   5.79125   0.13524  

7 (Bom_syl) ... 4 (Bom_hyp)
  0  0.0000 354948.766923  x:  0.06305   4.72101   0.11974  
  1 99.0000 354883.776115  x:  0.07390   4.72104   0.12143  
  2 12541.0428 354865.762602  x:  0.07334   4.72150   0.14520  
  3 1671.5044 354846.187433  x:  0.07327   5.85428   0.15007  
  4 39.3502 354846.187189  x:  0.07328   5.85371   0.15015  
  5  0.0004 354846.187187  x:  0.07328   5.85356   0.15015  

7 (Bom_syl) ... 5 (Bom_mus)
  0  0.0000 354102.889813  x:  0.06653   4.81730   0.24205  
  1 99.0000 354095.722169  x:  0.07020   4.81735   0.23902  
  2 3105.1372 354005.786857  x:  0.06989   4.81862   0.16255  
  3 3287.4669 354002.417386  x:  0.06984   5.27667   0.16641  
  4 15.8306 354002.166417  x:  0.06936   5.27673   0.16406  
  5  0.0029 354002.150310  x:  0.06924   5.27320   0.16468  
  6  0.0047 354002.150304  x:  0.06924   5.27261   0.16467  

7 (Bom_syl) ... 6 (Bom_pas)
  0  0.0000 354574.242216  x:  0.05988   4.18441   0.19115  
  1 99.0000 354507.666243  x:  0.07050   4.18447   0.19040  
  2 13271.2995 354492.191902  x:  0.07065   4.18633   0.16214  
  3 1021.9019 354459.405688  x:  0.07057   5.51250   0.17317  
  4 58.7144 354459.185619  x:  0.07062   5.51224   0.16987  
  5  0.0036 354459.185469  x:  0.07063   5.51463   0.16986  
  6  0.0017 354459.185466  x:  0.07063   5.51501   0.16987  
  7  0.0003 354459.185465  x:  0.07063   5.51505   0.16987  

8 (Bom_vet) ... 1 (Apis_mel)
  0  0.0000 436620.303066  x:  0.54763   4.50277   0.27384  
  1 99.0000 433576.296855  x:  0.52152   4.50346   0.11026  
  2 24665.6361 433459.295420  x:  0.56390   4.50247   0.09404  
  3 5299.6038 433454.225039  x:  0.56130   4.31616   0.09350  
  4 42.2349 433392.710704  x:  0.58545   4.23455   0.10153  
  5  0.2968 433391.728144  x:  0.59009   4.26246   0.10009  
  6  0.0241 433391.720588  x:  0.59009   4.25578   0.10003  
  7  0.0074 433391.720580  x:  0.59007   4.25578   0.10002  

8 (Bom_vet) ... 2 (Bom_con)
  0  0.0000 367404.316860  x:  0.12240   3.54168   0.09416  
  1 99.0000 367303.872461  x:  0.11155   3.54243   0.12728  
  2 6606.1568 367289.629710  x:  0.11779   3.54288   0.13412  
  3 4303.8854 367168.340690  x:  0.11837   5.35487   0.14306  
  4 171.8378 367167.990269  x:  0.11735   5.35403   0.14414  
  5  0.0013 367167.971809  x:  0.11741   5.35257   0.14475  
  6  0.0011 367167.971735  x:  0.11742   5.35089   0.14473  
  7  0.0009 367167.971734  x:  0.11742   5.35080   0.14474  
  8  0.0001 367167.971734  x:  0.11742   5.35080   0.14474  
check convergence!


8 (Bom_vet) ... 3 (Bom_hor)
  0  0.0000 353827.750315  x:  0.06064   4.42546   0.25071  
  1 99.0000 353795.292330  x:  0.06803   4.42552   0.24838  
  2 8720.7054 353614.155313  x:  0.06830   4.42827   0.14153  
  3 2919.3411 353594.986648  x:  0.06823   5.47885   0.15210  
  4 41.3565 353594.153908  x:  0.06817   5.51291   0.14647  
  5  0.0630 353594.144394  x:  0.06805   5.52728   0.14660  
  6  0.0118 353594.144254  x:  0.06806   5.53007   0.14662  
  7  0.0020 353594.144254  x:  0.06806   5.53007   0.14662  
  8  0.0000 353594.144254  x:  0.06806   5.53007   0.14662  

8 (Bom_vet) ... 4 (Bom_hyp)
  0  0.0000 354240.802203  x:  0.07089   4.48904   0.23555  
  1 99.0000 354230.318219  x:  0.06669   4.48919   0.22977  
  2 2862.2172 354120.551113  x:  0.06855   4.49127   0.14967  
  3 6193.9672 354103.579679  x:  0.06867   5.47985   0.15859  
  4 38.6178 354102.452042  x:  0.06978   5.49199   0.15396  
  5  0.0154 354102.397321  x:  0.06998   5.48984   0.15509  
  6  0.0033 354102.397282  x:  0.06999   5.49016   0.15506  
  7  0.0003 354102.397281  x:  0.06999   5.49032   0.15506  
  8  0.0001 354102.397281  x:  0.06999   5.49032   0.15506  

8 (Bom_vet) ... 5 (Bom_mus)
  0  0.0000 336644.905909  x:  0.02053   4.62841   0.15807  
  1 99.0000 336644.780726  x:  0.02027   4.62841   0.15802  
  2 952.6302 336643.321520  x:  0.02030   4.62924   0.14411  
  3 207.8722 336638.567452  x:  0.02026   5.64149   0.15022  
  4 10.6488 336638.552547  x:  0.02027   5.63973   0.14882  
  5  0.0024 336638.552544  x:  0.02027   5.64019   0.14880  
  6  0.0004 336638.552544  x:  0.02027   5.64033   0.14880  
  7  0.0001 336638.552544  x:  0.02027   5.64033   0.14880  

8 (Bom_vet) ... 6 (Bom_pas)
  0  0.0000 337448.933373  x:  0.02165   4.62177   0.11913  
  1 99.0000 337447.946879  x:  0.02240   4.62178   0.11929  
  2 2613.8886 337441.756457  x:  0.02231   4.62246   0.14475  
  3 571.4600 337430.310490  x:  0.02223   6.24189   0.15202  
  4 17.1434 337430.301063  x:  0.02227   6.22855   0.15108  
  5  0.0104 337430.300858  x:  0.02226   6.22515   0.15100  
  6  0.0030 337430.300855  x:  0.02226   6.22511   0.15100  
  7  0.0001 337430.300855  x:  0.02226   6.22511   0.15100  
check convergence!


8 (Bom_vet) ... 7 (Bom_syl)
  0  0.0000 353851.600147  x:  0.06966   5.10595   0.11573  
  1 99.0000 353811.592861  x:  0.06346   5.10593   0.13804  
  2 3529.0969 353777.398238  x:  0.06936   5.10592   0.16072  
  3 12135.1811 353776.036320  x:  0.06935   5.41601   0.16197  
  4  8.9693 353774.173891  x:  0.06803   5.41769   0.16921  
  5  0.0051 353774.155465  x:  0.06819   5.41994   0.16968  
  6  0.0020 353774.155387  x:  0.06818   5.42010   0.16973  