Supplemental results for CODEML (seqf: /home/yzliu/eDNA/faststorage/yzliu/DK_proj/data/ref_genome/ref_annotation/primary_transcripts/extracted_cds_new/new_transcript_id_7_and_pas/bootstraps/cat.out.OG_cds_7_species_same_header_fas.shuf_537OG_511.phy  treef: xxx.trees)


pairwise comparison (Goldman & Yang 1994)
seq seq        N       S       dN       dS     dN/dS   Paras.
  2   1 479330.4 187497.6   0.0102   0.1695   0.0600   0.1649   3.6930   0.0600 -1030892.746
  3   1 478504.2 188323.8   0.0101   0.1620   0.0622   0.1590   3.6674   0.0622 -1028594.446
  3   2 477364.4 189463.6   0.0100   0.1525   0.0659   0.1516   4.0947   0.0659 -1023807.148
  4   1 478825.2 188002.8   0.0077   0.1218   0.0633   0.1196   3.6205   0.0633 -1006155.647
  4   2 477647.1 189180.9   0.0097   0.1568   0.0619   0.1544   4.0479   0.0619 -1024618.818
  4   3 475897.7 190930.3   0.0098   0.1521   0.0644   0.1516   4.1527   0.0644 -1023852.314
  5   1 482349.9 184478.1   0.0054   0.0939   0.0573   0.0896   3.1031   0.0573 -986683.788
  5   2 479107.9 187720.1   0.0100   0.1679   0.0595   0.1634   3.7082   0.0595 -1030074.129
  5   3 478296.0 188532.0   0.0100   0.1603   0.0625   0.1575   3.6818   0.0625 -1027997.233
  5   4 479130.5 187697.5   0.0074   0.1188   0.0623   0.1162   3.5635   0.0623 -1004132.104
  6   1 482981.9 183846.1   0.0071   0.1217   0.0580   0.1160   3.0476   0.0580 -1004268.555
  6   2 479949.4 186878.6   0.0094   0.1603   0.0589   0.1552   3.6129   0.0589 -1025579.206
  6   3 478461.1 188366.9   0.0095   0.1553   0.0614   0.1522   3.6803   0.0614 -1024738.879
  6   4 479452.8 187375.2   0.0073   0.1173   0.0621   0.1146   3.5406   0.0621 -1002951.800
  6   5 483158.8 183669.2   0.0071   0.1189   0.0594   0.1136   3.0165   0.0594 -1003178.633
  7   1 475815.9 191012.1   0.0671   1.2046   0.0557   1.1789   4.2078   0.0557 -1251559.479
  7   2 472771.3 194056.7   0.0683   1.2660   0.0539   1.2505   4.4770   0.0539 -1255335.896
  7   3 474394.5 192433.5   0.0678   1.2105   0.0560   1.1927   4.3572   0.0560 -1252628.203
  7   4 474250.4 192577.6   0.0672   1.2206   0.0551   1.2009   4.3689   0.0551 -1252130.761
  7   5 475880.0 190948.0   0.0672   1.2003   0.0560   1.1749   4.2065   0.0560 -1251430.914
  7   6 475790.5 191037.5   0.0671   1.2046   0.0557   1.1789   4.1995   0.0557 -1251641.468

