Supplemental results for CODEML (seqf: /home/yzliu/eDNA/faststorage/yzliu/DK_proj/data/ref_genome/ref_annotation/primary_transcripts/extracted_cds_new/new_transcript_id_8_bom_apis/bootstraps/cat.out.OG_cds_8_species_same_header_fas.shuf_211OG_674.phy  treef: xxx.trees)


pairwise comparison (Goldman & Yang 1994)
seq seq        N       S       dN       dS     dN/dS   Paras.
  2   1 167283.3  56990.7   0.0622   0.5780   0.1076   0.5798   4.1146   0.1076 -398178.248
  3   1 167231.5  57042.5   0.0634   0.5951   0.1065   0.5959   4.1281   0.1065 -399403.006
  3   2 163431.5  60842.5   0.0146   0.1092   0.1341   0.1209   4.8530   0.1341 -337248.858
  4   1 167485.6  56788.4   0.0614   0.5852   0.1050   0.5822   4.1457   0.1050 -397668.909
  4   2 163216.9  61057.1   0.0130   0.1011   0.1290   0.1110   5.2120   0.1290 -334498.090
  4   3 163679.5  60594.5   0.0089   0.0662   0.1338   0.0730   4.8292   0.1338 -325271.620
  5   1 167485.7  56788.3   0.0618   0.5930   0.1041   0.5888   4.1637   0.1041 -398017.684
  5   2 163164.3  61109.7   0.0137   0.1056   0.1297   0.1163   5.2786   0.1297 -335646.868
  5   3 164096.4  60177.6   0.0090   0.0660   0.1362   0.0728   4.5539   0.1362 -325272.012
  5   4 163095.4  61178.6   0.0081   0.0640   0.1258   0.0700   5.5336   0.1258 -323870.098
  6   1 167470.0  56804.0   0.0620   0.5912   0.1048   0.5880   4.1537   0.1048 -398108.271
  6   2 163193.5  61080.5   0.0141   0.1077   0.1311   0.1188   5.2319   0.1311 -336290.883
  6   3 163908.4  60365.6   0.0094   0.0671   0.1402   0.0748   4.6654   0.1402 -325835.027
  6   4 162915.9  61358.1   0.0086   0.0653   0.1315   0.0723   5.6735   0.1315 -324561.605
  6   5 162132.8  62141.2   0.0029   0.0197   0.1493   0.0227   6.5197   0.1493 -309348.855
  7   1 167528.3  56745.7   0.0626   0.5916   0.1058   0.5893   4.1674   0.1058 -398422.578
  7   2 163158.1  61115.9   0.0147   0.1081   0.1360   0.1205   5.3212   0.1360 -336799.703
  7   3 163483.3  60790.7   0.0094   0.0683   0.1384   0.0762   5.0316   0.1384 -326066.349
  7   4 162595.9  61678.1   0.0086   0.0663   0.1294   0.0734   6.0615   0.1294 -324704.089
  7   5 162784.3  61489.7   0.0081   0.0587   0.1382   0.0659   5.8989   0.1382 -322845.138
  7   6 162713.3  61560.7   0.0088   0.0594   0.1477   0.0680   5.9419   0.1477 -323592.229
  8   1 167468.6  56805.4   0.0619   0.5912   0.1047   0.5879   4.1420   0.1047 -398119.379
  8   2 163178.8  61095.2   0.0137   0.1054   0.1302   0.1162   5.2283   0.1302 -335716.135
  8   3 164121.3  60152.7   0.0091   0.0650   0.1403   0.0724   4.5074   0.1403 -325285.218
  8   4 163127.5  61146.5   0.0082   0.0643   0.1273   0.0704   5.4626   0.1273 -324094.634
  8   5 162332.6  61941.4   0.0024   0.0178   0.1359   0.0200   6.2720   0.1359 -308318.115
  8   6 162352.7  61921.3   0.0029   0.0194   0.1477   0.0223   6.2198   0.1477 -309233.602
  8   7 162810.7  61463.3   0.0083   0.0583   0.1420   0.0659   5.8254   0.1420 -323000.259

