

2 (And_ful) ... 1 (And_bic)
  0  0.0000 1069910.574651  x:  0.14555   1.34787   0.37998  
  1 99.0000 1060045.658443  x:  0.27129   1.41305   0.05088  
  2 40785.3879 1059701.094599  x:  0.26869   1.41617   0.03450  
  3 147147.6276 1053341.508410  x:  0.16961   3.82936   0.06695  
  4 6530.3397 1053282.043240  x:  0.16216   3.75009   0.05981  
  5  0.0597 1053263.728188  x:  0.16589   3.67038   0.05520  
  6  0.0837 1053263.208805  x:  0.16642   3.65994   0.05588  
  7  0.0077 1053262.764907  x:  0.16621   3.61447   0.05566  
  8  0.0155 1053262.761608  x:  0.16615   3.61443   0.05571  
  9  0.0001 1053262.761608  x:  0.16615   3.61442   0.05571  

3 (And_hae) ... 1 (And_bic)
  0  0.0000 1053005.319752  x:  0.15996   3.19628   0.12485  
  1 99.0000 1051582.482045  x:  0.15289   3.19729   0.05797  
  2 32176.1036 1051543.065093  x:  0.16055   3.19749   0.05466  
  3 10512.6245 1051498.615314  x:  0.16132   3.63107   0.05815  
  4 220.2287 1051498.598614  x:  0.16133   3.63225   0.05798  
  5  0.0021 1051498.595939  x:  0.16140   3.63139   0.05798  
  6  0.0010 1051498.595937  x:  0.16140   3.63130   0.05798  
  7  0.0001 1051498.595937  x:  0.16140   3.63130   0.05798  

3 (And_hae) ... 2 (And_ful)
  0  0.0000 1048581.941932  x:  0.14622   3.39934   0.19250  
  1 99.0000 1045210.087092  x:  0.14316   3.40186   0.05950  
  2 32951.4030 1045170.033907  x:  0.15085   3.40207   0.05685  
  3 11056.9345 1045114.322135  x:  0.15187   3.89987   0.06269  
  4 239.2641 1045109.708049  x:  0.15126   3.96517   0.06023  
  5  0.2029 1045109.667247  x:  0.15138   3.97934   0.06032  
  6  0.0113 1045109.667102  x:  0.15137   3.97974   0.06033  
  7  0.0004 1045109.667102  x:  0.15137   3.97975   0.06033  
  8  0.0000 1045109.667101  x:  0.15137   3.97975   0.06033  
  9  0.0000 1045109.667101  x:  0.15137   3.97975   0.06033  

4 (And_hat) ... 1 (And_bic)
  0  0.0000 1031108.040784  x:  0.12596   3.40905   0.17305  
  1 99.0000 1030097.108033  x:  0.09830   3.40972   0.11718  
  2 29352.7448 1029130.781492  x:  0.10389   3.41040   0.05719  
  3 90609.3554 1029117.209294  x:  0.10442   3.69953   0.05946  
  4 91.6347 1028866.291401  x:  0.12053   3.42453   0.06191  
  5  0.3145 1028862.838754  x:  0.12100   3.47313   0.05944  
  6  0.0931 1028862.819760  x:  0.12111   3.47981   0.05954  
  7  0.0063 1028862.819553  x:  0.12112   3.47913   0.05953  
  8  0.0007 1028862.819553  x:  0.12112   3.47911   0.05953  
  9  0.0000 1028862.819553  x:  0.12112   3.47911   0.05953  
 10  0.0000 1028862.819552  x:  0.12112   3.47911   0.05953  

4 (And_hat) ... 2 (And_ful)
  0  0.0000 1048915.397402  x:  0.17274   3.12860   0.08980  
  1 99.0000 1048269.754071  x:  0.15083   3.12925   0.06043  
  2 32010.1021 1048230.529624  x:  0.15580   3.12964   0.05375  
  3 10009.2426 1048076.657861  x:  0.15707   4.01122   0.05830  
  4 405.0037 1048076.254908  x:  0.15772   4.00708   0.05771  
  5  0.0041 1048076.254088  x:  0.15770   4.00660   0.05768  
  6  0.0006 1048076.254056  x:  0.15770   4.00613   0.05768  
  7  0.0003 1048076.254056  x:  0.15770   4.00617   0.05768  
  8  0.0000 1048076.254056  x:  0.15770   4.00616   0.05768  

4 (And_hat) ... 3 (And_hae)
  0  0.0000 1045834.806382  x:  0.14153   3.60241   0.06950  
  1 99.0000 1045709.360727  x:  0.15397   3.60259   0.06044  
  2 16491.0524 1045703.629975  x:  0.15267   3.60275   0.05747  
  3 3768.6421 1045669.566259  x:  0.15262   4.06347   0.05913  
  4 158.9821 1045669.550519  x:  0.15246   4.06285   0.05915  
  5  0.0006 1045669.550508  x:  0.15246   4.06261   0.05916  
  6  0.0002 1045669.550508  x:  0.15246   4.06261   0.05916  
  7  0.0000 1045669.550508  x:  0.15246   4.06261   0.05916  
check convergence!


5 (And_mar) ... 1 (And_bic)
  0  0.0000 1008991.673760  x:  0.08879   3.45925   0.10360  
  1 99.0000 1008574.660426  x:  0.09009   3.45926   0.05951  
  2 14978.9514 1008574.590014  x:  0.08984   3.45922   0.05950  
  3 550.9077 1008557.152418  x:  0.08993   3.15756   0.05745  
  4 100.5072 1008556.855163  x:  0.08995   3.11589   0.05712  
  5  0.0499 1008556.855142  x:  0.08995   3.11563   0.05711  
  6  0.0003 1008556.855142  x:  0.08995   3.11562   0.05711  
  7  0.0000 1008556.855142  x:  0.08995   3.11562   0.05711  
  8  0.0000 1008556.855142  x:  0.08995   3.11562   0.05711  

5 (And_mar) ... 2 (And_ful)
  0  0.0000 1053484.041784  x:  0.13218   2.98503   0.11086  
  1 99.0000 1052226.309663  x:  0.17604   2.98573   0.07755  
  2 49418.8940 1051884.234091  x:  0.17215   2.98630   0.05254  
  3 30357.6590 1051755.603447  x:  0.17117   3.72149   0.05698  
  4 395.0460 1051718.359544  x:  0.16292   3.70202   0.05628  
  5  0.0188 1051718.149002  x:  0.16282   3.69280   0.05682  
  6  0.0115 1051718.142285  x:  0.16284   3.68713   0.05678  
  7  0.0042 1051718.142281  x:  0.16284   3.68710   0.05678  
  8  0.0000 1051718.142281  x:  0.16284   3.68710   0.05678  
  9  0.0000 1051718.142281  x:  0.16284   3.68710   0.05678  

5 (And_mar) ... 3 (And_hae)
  0  0.0000 1048978.513618  x:  0.16104   3.17777   0.07273  
  1 99.0000 1048852.284492  x:  0.15361   3.17806   0.05919  
  2 15412.9074 1048849.017972  x:  0.15552   3.17827   0.05766  
  3 2739.9828 1048800.403887  x:  0.15580   3.65083   0.05990  
  4 224.2867 1048800.349740  x:  0.15574   3.65139   0.05960  
  5  0.0007 1048800.349395  x:  0.15576   3.65162   0.05959  
  6  0.0002 1048800.349394  x:  0.15576   3.65169   0.05959  

5 (And_mar) ... 4 (And_hat)
  0  0.0000 1026116.689590  x:  0.10409   3.23593   0.10823  
  1 99.0000 1025761.439659  x:  0.12391   3.23620   0.08814  
  2 26484.1316 1025477.251863  x:  0.12052   3.23660   0.05874  
  3 27351.2458 1025458.176670  x:  0.12021   3.57275   0.06086  
  4 119.6839 1025438.173303  x:  0.11532   3.55103   0.06163  
  5  0.0222 1025438.162893  x:  0.11528   3.54838   0.06148  
  6  0.0034 1025438.162426  x:  0.11527   3.54689   0.06149  
  7  0.0015 1025438.162422  x:  0.11527   3.54683   0.06149  
  8  0.0001 1025438.162422  x:  0.11527   3.54683   0.06149  

6 (And_tri) ... 1 (And_bic)
  0  0.0000 1028152.208487  x:  0.12350   3.20647   0.17791  
  1 99.0000 1027350.017740  x:  0.09691   3.20680   0.14056  
  2 32215.9835 1025860.025502  x:  0.10067   3.20746   0.05663  
  3 66906.2675 1025855.820948  x:  0.10054   3.07006   0.05526  
  4 50.7686 1025651.812458  x:  0.11501   2.92925   0.05723  
  5  0.1759 1025649.488352  x:  0.11532   2.96776   0.05538  
  6  0.1097 1025649.463049  x:  0.11538   2.97709   0.05549  
  7  0.0104 1025649.462777  x:  0.11540   2.97686   0.05547  
  8  0.0002 1025649.462775  x:  0.11540   2.97683   0.05547  
  9  0.0000 1025649.462775  x:  0.11540   2.97683   0.05547  

6 (And_tri) ... 2 (And_ful)
  0  0.0000 1047491.535211  x:  0.14904   2.96492   0.06181  
  1 99.0000 1047412.965034  x:  0.15590   2.96527   0.05207  
  2 12680.2012 1047412.780831  x:  0.15548   2.96565   0.05176  
  3 571.4843 1047321.074761  x:  0.15546   3.58647   0.05463  
  4 496.5802 1047320.826180  x:  0.15576   3.58623   0.05404  
  5  0.0007 1047320.825186  x:  0.15573   3.58661   0.05402  
  6  0.0004 1047320.825181  x:  0.15573   3.58677   0.05403  
  7  0.0001 1047320.825181  x:  0.15573   3.58677   0.05402  

6 (And_tri) ... 3 (And_hae)
  0  0.0000 1048281.983392  x:  0.15102   3.18903   0.14043  
  1 99.0000 1046424.659671  x:  0.14066   3.19029   0.05837  
  2 32775.9015 1046344.500106  x:  0.15037   3.19049   0.05216  
  3 17247.7464 1046302.833256  x:  0.15151   3.61367   0.05581  
  4 210.7864 1046301.848130  x:  0.15217   3.59193   0.05675  
  5  0.0501 1046301.827527  x:  0.15230   3.58914   0.05661  
  6  0.0025 1046301.827503  x:  0.15230   3.58881   0.05661  

6 (And_tri) ... 4 (And_hat)
  0  0.0000 1026638.080183  x:  0.10760   3.05949   0.18411  
  1 99.0000 1024493.029041  x:  0.13466   3.06184   0.06446  
  2 26261.7105 1024284.913661  x:  0.12598   3.06218   0.04757  
  3 48891.3967 1024197.626720  x:  0.12237   3.76623   0.05314  
  4 272.4211 1024106.914225  x:  0.11333   3.47734   0.05816  
  5  0.6188 1024106.231112  x:  0.11376   3.42770   0.05849  
  6  0.0547 1024106.230236  x:  0.11377   3.42653   0.05845  
  7  0.0010 1024106.230235  x:  0.11377   3.42658   0.05845  
  8  0.0000 1024106.230235  x:  0.11377   3.42657   0.05845  

6 (And_tri) ... 5 (And_mar)
  0  0.0000 1023207.638620  x:  0.09721   3.25096   0.08162  
  1 99.0000 1022998.414302  x:  0.11194   3.25094   0.07508  
  2 27309.0698 1022919.976310  x:  0.11096   3.25085   0.06026  
  3 10694.0994 1022905.254872  x:  0.11103   3.00901   0.05900  
  4 104.6758 1022904.390858  x:  0.11023   2.97341   0.05874  
  5  0.0346 1022904.378573  x:  0.11016   2.97914   0.05881  
  6  0.0062 1022904.378567  x:  0.11016   2.97916   0.05881  

7 (Bom_pas) ... 1 (And_bic)
  0  0.0000 1292107.487523  x:  1.09876   2.88671   0.15608  
  1 99.0000 1278103.313223  x:  1.08442   2.88891   0.05568  
  2 180213.8689 1277937.287776  x:  1.04318   3.06311   0.06344  
  3 1929.9617 1277218.179554  x:  1.17768   3.97606   0.05495  
  4 12867.4083 1277191.881725  x:  1.14626   4.03080   0.05563  
  5  0.0691 1277189.816610  x:  1.14489   4.05241   0.05643  
  6  0.0270 1277189.721417  x:  1.14655   4.06535   0.05634  
  7  0.0085 1277189.721293  x:  1.14647   4.06545   0.05634  

7 (Bom_pas) ... 2 (And_ful)
  0  0.0000 1282975.767774  x:  1.43105   3.53491   0.06125  
  1 99.0000 1281709.722140  x:  1.42953   3.53516   0.04459  
  2 132977.5233 1280722.866136  x:  1.16491   3.59970   0.05663  
  3 6340.2335 1280464.426836  x:  1.24294   4.30057   0.05548  
  4 821.8109 1280430.360138  x:  1.21640   4.34564   0.05445  
  5  0.0587 1280429.501513  x:  1.22237   4.35057   0.05391  
  6  0.0084 1280429.495909  x:  1.22265   4.35428   0.05391  
  7  0.0027 1280429.495909  x:  1.22265   4.35428   0.05391  

7 (Bom_pas) ... 3 (And_hae)
  0  0.0000 1278022.586412  x:  1.13544   3.77727   0.04777  
  1 99.0000 1277724.923182  x:  1.13576   3.77731   0.05631  
  2 74969.4053 1277640.114535  x:  1.13335   4.15469   0.05723  
  3 469.5349 1277623.760662  x:  1.16592   4.22645   0.05615  
  4 2424.5162 1277623.604420  x:  1.16612   4.23621   0.05598  
  5  0.0079 1277623.604407  x:  1.16615   4.23625   0.05598  
  6  0.0000 1277623.604407  x:  1.16615   4.23624   0.05598  
  7  0.0000 1277623.604407  x:  1.16615   4.23624   0.05598  

7 (Bom_pas) ... 4 (And_hat)
  0  0.0000 1277653.683933  x:  1.01774   3.54873   0.06009  
  1 99.0000 1277645.236351  x:  1.01953   3.54890   0.06168  
  2 7161.2104 1277397.254493  x:  1.12296   3.55934   0.05549  
  3 10138.0445 1277167.889172  x:  1.15553   4.22756   0.05585  
  4 768.9477 1277165.877535  x:  1.16527   4.22956   0.05577  
  5  0.0075 1277165.821860  x:  1.16603   4.23080   0.05563  
  6  0.0016 1277165.821504  x:  1.16608   4.23171   0.05563  
  7  0.0007 1277165.821504  x:  1.16608   4.23171   0.05563  

7 (Bom_pas) ... 5 (And_mar)
  0  0.0000 1276979.964982  x:  1.23810   3.60375   0.06228  
  1 99.0000 1276520.973680  x:  1.23692   3.60391   0.05120  
  2 75916.0217 1276200.825160  x:  1.10434   3.62980   0.05787  
  3 4393.2107 1276108.725891  x:  1.13963   4.04392   0.05741  
  4 476.0955 1276104.561673  x:  1.13194   4.05081   0.05686  
  5  0.0112 1276104.539243  x:  1.13289   4.05151   0.05678  
  6  0.0013 1276104.539186  x:  1.13291   4.05185   0.05678  
  7  0.0003 1276104.539186  x:  1.13291   4.05185   0.05678  

7 (Bom_pas) ... 6 (And_tri)
  0  0.0000 1285054.196069  x:  1.21308   3.57579   0.11795  
  1 99.0000 1276429.593733  x:  1.20532   3.57648   0.05217  
  2 185966.7516 1276325.169203  x:  1.14349   3.59195   0.05848  
  3 3328.8035 1276198.974207  x:  1.18112   4.07950   0.05768  
  4 568.8708 1276136.155516  x:  1.14072   4.07171   0.05637  
  5  0.0648 1276135.885062  x:  1.14368   4.07575   0.05606  
  6  0.0054 1276135.884696  x:  1.14363   4.07630   0.05606  
  7  0.0005 1276135.884691  x:  1.14364   4.07638   0.05606  