Supplemental results for CODEML (seqf: /home/yzliu/eDNA/faststorage/yzliu/DK_proj/data/ref_genome/ref_annotation/primary_transcripts/extracted_cds_new/new_transcript_id_8_bom_apis/bootstraps/cat.out.OG_cds_8_species_same_header_fas.shuf_211OG_342.phy  treef: xxx.trees)


pairwise comparison (Goldman & Yang 1994)
seq seq        N       S       dN       dS     dN/dS   Paras.
  2   1 173452.8  56959.2   0.0491   0.5750   0.0855   0.5374   4.1424   0.0855 -400026.230
  3   1 173209.0  57203.0   0.0492   0.5898   0.0835   0.5503   4.1695   0.0835 -400791.707
  3   2 169250.3  61161.7   0.0113   0.1106   0.1024   0.1130   5.3336   0.1024 -342451.986
  4   1 173576.1  56835.9   0.0484   0.5851   0.0828   0.5425   4.1992   0.0828 -399630.060
  4   2 169310.6  61101.4   0.0104   0.1043   0.0999   0.1059   5.6273   0.0999 -340392.954
  4   3 169264.9  61147.1   0.0064   0.0637   0.1007   0.0649   5.4910   0.1007 -330178.480
  5   1 173652.6  56759.4   0.0492   0.5879   0.0837   0.5457   4.1551   0.0837 -400182.517
  5   2 169462.7  60949.3   0.0117   0.1097   0.1063   0.1127   5.4984   0.1063 -342185.971
  5   3 169630.5  60781.5   0.0069   0.0639   0.1085   0.0659   5.1888   0.1085 -330657.665
  5   4 169279.4  61132.6   0.0066   0.0636   0.1043   0.0652   5.8605   0.1043 -330002.869
  6   1 173671.4  56740.6   0.0492   0.5884   0.0835   0.5458   4.1330   0.0835 -400231.165
  6   2 169539.0  60873.0   0.0118   0.1116   0.1058   0.1145   5.4185   0.1058 -342625.950
  6   3 169539.0  60873.0   0.0071   0.0642   0.1101   0.0665   5.2527   0.1101 -330847.060
  6   4 169175.8  61236.2   0.0069   0.0642   0.1068   0.0663   5.9500   0.1068 -330334.732
  6   5 168943.3  61468.7   0.0022   0.0204   0.1092   0.0212   6.2036   0.1092 -316146.435
  7   1 173664.9  56747.1   0.0499   0.5860   0.0852   0.5458   4.1908   0.0852 -400426.670
  7   2 169575.3  60836.7   0.0124   0.1112   0.1115   0.1154   5.4542   0.1115 -343028.575
  7   3 169473.7  60938.3   0.0076   0.0659   0.1152   0.0691   5.3722   0.1152 -331637.439
  7   4 169164.4  61247.6   0.0072   0.0651   0.1108   0.0678   6.0419   0.1108 -330810.028
  7   5 169347.0  61065.0   0.0072   0.0605   0.1190   0.0640   5.8674   0.1190 -329925.295
  7   6 169347.8  61064.2   0.0074   0.0613   0.1211   0.0651   5.8525   0.1211 -330285.323
  8   1 173629.2  56782.8   0.0493   0.5876   0.0839   0.5458   4.1361   0.0839 -400295.075
  8   2 169405.6  61006.4   0.0116   0.1090   0.1069   0.1122   5.5043   0.1069 -342148.968
  8   3 169435.8  60976.2   0.0070   0.0628   0.1119   0.0654   5.3092   0.1119 -330603.107
  8   4 169068.7  61343.3   0.0068   0.0632   0.1071   0.0654   6.0209   0.1071 -330121.298
  8   5 168525.9  61886.1   0.0019   0.0181   0.1058   0.0188   6.6336   0.1058 -315212.461
  8   6 168656.8  61755.2   0.0023   0.0201   0.1143   0.0212   6.4641   0.1143 -316179.207
  8   7 169183.7  61228.3   0.0073   0.0595   0.1218   0.0634   5.9796   0.1218 -329838.669

