Supplemental results for CODEML (seqf: /home/yzliu/eDNA/faststorage/yzliu/DK_proj/data/ref_genome/ref_annotation/primary_transcripts/extracted_cds_new/new_transcript_id_8_bom_apis/bootstraps/cat.out.OG_cds_8_species_same_header_fas.shuf_211OG_506.phy  treef: xxx.trees)


pairwise comparison (Goldman & Yang 1994)
seq seq        N       S       dN       dS     dN/dS   Paras.
  2   1 158339.0  51334.0   0.0582   0.5712   0.1019   0.5514   3.8367   0.1019 -368249.355
  3   1 158029.3  51643.7   0.0588   0.5934   0.0991   0.5714   3.8567   0.0991 -369526.012
  3   2 154183.2  55489.8   0.0151   0.1112   0.1353   0.1215   5.0726   0.1353 -314072.233
  4   1 158536.6  51136.4   0.0572   0.5804   0.0985   0.5544   3.8214   0.0985 -367838.564
  4   2 154472.0  55201.0   0.0136   0.1004   0.1354   0.1093   5.1988   0.1354 -311131.080
  4   3 154404.5  55268.5   0.0087   0.0640   0.1365   0.0700   5.0202   0.1365 -302037.542
  5   1 158479.8  51193.2   0.0582   0.5831   0.0998   0.5591   3.8215   0.0998 -368480.754
  5   2 154370.2  55302.8   0.0151   0.1059   0.1426   0.1172   5.2430   0.1426 -313011.777
  5   3 154692.7  54980.3   0.0095   0.0648   0.1460   0.0719   4.7436   0.1460 -302733.515
  5   4 154331.3  55341.7   0.0087   0.0601   0.1442   0.0667   5.4346   0.1442 -300954.074
  6   1 158455.9  51217.1   0.0583   0.5852   0.0997   0.5611   3.8316   0.0997 -368600.960
  6   2 154321.0  55352.0   0.0151   0.1075   0.1406   0.1185   5.2814   0.1406 -313214.580
  6   3 154470.6  55202.4   0.0097   0.0662   0.1471   0.0738   4.9160   0.1471 -303179.286
  6   4 154095.8  55577.2   0.0091   0.0606   0.1504   0.0683   5.6617   0.1504 -301386.734
  6   5 153558.1  56114.9   0.0029   0.0192   0.1512   0.0218   6.1910   0.1512 -287592.021
  7   1 158497.6  51175.4   0.0587   0.5808   0.1011   0.5584   3.8415   0.1011 -368587.474
  7   2 154399.8  55273.2   0.0153   0.1075   0.1420   0.1187   5.2585   0.1420 -313361.871
  7   3 154326.9  55346.1   0.0094   0.0681   0.1379   0.0747   5.0814   0.1379 -303228.685
  7   4 154035.1  55637.9   0.0087   0.0625   0.1395   0.0689   5.7829   0.1395 -301376.443
  7   5 154277.7  55395.3   0.0088   0.0581   0.1520   0.0655   5.4800   0.1520 -300749.525
  7   6 154093.6  55579.4   0.0091   0.0587   0.1553   0.0668   5.6567   0.1553 -301081.961
  8   1 158449.5  51223.5   0.0580   0.5841   0.0993   0.5596   3.8167   0.0993 -368460.654
  8   2 154298.8  55374.2   0.0149   0.1057   0.1406   0.1166   5.2750   0.1406 -312863.766
  8   3 154587.8  55085.2   0.0093   0.0647   0.1442   0.0716   4.7984   0.1442 -302654.664
  8   4 154242.2  55430.8   0.0087   0.0600   0.1443   0.0667   5.4852   0.1443 -300982.576
  8   5 154103.7  55569.3   0.0024   0.0180   0.1327   0.0196   5.5686   0.1327 -286812.967
  8   6 153171.3  56501.7   0.0026   0.0193   0.1366   0.0214   6.6214   0.1366 -287368.814
  8   7 154171.6  55501.4   0.0086   0.0575   0.1493   0.0646   5.5480   0.1493 -300502.675

