Supplemental results for CODEML (seqf: /home/yzliu/eDNA/faststorage/yzliu/DK_proj/data/ref_genome/ref_annotation/primary_transcripts/extracted_cds_new/new_transcript_id_7_and_pas/bootstraps/cat.out.OG_cds_7_species_same_header_fas.shuf_537OG_880.phy  treef: xxx.trees)


pairwise comparison (Goldman & Yang 1994)
seq seq        N       S       dN       dS     dN/dS   Paras.
  2   1 476504.2 189186.8   0.0093   0.1722   0.0541   0.1668   3.7493   0.0541 -1029083.270
  3   1 476619.2 189071.8   0.0091   0.1599   0.0571   0.1558   3.6172   0.0571 -1024620.249
  3   2 474828.0 190863.0   0.0092   0.1538   0.0599   0.1520   4.0511   0.0599 -1021847.821
  4   1 477000.0 188691.0   0.0070   0.1215   0.0578   0.1184   3.5633   0.0578 -1003418.264
  4   2 474659.2 191031.8   0.0091   0.1605   0.0567   0.1576   4.0780   0.0567 -1024147.485
  4   3 473825.7 191865.3   0.0090   0.1496   0.0599   0.1484   4.0640   0.0599 -1020224.916
  5   1 479094.1 186596.9   0.0052   0.0935   0.0559   0.0899   3.2549   0.0559 -985193.480
  5   2 476447.9 189243.1   0.0094   0.1667   0.0565   0.1624   3.7267   0.0565 -1027551.942
  5   3 476674.9 189016.1   0.0092   0.1532   0.0601   0.1502   3.5870   0.0601 -1022401.855
  5   4 476740.5 188950.5   0.0070   0.1143   0.0610   0.1123   3.5758   0.0610 -1000269.477
  6   1 481318.5 184372.5   0.0064   0.1182   0.0539   0.1120   3.0053   0.0539 -999907.913
  6   2 477053.5 188637.5   0.0086   0.1609   0.0534   0.1552   3.6484   0.0534 -1023240.941
  6   3 476962.2 188728.8   0.0085   0.1492   0.0572   0.1452   3.5530   0.0572 -1019135.359
  6   4 477840.0 187851.0   0.0066   0.1129   0.0582   0.1097   3.4358   0.0582 -998395.448
  6   5 482017.8 183673.2   0.0065   0.1111   0.0583   0.1061   2.9155   0.0583 -997089.250
  7   1 476965.9 188725.1   0.0624   1.1687   0.0534   1.1282   4.1904   0.0534 -1239228.287
  7   2 473416.8 192274.2   0.0635   1.2337   0.0514   1.2044   4.4863   0.0514 -1243333.088
  7   3 475833.5 189857.5   0.0629   1.1533   0.0545   1.1217   4.3064   0.0545 -1239394.714
  7   4 475560.3 190130.7   0.0624   1.1737   0.0532   1.1395   4.3408   0.0532 -1239298.817
  7   5 477435.4 188255.6   0.0624   1.1518   0.0542   1.1114   4.1626   0.0542 -1238581.390
  7   6 477180.4 188510.6   0.0621   1.1550   0.0538   1.1148   4.1876   0.0538 -1238181.967

