Supplemental results for CODEML (seqf: /home/yzliu/eDNA/faststorage/yzliu/DK_proj/data/ref_genome/ref_annotation/primary_transcripts/extracted_cds_new/new_transcript_id_7_and_pas/bootstraps/cat.out.OG_cds_7_species_same_header_fas.shuf_537OG_719.phy  treef: xxx.trees)


pairwise comparison (Goldman & Yang 1994)
seq seq        N       S       dN       dS     dN/dS   Paras.
  2   1 454151.3 178068.7   0.0104   0.1663   0.0624   0.1628   3.6829   0.0624 -976239.956
  3   1 453980.9 178239.1   0.0102   0.1568   0.0650   0.1546   3.5659   0.0650 -973078.983
  3   2 452835.8 179384.2   0.0103   0.1522   0.0679   0.1518   3.9547   0.0679 -970907.816
  4   1 454286.4 177933.6   0.0077   0.1170   0.0659   0.1154   3.5201   0.0659 -951439.730
  4   2 452439.8 179780.2   0.0101   0.1556   0.0651   0.1544   4.0168   0.0651 -971645.774
  4   3 451518.9 180701.1   0.0102   0.1483   0.0689   0.1491   3.9888   0.0689 -969983.502
  5   1 456964.9 175255.1   0.0059   0.0907   0.0653   0.0882   3.1206   0.0653 -934836.813
  5   2 453616.1 178603.9   0.0105   0.1622   0.0645   0.1600   3.7307   0.0645 -975223.023
  5   3 453502.6 178717.4   0.0104   0.1522   0.0684   0.1515   3.6081   0.0684 -972130.546
  5   4 453734.2 178485.8   0.0076   0.1110   0.0686   0.1104   3.5721   0.0686 -948877.961
  6   1 458114.7 174105.3   0.0070   0.1171   0.0601   0.1120   2.9984   0.0601 -949598.787
  6   2 455133.5 177086.5   0.0095   0.1582   0.0598   0.1534   3.5303   0.0598 -971217.276
  6   3 454803.1 177416.9   0.0096   0.1507   0.0637   0.1476   3.4426   0.0637 -969478.109
  6   4 455023.1 177196.9   0.0072   0.1119   0.0641   0.1096   3.4102   0.0641 -947847.517
  6   5 457873.5 174346.5   0.0071   0.1112   0.0636   0.1074   3.0071   0.0636 -947337.002
  7   1 453437.3 178782.7   0.0677   1.1701   0.0579   1.1384   3.9459   0.0579 -1185893.755
  7   2 449982.1 182237.9   0.0689   1.2424   0.0555   1.2216   4.2617   0.0555 -1189737.763
  7   3 452148.8 180071.2   0.0684   1.1706   0.0584   1.1469   4.0711   0.0584 -1186725.835
  7   4 451918.7 180301.3   0.0678   1.1790   0.0575   1.1541   4.1043   0.0575 -1186024.328
  7   5 453660.2 178559.8   0.0678   1.1544   0.0587   1.1241   3.9405   0.0587 -1185289.376
  7   6 453401.9 178818.1   0.0673   1.1695   0.0575   1.1371   3.9510   0.0575 -1185095.035

