

2 (Bom_con) ... 1 (Apis_mel)
  0  0.0000 415783.047018  x:  0.41506   1.49647   0.40003  
  1 99.0000 407292.400914  x:  0.42748   1.55948   0.07773  
  2 25799.4602 406995.040386  x:  0.49156   1.58791   0.06199  
  3 9353.4732 405686.884877  x:  0.55381   2.42988   0.10346  
  4 4707.3426 404817.770323  x:  0.47383   3.20994   0.08505  
  5  1.9041 404566.779725  x:  0.54806   3.89752   0.08231  
  6  0.2617 404530.914043  x:  0.53335   4.22323   0.07981  
  7  0.1779 404525.153325  x:  0.53294   4.33298   0.08331  
  8  0.0774 404525.111460  x:  0.53323   4.34909   0.08315  
  9  0.0118 404525.110833  x:  0.53336   4.34899   0.08315  
 10  0.0001 404525.110833  x:  0.53336   4.34900   0.08315  

3 (Bom_hor) ... 1 (Apis_mel)
  0  0.0000 406850.421049  x:  0.47490   3.85785   0.18691  
  1 99.0000 405097.461526  x:  0.47346   3.85902   0.08660  
  2 24985.6702 404967.857606  x:  0.52686   3.86032   0.07514  
  3 5091.7484 404916.479400  x:  0.53542   4.48542   0.07794  
  4 177.3342 404906.706627  x:  0.54143   4.42983   0.08156  
  5  0.1576 404906.360123  x:  0.54439   4.42207   0.08089  
  6  0.0065 404906.359883  x:  0.54437   4.42299   0.08087  
  7  0.0009 404906.359882  x:  0.54437   4.42306   0.08088  

3 (Bom_hor) ... 2 (Bom_con)
  0  0.0000 349336.329406  x:  0.10533   3.72359   0.08298  
  1 99.0000 349266.337085  x:  0.11942   3.72385   0.09194  
  2 8767.7447 349247.522380  x:  0.11561   3.72464   0.10632  
  3 2925.0686 349126.774661  x:  0.11517   5.78568   0.11530  
  4 153.3489 349126.483425  x:  0.11618   5.78397   0.11484  
  5  0.0019 349126.483411  x:  0.11618   5.78400   0.11482  
  6  0.0000 349126.483411  x:  0.11618   5.78403   0.11482  
  7  0.0000 349126.483411  x:  0.11618   5.78408   0.11482  
  8  0.0000 349126.483411  x:  0.11618   5.78405   0.11482  

4 (Bom_hyp) ... 1 (Apis_mel)
  0  0.0000 406116.222966  x:  0.41223   4.76849   0.20302  
  1 99.0000 404089.132022  x:  0.44616   4.76832   0.08756  
  2 23545.3069 403778.675807  x:  0.53614   4.76670   0.08372  
  3 8477.7939 403759.891345  x:  0.53340   4.35682   0.08188  
  4 87.1116 403759.430704  x:  0.53359   4.36828   0.08085  
  5  0.0387 403759.372842  x:  0.53222   4.36301   0.08095  
  6  0.0045 403759.372705  x:  0.53221   4.36402   0.08096  
  7  0.0011 403759.372705  x:  0.53221   4.36402   0.08096  

4 (Bom_hyp) ... 2 (Bom_con)
  0  0.0000 347598.561534  x:  0.10019   3.84661   0.15310  
  1 99.0000 347558.268672  x:  0.11140   3.84691   0.14590  
  2 6283.2568 347489.375679  x:  0.11036   3.84852   0.10860  
  3 4442.9787 347410.448679  x:  0.11001   5.50344   0.12038  
  4 117.3886 347408.951174  x:  0.10937   5.52370   0.11558  
  5  0.0247 347408.930867  x:  0.10915   5.54015   0.11576  
  6  0.0134 347408.929265  x:  0.10919   5.54829   0.11578  
  7  0.0051 347408.929265  x:  0.10919   5.54829   0.11578  
  8  0.0000 347408.929265  x:  0.10919   5.54829   0.11578  

4 (Bom_hyp) ... 3 (Bom_hor)
  0  0.0000 335801.091022  x:  0.05602   4.60356   0.12840  
  1 99.0000 335752.370810  x:  0.06503   4.60361   0.12717  
  2 11303.4024 335730.364805  x:  0.06515   4.60450   0.10196  
  3 1612.3785 335695.526109  x:  0.06501   6.34924   0.11043  
  4 48.3919 335695.136262  x:  0.06505   6.36296   0.10722  
  5  0.0162 335695.133448  x:  0.06506   6.38191   0.10722  
  6  0.0108 335695.133421  x:  0.06505   6.38216   0.10725  
  7  0.0003 335695.133421  x:  0.06505   6.38217   0.10725  
  8  0.0000 335695.133421  x:  0.06505   6.38217   0.10725  
  9  0.0000 335695.133421  x:  0.06505   6.38217   0.10725  
check convergence!


5 (Bom_mus) ... 1 (Apis_mel)
  0  0.0000 406244.335971  x:  0.44886   5.22148   0.18260  
  1 99.0000 404801.104720  x:  0.46336   5.22098   0.08964  
  2 22404.5440 404548.738234  x:  0.54757   5.21829   0.07800  
  3 7038.2436 404480.958814  x:  0.53973   4.37565   0.07587  
  4 146.2622 404467.871877  x:  0.54060   4.32760   0.08106  
  5  0.1686 404467.730473  x:  0.53954   4.35352   0.08129  
  6  0.0279 404467.720704  x:  0.53905   4.34753   0.08133  
  7  0.0063 404467.720695  x:  0.53905   4.34746   0.08134  
  8  0.0001 404467.720695  x:  0.53905   4.34747   0.08134  
  9  0.0000 404467.720695  x:  0.53905   4.34747   0.08134  
 10  0.0000 404467.720695  x:  0.53905   4.34747   0.08134  

5 (Bom_mus) ... 2 (Bom_con)
  0  0.0000 349636.937995  x:  0.09791   3.78093   0.07601  
  1 99.0000 349434.032902  x:  0.12164   3.78111   0.09030  
  2 15866.5299 349389.474812  x:  0.11546   3.78174   0.11225  
  3 4511.6456 349298.706232  x:  0.11496   5.51494   0.11925  
  4 131.6506 349297.878450  x:  0.11659   5.51562   0.12008  
  5  0.0016 349297.856282  x:  0.11650   5.51516   0.12070  
  6  0.0005 349297.856234  x:  0.11650   5.51367   0.12069  
  7  0.0008 349297.856233  x:  0.11650   5.51361   0.12069  

5 (Bom_mus) ... 3 (Bom_hor)
  0  0.0000 337402.956216  x:  0.05842   4.40089   0.14229  
  1 99.0000 337336.232478  x:  0.06923   4.40093   0.14121  
  2 13065.5130 337317.680321  x:  0.06938   4.40182   0.11656  
  3 1397.0983 337296.001099  x:  0.06929   5.58297   0.12338  
  4 42.2716 337295.849071  x:  0.06932   5.58893   0.12126  
  5  0.0073 337295.848586  x:  0.06933   5.59503   0.12127  
  6  0.0041 337295.848583  x:  0.06933   5.59518   0.12128  
  7  0.0001 337295.848583  x:  0.06933   5.59514   0.12127  
  8  0.0000 337295.848582  x:  0.06933   5.59518   0.12127  

5 (Bom_mus) ... 4 (Bom_hyp)
  0  0.0000 336792.577595  x:  0.06890   4.44167   0.11464  
  1 99.0000 336792.109471  x:  0.06794   4.44171   0.11492  
  2 934.7709 336791.639012  x:  0.06797   4.44218   0.11869  
  3 281.4914 336777.715467  x:  0.06790   5.38294   0.12290  
  4 33.8119 336777.706976  x:  0.06791   5.38112   0.12239  
  5  0.0017 336777.706974  x:  0.06791   5.38130   0.12238  
  6  0.0002 336777.706974  x:  0.06791   5.38130   0.12238  
check convergence!


6 (Bom_pas) ... 1 (Apis_mel)
  0  0.0000 405360.783570  x:  0.42675   4.33075   0.12240  
  1 99.0000 404951.083395  x:  0.45197   4.33066   0.08395  
  2 15259.1446 404654.828317  x:  0.53252   4.33004   0.08696  
  3 10754.8274 404654.442506  x:  0.53232   4.27632   0.08663  
  4  2.1297 404645.153523  x:  0.53826   4.33831   0.08165  
  5  0.5397 404645.046421  x:  0.53999   4.34894   0.08169  
  6  0.0085 404645.046007  x:  0.54002   4.34750   0.08167  
  7  0.0014 404645.046005  x:  0.54002   4.34744   0.08167  

6 (Bom_pas) ... 2 (Bom_con)
  0  0.0000 350027.042735  x:  0.10300   3.85777   0.15613  
  1 99.0000 349947.055231  x:  0.11915   3.85803   0.15075  
  2 9938.9300 349885.064634  x:  0.11898   3.85976   0.11519  
  3 3431.5430 349797.774795  x:  0.11881   5.53954   0.12741  
  4 128.2087 349796.397890  x:  0.11865   5.55878   0.12249  
  5  0.0235 349796.382645  x:  0.11854   5.58299   0.12252  
  6  0.0144 349796.382007  x:  0.11858   5.58556   0.12258  
  7  0.0021 349796.382000  x:  0.11858   5.58569   0.12257  
  8  0.0001 349796.382000  x:  0.11858   5.58569   0.12257  
check convergence!


6 (Bom_pas) ... 3 (Bom_hor)
  0  0.0000 337870.842924  x:  0.05889   4.70467   0.22371  
  1 99.0000 337799.116805  x:  0.07011   4.70473   0.22116  
  2 13282.7753 337608.854624  x:  0.07050   4.70674   0.12224  
  3 3149.9842 337591.234753  x:  0.07043   5.81068   0.13136  
  4 36.0098 337590.481006  x:  0.07043   5.85020   0.12658  
  5  0.0748 337590.475105  x:  0.07039   5.87166   0.12670  
  6  0.0150 337590.475077  x:  0.07039   5.87219   0.12671  
  7  0.0004 337590.475076  x:  0.07039   5.87228   0.12670  
  8  0.0001 337590.475076  x:  0.07039   5.87223   0.12670  
  9  0.0000 337590.475076  x:  0.07039   5.87222   0.12670  
 10  0.0000 337590.475076  x:  0.07039   5.87222   0.12670  
 11  0.0000 337590.475076  x:  0.07039   5.87222   0.12670  
 12  0.0074 337590.475076  x:  0.07039   5.87222   0.12670  
 13  0.0119 337590.475076  x:  0.07039   5.87222   0.12670  

6 (Bom_pas) ... 4 (Bom_hyp)
  0  0.0000 337255.792179  x:  0.06918   4.90853   0.13859  
  1 99.0000 337253.278081  x:  0.07068   4.90884   0.13113  
  2 651.4128 337251.965198  x:  0.06952   4.90903   0.12685  
  3 2931.6539 337243.800160  x:  0.06943   5.71698   0.13070  
  4 22.9090 337243.786750  x:  0.06942   5.69355   0.13013  
  5  0.0211 337243.786490  x:  0.06942   5.68995   0.13018  
  6  0.0032 337243.786490  x:  0.06942   5.68993   0.13018  
  7  0.0000 337243.786489  x:  0.06942   5.68991   0.13018  
  8  0.0000 337243.786489  x:  0.06942   5.68991   0.13018  
  9  0.0000 337243.786489  x:  0.06942   5.68991   0.13018  
check convergence!


6 (Bom_pas) ... 5 (Bom_mus)
  0  0.0000 322203.190926  x:  0.01770   4.50070   0.23051  
  1 99.0000 322158.846425  x:  0.02248   4.50070   0.23032  
  2 20225.0068 322112.875487  x:  0.02255   4.50275   0.14756  
  3 831.2018 322107.361224  x:  0.02252   5.50948   0.15636  
  4 12.1880 322106.316454  x:  0.02254   5.55104   0.14518  
  5  0.0773 322106.309630  x:  0.02255   5.59234   0.14526  
  6  0.0276 322106.309610  x:  0.02255   5.59214   0.14531  
  7  0.0002 322106.309610  x:  0.02255   5.59204   0.14531  

7 (Bom_syl) ... 1 (Apis_mel)
  0  0.0000 405156.350988  x:  0.52733   4.60808   0.12706  
  1 99.0000 404663.992813  x:  0.52283   4.60807   0.08442  
  2 19202.2500 404652.101679  x:  0.54162   4.60703   0.08116  
  3 1279.0278 404645.029192  x:  0.53855   4.35539   0.08080  
  4 54.3924 404644.396936  x:  0.53937   4.35249   0.08193  
  5  0.0057 404644.396738  x:  0.53930   4.35295   0.08194  
  6  0.0005 404644.396738  x:  0.53930   4.35290   0.08194  

7 (Bom_syl) ... 2 (Bom_con)
  0  0.0000 349798.631273  x:  0.11165   3.68882   0.07768  
  1 99.0000 349701.713779  x:  0.12222   3.68912   0.09610  
  2 8495.2840 349680.966219  x:  0.11505   3.68960   0.10582  
  3 4080.5794 349571.887411  x:  0.11455   5.59054   0.11297  
  4 147.9784 349565.269354  x:  0.11809   5.59359   0.11955  
  5  0.0056 349564.952772  x:  0.11734   5.58576   0.12135  
  6  0.0064 349564.951393  x:  0.11738   5.58003   0.12141  
  7  0.0039 349564.951255  x:  0.11737   5.57806   0.12138  
  8  0.0014 349564.951255  x:  0.11737   5.57808   0.12138  
  9  0.0000 349564.951255  x:  0.11737   5.57807   0.12138  
 10  0.0000 349564.951255  x:  0.11737   5.57807   0.12138  
check convergence!


7 (Bom_syl) ... 3 (Bom_hor)
  0  0.0000 336910.479752  x:  0.05864   4.70591   0.21752  
  1 99.0000 336858.902052  x:  0.06812   4.70598   0.21440  
  2 10908.1111 336608.789125  x:  0.06852   4.70830   0.10678  
  3 3832.7038 336578.194921  x:  0.06838   6.24747   0.11911  
  4 46.5185 336575.605289  x:  0.06829   6.34123   0.11097  
  5  0.1868 336575.536502  x:  0.06804   6.40948   0.11132  
  6  0.0466 336575.534143  x:  0.06809   6.42021   0.11135  
  7  0.0077 336575.534141  x:  0.06809   6.42062   0.11136  

7 (Bom_syl) ... 4 (Bom_hyp)
  0  0.0000 336432.667096  x:  0.06313   5.20083   0.22122  
  1 99.0000 336414.009417  x:  0.06909   5.20091   0.21523  
  2 4563.7949 336190.999828  x:  0.06891   5.20230   0.11056  
  3 6473.9993 336182.964358  x:  0.06873   6.06130   0.11647  
  4 20.7367 336181.286945  x:  0.06749   6.09256   0.11183  
  5  0.0421 336181.030206  x:  0.06698   6.07213   0.11366  
  6  0.0322 336181.030005  x:  0.06697   6.06787   0.11362  
  7  0.0034 336181.030003  x:  0.06698   6.06772   0.11362  
  8  0.0001 336181.030003  x:  0.06698   6.06771   0.11362  

7 (Bom_syl) ... 5 (Bom_mus)
  0  0.0000 336383.963468  x:  0.06521   4.83679   0.19715  
  1 99.0000 336352.852589  x:  0.05965   4.83726   0.16861  
  2 2040.6555 336313.428797  x:  0.06347   4.83788   0.13170  
  3 23014.2781 336306.852093  x:  0.06368   5.55488   0.13654  
  4 20.1726 336305.084368  x:  0.06535   5.50004   0.13896  
  5  0.0606 336305.058346  x:  0.06541   5.49382   0.13798  
  6  0.0073 336305.058214  x:  0.06541   5.49056   0.13796  

7 (Bom_syl) ... 6 (Bom_pas)
  0  0.0000 336677.536932  x:  0.06002   4.59624   0.11799  
  1 99.0000 336650.595634  x:  0.06689   4.59627   0.11934  
  2 7990.2244 336637.320425  x:  0.06637   4.59671   0.14058  
  3 1382.9617 336621.242065  x:  0.06628   5.66348   0.14539  
  4 34.1875 336621.240564  x:  0.06633   5.66313   0.14546  
  5  0.0003 336621.240555  x:  0.06633   5.66277   0.14548  
  6  0.0003 336621.240555  x:  0.06633   5.66278   0.14548  
  7  0.0000 336621.240555  x:  0.06633   5.66278   0.14548  
check convergence!


8 (Bom_vet) ... 1 (Apis_mel)
  0  0.0000 405109.117640  x:  0.49963   4.65395   0.13144  
  1 99.0000 404596.173954  x:  0.49977   4.65388   0.08605  
  2 18728.4286 404536.014491  x:  0.54127   4.65253   0.07951  
  3 3048.5213 404526.053909  x:  0.53799   4.35696   0.07900  
  4 63.5353 404523.502686  x:  0.53917   4.34627   0.08128  
  5  0.0220 404523.502647  x:  0.53916   4.34580   0.08128  
  6  0.0005 404523.502647  x:  0.53916   4.34582   0.08128  

8 (Bom_vet) ... 2 (Bom_con)
  0  0.0000 349658.039291  x:  0.09493   3.56985   0.07702  
  1 99.0000 349428.695630  x:  0.12048   3.57008   0.08873  
  2 17731.5593 349390.009484  x:  0.11599   3.57093   0.10986  
  3 4074.5556 349254.949684  x:  0.11540   5.65095   0.11915  
  4 171.2719 349254.527234  x:  0.11662   5.65213   0.11893  
  5  0.0015 349254.525625  x:  0.11662   5.65391   0.11910  
  6  0.0011 349254.525624  x:  0.11662   5.65401   0.11910  
  7  0.0001 349254.525624  x:  0.11662   5.65404   0.11910  

8 (Bom_vet) ... 3 (Bom_hor)
  0  0.0000 337264.519984  x:  0.07205   4.54454   0.16947  
  1 99.0000 337251.616493  x:  0.06712   4.54462   0.16622  
  2 4270.0547 337186.305803  x:  0.06847   4.54596   0.11628  
  3 3113.6278 337159.258535  x:  0.06849   5.94267   0.12538  
  4 45.2948 337158.685700  x:  0.06890   5.96200   0.12149  
  5  0.0259 337158.676246  x:  0.06902   5.97202   0.12169  
  6  0.0100 337158.675862  x:  0.06901   5.97793   0.12169  
  7  0.0039 337158.675861  x:  0.06901   5.97796   0.12170  
  8  0.0000 337158.675860  x:  0.06901   5.97795   0.12170  
  9  0.0000 337158.675860  x:  0.06901   5.97795   0.12170  

8 (Bom_vet) ... 4 (Bom_hyp)
  0  0.0000 337000.090588  x:  0.07112   4.85196   0.20259  
  1 99.0000 336983.313924  x:  0.06558   4.85203   0.19827  
  2 4648.8413 336844.954248  x:  0.06707   4.85329   0.12072  
  3 4351.7438 336835.022800  x:  0.06714   5.73630   0.12688  
  4 25.5367 336833.573636  x:  0.06794   5.75478   0.12089  
  5  0.0302 336833.471771  x:  0.06833   5.74855   0.12164  
  6  0.0074 336833.471650  x:  0.06834   5.74757   0.12158  
  7  0.0010 336833.471648  x:  0.06834   5.74719   0.12158  

8 (Bom_vet) ... 5 (Bom_mus)
  0  0.0000 321403.133676  x:  0.02143   4.58507   0.15690  
  1 99.0000 321402.231987  x:  0.02072   4.58507   0.15677  
  2 2456.2807 321395.418250  x:  0.02078   4.58603   0.12778  
  3 441.8651 321389.751027  x:  0.02073   5.71944   0.13479  
  4 11.4734 321389.706683  x:  0.02074   5.72162   0.13257  
  5  0.0037 321389.706653  x:  0.02074   5.72439   0.13256  
  6  0.0020 321389.706652  x:  0.02074   5.72454   0.13256  

8 (Bom_vet) ... 6 (Bom_pas)
  0  0.0000 322221.303689  x:  0.01820   4.49044   0.22942  
  1 99.0000 322184.985971  x:  0.02256   4.49044   0.22920  
  2 17958.0087 322127.491088  x:  0.02265   4.49318   0.13200  
  3 928.3611 322116.608215  x:  0.02261   5.98301   0.14594  
  4 17.2857 322116.009646  x:  0.02263   6.03886   0.13796  
  5  0.0966 322116.002448  x:  0.02264   6.08537   0.13816  
  6  0.0272 322116.002415  x:  0.02264   6.08535   0.13818  
  7  0.0000 322116.002415  x:  0.02264   6.08536   0.13817  
  8  0.0000 322116.002414  x:  0.02264   6.08536   0.13818  
  9  0.0000 322116.002414  x:  0.02264   6.08538   0.13818  
 10  0.0024 322116.002414  x:  0.02264   6.08538   0.13818  
check convergence!


8 (Bom_vet) ... 7 (Bom_syl)
  0  0.0000 336209.921896  x:  0.05082   4.74403   0.17835  
  1 99.0000 336090.007584  x:  0.06440   4.74406   0.17721  
  2 19170.9827 336046.148918  x:  0.06462   4.74518   0.13174  
  3 1709.1730 336031.697510  x:  0.06456   5.80394   0.13860  
  4 30.7703 336031.535345  x:  0.06462   5.81260   0.13613  
  5  0.0120 336031.534503  x:  0.06465   5.81830   0.13615  
  6  0.0043 336031.534500  x:  0.06465   5.81858   0.13615  
  7  0.0002 336031.534500  x:  0.06465   5.81858   0.13615  
  8  0.0000 336031.534499  x:  0.06465   5.81858   0.13615  
  9  0.1134 336031.534499  x:  0.06465   5.81858   0.13615  
check convergence!
