

2 (Bom_con) ... 1 (Apis_mel)
  0  0.0000 401146.432319  x:  0.55764   1.60498   0.46377  
  1 99.0000 394256.903735  x:  0.40955   1.67018   0.12869  
  2 23149.2158 393976.525552  x:  0.43016   1.67930   0.09722  
  3 18982.0408 391735.218377  x:  0.52513   3.65852   0.13926  
  4 3367.6149 391582.655899  x:  0.57153   3.63232   0.11254  
  5  0.0356 391578.262338  x:  0.56873   3.75416   0.11126  
  6  0.0557 391577.122579  x:  0.57066   3.80038   0.11294  
  7  0.0371 391577.022907  x:  0.57232   3.80666   0.11248  
  8  0.0061 391577.022862  x:  0.57230   3.80700   0.11247  
  9  0.0003 391577.022862  x:  0.57230   3.80701   0.11247  
 10  0.0000 391577.022862  x:  0.57230   3.80701   0.11247  
 11  0.0000 391577.022862  x:  0.57230   3.80701   0.11247  

3 (Bom_hor) ... 1 (Apis_mel)
  0  0.0000 393477.451145  x:  0.47522   3.33691   0.16277  
  1 99.0000 392987.819817  x:  0.50656   3.33793   0.11011  
  2 13563.4707 392776.417956  x:  0.57731   3.33967   0.11399  
  3 8012.4119 392730.670840  x:  0.58109   3.81527   0.11697  
  4 206.2940 392718.187238  x:  0.58921   3.83645   0.10953  
  5  0.0317 392718.012996  x:  0.59159   3.85089   0.10947  
  6  0.0116 392718.012912  x:  0.59156   3.85099   0.10949  
  7  0.0001 392718.012911  x:  0.59156   3.85105   0.10949  
  8  0.0000 392718.012911  x:  0.59156   3.85105   0.10949  

3 (Bom_hor) ... 2 (Bom_con)
  0  0.0000 330818.199896  x:  0.11468   3.25978   0.21227  
  1 99.0000 330763.243079  x:  0.12885   3.26143   0.18901  
  2 4163.7367 330658.855744  x:  0.12485   3.26538   0.13564  
  3 10011.6157 330499.663473  x:  0.12334   5.24820   0.15935  
  4 209.8429 330494.066689  x:  0.12053   5.27776   0.15024  
  5  0.0345 330494.021743  x:  0.12025   5.30803   0.15076  
  6  0.0203 330494.012262  x:  0.12037   5.32333   0.15064  
  7  0.0110 330494.012230  x:  0.12037   5.32345   0.15067  
  8  0.0001 330494.012230  x:  0.12037   5.32346   0.15067  

4 (Bom_hyp) ... 1 (Apis_mel)
  0  0.0000 392014.638142  x:  0.43242   4.38608   0.13036  
  1 99.0000 391204.976065  x:  0.57231   4.38341   0.12551  
  2 13124.3194 391158.160791  x:  0.57848   4.38293   0.11025  
  3 6403.9637 391111.230168  x:  0.57429   3.81572   0.10896  
  4 153.7577 391111.184465  x:  0.57555   3.81659   0.10882  
  5  0.0010 391111.184230  x:  0.57555   3.81672   0.10885  
  6  0.0002 391111.184230  x:  0.57554   3.81674   0.10885  
  7  0.0000 391111.184230  x:  0.57554   3.81674   0.10885  

4 (Bom_hyp) ... 2 (Bom_con)
  0  0.0000 328338.264462  x:  0.09269   3.49181   0.08768  
  1 99.0000 328145.922610  x:  0.11629   3.49203   0.10173  
  2 15211.0999 328067.576678  x:  0.10858   3.49301   0.13714  
  3 5365.0872 327954.163640  x:  0.10791   5.40528   0.14669  
  4 155.3074 327952.238944  x:  0.11038   5.40077   0.14821  
  5  0.0044 327952.158838  x:  0.11022   5.39683   0.14969  
  6  0.0025 327952.158592  x:  0.11023   5.39372   0.14964  
  7  0.0017 327952.158579  x:  0.11023   5.39332   0.14965  
  8  0.0004 327952.158579  x:  0.11023   5.39332   0.14965  
  9  0.0000 327952.158579  x:  0.11023   5.39332   0.14965  
 10  0.0140 327952.158579  x:  0.11023   5.39332   0.14965  
 11  0.0030 327952.158579  x:  0.11023   5.39332   0.14965  
 12  0.0001 327952.158579  x:  0.11023   5.39332   0.14965  
check convergence!


4 (Bom_hyp) ... 3 (Bom_hor)
  0  0.0000 318904.311318  x:  0.06256   4.47821   0.24072  
  1 99.0000 318855.414391  x:  0.07233   4.47827   0.23881  
  2 10340.8196 318753.213365  x:  0.07262   4.48085   0.15585  
  3 2110.3244 318729.581295  x:  0.07255   5.71398   0.16739  
  4 44.0658 318728.928430  x:  0.07258   5.74017   0.16180  
  5  0.0415 318728.923891  x:  0.07258   5.76047   0.16190  
  6  0.0131 318728.923889  x:  0.07258   5.76035   0.16191  
  7  0.0001 318728.923889  x:  0.07258   5.76028   0.16191  
  8  0.0000 318728.923889  x:  0.07258   5.76029   0.16191  

5 (Bom_mus) ... 1 (Apis_mel)
  0  0.0000 392637.374997  x:  0.54465   4.53002   0.19395  
  1 99.0000 391840.027312  x:  0.54182   4.52947   0.12010  
  2 16554.5989 391767.599413  x:  0.58908   4.52603   0.10923  
  3 3199.2991 391696.206538  x:  0.58005   3.81240   0.10701  
  4 183.4776 391694.443614  x:  0.58110   3.80521   0.10950  
  5  0.0175 391694.431637  x:  0.58065   3.81003   0.10954  
  6  0.0051 391694.431401  x:  0.58059   3.80906   0.10954  
  7  0.0012 391694.431401  x:  0.58059   3.80906   0.10954  

5 (Bom_mus) ... 2 (Bom_con)
  0  0.0000 329916.196160  x:  0.12089   3.26311   0.18395  
  1 99.0000 329892.812329  x:  0.11245   3.26396   0.17439  
  2 3569.7968 329844.460661  x:  0.11613   3.26732   0.13972  
  3 4464.4809 329685.862537  x:  0.11663   5.28536   0.16155  
  4 208.1586 329681.890597  x:  0.11765   5.31495   0.15127  
  5  0.0323 329681.814704  x:  0.11786   5.37036   0.15132  
  6  0.0264 329681.810053  x:  0.11775   5.37565   0.15150  
  7  0.0048 329681.810047  x:  0.11775   5.37579   0.15149  
  8  0.0002 329681.810047  x:  0.11775   5.37580   0.15149  
  9  0.0000 329681.810047  x:  0.11775   5.37578   0.15149  
 10  0.0000 329681.810047  x:  0.11775   5.37580   0.15149  

5 (Bom_mus) ... 3 (Bom_hor)
  0  0.0000 319099.424217  x:  0.07431   4.41332   0.24141  
  1 99.0000 319091.029238  x:  0.07021   4.41345   0.23656  
  2 2586.1396 319001.820224  x:  0.07199   4.41557   0.15917  
  3 4415.0695 318987.783088  x:  0.07207   5.31641   0.16769  
  4 34.7883 318987.090513  x:  0.07299   5.32594   0.16359  
  5  0.0124 318987.059381  x:  0.07316   5.32493   0.16448  
  6  0.0018 318987.059363  x:  0.07316   5.32526   0.16446  
  7  0.0003 318987.059363  x:  0.07316   5.32530   0.16446  
  8  0.0001 318987.059363  x:  0.07316   5.32533   0.16446  
  9  0.0000 318987.059363  x:  0.07316   5.32533   0.16446  

5 (Bom_mus) ... 4 (Bom_hyp)
  0  0.0000 317777.816213  x:  0.06628   4.22568   0.25085  
  1 99.0000 317766.631619  x:  0.07109   4.22582   0.24670  
  2 3611.3869 317615.347165  x:  0.07090   4.22935   0.14491  
  3 4095.6566 317579.750404  x:  0.07067   5.70813   0.16041  
  4 57.0034 317577.960063  x:  0.07013   5.75894   0.15195  
  5  0.0809 317577.871532  x:  0.06973   5.78198   0.15271  
  6  0.0228 317577.869047  x:  0.06975   5.79705   0.15273  
  7  0.0091 317577.869035  x:  0.06975   5.79702   0.15275  
  8  0.0000 317577.869035  x:  0.06975   5.79700   0.15275  
  9  0.0000 317577.869035  x:  0.06975   5.79700   0.15275  

6 (Bom_pas) ... 1 (Apis_mel)
  0  0.0000 392724.189165  x:  0.55237   4.62269   0.19404  
  1 99.0000 391925.216647  x:  0.54724   4.62207   0.11771  
  2 16613.4055 391869.563655  x:  0.58923   4.61843   0.10786  
  3 2774.2050 391783.997561  x:  0.57907   3.82572   0.10570  
  4 196.1256 391778.246826  x:  0.58181   3.81385   0.11011  
  5  0.0282 391778.215037  x:  0.58125   3.82304   0.11010  
  6  0.0102 391778.214199  x:  0.58112   3.82137   0.11009  
  7  0.0020 391778.214199  x:  0.58112   3.82137   0.11009  

6 (Bom_pas) ... 2 (Bom_con)
  0  0.0000 330278.865542  x:  0.09507   3.26023   0.18675  
  1 99.0000 330117.095867  x:  0.11772   3.26058   0.18335  
  2 15265.3599 330061.454721  x:  0.11806   3.26458   0.14227  
  3 2467.1199 329904.111086  x:  0.11783   5.25605   0.16450  
  4 208.0813 329900.770072  x:  0.11812   5.28856   0.15479  
  5  0.0365 329900.687823  x:  0.11825   5.34842   0.15477  
  6  0.0273 329900.685366  x:  0.11821   5.35054   0.15502  
  7  0.0020 329900.685315  x:  0.11820   5.35076   0.15500  

6 (Bom_pas) ... 3 (Bom_hor)
  0  0.0000 319054.790681  x:  0.07059   4.45262   0.24643  
  1 99.0000 319047.781702  x:  0.07471   4.45277   0.24144  
  2 2326.0788 318969.398363  x:  0.07396   4.45501   0.16677  
  3 4292.7686 318953.559302  x:  0.07381   5.42853   0.17614  
  4 36.4786 318952.855986  x:  0.07294   5.44108   0.17200  
  5  0.0157 318952.826742  x:  0.07276   5.44177   0.17291  
  6  0.0015 318952.826727  x:  0.07275   5.44263   0.17290  
  7  0.0007 318952.826727  x:  0.07275   5.44275   0.17291  
  8  0.0001 318952.826726  x:  0.07275   5.44279   0.17291  
  9  0.0000 318952.826726  x:  0.07275   5.44278   0.17291  

6 (Bom_pas) ... 4 (Bom_hyp)
  0  0.0000 317920.293197  x:  0.05488   4.39892   0.26666  
  1 99.0000 317808.467066  x:  0.06888   4.39898   0.26497  
  2 17227.9240 317666.603086  x:  0.06924   4.40274   0.15884  
  3 2163.7244 317632.696125  x:  0.06917   5.91436   0.17485  
  4 53.0436 317631.399749  x:  0.06927   5.96088   0.16662  
  5  0.0782 317631.380757  x:  0.06935   6.00158   0.16684  
  6  0.0246 317631.380572  x:  0.06933   6.00272   0.16687  
  7  0.0009 317631.380571  x:  0.06933   6.00290   0.16686  
  8  0.0002 317631.380571  x:  0.06933   6.00290   0.16686  
  9  0.0000 317631.380571  x:  0.06933   6.00290   0.16686  
 10  0.0000 317631.380571  x:  0.06933   6.00291   0.16686  

6 (Bom_pas) ... 5 (Bom_mus)
  0  0.0000 302777.637274  x:  0.01913   4.91063   0.24412  
  1 99.0000 302765.744171  x:  0.02178   4.91064   0.24395  
  2 9553.7009 302731.452745  x:  0.02185   4.91296   0.15624  
  3 646.0578 302724.779309  x:  0.02181   6.24044   0.16745  
  4 11.5764 302724.607461  x:  0.02180   6.26676   0.16239  
  5  0.0432 302724.606003  x:  0.02178   6.28404   0.16235  
  6  0.0130 302724.605962  x:  0.02178   6.28654   0.16241  
  7  0.0021 302724.605961  x:  0.02178   6.28662   0.16240  
  8  0.0001 302724.605961  x:  0.02178   6.28662   0.16240  
check convergence!


7 (Bom_syl) ... 1 (Apis_mel)
  0  0.0000 393809.164702  x:  0.43178   5.05217   0.18931  
  1 99.0000 392679.113231  x:  0.51906   5.05007   0.10998  
  2 16713.0716 392481.590429  x:  0.56790   5.04800   0.12707  
  3 10301.7875 392291.588441  x:  0.56173   3.83629   0.12302  
  4 271.0002 392260.439337  x:  0.58293   3.87013   0.11150  
  5  0.0423 392260.349727  x:  0.58388   3.85682   0.11163  
  6  0.0146 392260.344855  x:  0.58414   3.86125   0.11166  
  7  0.0054 392260.344805  x:  0.58417   3.86121   0.11164  
  8  0.0001 392260.344805  x:  0.58417   3.86120   0.11164  

7 (Bom_syl) ... 2 (Bom_con)
  0  0.0000 331130.890823  x:  0.09652   3.53844   0.19848  
  1 99.0000 330946.315443  x:  0.12096   3.53874   0.19481  
  2 16218.6759 330878.359642  x:  0.12135   3.54243   0.14789  
  3 2615.3596 330748.127413  x:  0.12122   5.46410   0.16805  
  4 174.1460 330745.436028  x:  0.12148   5.49351   0.15926  
  5  0.0353 330745.384593  x:  0.12161   5.54127   0.15920  
  6  0.0238 330745.382863  x:  0.12158   5.54363   0.15941  
  7  0.0022 330745.382820  x:  0.12157   5.54390   0.15939  
  8  0.0002 330745.382820  x:  0.12157   5.54391   0.15939  
  9  0.0000 330745.382820  x:  0.12157   5.54391   0.15939  
check convergence!


7 (Bom_syl) ... 3 (Bom_hor)
  0  0.0000 320270.548035  x:  0.06314   4.45787   0.15902  
  1 99.0000 320170.609456  x:  0.07739   4.45791   0.15944  
  2 15076.4026 320169.667158  x:  0.07732   4.45886   0.16610  
  3 287.7907 320149.221804  x:  0.07725   5.57150   0.17278  
  4 43.1833 320149.210289  x:  0.07726   5.56430   0.17200  
  5  0.0064 320149.210270  x:  0.07726   5.56308   0.17200  

7 (Bom_syl) ... 4 (Bom_hyp)
  0  0.0000 319005.624697  x:  0.06359   4.66852   0.17147  
  1 99.0000 318952.353566  x:  0.07392   4.66857   0.17129  
  2 10882.3747 318951.273057  x:  0.07398   4.66988   0.16395  
  3 282.4152 318920.462673  x:  0.07390   6.19778   0.17367  
  4 49.1739 318920.373493  x:  0.07394   6.19973   0.17152  
  5  0.0028 318920.373250  x:  0.07395   6.20420   0.17149  
  6  0.0030 318920.373242  x:  0.07395   6.20466   0.17151  
  7  0.0004 318920.373242  x:  0.07395   6.20466   0.17151  
  8  0.0000 318920.373242  x:  0.07395   6.20466   0.17151  

7 (Bom_syl) ... 5 (Bom_mus)
  0  0.0000 317621.150638  x:  0.07240   4.90607   0.15155  
  1 99.0000 317615.813814  x:  0.06919   4.90609   0.15211  
  2 3063.8337 317612.553554  x:  0.06916   4.90664   0.16629  
  3 552.9715 317603.836745  x:  0.06912   5.75704   0.17057  
  4 23.3680 317603.772536  x:  0.06893   5.73159   0.16904  
  5  0.0232 317603.771935  x:  0.06895   5.72837   0.16893  
  6  0.0032 317603.771932  x:  0.06895   5.72790   0.16894  
  7  0.0004 317603.771932  x:  0.06895   5.72791   0.16894  
  8  0.0000 317603.771932  x:  0.06895   5.72790   0.16894  

7 (Bom_syl) ... 6 (Bom_pas)
  0  0.0000 317687.333252  x:  0.06285   4.57578   0.26701  
  1 99.0000 317672.147569  x:  0.06832   4.57584   0.26521  
  2 5504.9433 317576.690414  x:  0.06851   4.57884   0.17428  
  3 1929.5669 317555.354977  x:  0.06844   5.80390   0.18659  
  4 39.8922 317554.850022  x:  0.06835   5.82795   0.18109  
  5  0.0380 317554.843931  x:  0.06826   5.84208   0.18124  
  6  0.0115 317554.843761  x:  0.06827   5.84536   0.18126  
  7  0.0024 317554.843761  x:  0.06827   5.84536   0.18126  
  8  0.0000 317554.843761  x:  0.06827   5.84536   0.18126  
  9  0.0000 317554.843761  x:  0.06827   5.84536   0.18126  
 10  0.0703 317554.843761  x:  0.06827   5.84536   0.18126  
 11  0.0065 317554.843761  x:  0.06827   5.84536   0.18126  
 12  0.0021 317554.843761  x:  0.06827   5.84536   0.18126  
check convergence!


8 (Bom_vet) ... 1 (Apis_mel)
  0  0.0000 393463.505190  x:  0.43816   4.69324   0.19887  
  1 99.0000 392307.509354  x:  0.50914   4.69170   0.11170  
  2 16989.2890 392094.793399  x:  0.56721   4.68950   0.12541  
  3 9165.5715 391979.418751  x:  0.56245   3.78810   0.12161  
  4 228.6683 391950.825962  x:  0.57981   3.82289   0.11052  
  5  0.0529 391950.673304  x:  0.58183   3.81454   0.11042  
  6  0.0078 391950.670601  x:  0.58194   3.81837   0.11044  
  7  0.0049 391950.670600  x:  0.58194   3.81838   0.11044  
  8  0.0000 391950.670600  x:  0.58194   3.81838   0.11044  
  9  0.0000 391950.670600  x:  0.58194   3.81838   0.11044  
 10  0.0093 391950.670600  x:  0.58194   3.81838   0.11044  
 11  0.0074 391950.670600  x:  0.58194   3.81838   0.11044  
check convergence!


8 (Bom_vet) ... 2 (Bom_con)
  0  0.0000 329871.129688  x:  0.12446   3.34818   0.15351  
  1 99.0000 329854.515012  x:  0.11660   3.34857   0.15188  
  2 4038.6092 329851.608578  x:  0.11706   3.35119   0.14383  
  3 639.4530 329711.226396  x:  0.11698   5.29841   0.16215  
  4 206.2832 329709.822924  x:  0.11714   5.31275   0.15573  
  5  0.0134 329709.802800  x:  0.11715   5.34353   0.15583  
  6  0.0139 329709.802737  x:  0.11714   5.34352   0.15587  

8 (Bom_vet) ... 3 (Bom_hor)
  0  0.0000 318918.428515  x:  0.05963   4.34986   0.19120  
  1 99.0000 318839.763580  x:  0.07184   4.34989   0.19059  
  2 13771.1911 318830.141394  x:  0.07198   4.35120   0.16701  
  3 767.8442 318814.939577  x:  0.07193   5.29167   0.17435  
  4 36.5277 318814.880349  x:  0.07196   5.29059   0.17254  
  5  0.0023 318814.880326  x:  0.07196   5.29105   0.17253  
  6  0.0004 318814.880326  x:  0.07196   5.29105   0.17253  

8 (Bom_vet) ... 4 (Bom_hyp)
  0  0.0000 317673.838731  x:  0.06062   4.26936   0.17536  
  1 99.0000 317636.791968  x:  0.06898   4.26941   0.17479  
  2 9257.4775 317629.875885  x:  0.06909   4.27107   0.15615  
  3 690.2251 317593.986211  x:  0.06898   5.82245   0.16753  
  4 55.9497 317593.731380  x:  0.06904   5.82851   0.16389  
  5  0.0072 317593.730251  x:  0.06905   5.83884   0.16390  
  6  0.0061 317593.730244  x:  0.06904   5.83896   0.16392  
  7  0.0001 317593.730244  x:  0.06904   5.83897   0.16392  
  8  0.0000 317593.730244  x:  0.06904   5.83897   0.16392  
check convergence!


8 (Bom_vet) ... 5 (Bom_mus)
  0  0.0000 302278.812679  x:  0.01894   4.70063   0.16229  
  1 99.0000 302274.541561  x:  0.02050   4.70063   0.16225  
  2 5699.3347 302273.232722  x:  0.02052   4.70143   0.14825  
  3 175.8022 302269.451515  x:  0.02048   5.65692   0.15396  
  4  8.8735 302269.438108  x:  0.02047   5.65758   0.15256  
  5  0.0016 302269.438092  x:  0.02047   5.65899   0.15255  
  6  0.0012 302269.438092  x:  0.02047   5.65917   0.15255  
  7  0.0002 302269.438092  x:  0.02047   5.65917   0.15255  
  8  0.0000 302269.438092  x:  0.02047   5.65917   0.15255  
  9  0.0000 302269.438092  x:  0.02047   5.65917   0.15255  
 10  0.0000 302269.438092  x:  0.02047   5.65917   0.15255  
 11  0.0014 302269.438092  x:  0.02047   5.65917   0.15255  
 12  0.0605 302269.438092  x:  0.02047   5.65917   0.15255  
check convergence!


8 (Bom_vet) ... 6 (Bom_pas)
  0  0.0000 302621.021737  x:  0.01733   4.61556   0.17193  
  1 99.0000 302592.401846  x:  0.02123   4.61556   0.17191  
  2 15780.9309 302592.085838  x:  0.02124   4.61696   0.16462  
  3 82.6382 302581.899553  x:  0.02118   6.25302   0.17571  
  4 15.5991 302581.861375  x:  0.02118   6.24494   0.17308  
  5  0.0081 302581.861358  x:  0.02118   6.24480   0.17302  
  6  0.0002 302581.861358  x:  0.02118   6.24484   0.17302  
  7  0.0002 302581.861357  x:  0.02118   6.24483   0.17302  
  8  0.0000 302581.861357  x:  0.02118   6.24483   0.17302  
check convergence!


8 (Bom_vet) ... 7 (Bom_syl)
  0  0.0000 317536.493031  x:  0.05640   4.89245   0.20114  
  1 99.0000 317465.865711  x:  0.06762   4.89248   0.20059  
  2 13430.4812 317455.753063  x:  0.06775   4.89346   0.17526  
  3 731.4349 317447.110569  x:  0.06771   5.73877   0.18103  
  4 23.2380 317447.039831  x:  0.06774   5.72198   0.17889  
  5  0.0190 317447.039277  x:  0.06775   5.71506   0.17889  
  6  0.0054 317447.039277  x:  0.06775   5.71504   0.17889  