Supplemental results for CODEML (seqf: /home/yzliu/eDNA/faststorage/yzliu/DK_proj/data/ref_genome/ref_annotation/primary_transcripts/extracted_cds_new/new_transcript_id_7_and_pas/bootstraps/cat.out.OG_cds_7_species_same_header_fas.shuf_537OG_913.phy  treef: xxx.trees)


pairwise comparison (Goldman & Yang 1994)
seq seq        N       S       dN       dS     dN/dS   Paras.
  2   1 477937.0 184838.0   0.0112   0.1656   0.0674   0.1628   3.5615   0.0674 -1025685.804
  3   1 477674.0 185101.0   0.0106   0.1598   0.0666   0.1569   3.4483   0.0666 -1022890.242
  3   2 476010.3 186764.7   0.0103   0.1469   0.0703   0.1464   3.8598   0.0703 -1016541.399
  4   1 477561.5 185213.5   0.0088   0.1218   0.0723   0.1212   3.4974   0.0723 -1002881.886
  4   2 475561.0 187214.0   0.0106   0.1535   0.0690   0.1529   3.9815   0.0690 -1019521.865
  4   3 474371.9 188403.1   0.0103   0.1496   0.0686   0.1497   3.9785   0.0686 -1018058.368
  5   1 480492.9 182282.1   0.0065   0.0941   0.0688   0.0917   3.0638   0.0688 -983777.105
  5   2 477508.6 185266.4   0.0110   0.1612   0.0685   0.1591   3.5796   0.0685 -1024051.253
  5   3 477129.1 185645.9   0.0104   0.1538   0.0679   0.1518   3.4868   0.0679 -1020430.029
  5   4 477035.4 185739.6   0.0085   0.1152   0.0739   0.1152   3.5327   0.0739 -999453.941
  6   1 481862.1 180912.9   0.0080   0.1217   0.0659   0.1171   2.9172   0.0659 -1000701.989
  6   2 478454.9 184320.1   0.0101   0.1561   0.0649   0.1522   3.4571   0.0649 -1019816.599
  6   3 477536.7 185238.3   0.0099   0.1520   0.0651   0.1488   3.4375   0.0651 -1018349.886
  6   4 477762.8 185012.2   0.0081   0.1150   0.0700   0.1137   3.4405   0.0700 -998090.654
  6   5 481674.9 181100.1   0.0079   0.1153   0.0687   0.1118   2.9121   0.0687 -997850.083
  7   1 473963.7 188811.3   0.0708   1.1907   0.0595   1.1695   4.0391   0.0595 -1250454.456
  7   2 471420.9 191354.1   0.0715   1.2381   0.0578   1.2250   4.2739   0.0578 -1252947.734
  7   3 473175.4 189599.6   0.0709   1.1788   0.0602   1.1635   4.1483   0.0602 -1249704.796
  7   4 472521.9 190253.1   0.0707   1.1941   0.0592   1.1796   4.2074   0.0592 -1250018.457
  7   5 474319.1 188455.9   0.0706   1.1755   0.0601   1.1544   4.0212   0.0601 -1249535.972
  7   6 474242.1 188532.9   0.0704   1.1833   0.0595   1.1609   4.0211   0.0595 -1249615.972

