

2 (Bom_con) ... 1 (Apis_mel)
  0  0.0000 424513.126593  x:  0.47442   1.38181   0.52305  
  1 99.0000 413832.862510  x:  0.35871   1.49070   0.09433  
  2 24323.6055 413575.036894  x:  0.37482   1.49875   0.07162  
  3 28440.5884 410220.876709  x:  0.51637   3.40360   0.11078  
  4 5340.4729 410004.447601  x:  0.51603   3.64199   0.08603  
  5  0.1321 409968.010356  x:  0.54829   3.83084   0.08368  
  6  0.0886 409960.088547  x:  0.54440   4.00213   0.08697  
  7  0.0695 409959.097498  x:  0.54397   4.04163   0.08574  
  8  0.0440 409959.092786  x:  0.54431   4.04520   0.08573  
  9  0.0032 409959.092785  x:  0.54430   4.04525   0.08573  

3 (Bom_hor) ... 1 (Apis_mel)
  0  0.0000 410677.156417  x:  0.50707   3.64461   0.11485  
  1 99.0000 410434.459914  x:  0.50940   3.64497   0.08589  
  2 14685.4814 410378.870123  x:  0.54933   3.64668   0.08122  
  3 2985.6938 410345.370343  x:  0.55480   4.10785   0.08262  
  4 155.2851 410345.263008  x:  0.55543   4.10610   0.08303  
  5  0.0028 410345.257884  x:  0.55580   4.10560   0.08295  
  6  0.0006 410345.257884  x:  0.55580   4.10561   0.08295  
  7  0.0000 410345.257884  x:  0.55580   4.10561   0.08295  

3 (Bom_hor) ... 2 (Bom_con)
  0  0.0000 351522.155961  x:  0.11232   3.40916   0.12783  
  1 99.0000 351485.747508  x:  0.12282   3.41011   0.11365  
  2 4230.2006 351458.697240  x:  0.12019   3.41122   0.09958  
  3 5392.5939 351290.231083  x:  0.11923   5.61970   0.11497  
  4 204.5491 351283.154657  x:  0.11757   5.64898   0.10532  
  5  0.0295 351283.034274  x:  0.11789   5.71978   0.10528  
  6  0.0333 351283.023589  x:  0.11774   5.73139   0.10548  
  7  0.0106 351283.023566  x:  0.11774   5.73166   0.10547  

4 (Bom_hyp) ... 1 (Apis_mel)
  0  0.0000 409318.570036  x:  0.52368   4.54862   0.10623  
  1 99.0000 409187.312908  x:  0.52435   4.54843   0.08518  
  2 11578.4682 409163.675395  x:  0.55141   4.54635   0.08187  
  3 1817.3759 409134.226686  x:  0.54556   4.06192   0.08125  
  4 114.3679 409133.690613  x:  0.54536   4.05925   0.08240  
  5  0.0042 409133.689545  x:  0.54519   4.05996   0.08242  
  6  0.0007 409133.689543  x:  0.54519   4.05982   0.08242  

4 (Bom_hyp) ... 2 (Bom_con)
  0  0.0000 349603.677967  x:  0.08823   3.46194   0.16838  
  1 99.0000 349448.618305  x:  0.10918   3.46225   0.16186  
  2 15360.5736 349276.285130  x:  0.10938   3.46504   0.10071  
  3 5076.7810 349149.770481  x:  0.10902   5.37946   0.11786  
  4 169.5557 349144.562126  x:  0.10880   5.43530   0.10871  
  5  0.0784 349144.416881  x:  0.10841   5.50861   0.10885  
  6  0.0392 349144.407444  x:  0.10854   5.51909   0.10906  
  7  0.0076 349144.407203  x:  0.10855   5.52033   0.10901  

4 (Bom_hyp) ... 3 (Bom_hor)
  0  0.0000 338017.654946  x:  0.05792   4.54014   0.13562  
  1 99.0000 337978.206712  x:  0.06614   4.54019   0.13365  
  2 9792.5450 337927.382724  x:  0.06622   4.54118   0.09521  
  3 2435.4460 337896.045596  x:  0.06608   6.12523   0.10330  
  4 47.2464 337895.545187  x:  0.06605   6.14420   0.09987  
  5  0.0254 337895.541512  x:  0.06601   6.16279   0.09991  
  6  0.0117 337895.541426  x:  0.06602   6.16409   0.09993  
  7  0.0011 337895.541426  x:  0.06602   6.16414   0.09992  
  8  0.0001 337895.541426  x:  0.06602   6.16415   0.09992  

5 (Bom_mus) ... 1 (Apis_mel)
  0  0.0000 410998.036813  x:  0.53539   4.94625   0.15939  
  1 99.0000 409924.186713  x:  0.52680   4.94587   0.08822  
  2 23189.8699 409890.962981  x:  0.55686   4.94287   0.08166  
  3 2217.2857 409795.486319  x:  0.54547   4.02935   0.08043  
  4 188.6233 409790.332319  x:  0.54955   4.02288   0.08345  
  5  0.0183 409790.318834  x:  0.54932   4.03053   0.08343  
  6  0.0092 409790.318405  x:  0.54924   4.02946   0.08342  
  7  0.0012 409790.318404  x:  0.54924   4.02946   0.08342  
  8  0.0000 409790.318404  x:  0.54924   4.02946   0.08342  
  9  0.0000 409790.318404  x:  0.54924   4.02946   0.08342  
 10  0.0000 409790.318404  x:  0.54924   4.02946   0.08342  
check convergence!


5 (Bom_mus) ... 2 (Bom_con)
  0  0.0000 351587.339954  x:  0.10906   3.36704   0.16329  
  1 99.0000 351523.838656  x:  0.12409   3.36802   0.14539  
  2 5813.5840 351424.269856  x:  0.12096   3.37041   0.10384  
  3 8537.0183 351261.381667  x:  0.11968   5.47377   0.12183  
  4 204.2029 351255.776555  x:  0.11708   5.50349   0.11449  
  5  0.0338 351255.722725  x:  0.11675   5.52995   0.11500  
  6  0.0210 351255.710422  x:  0.11684   5.55145   0.11492  
  7  0.0124 351255.710379  x:  0.11684   5.55150   0.11494  
  8  0.0001 351255.710379  x:  0.11684   5.55151   0.11494  
  9  0.0000 351255.710379  x:  0.11684   5.55151   0.11494  
check convergence!


5 (Bom_mus) ... 3 (Bom_hor)
  0  0.0000 339049.999499  x:  0.07057   4.64884   0.15664  
  1 99.0000 339038.891333  x:  0.06611   4.64891   0.15239  
  2 3526.0723 338977.649769  x:  0.06779   4.64973   0.10710  
  3 4179.0459 338965.741865  x:  0.06784   5.55396   0.11220  
  4 29.2382 338965.353830  x:  0.06851   5.56065   0.11007  
  5  0.0081 338965.343080  x:  0.06860   5.56096   0.11047  
  6  0.0006 338965.343072  x:  0.06860   5.56155   0.11046  
  7  0.0005 338965.343072  x:  0.06860   5.56164   0.11046  

5 (Bom_mus) ... 4 (Bom_hyp)
  0  0.0000 338234.814720  x:  0.06554   4.41876   0.13901  
  1 99.0000 338227.774293  x:  0.06900   4.41901   0.13120  
  2 1684.0842 338211.148625  x:  0.06719   4.41973   0.11026  
  3 6355.2174 338188.554160  x:  0.06692   5.66240   0.11694  
  4 42.1000 338188.369232  x:  0.06644   5.66422   0.11566  
  5  0.0024 338188.369130  x:  0.06644   5.66569   0.11570  
  6  0.0014 338188.369123  x:  0.06644   5.66638   0.11570  

6 (Bom_pas) ... 1 (Apis_mel)
  0  0.0000 411051.029651  x:  0.40612   4.50953   0.12602  
  1 99.0000 410374.625351  x:  0.46048   4.50877   0.08108  
  2 16832.2389 410023.536336  x:  0.52931   4.50744   0.09537  
  3 17271.4360 409986.687586  x:  0.52625   3.98488   0.09394  
  4 131.4324 409949.026417  x:  0.54658   4.01873   0.08375  
  5  0.0379 409948.712160  x:  0.54909   4.02351   0.08406  
  6  0.0046 409948.709665  x:  0.54925   4.02338   0.08398  
  7  0.0002 409948.709664  x:  0.54925   4.02348   0.08398  
  8  0.0001 409948.709663  x:  0.54925   4.02348   0.08398  

6 (Bom_pas) ... 2 (Bom_con)
  0  0.0000 352037.047308  x:  0.09590   3.36950   0.16625  
  1 99.0000 351869.972867  x:  0.11864   3.36987   0.15944  
  2 15293.5511 351728.527307  x:  0.11876   3.37278   0.10583  
  3 4835.2880 351576.685370  x:  0.11840   5.34905   0.12391  
  4 199.4100 351571.436917  x:  0.11823   5.39870   0.11467  
  5  0.0645 351571.289845  x:  0.11794   5.47624   0.11480  
  6  0.0372 351571.283352  x:  0.11805   5.48156   0.11501  
  7  0.0043 351571.283167  x:  0.11807   5.48241   0.11497  
  8  0.0008 351571.283167  x:  0.11807   5.48247   0.11497  
  9  0.0000 351571.283167  x:  0.11807   5.48243   0.11497  

6 (Bom_pas) ... 3 (Bom_hor)
  0  0.0000 339514.150549  x:  0.06447   4.62309   0.21731  
  1 99.0000 339492.703423  x:  0.07088   4.62318   0.21258  
  2 5573.6403 339271.365157  x:  0.07088   4.62506   0.11063  
  3 5114.9669 339255.756288  x:  0.07071   5.63862   0.11873  
  4 34.4280 339254.439306  x:  0.07004   5.68606   0.11355  
  5  0.0789 339254.245321  x:  0.06948   5.69057   0.11464  
  6  0.0054 339254.245199  x:  0.06947   5.69337   0.11462  
  7  0.0022 339254.245195  x:  0.06947   5.69371   0.11463  
  8  0.0003 339254.245195  x:  0.06947   5.69371   0.11463  

6 (Bom_pas) ... 4 (Bom_hyp)
  0  0.0000 338600.986030  x:  0.06459   4.54733   0.14818  
  1 99.0000 338594.973626  x:  0.06797   4.54739   0.14621  
  2 3160.4589 338569.138705  x:  0.06767   4.54830   0.11631  
  3 2079.5288 338548.925285  x:  0.06755   5.74163   0.12293  
  4 38.8774 338548.759623  x:  0.06740   5.74871   0.12080  
  5  0.0088 338548.758479  x:  0.06736   5.75329   0.12086  
  6  0.0042 338548.758445  x:  0.06737   5.75489   0.12086  
  7  0.0011 338548.758445  x:  0.06737   5.75489   0.12086  

6 (Bom_pas) ... 5 (Bom_mus)
  0  0.0000 324014.660711  x:  0.02036   4.73278   0.22092  
  1 99.0000 324007.929488  x:  0.02232   4.73278   0.22066  
  2 7108.3250 323950.335236  x:  0.02241   4.73453   0.12617  
  3 966.8494 323946.338325  x:  0.02238   5.63968   0.13341  
  4  9.7871 323946.123675  x:  0.02238   5.66880   0.12899  
  5  0.0569 323946.122432  x:  0.02237   5.68384   0.12890  
  6  0.0130 323946.122414  x:  0.02237   5.68453   0.12894  
  7  0.0006 323946.122412  x:  0.02237   5.68451   0.12894  
  8  0.0000 323946.122412  x:  0.02237   5.68451   0.12894  
  9  0.0002 323946.122412  x:  0.02237   5.68451   0.12894  
 10  0.4567 323946.122412  x:  0.02237   5.68451   0.12894  
check convergence!


7 (Bom_syl) ... 1 (Apis_mel)
  0  0.0000 413176.273432  x:  0.49090   4.72260   0.24564  
  1 99.0000 410297.981018  x:  0.47995   4.72246   0.09392  
  2 24939.5982 410146.355637  x:  0.53040   4.72068   0.07813  
  3 6029.2058 410106.267167  x:  0.52260   4.12878   0.07650  
  4 122.4844 410032.299777  x:  0.54471   4.00944   0.08526  
  5  0.4442 410031.085263  x:  0.54941   4.08075   0.08461  
  6  0.0770 410031.007062  x:  0.55019   4.06591   0.08429  
  7  0.0152 410031.006877  x:  0.55015   4.06590   0.08428  
  8  0.0000 410031.006877  x:  0.55015   4.06591   0.08428  

7 (Bom_syl) ... 2 (Bom_con)
  0  0.0000 352454.157290  x:  0.11067   3.51618   0.21228  
  1 99.0000 352314.822312  x:  0.13354   3.51777   0.17508  
  2 6780.2421 352065.311580  x:  0.13005   3.52086   0.10337  
  3 17586.4411 351918.342201  x:  0.12795   5.54779   0.12324  
  4 186.5659 351894.150589  x:  0.12014   5.58444   0.11291  
  5  0.0435 351893.616771  x:  0.11933   5.57986   0.11544  
  6  0.0073 351893.616707  x:  0.11932   5.57876   0.11541  
  7  0.0007 351893.616696  x:  0.11932   5.57810   0.11542  
  8  0.0004 351893.616696  x:  0.11932   5.57816   0.11542  
  9  0.0001 351893.616696  x:  0.11932   5.57816   0.11542  
 10  0.0000 351893.616696  x:  0.11932   5.57816   0.11542  
 11  0.0000 351893.616696  x:  0.11932   5.57816   0.11542  
 12  0.0499 351893.616696  x:  0.11932   5.57816   0.11542  
check convergence!


7 (Bom_syl) ... 3 (Bom_hor)
  0  0.0000 339331.330208  x:  0.07437   4.64756   0.08866  
  1 99.0000 339323.518111  x:  0.07058   4.64760   0.09008  
  2 3578.8758 339317.566883  x:  0.07095   4.64800   0.10244  
  3 1286.3388 339294.569788  x:  0.07087   5.96496   0.10676  
  4 40.6599 339294.421942  x:  0.07049   5.96427   0.10548  
  5  0.0014 339294.419110  x:  0.07054   5.96596   0.10528  
  6  0.0016 339294.419094  x:  0.07054   5.96727   0.10528  
  7  0.0008 339294.419094  x:  0.07054   5.96726   0.10528  
  8  0.0000 339294.419094  x:  0.07054   5.96726   0.10528  
check convergence!


7 (Bom_syl) ... 4 (Bom_hyp)
  0  0.0000 338933.685902  x:  0.06562   4.77071   0.20701  
  1 99.0000 338911.652574  x:  0.07226   4.77089   0.19781  
  2 4017.5057 338725.589487  x:  0.07148   4.77259   0.10820  
  3 9237.1396 338703.580179  x:  0.07113   6.07582   0.11747  
  4 38.6346 338700.166472  x:  0.06929   6.12404   0.11114  
  5  0.0621 338699.839203  x:  0.06872   6.11564   0.11330  
  6  0.0129 338699.839149  x:  0.06871   6.11577   0.11327  
  7  0.0001 338699.839149  x:  0.06871   6.11577   0.11327  

7 (Bom_syl) ... 5 (Bom_mus)
  0  0.0000 338396.254843  x:  0.05437   4.92053   0.10564  
  1 99.0000 338306.135773  x:  0.06655   4.92054   0.10659  
  2 15881.5558 338300.060116  x:  0.06635   4.92071   0.11962  
  3 984.9740 338295.795053  x:  0.06631   5.49930   0.12168  
  4 16.1658 338295.790963  x:  0.06626   5.48402   0.12168  
  5  0.0126 338295.790963  x:  0.06626   5.48402   0.12168  
  6  0.0000 338295.790963  x:  0.06626   5.48402   0.12168  
check convergence!


7 (Bom_syl) ... 6 (Bom_pas)
  0  0.0000 338560.188844  x:  0.06229   4.54460   0.16454  
  1 99.0000 338549.475673  x:  0.06673   4.54464   0.16281  
  2 4666.9900 338513.024626  x:  0.06668   4.54557   0.12437  
  3 1938.7644 338500.940356  x:  0.06660   5.43766   0.12991  
  4 30.1380 338500.819915  x:  0.06648   5.44310   0.12800  
  5  0.0073 338500.818525  x:  0.06643   5.44551   0.12806  
  6  0.0023 338500.818520  x:  0.06643   5.44616   0.12806  
  7  0.0005 338500.818520  x:  0.06643   5.44626   0.12806  

8 (Bom_vet) ... 1 (Apis_mel)
  0  0.0000 413151.877483  x:  0.48937   4.30475   0.24549  
  1 99.0000 410205.200865  x:  0.47738   4.30525   0.09300  
  2 25318.1698 410060.578913  x:  0.52591   4.30421   0.07777  
  3 5960.7061 410055.295196  x:  0.52321   4.10073   0.07716  
  4 40.1462 409991.395393  x:  0.54456   4.00338   0.08540  
  5  0.4320 409990.276865  x:  0.54949   4.05029   0.08429  
  6  0.0412 409990.248490  x:  0.54967   4.03861   0.08413  
  7  0.0124 409990.248457  x:  0.54965   4.03856   0.08412  
  8  0.0001 409990.248457  x:  0.54965   4.03856   0.08412  

8 (Bom_vet) ... 2 (Bom_con)
  0  0.0000 351413.254327  x:  0.11906   3.59157   0.13877  
  1 99.0000 351386.430573  x:  0.11098   3.59225   0.12743  
  2 3747.9528 351358.076181  x:  0.11515   3.59372   0.10708  
  3 4788.9729 351235.818169  x:  0.11573   5.51478   0.12032  
  4 163.6916 351234.593467  x:  0.11637   5.52994   0.11587  
  5  0.0157 351234.579757  x:  0.11648   5.55292   0.11596  
  6  0.0126 351234.578711  x:  0.11643   5.55647   0.11597  
  7  0.0031 351234.578710  x:  0.11643   5.55649   0.11597  

8 (Bom_vet) ... 3 (Bom_hor)
  0  0.0000 339198.826678  x:  0.07048   4.56522   0.22587  
  1 99.0000 339176.858170  x:  0.06426   4.56533   0.21993  
  2 4947.9917 338930.090425  x:  0.06583   4.56740   0.10979  
  3 6263.6531 338913.975853  x:  0.06598   5.58909   0.11834  
  4 35.2001 338911.295490  x:  0.06742   5.64330   0.11175  
  5  0.0817 338910.924075  x:  0.06805   5.63411   0.11371  
  6  0.0137 338910.923261  x:  0.06808   5.63670   0.11361  
  7  0.0025 338910.923256  x:  0.06807   5.63737   0.11361  
  8  0.0005 338910.923256  x:  0.06807   5.63739   0.11361  

8 (Bom_vet) ... 4 (Bom_hyp)
  0  0.0000 338568.261558  x:  0.05534   4.49958   0.08574  
  1 99.0000 338474.939641  x:  0.06788   4.49961   0.08826  
  2 15710.9602 338444.949024  x:  0.06697   4.49994   0.11461  
  3 2636.7823 338422.359626  x:  0.06685   5.77406   0.11888  
  4 41.2801 338422.356779  x:  0.06692   5.77245   0.11897  
  5  0.0013 338422.356753  x:  0.06692   5.77201   0.11899  
  6  0.0003 338422.356753  x:  0.06692   5.77201   0.11899  
  7  0.0001 338422.356752  x:  0.06692   5.77198   0.11899  
  8  0.0000 338422.356752  x:  0.06692   5.77198   0.11899  
check convergence!


8 (Bom_vet) ... 5 (Bom_mus)
  0  0.0000 323357.184626  x:  0.01759   4.70728   0.19662  
  1 99.0000 323339.870900  x:  0.02051   4.70729   0.19645  
  2 12496.4671 323310.562181  x:  0.02057   4.70849   0.12925  
  3 726.3227 323307.943558  x:  0.02055   5.48098   0.13481  
  4  7.6305 323307.876372  x:  0.02056   5.48251   0.13209  
  5  0.0051 323307.876143  x:  0.02056   5.47635   0.13201  
  6  0.0050 323307.876141  x:  0.02056   5.47598   0.13202  
  7  0.0003 323307.876141  x:  0.02056   5.47596   0.13202  
  8  0.0000 323307.876141  x:  0.02056   5.47596   0.13202  
check convergence!


8 (Bom_vet) ... 6 (Bom_pas)
  0  0.0000 323992.197196  x:  0.01972   4.46379   0.12399  
  1 99.0000 323980.045074  x:  0.02230   4.46380   0.12403  
  2 9807.6067 323979.685487  x:  0.02229   4.46444   0.12993  
  3 123.7937 323972.358798  x:  0.02223   5.68403   0.13596  
  4 14.1604 323972.353732  x:  0.02224   5.67760   0.13521  
  5  0.0057 323972.353731  x:  0.02224   5.67764   0.13521  
  6  0.0001 323972.353731  x:  0.02224   5.67764   0.13521  
  7  0.0018 323972.353731  x:  0.02224   5.67764   0.13521  

8 (Bom_vet) ... 7 (Bom_syl)
  0  0.0000 338595.667094  x:  0.05098   4.46222   0.23462  
  1 99.0000 338466.961295  x:  0.06501   4.46226   0.23257  
  2 19811.5364 338253.892941  x:  0.06541   4.46459   0.12222  
  3 2996.2610 338238.799907  x:  0.06536   5.43474   0.13113  
  4 34.7773 338237.972053  x:  0.06543   5.47552   0.12618  
  5  0.0859 338237.962477  x:  0.06551   5.49696   0.12604  
  6  0.0165 338237.962285  x:  0.06551   5.49837   0.12612  
  7  0.0014 338237.962284  x:  0.06551   5.49859   0.12612  
  8  0.0002 338237.962283  x:  0.06551   5.49858   0.12612  
  9  0.0000 338237.962283  x:  0.06551   5.49858   0.12612  
 10  0.0000 338237.962283  x:  0.06551   5.49858   0.12612  
 11  0.1591 338237.962283  x:  0.06551   5.49858   0.12612  
check convergence!
