Supplemental results for CODEML (seqf: /home/yzliu/eDNA/faststorage/yzliu/DK_proj/data/ref_genome/ref_annotation/primary_transcripts/extracted_cds_new/new_transcript_id_8_bom_apis/bootstraps/cat.out.OG_cds_8_species_same_header_fas.shuf_211OG_871.phy  treef: xxx.trees)


pairwise comparison (Goldman & Yang 1994)
seq seq        N       S       dN       dS     dN/dS   Paras.
  2   1 166454.2  55347.8   0.0514   0.5712   0.0901   0.5435   3.9775   0.0901 -387194.288
  3   1 166177.3  55624.7   0.0511   0.5837   0.0875   0.5539   4.0274   0.0875 -387559.544
  3   2 161843.4  59958.6   0.0127   0.1068   0.1185   0.1143   5.5136   0.1185 -330774.407
  4   1 166544.9  55257.1   0.0504   0.5802   0.0868   0.5471   4.0083   0.0868 -386715.023
  4   2 162302.3  59499.7   0.0119   0.1024   0.1159   0.1085   5.3852   0.1159 -329258.193
  4   3 161734.0  60068.0   0.0068   0.0600   0.1127   0.0636   5.7418   0.1127 -318133.145
  5   1 166562.2  55239.8   0.0516   0.5863   0.0880   0.5543   3.9984   0.0880 -387562.962
  5   2 162219.2  59582.8   0.0136   0.1079   0.1265   0.1169   5.4648   0.1265 -331410.124
  5   3 161996.8  59805.2   0.0076   0.0613   0.1233   0.0662   5.4942   0.1233 -318978.062
  5   4 162009.2  59792.8   0.0074   0.0627   0.1184   0.0670   5.7954   0.1184 -318891.162
  6   1 166553.8  55248.2   0.0517   0.5847   0.0884   0.5533   4.0055   0.0884 -387540.285
  6   2 162205.8  59596.2   0.0140   0.1084   0.1292   0.1181   5.4800   0.1292 -331737.440
  6   3 161793.3  60008.7   0.0079   0.0614   0.1290   0.0672   5.6902   0.1290 -319298.568
  6   4 161757.3  60044.7   0.0078   0.0624   0.1256   0.0678   6.0626   0.1256 -319159.769
  6   5 161995.6  59806.4   0.0027   0.0201   0.1357   0.0222   5.8157   0.1357 -305260.702
  7   1 166569.6  55232.4   0.0517   0.5848   0.0885   0.5534   4.0130   0.0885 -387575.011
  7   2 162119.8  59682.2   0.0141   0.1091   0.1289   0.1189   5.5840   0.1289 -331896.739
  7   3 161529.4  60272.6   0.0079   0.0628   0.1253   0.0684   5.9819   0.1253 -319508.315
  7   4 161664.9  60137.1   0.0080   0.0634   0.1263   0.0690   6.1918   0.1263 -319515.336
  7   5 162003.5  59798.5   0.0081   0.0597   0.1359   0.0661   5.8329   0.1359 -318906.539
  7   6 161731.6  60070.4   0.0085   0.0593   0.1435   0.0668   6.1245   0.1435 -319130.216
  8   1 166501.8  55300.2   0.0517   0.5857   0.0883   0.5545   4.0162   0.0883 -387600.576
  8   2 162105.4  59696.6   0.0136   0.1060   0.1283   0.1154   5.5432   0.1283 -331149.662
  8   3 161783.4  60018.6   0.0077   0.0588   0.1305   0.0645   5.6682   0.1305 -318651.092
  8   4 161731.6  60070.4   0.0076   0.0611   0.1241   0.0662   6.0539   0.1241 -318766.653
  8   5 161683.6  60118.4   0.0023   0.0179   0.1282   0.0196   6.1098   0.1282 -304294.389
  8   6 160905.9  60896.1   0.0027   0.0189   0.1419   0.0213   7.0673   0.1419 -304939.509
  8   7 161684.3  60117.7   0.0081   0.0576   0.1410   0.0646   6.1395   0.1410 -318537.997

