Supplemental results for CODEML (seqf: /home/yzliu/eDNA/faststorage/yzliu/DK_proj/data/ref_genome/ref_annotation/primary_transcripts/extracted_cds_new/new_transcript_id_7_and_pas/bootstraps/cat.out.OG_cds_7_species_same_header_fas.shuf_537OG_247.phy  treef: xxx.trees)


pairwise comparison (Goldman & Yang 1994)
seq seq        N       S       dN       dS     dN/dS   Paras.
  2   1 452411.5 178578.5   0.0098   0.1693   0.0580   0.1649   3.8335   0.0580 -974988.019
  3   1 452844.6 178145.4   0.0097   0.1603   0.0603   0.1566   3.6093   0.0603 -972111.481
  3   2 450871.5 180118.5   0.0096   0.1538   0.0627   0.1524   4.1508   0.0627 -968820.964
  4   1 452592.9 178397.1   0.0076   0.1214   0.0628   0.1194   3.6418   0.0628 -952207.238
  4   2 450290.9 180699.1   0.0095   0.1562   0.0609   0.1546   4.2481   0.0609 -969569.093
  4   3 449908.4 181081.6   0.0096   0.1478   0.0653   0.1479   4.1129   0.0653 -967527.073
  5   1 455120.5 175869.5   0.0053   0.0921   0.0579   0.0886   3.2476   0.0579 -933128.666
  5   2 452216.8 178773.2   0.0098   0.1655   0.0594   0.1618   3.8311   0.0594 -973975.316
  5   3 452948.9 178041.1   0.0097   0.1541   0.0631   0.1514   3.5698   0.0631 -970234.148
  5   4 452746.5 178243.5   0.0075   0.1134   0.0666   0.1124   3.5949   0.0666 -948846.611
  6   1 456680.4 174309.6   0.0068   0.1214   0.0562   0.1155   3.0710   0.0562 -949864.613
  6   2 452783.4 178206.6   0.0091   0.1618   0.0561   0.1566   3.7669   0.0561 -970634.646
  6   3 452836.2 178153.8   0.0093   0.1531   0.0604   0.1496   3.6032   0.0604 -968521.786
  6   4 453080.1 177909.9   0.0072   0.1140   0.0633   0.1119   3.5643   0.0633 -947999.965
  6   5 457091.6 173898.4   0.0070   0.1151   0.0604   0.1103   3.0052   0.0604 -947711.474
  7   1 451356.5 179633.5   0.0639   1.1534   0.0554   1.1223   4.1337   0.0554 -1177888.318
  7   2 448035.8 182954.2   0.0651   1.2161   0.0535   1.1964   4.4530   0.0535 -1181388.007
  7   3 450245.2 180744.8   0.0645   1.1482   0.0562   1.1248   4.2476   0.0562 -1178411.123
  7   4 449942.7 181047.3   0.0642   1.1585   0.0554   1.1346   4.3126   0.0554 -1177975.807
  7   5 451793.6 179196.4   0.0640   1.1398   0.0561   1.1085   4.0953   0.0561 -1177445.763
  7   6 451292.2 179697.8   0.0637   1.1520   0.0553   1.1209   4.1498   0.0553 -1177281.903

