

2 (And_ful) ... 1 (And_bic)
  0  0.0000 990350.133707  x:  0.14151   1.50555   0.41046  
  1 99.0000 985310.347728  x:  0.32113   1.56700   0.07030  
  2 37009.8489 984624.888390  x:  0.32398   1.57209   0.03903  
  3 236676.6822 976823.513032  x:  0.19028   6.46164   0.12059  
  4 4928.1987 975749.055747  x:  0.15041   6.02941   0.08690  
  5  0.2727 975264.504104  x:  0.15883   5.24910   0.05420  
  6  1.0354 975141.142129  x:  0.17238   4.85966   0.05892  
  7  0.2982 975029.921067  x:  0.17176   3.92993   0.05232  
  8  0.4673 974989.184175  x:  0.16570   3.76489   0.05795  
  9  0.1707 974988.035038  x:  0.16498   3.83786   0.05813  
 10  0.1100 974988.018995  x:  0.16486   3.83343   0.05802  
 11  0.0048 974988.018901  x:  0.16487   3.83348   0.05801  
 12  0.0001 974988.018900  x:  0.16487   3.83351   0.05801  

3 (And_hae) ... 1 (And_bic)
  0  0.0000 974801.676302  x:  0.12639   3.48211   0.16419  
  1 99.0000 973529.683624  x:  0.17491   3.48255   0.12561  
  2 46528.8607 972260.853341  x:  0.17369   3.48324   0.05817  
  3 44893.7107 972253.668118  x:  0.17344   3.68145   0.05970  
  4 72.5779 972111.501655  x:  0.15663   3.61786   0.06018  
  5  0.0546 972111.483046  x:  0.15661   3.61235   0.06032  
  6  0.0109 972111.480570  x:  0.15661   3.60926   0.06027  
  7  0.0035 972111.480568  x:  0.15661   3.60925   0.06027  
  8  0.0000 972111.480568  x:  0.15661   3.60925   0.06027  

3 (And_hae) ... 2 (And_ful)
  0  0.0000 970097.412720  x:  0.14004   3.33315   0.12513  
  1 99.0000 969048.917062  x:  0.16585   3.33429   0.06600  
  2 28155.0680 968954.030905  x:  0.15795   3.33464   0.05555  
  3 18195.7819 968829.572649  x:  0.15591   4.21412   0.06081  
  4 321.7641 968821.008267  x:  0.15238   4.16936   0.06280  
  5  0.0715 968820.964358  x:  0.15240   4.15092   0.06271  
  6  0.0133 968820.964341  x:  0.15240   4.15081   0.06271  

4 (And_hat) ... 1 (And_bic)
  0  0.0000 953026.438074  x:  0.12648   3.50433   0.12254  
  1 99.0000 952567.815479  x:  0.10661   3.50461   0.09269  
  2 23845.8342 952244.207630  x:  0.11298   3.50491   0.06018  
  3 34225.3751 952238.913111  x:  0.11321   3.71672   0.06148  
  4 55.5490 952207.925262  x:  0.11908   3.63680   0.06411  
  5  0.0937 952207.238359  x:  0.11938   3.64323   0.06280  
  6  0.0090 952207.237858  x:  0.11937   3.64177   0.06278  
  7  0.0014 952207.237857  x:  0.11937   3.64177   0.06278  
  8  0.0000 952207.237857  x:  0.11937   3.64177   0.06278  
  9  0.0000 952207.237857  x:  0.11937   3.64177   0.06278  
 10  0.0000 952207.237857  x:  0.11937   3.64177   0.06278  
 11  0.0000 952207.237857  x:  0.11937   3.64177   0.06278  
 12  0.2101 952207.237857  x:  0.11937   3.64177   0.06278  
 13  0.6123 952207.237857  x:  0.11937   3.64177   0.06278  
check convergence!


4 (And_hat) ... 2 (And_ful)
  0  0.0000 971053.591427  x:  0.15691   3.18216   0.12568  
  1 99.0000 969870.834221  x:  0.14088   3.18362   0.06278  
  2 29215.1346 969773.351707  x:  0.15046   3.18407   0.05355  
  3 19145.9775 969570.224630  x:  0.15319   4.26433   0.06111  
  4 441.3626 969569.208825  x:  0.15447   4.24954   0.06138  
  5  0.0196 969569.093106  x:  0.15460   4.24945   0.06089  
  6  0.0006 969569.092894  x:  0.15460   4.24815   0.06089  
  7  0.0008 969569.092892  x:  0.15460   4.24813   0.06089  

4 (And_hat) ... 3 (And_hae)
  0  0.0000 969685.288651  x:  0.15698   3.53328   0.16593  
  1 99.0000 968454.938569  x:  0.12280   3.53428   0.10598  
  2 31943.4610 967765.470702  x:  0.13089   3.53503   0.06034  
  3 60088.6125 967680.973802  x:  0.13253   4.30953   0.06559  
  4 242.8042 967528.725087  x:  0.14758   4.11380   0.06728  
  5  0.2163 967527.082100  x:  0.14787   4.12152   0.06531  
  6  0.0118 967527.072571  x:  0.14789   4.11302   0.06526  
  7  0.0073 967527.072544  x:  0.14789   4.11289   0.06526  
  8  0.0001 967527.072544  x:  0.14789   4.11289   0.06526  

5 (And_mar) ... 1 (And_bic)
  0  0.0000 933171.399980  x:  0.08678   3.55916   0.05014  
  1 99.0000 933147.554752  x:  0.09030   3.55908   0.05547  
  2 7689.6605 933140.738532  x:  0.08842   3.55899   0.05885  
  3 4534.1505 933128.676497  x:  0.08850   3.24791   0.05789  
  4 73.4932 933128.666167  x:  0.08860   3.24746   0.05791  
  5  0.0004 933128.666137  x:  0.08860   3.24758   0.05792  
  6  0.0001 933128.666137  x:  0.08860   3.24758   0.05792  
check convergence!


5 (And_mar) ... 2 (And_ful)
  0  0.0000 975488.326947  x:  0.16492   3.14133   0.12695  
  1 99.0000 974191.356676  x:  0.14742   3.14256   0.06246  
  2 31025.1805 974089.931776  x:  0.15732   3.14291   0.05311  
  3 18887.8519 973979.863989  x:  0.15940   3.87791   0.05830  
  4 337.0054 973975.459374  x:  0.16153   3.84086   0.05988  
  5  0.0637 973975.316443  x:  0.16183   3.83300   0.05943  
  6  0.0071 973975.315799  x:  0.16182   3.83110   0.05943  
  7  0.0014 973975.315798  x:  0.16182   3.83110   0.05943  
  8  0.0000 973975.315798  x:  0.16182   3.83110   0.05943  
  9  0.0000 973975.315798  x:  0.16182   3.83110   0.05943  
 10  0.0000 973975.315798  x:  0.16182   3.83110   0.05943  

5 (And_mar) ... 3 (And_hae)
  0  0.0000 971924.672778  x:  0.13845   3.32034   0.14833  
  1 99.0000 970501.853620  x:  0.17131   3.32136   0.07128  
  2 29354.5217 970327.974659  x:  0.16232   3.32159   0.05548  
  3 28085.7691 970298.782260  x:  0.16105   3.71984   0.05800  
  4 154.3562 970234.175770  x:  0.15139   3.58214   0.06311  
  5  0.2322 970234.148242  x:  0.15140   3.56999   0.06311  
  6  0.0121 970234.148119  x:  0.15140   3.56977   0.06310  
  7  0.0002 970234.148119  x:  0.15140   3.56978   0.06310  
  8  0.0000 970234.148119  x:  0.15140   3.56978   0.06310  

5 (And_mar) ... 4 (And_hat)
  0  0.0000 949166.921240  x:  0.10754   3.34960   0.10196  
  1 99.0000 948929.895160  x:  0.12006   3.34993   0.07478  
  2 15176.0943 948862.030245  x:  0.11481   3.35010   0.06300  
  3 17720.9198 948851.633451  x:  0.11454   3.61734   0.06455  
  4 81.0640 948846.616340  x:  0.11239   3.59699   0.06668  
  5  0.0274 948846.610882  x:  0.11235   3.59529   0.06657  
  6  0.0018 948846.610857  x:  0.11235   3.59492   0.06657  
  7  0.0003 948846.610856  x:  0.11235   3.59492   0.06657  
  8  0.0000 948846.610856  x:  0.11235   3.59492   0.06657  
check convergence!


6 (And_tri) ... 1 (And_bic)
  0  0.0000 950125.120216  x:  0.10197   3.27154   0.07581  
  1 99.0000 949926.015935  x:  0.11726   3.27153   0.06901  
  2 24995.2629 949872.558932  x:  0.11620   3.27147   0.05682  
  3 9096.9025 949865.123401  x:  0.11624   3.07573   0.05592  
  4 71.9102 949864.616983  x:  0.11548   3.06981   0.05630  
  5  0.0055 949864.612552  x:  0.11546   3.07091   0.05621  
  6  0.0014 949864.612550  x:  0.11546   3.07101   0.05621  
  7  0.0001 949864.612550  x:  0.11546   3.07102   0.05621  
  8  0.0000 949864.612550  x:  0.11546   3.07101   0.05621  

6 (And_tri) ... 2 (And_ful)
  0  0.0000 970787.344226  x:  0.16187   3.01087   0.05907  
  1 99.0000 970752.163877  x:  0.15651   3.01120   0.05362  
  2 8856.0513 970748.789080  x:  0.15471   3.03006   0.05544  
  3 357.3953 970635.041295  x:  0.15746   3.76288   0.05606  
  4 18936.2764 970634.646406  x:  0.15660   3.76569   0.05608  
  5  0.0029 970634.645829  x:  0.15660   3.76660   0.05611  
  6  0.0008 970634.645815  x:  0.15660   3.76686   0.05611  
  7  0.0002 970634.645815  x:  0.15660   3.76686   0.05611  
check convergence!


6 (And_tri) ... 3 (And_hae)
  0  0.0000 968561.547432  x:  0.14163   3.50932   0.05954  
  1 99.0000 968523.416643  x:  0.14955   3.50935   0.06048  
  2 9788.1167 968523.351745  x:  0.14961   3.50938   0.06012  
  3 346.2052 968521.786836  x:  0.14962   3.60389   0.06045  
  4 34.1900 968521.786387  x:  0.14960   3.60321   0.06044  
  5  0.0006 968521.786387  x:  0.14960   3.60322   0.06044  

6 (And_tri) ... 4 (And_hat)
  0  0.0000 948947.597441  x:  0.10996   3.22098   0.13297  
  1 99.0000 948021.488721  x:  0.10987   3.22203   0.06210  
  2 19701.0747 948018.002741  x:  0.11194   3.22210   0.06174  
  3 3448.2477 948000.771458  x:  0.11197   3.54633   0.06471  
  4 112.3799 947999.965795  x:  0.11191   3.56153   0.06328  
  5  0.0346 947999.964533  x:  0.11192   3.56417   0.06326  
  6  0.0024 947999.964523  x:  0.11192   3.56429   0.06327  
  7  0.0001 947999.964523  x:  0.11192   3.56430   0.06327  
  8  0.0000 947999.964523  x:  0.11192   3.56429   0.06327  

6 (And_tri) ... 5 (And_mar)
  0  0.0000 948737.238639  x:  0.11582   3.08603   0.13392  
  1 99.0000 948251.689396  x:  0.09609   3.08629   0.10118  
  2 23617.0330 947776.492299  x:  0.10189   3.08660   0.05868  
  3 46706.2700 947775.156745  x:  0.10193   3.00577   0.05813  
  4  5.5164 947713.485324  x:  0.10969   2.99246   0.06256  
  5  0.1103 947711.476899  x:  0.11028   3.00833   0.06038  
  6  0.0246 947711.474258  x:  0.11030   3.00512   0.06040  
  7  0.0032 947711.474255  x:  0.11030   3.00516   0.06040  
  8  0.0000 947711.474255  x:  0.11030   3.00516   0.06040  

7 (Bom_pas) ... 1 (And_bic)
  0  0.0000 1192222.314022  x:  1.24455   2.99119   0.13460  
  1 99.0000 1179206.442073  x:  1.23175   2.99287   0.04790  
  2 194450.9489 1178910.389415  x:  1.13181   3.02722   0.05996  
  3 6070.1879 1178274.871722  x:  1.22575   4.06169   0.05841  
  4 1518.0903 1177895.860362  x:  1.10742   4.07356   0.05707  
  5  0.1665 1177888.599351  x:  1.12290   4.11176   0.05540  
  6  0.0451 1177888.337191  x:  1.12162   4.12945   0.05541  
  7  0.0138 1177888.318483  x:  1.12226   4.13363   0.05544  
  8  0.0037 1177888.318462  x:  1.12229   4.13372   0.05543  

7 (Bom_pas) ... 2 (And_ful)
  0  0.0000 1207543.055849  x:  1.41929   3.66702   0.17801  
  1 99.0000 1182496.017421  x:  1.39544   3.66915   0.04455  
  2 209376.7706 1182364.493868  x:  1.34883   3.67955   0.05165  
  3 5957.8787 1182000.857857  x:  1.41989   4.64279   0.05025  
  4 871.8183 1181395.681112  x:  1.18739   4.38193   0.05499  
  5  0.3140 1181388.290151  x:  1.20039   4.45349   0.05345  
  6  0.0630 1181388.007239  x:  1.19641   4.45207   0.05348  
  7  0.0061 1181388.006769  x:  1.19641   4.45299   0.05349  
  8  0.0007 1181388.006768  x:  1.19642   4.45304   0.05349  

7 (Bom_pas) ... 3 (And_hae)
  0  0.0000 1178954.332594  x:  1.06738   3.84050   0.07120  
  1 99.0000 1178505.046516  x:  1.06688   3.84060   0.05797  
  2 62260.3931 1178481.402508  x:  1.10131   3.84831   0.05594  
  3 1373.4592 1178411.694635  x:  1.12187   4.24834   0.05596  
  4 396.2793 1178411.137041  x:  1.12397   4.24789   0.05624  
  5  0.0028 1178411.123347  x:  1.12475   4.24745   0.05618  
  6  0.0008 1178411.123343  x:  1.12476   4.24756   0.05618  

7 (Bom_pas) ... 4 (And_hat)
  0  0.0000 1178643.466401  x:  1.22796   3.71760   0.05814  
  1 99.0000 1178413.138499  x:  1.22701   3.71775   0.05022  
  2 54379.4112 1178117.769033  x:  1.09649   3.74621   0.05633  
  3 4108.2553 1177978.650157  x:  1.14255   4.30270   0.05572  
  4 546.6629 1177975.818529  x:  1.13394   4.31105   0.05548  
  5  0.0126 1177975.807134  x:  1.13457   4.31223   0.05541  
  6  0.0013 1177975.807070  x:  1.13459   4.31263   0.05542  

7 (Bom_pas) ... 5 (And_mar)
  0  0.0000 1195428.054458  x:  1.12147   3.56109   0.18522  
  1 99.0000 1177595.394353  x:  1.09848   3.56286   0.05527  
  2 164215.5303 1177589.478024  x:  1.08956   3.56909   0.05686  
  3 1091.7649 1177451.704497  x:  1.12380   4.09927   0.05618  
  4 758.5031 1177445.764343  x:  1.10867   4.09533   0.05610  
  5  0.0218 1177445.763289  x:  1.10848   4.09535   0.05612  
  6  0.0002 1177445.763289  x:  1.10848   4.09535   0.05612  

7 (Bom_pas) ... 6 (And_tri)
  0  0.0000 1178783.125110  x:  1.02702   3.43092   0.08078  
  1 99.0000 1177597.778532  x:  1.02604   3.43119   0.05796  
  2 90307.9648 1177533.008781  x:  1.07918   3.44667   0.05437  
  3 2418.5177 1177284.957809  x:  1.11067   4.14698   0.05514  
  4 867.7295 1177282.168160  x:  1.11755   4.14732   0.05559  
  5  0.0092 1177281.903134  x:  1.12082   4.14861   0.05529  
  6  0.0032 1177281.902546  x:  1.12091   4.14978   0.05529  
  7  0.0009 1177281.902545  x:  1.12091   4.14979   0.05529  