

2 (And_ful) ... 1 (And_bic)
  0  0.0000 1068763.157493  x:  0.15249   1.48679   0.38272  
  1 99.0000 1056388.934169  x:  0.12061   1.54285   0.04938  
  2 36878.7285 1056114.368502  x:  0.12718   1.54551   0.03544  
  3 125640.9748 1053437.946878  x:  0.16748   2.83457   0.06136  
  4 5396.2229 1053232.509271  x:  0.15389   3.23043   0.05527  
  5  0.4120 1053173.795091  x:  0.16143   3.51079   0.05216  
  6  0.1253 1053168.480579  x:  0.15979   3.63966   0.05347  
  7  0.0607 1053168.203213  x:  0.16030   3.64826   0.05389  
  8  0.0072 1053168.202909  x:  0.16028   3.64850   0.05390  
  9  0.0002 1053168.202908  x:  0.16028   3.64845   0.05391  
 10  0.0000 1053168.202908  x:  0.16028   3.64845   0.05391  
 11  0.0000 1053168.202908  x:  0.16028   3.64845   0.05391  
 12  0.0543 1053168.202908  x:  0.16028   3.64845   0.05391  
 13  0.0435 1053168.202908  x:  0.16028   3.64845   0.05391  
check convergence!


3 (And_hae) ... 1 (And_bic)
  0  0.0000 1050298.427012  x:  0.15536   3.14002   0.07263  
  1 99.0000 1050113.118272  x:  0.15061   3.14035   0.05425  
  2 17651.7559 1050109.346934  x:  0.15294   3.14054   0.05321  
  3 3051.8979 1050063.563741  x:  0.15321   3.59499   0.05545  
  4 218.8596 1050063.430670  x:  0.15310   3.59645   0.05500  
  5  0.0020 1050063.430207  x:  0.15313   3.59687   0.05499  
  6  0.0004 1050063.430205  x:  0.15313   3.59696   0.05499  

3 (And_hae) ... 2 (And_ful)
  0  0.0000 1045724.458687  x:  0.13903   3.19519   0.09583  
  1 99.0000 1045150.678114  x:  0.14764   3.19597   0.05667  
  2 23860.6034 1045145.554191  x:  0.14504   3.19622   0.05567  
  3 3719.2464 1045041.971061  x:  0.14443   3.93247   0.06032  
  4 318.0840 1045040.333137  x:  0.14509   3.94594   0.05868  
  5  0.0212 1045040.321447  x:  0.14499   3.95171   0.05866  
  6  0.0049 1045040.321068  x:  0.14500   3.95291   0.05868  
  7  0.0010 1045040.321068  x:  0.14500   3.95293   0.05868  

4 (And_hat) ... 1 (And_bic)
  0  0.0000 1029243.149842  x:  0.09281   3.37739   0.04781  
  1 99.0000 1028669.977853  x:  0.11681   3.37742   0.05286  
  2 51025.5588 1028664.738112  x:  0.11632   3.37749   0.05622  
  3 3208.8452 1028655.520071  x:  0.11629   3.61944   0.05703  
  4 79.5189 1028655.494039  x:  0.11612   3.61870   0.05697  
  5  0.0006 1028655.494039  x:  0.11612   3.61876   0.05697  

4 (And_hat) ... 2 (And_ful)
  0  0.0000 1049243.273590  x:  0.13311   3.34877   0.09057  
  1 99.0000 1048659.892227  x:  0.15963   3.34917   0.06552  
  2 32576.1270 1048568.703965  x:  0.15557   3.34944   0.05359  
  3 16376.1099 1048505.571547  x:  0.15508   3.94043   0.05626  
  4 235.1826 1048498.909415  x:  0.15179   3.92515   0.05695  
  5  0.0161 1048498.904917  x:  0.15177   3.92027   0.05691  
  6  0.0040 1048498.904849  x:  0.15177   3.91997   0.05692  
  7  0.0003 1048498.904849  x:  0.15177   3.91997   0.05692  
  8  0.0000 1048498.904849  x:  0.15177   3.91997   0.05692  

4 (And_hat) ... 3 (And_hae)
  0  0.0000 1045892.412317  x:  0.14678   3.29371   0.05082  
  1 99.0000 1045876.173312  x:  0.14585   3.29390   0.05601  
  2 6422.1139 1045876.050018  x:  0.14542   3.29417   0.05597  
  3 482.1894 1045802.027078  x:  0.14572   3.94130   0.05812  
  4 355.1378 1045802.021258  x:  0.14567   3.93887   0.05803  
  5  0.0021 1045802.021209  x:  0.14568   3.93857   0.05803  
  6  0.0003 1045802.021209  x:  0.14568   3.93853   0.05803  
  7  0.0000 1045802.021209  x:  0.14568   3.93853   0.05803  
  8  0.0000 1045802.021209  x:  0.14568   3.93852   0.05803  

5 (And_mar) ... 1 (And_bic)
  0  0.0000 1012186.860657  x:  0.07138   3.51020   0.14302  
  1 99.0000 1011724.431050  x:  0.09038   3.51023   0.13522  
  2 49090.0693 1010701.059205  x:  0.09057   3.51052   0.05650  
  3 21952.1921 1010684.365509  x:  0.09065   3.17818   0.05363  
  4 93.8317 1010680.167842  x:  0.08934   3.13987   0.05600  
  5  0.0513 1010678.531856  x:  0.08844   3.16069   0.05479  
  6  0.0361 1010678.530856  x:  0.08845   3.16039   0.05475  
  7  0.0003 1010678.530853  x:  0.08845   3.16052   0.05475  

5 (And_mar) ... 2 (And_ful)
  0  0.0000 1053250.679595  x:  0.16986   2.87086   0.07531  
  1 99.0000 1052905.443761  x:  0.15548   2.87143   0.05484  
  2 25420.8085 1052899.196396  x:  0.15786   2.87185   0.05258  
  3 3841.0480 1052739.504980  x:  0.15870   3.67609   0.05682  
  4 463.4474 1052738.836851  x:  0.15830   3.67996   0.05588  
  5  0.0045 1052738.825976  x:  0.15843   3.68198   0.05583  
  6  0.0019 1052738.825772  x:  0.15842   3.68298   0.05584  
  7  0.0007 1052738.825772  x:  0.15842   3.68299   0.05584  
  8  0.0000 1052738.825772  x:  0.15842   3.68298   0.05584  

5 (And_mar) ... 3 (And_hae)
  0  0.0000 1050431.562198  x:  0.12442   3.30392   0.12457  
  1 99.0000 1049371.663990  x:  0.16445   3.30434   0.09090  
  2 44337.9855 1048814.760465  x:  0.16099   3.30476   0.05438  
  3 37244.3562 1048792.374850  x:  0.16060   3.63681   0.05642  
  4 141.2368 1048719.343173  x:  0.14945   3.59149   0.05737  
  5  0.0415 1048719.328611  x:  0.14945   3.58594   0.05723  
  6  0.0063 1048719.327484  x:  0.14945   3.58403   0.05725  
  7  0.0024 1048719.327484  x:  0.14945   3.58403   0.05725  
  8  0.0000 1048719.327484  x:  0.14945   3.58403   0.05725  

5 (And_mar) ... 4 (And_hat)
  0  0.0000 1028032.921042  x:  0.09080   3.37867   0.13582  
  1 99.0000 1027411.831433  x:  0.11626   3.37882   0.12268  
  2 47545.4140 1026506.003176  x:  0.11588   3.37950   0.05864  
  3 27129.6106 1026501.830867  x:  0.11580   3.53937   0.05993  
  4 53.3544 1026487.520606  x:  0.11184   3.54519   0.05874  
  5  0.0060 1026487.173214  x:  0.11167   3.53559   0.05961  
  6  0.0210 1026487.173072  x:  0.11167   3.53489   0.05959  
  7  0.0007 1026487.173072  x:  0.11167   3.53488   0.05959  
  8  0.0000 1026487.173072  x:  0.11167   3.53488   0.05959  

6 (And_tri) ... 1 (And_bic)
  0  0.0000 1029670.965429  x:  0.09104   3.31646   0.15151  
  1 99.0000 1028916.235272  x:  0.11957   3.31655   0.13548  
  2 51133.2234 1027457.269372  x:  0.11979   3.31694   0.05340  
  3 33208.4749 1027440.320614  x:  0.11993   3.03322   0.05078  
  4 113.5190 1027412.081609  x:  0.11488   2.96831   0.05463  
  5  0.0645 1027406.788637  x:  0.11354   3.01287   0.05228  
  6  0.1069 1027406.780921  x:  0.11359   3.01043   0.05218  
  7  0.0027 1027406.780897  x:  0.11359   3.01065   0.05218  
  8  0.0002 1027406.780897  x:  0.11359   3.01065   0.05218  
  9  0.0000 1027406.780897  x:  0.11359   3.01065   0.05218  
 10  0.0000 1027406.780897  x:  0.11359   3.01065   0.05218  

6 (And_tri) ... 2 (And_ful)
  0  0.0000 1050736.021748  x:  0.15069   2.71283   0.11873  
  1 99.0000 1049153.501306  x:  0.14503   2.71451   0.05129  
  2 34326.7799 1049118.968884  x:  0.15231   2.71495   0.04857  
  3 10068.4450 1048950.734126  x:  0.15371   3.46116   0.05587  
  4 513.6108 1048941.181109  x:  0.15242   3.51032   0.05250  
  5  0.1029 1048941.053914  x:  0.15261   3.53382   0.05258  
  6  0.0157 1048941.052795  x:  0.15257   3.53438   0.05260  
  7  0.0005 1048941.052794  x:  0.15257   3.53442   0.05260  

6 (And_tri) ... 3 (And_hae)
  0  0.0000 1047557.414130  x:  0.13921   3.18436   0.11466  
  1 99.0000 1046377.950370  x:  0.14996   3.18513   0.05395  
  2 29448.1291 1046368.649964  x:  0.14641   3.18524   0.05269  
  3 5013.5579 1046349.388441  x:  0.14601   3.47540   0.05488  
  4 139.3420 1046349.297885  x:  0.14615   3.47959   0.05452  
  5  0.0090 1046349.297590  x:  0.14613   3.47999   0.05452  
  6  0.0004 1046349.297589  x:  0.14613   3.48005   0.05452  
  7  0.0001 1046349.297589  x:  0.14613   3.48005   0.05452  

6 (And_tri) ... 4 (And_hat)
  0  0.0000 1028694.903992  x:  0.10827   3.03229   0.18037  
  1 99.0000 1026180.793259  x:  0.11445   3.03481   0.05479  
  2 26052.0950 1026175.878056  x:  0.11211   3.03491   0.05430  
  3 4169.5709 1026149.660364  x:  0.11159   3.37689   0.05896  
  4 165.2827 1026144.841306  x:  0.11207   3.43790   0.05606  
  5  0.1932 1026144.832422  x:  0.11203   3.44486   0.05611  
  6  0.0058 1026144.832398  x:  0.11204   3.44496   0.05611  

6 (And_tri) ... 5 (And_mar)
  0  0.0000 1027160.556445  x:  0.11458   3.06396   0.14837  
  1 99.0000 1026452.220902  x:  0.09190   3.06434   0.10751  
  2 27855.1342 1025672.442966  x:  0.09714   3.06480   0.05411  
  3 70965.6685 1025669.453171  x:  0.09753   3.19146   0.05525  
  4  7.9174 1025525.123617  x:  0.10866   2.91509   0.05808  
  5  1.8753 1025520.857967  x:  0.10934   2.96480   0.05547  
  6  0.0928 1025520.845212  x:  0.10942   2.96944   0.05556  
  7  0.0047 1025520.845005  x:  0.10943   2.96889   0.05555  
  8  0.0006 1025520.845005  x:  0.10943   2.96887   0.05555  
  9  0.0000 1025520.845005  x:  0.10943   2.96888   0.05555  

7 (Bom_pas) ... 1 (And_bic)
  0  0.0000 1295318.231232  x:  1.20480   2.89665   0.17153  
  1 99.0000 1272884.619629  x:  1.18225   2.89963   0.04657  
  2 208122.6546 1272768.946608  x:  1.14181   2.91849   0.05311  
  3 5484.6069 1271800.848564  x:  1.25014   4.17244   0.05201  
  4 2101.7031 1271459.024230  x:  1.12599   4.16743   0.05228  
  5  0.1370 1271457.531654  x:  1.13281   4.21446   0.05180  
  6  0.0332 1271457.407768  x:  1.13125   4.22321   0.05192  
  7  0.0084 1271457.404662  x:  1.13149   4.22410   0.05194  
  8  0.0009 1271457.404661  x:  1.13150   4.22415   0.05194  
  9  0.0000 1271457.404661  x:  1.13150   4.22414   0.05194  

7 (Bom_pas) ... 2 (And_ful)
  0  0.0000 1276265.456195  x:  1.25364   3.67669   0.06150  
  1 99.0000 1275366.573836  x:  1.25245   3.67688   0.04654  
  2 107014.9981 1275149.585992  x:  1.14219   3.71242   0.05192  
  3 3542.6654 1274875.957865  x:  1.21158   4.48780   0.05095  
  4 819.7806 1274866.654592  x:  1.20165   4.49780   0.05004  
  5  0.0163 1274866.629862  x:  1.20094   4.50184   0.05010  
  6  0.0039 1274866.629374  x:  1.20109   4.50285   0.05009  
  7  0.0008 1274866.629374  x:  1.20109   4.50285   0.05009  

7 (Bom_pas) ... 3 (And_hae)
  0  0.0000 1282138.342375  x:  1.06126   3.96186   0.13779  
  1 99.0000 1271826.946126  x:  1.05240   3.96245   0.05517  
  2 170691.3187 1271790.665382  x:  1.07977   3.96444   0.05183  
  3 2572.5623 1271739.265921  x:  1.09707   4.30657   0.05179  
  4 318.1004 1271700.047348  x:  1.12831   4.31554   0.05282  
  5  0.0555 1271699.392194  x:  1.13271   4.32002   0.05235  
  6  0.0057 1271699.389988  x:  1.13299   4.32198   0.05235  
  7  0.0018 1271699.389986  x:  1.13298   4.32202   0.05235  

7 (Bom_pas) ... 4 (And_hat)
  0  0.0000 1280024.939766  x:  1.28971   3.86549   0.10010  
  1 99.0000 1272246.392272  x:  1.28388   3.86598   0.04543  
  2 205681.7224 1271913.598551  x:  1.15451   3.88906   0.05612  
  3 5140.0448 1271805.173744  x:  1.19642   4.38257   0.05496  
  4 471.0248 1271651.449226  x:  1.13288   4.37248   0.05289  
  5  0.1004 1271647.292142  x:  1.14465   4.38081   0.05173  
  6  0.0175 1271647.283374  x:  1.14426   4.37668   0.05172  
  7  0.0036 1271647.283253  x:  1.14427   4.37640   0.05172  
  8  0.0003 1271647.283253  x:  1.14428   4.37640   0.05172  

7 (Bom_pas) ... 5 (And_mar)
  0  0.0000 1288091.398846  x:  1.13631   3.69536   0.16308  
  1 99.0000 1271051.936622  x:  1.11903   3.69663   0.05143  
  2 188464.4608 1271042.102836  x:  1.10657   3.70257   0.05332  
  3 1443.0013 1270914.521148  x:  1.13898   4.21642   0.05271  
  4 615.6024 1270903.600486  x:  1.11890   4.20775   0.05256  
  5  0.0311 1270903.600050  x:  1.11877   4.20793   0.05257  
  6  0.0002 1270903.600048  x:  1.11877   4.20800   0.05257  

7 (Bom_pas) ... 6 (And_tri)
  0  0.0000 1283271.264919  x:  1.02952   3.59330   0.14739  
  1 99.0000 1271417.587672  x:  1.01921   3.59427   0.05532  
  2 171502.7004 1271359.660832  x:  1.05075   3.59897   0.05117  
  3 3506.2481 1271156.768974  x:  1.08392   4.24227   0.05163  
  4 715.8369 1271096.299342  x:  1.12309   4.23183   0.05270  
  5  0.0679 1271093.993283  x:  1.13065   4.23595   0.05181  
  6  0.0075 1271093.975598  x:  1.13143   4.24112   0.05182  
  7  0.0042 1271093.975488  x:  1.13140   4.24143   0.05182  
  8  0.0003 1271093.975488  x:  1.13140   4.24143   0.05182  