

2 (And_ful) ... 1 (And_bic)
  0  0.0000 1076088.750553  x:  0.15050   1.56253   0.45275  
  1 99.0000 1061430.545204  x:  0.13590   1.63479   0.05063  
  2 33072.1975 1061249.102196  x:  0.14549   1.63752   0.04010  
  3 50241.2251 1059965.094566  x:  0.17460   2.29461   0.06544  
  4 4700.0754 1059221.849234  x:  0.15105   3.06057   0.05559  
  5  1.4824 1059082.606460  x:  0.16349   3.47878   0.05873  
  6  0.2033 1059057.666736  x:  0.15959   3.74242   0.05795  
  7  0.1467 1059056.882128  x:  0.16019   3.78088   0.05879  
  8  0.0279 1059056.864389  x:  0.16003   3.78267   0.05887  
  9  0.0014 1059056.863944  x:  0.16004   3.78171   0.05889  
 10  0.0008 1059056.863943  x:  0.16004   3.78167   0.05889  

3 (And_hae) ... 1 (And_bic)
  0  0.0000 1056335.489963  x:  0.16215   3.23693   0.04465  
  1 99.0000 1056159.317651  x:  0.15532   3.23706   0.06030  
  2 23042.8670 1056154.971952  x:  0.15277   3.23725   0.05960  
  3 3329.1183 1056097.480511  x:  0.15305   3.76674   0.06119  
  4 238.4237 1056097.463256  x:  0.15302   3.76579   0.06101  
  5  0.0007 1056097.462974  x:  0.15304   3.76606   0.06100  
  6  0.0002 1056097.462973  x:  0.15304   3.76616   0.06100  
  7  0.0001 1056097.462972  x:  0.15304   3.76614   0.06100  

3 (And_hae) ... 2 (And_ful)
  0  0.0000 1052284.362116  x:  0.14286   3.44556   0.05456  
  1 99.0000 1052241.113660  x:  0.14802   3.44574   0.06100  
  2 10786.8099 1052240.796710  x:  0.14746   3.44601   0.06152  
  3 781.3613 1052155.511806  x:  0.14755   4.17244   0.06384  
  4 298.1859 1052155.496100  x:  0.14770   4.16917   0.06379  
  5  0.0031 1052155.495905  x:  0.14770   4.16805   0.06379  
  6  0.0008 1052155.495905  x:  0.14770   4.16805   0.06379  

4 (And_hat) ... 1 (And_bic)
  0  0.0000 1034772.946857  x:  0.10823   3.70021   0.14582  
  1 99.0000 1033834.170565  x:  0.13146   3.70068   0.07697  
  2 23000.8399 1033623.590120  x:  0.12361   3.70079   0.05666  
  3 43125.9939 1033621.346229  x:  0.12319   3.83047   0.05751  
  4 13.3070 1033536.552681  x:  0.11466   3.58444   0.06367  
  5  1.0611 1033536.397309  x:  0.11435   3.60186   0.06348  
  6  0.0223 1033536.397133  x:  0.11435   3.60096   0.06347  
  7  0.0010 1033536.397133  x:  0.11435   3.60095   0.06347  

4 (And_hat) ... 2 (And_ful)
  0  0.0000 1056615.542744  x:  0.16608   3.13295   0.13549  
  1 99.0000 1055242.577711  x:  0.13230   3.13419   0.08169  
  2 38347.4576 1054829.561958  x:  0.14102   3.13492   0.05390  
  3 43009.4680 1054598.126785  x:  0.14365   4.24292   0.06099  
  4 493.7129 1054541.213089  x:  0.15308   4.15707   0.06165  
  5  0.0972 1054540.371590  x:  0.15311   4.14977   0.06037  
  6  0.0088 1054540.353148  x:  0.15305   4.13875   0.06034  
  7  0.0075 1054540.353099  x:  0.15306   4.13857   0.06035  
  8  0.0002 1054540.353099  x:  0.15306   4.13857   0.06035  

4 (And_hat) ... 3 (And_hae)
  0  0.0000 1054581.955334  x:  0.15314   3.69834   0.16916  
  1 99.0000 1053064.124164  x:  0.12016   3.69936   0.09695  
  2 33397.3027 1052429.976272  x:  0.12871   3.69990   0.05777  
  3 74322.2187 1052358.618698  x:  0.13034   4.41635   0.06207  
  4 217.6682 1052155.801033  x:  0.14607   4.13365   0.06647  
  5  0.3401 1052151.046305  x:  0.14692   4.15813   0.06344  
  6  0.0322 1052151.031595  x:  0.14702   4.14996   0.06339  
  7  0.0077 1052151.031587  x:  0.14702   4.14994   0.06340  
  8  0.0000 1052151.031586  x:  0.14702   4.14995   0.06340  
  9  0.0000 1052151.031586  x:  0.14702   4.14995   0.06340  

5 (And_mar) ... 1 (And_bic)
  0  0.0000 1014593.105117  x:  0.07306   3.57155   0.06534  
  1 99.0000 1014370.950473  x:  0.08604   3.57153   0.06484  
  2 36285.6914 1014368.207204  x:  0.08607   3.57140   0.06165  
  3 1728.6034 1014355.785352  x:  0.08610   3.26725   0.06049  
  4 76.9826 1014355.782792  x:  0.08611   3.26394   0.06053  
  5  0.0040 1014355.782772  x:  0.08611   3.26414   0.06054  
  6  0.0002 1014355.782772  x:  0.08611   3.26414   0.06054  
  7  0.0000 1014355.782772  x:  0.08611   3.26414   0.06054  
  8  0.0000 1014355.782772  x:  0.08611   3.26414   0.06054  

5 (And_mar) ... 2 (And_ful)
  0  0.0000 1058896.002765  x:  0.17133   2.96680   0.07724  
  1 99.0000 1058591.313926  x:  0.15560   2.96735   0.05957  
  2 24169.0819 1058584.830011  x:  0.15772   2.96777   0.05700  
  3 3811.8240 1058414.333932  x:  0.15845   3.83545   0.06138  
  4 464.8690 1058413.679257  x:  0.15820   3.83433   0.06032  
  5  0.0016 1058413.671636  x:  0.15831   3.83450   0.06028  
  6  0.0002 1058413.671624  x:  0.15831   3.83477   0.06028  
  7  0.0002 1058413.671623  x:  0.15831   3.83478   0.06028  
  8  0.0000 1058413.671623  x:  0.15831   3.83477   0.06028  

5 (And_mar) ... 3 (And_hae)
  0  0.0000 1056420.151744  x:  0.13301   3.25228   0.12512  
  1 99.0000 1055497.874205  x:  0.16711   3.25303   0.08140  
  2 33830.2802 1055215.601330  x:  0.16098   3.25348   0.05779  
  3 32708.0093 1055137.373347  x:  0.15991   3.89208   0.06152  
  4 271.0763 1055081.739345  x:  0.15052   3.83047   0.06372  
  5  0.0700 1055081.633129  x:  0.15031   3.81307   0.06343  
  6  0.0166 1055081.629360  x:  0.15034   3.80952   0.06346  
  7  0.0035 1055081.629343  x:  0.15035   3.80952   0.06346  
  8  0.0000 1055081.629343  x:  0.15035   3.80952   0.06346  

5 (And_mar) ... 4 (And_hat)
  0  0.0000 1032803.971847  x:  0.09555   3.45136   0.14606  
  1 99.0000 1032385.606762  x:  0.11685   3.45154   0.13057  
  2 34212.4966 1031565.284903  x:  0.11578   3.45226   0.06596  
  3 29363.6547 1031560.202968  x:  0.11567   3.63497   0.06745  
  4 57.1949 1031535.938858  x:  0.11044   3.62614   0.06677  
  5  0.0091 1031535.826612  x:  0.11038   3.62030   0.06731  
  6  0.0123 1031535.826250  x:  0.11037   3.61932   0.06730  
  7  0.0010 1031535.826249  x:  0.11037   3.61926   0.06730  
  8  0.0001 1031535.826249  x:  0.11037   3.61926   0.06730  
  9  0.0000 1031535.826249  x:  0.11037   3.61926   0.06730  

6 (And_tri) ... 1 (And_bic)
  0  0.0000 1032653.159269  x:  0.09189   3.39972   0.17506  
  1 99.0000 1032103.658558  x:  0.11617   3.39983   0.15785  
  2 40317.1134 1030438.760583  x:  0.11650   3.40033   0.05880  
  3 35353.8631 1030419.560664  x:  0.11666   3.08932   0.05567  
  4 116.6871 1030380.821791  x:  0.11138   2.98770   0.06146  
  5  0.1205 1030369.354874  x:  0.10903   3.05703   0.05822  
  6  0.1569 1030369.314039  x:  0.10914   3.05217   0.05795  
  7  0.0055 1030369.313880  x:  0.10915   3.05275   0.05795  
  8  0.0007 1030369.313880  x:  0.10915   3.05273   0.05795  

6 (And_tri) ... 2 (And_ful)
  0  0.0000 1058088.471832  x:  0.14156   2.76197   0.18751  
  1 99.0000 1054438.398153  x:  0.16422   2.76605   0.05478  
  2 35842.7516 1054362.992246  x:  0.15529   2.76653   0.04921  
  3 15932.5508 1054140.678235  x:  0.14989   3.58546   0.05927  
  4 614.6573 1054134.003974  x:  0.15206   3.65425   0.05704  
  5  0.1836 1054133.770856  x:  0.15165   3.67716   0.05690  
  6  0.0187 1054133.761243  x:  0.15168   3.68186   0.05701  
  7  0.0037 1054133.761224  x:  0.15169   3.68203   0.05701  

6 (And_tri) ... 3 (And_hae)
  0  0.0000 1052214.667318  x:  0.13249   3.33388   0.05248  
  1 99.0000 1052061.480247  x:  0.14584   3.33395   0.05884  
  2 21457.4641 1052061.345571  x:  0.14563   3.33408   0.05931  
  3 511.3647 1052043.229286  x:  0.14565   3.63679   0.06032  
  4 134.4616 1052043.227135  x:  0.14570   3.63566   0.06033  
  5  0.0010 1052043.227132  x:  0.14570   3.63565   0.06033  
  6  0.0000 1052043.227132  x:  0.14570   3.63565   0.06033  
  7  0.0000 1052043.227132  x:  0.14570   3.63565   0.06033  
  8  0.0000 1052043.227132  x:  0.14570   3.63565   0.06033  
check convergence!


6 (And_tri) ... 4 (And_hat)
  0  0.0000 1030021.455064  x:  0.11256   3.12845   0.08077  
  1 99.0000 1029922.461830  x:  0.10463   3.12866   0.06910  
  2 13494.1503 1029884.526885  x:  0.10813   3.12889   0.06017  
  3 11239.2520 1029857.445902  x:  0.10826   3.52635   0.06227  
  4 146.6317 1029857.072595  x:  0.10887   3.52266   0.06247  
  5  0.0040 1029857.070737  x:  0.10889   3.52211   0.06240  
  6  0.0006 1029857.070733  x:  0.10889   3.52196   0.06240  
  7  0.0001 1029857.070733  x:  0.10889   3.52196   0.06240  

6 (And_tri) ... 5 (And_mar)
  0  0.0000 1029137.573965  x:  0.10769   3.13468   0.04943  
  1 99.0000 1029056.962376  x:  0.10530   3.13461   0.06287  
  2 12945.5687 1029056.503030  x:  0.10599   3.13459   0.06306  
  3 1310.9851 1029055.844153  x:  0.10599   3.07751   0.06287  
  4 22.7711 1029055.844077  x:  0.10599   3.07724   0.06285  
  5  0.0002 1029055.844076  x:  0.10599   3.07729   0.06285  

7 (Bom_pas) ... 1 (And_bic)
  0  0.0000 1289664.338629  x:  0.99085   2.94801   0.14782  
  1 99.0000 1277696.712640  x:  0.98031   2.94980   0.05518  
  2 171807.9596 1277620.940962  x:  1.01538   2.96654   0.05066  
  3 3747.9687 1276763.477335  x:  1.07055   4.09925   0.05456  
  4 2263.4174 1276741.709103  x:  1.10230   4.09350   0.05363  
  5  0.0349 1276738.139413  x:  1.10542   4.10986   0.05260  
  6  0.0203 1276738.035344  x:  1.10633   4.12506   0.05261  
  7  0.0095 1276738.035213  x:  1.10637   4.12499   0.05261  
  8  0.0001 1276738.035213  x:  1.10638   4.12499   0.05261  

7 (Bom_pas) ... 2 (And_ful)
  0  0.0000 1285228.837737  x:  1.07422   3.64404   0.09711  
  1 99.0000 1280986.432606  x:  1.07142   3.64444   0.05345  
  2 152035.3531 1280917.547269  x:  1.12031   3.65715   0.04952  
  3 2731.9521 1280626.416172  x:  1.15887   4.44959   0.05009  
  4 891.1283 1280609.500203  x:  1.17623   4.44850   0.05107  
  5  0.0286 1280608.238050  x:  1.18348   4.45051   0.05048  
  6  0.0063 1280608.233042  x:  1.18380   4.45398   0.05048  
  7  0.0026 1280608.233020  x:  1.18379   4.45405   0.05048  

7 (Bom_pas) ... 3 (And_hae)
  0  0.0000 1285756.961893  x:  1.09500   3.66492   0.11881  
  1 99.0000 1277748.912575  x:  1.08806   3.66555   0.05287  
  2 173672.8066 1277725.283297  x:  1.06720   3.72844   0.05539  
  3 710.3610 1277557.455026  x:  1.12510   4.28512   0.05255  
  4 3788.2908 1277556.923628  x:  1.12051   4.29325   0.05272  
  5  0.0100 1277556.892425  x:  1.12056   4.29527   0.05281  
  6  0.0030 1277556.892233  x:  1.12062   4.29592   0.05281  
  7  0.0005 1277556.892233  x:  1.12062   4.29592   0.05281  

7 (Bom_pas) ... 4 (And_hat)
  0  0.0000 1289432.554568  x:  1.18032   3.53665   0.12848  
  1 99.0000 1277576.660234  x:  1.17002   3.53761   0.04864  
  2 198775.3077 1277486.764262  x:  1.11948   3.55362   0.05439  
  3 3535.8735 1277209.627568  x:  1.17258   4.30029   0.05341  
  4 867.3396 1277128.797106  x:  1.12391   4.29074   0.05228  
  5  0.0762 1277128.608964  x:  1.12620   4.29707   0.05203  
  6  0.0070 1277128.606766  x:  1.12614   4.29903   0.05204  
  7  0.0016 1277128.606734  x:  1.12617   4.29916   0.05204  
  8  0.0001 1277128.606734  x:  1.12617   4.29916   0.05204  

7 (Bom_pas) ... 5 (And_mar)
  0  0.0000 1276550.169689  x:  1.05275   3.75282   0.05130  
  1 99.0000 1276515.979144  x:  1.05301   3.75285   0.05430  
  2 23239.0451 1276501.643430  x:  1.07889   3.76089   0.05321  
  3 1084.8517 1276438.523902  x:  1.09613   4.11904   0.05328  
  4 419.2096 1276438.444200  x:  1.09743   4.11879   0.05311  
  5  0.0013 1276438.444020  x:  1.09751   4.11901   0.05311  
  6  0.0002 1276438.444020  x:  1.09751   4.11902   0.05311  

7 (Bom_pas) ... 6 (And_tri)
  0  0.0000 1278904.832322  x:  1.25523   3.50084   0.06583  
  1 99.0000 1277296.780003  x:  1.25324   3.50109   0.04540  
  2 134650.1951 1276681.660909  x:  1.07121   3.53759   0.05514  
  3 6051.3815 1276503.075447  x:  1.12078   4.11251   0.05444  
  4 681.5439 1276472.377856  x:  1.10371   4.13316   0.05272  
  5  0.0317 1276472.091536  x:  1.10707   4.13574   0.05244  
  6  0.0049 1276472.089811  x:  1.10721   4.13763   0.05244  
  7  0.0015 1276472.089806  x:  1.10720   4.13766   0.05244  