Supplemental results for CODEML (seqf: /home/yzliu/eDNA/faststorage/yzliu/DK_proj/data/ref_genome/ref_annotation/primary_transcripts/extracted_cds_new/new_transcript_id_7_and_pas/bootstraps/cat.out.OG_cds_7_species_same_header_fas.shuf_537OG_318.phy  treef: xxx.trees)


pairwise comparison (Goldman & Yang 1994)
seq seq        N       S       dN       dS     dN/dS   Paras.
  2   1 474395.9 183126.1   0.0104   0.1718   0.0605   0.1660   3.5892   0.0605 -1016669.471
  3   1 472759.6 184762.4   0.0103   0.1620   0.0634   0.1587   3.6513   0.0634 -1013626.324
  3   2 472290.5 185231.5   0.0100   0.1522   0.0660   0.1502   4.0005   0.0660 -1008190.367
  4   1 474322.5 183199.5   0.0081   0.1213   0.0665   0.1189   3.4303   0.0665 -991850.930
  4   2 472363.4 185158.6   0.0100   0.1609   0.0622   0.1575   3.9757   0.0622 -1011432.151
  4   3 470262.5 187259.5   0.0101   0.1518   0.0665   0.1513   4.1051   0.0665 -1009144.053
  5   1 476428.7 181093.3   0.0059   0.0921   0.0640   0.0889   3.1063   0.0640 -972541.222
  5   2 473829.2 183692.8   0.0104   0.1698   0.0615   0.1649   3.6443   0.0615 -1016283.138
  5   3 472216.8 185305.2   0.0105   0.1591   0.0662   0.1572   3.7068   0.0662 -1013383.770
  5   4 474111.9 183410.1   0.0081   0.1169   0.0695   0.1153   3.4381   0.0695 -990217.046
  6   1 478486.4 179035.6   0.0071   0.1204   0.0592   0.1139   2.8876   0.0592 -988880.250
  6   2 475242.4 182279.6   0.0095   0.1628   0.0583   0.1560   3.4617   0.0583 -1011177.642
  6   3 473671.6 183850.4   0.0097   0.1556   0.0621   0.1514   3.5142   0.0621 -1009770.699
  6   4 475070.3 182451.7   0.0075   0.1150   0.0649   0.1120   3.3242   0.0649 -987496.529
  6   5 478234.3 179287.7   0.0074   0.1155   0.0639   0.1106   2.8995   0.0639 -987623.301
  7   1 469955.8 187566.2   0.0692   1.1906   0.0581   1.1672   4.0652   0.0581 -1236956.142
  7   2 466673.4 190848.6   0.0702   1.2624   0.0556   1.2487   4.3684   0.0556 -1240497.277
  7   3 468241.3 189280.7   0.0696   1.1957   0.0582   1.1812   4.2568   0.0582 -1237149.413
  7   4 468527.1 188994.9   0.0692   1.1987   0.0577   1.1817   4.2135   0.0577 -1237070.647
  7   5 470077.2 187444.8   0.0693   1.1793   0.0587   1.1572   4.0644   0.0587 -1236605.962
  7   6 470012.4 187509.6   0.0688   1.1891   0.0578   1.1648   4.0584   0.0578 -1236292.064

