

2 (And_ful) ... 1 (And_bic)
  0  0.0000 1031191.290059  x:  0.13540   1.64438   0.40010  
  1 99.0000 1029362.765214  x:  0.19834   1.65486   0.32965  
  2 45040.0507 1019177.461388  x:  0.21244   1.69394   0.04861  
  3 90289.3950 1018578.351262  x:  0.20815   2.24967   0.08316  
  4 2673.4024 1017147.202260  x:  0.19340   3.09483   0.04707  
  5  1.9016 1016691.032856  x:  0.16732   3.37138   0.06402  
  6  0.2834 1016673.466870  x:  0.16439   3.47557   0.06025  
  7  0.0941 1016670.593340  x:  0.16630   3.52776   0.05951  
  8  0.0326 1016669.479687  x:  0.16608   3.58774   0.06058  
  9  0.0315 1016669.471416  x:  0.16602   3.58917   0.06049  
 10  0.0014 1016669.471414  x:  0.16602   3.58921   0.06049  
 11  0.0000 1016669.471414  x:  0.16602   3.58921   0.06049  

3 (And_hae) ... 1 (And_bic)
  0  0.0000 1014246.950222  x:  0.16321   3.27940   0.10284  
  1 99.0000 1013699.123291  x:  0.15043   3.27991   0.06607  
  2 24541.6702 1013657.942317  x:  0.15713   3.28010   0.06022  
  3 10699.7221 1013627.361445  x:  0.15769   3.66376   0.06253  
  4 170.2280 1013626.333958  x:  0.15859   3.65339   0.06348  
  5  0.0155 1013626.323668  x:  0.15868   3.65154   0.06337  
  6  0.0018 1013626.323656  x:  0.15868   3.65131   0.06336  

3 (And_hae) ... 2 (And_ful)
  0  0.0000 1010634.769287  x:  0.15207   3.26067   0.17127  
  1 99.0000 1008745.743981  x:  0.12601   3.26266   0.07813  
  2 31033.5322 1008438.688676  x:  0.13655   3.26319   0.05622  
  3 53494.4546 1008272.400565  x:  0.13997   4.24441   0.06346  
  4 389.7239 1008192.838160  x:  0.14947   4.02748   0.06830  
  5  0.3252 1008190.378443  x:  0.15026   4.00950   0.06601  
  6  0.0161 1008190.366974  x:  0.15025   4.00054   0.06599  
  7  0.0074 1008190.366893  x:  0.15024   4.00054   0.06598  

4 (And_hat) ... 1 (And_bic)
  0  0.0000 992228.544784  x:  0.10035   3.39485   0.05424  
  1 99.0000 991863.025627  x:  0.12005   3.39484   0.06089  
  2 37529.0073 991851.153750  x:  0.11887   3.39483   0.06650  
  3 4464.7433 991850.940569  x:  0.11887   3.43107   0.06664  
  4 12.1000 991850.930296  x:  0.11886   3.43030   0.06646  
  5  0.0007 991850.930276  x:  0.11886   3.43024   0.06646  
  6  0.0000 991850.930275  x:  0.11886   3.43026   0.06646  
  7  0.0000 991850.930275  x:  0.11886   3.43026   0.06646  
  8  0.0000 991850.930275  x:  0.11886   3.43026   0.06646  
check convergence!


4 (And_hat) ... 2 (And_ful)
  0  0.0000 1013407.426009  x:  0.15192   3.19472   0.14566  
  1 99.0000 1011551.103482  x:  0.15482   3.19649   0.06029  
  2 30947.4577 1011547.634253  x:  0.15730   3.19679   0.06015  
  3 2828.4623 1011445.768321  x:  0.15729   3.87918   0.06700  
  4 336.3431 1011432.293050  x:  0.15742   3.94545   0.06205  
  5  0.1548 1011432.151599  x:  0.15750   3.97594   0.06222  
  6  0.0211 1011432.151368  x:  0.15748   3.97571   0.06222  
  7  0.0002 1011432.151368  x:  0.15748   3.97571   0.06222  
  8  0.0000 1011432.151368  x:  0.15748   3.97571   0.06222  
check convergence!


4 (And_hat) ... 3 (And_hae)
  0  0.0000 1009291.797033  x:  0.14045   3.56768   0.05765  
  1 99.0000 1009189.370092  x:  0.15152   3.56780   0.06401  
  2 16525.4052 1009189.082660  x:  0.15115   3.56801   0.06472  
  3 705.6080 1009144.064259  x:  0.15119   4.10556   0.06657  
  4 194.8430 1009144.053264  x:  0.15131   4.10514   0.06649  
  5  0.0004 1009144.053263  x:  0.15131   4.10514   0.06649  
  6  0.0000 1009144.053263  x:  0.15131   4.10513   0.06649  
  7  0.0000 1009144.053263  x:  0.15131   4.10513   0.06649  

5 (And_mar) ... 1 (And_bic)
  0  0.0000 972765.901749  x:  0.09509   3.46663   0.09337  
  1 99.0000 972663.383270  x:  0.08582   3.46660   0.08670  
  2 17339.1409 972560.396751  x:  0.08803   3.46648   0.06534  
  3 11500.0239 972542.174905  x:  0.08800   3.11468   0.06339  
  4 95.9487 972541.240539  x:  0.08879   3.10486   0.06419  
  5  0.0113 972541.221622  x:  0.08886   3.10633   0.06397  
  6  0.0020 972541.221622  x:  0.08886   3.10634   0.06397  
  7  0.0000 972541.221622  x:  0.08886   3.10634   0.06397  
  8  0.0000 972541.221622  x:  0.08886   3.10634   0.06397  
  9  0.0768 972541.221622  x:  0.08886   3.10634   0.06397  
check convergence!


5 (And_mar) ... 2 (And_ful)
  0  0.0000 1017763.575759  x:  0.14843   2.84475   0.12032  
  1 99.0000 1016556.314556  x:  0.17792   2.84617   0.06395  
  2 33378.6824 1016468.797314  x:  0.17062   2.84663   0.05449  
  3 16943.4803 1016289.176479  x:  0.16803   3.68556   0.06035  
  4 492.5876 1016283.177177  x:  0.16487   3.65798   0.06162  
  5  0.0412 1016283.138658  x:  0.16486   3.64471   0.06148  
  6  0.0094 1016283.138347  x:  0.16487   3.64426   0.06150  
  7  0.0004 1016283.138346  x:  0.16487   3.64426   0.06150  

5 (And_mar) ... 3 (And_hae)
  0  0.0000 1013715.957073  x:  0.15648   3.40361   0.09513  
  1 99.0000 1013406.773684  x:  0.15413   3.40398   0.06564  
  2 18166.4405 1013401.617016  x:  0.15709   3.40410   0.06483  
  3 3504.5915 1013383.839186  x:  0.15724   3.70559   0.06659  
  4 124.2062 1013383.769630  x:  0.15720   3.70683   0.06621  
  5  0.0019 1013383.769593  x:  0.15720   3.70682   0.06621  
  6  0.0000 1013383.769593  x:  0.15720   3.70682   0.06621  

5 (And_mar) ... 4 (And_hat)
  0  0.0000 991365.861757  x:  0.12438   3.26383   0.14648  
  1 99.0000 990895.200844  x:  0.10317   3.26415   0.12150  
  2 26959.3326 990265.719440  x:  0.10821   3.26481   0.06874  
  3 36588.1776 990258.115440  x:  0.10841   3.47623   0.07056  
  4 74.3210 990217.046924  x:  0.11535   3.43859   0.06941  
  5  0.0409 990217.045910  x:  0.11535   3.43814   0.06946  
  6  0.0009 990217.045904  x:  0.11534   3.43806   0.06946  
  7  0.0001 990217.045904  x:  0.11534   3.43806   0.06946  
  8  0.0000 990217.045903  x:  0.11534   3.43806   0.06946  
  9  0.0000 990217.045903  x:  0.11534   3.43806   0.06946  

6 (And_tri) ... 1 (And_bic)
  0  0.0000 989340.733072  x:  0.09961   3.16398   0.09269  
  1 99.0000 989060.215983  x:  0.11732   3.16397   0.08267  
  2 29194.8256 988899.663458  x:  0.11573   3.16390   0.06004  
  3 15419.2369 988883.525699  x:  0.11584   2.89078   0.05843  
  4 112.3084 988880.318114  x:  0.11399   2.88546   0.05957  
  5  0.0054 988880.250306  x:  0.11389   2.88771   0.05921  
  6  0.0032 988880.250300  x:  0.11389   2.88761   0.05921  
  7  0.0001 988880.250300  x:  0.11389   2.88762   0.05921  
  8  0.0000 988880.250300  x:  0.11389   2.88762   0.05921  
  9  0.0000 988880.250300  x:  0.11389   2.88762   0.05921  
 10  0.1176 988880.250300  x:  0.11389   2.88762   0.05921  
check convergence!


6 (And_tri) ... 2 (And_ful)
  0  0.0000 1013305.290858  x:  0.14571   2.72313   0.14034  
  1 99.0000 1011365.921011  x:  0.16441   2.72529   0.05705  
  2 33313.7271 1011326.605026  x:  0.15741   2.72570   0.05312  
  3 10413.8059 1011181.455115  x:  0.15469   3.41318   0.06029  
  4 474.4201 1011177.717024  x:  0.15620   3.44714   0.05831  
  5  0.0742 1011177.644881  x:  0.15598   3.45906   0.05821  
  6  0.0101 1011177.642194  x:  0.15600   3.46160   0.05826  
  7  0.0021 1011177.642190  x:  0.15600   3.46165   0.05826  
  8  0.0001 1011177.642190  x:  0.15600   3.46165   0.05826  

6 (And_tri) ... 3 (And_hae)
  0  0.0000 1010194.262226  x:  0.16187   3.09125   0.08855  
  1 99.0000 1009843.512609  x:  0.14559   3.09164   0.06613  
  2 23550.3256 1009811.794979  x:  0.15010   3.09188   0.05964  
  3 8701.5861 1009771.116871  x:  0.15056   3.51934   0.06198  
  4 205.6749 1009770.704274  x:  0.15135   3.51511   0.06218  
  5  0.0050 1009770.699380  x:  0.15138   3.51440   0.06208  
  6  0.0008 1009770.699374  x:  0.15138   3.51422   0.06208  
  7  0.0001 1009770.699374  x:  0.15138   3.51422   0.06208  
  8  0.0000 1009770.699374  x:  0.15138   3.51422   0.06208  

6 (And_tri) ... 4 (And_hat)
  0  0.0000 987754.877573  x:  0.10363   3.18624   0.09229  
  1 99.0000 987600.136937  x:  0.11663   3.18636   0.08064  
  2 18586.0064 987503.610451  x:  0.11405   3.18655   0.06356  
  3 14616.2354 987499.919329  x:  0.11397   3.33135   0.06440  
  4 52.4408 987496.532291  x:  0.11198   3.32458   0.06504  
  5  0.0071 987496.528717  x:  0.11197   3.32432   0.06494  
  6  0.0003 987496.528712  x:  0.11197   3.32417   0.06494  
  7  0.0002 987496.528712  x:  0.11197   3.32417   0.06494  

6 (And_tri) ... 5 (And_mar)
  0  0.0000 989493.333849  x:  0.10454   2.90850   0.17757  
  1 99.0000 988077.083536  x:  0.13297   2.90990   0.07803  
  2 23194.5872 987812.563075  x:  0.12503   2.91020   0.05452  
  3 59252.4653 987798.347521  x:  0.12387   3.17484   0.05673  
  4 105.7800 987623.311845  x:  0.11068   2.89474   0.06393  
  5  0.5187 987623.301244  x:  0.11061   2.89950   0.06389  
  6  0.0063 987623.301231  x:  0.11061   2.89948   0.06390  
  7  0.0000 987623.301231  x:  0.11061   2.89950   0.06390  
  8  0.0000 987623.301231  x:  0.11061   2.89950   0.06390  
  9  0.0000 987623.301231  x:  0.11061   2.89950   0.06390  
check convergence!


7 (Bom_pas) ... 1 (And_bic)
  0  0.0000 1261853.424979  x:  1.35816   2.67337   0.16842  
  1 99.0000 1239343.502256  x:  1.33611   2.67678   0.04699  
  2 214482.1048 1239062.175313  x:  1.25919   2.70794   0.05876  
  3 7746.9074 1237973.062428  x:  1.39370   3.96672   0.05701  
  4 2271.0346 1236982.608129  x:  1.14622   3.91196   0.06076  
  5  0.2493 1236958.881681  x:  1.17359   4.01688   0.05786  
  6  0.0970 1236956.428098  x:  1.16550   4.04535   0.05797  
  7  0.0333 1236956.143511  x:  1.16706   4.06441   0.05813  
  8  0.0137 1236956.142291  x:  1.16724   4.06523   0.05811  
  9  0.0008 1236956.142291  x:  1.16724   4.06524   0.05811  
 10  0.0000 1236956.142291  x:  1.16724   4.06524   0.05811  

7 (Bom_pas) ... 2 (And_ful)
  0  0.0000 1244044.776974  x:  1.30982   3.62026   0.08455  
  1 99.0000 1240945.196393  x:  1.30698   3.62063   0.05152  
  2 152312.6918 1240760.307044  x:  1.20193   3.65570   0.05857  
  3 3245.8628 1240526.871045  x:  1.26765   4.35398   0.05732  
  4 771.9227 1240497.287333  x:  1.24838   4.36324   0.05560  
  5  0.0298 1240497.276652  x:  1.24867   4.36832   0.05559  
  6  0.0039 1240497.276596  x:  1.24870   4.36841   0.05559  
  7  0.0001 1240497.276596  x:  1.24871   4.36841   0.05559  
  8  0.0000 1240497.276596  x:  1.24870   4.36841   0.05559  
  9  0.0000 1240497.276596  x:  1.24870   4.36841   0.05559  
 10  0.0000 1240497.276596  x:  1.24870   4.36841   0.05559  
 11  0.0259 1240497.276596  x:  1.24870   4.36841   0.05559  

7 (Bom_pas) ... 3 (And_hae)
  0  0.0000 1240538.593737  x:  1.23710   3.72640   0.09017  
  1 99.0000 1237410.864087  x:  1.23380   3.72675   0.05460  
  2 142048.7817 1237290.154096  x:  1.15497   3.74807   0.06045  
  3 2857.8830 1237168.726613  x:  1.19637   4.25124   0.05963  
  4 532.8921 1237149.416575  x:  1.18094   4.25448   0.05820  
  5  0.0229 1237149.413320  x:  1.18126   4.25661   0.05817  
  6  0.0019 1237149.413265  x:  1.18125   4.25685   0.05817  
  7  0.0002 1237149.413265  x:  1.18125   4.25685   0.05817  

7 (Bom_pas) ... 4 (And_hat)
  0  0.0000 1242862.329811  x:  1.18562   3.62019   0.10975  
  1 99.0000 1237270.121765  x:  1.18026   3.62073   0.05634  
  2 157781.2489 1237241.574400  x:  1.14708   3.63899   0.05949  
  3 1507.6795 1237078.146839  x:  1.19495   4.23074   0.05840  
  4 738.5507 1237070.686773  x:  1.18294   4.22135   0.05766  
  5  0.0242 1237070.647493  x:  1.18159   4.21421   0.05775  
  6  0.0063 1237070.647033  x:  1.18165   4.21349   0.05774  
  7  0.0006 1237070.647033  x:  1.18165   4.21350   0.05774  

7 (Bom_pas) ... 5 (And_mar)
  0  0.0000 1245672.724821  x:  1.35935   3.80239   0.11118  
  1 99.0000 1237285.597368  x:  1.35216   3.80296   0.04993  
  2 195152.5028 1236873.481285  x:  1.19476   3.82509   0.06418  
  3 5421.1088 1236842.644640  x:  1.21815   4.07842   0.06343  
  4 253.1895 1236623.664266  x:  1.13582   4.06575   0.06152  
  5  0.1341 1236606.079094  x:  1.15845   4.07959   0.05878  
  6  0.0334 1236605.962736  x:  1.15715   4.06496   0.05874  
  7  0.0134 1236605.961956  x:  1.15717   4.06438   0.05875  
  8  0.0006 1236605.961955  x:  1.15717   4.06438   0.05875  

7 (Bom_pas) ... 6 (And_tri)
  0  0.0000 1257613.936225  x:  1.34543   3.46489   0.16935  
  1 99.0000 1237085.310076  x:  1.32465   3.46676   0.04964  
  2 202747.2592 1236940.250250  x:  1.26954   3.47858   0.05781  
  3 5554.9760 1236723.620934  x:  1.32202   4.14960   0.05670  
  4 740.1547 1236300.433225  x:  1.15505   4.01158   0.05960  
  5  0.2498 1236292.267486  x:  1.16786   4.05846   0.05782  
  6  0.0462 1236292.064635  x:  1.16483   4.05763   0.05783  
  7  0.0040 1236292.064271  x:  1.16484   4.05840   0.05784  
  8  0.0006 1236292.064270  x:  1.16484   4.05843   0.05784  