

2 (And_ful) ... 1 (And_bic)
  0  0.0000 1040018.610793  x:  0.14913   1.47949   0.43607  
  1 99.0000 1025671.700433  x:  0.14374   1.55199   0.04686  
  2 32984.6329 1025557.302139  x:  0.15453   1.55490   0.04022  
  3 24447.8247 1024843.604669  x:  0.17317   1.96261   0.06494  
  4 4269.6788 1023778.911473  x:  0.14981   2.85213   0.04985  
  5  2.0678 1023617.012993  x:  0.16246   3.22004   0.05731  
  6  0.2065 1023575.343268  x:  0.15877   3.56870   0.05535  
  7  0.1626 1023574.490446  x:  0.15941   3.60425   0.05626  
  8  0.0279 1023574.479069  x:  0.15930   3.60870   0.05627  
  9  0.0038 1023574.479021  x:  0.15929   3.60864   0.05628  
 10  0.0000 1023574.479021  x:  0.15929   3.60859   0.05628  

3 (And_hae) ... 1 (And_bic)
  0  0.0000 1024462.556390  x:  0.12876   3.35026   0.15508  
  1 99.0000 1023182.169342  x:  0.17611   3.35084   0.10910  
  2 43175.9446 1022239.713064  x:  0.17315   3.35143   0.05674  
  3 49529.6549 1022222.917049  x:  0.17271   3.63964   0.05880  
  4 119.1830 1022039.666927  x:  0.15423   3.55160   0.06021  
  5  0.0799 1022039.608668  x:  0.15420   3.54614   0.05988  
  6  0.0083 1022039.601946  x:  0.15419   3.54059   0.05989  
  7  0.0067 1022039.601937  x:  0.15419   3.54055   0.05989  
  8  0.0000 1022039.601937  x:  0.15419   3.54055   0.05989  

3 (And_hae) ... 2 (And_ful)
  0  0.0000 1017933.939610  x:  0.14205   3.34805   0.12330  
  1 99.0000 1016734.425054  x:  0.14745   3.34917   0.05769  
  2 27570.8565 1016734.249502  x:  0.14692   3.34941   0.05764  
  3 600.9288 1016662.266376  x:  0.14673   3.98117   0.06257  
  4 305.9752 1016658.152538  x:  0.14719   4.01150   0.05978  
  5  0.0630 1016658.139594  x:  0.14716   4.02097   0.05982  
  6  0.0070 1016658.139556  x:  0.14717   4.02104   0.05982  
  7  0.0001 1016658.139556  x:  0.14717   4.02104   0.05982  
  8  0.0000 1016658.139556  x:  0.14717   4.02104   0.05982  

4 (And_hat) ... 1 (And_bic)
  0  0.0000 1003299.792976  x:  0.09639   3.40117   0.17662  
  1 99.0000 1002662.923687  x:  0.12373   3.40138   0.15884  
  2 42910.0028 1001028.098064  x:  0.12408   3.40242   0.06171  
  3 33637.7938 1001027.729558  x:  0.12401   3.44825   0.06218  
  4  6.9052 1000987.300796  x:  0.11694   3.43578   0.06053  
  5  0.0280 1000986.562875  x:  0.11674   3.41527   0.06176  
  6  0.0597 1000986.561943  x:  0.11675   3.41347   0.06173  
  7  0.0018 1000986.561943  x:  0.11675   3.41348   0.06173  
  8  0.0000 1000986.561943  x:  0.11675   3.41348   0.06173  

4 (And_hat) ... 2 (And_ful)
  0  0.0000 1021283.246089  x:  0.13585   3.09832   0.15017  
  1 99.0000 1019419.240105  x:  0.17632   3.10024   0.06647  
  2 35311.4298 1019169.460562  x:  0.16801   3.10074   0.04823  
  3 38099.7181 1018939.457070  x:  0.16359   4.24238   0.05509  
  4 478.6298 1018847.438102  x:  0.15120   4.07664   0.05820  
  5  0.2466 1018846.132488  x:  0.15146   3.98680   0.05815  
  6  0.0696 1018846.118770  x:  0.15147   3.98122   0.05800  
  7  0.0054 1018846.118743  x:  0.15147   3.98155   0.05800  
  8  0.0003 1018846.118743  x:  0.15147   3.98155   0.05800  

4 (And_hat) ... 3 (And_hae)
  0  0.0000 1018045.500192  x:  0.15782   3.36559   0.08850  
  1 99.0000 1017709.956994  x:  0.14093   3.36596   0.06775  
  2 23524.5510 1017670.531276  x:  0.14546   3.36624   0.05987  
  3 9641.0122 1017607.526391  x:  0.14604   3.97369   0.06280  
  4 228.7159 1017607.136249  x:  0.14683   3.97000   0.06283  
  5  0.0042 1017607.132535  x:  0.14684   3.96942   0.06274  
  6  0.0006 1017607.132528  x:  0.14683   3.96920   0.06274  

5 (And_mar) ... 1 (And_bic)
  0  0.0000 983105.837189  x:  0.08327   3.44987   0.16996  
  1 99.0000 982206.899900  x:  0.10736   3.45037   0.08485  
  2 18844.2476 981877.967227  x:  0.10177   3.45053   0.05229  
  3 91364.9475 981871.033286  x:  0.10198   3.22290   0.05108  
  4 16.9630 981631.274385  x:  0.08749   3.06967   0.06020  
  5  0.8024 981630.114955  x:  0.08705   3.11604   0.05903  
  6  0.0693 981630.102786  x:  0.08710   3.11181   0.05887  
  7  0.0046 981630.102777  x:  0.08711   3.11186   0.05887  
  8  0.0001 981630.102776  x:  0.08711   3.11182   0.05887  
  9  0.0000 981630.102776  x:  0.08711   3.11183   0.05887  
 10  0.0000 981630.102776  x:  0.08711   3.11183   0.05887  
 11  0.0000 981630.102776  x:  0.08711   3.11183   0.05887  
check convergence!


5 (And_mar) ... 2 (And_ful)
  0  0.0000 1026337.219355  x:  0.13517   2.84697   0.17523  
  1 99.0000 1024190.974196  x:  0.19553   2.84943   0.08542  
  2 41213.3333 1023506.476660  x:  0.19034   2.85040   0.04906  
  3 68358.3015 1023209.238249  x:  0.18557   4.05036   0.05778  
  4 600.1999 1022794.531837  x:  0.15704   3.84985   0.05708  
  5  0.2103 1022788.991123  x:  0.15693   3.69770   0.05831  
  6  0.1355 1022788.577821  x:  0.15715   3.67091   0.05754  
  7  0.0288 1022788.577093  x:  0.15714   3.67216   0.05752  
  8  0.0014 1022788.577092  x:  0.15714   3.67219   0.05752  
  9  0.0000 1022788.577091  x:  0.15714   3.67219   0.05752  
 10  0.0000 1022788.577091  x:  0.15714   3.67219   0.05752  
check convergence!


5 (And_mar) ... 3 (And_hae)
  0  0.0000 1021932.555698  x:  0.12708   3.40492   0.09858  
  1 99.0000 1021306.798456  x:  0.15742   3.40509   0.08065  
  2 38161.1890 1021140.936608  x:  0.15488   3.40529   0.06096  
  3 17814.1829 1021133.885330  x:  0.15480   3.58236   0.06186  
  4 76.9232 1021127.287913  x:  0.15146   3.58736   0.06243  
  5  0.0053 1021127.286221  x:  0.15144   3.58654   0.06237  
  6  0.0010 1021127.286192  x:  0.15144   3.58619   0.06237  
  7  0.0003 1021127.286192  x:  0.15144   3.58619   0.06237  
  8  0.0000 1021127.286192  x:  0.15144   3.58618   0.06237  

5 (And_mar) ... 4 (And_hat)
  0  0.0000 999105.552106  x:  0.08885   3.31066   0.08114  
  1 99.0000 998560.311237  x:  0.11229   3.31070   0.07728  
  2 50056.6349 998504.682330  x:  0.11216   3.31083   0.06381  
  3 7852.6728 998502.614457  x:  0.11215   3.42305   0.06438  
  4 37.8268 998502.588925  x:  0.11200   3.42243   0.06423  
  5  0.0006 998502.587976  x:  0.11198   3.42237   0.06428  
  6  0.0001 998502.587976  x:  0.11198   3.42240   0.06428  

6 (And_tri) ... 1 (And_bic)
  0  0.0000 1000506.315473  x:  0.10555   3.09605   0.16020  
  1 99.0000 999194.470769  x:  0.13612   3.09678   0.07351  
  2 25408.6965 998896.716354  x:  0.12892   3.09694   0.04909  
  3 60024.7968 998892.515504  x:  0.12819   3.24716   0.05020  
  4 17.4549 998671.667313  x:  0.11348   2.88694   0.05666  
  5  1.8229 998671.056430  x:  0.11286   2.91445   0.05630  
  6  0.0400 998671.052584  x:  0.11283   2.91115   0.05628  
  7  0.0041 998671.052582  x:  0.11283   2.91111   0.05627  
  8  0.0000 998671.052582  x:  0.11283   2.91111   0.05627  
  9  0.0000 998671.052582  x:  0.11283   2.91111   0.05627  
 10  0.0000 998671.052582  x:  0.11283   2.91111   0.05627  
 11  0.0000 998671.052582  x:  0.11283   2.91111   0.05627  

6 (And_tri) ... 2 (And_ful)
  0  0.0000 1018791.328092  x:  0.12699   2.72137   0.04517  
  1 99.0000 1018399.164869  x:  0.14927   2.72166   0.05272  
  2 35316.7791 1018397.837605  x:  0.14980   2.72210   0.05135  
  3 1704.8811 1018232.071546  x:  0.14953   3.53123   0.05499  
  4 516.5940 1018231.807355  x:  0.14991   3.53070   0.05441  
  5  0.0008 1018231.807206  x:  0.14991   3.53147   0.05441  
  6  0.0005 1018231.807202  x:  0.14991   3.53154   0.05441  
  7  0.0001 1018231.807202  x:  0.14991   3.53154   0.05441  
  8  0.0000 1018231.807202  x:  0.14991   3.53154   0.05441  

6 (And_tri) ... 3 (And_hae)
  0  0.0000 1020842.714390  x:  0.15687   3.33560   0.18068  
  1 99.0000 1019318.480023  x:  0.11830   3.33646   0.11688  
  2 36573.1431 1018184.496439  x:  0.12488   3.33720   0.05668  
  3 78762.6224 1018160.618644  x:  0.12573   3.68889   0.05943  
  4 138.1845 1017852.796578  x:  0.14610   3.42009   0.06087  
  5  0.2999 1017849.927700  x:  0.14650   3.46115   0.05878  
  6  0.0800 1017849.905506  x:  0.14659   3.46973   0.05888  
  7  0.0084 1017849.905302  x:  0.14661   3.46934   0.05887  
  8  0.0004 1017849.905301  x:  0.14661   3.46932   0.05887  
  9  0.0000 1017849.905301  x:  0.14661   3.46932   0.05887  
check convergence!


6 (And_tri) ... 4 (And_hat)
  0  0.0000 998705.440128  x:  0.09783   3.14216   0.16096  
  1 99.0000 998160.769940  x:  0.12383   3.14258   0.13226  
  2 30654.7432 997034.539223  x:  0.12259   3.14359   0.05855  
  3 47887.4319 997024.445718  x:  0.12229   3.37763   0.06084  
  4 87.5847 996913.170020  x:  0.11074   3.36495   0.05810  
  5  0.0163 996911.318682  x:  0.11042   3.33670   0.06008  
  6  0.0680 996911.307315  x:  0.11046   3.32923   0.06001  
  7  0.0071 996911.307286  x:  0.11045   3.32914   0.06001  
  8  0.0001 996911.307286  x:  0.11045   3.32915   0.06001  

6 (And_tri) ... 5 (And_mar)
  0  0.0000 997864.514935  x:  0.10702   2.98578   0.12887  
  1 99.0000 996939.673544  x:  0.10676   2.98635   0.06058  
  2 20479.9410 996935.744726  x:  0.10887   2.98634   0.06018  
  3 3825.3751 996934.755653  x:  0.10886   2.92244   0.05955  
  4 29.9419 996934.643251  x:  0.10888   2.91690   0.06005  
  5  0.0135 996934.643124  x:  0.10888   2.91635   0.06004  
  6  0.0006 996934.643124  x:  0.10888   2.91638   0.06004  
  7  0.0000 996934.643124  x:  0.10888   2.91638   0.06004  
check convergence!


7 (Bom_pas) ... 1 (And_bic)
  0  0.0000 1254904.756036  x:  1.29353   2.72325   0.12007  
  1 99.0000 1242735.125083  x:  1.28307   2.72494   0.04536  
  2 216667.3118 1242002.508509  x:  1.10391   2.78861   0.06442  
  3 8371.9664 1241117.935608  x:  1.21823   3.86673   0.06288  
  4 2052.2905 1240402.477290  x:  1.07585   3.95364   0.06010  
  5  0.2402 1240359.694265  x:  1.11056   4.01948   0.05609  
  6  0.0888 1240358.100891  x:  1.10989   4.07047   0.05602  
  7  0.0321 1240357.985532  x:  1.11121   4.07699   0.05613  
  8  0.0063 1240357.985031  x:  1.11135   4.07735   0.05612  
  9  0.0004 1240357.985031  x:  1.11135   4.07736   0.05612  

7 (Bom_pas) ... 2 (And_ful)
  0  0.0000 1251389.404141  x:  1.10774   3.41453   0.12145  
  1 99.0000 1243631.011994  x:  1.10116   3.41540   0.05489  
  2 167395.7871 1243592.527959  x:  1.13601   3.46064   0.05158  
  3 1335.3851 1243159.783458  x:  1.16235   4.35001   0.05483  
  4 3115.4964 1243153.441300  x:  1.18320   4.37270   0.05397  
  5  0.0291 1243152.893021  x:  1.18344   4.38301   0.05361  
  6  0.0141 1243152.872589  x:  1.18358   4.38973   0.05364  
  7  0.0050 1243152.872549  x:  1.18363   4.38981   0.05364  

7 (Bom_pas) ... 3 (And_hae)
  0  0.0000 1266712.671709  x:  1.33232   3.65640   0.18587  
  1 99.0000 1241567.393364  x:  1.30521   3.65857   0.04731  
  2 202949.4364 1241436.531132  x:  1.26123   3.66667   0.05461  
  3 6281.1011 1241211.945777  x:  1.31131   4.39371   0.05357  
  4 707.0422 1240660.582506  x:  1.11837   4.18181   0.05758  
  5  0.3037 1240651.640359  x:  1.13034   4.24978   0.05585  
  6  0.0619 1240651.390347  x:  1.12694   4.24726   0.05588  
  7  0.0058 1240651.390329  x:  1.12692   4.24705   0.05588  
  8  0.0002 1240651.390329  x:  1.12693   4.24705   0.05588  

7 (Bom_pas) ... 4 (And_hat)
  0  0.0000 1240721.375562  x:  1.26855   3.54351   0.04928  
  1 99.0000 1240710.442510  x:  1.26770   3.54368   0.04780  
  2 12467.9997 1240085.823417  x:  1.08144   3.58323   0.05519  
  3 7506.6525 1239873.200944  x:  1.13794   4.23334   0.05469  
  4 725.6190 1239869.217152  x:  1.12418   4.24424   0.05544  
  5  0.0199 1239869.162418  x:  1.12419   4.24318   0.05556  
  6  0.0008 1239869.162319  x:  1.12416   4.24269   0.05556  
  7  0.0004 1239869.162319  x:  1.12416   4.24269   0.05556  

7 (Bom_pas) ... 5 (And_mar)
  0  0.0000 1260511.644224  x:  1.28268   3.52180   0.16542  
  1 99.0000 1240680.169613  x:  1.26203   3.52351   0.04841  
  2 201412.8592 1240514.607833  x:  1.20341   3.53463   0.05709  
  3 6005.0002 1240322.245869  x:  1.24983   4.17198   0.05604  
  4 685.2786 1239899.987320  x:  1.09723   4.04488   0.05821  
  5  0.2546 1239890.089023  x:  1.11040   4.09153   0.05627  
  6  0.0477 1239889.871531  x:  1.10751   4.09025   0.05626  
  7  0.0039 1239889.871309  x:  1.10750   4.09081   0.05627  
  8  0.0005 1239889.871307  x:  1.10751   4.09085   0.05627  

7 (Bom_pas) ... 6 (And_tri)
  0  0.0000 1249372.891053  x:  1.03298   3.53555   0.14158  
  1 99.0000 1239829.988867  x:  1.02383   3.53641   0.05842  
  2 158263.2913 1239788.869833  x:  1.05317   3.54189   0.05474  
  3 2686.5853 1239628.357528  x:  1.08152   4.09886   0.05522  
  4 656.6474 1239598.548790  x:  1.10745   4.09245   0.05618  
  5  0.0465 1239597.599685  x:  1.11251   4.09401   0.05559  
  6  0.0047 1239597.596005  x:  1.11282   4.09647   0.05559  
  7  0.0020 1239597.595988  x:  1.11281   4.09657   0.05559  