

2 (And_ful) ... 1 (And_bic)
  0  0.0000 1036721.641360  x:  0.17946   1.36410   0.41636  
  1 99.0000 1034611.538343  x:  0.12672   1.37706   0.35375  
  2 45387.8607 1023499.562796  x:  0.11964   1.43776   0.04992  
  3 93216.6327 1022400.243117  x:  0.12351   2.09987   0.10002  
  4 4385.5360 1020143.862105  x:  0.14403   2.71051   0.04574  
  5  1.7179 1019751.184440  x:  0.16104   2.92914   0.06381  
  6  0.2372 1019616.542485  x:  0.16933   3.29177   0.05458  
  7  0.2500 1019566.305338  x:  0.16347   3.64480   0.05925  
  8  0.1193 1019564.345940  x:  0.16460   3.70312   0.05826  
  9  0.0461 1019564.319173  x:  0.16456   3.71251   0.05842  
 10  0.0078 1019564.319121  x:  0.16457   3.71253   0.05842  
 11  0.0000 1019564.319121  x:  0.16457   3.71253   0.05842  
 12  0.0000 1019564.319121  x:  0.16457   3.71252   0.05842  
 13  0.0000 1019564.319121  x:  0.16457   3.71252   0.05842  
 14  0.0000 1019564.319121  x:  0.16457   3.71252   0.05842  
check convergence!


3 (And_hae) ... 1 (And_bic)
  0  0.0000 1016426.660301  x:  0.13222   3.38962   0.17367  
  1 99.0000 1014863.562291  x:  0.18396   3.39072   0.09841  
  2 36434.9213 1014133.703489  x:  0.17897   3.39130   0.05541  
  3 63425.6883 1014082.688511  x:  0.17759   3.93955   0.05896  
  4 198.8437 1013719.664893  x:  0.15154   3.72959   0.06219  
  5  0.2183 1013719.107501  x:  0.15143   3.68977   0.06132  
  6  0.0427 1013719.087507  x:  0.15147   3.68200   0.06142  
  7  0.0108 1013719.087468  x:  0.15148   3.68202   0.06142  
  8  0.0000 1013719.087467  x:  0.15148   3.68202   0.06142  
  9  0.0000 1013719.087467  x:  0.15148   3.68202   0.06142  
check convergence!


3 (And_hae) ... 2 (And_ful)
  0  0.0000 1015745.616980  x:  0.15866   3.27804   0.18736  
  1 99.0000 1013877.681385  x:  0.11917   3.27987   0.10513  
  2 35599.1394 1012968.024028  x:  0.12666   3.28094   0.05587  
  3 92653.4118 1012755.013935  x:  0.12990   4.42930   0.06431  
  4 434.8959 1012431.400715  x:  0.15162   4.11842   0.06327  
  5  0.3263 1012430.220313  x:  0.15167   4.11061   0.06168  
  6  0.0116 1012430.159573  x:  0.15162   4.08953   0.06164  
  7  0.0174 1012430.159332  x:  0.15160   4.08962   0.06164  
  8  0.0001 1012430.159332  x:  0.15160   4.08963   0.06164  
  9  0.0000 1012430.159331  x:  0.15160   4.08963   0.06164  
 10  0.0000 1012430.159331  x:  0.15160   4.08963   0.06164  
 11  0.0000 1012430.159331  x:  0.15160   4.08963   0.06164  
check convergence!


4 (And_hat) ... 1 (And_bic)
  0  0.0000 996373.566633  x:  0.12491   3.46511   0.16848  
  1 99.0000 995691.810357  x:  0.10006   3.46555   0.13211  
  2 28651.9485 994645.328051  x:  0.10495   3.46636   0.06151  
  3 58531.8132 994636.094284  x:  0.10527   3.71152   0.06354  
  4 74.2015 994505.946995  x:  0.11741   3.57790   0.06397  
  5  0.1464 994505.511093  x:  0.11749   3.59315   0.06300  
  6  0.0339 994505.509298  x:  0.11750   3.59658   0.06302  
  7  0.0034 994505.509297  x:  0.11750   3.59656   0.06302  

4 (And_hat) ... 2 (And_ful)
  0  0.0000 1017314.461298  x:  0.16743   3.10473   0.16356  
  1 99.0000 1015607.998038  x:  0.12764   3.10636   0.09646  
  2 38537.1697 1014866.151877  x:  0.13590   3.10741   0.05464  
  3 64607.2542 1014613.700621  x:  0.13911   4.27528   0.06319  
  4 513.8657 1014442.607962  x:  0.15556   4.10911   0.06211  
  5  0.1788 1014441.802404  x:  0.15557   4.09619   0.06082  
  6  0.0172 1014441.739084  x:  0.15552   4.07525   0.06081  
  7  0.0156 1014441.739005  x:  0.15551   4.07525   0.06082  
  8  0.0000 1014441.739005  x:  0.15551   4.07526   0.06082  
  9  0.0000 1014441.739005  x:  0.15551   4.07526   0.06082  
check convergence!


4 (And_hat) ... 3 (And_hae)
  0  0.0000 1010343.785836  x:  0.13967   3.47035   0.07964  
  1 99.0000 1010198.932130  x:  0.14910   3.47077   0.06319  
  2 14520.3184 1010191.513806  x:  0.14662   3.47101   0.06061  
  3 4439.6144 1010102.215213  x:  0.14631   4.25272   0.06407  
  4 261.2534 1010102.103922  x:  0.14640   4.24645   0.06357  
  5  0.0066 1010102.102367  x:  0.14636   4.24431   0.06356  
  6  0.0020 1010102.102310  x:  0.14637   4.24377   0.06356  

5 (And_mar) ... 1 (And_bic)
  0  0.0000 978427.231032  x:  0.08046   3.70954   0.16228  
  1 99.0000 978159.521271  x:  0.09632   3.70958   0.14827  
  2 27011.9853 977077.890610  x:  0.09601   3.70979   0.06129  
  3 31502.2774 977050.639749  x:  0.09620   3.25713   0.05739  
  4 111.1709 977019.552536  x:  0.09151   3.17382   0.06244  
  5  0.0934 977014.234769  x:  0.09026   3.22939   0.05954  
  6  0.1330 977014.224678  x:  0.09032   3.22575   0.05939  
  7  0.0042 977014.224601  x:  0.09032   3.22627   0.05940  
  8  0.0006 977014.224601  x:  0.09032   3.22626   0.05940  
  9  0.0000 977014.224601  x:  0.09032   3.22627   0.05940  
 10  0.0000 977014.224601  x:  0.09032   3.22627   0.05940  
 11  0.0000 977014.224601  x:  0.09032   3.22627   0.05940  
 12  0.0100 977014.224601  x:  0.09032   3.22627   0.05940  
check convergence!


5 (And_mar) ... 2 (And_ful)
  0  0.0000 1020620.139583  x:  0.16842   2.90754   0.09738  
  1 99.0000 1020012.520384  x:  0.15664   2.90849   0.06037  
  2 26832.3531 1019983.862554  x:  0.16266   2.90894   0.05622  
  3 8557.5157 1019814.633011  x:  0.16397   3.74183   0.06180  
  4 468.8530 1019813.991927  x:  0.16371   3.74886   0.06078  
  5  0.0096 1019813.967724  x:  0.16391   3.75129   0.06072  
  6  0.0024 1019813.967432  x:  0.16391   3.75252   0.06073  
  7  0.0008 1019813.967431  x:  0.16391   3.75253   0.06073  
  8  0.0000 1019813.967431  x:  0.16391   3.75253   0.06073  
  9  0.0000 1019813.967431  x:  0.16391   3.75252   0.06073  

5 (And_mar) ... 3 (And_hae)
  0  0.0000 1014560.950740  x:  0.15686   3.33195   0.13593  
  1 99.0000 1013520.536221  x:  0.13058   3.33272   0.08185  
  2 30475.8681 1013236.791873  x:  0.13989   3.33308   0.05848  
  3 37594.1110 1013193.804704  x:  0.14096   3.81686   0.06154  
  4 191.8766 1013142.572773  x:  0.14879   3.71193   0.06556  
  5  0.1396 1013141.280662  x:  0.14943   3.71454   0.06400  
  6  0.0033 1013141.278970  x:  0.14943   3.71144   0.06398  
  7  0.0028 1013141.278967  x:  0.14943   3.71142   0.06398  

5 (And_mar) ... 4 (And_hat)
  0  0.0000 994565.036496  x:  0.09367   3.44932   0.16103  
  1 99.0000 994002.406882  x:  0.11870   3.44949   0.14702  
  2 42818.2996 992846.950689  x:  0.11862   3.45042   0.06610  
  3 27406.8184 992843.918347  x:  0.11854   3.59500   0.06744  
  4 44.3975 992827.199681  x:  0.11467   3.61885   0.06426  
  5  0.0242 992825.043858  x:  0.11377   3.59468   0.06633  
  6  0.0510 992825.042709  x:  0.11379   3.59364   0.06629  
  7  0.0010 992825.042707  x:  0.11379   3.59357   0.06628  
  8  0.0001 992825.042707  x:  0.11379   3.59357   0.06628  

6 (And_tri) ... 1 (And_bic)
  0  0.0000 992696.961287  x:  0.10114   3.17192   0.05583  
  1 99.0000 992560.316261  x:  0.11324   3.17187   0.05875  
  2 22873.1751 992557.574324  x:  0.11285   3.17176   0.06143  
  3 2114.1599 992550.500072  x:  0.11288   2.99010   0.06069  
  4 74.1192 992550.491320  x:  0.11285   2.98648   0.06056  
  5  0.0036 992550.491266  x:  0.11284   2.98685   0.06056  
  6  0.0004 992550.491265  x:  0.11284   2.98685   0.06056  

6 (And_tri) ... 2 (And_ful)
  0  0.0000 1015496.779639  x:  0.12317   2.98093   0.04724  
  1 99.0000 1014750.983262  x:  0.15445   2.98111   0.05647  
  2 49561.5077 1014749.946811  x:  0.15487   2.98143   0.05518  
  3 1473.3102 1014654.180010  x:  0.15472   3.63043   0.05787  
  4 348.4081 1014654.080262  x:  0.15499   3.62983   0.05753  
  5  0.0007 1014654.079916  x:  0.15501   3.63010   0.05754  
  6  0.0002 1014654.079916  x:  0.15501   3.63012   0.05754  
  7  0.0000 1014654.079916  x:  0.15501   3.63012   0.05754  

6 (And_tri) ... 3 (And_hae)
  0  0.0000 1010571.071061  x:  0.14983   3.15688   0.11852  
  1 99.0000 1009761.806426  x:  0.12869   3.15760   0.07258  
  2 28201.2299 1009589.709507  x:  0.13729   3.15793   0.05600  
  3 27806.0604 1009538.121028  x:  0.13829   3.66858   0.05922  
  4 220.7342 1009517.874589  x:  0.14297   3.61038   0.06212  
  5  0.0800 1009517.454135  x:  0.14337   3.60668   0.06125  
  6  0.0039 1009517.453433  x:  0.14337   3.60471   0.06124  
  7  0.0016 1009517.453432  x:  0.14337   3.60472   0.06124  
  8  0.0000 1009517.453432  x:  0.14337   3.60472   0.06124  
  9  0.0000 1009517.453432  x:  0.14337   3.60472   0.06124  

6 (And_tri) ... 4 (And_hat)
  0  0.0000 992075.037428  x:  0.11272   3.08136   0.15265  
  1 99.0000 991222.547812  x:  0.09194   3.08247   0.09157  
  2 23282.5499 990810.155893  x:  0.09896   3.08310   0.05689  
  3 79375.7983 990750.824331  x:  0.10011   3.68476   0.06152  
  4 216.3350 990641.204151  x:  0.11033   3.48975   0.06626  
  5  0.2329 990638.409625  x:  0.11077   3.50561   0.06354  
  6  0.0195 990638.400376  x:  0.11075   3.49871   0.06344  
  7  0.0061 990638.400334  x:  0.11075   3.49854   0.06345  
  8  0.0002 990638.400334  x:  0.11075   3.49855   0.06345  
  9  0.0000 990638.400334  x:  0.11075   3.49855   0.06345  
 10  0.0000 990638.400334  x:  0.11075   3.49855   0.06345  

6 (And_tri) ... 5 (And_mar)
  0  0.0000 993112.216981  x:  0.08867   3.28341   0.16670  
  1 99.0000 992546.435995  x:  0.11289   3.28348   0.15496  
  2 45942.2739 991335.805814  x:  0.11309   3.28392   0.06791  
  3 24931.6941 991319.302346  x:  0.11320   2.99985   0.06491  
  4 110.5315 991309.053173  x:  0.11019   2.96697   0.06774  
  5  0.0328 991307.334627  x:  0.10945   2.98947   0.06607  
  6  0.0507 991307.333635  x:  0.10947   2.98849   0.06602  
  7  0.0011 991307.333632  x:  0.10947   2.98859   0.06603  
  8  0.0001 991307.333632  x:  0.10947   2.98859   0.06603  

7 (Bom_pas) ... 1 (And_bic)
  0  0.0000 1240429.989550  x:  0.99966   2.86420   0.12858  
  1 99.0000 1232637.307821  x:  0.99309   2.86562   0.05740  
  2 156281.9105 1232531.254218  x:  1.04246   2.89073   0.05199  
  3 3776.1564 1231624.743711  x:  1.09114   4.03691   0.05673  
  4 2417.6736 1231603.650287  x:  1.12505   4.04539   0.05547  
  5  0.0316 1231600.837929  x:  1.12707   4.06373   0.05456  
  6  0.0256 1231600.699301  x:  1.12775   4.08096   0.05460  
  7  0.0108 1231600.698874  x:  1.12790   4.08096   0.05460  
  8  0.0001 1231600.698874  x:  1.12790   4.08097   0.05460  

7 (Bom_pas) ... 2 (And_ful)
  0  0.0000 1235780.278235  x:  1.19493   3.71707   0.04698  
  1 99.0000 1235697.836910  x:  1.19499   3.71714   0.05130  
  2 39649.5736 1235668.454663  x:  1.15796   3.74601   0.05270  
  3 1174.5284 1235482.794020  x:  1.21889   4.38537   0.05188  
  4 885.7829 1235482.292959  x:  1.21408   4.39029   0.05193  
  5  0.0060 1235482.292828  x:  1.21410   4.39069   0.05193  
  6  0.0003 1235482.292826  x:  1.21411   4.39072   0.05193  
  7  0.0000 1235482.292826  x:  1.21411   4.39072   0.05193  

7 (Bom_pas) ... 3 (And_hae)
  0  0.0000 1242406.193961  x:  1.12996   3.83099   0.14079  
  1 99.0000 1231359.574985  x:  1.11896   3.83174   0.05465  
  2 172335.3282 1231355.645170  x:  1.10949   3.83854   0.05588  
  3 678.8285 1231293.021021  x:  1.13380   4.20684   0.05521  
  4 493.0645 1231291.857226  x:  1.12794   4.20414   0.05506  
  5  0.0103 1231291.856806  x:  1.12782   4.20396   0.05507  
  6  0.0002 1231291.856806  x:  1.12782   4.20392   0.05507  
  7  0.0000 1231291.856806  x:  1.12782   4.20392   0.05507  
  8  0.0000 1231291.856806  x:  1.12782   4.20392   0.05507  
check convergence!


7 (Bom_pas) ... 4 (And_hat)
  0  0.0000 1232499.609492  x:  1.06887   3.54711   0.07299  
  1 99.0000 1231708.239815  x:  1.06809   3.54732   0.05590  
  2 82834.4069 1231676.545688  x:  1.10740   3.56868   0.05358  
  3 1455.2325 1231443.822617  x:  1.13461   4.25456   0.05437  
  4 1006.6370 1231442.840095  x:  1.14103   4.25645   0.05438  
  5  0.0067 1231442.781349  x:  1.14204   4.25757   0.05423  
  6  0.0018 1231442.781086  x:  1.14210   4.25837   0.05423  
  7  0.0006 1231442.781086  x:  1.14210   4.25837   0.05423  

7 (Bom_pas) ... 5 (And_mar)
  0  0.0000 1231427.551622  x:  1.04445   3.70096   0.06230  
  1 99.0000 1231365.496576  x:  1.04460   3.70102   0.05773  
  2 26311.2027 1231312.458391  x:  1.09493   3.70648   0.05516  
  3 2202.0326 1231256.031976  x:  1.11283   4.04392   0.05517  
  4 359.6909 1231255.815841  x:  1.11424   4.04348   0.05533  
  5  0.0017 1231255.810642  x:  1.11470   4.04329   0.05529  
  6  0.0005 1231255.810640  x:  1.11471   4.04336   0.05529  
  7  0.0001 1231255.810640  x:  1.11471   4.04336   0.05529  

7 (Bom_pas) ... 6 (And_tri)
  0  0.0000 1252199.270748  x:  1.21396   3.62603   0.18256  
  1 99.0000 1230888.991301  x:  1.18971   3.62778   0.05057  
  2 187471.2519 1230849.582813  x:  1.16615   3.63293   0.05452  
  3 3350.0234 1230737.904052  x:  1.19626   4.10987   0.05400  
  4 510.2006 1230623.201821  x:  1.11894   4.05869   0.05485  
  5  0.1136 1230622.784237  x:  1.12159   4.07004   0.05447  
  6  0.0113 1230622.781295  x:  1.12127   4.07069   0.05447  
  7  0.0008 1230622.781259  x:  1.12129   4.07094   0.05447  
  8  0.0002 1230622.781259  x:  1.12129   4.07094   0.05447  