

2 (And_ful) ... 1 (And_bic)
  0  0.0000 1082858.138144  x:  0.17586   1.42041   0.47494  
  1 99.0000 1080803.967277  x:  0.12567   1.43537   0.40465  
  2 41904.8077 1067635.273038  x:  0.11621   1.50809   0.05163  
  3 115240.6821 1066715.934302  x:  0.11985   2.06866   0.09822  
  4 4247.4692 1064113.412536  x:  0.14182   2.78420   0.04494  
  5  2.2098 1063568.067608  x:  0.16139   2.99302   0.06593  
  6  0.2359 1063424.568623  x:  0.17103   3.31523   0.05619  
  7  0.2251 1063390.299991  x:  0.16644   3.62235   0.05914  
  8  0.0907 1063389.243242  x:  0.16755   3.66007   0.05870  
  9  0.0305 1063389.224663  x:  0.16753   3.66575   0.05886  
 10  0.0049 1063389.224656  x:  0.16753   3.66583   0.05886  
 11  0.0001 1063389.224656  x:  0.16753   3.66583   0.05886  

3 (And_hae) ... 1 (And_bic)
  0  0.0000 1058863.963964  x:  0.12891   3.21774   0.05944  
  1 99.0000 1058345.365705  x:  0.15638   3.21783   0.06074  
  2 40516.6834 1058343.957386  x:  0.15653   3.21797   0.05915  
  3 1731.6234 1058322.999121  x:  0.15655   3.52183   0.06038  
  4 146.7956 1058322.989978  x:  0.15662   3.52095   0.06026  
  5  0.0008 1058322.989901  x:  0.15663   3.52078   0.06026  
  6  0.0001 1058322.989901  x:  0.15663   3.52078   0.06026  

3 (And_hae) ... 2 (And_ful)
  0  0.0000 1056915.307142  x:  0.15580   3.27896   0.17374  
  1 99.0000 1055094.297269  x:  0.12147   3.28060   0.09160  
  2 34881.8442 1054490.769386  x:  0.13034   3.28133   0.05587  
  3 78689.7827 1054330.634798  x:  0.13320   4.24473   0.06257  
  4 382.9962 1054118.684352  x:  0.14966   3.95764   0.06605  
  5  0.3411 1054114.414854  x:  0.15032   3.95789   0.06312  
  6  0.0036 1054114.380585  x:  0.15038   3.94364   0.06303  
  7  0.0127 1054114.380379  x:  0.15036   3.94322   0.06304  
  8  0.0004 1054114.380377  x:  0.15036   3.94323   0.06304  

4 (And_hat) ... 1 (And_bic)
  0  0.0000 1038513.488857  x:  0.12842   3.54421   0.13159  
  1 99.0000 1037988.353214  x:  0.10716   3.54443   0.10247  
  2 27213.4282 1037531.228670  x:  0.11329   3.54470   0.06285  
  3 38651.4120 1037530.624495  x:  0.11340   3.60674   0.06327  
  4  9.7157 1037488.905752  x:  0.11988   3.50713   0.06606  
  5  0.2303 1037487.814734  x:  0.12028   3.52282   0.06454  
  6  0.0239 1037487.814713  x:  0.12029   3.52300   0.06453  
  7  0.0002 1037487.814712  x:  0.12029   3.52300   0.06453  
  8  0.0000 1037487.814712  x:  0.12029   3.52300   0.06453  

4 (And_hat) ... 2 (And_ful)
  0  0.0000 1060248.468331  x:  0.16605   3.34306   0.17290  
  1 99.0000 1058302.126761  x:  0.12680   3.34461   0.09476  
  2 38508.1882 1057565.516094  x:  0.13537   3.34539   0.05476  
  3 76566.1699 1057388.244056  x:  0.13833   4.36673   0.06159  
  4 400.7634 1057147.479150  x:  0.15687   4.09126   0.06333  
  5  0.3095 1057144.428038  x:  0.15725   4.09100   0.06092  
  6  0.0033 1057144.390321  x:  0.15727   4.07511   0.06085  
  7  0.0134 1057144.390113  x:  0.15726   4.07487   0.06085  
  8  0.0002 1057144.390112  x:  0.15726   4.07488   0.06085  
  9  0.0000 1057144.390112  x:  0.15726   4.07489   0.06085  

4 (And_hat) ... 3 (And_hae)
  0  0.0000 1053446.544414  x:  0.14518   3.67394   0.12279  
  1 99.0000 1052429.711204  x:  0.14239   3.67466   0.06231  
  2 26152.3212 1052414.122420  x:  0.14723   3.67477   0.06087  
  3 6668.7959 1052388.735580  x:  0.14751   4.07259   0.06354  
  4 135.5394 1052388.483858  x:  0.14740   4.07965   0.06287  
  5  0.0147 1052388.483754  x:  0.14741   4.08024   0.06286  
  6  0.0005 1052388.483753  x:  0.14741   4.08029   0.06286  

5 (And_mar) ... 1 (And_bic)
  0  0.0000 1019242.427209  x:  0.09350   3.50370   0.09670  
  1 99.0000 1019079.552309  x:  0.08567   3.50365   0.07470  
  2 13053.0289 1019005.256169  x:  0.09049   3.50359   0.06138  
  3 24874.1449 1018987.968143  x:  0.09034   3.16321   0.05957  
  4 95.6483 1018981.645103  x:  0.09203   3.14228   0.06247  
  5  0.0288 1018981.510028  x:  0.09226   3.14963   0.06203  
  6  0.0080 1018981.509615  x:  0.09226   3.14819   0.06201  
  7  0.0017 1018981.509613  x:  0.09226   3.14822   0.06201  
  8  0.0000 1018981.509613  x:  0.09226   3.14821   0.06201  
  9  0.0000 1018981.509613  x:  0.09226   3.14821   0.06201  
 10  0.0000 1018981.509613  x:  0.09226   3.14821   0.06201  
check convergence!


5 (And_mar) ... 2 (And_ful)
  0  0.0000 1065367.099174  x:  0.13101   2.98404   0.15242  
  1 99.0000 1063790.427033  x:  0.18337   2.98499   0.11155  
  2 53689.1453 1062706.580341  x:  0.18113   2.98619   0.05741  
  3 47281.9550 1062562.106776  x:  0.17997   3.74908   0.06384  
  4 428.9970 1062434.954125  x:  0.16548   3.75174   0.05918  
  5  0.0135 1062429.088650  x:  0.16413   3.72078   0.06210  
  6  0.0542 1062429.022825  x:  0.16428   3.70421   0.06202  
  7  0.0127 1062429.021652  x:  0.16424   3.70315   0.06200  
  8  0.0011 1062429.021651  x:  0.16424   3.70317   0.06200  
  9  0.0000 1062429.021651  x:  0.16424   3.70317   0.06200  

5 (And_mar) ... 3 (And_hae)
  0  0.0000 1058886.216176  x:  0.15009   3.21919   0.15993  
  1 99.0000 1056842.253885  x:  0.13995   3.22068   0.06572  
  2 31117.8545 1056751.820965  x:  0.15024   3.22087   0.05869  
  3 18949.4766 1056720.043913  x:  0.15125   3.58541   0.06219  
  4 184.6159 1056718.086123  x:  0.15210   3.55406   0.06366  
  5  0.0759 1056718.065882  x:  0.15223   3.55162   0.06350  
  6  0.0022 1056718.065869  x:  0.15223   3.55138   0.06350  
  7  0.0002 1056718.065869  x:  0.15223   3.55138   0.06350  
  8  0.0000 1056718.065869  x:  0.15223   3.55138   0.06350  

5 (And_mar) ... 4 (And_hat)
  0  0.0000 1035869.606082  x:  0.11906   3.10672   0.15690  
  1 99.0000 1035240.598762  x:  0.09740   3.10746   0.11709  
  2 25657.3384 1034551.937462  x:  0.10335   3.10844   0.06432  
  3 63946.1631 1034502.141583  x:  0.10408   3.63619   0.06898  
  4 205.7825 1034405.295881  x:  0.11422   3.53139   0.06959  
  5  0.1105 1034404.865472  x:  0.11429   3.53564   0.06848  
  6  0.0073 1034404.862494  x:  0.11429   3.53143   0.06844  
  7  0.0036 1034404.862489  x:  0.11429   3.53139   0.06845  

6 (And_tri) ... 1 (And_bic)
  0  0.0000 1037579.889478  x:  0.10734   3.11723   0.11552  
  1 99.0000 1037095.666933  x:  0.13066   3.11738   0.08751  
  2 27821.4063 1036754.315105  x:  0.12646   3.11750   0.05662  
  3 34517.5291 1036751.578961  x:  0.12656   3.01185   0.05594  
  4 46.6077 1036702.538051  x:  0.11912   2.96678   0.05932  
  5  0.0516 1036701.942260  x:  0.11876   2.97554   0.05835  
  6  0.0133 1036701.942093  x:  0.11875   2.97494   0.05834  
  7  0.0006 1036701.942093  x:  0.11875   2.97498   0.05834  
  8  0.0000 1036701.942093  x:  0.11875   2.97497   0.05834  

6 (And_tri) ... 2 (And_ful)
  0  0.0000 1061395.658814  x:  0.16191   2.68390   0.17169  
  1 99.0000 1058743.549646  x:  0.12761   2.68699   0.07110  
  2 39293.6387 1058312.762912  x:  0.13724   2.68781   0.04723  
  3 69681.7433 1057922.885848  x:  0.14332   3.90273   0.05709  
  4 780.4512 1057780.335674  x:  0.15734   3.66072   0.05976  
  5  0.3096 1057775.778412  x:  0.15776   3.62932   0.05691  
  6  0.0288 1057775.703099  x:  0.15772   3.60999   0.05689  
  7  0.0146 1057775.702289  x:  0.15769   3.60997   0.05689  
  8  0.0000 1057775.702288  x:  0.15769   3.60998   0.05689  
  9  0.0000 1057775.702288  x:  0.15769   3.60999   0.05689  

6 (And_tri) ... 3 (And_hae)
  0  0.0000 1054815.983300  x:  0.12253   3.26403   0.10357  
  1 99.0000 1054007.269212  x:  0.15629   3.26427   0.08261  
  2 44188.7892 1053727.160741  x:  0.15361   3.26457   0.05729  
  3 23726.5505 1053711.848720  x:  0.15344   3.53216   0.05877  
  4 119.6276 1053697.188764  x:  0.14857   3.51984   0.05914  
  5  0.0114 1053697.187414  x:  0.14855   3.51821   0.05917  
  6  0.0019 1053697.187351  x:  0.14855   3.51784   0.05916  
  7  0.0004 1053697.187351  x:  0.14855   3.51782   0.05916  
  8  0.0000 1053697.187351  x:  0.14855   3.51782   0.05916  

6 (And_tri) ... 4 (And_hat)
  0  0.0000 1035027.303774  x:  0.10681   3.25679   0.16617  
  1 99.0000 1033745.131130  x:  0.13755   3.25805   0.08001  
  2 25416.1511 1033413.402458  x:  0.13028   3.25843   0.05312  
  3 64273.3202 1033370.674179  x:  0.12860   3.79114   0.05661  
  4 170.1826 1033177.461026  x:  0.11389   3.51959   0.06261  
  5  0.4145 1033177.190311  x:  0.11395   3.48126   0.06220  
  6  0.0386 1033177.188253  x:  0.11396   3.48187   0.06213  
  7  0.0007 1033177.188247  x:  0.11396   3.48181   0.06213  
  8  0.0001 1033177.188247  x:  0.11396   3.48181   0.06213  

6 (And_tri) ... 5 (And_mar)
  0  0.0000 1035136.169065  x:  0.09039   3.15315   0.11872  
  1 99.0000 1034509.804002  x:  0.11557   3.15320   0.10899  
  2 50795.6221 1034018.020559  x:  0.11508   3.15336   0.06383  
  3 20292.1981 1034011.935907  x:  0.11513   2.99786   0.06263  
  4 71.2502 1034008.274782  x:  0.11327   2.97556   0.06391  
  5  0.0200 1034008.026509  x:  0.11304   2.98115   0.06324  
  6  0.0096 1034008.025953  x:  0.11304   2.98269   0.06325  
  7  0.0017 1034008.025952  x:  0.11304   2.98269   0.06325  
  8  0.0000 1034008.025952  x:  0.11304   2.98270   0.06325  

7 (Bom_pas) ... 1 (And_bic)
  0  0.0000 1287431.679777  x:  1.22946   2.96341   0.04774  
  1 99.0000 1287411.859653  x:  1.22890   2.96364   0.04981  
  2 18914.4039 1286830.802152  x:  1.06319   3.02624   0.05613  
  3 6553.5028 1286125.947271  x:  1.15726   4.06441   0.05584  
  4 1702.6094 1286118.405597  x:  1.13871   4.08091   0.05644  
  5  0.0249 1286118.396252  x:  1.13886   4.08343   0.05639  
  6  0.0017 1286118.396110  x:  1.13895   4.08370   0.05639  
  7  0.0002 1286118.396106  x:  1.13894   4.08377   0.05639  

7 (Bom_pas) ... 2 (And_ful)
  0  0.0000 1302322.798667  x:  1.38913   3.63608   0.11733  
  1 99.0000 1290507.367812  x:  1.38064   3.63691   0.04636  
  2 225968.0955 1290109.314163  x:  1.23741   3.66824   0.05997  
  3 5929.8347 1289893.004781  x:  1.30060   4.33517   0.05812  
  4 718.7580 1289545.989637  x:  1.17868   4.29306   0.05738  
  5  0.1922 1289527.562671  x:  1.20227   4.32603   0.05478  
  6  0.0491 1289527.394419  x:  1.20003   4.32034   0.05470  
  7  0.0066 1289527.392710  x:  1.19987   4.31845   0.05471  
  8  0.0015 1289527.392688  x:  1.19990   4.31839   0.05471  

7 (Bom_pas) ... 3 (And_hae)
  0  0.0000 1302713.255116  x:  1.10322   3.64481   0.18191  
  1 99.0000 1285325.298371  x:  1.08297   3.64636   0.05810  
  2 172648.9239 1285320.092411  x:  1.09188   3.65641   0.05671  
  3 760.1835 1285176.645541  x:  1.11526   4.17807   0.05765  
  4 1455.6742 1285173.760112  x:  1.12681   4.18141   0.05746  
  5  0.0166 1285173.676740  x:  1.12765   4.18376   0.05728  
  6  0.0025 1285173.676424  x:  1.12771   4.18459   0.05728  
  7  0.0007 1285173.676424  x:  1.12771   4.18459   0.05728  

7 (Bom_pas) ... 4 (And_hat)
  0  0.0000 1301919.030042  x:  1.17936   3.58162   0.16246  
  1 99.0000 1285615.907996  x:  1.16222   3.58305   0.05395  
  2 188093.8837 1285583.510189  x:  1.13672   3.59251   0.05773  
  3 2530.6975 1285375.441039  x:  1.17946   4.22927   0.05693  
  4 772.7526 1285330.907637  x:  1.13918   4.21505   0.05659  
  5  0.0600 1285330.865530  x:  1.13981   4.21804   0.05647  
  6  0.0030 1285330.865204  x:  1.13979   4.21879   0.05647  
  7  0.0006 1285330.865202  x:  1.13981   4.21882   0.05647  

7 (Bom_pas) ... 5 (And_mar)
  0  0.0000 1290086.538065  x:  0.99208   3.54463   0.11487  
  1 99.0000 1285512.865732  x:  0.98885   3.54506   0.06252  
  2 135151.2503 1285326.802400  x:  1.05954   3.54968   0.05543  
  3 5259.3721 1285185.877937  x:  1.08432   4.06227   0.05587  
  4 599.3103 1285129.702602  x:  1.10882   4.05266   0.05825  
  5  0.0490 1285126.906222  x:  1.11915   4.05261   0.05731  
  6  0.0081 1285126.896365  x:  1.11949   4.05712   0.05731  
  7  0.0037 1285126.896364  x:  1.11949   4.05711   0.05731  

7 (Bom_pas) ... 6 (And_tri)
  0  0.0000 1286966.371906  x:  1.02710   3.46400   0.08577  
  1 99.0000 1285413.105067  x:  1.02601   3.46425   0.05984  
  2 102815.2555 1285315.625572  x:  1.08764   3.47477   0.05537  
  3 3226.6234 1285130.234172  x:  1.11585   4.05244   0.05583  
  4 728.7139 1285123.127795  x:  1.12346   4.05084   0.05677  
  5  0.0120 1285122.751634  x:  1.12748   4.05043   0.05645  
  6  0.0034 1285122.751004  x:  1.12755   4.05158   0.05645  
  7  0.0009 1285122.751003  x:  1.12755   4.05158   0.05645  