Supplemental results for CODEML (seqf: /home/yzliu/eDNA/faststorage/yzliu/DK_proj/data/ref_genome/ref_annotation/primary_transcripts/extracted_cds_new/new_transcript_id_7_and_pas/bootstraps/cat.out.OG_cds_7_species_same_header_fas.shuf_537OG_487.phy  treef: xxx.trees)


pairwise comparison (Goldman & Yang 1994)
seq seq        N       S       dN       dS     dN/dS   Paras.
  2   1 486337.3 190039.7   0.0091   0.1746   0.0520   0.1667   3.5975   0.0520 -1044642.603
  3   1 486075.1 190301.9   0.0089   0.1642   0.0542   0.1577   3.4967   0.0542 -1040961.012
  3   2 484312.2 192064.8   0.0089   0.1552   0.0571   0.1513   3.9290   0.0571 -1036759.189
  4   1 486104.0 190273.0   0.0071   0.1244   0.0574   0.1204   3.4862   0.0574 -1020271.447
  4   2 483229.3 193147.7   0.0090   0.1605   0.0562   0.1569   4.0880   0.0562 -1039328.526
  4   3 482565.9 193811.1   0.0090   0.1540   0.0582   0.1516   4.0142   0.0582 -1037466.906
  5   1 488803.3 187573.7   0.0053   0.0959   0.0550   0.0912   3.1263   0.0550 -1001451.989
  5   2 485418.6 190958.4   0.0091   0.1686   0.0543   0.1625   3.6898   0.0543 -1042970.948
  5   3 485581.5 190795.5   0.0089   0.1579   0.0561   0.1527   3.5353   0.0561 -1038738.398
  5   4 485196.3 191180.7   0.0070   0.1168   0.0603   0.1142   3.5787   0.0603 -1016854.859
  6   1 491040.1 185336.9   0.0065   0.1225   0.0531   0.1149   2.8919   0.0531 -1017195.380
  6   2 486537.8 189839.2   0.0085   0.1620   0.0523   0.1547   3.5430   0.0523 -1038553.624
  6   3 486126.1 190250.9   0.0086   0.1544   0.0555   0.1487   3.4675   0.0555 -1036517.235
  6   4 485858.9 190518.1   0.0067   0.1161   0.0580   0.1126   3.4947   0.0580 -1015518.497
  6   5 489999.0 186378.0   0.0065   0.1148   0.0564   0.1090   2.9803   0.0564 -1013943.252
  7   1 483767.9 192609.1   0.0616   1.2004   0.0513   1.1577   4.2822   0.0513 -1257523.576
  7   2 479956.4 196420.6   0.0625   1.2678   0.0493   1.2375   4.6320   0.0493 -1260996.396
  7   3 482386.8 193990.2   0.0621   1.1998   0.0518   1.1652   4.4387   0.0518 -1257924.770
  7   4 482285.3 194091.7   0.0617   1.2040   0.0513   1.1686   4.4538   0.0513 -1257519.044
  7   5 483914.5 192462.5   0.0615   1.1844   0.0519   1.1431   4.3010   0.0519 -1256551.206
  7   6 483993.9 192383.1   0.0613   1.1896   0.0515   1.1466   4.2729   0.0515 -1256506.611

