

2 (And_ful) ... 1 (And_bic)
  0  0.0000 1068584.357026  x:  0.14901   1.60060   0.46167  
  1 99.0000 1053525.154806  x:  0.19165   1.67200   0.04756  
  2 33040.2994 1053375.425898  x:  0.18236   1.67445   0.03825  
  3 36203.6976 1052194.785179  x:  0.14743   2.22457   0.05567  
  4 4526.4493 1051543.760345  x:  0.17229   3.00039   0.05289  
  5  1.6117 1051396.602941  x:  0.15932   3.42732   0.05748  
  6  0.2293 1051381.176273  x:  0.16294   3.62688   0.05783  
  7  0.1093 1051380.627054  x:  0.16219   3.66137   0.05794  
  8  0.0289 1051380.619864  x:  0.16224   3.66353   0.05785  
  9  0.0015 1051380.619640  x:  0.16223   3.66293   0.05784  
 10  0.0005 1051380.619640  x:  0.16223   3.66291   0.05784  

3 (And_hae) ... 1 (And_bic)
  0  0.0000 1050040.387909  x:  0.16347   3.28457   0.13456  
  1 99.0000 1048706.681475  x:  0.13504   3.28539   0.07487  
  2 34779.5514 1048425.494430  x:  0.14462   3.28570   0.05392  
  3 38027.8978 1048382.451828  x:  0.14583   3.74483   0.05678  
  4 200.4203 1048321.413922  x:  0.15427   3.62363   0.06099  
  5  0.1692 1048319.889265  x:  0.15501   3.62889   0.05945  
  6  0.0058 1048319.887302  x:  0.15501   3.62574   0.05943  
  7  0.0029 1048319.887299  x:  0.15501   3.62571   0.05943  

3 (And_hae) ... 2 (And_ful)
  0  0.0000 1046756.478309  x:  0.13252   3.27259   0.17491  
  1 99.0000 1044880.485868  x:  0.18143   3.27457   0.08378  
  2 35206.3313 1044394.591702  x:  0.17442   3.27524   0.05322  
  3 61275.6083 1044182.765601  x:  0.17038   4.45446   0.06060  
  4 425.0443 1043898.855240  x:  0.14815   4.19880   0.06331  
  5  0.3130 1043895.839772  x:  0.14846   4.05340   0.06329  
  6  0.1197 1043895.797413  x:  0.14847   4.04966   0.06299  
  7  0.0041 1043895.797411  x:  0.14848   4.04972   0.06299  
  8  0.0001 1043895.797411  x:  0.14848   4.04971   0.06299  
  9  0.0000 1043895.797411  x:  0.14848   4.04971   0.06299  
 10  0.0000 1043895.797411  x:  0.14848   4.04971   0.06299  
check convergence!


4 (And_hat) ... 1 (And_bic)
  0  0.0000 1026419.713874  x:  0.10814   3.51930   0.05600  
  1 99.0000 1026332.784226  x:  0.11790   3.51931   0.05845  
  2 17815.8628 1026331.515785  x:  0.11761   3.51934   0.06017  
  3 1483.3782 1026330.158197  x:  0.11761   3.61834   0.06052  
  4 29.3138 1026330.154883  x:  0.11760   3.61365   0.06050  
  5  0.0045 1026330.154883  x:  0.11760   3.61364   0.06050  
  6  0.0000 1026330.154883  x:  0.11760   3.61364   0.06050  

4 (And_hat) ... 2 (And_ful)
  0  0.0000 1047482.550348  x:  0.14469   3.39596   0.11899  
  1 99.0000 1046395.102873  x:  0.16020   3.39696   0.06035  
  2 28761.9256 1046369.191621  x:  0.15463   3.39721   0.05704  
  3 8491.9595 1046281.630443  x:  0.15346   4.09393   0.06171  
  4 278.6674 1046281.469941  x:  0.15371   4.09982   0.06122  
  5  0.0105 1046281.465434  x:  0.15364   4.10111   0.06119  
  6  0.0013 1046281.465397  x:  0.15364   4.10160   0.06120  
  7  0.0004 1046281.465397  x:  0.15364   4.10160   0.06120  

4 (And_hat) ... 3 (And_hae)
  0  0.0000 1044966.925628  x:  0.13430   3.63524   0.12849  
  1 99.0000 1043944.120173  x:  0.16499   3.63600   0.07340  
  2 30449.8454 1043753.229770  x:  0.15740   3.63629   0.05598  
  3 29238.3441 1043691.432927  x:  0.15614   4.29257   0.05935  
  4 206.4662 1043644.681272  x:  0.14794   4.19764   0.06291  
  5  0.1311 1043644.593481  x:  0.14783   4.17457   0.06269  
  6  0.0202 1043644.592542  x:  0.14786   4.17331   0.06270  
  7  0.0013 1043644.592542  x:  0.14786   4.17332   0.06270  

5 (And_mar) ... 1 (And_bic)
  0  0.0000 1007968.909147  x:  0.09003   3.48326   0.13395  
  1 99.0000 1007618.942184  x:  0.07597   3.48335   0.10272  
  2 19091.2141 1007165.179896  x:  0.08059   3.48346   0.05774  
  3 65679.3382 1007154.419965  x:  0.08041   3.20967   0.05590  
  4 71.8635 1007084.357210  x:  0.08722   3.08877   0.06162  
  5  0.1463 1007080.431037  x:  0.08797   3.13564   0.05873  
  6  0.0753 1007080.426647  x:  0.08796   3.13161   0.05865  
  7  0.0047 1007080.426593  x:  0.08795   3.13183   0.05865  
  8  0.0002 1007080.426593  x:  0.08795   3.13183   0.05865  

5 (And_mar) ... 2 (And_ful)
  0  0.0000 1054394.435671  x:  0.13045   2.80514   0.16556  
  1 99.0000 1052683.490360  x:  0.18657   2.80667   0.11307  
  2 50744.9539 1051378.607417  x:  0.18460   2.80828   0.05374  
  3 59017.6956 1051131.043498  x:  0.18233   3.78585   0.06309  
  4 592.0938 1050887.753337  x:  0.16281   3.80643   0.05539  
  5  0.0271 1050872.552056  x:  0.16027   3.75220   0.05983  
  6  0.0954 1050872.161608  x:  0.16060   3.71082   0.05965  
  7  0.0296 1050872.151134  x:  0.16049   3.70744   0.05958  
  8  0.0036 1050872.151121  x:  0.16050   3.70752   0.05957  
  9  0.0001 1050872.151121  x:  0.16050   3.70751   0.05957  

5 (And_mar) ... 3 (And_hae)
  0  0.0000 1047065.788794  x:  0.12861   3.18337   0.05798  
  1 99.0000 1046708.792899  x:  0.15108   3.18350   0.06064  
  2 33454.4561 1046708.461062  x:  0.15119   3.18374   0.05986  
  3 793.5284 1046659.147930  x:  0.15119   3.67179   0.06195  
  4 239.6490 1046659.118144  x:  0.15128   3.66842   0.06172  
  5  0.0032 1046659.118077  x:  0.15128   3.66797   0.06172  
  6  0.0004 1046659.118077  x:  0.15128   3.66796   0.06173  

5 (And_mar) ... 4 (And_hat)
  0  0.0000 1023691.797543  x:  0.11531   3.26940   0.07073  
  1 99.0000 1023664.073243  x:  0.11079   3.26952   0.06565  
  2 7957.6085 1023656.784623  x:  0.11238   3.26967   0.06182  
  3 4240.9733 1023640.328553  x:  0.11241   3.58930   0.06330  
  4 109.1096 1023640.318542  x:  0.11249   3.58840   0.06318  
  5  0.0009 1023640.318540  x:  0.11249   3.58831   0.06318  
  6  0.0001 1023640.318540  x:  0.11249   3.58830   0.06318  
  7  0.0000 1023640.318540  x:  0.11249   3.58830   0.06318  
check convergence!


6 (And_tri) ... 1 (And_bic)
  0  0.0000 1024746.319368  x:  0.09788   3.29422   0.09375  
  1 99.0000 1024392.928138  x:  0.11740   3.29422   0.08242  
  2 33391.8947 1024168.953103  x:  0.11576   3.29417   0.05638  
  3 18646.1733 1024152.131428  x:  0.11587   3.00913   0.05478  
  4 110.4804 1024146.501909  x:  0.11347   2.99547   0.05617  
  5  0.0132 1024146.348647  x:  0.11331   2.99986   0.05567  
  6  0.0066 1024146.348629  x:  0.11331   3.00005   0.05567  
  7  0.0002 1024146.348629  x:  0.11331   3.00004   0.05567  
  8  0.0000 1024146.348629  x:  0.11331   3.00004   0.05567  
  9  0.0000 1024146.348629  x:  0.11331   3.00004   0.05567  
check convergence!


6 (And_tri) ... 2 (And_ful)
  0  0.0000 1050999.046946  x:  0.16599   2.87276   0.18269  
  1 99.0000 1048888.292101  x:  0.12167   2.87471   0.10607  
  2 41752.2268 1047731.614003  x:  0.12842   2.87604   0.05217  
  3 91107.0864 1047508.726400  x:  0.13158   3.84968   0.06076  
  4 537.3981 1047142.547246  x:  0.15467   3.61109   0.05657  
  5  0.2472 1047142.314037  x:  0.15462   3.58530   0.05692  
  6  0.0304 1047142.271018  x:  0.15456   3.57551   0.05670  
  7  0.0112 1047142.270858  x:  0.15455   3.57576   0.05670  
  8  0.0002 1047142.270857  x:  0.15455   3.57574   0.05670  
  9  0.0000 1047142.270857  x:  0.15455   3.57574   0.05670  

6 (And_tri) ... 3 (And_hae)
  0  0.0000 1046602.946688  x:  0.16009   3.38320   0.14278  
  1 99.0000 1045330.526911  x:  0.12685   3.38382   0.08950  
  2 36271.0749 1044813.130529  x:  0.13524   3.38419   0.05549  
  3 49166.6932 1044793.473612  x:  0.13595   3.70477   0.05753  
  4 126.8583 1044685.459799  x:  0.14782   3.55283   0.06140  
  5  0.1848 1044682.634393  x:  0.14842   3.57552   0.05922  
  6  0.0306 1044682.632802  x:  0.14839   3.57369   0.05919  
  7  0.0017 1044682.632798  x:  0.14839   3.57369   0.05919  
  8  0.0000 1044682.632798  x:  0.14839   3.57369   0.05919  
  9  0.0000 1044682.632798  x:  0.14839   3.57369   0.05919  

6 (And_tri) ... 4 (And_hat)
  0  0.0000 1023102.341290  x:  0.10164   3.05779   0.08419  
  1 99.0000 1022925.661245  x:  0.11517   3.05798   0.07451  
  2 22085.3647 1022835.146457  x:  0.11317   3.05833   0.05885  
  3 13505.1441 1022800.343986  x:  0.11294   3.50144   0.06137  
  4 170.6995 1022798.732352  x:  0.11162   3.49792   0.06096  
  5  0.0037 1022798.726954  x:  0.11160   3.49693   0.06107  
  6  0.0012 1022798.726924  x:  0.11160   3.49650   0.06107  
  7  0.0004 1022798.726924  x:  0.11160   3.49650   0.06107  

6 (And_tri) ... 5 (And_mar)
  0  0.0000 1024097.292218  x:  0.09159   3.06695   0.16181  
  1 99.0000 1023543.364229  x:  0.11597   3.06713   0.14531  
  2 41094.5400 1022152.900348  x:  0.11598   3.06798   0.05937  
  3 33587.0008 1022151.868449  x:  0.11601   3.00327   0.05864  
  4 28.1932 1022113.166589  x:  0.10929   2.99153   0.05903  
  5  0.0120 1022113.163350  x:  0.10929   2.99287   0.05895  
  6  0.0038 1022113.163321  x:  0.10929   2.99320   0.05896  
  7  0.0003 1022113.163321  x:  0.10929   2.99320   0.05896  

7 (Bom_pas) ... 1 (And_bic)
  0  0.0000 1286205.399845  x:  1.05439   2.83253   0.16941  
  1 99.0000 1268606.974526  x:  1.03708   2.83529   0.05235  
  2 184380.4113 1268527.528524  x:  1.07091   2.89138   0.04782  
  3 2353.4139 1267502.120449  x:  1.11859   4.03299   0.05484  
  4 8754.8926 1267466.794442  x:  1.12687   4.11490   0.05176  
  5  0.0664 1267462.963472  x:  1.14252   4.15027   0.05135  
  6  0.0390 1267462.661776  x:  1.14218   4.17250   0.05149  
  7  0.0154 1267462.660036  x:  1.14228   4.17322   0.05147  
  8  0.0008 1267462.660035  x:  1.14229   4.17323   0.05147  

7 (Bom_pas) ... 2 (And_ful)
  0  0.0000 1272116.206484  x:  1.19298   3.68359   0.04944  
  1 99.0000 1272115.674083  x:  1.19285   3.68371   0.04910  
  2 2773.1468 1272079.743554  x:  1.15346   3.72135   0.05076  
  3 1534.9730 1271823.154971  x:  1.22851   4.46710   0.04967  
  4 1217.3913 1271822.113869  x:  1.22245   4.47490   0.04963  
  5  0.0086 1271822.109594  x:  1.22224   4.47598   0.04966  
  6  0.0010 1271822.109582  x:  1.22227   4.47615   0.04966  
  7  0.0001 1271822.109582  x:  1.22226   4.47615   0.04966  

7 (Bom_pas) ... 3 (And_hae)
  0  0.0000 1278090.976681  x:  1.01207   3.70545   0.14118  
  1 99.0000 1268038.003501  x:  1.00413   3.70620   0.05707  
  2 164143.3178 1267912.463169  x:  1.05227   3.70955   0.05106  
  3 5043.4654 1267752.410849  x:  1.08111   4.29433   0.05147  
  4 598.8319 1267642.890089  x:  1.12870   4.27758   0.05346  
  5  0.0902 1267637.878967  x:  1.14105   4.28509   0.05217  
  6  0.0118 1267637.835951  x:  1.14220   4.29315   0.05218  
  7  0.0067 1267637.835782  x:  1.14219   4.29352   0.05218  
  8  0.0003 1267637.835782  x:  1.14219   4.29353   0.05218  

7 (Bom_pas) ... 4 (And_hat)
  0  0.0000 1268047.446594  x:  1.15700   3.59413   0.05155  
  1 99.0000 1268032.221721  x:  1.15670   3.59425   0.04968  
  2 15699.6035 1267969.056123  x:  1.10192   3.62211   0.05203  
  3 2021.8923 1267726.591864  x:  1.16085   4.33069   0.05140  
  4 876.3695 1267725.881592  x:  1.15695   4.33418   0.05125  
  5  0.0049 1267725.880279  x:  1.15683   4.33506   0.05127  
  6  0.0008 1267725.880268  x:  1.15685   4.33520   0.05127  

7 (Bom_pas) ... 5 (And_mar)
  0  0.0000 1273468.005532  x:  1.21865   3.73863   0.09698  
  1 99.0000 1267391.943949  x:  1.21370   3.73905   0.04795  
  2 185147.7294 1267227.562071  x:  1.12812   3.75553   0.05495  
  3 3737.2090 1267147.156447  x:  1.15982   4.16205   0.05425  
  4 422.2198 1267088.614782  x:  1.12597   4.15800   0.05254  
  5  0.0538 1267088.213146  x:  1.12976   4.16053   0.05219  
  6  0.0052 1267088.213127  x:  1.12974   4.16040   0.05219  
  7  0.0001 1267088.213127  x:  1.12974   4.16039   0.05219  

7 (Bom_pas) ... 6 (And_tri)
  0  0.0000 1267751.305090  x:  0.99798   3.47691   0.04813  
  1 99.0000 1267507.782594  x:  0.99890   3.47696   0.05611  
  2 64862.3160 1267280.503005  x:  1.09742   3.48775   0.05215  
  3 4924.3959 1267048.744097  x:  1.12921   4.15298   0.05250  
  4 783.1352 1267045.726749  x:  1.13677   4.15595   0.05148  
  5  0.0073 1267045.660790  x:  1.13853   4.16011   0.05149  
  6  0.0035 1267045.660758  x:  1.13854   4.16033   0.05149  
  7  0.0002 1267045.660758  x:  1.13854   4.16034   0.05149  
  8  0.0000 1267045.660758  x:  1.13854   4.16035   0.05149  