Supplemental results for CODEML (seqf: /home/yzliu/eDNA/faststorage/yzliu/DK_proj/data/ref_genome/ref_annotation/primary_transcripts/extracted_cds_new/new_transcript_id_7_and_pas/bootstraps/cat.out.OG_cds_7_species_same_header_fas.shuf_537OG_230.phy  treef: xxx.trees)


pairwise comparison (Goldman & Yang 1994)
seq seq        N       S       dN       dS     dN/dS   Paras.
  2   1 507145.6 198688.4   0.0097   0.1674   0.0578   0.1622   3.6444   0.0578 -1089381.559
  3   1 506543.7 199290.3   0.0095   0.1591   0.0597   0.1552   3.5862   0.0597 -1086330.830
  3   2 504751.5 201082.5   0.0090   0.1491   0.0603   0.1467   4.0401   0.0603 -1079991.370
  4   1 506892.8 198941.2   0.0075   0.1198   0.0627   0.1175   3.5380   0.0627 -1063896.016
  4   2 504074.8 201759.2   0.0091   0.1539   0.0591   0.1514   4.1433   0.0591 -1082319.005
  4   3 503031.5 202802.5   0.0091   0.1478   0.0617   0.1469   4.1247   0.0617 -1080628.904
  5   1 510659.0 195175.0   0.0053   0.0928   0.0571   0.0885   3.0569   0.0571 -1043829.240
  5   2 506768.2 199065.8   0.0095   0.1631   0.0584   0.1585   3.6687   0.0584 -1087624.254
  5   3 506483.3 199350.7   0.0094   0.1541   0.0609   0.1508   3.5726   0.0609 -1084211.328
  5   4 506884.5 198949.5   0.0072   0.1140   0.0633   0.1120   3.5182   0.0633 -1060561.606
  6   1 510942.0 194892.0   0.0068   0.1194   0.0569   0.1137   3.0366   0.0569 -1061518.492
  6   2 506979.5 198854.5   0.0088   0.1568   0.0560   0.1515   3.6567   0.0560 -1082842.170
  6   3 506336.5 199497.5   0.0088   0.1504   0.0588   0.1466   3.6041   0.0588 -1081085.987
  6   4 506318.9 199515.1   0.0069   0.1127   0.0609   0.1104   3.6027   0.0609 -1058760.662
  6   5 511600.0 194234.0   0.0067   0.1143   0.0585   0.1089   2.9535   0.0585 -1058879.189
  7   1 504898.3 200935.7   0.0636   1.1532   0.0551   1.1213   4.0786   0.0551 -1317680.106
  7   2 501264.4 204569.6   0.0643   1.2158   0.0529   1.1941   4.4024   0.0529 -1320878.163
  7   3 503495.7 202338.3   0.0636   1.1466   0.0555   1.1222   4.2334   0.0555 -1317059.599
  7   4 503197.0 202637.0   0.0635   1.1608   0.0547   1.1356   4.2626   0.0547 -1317345.879
  7   5 505044.1 200789.9   0.0634   1.1386   0.0557   1.1079   4.0808   0.0557 -1316789.924
  7   6 504739.3 201094.7   0.0632   1.1481   0.0550   1.1168   4.1054   0.0550 -1316679.526

