Supplemental results for CODEML (seqf: /home/yzliu/eDNA/faststorage/yzliu/DK_proj/data/ref_genome/ref_annotation/primary_transcripts/extracted_cds_new/new_transcript_id_7_and_pas/bootstraps/cat.out.OG_cds_7_species_same_header_fas.shuf_537OG_182.phy  treef: xxx.trees)


pairwise comparison (Goldman & Yang 1994)
seq seq        N       S       dN       dS     dN/dS   Paras.
  2   1 464252.9 178098.1   0.0097   0.1665   0.0582   0.1595   3.5313   0.0582 -989060.733
  3   1 463983.9 178367.1   0.0094   0.1577   0.0598   0.1518   3.4199   0.0598 -986142.435
  3   2 462821.2 179529.8   0.0098   0.1528   0.0638   0.1492   3.8490   0.0638 -983833.768
  4   1 463542.5 178808.5   0.0074   0.1190   0.0619   0.1153   3.4701   0.0619 -965737.030
  4   2 462047.3 180303.7   0.0096   0.1558   0.0616   0.1519   3.9634   0.0616 -984633.623
  4   3 461075.3 181275.7   0.0093   0.1494   0.0620   0.1465   3.9248   0.0620 -982409.539
  5   1 466744.3 175606.7   0.0052   0.0926   0.0560   0.0873   3.0066   0.0560 -947838.494
  5   2 463938.3 178412.7   0.0098   0.1666   0.0587   0.1600   3.5654   0.0587 -989451.742
  5   3 463732.4 178618.6   0.0095   0.1572   0.0606   0.1518   3.4446   0.0606 -986341.796
  5   4 463702.8 178648.2   0.0072   0.1171   0.0616   0.1133   3.4399   0.0616 -964617.966
  6   1 467992.7 174358.3   0.0067   0.1188   0.0567   0.1115   2.8802   0.0567 -963777.016
  6   2 464849.2 177501.8   0.0092   0.1593   0.0575   0.1519   3.4560   0.0575 -985057.439
  6   3 464169.3 178181.7   0.0090   0.1527   0.0591   0.1466   3.4005   0.0591 -983228.105
  6   4 464260.8 178090.2   0.0070   0.1147   0.0612   0.1107   3.3800   0.0612 -962902.937
  6   5 467815.0 174536.0   0.0068   0.1166   0.0586   0.1100   2.8923   0.0586 -963250.452
  7   1 459209.8 183141.2   0.0643   1.1831   0.0543   1.1498   3.9796   0.0543 -1201568.778
  7   2 456257.8 186093.2   0.0653   1.2562   0.0520   1.2309   4.2582   0.0520 -1205244.718
  7   3 457771.4 184579.6   0.0647   1.1934   0.0542   1.1672   4.1364   0.0542 -1202356.548
  7   4 457595.8 184755.2   0.0642   1.2020   0.0534   1.1743   4.1545   0.0534 -1201755.697
  7   5 459274.7 183076.3   0.0641   1.1824   0.0542   1.1485   3.9718   0.0542 -1201395.745
  7   6 458981.7 183369.3   0.0639   1.1892   0.0538   1.1554   4.0070   0.0538 -1201156.988

