

2 (And_ful) ... 1 (And_bic)
  0  0.0000 1008785.203753  x:  0.17637   1.60022   0.43679  
  1 99.0000 1006988.486321  x:  0.12732   1.61062   0.37321  
  2 39816.7448 996735.789173  x:  0.12018   1.66064   0.05714  
  3 93185.5806 995942.635661  x:  0.12347   2.32585   0.10021  
  4 2989.3618 994237.809256  x:  0.14233   2.95443   0.05155  
  5  1.8681 993846.442010  x:  0.16103   3.10117   0.06920  
  6  0.1698 993778.330660  x:  0.16747   3.32903   0.06147  
  7  0.1785 993764.615872  x:  0.16510   3.54134   0.06393  
  8  0.0724 993764.426220  x:  0.16551   3.55450   0.06357  
  9  0.0120 993764.425025  x:  0.16552   3.55605   0.06361  
 10  0.0013 993764.425024  x:  0.16552   3.55602   0.06361  
 11  0.0000 993764.425024  x:  0.16552   3.55602   0.06361  

3 (And_hae) ... 1 (And_bic)
  0  0.0000 993477.244170  x:  0.16819   3.07198   0.14594  
  1 99.0000 992150.001128  x:  0.13833   3.07302   0.08235  
  2 32606.8906 991845.366284  x:  0.14846   3.07343   0.05881  
  3 38689.2206 991796.771211  x:  0.14980   3.52826   0.06211  
  4 229.4293 991729.053336  x:  0.15917   3.40892   0.06663  
  5  0.1638 991727.298371  x:  0.15997   3.41451   0.06486  
  6  0.0062 991727.296008  x:  0.15998   3.41130   0.06483  
  7  0.0029 991727.296003  x:  0.15998   3.41127   0.06483  

3 (And_hae) ... 2 (And_ful)
  0  0.0000 988529.497055  x:  0.16277   2.95161   0.13913  
  1 99.0000 987488.129784  x:  0.13307   2.95296   0.08866  
  2 31843.0431 987148.200567  x:  0.14212   2.95382   0.06124  
  3 37178.1859 986939.995542  x:  0.14448   3.96222   0.06895  
  4 488.7739 986902.721947  x:  0.15231   3.89540   0.06966  
  5  0.0755 986902.123876  x:  0.15236   3.88777   0.06844  
  6  0.0088 986902.111424  x:  0.15233   3.87899   0.06842  
  7  0.0060 986902.111413  x:  0.15233   3.87894   0.06842  
  8  0.0001 986902.111413  x:  0.15233   3.87893   0.06842  
  9  0.0000 986902.111413  x:  0.15233   3.87894   0.06842  
 10  0.0000 986902.111413  x:  0.15233   3.87894   0.06842  
 11  0.0000 986902.111413  x:  0.15233   3.87894   0.06842  
 12  0.0587 986902.111413  x:  0.15233   3.87894   0.06842  
 13  0.1359 986902.111413  x:  0.15233   3.87894   0.06842  
check convergence!


4 (And_hat) ... 1 (And_bic)
  0  0.0000 973533.416691  x:  0.11143   3.52060   0.18664  
  1 99.0000 972671.241949  x:  0.14793   3.52121   0.12895  
  2 27534.3447 971682.212538  x:  0.14506   3.52186   0.06215  
  3 69466.8923 971677.702939  x:  0.14467   3.69696   0.06358  
  4 38.2380 971375.739469  x:  0.12345   3.47788   0.06717  
  5  0.2928 971374.641322  x:  0.12331   3.49037   0.06555  
  6  0.0260 971374.617051  x:  0.12334   3.47907   0.06542  
  7  0.0130 971374.617049  x:  0.12334   3.47901   0.06542  

4 (And_hat) ... 2 (And_ful)
  0  0.0000 990870.297470  x:  0.14430   3.23211   0.16285  
  1 99.0000 988909.460419  x:  0.17515   3.23402   0.06876  
  2 31047.8771 988764.757293  x:  0.16509   3.23440   0.05617  
  3 24335.4671 988643.030846  x:  0.16187   4.02855   0.06208  
  4 343.0730 988622.769674  x:  0.15661   3.93310   0.06521  
  5  0.1872 988622.620742  x:  0.15680   3.90545   0.06526  
  6  0.0234 988622.618863  x:  0.15678   3.90377   0.06520  
  7  0.0015 988622.618860  x:  0.15678   3.90384   0.06520  

4 (And_hat) ... 3 (And_hae)
  0  0.0000 988244.988815  x:  0.15486   3.38431   0.10192  
  1 99.0000 987820.581476  x:  0.14807   3.38482   0.06649  
  2 20252.6242 987801.560626  x:  0.15333   3.38499   0.06355  
  3 7067.0353 987768.848136  x:  0.15373   3.80694   0.06610  
  4 166.3277 987768.839924  x:  0.15384   3.80502   0.06614  
  5  0.0023 987768.839417  x:  0.15385   3.80459   0.06610  
  6  0.0005 987768.839415  x:  0.15384   3.80448   0.06610  

5 (And_mar) ... 1 (And_bic)
  0  0.0000 954701.016208  x:  0.07981   3.24294   0.19733  
  1 99.0000 954388.711082  x:  0.09694   3.24310   0.18592  
  2 32594.7077 952770.362120  x:  0.09750   3.24466   0.06532  
  3 26460.5599 952766.391762  x:  0.09650   3.39300   0.06738  
  4  0.6202 952749.179233  x:  0.09275   3.24470   0.06595  
  5  8.8979 952749.148576  x:  0.09279   3.24502   0.06562  
  6  0.0011 952749.138698  x:  0.09285   3.23838   0.06561  
  7  0.0098 952749.138695  x:  0.09285   3.23846   0.06561  

5 (And_mar) ... 2 (And_ful)
  0  0.0000 996744.040842  x:  0.13714   2.93255   0.19701  
  1 99.0000 995054.122154  x:  0.19655   2.93444   0.12798  
  2 41605.8550 993661.268568  x:  0.19462   2.93618   0.05990  
  3 67851.3223 993476.236047  x:  0.19222   3.82369   0.06881  
  4 477.2129 993089.734925  x:  0.16466   3.78845   0.06215  
  5  0.0406 993077.222649  x:  0.16297   3.71516   0.06667  
  6  0.1389 993076.600205  x:  0.16342   3.66404   0.06630  
  7  0.0415 993076.587891  x:  0.16331   3.66061   0.06621  
  8  0.0038 993076.587849  x:  0.16331   3.66074   0.06620  
  9  0.0001 993076.587849  x:  0.16331   3.66074   0.06620  

5 (And_mar) ... 3 (And_hae)
  0  0.0000 990997.031071  x:  0.13668   3.29924   0.07255  
  1 99.0000 990752.357103  x:  0.15668   3.29930   0.07050  
  2 25617.7398 990748.753589  x:  0.15666   3.29939   0.06760  
  3 2462.8030 990744.040253  x:  0.15668   3.44941   0.06828  
  4 65.7106 990744.037416  x:  0.15669   3.44676   0.06821  
  5  0.0026 990744.037408  x:  0.15669   3.44663   0.06821  

5 (And_mar) ... 4 (And_hat)
  0  0.0000 969358.000452  x:  0.10022   2.99947   0.07254  
  1 99.0000 969074.178785  x:  0.11829   2.99959   0.07114  
  2 33264.3249 969068.194277  x:  0.11832   2.99990   0.06691  
  3 2755.0381 969028.688632  x:  0.11826   3.38234   0.06896  
  4 190.6025 969027.528281  x:  0.11830   3.46900   0.06898  
  5  0.0652 969027.525042  x:  0.11830   3.46569   0.06904  
  6  0.0032 969027.525040  x:  0.11830   3.46561   0.06903  

6 (And_tri) ... 1 (And_bic)
  0  0.0000 970292.294270  x:  0.10258   3.17193   0.15392  
  1 99.0000 969751.469190  x:  0.12940   3.17208   0.12893  
  2 32234.7259 968794.770864  x:  0.12794   3.17241   0.06126  
  3 38547.3778 968784.169893  x:  0.12813   2.95265   0.05926  
  4 91.0306 968710.283456  x:  0.11855   2.88503   0.06393  
  5  0.0656 968706.819391  x:  0.11782   2.91756   0.06144  
  6  0.0718 968706.814218  x:  0.11789   2.91612   0.06136  
  7  0.0016 968706.814212  x:  0.11789   2.91624   0.06136  

6 (And_tri) ... 2 (And_ful)
  0  0.0000 988991.890618  x:  0.16365   2.72372   0.05247  
  1 99.0000 988936.642824  x:  0.15640   2.72410   0.05982  
  2 10921.2567 988936.126681  x:  0.15569   2.72457   0.05923  
  3 994.7014 988796.283058  x:  0.15615   3.45529   0.06272  
  4 551.2154 988796.200377  x:  0.15601   3.45123   0.06234  
  5  0.0037 988796.199984  x:  0.15603   3.45046   0.06233  
  6  0.0007 988796.199975  x:  0.15603   3.45029   0.06233  
  7  0.0001 988796.199975  x:  0.15603   3.45029   0.06233  
  8  0.0000 988796.199975  x:  0.15603   3.45029   0.06233  
  9  0.0000 988796.199975  x:  0.15603   3.45029   0.06233  

6 (And_tri) ... 3 (And_hae)
  0  0.0000 987640.202612  x:  0.13923   3.20939   0.08739  
  1 99.0000 987400.557861  x:  0.15609   3.20955   0.07012  
  2 19904.5832 987370.367130  x:  0.15301   3.20963   0.06314  
  3 8617.8694 987368.023896  x:  0.15296   3.31162   0.06366  
  4 46.9841 987366.612109  x:  0.15145   3.30722   0.06425  
  5  0.0050 987366.611154  x:  0.15143   3.30700   0.06420  
  6  0.0002 987366.611154  x:  0.15143   3.30697   0.06420  
  7  0.0000 987366.611154  x:  0.15143   3.30697   0.06420  

6 (And_tri) ... 4 (And_hat)
  0  0.0000 968873.712288  x:  0.09345   3.10635   0.10883  
  1 99.0000 968258.118951  x:  0.11971   3.10648   0.09935  
  2 48309.3301 967922.725554  x:  0.11909   3.10695   0.06318  
  3 17447.8802 967912.988591  x:  0.11901   3.33497   0.06481  
  4 89.4211 967910.796833  x:  0.11750   3.33696   0.06386  
  5  0.0023 967910.689541  x:  0.11733   3.33460   0.06435  
  6  0.0036 967910.689528  x:  0.11733   3.33441   0.06435  
  7  0.0002 967910.689528  x:  0.11733   3.33440   0.06435  

6 (And_tri) ... 5 (And_mar)
  0  0.0000 969251.340200  x:  0.10541   2.93877   0.17852  
  1 99.0000 968438.357365  x:  0.13795   2.93960   0.11550  
  2 24101.8047 967764.756795  x:  0.13352   2.94022   0.06279  
  3 72279.1926 967760.312126  x:  0.13311   3.08731   0.06420  
  4 51.8794 967495.414011  x:  0.11441   2.89693   0.06919  
  5  0.2484 967494.278911  x:  0.11418   2.90699   0.06746  
  6  0.0172 967494.260644  x:  0.11423   2.89905   0.06736  
  7  0.0092 967494.260642  x:  0.11423   2.89898   0.06736  

7 (Bom_pas) ... 1 (And_bic)
  0  0.0000 1232851.868745  x:  1.20260   2.83245   0.19843  
  1 99.0000 1210899.518501  x:  1.17386   2.83619   0.05489  
  2 175497.3391 1210843.862161  x:  1.14734   2.85182   0.05993  
  3 3733.0500 1210171.755495  x:  1.23458   3.84219   0.05907  
  4 1931.5723 1210006.041922  x:  1.14858   3.85449   0.05935  
  5  0.0986 1210005.672622  x:  1.15142   3.88052   0.05921  
  6  0.0169 1210005.666130  x:  1.15091   3.88130   0.05925  
  7  0.0010 1210005.666087  x:  1.15093   3.88132   0.05925  
  8  0.0000 1210005.666087  x:  1.15093   3.88132   0.05925  
  9  0.0000 1210005.666087  x:  1.15093   3.88132   0.05925  
 10  0.0000 1210005.666087  x:  1.15093   3.88132   0.05925  

7 (Bom_pas) ... 2 (And_ful)
  0  0.0000 1215049.080263  x:  1.11334   3.49075   0.08882  
  1 99.0000 1213262.063965  x:  1.11193   3.49105   0.06030  
  2 106259.3461 1213187.351099  x:  1.17178   3.50648   0.05604  
  3 2480.7813 1212963.621194  x:  1.20563   4.16902   0.05667  
  4 811.0003 1212956.752348  x:  1.21576   4.16758   0.05746  
  5  0.0152 1212956.261727  x:  1.22074   4.16774   0.05706  
  6  0.0043 1212956.260499  x:  1.22089   4.16942   0.05706  
  7  0.0013 1212956.260498  x:  1.22088   4.16942   0.05706  

7 (Bom_pas) ... 3 (And_hae)
  0  0.0000 1213480.307160  x:  1.22267   3.70750   0.09258  
  1 99.0000 1210442.541164  x:  1.21917   3.70780   0.05620  
  2 134844.7127 1210331.689768  x:  1.14370   3.72258   0.06199  
  3 2781.1779 1210286.541014  x:  1.16735   4.02066   0.06151  
  4 319.2149 1210269.121691  x:  1.15299   4.02178   0.06008  
  5  0.0213 1210269.094006  x:  1.15410   4.02245   0.05998  
  6  0.0014 1210269.093998  x:  1.15411   4.02257   0.05998  
  7  0.0001 1210269.093998  x:  1.15411   4.02257   0.05998  
  8  0.0000 1210269.093998  x:  1.15411   4.02257   0.05998  

7 (Bom_pas) ... 4 (And_hat)
  0  0.0000 1232534.419416  x:  1.38601   3.61505   0.17568  
  1 99.0000 1210853.258512  x:  1.36348   3.61688   0.04950  
  2 199510.8349 1210710.807444  x:  1.30978   3.62630   0.05764  
  3 5647.9732 1210573.874295  x:  1.34991   4.16130   0.05671  
  4 552.4798 1210069.810649  x:  1.15817   3.97802   0.06081  
  5  0.2965 1210057.420205  x:  1.17327   4.05122   0.05866  
  6  0.0686 1210057.062810  x:  1.16903   4.04570   0.05867  
  7  0.0092 1210057.060796  x:  1.16901   4.04376   0.05866  
  8  0.0016 1210057.060796  x:  1.16901   4.04376   0.05866  

7 (Bom_pas) ... 5 (And_mar)
  0  0.0000 1212241.091849  x:  1.26583   3.63842   0.08192  
  1 99.0000 1210126.194911  x:  1.26307   3.63867   0.05395  
  2 126355.1570 1209831.409193  x:  1.13040   3.65759   0.06278  
  3 4157.2749 1209808.648313  x:  1.14826   3.86424   0.06243  
  4 229.6649 1209784.479449  x:  1.13464   3.86953   0.06049  
  5  0.0191 1209784.191273  x:  1.13811   3.86802   0.06018  
  6  0.0046 1209784.191085  x:  1.13812   3.86764   0.06019  
  7  0.0004 1209784.191084  x:  1.13812   3.86761   0.06019  

7 (Bom_pas) ... 6 (And_tri)
  0  0.0000 1217416.701776  x:  1.07260   3.37555   0.13790  
  1 99.0000 1209458.862803  x:  1.06450   3.37639   0.06177  
  2 148413.4843 1209424.586126  x:  1.09424   3.38356   0.05823  
  3 2197.6151 1209277.521332  x:  1.12121   3.89004   0.05884  
  4 677.4301 1209258.549117  x:  1.14240   3.88538   0.05965  
  5  0.0369 1209257.956054  x:  1.14667   3.88670   0.05916  
  6  0.0040 1209257.954204  x:  1.14691   3.88840   0.05916  
  7  0.0014 1209257.954197  x:  1.14690   3.88846   0.05916  
  8  0.0001 1209257.954197  x:  1.14690   3.88846   0.05916  