Supplemental results for CODEML (seqf: /home/yzliu/eDNA/faststorage/yzliu/DK_proj/data/ref_genome/ref_annotation/primary_transcripts/extracted_cds_new/new_transcript_id_8_bom_apis/bootstraps/cat.out.OG_cds_8_species_same_header_fas.shuf_211OG_262.phy  treef: xxx.trees)


pairwise comparison (Goldman & Yang 1994)
seq seq        N       S       dN       dS     dN/dS   Paras.
  2   1 177068.7  57276.3   0.0565   0.5731   0.0986   0.5483   4.0871   0.0986 -410184.256
  3   1 176826.3  57518.7   0.0564   0.5889   0.0957   0.5612   4.1106   0.0957 -410819.101
  3   2 172695.9  61649.1   0.0132   0.1053   0.1250   0.1122   5.3483   0.1250 -348084.452
  4   1 177281.2  57063.8   0.0558   0.5839   0.0956   0.5532   4.0916   0.0956 -409847.007
  4   2 173125.4  61219.6   0.0128   0.1017   0.1262   0.1082   5.3295   0.1262 -346932.212
  4   3 172167.0  62178.0   0.0073   0.0601   0.1209   0.0639   6.0496   0.1209 -334923.999
  5   1 177273.2  57071.8   0.0561   0.5904   0.0951   0.5587   4.0815   0.0951 -410259.518
  5   2 173114.4  61230.6   0.0137   0.1064   0.1287   0.1138   5.3222   0.1287 -348354.394
  5   3 172987.4  61357.6   0.0080   0.0606   0.1323   0.0653   5.2564   0.1323 -335753.128
  5   4 173081.0  61264.0   0.0082   0.0629   0.1301   0.0675   5.5402   0.1301 -336033.860
  6   1 177250.1  57094.9   0.0564   0.5906   0.0954   0.5596   4.0867   0.0954 -410373.504
  6   2 173191.4  61153.6   0.0139   0.1080   0.1284   0.1153   5.2436   0.1284 -348731.124
  6   3 172866.5  61478.5   0.0082   0.0607   0.1348   0.0659   5.3488   0.1348 -335906.610
  6   4 172952.7  61392.3   0.0086   0.0630   0.1357   0.0684   5.6483   0.1357 -336375.845
  6   5 172691.4  61653.6   0.0026   0.0199   0.1322   0.0215   5.8874   0.1322 -320972.143
  7   1 177232.7  57112.3   0.0576   0.5889   0.0978   0.5613   4.1154   0.0978 -411024.500
  7   2 173136.2  61208.8   0.0151   0.1094   0.1382   0.1192   5.3108   0.1382 -350049.624
  7   3 172404.1  61940.9   0.0086   0.0630   0.1359   0.0688   5.7977   0.1359 -336760.092
  7   4 172564.2  61780.8   0.0089   0.0649   0.1366   0.0709   6.0637   0.1366 -337037.526
  7   5 173091.5  61253.5   0.0093   0.0608   0.1527   0.0683   5.5203   0.1527 -336743.702
  7   6 173100.3  61244.7   0.0096   0.0607   0.1575   0.0688   5.4992   0.1575 -336976.716
  8   1 177222.0  57123.0   0.0564   0.5914   0.0953   0.5604   4.0845   0.0953 -410473.112
  8   2 173085.6  61259.4   0.0136   0.1070   0.1275   0.1141   5.3076   0.1275 -348449.503
  8   3 172908.3  61436.7   0.0080   0.0604   0.1322   0.0651   5.2854   0.1322 -335728.298
  8   4 172938.9  61406.1   0.0082   0.0632   0.1301   0.0679   5.6303   0.1301 -336167.616
  8   5 172513.5  61831.5   0.0023   0.0191   0.1186   0.0201   6.0380   0.1186 -320401.419
  8   6 172127.3  62217.7   0.0026   0.0194   0.1332   0.0211   6.4522   0.1332 -320835.786
  8   7 173018.0  61327.0   0.0093   0.0602   0.1544   0.0679   5.5455   0.1544 -336715.411

