

2 (And_ful) ... 1 (And_bic)
  0  0.0000 1096128.091365  x:  0.17258   1.36875   0.45946  
  1 99.0000 1092808.188291  x:  0.11303   1.39622   0.33470  
  2 40773.2328 1081982.333425  x:  0.10097   1.45706   0.04932  
  3 254249.7013 1080139.793221  x:  0.11027   2.42465   0.11585  
  4 5389.9207 1076521.399589  x:  0.13414   2.93617   0.04245  
  5  1.5700 1075706.923873  x:  0.15817   3.14193   0.06763  
  6  0.2101 1075426.303269  x:  0.17262   3.39543   0.05184  
  7  0.2314 1075399.866791  x:  0.17169   3.71796   0.05523  
  8  0.0682 1075397.742734  x:  0.17145   3.74894   0.05366  
  9  0.0294 1075397.696308  x:  0.17116   3.75096   0.05372  
 10  0.0017 1075397.696233  x:  0.17116   3.75038   0.05372  
 11  0.0005 1075397.696233  x:  0.17116   3.75037   0.05372  
 12  0.0000 1075397.696233  x:  0.17116   3.75037   0.05372  
 13  0.0000 1075397.696233  x:  0.17116   3.75037   0.05372  

3 (And_hae) ... 1 (And_bic)
  0  0.0000 1074655.841674  x:  0.14692   3.34347   0.12608  
  1 99.0000 1073031.380649  x:  0.18148   3.34429   0.06015  
  2 37916.4365 1072904.303195  x:  0.17405   3.34447   0.04943  
  3 22371.9652 1072865.613573  x:  0.17266   3.83642   0.05205  
  4 193.4373 1072824.487396  x:  0.16476   3.71629   0.05510  
  5  0.1870 1072824.176604  x:  0.16479   3.67880   0.05477  
  6  0.0345 1072824.176122  x:  0.16481   3.67851   0.05475  
  7  0.0003 1072824.176122  x:  0.16481   3.67850   0.05475  

3 (And_hae) ... 2 (And_ful)
  0  0.0000 1069511.386725  x:  0.13460   3.30443   0.15907  
  1 99.0000 1067706.954271  x:  0.18527   3.30600   0.08206  
  2 39701.7959 1067179.389824  x:  0.17900   3.30663   0.05096  
  3 56928.0833 1066980.100411  x:  0.17586   4.41462   0.05741  
  4 420.0709 1066719.817090  x:  0.15413   4.22346   0.05927  
  5  0.2132 1066718.089350  x:  0.15430   4.11473   0.05935  
  6  0.0866 1066718.056589  x:  0.15432   4.11104   0.05910  
  7  0.0043 1066718.056588  x:  0.15432   4.11109   0.05910  
  8  0.0001 1066718.056588  x:  0.15432   4.11109   0.05910  

4 (And_hat) ... 1 (And_bic)
  0  0.0000 1051603.746597  x:  0.13072   3.73512   0.16142  
  1 99.0000 1050669.426115  x:  0.10286   3.73547   0.11535  
  2 31728.9759 1049685.521234  x:  0.10849   3.73587   0.05569  
  3 71820.5895 1049674.460523  x:  0.10961   4.01193   0.05780  
  4  5.7977 1049491.476783  x:  0.12221   3.51112   0.05928  
  5  7.1101 1049485.769849  x:  0.12317   3.59380   0.05658  
  6  0.1624 1049485.640339  x:  0.12345   3.60762   0.05691  
  7  0.0145 1049485.637149  x:  0.12349   3.60481   0.05687  
  8  0.0030 1049485.637149  x:  0.12349   3.60476   0.05687  

4 (And_hat) ... 2 (And_ful)
  0  0.0000 1069828.561075  x:  0.15659   3.24929   0.07577  
  1 99.0000 1069583.957290  x:  0.15969   3.24984   0.05374  
  2 19334.9377 1069583.508807  x:  0.16055   3.25023   0.05382  
  3 942.6535 1069434.632958  x:  0.16029   4.14278   0.05821  
  4 464.8330 1069432.728952  x:  0.16070   4.14685   0.05644  
  5  0.0058 1069432.727957  x:  0.16071   4.14933   0.05643  
  6  0.0017 1069432.727938  x:  0.16070   4.14946   0.05644  
  7  0.0001 1069432.727938  x:  0.16070   4.14946   0.05644  
  8  0.0000 1069432.727938  x:  0.16070   4.14946   0.05644  

4 (And_hat) ... 3 (And_hae)
  0  0.0000 1069439.310593  x:  0.15852   3.56277   0.12016  
  1 99.0000 1068210.722408  x:  0.14517   3.56360   0.05972  
  2 31586.3621 1068133.181235  x:  0.15417   3.56381   0.05271  
  3 16646.6752 1068070.979779  x:  0.15542   4.16817   0.05634  
  4 224.4960 1068068.331371  x:  0.15672   4.13899   0.05779  
  5  0.0545 1068068.286183  x:  0.15691   4.13416   0.05758  
  6  0.0044 1068068.286081  x:  0.15691   4.13340   0.05758  
  7  0.0006 1068068.286081  x:  0.15691   4.13340   0.05758  
  8  0.0000 1068068.286081  x:  0.15691   4.13339   0.05758  

5 (And_mar) ... 1 (And_bic)
  0  0.0000 1030185.753373  x:  0.09763   3.44258   0.10173  
  1 99.0000 1029977.413243  x:  0.08547   3.44258   0.08699  
  2 20756.6390 1029721.928277  x:  0.08935   3.44255   0.05630  
  3 26817.1114 1029706.138765  x:  0.08924   3.12961   0.05452  
  4 93.5263 1029694.049161  x:  0.09212   3.09636   0.05694  
  5  0.0392 1029693.585579  x:  0.09241   3.10554   0.05598  
  6  0.0137 1029693.585448  x:  0.09241   3.10507   0.05596  
  7  0.0005 1029693.585447  x:  0.09241   3.10513   0.05596  
  8  0.0001 1029693.585447  x:  0.09241   3.10513   0.05596  

5 (And_mar) ... 2 (And_ful)
  0  0.0000 1078349.416635  x:  0.15394   2.82133   0.18376  
  1 99.0000 1074381.304436  x:  0.18016   2.82518   0.05375  
  2 39798.3718 1074309.636032  x:  0.17119   2.82570   0.04845  
  3 14683.5811 1074067.022905  x:  0.16520   3.67154   0.05828  
  4 650.5352 1074059.516339  x:  0.16772   3.74276   0.05608  
  5  0.1842 1074059.230797  x:  0.16724   3.76703   0.05592  
  6  0.0198 1074059.219340  x:  0.16728   3.77224   0.05602  
  7  0.0041 1074059.219313  x:  0.16728   3.77243   0.05602  

5 (And_mar) ... 3 (And_hae)
  0  0.0000 1072829.262822  x:  0.13717   3.29947   0.13413  
  1 99.0000 1071350.939669  x:  0.18275   3.30023   0.07690  
  2 41433.3703 1070963.046881  x:  0.17663   3.30056   0.05122  
  3 41232.5195 1070921.216622  x:  0.17565   3.75232   0.05368  
  4 197.2887 1070778.173762  x:  0.15967   3.63600   0.05708  
  5  0.1273 1070777.956775  x:  0.15958   3.62176   0.05651  
  6  0.0159 1070777.950574  x:  0.15961   3.61685   0.05653  
  7  0.0051 1070777.950573  x:  0.15961   3.61683   0.05653  

5 (And_mar) ... 4 (And_hat)
  0  0.0000 1047073.518622  x:  0.09614   3.23518   0.11040  
  1 99.0000 1046511.199665  x:  0.12072   3.23535   0.09845  
  2 44757.2722 1046073.038317  x:  0.11969   3.23589   0.05925  
  3 22312.0029 1046051.811889  x:  0.11953   3.58455   0.06162  
  4 129.3697 1046045.174282  x:  0.11695   3.58884   0.06020  
  5  0.0047 1046044.899057  x:  0.11671   3.58419   0.06095  
  6  0.0073 1046044.898901  x:  0.11671   3.58340   0.06094  
  7  0.0007 1046044.898900  x:  0.11671   3.58336   0.06094  
  8  0.0000 1046044.898900  x:  0.11671   3.58336   0.06094  
  9  0.0000 1046044.898900  x:  0.11671   3.58336   0.06094  

6 (And_tri) ... 1 (And_bic)
  0  0.0000 1047470.109527  x:  0.09678   3.20580   0.07001  
  1 99.0000 1046974.993857  x:  0.11966   3.20579   0.06428  
  2 45381.0093 1046918.516215  x:  0.11920   3.20575   0.05289  
  3 9608.0576 1046912.521188  x:  0.11923   3.04999   0.05220  
  4 70.1584 1046912.314957  x:  0.11881   3.03592   0.05237  
  5  0.0126 1046912.309776  x:  0.11877   3.03837   0.05231  
  6  0.0027 1046912.309738  x:  0.11877   3.03865   0.05232  
  7  0.0003 1046912.309738  x:  0.11877   3.03865   0.05232  
  8  0.0000 1046912.309738  x:  0.11877   3.03865   0.05232  

6 (And_tri) ... 2 (And_ful)
  0  0.0000 1072893.349640  x:  0.14227   2.93195   0.17651  
  1 99.0000 1069580.969517  x:  0.18809   2.93495   0.05777  
  2 40336.1927 1069340.403316  x:  0.17909   2.93542   0.04264  
  3 40330.1153 1069040.560935  x:  0.17141   4.09852   0.05024  
  4 611.8910 1068933.715838  x:  0.15829   3.86438   0.05337  
  5  0.4192 1068930.574963  x:  0.15896   3.74229   0.05358  
  6  0.1010 1068930.540526  x:  0.15899   3.73805   0.05335  
  7  0.0035 1068930.540488  x:  0.15899   3.73817   0.05335  

6 (And_tri) ... 3 (And_hae)
  0  0.0000 1069840.618515  x:  0.15057   3.34740   0.14551  
  1 99.0000 1067571.183001  x:  0.14889   3.34858   0.05361  
  2 34460.4876 1067548.653736  x:  0.15490   3.34870   0.05216  
  3 7834.9412 1067532.010622  x:  0.15525   3.62509   0.05468  
  4 129.6738 1067531.609449  x:  0.15510   3.63584   0.05396  
  5  0.0309 1067531.604400  x:  0.15507   3.63123   0.05393  
  6  0.0041 1067531.604397  x:  0.15507   3.63116   0.05393  
  7  0.0001 1067531.604397  x:  0.15507   3.63116   0.05393  

6 (And_tri) ... 4 (And_hat)
  0  0.0000 1047086.326783  x:  0.09373   3.39478   0.19002  
  1 99.0000 1046357.622359  x:  0.12206   3.39504   0.17160  
  2 47664.9508 1044031.072899  x:  0.12320   3.39660   0.05494  
  3 37996.2286 1044026.929792  x:  0.12309   3.54651   0.05663  
  4 55.6099 1043978.806362  x:  0.11627   3.61914   0.05277  
  5  0.0693 1043972.126142  x:  0.11489   3.55473   0.05576  
  6  0.1920 1043972.116307  x:  0.11496   3.54874   0.05575  
  7  0.0061 1043972.116272  x:  0.11496   3.54847   0.05574  
  8  0.0003 1043972.116271  x:  0.11496   3.54848   0.05574  
  9  0.0000 1043972.116271  x:  0.11496   3.54848   0.05574  
 10  0.0000 1043972.116271  x:  0.11496   3.54848   0.05574  
check convergence!


6 (And_tri) ... 5 (And_mar)
  0  0.0000 1044569.393717  x:  0.10959   3.27803   0.10554  
  1 99.0000 1043976.516051  x:  0.11699   3.27812   0.05812  
  2 20122.3710 1043961.652782  x:  0.11318   3.27807   0.05605  
  3 7606.9106 1043948.090196  x:  0.11343   3.02534   0.05435  
  4 101.4123 1043946.384027  x:  0.11286   3.00889   0.05610  
  5  0.0337 1043946.382520  x:  0.11286   3.01089   0.05607  
  6  0.0021 1043946.382508  x:  0.11286   3.01075   0.05606  

7 (Bom_pas) ... 1 (And_bic)
  0  0.0000 1307019.008451  x:  1.24793   2.92155   0.10794  
  1 99.0000 1297673.020834  x:  1.24106   2.92269   0.04701  
  2 214111.7210 1297387.766855  x:  1.13571   2.97877   0.05716  
  3 4955.5085 1296436.202126  x:  1.26146   4.20669   0.05505  
  4 2168.8994 1296173.961910  x:  1.18498   4.24704   0.05191  
  5  0.1195 1296173.056531  x:  1.19048   4.29202   0.05171  
  6  0.0263 1296173.027015  x:  1.18945   4.29407   0.05179  
  7  0.0025 1296173.027014  x:  1.18944   4.29403   0.05179  

7 (Bom_pas) ... 2 (And_ful)
  0  0.0000 1301792.381273  x:  1.27707   3.66658   0.06625  
  1 99.0000 1300511.030617  x:  1.27576   3.66681   0.04801  
  2 122682.3868 1300369.015392  x:  1.18579   3.70724   0.05272  
  3 2768.1796 1300021.392059  x:  1.26957   4.58425   0.05132  
  4 989.5770 1300012.045482  x:  1.26047   4.59201   0.05035  
  5  0.0149 1300011.966105  x:  1.25864   4.59613   0.05047  
  6  0.0043 1300011.965715  x:  1.25875   4.59714   0.05047  
  7  0.0007 1300011.965714  x:  1.25876   4.59715   0.05047  

7 (Bom_pas) ... 3 (And_hae)
  0  0.0000 1314117.745370  x:  1.29211   4.04983   0.14755  
  1 99.0000 1297236.526677  x:  1.27823   4.05075   0.04847  
  2 213682.7950 1297178.237708  x:  1.24146   4.05771   0.05311  
  3 3229.5031 1297096.292421  x:  1.27035   4.50192   0.05237  
  4 394.5103 1296990.225192  x:  1.19208   4.42505   0.05292  
  5  0.1393 1296989.519512  x:  1.19605   4.43521   0.05243  
  6  0.0111 1296989.515318  x:  1.19560   4.43487   0.05243  
  7  0.0006 1296989.515315  x:  1.19560   4.43495   0.05243  
  8  0.0001 1296989.515315  x:  1.19560   4.43495   0.05243  

7 (Bom_pas) ... 4 (And_hat)
  0  0.0000 1312400.037367  x:  1.39509   3.79664   0.12623  
  1 99.0000 1297093.869189  x:  1.38469   3.79756   0.04384  
  2 239722.5128 1296805.448110  x:  1.27646   3.81990   0.05502  
  3 5836.9919 1296578.162120  x:  1.33890   4.55018   0.05316  
  4 690.9754 1296162.562933  x:  1.18044   4.41375   0.05440  
  5  0.2821 1296143.711109  x:  1.20297   4.46492   0.05186  
  6  0.0619 1296143.275958  x:  1.19875   4.45822   0.05180  
  7  0.0094 1296143.275255  x:  1.19861   4.45703   0.05181  
  8  0.0010 1296143.275237  x:  1.19863   4.45693   0.05181  
  9  0.0001 1296143.275237  x:  1.19863   4.45693   0.05181  

7 (Bom_pas) ... 5 (And_mar)
  0  0.0000 1313281.468140  x:  1.02284   3.87223   0.18741  
  1 99.0000 1295876.366761  x:  1.00617   3.87336   0.05927  
  2 167463.1669 1295739.604531  x:  1.04471   3.87356   0.05268  
  3 6723.4525 1295677.638868  x:  1.06253   4.23902   0.05282  
  4 354.6588 1295391.061426  x:  1.15234   4.21584   0.05442  
  5  0.1489 1295380.311078  x:  1.16869   4.25273   0.05250  
  6  0.0344 1295380.086387  x:  1.17181   4.26620   0.05253  
  7  0.0115 1295380.086218  x:  1.17186   4.26623   0.05252  
  8  0.0001 1295380.086218  x:  1.17186   4.26622   0.05252  

7 (Bom_pas) ... 6 (And_tri)
  0  0.0000 1295974.322006  x:  1.22626   3.54551   0.05587  
  1 99.0000 1295742.441236  x:  1.22554   3.54566   0.04855  
  2 59481.2911 1295556.681790  x:  1.12554   3.57887   0.05305  
  3 3334.5550 1295316.275934  x:  1.18631   4.26724   0.05232  
  4 808.2669 1295313.385082  x:  1.17905   4.27414   0.05195  
  5  0.0102 1295313.382870  x:  1.17905   4.27615   0.05196  
  6  0.0016 1295313.382831  x:  1.17910   4.27630   0.05196  