Supplemental results for CODEML (seqf: /home/yzliu/eDNA/faststorage/yzliu/DK_proj/data/ref_genome/ref_annotation/primary_transcripts/extracted_cds_new/new_transcript_id_8_bom_apis/bootstraps/cat.out.OG_cds_8_species_same_header_fas.shuf_211OG_591.phy  treef: xxx.trees)


pairwise comparison (Goldman & Yang 1994)
seq seq        N       S       dN       dS     dN/dS   Paras.
  2   1 166538.6  55149.4   0.0549   0.5629   0.0975   0.5439   4.0465   0.0975 -388569.353
  3   1 166171.5  55516.5   0.0546   0.5750   0.0949   0.5547   4.1124   0.0949 -388965.105
  3   2 161821.1  59866.9   0.0135   0.1061   0.1272   0.1155   5.4593   0.1272 -331349.108
  4   1 166599.5  55088.5   0.0537   0.5695   0.0944   0.5457   4.0758   0.0944 -387967.794
  4   2 162297.0  59391.0   0.0129   0.1011   0.1278   0.1097   5.3398   0.1278 -329931.784
  4   3 161168.1  60519.9   0.0071   0.0580   0.1222   0.0629   6.2391   0.1222 -317959.269
  5   1 166643.6  55044.4   0.0543   0.5741   0.0947   0.5502   4.0810   0.0947 -388380.890
  5   2 162131.1  59556.9   0.0136   0.1060   0.1282   0.1153   5.5473   0.1282 -331029.383
  5   3 162064.8  59623.2   0.0083   0.0609   0.1365   0.0673   5.3638   0.1365 -319515.384
  5   4 162277.8  59410.2   0.0080   0.0619   0.1295   0.0674   5.4952   0.1295 -319218.631
  6   1 166571.5  55116.5   0.0546   0.5748   0.0949   0.5517   4.0894   0.0949 -388539.377
  6   2 162049.5  59638.5   0.0141   0.1071   0.1314   0.1173   5.5723   0.1314 -331586.606
  6   3 161629.3  60058.7   0.0088   0.0609   0.1441   0.0687   5.7330   0.1441 -319928.540
  6   4 161854.7  59833.3   0.0086   0.0618   0.1394   0.0689   5.8682   0.1394 -319733.878
  6   5 161889.9  59798.1   0.0027   0.0200   0.1374   0.0222   5.8865   0.1374 -305222.200
  7   1 166701.6  54986.4   0.0554   0.5731   0.0966   0.5513   4.0685   0.0966 -388897.700
  7   2 162486.6  59201.4   0.0149   0.1090   0.1367   0.1201   5.2432   0.1367 -332572.453
  7   3 161676.8  60011.2   0.0084   0.0615   0.1360   0.0682   5.7745   0.1360 -319670.757
  7   4 161919.0  59769.0   0.0086   0.0616   0.1395   0.0686   5.8959   0.1395 -319663.991
  7   5 162657.4  59030.6   0.0089   0.0591   0.1506   0.0668   5.2193   0.1506 -319418.124
  7   6 162340.4  59347.6   0.0094   0.0589   0.1603   0.0680   5.4619   0.1603 -319889.369
  8   1 166539.8  55148.2   0.0544   0.5749   0.0946   0.5516   4.0944   0.0946 -388483.520
  8   2 161938.9  59749.1   0.0136   0.1056   0.1285   0.1151   5.6599   0.1285 -330998.826
  8   3 161817.2  59870.8   0.0082   0.0598   0.1372   0.0664   5.5244   0.1372 -319290.281
  8   4 161944.4  59743.6   0.0081   0.0614   0.1326   0.0675   5.7496   0.1326 -319302.192
  8   5 161563.5  60124.5   0.0021   0.0178   0.1206   0.0191   6.2268   0.1206 -304025.396
  8   6 161260.4  60427.6   0.0027   0.0198   0.1351   0.0221   6.5232   0.1351 -305173.085
  8   7 162375.3  59312.7   0.0089   0.0581   0.1527   0.0661   5.4067   0.1527 -319291.313

