

2 (Bom_con) ... 1 (Apis_mel)
  0  0.0000 397255.271661  x:  0.40254   1.57977   0.38139  
  1 99.0000 390598.535007  x:  0.48451   1.63266   0.08768  
  2 23784.2249 390476.882615  x:  0.52866   1.66653   0.09496  
  3 4642.7769 389601.767818  x:  0.45562   2.47043   0.13350  
  4 3360.6023 388808.405027  x:  0.54238   2.97987   0.08708  
  5  1.3119 388631.069030  x:  0.54181   3.60760   0.10696  
  6  0.3245 388570.727402  x:  0.54346   3.96603   0.09614  
  7  0.2414 388569.390927  x:  0.54349   4.03507   0.09780  
  8  0.0510 388569.352851  x:  0.54377   4.04641   0.09755  
  9  0.0105 388569.352547  x:  0.54387   4.04648   0.09755  
 10  0.0001 388569.352547  x:  0.54387   4.04646   0.09755  

3 (Bom_hor) ... 1 (Apis_mel)
  0  0.0000 389688.939210  x:  0.50407   3.41521   0.15314  
  1 99.0000 389105.084014  x:  0.50490   3.41629   0.09788  
  2 17280.7288 389045.987999  x:  0.54530   3.41940   0.09146  
  3 3080.2626 388965.226579  x:  0.55294   4.11679   0.09487  
  4 257.8696 388965.122591  x:  0.55420   4.11322   0.09512  
  5  0.0049 388965.104635  x:  0.55472   4.11254   0.09489  
  6  0.0011 388965.104634  x:  0.55472   4.11243   0.09489  
  7  0.0001 388965.104634  x:  0.55472   4.11243   0.09489  

3 (Bom_hor) ... 2 (Bom_con)
  0  0.0000 331744.611190  x:  0.09618   3.46870   0.18658  
  1 99.0000 331621.718116  x:  0.11611   3.46905   0.18026  
  2 12642.7370 331477.559280  x:  0.11625   3.47239   0.11797  
  3 4249.1070 331353.365755  x:  0.11591   5.34436   0.13618  
  4 169.4162 331349.212145  x:  0.11572   5.39015   0.12690  
  5  0.0626 331349.113320  x:  0.11542   5.45182   0.12703  
  6  0.0325 331349.108006  x:  0.11553   5.45856   0.12721  
  7  0.0052 331349.107907  x:  0.11554   5.45927   0.12717  
  8  0.0007 331349.107907  x:  0.11554   5.45928   0.12717  
  9  0.0000 331349.107907  x:  0.11554   5.45928   0.12717  
 10  0.0000 331349.107907  x:  0.11554   5.45928   0.12717  
check convergence!


4 (Bom_hyp) ... 1 (Apis_mel)
  0  0.0000 389065.646904  x:  0.53210   4.31504   0.17799  
  1 99.0000 388001.400336  x:  0.52021   4.31517   0.09838  
  2 20421.4856 387977.958248  x:  0.54479   4.31410   0.09235  
  3 1895.6787 387971.153562  x:  0.54198   4.08686   0.09178  
  4 57.2681 387967.798178  x:  0.54551   4.07438   0.09448  
  5  0.0290 387967.794013  x:  0.54566   4.07598   0.09437  
  6  0.0015 387967.794005  x:  0.54567   4.07576   0.09436  
  7  0.0002 387967.794005  x:  0.54567   4.07577   0.09436  
  8  0.0000 387967.794005  x:  0.54567   4.07577   0.09436  

4 (Bom_hyp) ... 2 (Bom_con)
  0  0.0000 330248.164222  x:  0.08646   3.62897   0.09694  
  1 99.0000 330040.667294  x:  0.11104   3.62913   0.10176  
  2 18132.2312 330021.078549  x:  0.10978   3.63011   0.12028  
  3 2312.5298 329931.816589  x:  0.10956   5.34058   0.12865  
  4 131.7816 329931.783716  x:  0.10969   5.33853   0.12783  
  5  0.0016 329931.783583  x:  0.10968   5.33935   0.12781  
  6  0.0006 329931.783579  x:  0.10968   5.33971   0.12781  
  7  0.0002 329931.783579  x:  0.10968   5.33976   0.12781  

4 (Bom_hyp) ... 3 (Bom_hor)
  0  0.0000 318088.274109  x:  0.05165   4.29358   0.13140  
  1 99.0000 318010.803643  x:  0.06292   4.29362   0.13084  
  2 14747.2092 318003.986883  x:  0.06301   4.29480   0.11524  
  3 825.6648 317959.574146  x:  0.06284   6.21687   0.12544  
  4 57.9921 317959.270830  x:  0.06290   6.22397   0.12213  
  5  0.0079 317959.269067  x:  0.06291   6.23872   0.12214  
  6  0.0078 317959.269048  x:  0.06291   6.23904   0.12216  
  7  0.0003 317959.269048  x:  0.06291   6.23906   0.12216  

5 (Bom_mus) ... 1 (Apis_mel)
  0  0.0000 390340.441912  x:  0.54324   4.83829   0.21725  
  1 99.0000 388496.105844  x:  0.51968   4.83802   0.10100  
  2 22388.3703 388457.841533  x:  0.54786   4.83591   0.09182  
  3 2600.0540 388395.459550  x:  0.53860   4.09167   0.09032  
  4 153.4529 388380.955362  x:  0.54950   4.06677   0.09500  
  5  0.0689 388380.892569  x:  0.55015   4.08350   0.09473  
  6  0.0191 388380.890378  x:  0.55021   4.08099   0.09466  
  7  0.0028 388380.890378  x:  0.55021   4.08097   0.09466  

5 (Bom_mus) ... 2 (Bom_con)
  0  0.0000 331312.413579  x:  0.09231   3.61538   0.12058  
  1 99.0000 331143.195924  x:  0.11520   3.61559   0.12101  
  2 16022.6661 331142.744820  x:  0.11528   3.61902   0.11814  
  3 199.2249 331030.200378  x:  0.11505   5.51340   0.13233  
  4 361.4516 331029.391870  x:  0.11529   5.52539   0.12815  
  5  0.0104 331029.382832  x:  0.11529   5.54736   0.12822  
  6  0.0106 331029.382822  x:  0.11529   5.54729   0.12823  
  7  0.0001 331029.382822  x:  0.11529   5.54730   0.12823  
  8  0.0000 331029.382822  x:  0.11529   5.54730   0.12823  
  9  0.0000 331029.382822  x:  0.11529   5.54730   0.12823  

5 (Bom_mus) ... 3 (Bom_hor)
  0  0.0000 319702.470449  x:  0.05561   4.59949   0.21267  
  1 99.0000 319627.695148  x:  0.06705   4.59953   0.21088  
  2 13820.3337 319523.936142  x:  0.06733   4.60099   0.13329  
  3 2252.3541 319515.550345  x:  0.06729   5.34637   0.13903  
  4 24.5522 319515.384279  x:  0.06731   5.35862   0.13653  
  5  0.0213 319515.383867  x:  0.06733   5.36361   0.13651  
  6  0.0040 319515.383863  x:  0.06733   5.36378   0.13652  

5 (Bom_mus) ... 4 (Bom_hyp)
  0  0.0000 319267.973667  x:  0.06760   4.44466   0.16309  
  1 99.0000 319259.196622  x:  0.06404   4.44494   0.15352  
  2 1664.6189 319235.247883  x:  0.06659   4.44580   0.12413  
  3 8206.1396 319218.881777  x:  0.06668   5.49473   0.13048  
  4 35.3185 319218.631729  x:  0.06735   5.49446   0.12941  
  5  0.0013 319218.631436  x:  0.06736   5.49489   0.12951  
  6  0.0005 319218.631434  x:  0.06736   5.49521   0.12951  
  7  0.0002 319218.631434  x:  0.06736   5.49522   0.12951  

6 (Bom_pas) ... 1 (Apis_mel)
  0  0.0000 388766.026180  x:  0.47828   4.37301   0.11016  
  1 99.0000 388630.282728  x:  0.51503   4.37224   0.09019  
  2 6200.3658 388551.972775  x:  0.54872   4.37140   0.09797  
  3 10575.1178 388541.356451  x:  0.54626   4.09010   0.09739  
  4 71.4298 388539.377294  x:  0.55163   4.08840   0.09491  
  5  0.0054 388539.376904  x:  0.55172   4.08951   0.09491  
  6  0.0011 388539.376901  x:  0.55172   4.08940   0.09491  

6 (Bom_pas) ... 2 (Bom_con)
  0  0.0000 331767.410729  x:  0.10987   3.42005   0.13977  
  1 99.0000 331749.861029  x:  0.11774   3.42045   0.13681  
  2 4275.1566 331737.922153  x:  0.11740   3.42262   0.12132  
  3 1611.9239 331588.215256  x:  0.11711   5.52588   0.13723  
  4 191.5464 331586.626675  x:  0.11729   5.53933   0.13128  
  5  0.0137 331586.606134  x:  0.11733   5.57177   0.13130  
  6  0.0144 331586.605868  x:  0.11731   5.57231   0.13137  
  7  0.0005 331586.605867  x:  0.11731   5.57231   0.13136  
  8  0.0000 331586.605867  x:  0.11731   5.57233   0.13136  

6 (Bom_pas) ... 3 (Bom_hor)
  0  0.0000 320141.025852  x:  0.05547   4.44156   0.21408  
  1 99.0000 320045.744220  x:  0.06841   4.44161   0.21239  
  2 15756.0494 319952.302819  x:  0.06870   4.44373   0.13840  
  3 2135.1270 319929.068683  x:  0.06862   5.69228   0.14866  
  4 42.9365 319928.543461  x:  0.06867   5.71532   0.14398  
  5  0.0361 319928.539778  x:  0.06870   5.73274   0.14405  
  6  0.0114 319928.539762  x:  0.06870   5.73306   0.14406  
  7  0.0003 319928.539762  x:  0.06870   5.73304   0.14406  
  8  0.0000 319928.539762  x:  0.06870   5.73304   0.14406  

6 (Bom_pas) ... 4 (Bom_hyp)
  0  0.0000 319795.338821  x:  0.06269   4.58744   0.16490  
  1 99.0000 319775.352025  x:  0.06889   4.58748   0.16376  
  2 6552.0622 319755.744377  x:  0.06898   4.58862   0.13414  
  3 1256.6771 319734.016334  x:  0.06889   5.85533   0.14168  
  4 39.6500 319733.878745  x:  0.06891   5.86165   0.13934  
  5  0.0079 319733.878315  x:  0.06891   5.86817   0.13935  
  6  0.0043 319733.878313  x:  0.06891   5.86823   0.13935  
  7  0.0001 319733.878313  x:  0.06891   5.86823   0.13935  
check convergence!


6 (Bom_pas) ... 5 (Bom_mus)
  0  0.0000 305229.138079  x:  0.02147   4.71296   0.12788  
  1 99.0000 305228.234378  x:  0.02222   4.71297   0.12791  
  2 2446.0064 305228.025234  x:  0.02221   4.71359   0.13292  
  3 88.5893 305222.205546  x:  0.02215   5.89461   0.13818  
  4 11.5465 305222.200267  x:  0.02216   5.88748   0.13738  
  5  0.0064 305222.200264  x:  0.02216   5.88669   0.13737  
  6  0.0007 305222.200264  x:  0.02216   5.88648   0.13737  
  7  0.0001 305222.200263  x:  0.02216   5.88646   0.13737  
  8  0.0030 305222.200263  x:  0.02216   5.88646   0.13737  

7 (Bom_syl) ... 1 (Apis_mel)
  0  0.0000 389517.839623  x:  0.52553   4.77576   0.15520  
  1 99.0000 388997.810752  x:  0.52346   4.77538   0.10187  
  2 16119.2274 388957.525783  x:  0.55834   4.77271   0.09538  
  3 2383.6807 388899.773055  x:  0.55059   4.07018   0.09408  
  4 151.4955 388897.704607  x:  0.55159   4.06539   0.09653  
  5  0.0108 388897.700032  x:  0.55134   4.06913   0.09658  
  6  0.0041 388897.699933  x:  0.55130   4.06849   0.09659  
  7  0.0007 388897.699933  x:  0.55130   4.06849   0.09659  

7 (Bom_syl) ... 2 (Bom_con)
  0  0.0000 332845.164053  x:  0.09521   3.69259   0.12996  
  1 99.0000 332653.703649  x:  0.12000   3.69278   0.13043  
  2 16809.4320 332653.359527  x:  0.12007   3.69551   0.12781  
  3 179.4280 332572.843149  x:  0.11992   5.24982   0.13970  
  4 264.3461 332572.453183  x:  0.12009   5.24136   0.13666  
  5  0.0078 332572.453095  x:  0.12010   5.24291   0.13665  
  6  0.0010 332572.453091  x:  0.12009   5.24315   0.13665  
  7  0.0002 332572.453091  x:  0.12009   5.24315   0.13665  
check convergence!


7 (Bom_syl) ... 3 (Bom_hor)
  0  0.0000 319808.892390  x:  0.06633   4.43190   0.20962  
  1 99.0000 319794.625398  x:  0.07184   4.43217   0.19987  
  2 2648.5601 319698.033265  x:  0.07042   4.43409   0.12934  
  3 8784.5084 319672.795246  x:  0.07005   5.75356   0.13974  
  4 44.3302 319670.823520  x:  0.06847   5.77357   0.13474  
  5  0.0241 319670.756788  x:  0.06824   5.77298   0.13602  
  6  0.0020 319670.756751  x:  0.06823   5.77413   0.13600  
  7  0.0010 319670.756749  x:  0.06823   5.77448   0.13601  

7 (Bom_syl) ... 4 (Bom_hyp)
  0  0.0000 319702.908673  x:  0.06439   4.52616   0.14795  
  1 99.0000 319693.612767  x:  0.06871   4.52621   0.14735  
  2 4412.1765 319689.148215  x:  0.06876   4.52718   0.13416  
  3 647.7668 319664.101273  x:  0.06866   5.88805   0.14163  
  4 43.2611 319663.990921  x:  0.06865   5.89094   0.13952  
  5  0.0037 319663.990673  x:  0.06864   5.89586   0.13952  
  6  0.0031 319663.990671  x:  0.06865   5.89591   0.13953  
  7  0.0001 319663.990671  x:  0.06865   5.89592   0.13953  
  8  0.0000 319663.990671  x:  0.06865   5.89592   0.13953  
  9  0.0005 319663.990671  x:  0.06865   5.89592   0.13953  
 10  0.0647 319663.990671  x:  0.06865   5.89592   0.13953  
check convergence!


7 (Bom_syl) ... 5 (Bom_mus)
  0  0.0000 319545.674091  x:  0.05339   4.73354   0.18394  
  1 99.0000 319443.627883  x:  0.06657   4.73356   0.18310  
  2 16750.2564 319421.625120  x:  0.06673   4.73425   0.14833  
  3 1157.4364 319418.140739  x:  0.06671   5.22931   0.15148  
  4 15.2882 319418.123815  x:  0.06674   5.22252   0.15058  
  5  0.0085 319418.123566  x:  0.06675   5.21917   0.15059  
  6  0.0029 319418.123566  x:  0.06675   5.21912   0.15059  
  7  0.0000 319418.123565  x:  0.06675   5.21932   0.15059  

7 (Bom_syl) ... 6 (Bom_pas)
  0  0.0000 320062.372500  x:  0.05503   4.26717   0.11297  
  1 99.0000 319953.119225  x:  0.06899   4.26720   0.11530  
  2 16759.6217 319912.389530  x:  0.06812   4.26775   0.15412  
  3 2437.6893 319889.379933  x:  0.06800   5.46387   0.15964  
  4 44.6577 319889.369465  x:  0.06804   5.46255   0.16033  
  5  0.0010 319889.369432  x:  0.06803   5.46213   0.16034  
  6  0.0003 319889.369430  x:  0.06803   5.46189   0.16034  
  7  0.0001 319889.369430  x:  0.06803   5.46189   0.16034  
  8  0.0000 319889.369430  x:  0.06803   5.46189   0.16034  
  9  0.0727 319889.369430  x:  0.06803   5.46189   0.16034  
check convergence!


8 (Bom_vet) ... 1 (Apis_mel)
  0  0.0000 389814.612229  x:  0.45893   4.63323   0.18800  
  1 99.0000 388730.252213  x:  0.47990   4.63279   0.10153  
  2 18530.3110 388518.017032  x:  0.55857   4.63052   0.09508  
  3 6462.5760 388484.185153  x:  0.55406   4.10296   0.09314  
  4 120.2038 388483.586354  x:  0.55301   4.09334   0.09459  
  5  0.0248 388483.520106  x:  0.55163   4.09500   0.09463  
  6  0.0019 388483.520057  x:  0.55161   4.09442   0.09463  
  7  0.0007 388483.520057  x:  0.55161   4.09442   0.09463  

8 (Bom_vet) ... 2 (Bom_con)
  0  0.0000 331273.096109  x:  0.09853   3.55261   0.15947  
  1 99.0000 331186.636206  x:  0.11529   3.55292   0.15504  
  2 10558.9606 331132.181872  x:  0.11529   3.55542   0.11928  
  3 2901.1459 331001.196645  x:  0.11503   5.58779   0.13552  
  4 167.9124 330998.866174  x:  0.11509   5.61293   0.12845  
  5  0.0293 330998.827384  x:  0.11510   5.65838   0.12838  
  6  0.0214 330998.826278  x:  0.11510   5.65992   0.12853  
  7  0.0016 330998.826278  x:  0.11510   5.65993   0.12853  

8 (Bom_vet) ... 3 (Bom_hor)
  0  0.0000 319457.700768  x:  0.05772   4.70741   0.22052  
  1 99.0000 319416.614176  x:  0.06629   4.70745   0.21854  
  2 9817.6633 319299.296477  x:  0.06654   4.70902   0.13399  
  3 2368.5129 319290.514293  x:  0.06649   5.52984   0.14034  
  4 24.2823 319290.282821  x:  0.06648   5.53371   0.13731  
  5  0.0087 319290.281134  x:  0.06644   5.52500   0.13721  
  6  0.0072 319290.281122  x:  0.06644   5.52439   0.13722  
  7  0.0006 319290.281122  x:  0.06644   5.52438   0.13722  

8 (Bom_vet) ... 4 (Bom_hyp)
  0  0.0000 319446.853940  x:  0.05549   4.44007   0.17181  
  1 99.0000 319366.766639  x:  0.06736   4.44011   0.17049  
  2 14389.6354 319325.976249  x:  0.06756   4.44149   0.12735  
  3 1690.1522 319302.460003  x:  0.06747   5.72800   0.13572  
  4 42.4707 319302.193113  x:  0.06751   5.73925   0.13255  
  5  0.0152 319302.191919  x:  0.06753   5.74946   0.13258  
  6  0.0067 319302.191912  x:  0.06752   5.74967   0.13259  
  7  0.0002 319302.191912  x:  0.06752   5.74960   0.13258  
  8  0.0000 319302.191912  x:  0.06752   5.74960   0.13258  
check convergence!


8 (Bom_vet) ... 5 (Bom_mus)
  0  0.0000 304036.831050  x:  0.01794   4.65809   0.11790  
  1 99.0000 304033.759532  x:  0.01922   4.65810   0.11789  
  2 4971.0394 304033.683393  x:  0.01922   4.65882   0.11507  
  3 51.5533 304025.414130  x:  0.01915   6.22586   0.12203  
  4 13.4201 304025.395549  x:  0.01915   6.22425   0.12059  
  5  0.0020 304025.395529  x:  0.01915   6.22631   0.12056  
  6  0.0015 304025.395528  x:  0.01915   6.22680   0.12057  
  7  0.0004 304025.395528  x:  0.01915   6.22681   0.12057  

8 (Bom_vet) ... 6 (Bom_pas)
  0  0.0000 305219.851147  x:  0.02231   5.07755   0.21240  
  1 99.0000 305219.443043  x:  0.02181   5.07756   0.21200  
  2 1267.0109 305180.041143  x:  0.02200   5.07929   0.13018  
  3 1263.8876 305173.287895  x:  0.02198   6.47200   0.13964  
  4 11.1917 305173.088134  x:  0.02204   6.50119   0.13501  
  5  0.0491 305173.085177  x:  0.02207   6.51684   0.13502  
  6  0.0143 305173.085056  x:  0.02207   6.52315   0.13505  
  7  0.0047 305173.085056  x:  0.02207   6.52315   0.13505  
  8  0.0000 305173.085056  x:  0.02207   6.52315   0.13505  
  9  0.0009 305173.085056  x:  0.02207   6.52315   0.13505  

8 (Bom_vet) ... 7 (Bom_syl)
  0  0.0000 319311.614405  x:  0.06969   5.32203   0.12742  
  1 99.0000 319304.592081  x:  0.06612   5.32203   0.12885  
  2 3396.9648 319291.517886  x:  0.06649   5.32198   0.15390  
  3 1389.2433 319291.417586  x:  0.06647   5.41300   0.15418  
  4  2.1408 319291.314356  x:  0.06610   5.40714   0.15297  
  5  0.0060 319291.312550  x:  0.06614   5.40665   0.15271  
  6  0.0005 319291.312549  x:  0.06614   5.40672   0.15271  