

2 (And_ful) ... 1 (And_bic)
  0  0.0000 1022878.260166  x:  0.15614   1.65282   0.51902  
  1 99.0000 1007153.597899  x:  0.14413   1.73510   0.05464  
  2 29583.4231 1006997.000574  x:  0.15428   1.73777   0.04444  
  3 40553.0841 1006109.585437  x:  0.17967   2.26138   0.06787  
  4 3947.3660 1005477.275065  x:  0.15912   3.06038   0.05904  
  5  1.6388 1005389.820900  x:  0.17060   3.38675   0.06287  
  6  0.1715 1005376.158078  x:  0.16685   3.53762   0.06195  
  7  0.0901 1005375.547842  x:  0.16747   3.57771   0.06251  
  8  0.0304 1005375.541463  x:  0.16737   3.57965   0.06254  
  9  0.0016 1005375.541239  x:  0.16737   3.57928   0.06256  
 10  0.0003 1005375.541238  x:  0.16737   3.57924   0.06256  

3 (And_hae) ... 1 (And_bic)
  0  0.0000 1004281.571381  x:  0.15649   3.29556   0.13547  
  1 99.0000 1002966.337381  x:  0.15730   3.29652   0.06423  
  2 27861.9378 1002959.484843  x:  0.16083   3.29664   0.06378  
  3 3960.2792 1002942.170178  x:  0.16096   3.57437   0.06621  
  4 130.6709 1002941.490750  x:  0.16092   3.58605   0.06510  
  5  0.0268 1002941.490035  x:  0.16093   3.58775   0.06509  
  6  0.0016 1002941.490032  x:  0.16092   3.58781   0.06509  

3 (And_hae) ... 2 (And_ful)
  0  0.0000 1000481.152978  x:  0.14375   3.37757   0.15865  
  1 99.0000 998704.044221  x:  0.16970   3.37914   0.06950  
  2 29667.0847 998595.140724  x:  0.16000   3.37943   0.05934  
  3 19889.6297 998519.062992  x:  0.15786   4.02305   0.06424  
  4 258.8973 998509.951053  x:  0.15466   3.95845   0.06682  
  5  0.1328 998509.913606  x:  0.15476   3.94430   0.06682  
  6  0.0121 998509.913240  x:  0.15475   3.94364   0.06680  
  7  0.0006 998509.913239  x:  0.15475   3.94366   0.06680  

4 (And_hat) ... 1 (And_bic)
  0  0.0000 980555.786425  x:  0.12449   3.43403   0.06238  
  1 99.0000 980533.552981  x:  0.11935   3.43402   0.06528  
  2 7437.3326 980531.340138  x:  0.11995   3.43401   0.06757  
  3 2024.9728 980531.339298  x:  0.11995   3.43627   0.06758  
  4  0.6732 980531.333473  x:  0.11987   3.43622   0.06762  
  5  0.0001 980531.333472  x:  0.11987   3.43626   0.06763  

4 (And_hat) ... 2 (And_ful)
  0  0.0000 1002726.144912  x:  0.13603   2.98474   0.11586  
  1 99.0000 1001817.930424  x:  0.17352   2.98567   0.08247  
  2 38326.3277 1001557.300173  x:  0.16889   2.98644   0.05914  
  3 26169.1040 1001333.199409  x:  0.16747   4.02752   0.06583  
  4 508.5607 1001308.308818  x:  0.16080   4.01227   0.06472  
  5  0.0163 1001308.191362  x:  0.16064   4.00337   0.06515  
  6  0.0096 1001308.184818  x:  0.16065   3.99712   0.06509  
  7  0.0042 1001308.184817  x:  0.16065   3.99710   0.06509  

4 (And_hat) ... 3 (And_hae)
  0  0.0000 999720.811247  x:  0.16482   3.61554   0.12260  
  1 99.0000 998972.372191  x:  0.14000   3.61606   0.08256  
  2 28838.6058 998786.324814  x:  0.14843   3.61636   0.06323  
  3 24192.5217 998750.920728  x:  0.14922   4.09461   0.06586  
  4 159.3195 998733.775459  x:  0.15396   4.04643   0.06826  
  5  0.0613 998733.452719  x:  0.15429   4.04465   0.06745  
  6  0.0022 998733.452389  x:  0.15429   4.04312   0.06744  
  7  0.0013 998733.452389  x:  0.15429   4.04312   0.06744  

5 (And_mar) ... 1 (And_bic)
  0  0.0000 962614.859188  x:  0.07687   3.45060   0.13566  
  1 99.0000 962343.528793  x:  0.09224   3.45062   0.12831  
  2 34039.8676 961783.080802  x:  0.09194   3.45070   0.06768  
  3 17768.0303 961764.770212  x:  0.09204   3.09888   0.06480  
  4 97.7970 961761.229292  x:  0.09071   3.07786   0.06730  
  5  0.0261 961760.469020  x:  0.09011   3.08998   0.06626  
  6  0.0188 961760.468341  x:  0.09013   3.08896   0.06622  
  7  0.0011 961760.468336  x:  0.09013   3.08910   0.06622  
  8  0.0002 961760.468336  x:  0.09013   3.08910   0.06622  

5 (And_mar) ... 2 (And_ful)
  0  0.0000 1005804.333748  x:  0.17809   2.96886   0.08958  
  1 99.0000 1005420.377748  x:  0.16167   2.96948   0.06565  
  2 24379.1671 1005404.146391  x:  0.16553   2.96991   0.06142  
  3 5888.0222 1005278.895340  x:  0.16644   3.69846   0.06568  
  4 393.0059 1005278.645880  x:  0.16643   3.69770   0.06497  
  5  0.0011 1005278.641809  x:  0.16652   3.69754   0.06496  
  6  0.0002 1005278.641809  x:  0.16652   3.69758   0.06496  

5 (And_mar) ... 3 (And_hae)
  0  0.0000 1004213.093032  x:  0.16102   3.20878   0.16936  
  1 99.0000 1002496.863638  x:  0.13322   3.21030   0.08345  
  2 31070.4306 1002175.170103  x:  0.14415   3.21074   0.05992  
  3 49284.0724 1002102.859539  x:  0.14621   3.80502   0.06446  
  4 265.3343 1002004.902077  x:  0.15678   3.60257   0.07043  
  5  0.3055 1002002.173039  x:  0.15787   3.61100   0.06819  
  6  0.0084 1002002.165843  x:  0.15788   3.60495   0.06815  
  7  0.0056 1002002.165822  x:  0.15788   3.60489   0.06815  
  8  0.0001 1002002.165822  x:  0.15788   3.60489   0.06815  

5 (And_mar) ... 4 (And_hat)
  0  0.0000 980392.515648  x:  0.11068   3.21145   0.19233  
  1 99.0000 978571.669314  x:  0.12985   3.21351   0.07412  
  2 22148.0578 978448.528897  x:  0.12055   3.21374   0.06185  
  3 29183.7424 978422.294443  x:  0.11908   3.59450   0.06578  
  4 144.1935 978402.264611  x:  0.11552   3.46054   0.07027  
  5  0.3377 978402.223283  x:  0.11568   3.45504   0.07046  
  6  0.0059 978402.223193  x:  0.11567   3.45533   0.07047  
  7  0.0003 978402.223193  x:  0.11567   3.45535   0.07047  
  8  0.0000 978402.223193  x:  0.11567   3.45538   0.07047  
  9  0.0000 978402.223193  x:  0.11567   3.45538   0.07047  
 10  0.0000 978402.223193  x:  0.11567   3.45538   0.07047  
check convergence!


6 (And_tri) ... 1 (And_bic)
  0  0.0000 978718.774626  x:  0.10696   3.13825   0.14102  
  1 99.0000 978043.278024  x:  0.13116   3.13853   0.08654  
  2 21878.2890 977777.788596  x:  0.12438   3.13861   0.05995  
  3 44767.8282 977772.906942  x:  0.12467   2.98490   0.05888  
  4 56.9228 977675.680306  x:  0.11445   2.87789   0.06564  
  5  0.1619 977674.979038  x:  0.11401   2.90243   0.06473  
  6  0.0331 977674.974709  x:  0.11406   2.90057   0.06464  
  7  0.0020 977674.974705  x:  0.11406   2.90065   0.06464  
  8  0.0001 977674.974704  x:  0.11406   2.90064   0.06464  

6 (And_tri) ... 2 (And_ful)
  0  0.0000 1004139.929445  x:  0.13551   2.76707   0.17197  
  1 99.0000 1002373.330841  x:  0.19281   2.76920   0.09761  
  2 40773.8497 1001582.003607  x:  0.18832   2.77036   0.05537  
  3 61882.9554 1001342.891484  x:  0.18495   3.76574   0.06395  
  4 564.4152 1001009.242458  x:  0.15930   3.66315   0.06064  
  5  0.1034 1001005.298835  x:  0.15882   3.59110   0.06282  
  6  0.0905 1001004.801594  x:  0.15908   3.54804   0.06224  
  7  0.0373 1001004.799289  x:  0.15904   3.54767   0.06219  
  8  0.0004 1001004.799277  x:  0.15905   3.54773   0.06219  

6 (And_tri) ... 3 (And_hae)
  0  0.0000 999380.148328  x:  0.14000   3.22013   0.11581  
  1 99.0000 998657.719905  x:  0.16423   3.22075   0.07142  
  2 26394.5015 998567.311589  x:  0.15736   3.22098   0.06025  
  3 17402.9378 998538.032987  x:  0.15667   3.60579   0.06258  
  4 165.6334 998525.355877  x:  0.15254   3.56445   0.06520  
  5  0.0583 998525.338186  x:  0.15251   3.55557   0.06510  
  6  0.0079 998525.338132  x:  0.15252   3.55539   0.06510  

6 (And_tri) ... 4 (And_hat)
  0  0.0000 976210.741750  x:  0.10584   3.28589   0.06510  
  1 99.0000 976169.201599  x:  0.11272   3.28590   0.06614  
  2 12212.7420 976168.823767  x:  0.11262   3.28592   0.06721  
  3 713.9746 976168.285490  x:  0.11261   3.34387   0.06747  
  4 19.3742 976168.284956  x:  0.11261   3.34212   0.06745  
  5  0.0017 976168.284956  x:  0.11261   3.34212   0.06745  

6 (And_tri) ... 5 (And_mar)
  0  0.0000 976838.896473  x:  0.11704   3.16118   0.13326  
  1 99.0000 976496.272658  x:  0.09974   3.16126   0.11035  
  2 22507.7213 976090.306528  x:  0.10505   3.16135   0.06821  
  3 33104.7207 976079.246618  x:  0.10489   2.93440   0.06639  
  4 91.6866 976050.182349  x:  0.11004   2.88625   0.06999  
  5  0.0567 976049.004764  x:  0.11054   2.90136   0.06832  
  6  0.0236 976049.004436  x:  0.11053   2.90066   0.06830  
  7  0.0007 976049.004433  x:  0.11053   2.90075   0.06830  
  8  0.0001 976049.004433  x:  0.11053   2.90075   0.06830  
check convergence!


7 (Bom_pas) ... 1 (And_bic)
  0  0.0000 1245034.696414  x:  1.30769   2.66087   0.17609  
  1 99.0000 1221921.973220  x:  1.28381   2.66448   0.04749  
  2 205448.5178 1221748.729426  x:  1.23097   2.68858   0.05610  
  3 6477.0180 1220714.157459  x:  1.35599   3.91185   0.05480  
  4 2276.5205 1220071.215493  x:  1.16054   3.88814   0.05712  
  5  0.1898 1220064.510940  x:  1.17557   3.95744   0.05574  
  6  0.0583 1220063.817463  x:  1.17159   3.97763   0.05589  
  7  0.0205 1220063.754764  x:  1.17259   3.98478   0.05597  
  8  0.0062 1220063.754710  x:  1.17262   3.98500   0.05596  

7 (Bom_pas) ... 2 (And_ful)
  0  0.0000 1238641.373236  x:  1.46366   3.63318   0.12702  
  1 99.0000 1224107.671967  x:  1.45364   3.63418   0.04487  
  2 229387.9571 1223819.550258  x:  1.33603   3.66106   0.05669  
  3 5385.8408 1223601.573509  x:  1.40349   4.35944   0.05482  
  4 693.8429 1223177.791860  x:  1.23184   4.23610   0.05636  
  5  0.2811 1223156.046076  x:  1.25804   4.29251   0.05351  
  6  0.0686 1223155.489127  x:  1.25298   4.28634   0.05345  
  7  0.0095 1223155.488433  x:  1.25282   4.28533   0.05346  
  8  0.0010 1223155.488412  x:  1.25283   4.28518   0.05346  
  9  0.0001 1223155.488412  x:  1.25283   4.28518   0.05346  

7 (Bom_pas) ... 3 (And_hae)
  0  0.0000 1244716.196294  x:  1.38905   3.53053   0.17599  
  1 99.0000 1221468.300074  x:  1.36622   3.53257   0.04756  
  2 207207.2035 1221335.855270  x:  1.31721   3.54293   0.05502  
  3 5709.8813 1221098.134291  x:  1.37162   4.24920   0.05393  
  4 749.8121 1220581.445906  x:  1.17336   4.06937   0.05795  
  5  0.2743 1220572.490273  x:  1.18685   4.13537   0.05620  
  6  0.0607 1220572.223340  x:  1.18315   4.13362   0.05623  
  7  0.0055 1220572.223322  x:  1.18313   4.13370   0.05623  
  8  0.0001 1220572.223322  x:  1.18314   4.13372   0.05623  
  9  0.0000 1220572.223322  x:  1.18314   4.13372   0.05623  

7 (Bom_pas) ... 4 (And_hat)
  0  0.0000 1226586.705683  x:  1.24409   3.62086   0.10695  
  1 99.0000 1220213.355932  x:  1.23840   3.62139   0.05228  
  2 172519.4412 1220116.870463  x:  1.17217   3.63939   0.05821  
  3 2827.8216 1220000.669718  x:  1.21194   4.12296   0.05733  
  4 530.3651 1219961.243286  x:  1.18171   4.11812   0.05595  
  5  0.0476 1219961.158404  x:  1.18359   4.12000   0.05578  
  6  0.0029 1219961.158351  x:  1.18359   4.12030   0.05578  
  7  0.0003 1219961.158350  x:  1.18360   4.12031   0.05578  

7 (Bom_pas) ... 5 (And_mar)
  0  0.0000 1225565.343461  x:  1.16527   3.66909   0.11261  
  1 99.0000 1219526.438423  x:  1.15960   3.66954   0.05586  
  2 158196.5774 1219519.101891  x:  1.14338   3.67859   0.05745  
  3 789.5797 1219470.503076  x:  1.16744   3.98703   0.05686  
  4 397.1770 1219468.779555  x:  1.16156   3.98509   0.05653  
  5  0.0101 1219468.778846  x:  1.16139   3.98506   0.05655  
  6  0.0002 1219468.778846  x:  1.16139   3.98505   0.05655  
  7  0.0000 1219468.778846  x:  1.16138   3.98505   0.05655  

7 (Bom_pas) ... 6 (And_tri)
  0  0.0000 1225861.686694  x:  1.30448   3.52366   0.09961  
  1 99.0000 1219703.059870  x:  1.29917   3.52418   0.04935  
  2 182543.2878 1219395.244158  x:  1.16740   3.55055   0.06012  
  3 4601.0370 1219299.822020  x:  1.20641   3.97188   0.05919  
  4 485.0382 1219187.966654  x:  1.15716   3.97811   0.05687  
  5  0.0757 1219185.300671  x:  1.16694   3.98215   0.05588  
  6  0.0128 1219185.299030  x:  1.16681   3.98039   0.05587  
  7  0.0015 1219185.299021  x:  1.16681   3.98034   0.05587  
  8  0.0000 1219185.299021  x:  1.16681   3.98034   0.05587  