Supplemental results for CODEML (seqf: /home/yzliu/eDNA/faststorage/yzliu/DK_proj/data/ref_genome/ref_annotation/primary_transcripts/extracted_cds_new/new_transcript_id_8_bom_apis/bootstraps/cat.out.OG_cds_8_species_same_header_fas.shuf_211OG_348.phy  treef: xxx.trees)


pairwise comparison (Goldman & Yang 1994)
seq seq        N       S       dN       dS     dN/dS   Paras.
  2   1 159432.8  52649.2   0.0527   0.5547   0.0950   0.5320   4.1206   0.0950 -369518.374
  3   1 159305.3  52776.7   0.0528   0.5688   0.0928   0.5435   4.1171   0.0928 -370163.794
  3   2 155987.2  56094.8   0.0142   0.1071   0.1330   0.1164   4.8089   0.1330 -317167.858
  4   1 159587.2  52494.8   0.0515   0.5610   0.0918   0.5328   4.1190   0.0918 -368863.448
  4   2 156080.9  56001.1   0.0130   0.0991   0.1307   0.1071   4.9494   0.1307 -314850.459
  4   3 155914.8  56167.2   0.0079   0.0616   0.1290   0.0665   4.9856   0.1290 -305024.408
  5   1 159465.0  52617.0   0.0524   0.5705   0.0918   0.5428   4.1553   0.0918 -369650.818
  5   2 155919.9  56162.1   0.0142   0.1055   0.1347   0.1151   5.0353   0.1347 -316712.130
  5   3 155937.3  56144.7   0.0087   0.0634   0.1374   0.0695   4.9122   0.1374 -305973.794
  5   4 155584.4  56497.6   0.0081   0.0631   0.1281   0.0682   5.4855   0.1281 -305201.530
  6   1 159456.7  52625.3   0.0528   0.5722   0.0923   0.5451   4.1415   0.0923 -370009.667
  6   2 155968.6  56113.4   0.0148   0.1062   0.1395   0.1170   4.9703   0.1395 -317289.374
  6   3 155956.7  56125.3   0.0093   0.0634   0.1461   0.0708   4.8748   0.1461 -306459.459
  6   4 155561.2  56520.8   0.0089   0.0628   0.1420   0.0698   5.4823   0.1420 -305841.114
  6   5 154938.2  57143.8   0.0029   0.0202   0.1411   0.0226   6.0908   0.1411 -291879.587
  7   1 159515.8  52566.2   0.0528   0.5663   0.0933   0.5403   4.2113   0.0933 -369591.156
  7   2 155729.0  56353.0   0.0147   0.1067   0.1377   0.1174   5.3195   0.1377 -317142.338
  7   3 155310.8  56771.2   0.0088   0.0642   0.1366   0.0708   5.6112   0.1366 -306086.745
  7   4 154965.0  57117.0   0.0081   0.0628   0.1288   0.0685   6.3183   0.1288 -305039.297
  7   5 155169.0  56913.0   0.0084   0.0588   0.1431   0.0659   5.9924   0.1431 -304693.313
  7   6 155294.2  56787.8   0.0091   0.0580   0.1576   0.0667   5.8202   0.1576 -305181.497
  8   1 159430.5  52651.5   0.0522   0.5712   0.0914   0.5431   4.1533   0.0914 -369614.877
  8   2 155821.6  56260.4   0.0142   0.1046   0.1363   0.1146   5.0923   0.1363 -316657.705
  8   3 155813.9  56268.1   0.0088   0.0613   0.1441   0.0682   4.9893   0.1441 -305750.335
  8   4 155431.1  56650.9   0.0083   0.0614   0.1348   0.0674   5.6063   0.1348 -305107.079
  8   5 154418.2  57663.8   0.0022   0.0182   0.1192   0.0195   6.7417   0.1192 -290669.607
  8   6 154723.5  57358.5   0.0029   0.0190   0.1509   0.0216   6.3062   0.1509 -291592.269
  8   7 155007.0  57075.0   0.0085   0.0570   0.1490   0.0647   6.1398   0.1490 -304484.972

