

2 (And_ful) ... 1 (And_bic)
  0  0.0000 1007163.601269  x:  0.14846   1.66266   0.42914  
  1 99.0000 997106.791344  x:  0.26536   1.72077   0.05462  
  2 33945.4689 996818.328980  x:  0.26222   1.72327   0.03820  
  3 137643.8593 992064.400529  x:  0.17500   4.45394   0.06865  
  4 4383.6908 991985.460671  x:  0.16371   4.26212   0.06396  
  5  0.2019 991939.048562  x:  0.16715   3.89249   0.05687  
  6  0.2422 991930.646584  x:  0.16823   3.73061   0.05869  
  7  0.0759 991930.122155  x:  0.16728   3.72724   0.05911  
  8  0.0033 991930.122144  x:  0.16728   3.72728   0.05911  
  9  0.0000 991930.122144  x:  0.16728   3.72724   0.05911  
 10  0.0000 991930.122144  x:  0.16728   3.72726   0.05911  

3 (And_hae) ... 1 (And_bic)
  0  0.0000 990671.867355  x:  0.17084   3.22298   0.16394  
  1 99.0000 989081.702913  x:  0.13083   3.22405   0.09983  
  2 37317.3115 988364.781298  x:  0.13929   3.22473   0.05709  
  3 58170.9395 988300.855779  x:  0.14082   3.79238   0.06124  
  4 244.3000 988124.585120  x:  0.15724   3.59930   0.06355  
  5  0.2215 988122.091592  x:  0.15773   3.61524   0.06139  
  6  0.0239 988122.086287  x:  0.15779   3.61123   0.06136  
  7  0.0037 988122.086284  x:  0.15779   3.61120   0.06136  

3 (And_hae) ... 2 (And_ful)
  0  0.0000 988415.480684  x:  0.16919   3.35631   0.15501  
  1 99.0000 987000.210157  x:  0.13153   3.35734   0.09678  
  2 36413.7568 986395.406098  x:  0.14012   3.35802   0.05793  
  3 50531.0790 986297.262054  x:  0.14193   4.12195   0.06306  
  4 287.8941 986179.985774  x:  0.15549   3.97047   0.06466  
  5  0.1722 986178.546508  x:  0.15579   3.97269   0.06292  
  6  0.0039 986178.536224  x:  0.15581   3.96437   0.06288  
  7  0.0069 986178.536190  x:  0.15580   3.96428   0.06289  

4 (And_hat) ... 1 (And_bic)
  0  0.0000 967097.099449  x:  0.09632   3.58381   0.13986  
  1 99.0000 966556.008824  x:  0.12160   3.58393   0.12591  
  2 40881.3560 965781.876438  x:  0.12095   3.58440   0.06390  
  3 24993.7988 965769.279010  x:  0.11713   3.68280   0.06540  
  4  0.0934 965767.281843  x:  0.11660   3.57622   0.06470  
  5 27.2278 965767.232281  x:  0.11657   3.57714   0.06433  
  6  0.0021 965767.231292  x:  0.11656   3.57457   0.06432  
  7  0.0028 965767.231292  x:  0.11656   3.57458   0.06432  
  8  0.0000 965767.231292  x:  0.11656   3.57458   0.06432  
  9  0.0000 965767.231292  x:  0.11656   3.57458   0.06432  
check convergence!


4 (And_hat) ... 2 (And_ful)
  0  0.0000 988129.841337  x:  0.16687   3.15835   0.11388  
  1 99.0000 987173.192235  x:  0.14486   3.15935   0.06571  
  2 31092.0483 987059.880291  x:  0.15351   3.15977   0.05405  
  3 19598.0000 986910.707062  x:  0.15557   4.05504   0.05952  
  4 385.0290 986905.278438  x:  0.15836   4.02344   0.06062  
  5  0.0430 986905.101925  x:  0.15857   4.01615   0.06005  
  6  0.0071 986905.100439  x:  0.15857   4.01293   0.06005  
  7  0.0023 986905.100435  x:  0.15856   4.01294   0.06005  

4 (And_hat) ... 3 (And_hae)
  0  0.0000 985272.847248  x:  0.16287   3.55688   0.13049  
  1 99.0000 984274.450913  x:  0.13304   3.55750   0.08360  
  2 32320.3227 983961.827776  x:  0.14167   3.55786   0.05765  
  3 33925.6049 983919.212376  x:  0.14267   4.08477   0.06062  
  4 173.9211 983874.853624  x:  0.15060   3.99431   0.06353  
  5  0.1110 983873.892607  x:  0.15099   3.99768   0.06213  
  6  0.0044 983873.891295  x:  0.15098   3.99487   0.06211  
  7  0.0024 983873.891292  x:  0.15098   3.99483   0.06211  
  8  0.0000 983873.891292  x:  0.15098   3.99483   0.06211  

5 (And_mar) ... 1 (And_bic)
  0  0.0000 949248.289026  x:  0.08075   3.33694   0.13673  
  1 99.0000 949054.099722  x:  0.09428   3.33702   0.12359  
  2 21743.9553 948498.142238  x:  0.09290   3.33735   0.06452  
  3 27521.0733 948494.849128  x:  0.09297   3.18655   0.06326  
  4 41.2998 948474.212494  x:  0.08870   3.15619   0.06579  
  5  0.0310 948473.666712  x:  0.08848   3.16893   0.06455  
  6  0.0260 948473.666617  x:  0.08847   3.16860   0.06454  
  7  0.0003 948473.666616  x:  0.08847   3.16865   0.06454  
  8  0.0000 948473.666616  x:  0.08847   3.16865   0.06454  
check convergence!


5 (And_mar) ... 2 (And_ful)
  0  0.0000 994559.794983  x:  0.15907   2.87382   0.15744  
  1 99.0000 992009.775390  x:  0.16542   2.87651   0.05614  
  2 34400.3258 992008.654617  x:  0.16690   2.87704   0.05618  
  3 1446.3992 991851.108135  x:  0.16615   3.61225   0.06533  
  4 541.4386 991825.995459  x:  0.16698   3.71000   0.05904  
  5  0.2438 991825.481573  x:  0.16706   3.76489   0.05933  
  6  0.0349 991825.480792  x:  0.16704   3.76361   0.05934  
  7  0.0013 991825.480790  x:  0.16703   3.76360   0.05934  

5 (And_mar) ... 3 (And_hae)
  0  0.0000 988199.242272  x:  0.14503   3.39752   0.08594  
  1 99.0000 987922.177574  x:  0.16147   3.39775   0.06508  
  2 20270.5445 987902.764807  x:  0.15818   3.39786   0.06012  
  3 7028.6099 987892.251905  x:  0.15804   3.63545   0.06122  
  4 93.5809 987891.423969  x:  0.15696   3.62781   0.06189  
  5  0.0089 987891.423304  x:  0.15695   3.62636   0.06186  
  6  0.0014 987891.423301  x:  0.15695   3.62628   0.06186  
  7  0.0001 987891.423301  x:  0.15695   3.62628   0.06186  
  8  0.0000 987891.423301  x:  0.15695   3.62628   0.06186  
check convergence!


5 (And_mar) ... 4 (And_hat)
  0  0.0000 965761.506347  x:  0.12286   3.19684   0.16432  
  1 99.0000 965213.285400  x:  0.09962   3.19730   0.13758  
  2 28860.4645 964212.971430  x:  0.10396   3.19851   0.06426  
  3 42166.2889 964185.775273  x:  0.10436   3.60283   0.06820  
  4 142.9023 964118.749231  x:  0.11313   3.56781   0.06543  
  5  0.0384 964118.380908  x:  0.11320   3.55627   0.06642  
  6  0.0251 964118.380160  x:  0.11320   3.55426   0.06639  
  7  0.0017 964118.380159  x:  0.11320   3.55423   0.06639  
  8  0.0000 964118.380159  x:  0.11320   3.55423   0.06639  
  9  0.0000 964118.380159  x:  0.11320   3.55423   0.06639  
 10  0.0000 964118.380159  x:  0.11320   3.55423   0.06639  
 11  0.0000 964118.380159  x:  0.11320   3.55423   0.06639  
 12  0.0430 964118.380159  x:  0.11320   3.55423   0.06639  
check convergence!


6 (And_tri) ... 1 (And_bic)
  0  0.0000 965533.121340  x:  0.12085   3.16395   0.18884  
  1 99.0000 964874.430283  x:  0.09575   3.16428   0.15786  
  2 30501.5723 963231.281363  x:  0.09886   3.16523   0.05847  
  3 54072.1501 963228.770428  x:  0.09879   3.06161   0.05731  
  4 35.9709 963074.439633  x:  0.11158   2.94191   0.05947  
  5  0.1615 963072.433672  x:  0.11189   2.97820   0.05761  
  6  0.1119 963072.425491  x:  0.11194   2.98353   0.05765  
  7  0.0056 963072.425407  x:  0.11195   2.98328   0.05764  
  8  0.0002 963072.425407  x:  0.11195   2.98327   0.05765  

6 (And_tri) ... 2 (And_ful)
  0  0.0000 987453.821154  x:  0.14266   2.97312   0.07667  
  1 99.0000 987147.434543  x:  0.15808   2.97350   0.06154  
  2 23819.5694 987126.119169  x:  0.15525   2.97382   0.05622  
  3 7362.4861 987032.335323  x:  0.15483   3.61563   0.05957  
  4 328.3629 987023.771028  x:  0.15799   3.62594   0.05696  
  5  0.0117 987023.758610  x:  0.15802   3.63360   0.05703  
  6  0.0058 987023.758374  x:  0.15801   3.63403   0.05702  
  7  0.0004 987023.758373  x:  0.15801   3.63403   0.05702  
  8  0.0000 987023.758373  x:  0.15801   3.63403   0.05702  
  9  0.0000 987023.758373  x:  0.15801   3.63403   0.05702  

6 (And_tri) ... 3 (And_hae)
  0  0.0000 983925.700372  x:  0.14386   3.14167   0.05204  
  1 99.0000 983883.688920  x:  0.14995   3.14177   0.05753  
  2 10507.0822 983883.577560  x:  0.14964   3.14295   0.05788  
  3 176.4683 983855.595075  x:  0.14994   3.50847   0.05890  
  4 1194.4999 983855.593009  x:  0.14998   3.50676   0.05893  
  5  0.0015 983855.593003  x:  0.14998   3.50663   0.05893  
  6  0.0001 983855.593003  x:  0.14998   3.50663   0.05893  

6 (And_tri) ... 4 (And_hat)
  0  0.0000 961678.389089  x:  0.10481   3.20766   0.07598  
  1 99.0000 961620.032359  x:  0.11240   3.20778   0.06868  
  2 11281.5430 961596.949038  x:  0.11051   3.20793   0.06105  
  3 7511.7521 961586.568012  x:  0.11041   3.46820   0.06234  
  4 85.1234 961586.294964  x:  0.10985   3.46240   0.06249  
  5  0.0059 961586.294779  x:  0.10985   3.46147   0.06248  
  6  0.0009 961586.294777  x:  0.10985   3.46141   0.06248  
  7  0.0001 961586.294777  x:  0.10985   3.46141   0.06248  
  8  0.0000 961586.294777  x:  0.10985   3.46141   0.06248  

6 (And_tri) ... 5 (And_mar)
  0  0.0000 961949.049113  x:  0.10636   3.22540   0.06103  
  1 99.0000 961942.438541  x:  0.10917   3.22533   0.06155  
  2 4788.4459 961942.333161  x:  0.10911   3.22516   0.06210  
  3 370.8973 961926.029736  x:  0.10914   2.93614   0.06084  
  4 116.6498 961926.021475  x:  0.10908   2.93563   0.06073  
  5  0.0005 961926.021469  x:  0.10907   2.93568   0.06074  
  6  0.0000 961926.021469  x:  0.10907   2.93568   0.06074  
check convergence!


7 (Bom_pas) ... 1 (And_bic)
  0  0.0000 1199372.543243  x:  1.30691   2.91690   0.05538  
  1 99.0000 1198874.675932  x:  1.30560   2.91721   0.04484  
  2 85981.8347 1197795.470444  x:  1.05769   2.99539   0.05588  
  3 7219.8228 1197174.609674  x:  1.15670   3.97962   0.05541  
  4 1522.7772 1197146.484500  x:  1.12766   4.01993   0.05511  
  5  0.0527 1197145.735745  x:  1.13215   4.03029   0.05458  
  6  0.0099 1197145.717701  x:  1.13248   4.03662   0.05459  
  7  0.0042 1197145.717651  x:  1.13250   4.03658   0.05459  

7 (Bom_pas) ... 2 (And_ful)
  0  0.0000 1215709.130814  x:  1.31326   3.44482   0.12858  
  1 99.0000 1203003.869399  x:  1.30321   3.44593   0.04718  
  2 205712.3616 1202872.054037  x:  1.23559   3.46983   0.05449  
  3 3877.9594 1202480.410603  x:  1.31605   4.39490   0.05278  
  4 1027.9734 1202332.824488  x:  1.23007   4.36103   0.05225  
  5  0.1211 1202332.276826  x:  1.23474   4.37021   0.05181  
  6  0.0111 1202332.269535  x:  1.23439   4.37245   0.05181  
  7  0.0021 1202332.269174  x:  1.23449   4.37327   0.05181  
  8  0.0007 1202332.269174  x:  1.23449   4.37327   0.05181  

7 (Bom_pas) ... 3 (And_hae)
  0  0.0000 1205669.380092  x:  1.24096   3.79462   0.10564  
  1 99.0000 1199065.825613  x:  1.23513   3.79510   0.05032  
  2 175091.1314 1198948.552177  x:  1.16101   3.81033   0.05689  
  3 3129.2919 1198874.188271  x:  1.19307   4.21748   0.05610  
  4 390.8778 1198822.173955  x:  1.15669   4.20590   0.05465  
  5  0.0600 1198821.837896  x:  1.16026   4.20815   0.05430  
  6  0.0047 1198821.837779  x:  1.16020   4.20782   0.05430  
  7  0.0003 1198821.837778  x:  1.16020   4.20778   0.05430  
  8  0.0000 1198821.837778  x:  1.16020   4.20778   0.05430  

7 (Bom_pas) ... 4 (And_hat)
  0  0.0000 1205657.117409  x:  1.09915   3.58366   0.12446  
  1 99.0000 1197878.476501  x:  1.09202   3.58435   0.05530  
  2 160118.5939 1197866.429770  x:  1.11116   3.59755   0.05330  
  3 1024.4976 1197697.828205  x:  1.13823   4.18770   0.05411  
  4 968.4928 1197693.331106  x:  1.15083   4.18984   0.05430  
  5  0.0201 1197693.111554  x:  1.15323   4.19210   0.05401  
  6  0.0031 1197693.110866  x:  1.15337   4.19333   0.05401  
  7  0.0010 1197693.110863  x:  1.15336   4.19336   0.05401  

7 (Bom_pas) ... 5 (And_mar)
  0  0.0000 1200945.693295  x:  1.25109   3.77889   0.08450  
  1 99.0000 1197607.129272  x:  1.24777   3.77916   0.04947  
  2 152271.1532 1197356.515377  x:  1.12676   3.79696   0.05788  
  3 3961.7863 1197327.996181  x:  1.14784   4.04482   0.05740  
  4 241.5282 1197287.920731  x:  1.12590   4.04686   0.05534  
  5  0.0317 1197287.361000  x:  1.13059   4.04501   0.05492  
  6  0.0060 1197287.360157  x:  1.13055   4.04380   0.05492  
  7  0.0011 1197287.360154  x:  1.13054   4.04376   0.05492  
  8  0.0000 1197287.360154  x:  1.13054   4.04376   0.05492  
check convergence!


7 (Bom_pas) ... 6 (And_tri)
  0  0.0000 1214058.843590  x:  1.25032   3.43626   0.15527  
  1 99.0000 1197224.372122  x:  1.23326   3.43776   0.04872  
  2 193796.2758 1197116.250224  x:  1.18078   3.44989   0.05601  
  3 4508.1481 1196925.445890  x:  1.22642   4.06171   0.05508  
  4 693.5222 1196708.230135  x:  1.12206   4.00338   0.05553  
  5  0.1566 1196705.101545  x:  1.13072   4.02590   0.05444  
  6  0.0252 1196705.063945  x:  1.12961   4.02722   0.05443  
  7  0.0019 1196705.063522  x:  1.12965   4.02813   0.05443  
  8  0.0007 1196705.063521  x:  1.12966   4.02814   0.05443  
  9  0.0000 1196705.063521  x:  1.12966   4.02814   0.05443  