Supplemental results for CODEML (seqf: /home/yzliu/eDNA/faststorage/yzliu/DK_proj/data/ref_genome/ref_annotation/primary_transcripts/extracted_cds_new/new_transcript_id_7_and_pas/bootstraps/cat.out.OG_cds_7_species_same_header_fas.shuf_537OG_907.phy  treef: xxx.trees)


pairwise comparison (Goldman & Yang 1994)
seq seq        N       S       dN       dS     dN/dS   Paras.
  2   1 476610.6 180239.4   0.0100   0.1733   0.0577   0.1644   3.4503   0.0577 -1013306.044
  3   1 475971.9 180878.1   0.0095   0.1661   0.0574   0.1580   3.3601   0.0574 -1010639.628
  3   2 474394.0 182456.0   0.0098   0.1536   0.0641   0.1494   3.8186   0.0641 -1005730.542
  4   1 476433.1 180416.9   0.0077   0.1270   0.0605   0.1213   3.3164   0.0605 -990578.812
  4   2 474615.6 182234.4   0.0098   0.1593   0.0614   0.1538   3.8074   0.0614 -1007557.276
  4   3 473374.2 183475.8   0.0094   0.1547   0.0607   0.1500   3.7761   0.0607 -1006052.906
  5   1 478864.2 177985.8   0.0056   0.0993   0.0567   0.0930   2.9538   0.0567 -972805.944
  5   2 476050.6 180799.4   0.0102   0.1703   0.0598   0.1628   3.4780   0.0598 -1013110.848
  5   3 475711.0 181139.0   0.0097   0.1618   0.0601   0.1549   3.3538   0.0601 -1009920.106
  5   4 476431.1 180418.9   0.0076   0.1214   0.0624   0.1165   3.2781   0.0624 -988301.993
  6   1 480189.5 176660.5   0.0066   0.1268   0.0517   0.1167   2.8290   0.0517 -987359.651
  6   2 476725.8 180124.2   0.0090   0.1628   0.0552   0.1535   3.4093   0.0552 -1007190.893
  6   3 475848.9 181001.1   0.0087   0.1571   0.0553   0.1488   3.3529   0.0553 -1005373.373
  6   4 476509.4 180340.6   0.0069   0.1186   0.0582   0.1127   3.2847   0.0582 -985004.153
  6   5 480279.8 176570.2   0.0067   0.1210   0.0557   0.1124   2.7907   0.0557 -985656.181
  7   1 468849.6 188000.4   0.0657   1.2263   0.0536   1.1936   4.0749   0.0536 -1230831.585
  7   2 466113.1 190736.9   0.0671   1.2912   0.0519   1.2676   4.3405   0.0519 -1234543.225
  7   3 467859.9 188990.1   0.0661   1.2197   0.0542   1.1941   4.1853   0.0542 -1231052.476
  7   4 467471.4 189378.6   0.0659   1.2332   0.0535   1.2074   4.2278   0.0535 -1231182.318
  7   5 469288.4 187561.6   0.0657   1.2124   0.0542   1.1795   4.0310   0.0542 -1230596.235
  7   6 468985.7 187864.3   0.0653   1.2179   0.0536   1.1849   4.0662   0.0536 -1230007.341

