Supplemental results for CODEML (seqf: /home/yzliu/eDNA/faststorage/yzliu/DK_proj/data/ref_genome/ref_annotation/primary_transcripts/extracted_cds_new/new_transcript_id_8_bom_apis/bootstraps/cat.out.OG_cds_8_species_same_header_fas.shuf_211OG_75.phy  treef: xxx.trees)


pairwise comparison (Goldman & Yang 1994)
seq seq        N       S       dN       dS     dN/dS   Paras.
  2   1 331321.2 110086.8   0.0513   0.5715   0.0897   0.5430   4.0545   0.0897 -769856.290
  3   1 331173.3 110234.7   0.0523   0.5864   0.0892   0.5570   4.0318   0.0892 -772352.586
  3   2 323640.6 117767.4   0.0138   0.1126   0.1227   0.1205   5.1030   0.1227 -661308.148
  4   1 331762.6 109645.4   0.0509   0.5747   0.0885   0.5429   4.0382   0.0885 -769252.836
  4   2 323516.1 117891.9   0.0122   0.1021   0.1190   0.1086   5.4155   0.1190 -655095.181
  4   3 323926.2 117481.8   0.0082   0.0657   0.1248   0.0705   5.1350   0.1248 -637000.088
  5   1 331855.8 109552.2   0.0517   0.5819   0.0889   0.5499   4.0197   0.0889 -770624.118
  5   2 323949.5 117458.5   0.0137   0.1082   0.1265   0.1165   5.2338   0.1265 -659252.181
  5   3 325087.0 116321.0   0.0089   0.0663   0.1344   0.0721   4.6800   0.1344 -638380.148
  5   4 323854.7 117553.3   0.0078   0.0624   0.1257   0.0671   5.4484   0.1257 -634634.891
  6   1 331818.2 109589.8   0.0520   0.5806   0.0895   0.5496   4.0227   0.0895 -770808.096
  6   2 323830.0 117578.0   0.0139   0.1089   0.1280   0.1177   5.2756   0.1280 -659802.539
  6   3 324542.5 116865.5   0.0092   0.0667   0.1376   0.0732   4.8826   0.1376 -638872.362
  6   4 323251.9 118156.1   0.0083   0.0623   0.1337   0.0684   5.7336   0.1337 -635402.882
  6   5 322804.5 118603.5   0.0026   0.0195   0.1343   0.0215   5.9912   0.1343 -606469.707
  7   1 331886.6 109521.4   0.0525   0.5780   0.0908   0.5486   4.0525   0.0908 -770984.986
  7   2 323474.2 117933.8   0.0142   0.1100   0.1294   0.1194   5.5109   0.1294 -660517.077
  7   3 323946.9 117461.1   0.0092   0.0679   0.1351   0.0744   5.1942   0.1351 -639339.734
  7   4 322702.0 118706.0   0.0083   0.0637   0.1298   0.0695   6.1124   0.1298 -635757.093
  7   5 323569.8 117838.2   0.0084   0.0590   0.1422   0.0657   5.6671   0.1422 -634240.404
  7   6 323162.8 118245.2   0.0086   0.0592   0.1459   0.0666   5.8643   0.1459 -634727.183
  8   1 331809.3 109598.7   0.0517   0.5807   0.0890   0.5492   4.0230   0.0890 -770589.200
  8   2 323694.5 117713.5   0.0136   0.1084   0.1253   0.1166   5.3336   0.1253 -659180.540
  8   3 324709.9 116698.1   0.0088   0.0657   0.1341   0.0715   4.8127   0.1341 -637998.609
  8   4 323373.4 118034.6   0.0079   0.0624   0.1260   0.0673   5.6670   0.1260 -634663.783
  8   5 323258.1 118149.9   0.0022   0.0180   0.1243   0.0194   5.7450   0.1243 -604918.725
  8   6 321139.1 120268.9   0.0025   0.0194   0.1279   0.0212   6.9989   0.1279 -606117.857
  8   7 323052.9 118355.1   0.0083   0.0583   0.1419   0.0651   5.9183   0.1419 -633860.153

