Supplemental results for CODEML (seqf: /home/yzliu/eDNA/faststorage/yzliu/DK_proj/data/ref_genome/ref_annotation/primary_transcripts/extracted_cds_new/new_transcript_id_8_bom_apis/bootstraps/cat.out.OG_cds_8_species_same_header_fas.shuf_211OG_589.phy  treef: xxx.trees)


pairwise comparison (Goldman & Yang 1994)
seq seq        N       S       dN       dS     dN/dS   Paras.
  2   1 162957.3  54599.7   0.0552   0.5593   0.0988   0.5452   3.8151   0.0988 -381965.432
  3   1 162773.3  54783.7   0.0554   0.5767   0.0960   0.5599   3.8572   0.0960 -382668.571
  3   2 159091.6  58465.4   0.0142   0.1113   0.1273   0.1208   5.0562   0.1273 -326189.853
  4   1 163132.3  54424.7   0.0537   0.5702   0.0942   0.5488   3.8752   0.0942 -381123.336
  4   2 159233.3  58323.7   0.0123   0.1026   0.1203   0.1096   5.2490   0.1203 -323172.453
  4   3 158751.8  58805.2   0.0079   0.0642   0.1225   0.0693   5.5797   0.1225 -313517.906
  5   1 163138.3  54418.7   0.0544   0.5743   0.0948   0.5534   3.8378   0.0948 -381706.525
  5   2 159184.8  58372.2   0.0133   0.1070   0.1245   0.1153   5.2451   0.1245 -324616.379
  5   3 159789.6  57767.4   0.0088   0.0665   0.1317   0.0723   4.6795   0.1317 -314754.148
  5   4 159217.7  58339.3   0.0079   0.0641   0.1226   0.0689   5.4536   0.1226 -313255.041
  6   1 163142.4  54414.6   0.0544   0.5718   0.0952   0.5515   3.8327   0.0952 -381648.075
  6   2 159055.1  58501.9   0.0135   0.1073   0.1256   0.1161   5.3551   0.1256 -324731.844
  6   3 159461.8  58095.2   0.0090   0.0660   0.1367   0.0727   4.9234   0.1367 -314842.241
  6   4 158818.5  58738.5   0.0083   0.0634   0.1310   0.0696   5.8354   0.1310 -313469.899
  6   5 158738.3  58818.7   0.0024   0.0201   0.1203   0.0216   5.8610   0.1203 -298976.892
  7   1 163240.5  54316.5   0.0551   0.5727   0.0962   0.5530   3.8718   0.0962 -381833.352
  7   2 159173.7  58383.3   0.0142   0.1082   0.1308   0.1182   5.3872   0.1308 -325291.720
  7   3 158817.6  58739.4   0.0086   0.0665   0.1300   0.0728   5.6094   0.1300 -314472.258
  7   4 158378.5  59178.5   0.0076   0.0629   0.1211   0.0680   6.4983   0.1211 -312643.452
  7   5 159589.8  57967.2   0.0081   0.0604   0.1343   0.0661   5.2105   0.1343 -312707.572
  7   6 159263.3  58293.7   0.0085   0.0593   0.1425   0.0663   5.4994   0.1425 -312781.621
  8   1 163068.6  54488.4   0.0545   0.5738   0.0950   0.5537   3.8467   0.0950 -381762.639
  8   2 158938.2  58618.8   0.0134   0.1062   0.1261   0.1152   5.4156   0.1261 -324592.754
  8   3 159368.5  58188.5   0.0090   0.0646   0.1396   0.0717   4.9591   0.1396 -314660.940
  8   4 158803.3  58753.7   0.0081   0.0626   0.1296   0.0685   5.7989   0.1296 -313239.977
  8   5 158930.7  58626.3   0.0024   0.0185   0.1271   0.0201   5.6208   0.1271 -298547.475
  8   6 157893.3  59663.7   0.0026   0.0187   0.1368   0.0209   6.7584   0.1368 -298799.196
  8   7 159160.2  58396.8   0.0083   0.0583   0.1418   0.0651   5.5482   0.1418 -312495.937

