Supplemental results for CODEML (seqf: /home/yzliu/eDNA/faststorage/yzliu/DK_proj/data/ref_genome/ref_annotation/primary_transcripts/extracted_cds_new/new_transcript_id_7_and_pas/bootstraps/cat.out.OG_cds_7_species_same_header_fas.shuf_537OG_65.phy  treef: xxx.trees)


pairwise comparison (Goldman & Yang 1994)
seq seq        N       S       dN       dS     dN/dS   Paras.
  2   1 490811.3 190065.7   0.0099   0.1688   0.0589   0.1629   3.6349   0.0589 -1050595.744
  3   1 490184.8 190692.2   0.0099   0.1606   0.0617   0.1564   3.5485   0.0617 -1048224.635
  3   2 489036.8 191840.2   0.0097   0.1513   0.0644   0.1489   3.9485   0.0644 -1043210.158
  4   1 490913.6 189963.4   0.0078   0.1228   0.0634   0.1196   3.4734   0.0634 -1026918.315
  4   2 489460.0 191417.0   0.0097   0.1603   0.0603   0.1560   3.9141   0.0603 -1046419.447
  4   3 487706.7 193170.3   0.0099   0.1542   0.0642   0.1525   3.9719   0.0642 -1045638.882
  5   1 494229.4 186647.6   0.0055   0.0932   0.0589   0.0886   3.0088   0.0589 -1006372.882
  5   2 490620.7 190256.3   0.0100   0.1660   0.0602   0.1608   3.6295   0.0602 -1049940.086
  5   3 489826.3 191050.7   0.0100   0.1567   0.0639   0.1535   3.5693   0.0639 -1047216.323
  5   4 490814.9 190062.1   0.0077   0.1182   0.0648   0.1155   3.4595   0.0648 -1024707.980
  6   1 495099.7 185777.3   0.0070   0.1188   0.0593   0.1126   2.9195   0.0593 -1023008.151
  6   2 491659.8 189217.2   0.0093   0.1599   0.0581   0.1534   3.4938   0.0581 -1045690.874
  6   3 490779.5 190097.5   0.0095   0.1526   0.0622   0.1483   3.4480   0.0622 -1044195.629
  6   4 491514.9 189362.1   0.0074   0.1165   0.0639   0.1134   3.3742   0.0639 -1023308.669
  6   5 494946.9 185930.1   0.0072   0.1137   0.0633   0.1089   2.9154   0.0633 -1021323.864
  7   1 485675.4 195201.6   0.0692   1.2180   0.0568   1.1956   4.1827   0.0568 -1281255.422
  7   2 482646.3 198230.7   0.0700   1.2848   0.0545   1.2711   4.4601   0.0545 -1284574.485
  7   3 484440.9 196436.1   0.0697   1.2195   0.0572   1.2043   4.3274   0.0572 -1281662.927
  7   4 484267.3 196609.7   0.0694   1.2264   0.0566   1.2105   4.3278   0.0566 -1281800.271
  7   5 485823.1 195053.9   0.0692   1.2077   0.0573   1.1861   4.1813   0.0573 -1280884.428
  7   6 485975.6 194901.4   0.0690   1.2087   0.0571   1.1857   4.1507   0.0571 -1280796.582

