

2 (And_ful) ... 1 (And_bic)
  0  0.0000 1023676.509564  x:  0.17260   1.39894   0.43439  
  1 99.0000 1021777.862885  x:  0.12350   1.41286   0.36687  
  2 40134.8101 1011266.107914  x:  0.11591   1.47503   0.05542  
  3 105823.5005 1010203.081149  x:  0.12013   2.15956   0.10750  
  4 4068.3805 1008019.216708  x:  0.14075   2.76110   0.05058  
  5  1.6834 1007610.713388  x:  0.15838   2.95888   0.06996  
  6  0.2171 1007496.749445  x:  0.16655   3.26016   0.06045  
  7  0.2241 1007460.905829  x:  0.16208   3.57907   0.06444  
  8  0.0986 1007459.880275  x:  0.16296   3.61499   0.06363  
  9  0.0305 1007459.868578  x:  0.16296   3.62103   0.06375  
 10  0.0050 1007459.868568  x:  0.16296   3.62101   0.06375  
 11  0.0000 1007459.868568  x:  0.16296   3.62100   0.06375  

3 (And_hae) ... 1 (And_bic)
  0  0.0000 1006290.252621  x:  0.13492   3.27766   0.13009  
  1 99.0000 1005337.504684  x:  0.17353   3.27817   0.08983  
  2 36141.8573 1004967.890095  x:  0.16837   3.27853   0.06031  
  3 32925.6710 1004947.275522  x:  0.16793   3.59295   0.06225  
  4 136.9774 1004879.722319  x:  0.15680   3.53530   0.06474  
  5  0.0585 1004879.599340  x:  0.15673   3.53250   0.06424  
  6  0.0038 1004879.597724  x:  0.15674   3.52972   0.06423  
  7  0.0026 1004879.597723  x:  0.15674   3.52971   0.06423  
  8  0.0000 1004879.597723  x:  0.15674   3.52971   0.06423  
  9  0.0000 1004879.597723  x:  0.15674   3.52971   0.06423  

3 (And_hae) ... 2 (And_ful)
  0  0.0000 1002430.825610  x:  0.13015   3.13549   0.19792  
  1 99.0000 1000835.695921  x:  0.18416   3.13768   0.11279  
  2 34263.8392 999908.731549  x:  0.18006   3.13899   0.05955  
  3 76484.2080 999688.376961  x:  0.17649   4.34668   0.06946  
  4 453.7346 999242.834358  x:  0.14787   4.13616   0.06651  
  5  0.2114 999237.224216  x:  0.14751   4.00251   0.06888  
  6  0.1599 999236.412139  x:  0.14781   3.94401   0.06786  
  7  0.0584 999236.409129  x:  0.14779   3.94592   0.06780  
  8  0.0021 999236.409121  x:  0.14779   3.94601   0.06780  
  9  0.0001 999236.409121  x:  0.14779   3.94601   0.06780  
 10  0.0000 999236.409121  x:  0.14779   3.94601   0.06780  
 11  0.0246 999236.409121  x:  0.14779   3.94601   0.06780  
 12  0.0628 999236.409121  x:  0.14779   3.94601   0.06780  

4 (And_hat) ... 1 (And_bic)
  0  0.0000 984992.074230  x:  0.10925   3.55398   0.13857  
  1 99.0000 984498.781446  x:  0.13377   3.55424   0.10340  
  2 24066.2691 984081.885500  x:  0.12908   3.55451   0.06447  
  3 40502.3140 984080.760785  x:  0.12887   3.64519   0.06510  
  4  8.8202 984009.385500  x:  0.11943   3.51333   0.06874  
  5  0.4132 984008.799016  x:  0.11919   3.52012   0.06754  
  6  0.0106 984008.796471  x:  0.11921   3.51684   0.06750  
  7  0.0036 984008.796471  x:  0.11921   3.51685   0.06750  
  8  0.0000 984008.796471  x:  0.11921   3.51684   0.06750  
  9  0.0000 984008.796471  x:  0.11921   3.51684   0.06750  
 10  0.0000 984008.796471  x:  0.11921   3.51684   0.06750  
 11  0.0000 984008.796471  x:  0.11921   3.51684   0.06750  
check convergence!


4 (And_hat) ... 2 (And_ful)
  0  0.0000 1004041.140521  x:  0.15086   3.24626   0.14702  
  1 99.0000 1002413.581804  x:  0.14747   3.24790   0.06470  
  2 28733.7424 1002387.197246  x:  0.15403   3.24818   0.06256  
  3 8432.1422 1002298.695141  x:  0.15485   3.90328   0.06879  
  4 299.0187 1002292.870727  x:  0.15421   3.94536   0.06566  
  5  0.0992 1002292.818009  x:  0.15429   3.96150   0.06554  
  6  0.0131 1002292.816558  x:  0.15428   3.96293   0.06560  
  7  0.0013 1002292.816555  x:  0.15428   3.96297   0.06560  
  8  0.0000 1002292.816555  x:  0.15428   3.96297   0.06560  
  9  0.0000 1002292.816555  x:  0.15428   3.96297   0.06560  

4 (And_hat) ... 3 (And_hae)
  0  0.0000 1000473.414919  x:  0.13790   3.56173   0.10943  
  1 99.0000 999943.707900  x:  0.15784   3.56217   0.07179  
  2 23110.9906 999877.859264  x:  0.15163   3.56233   0.06230  
  3 14555.1442 999858.079929  x:  0.15123   3.91014   0.06412  
  4 119.7515 999851.467120  x:  0.14840   3.88522   0.06632  
  5  0.0348 999851.464133  x:  0.14837   3.88215   0.06626  
  6  0.0029 999851.464110  x:  0.14837   3.88188   0.06626  
  7  0.0003 999851.464110  x:  0.14837   3.88188   0.06626  
  8  0.0000 999851.464110  x:  0.14837   3.88188   0.06626  

5 (And_mar) ... 1 (And_bic)
  0  0.0000 966211.062718  x:  0.09817   3.52519   0.10644  
  1 99.0000 966044.438684  x:  0.08620   3.52518   0.09720  
  2 21110.4525 965828.735706  x:  0.08896   3.52508   0.06479  
  3 16187.2227 965807.394295  x:  0.08889   3.13640   0.06248  
  4 102.7157 965803.994884  x:  0.09043   3.12478   0.06404  
  5  0.0140 965803.873940  x:  0.09060   3.12900   0.06349  
  6  0.0064 965803.873914  x:  0.09060   3.12869   0.06348  
  7  0.0003 965803.873914  x:  0.09060   3.12872   0.06348  
  8  0.0000 965803.873913  x:  0.09060   3.12872   0.06348  

5 (And_mar) ... 2 (And_ful)
  0  0.0000 1010113.288754  x:  0.16853   3.04342   0.19082  
  1 99.0000 1008053.746044  x:  0.12721   3.04545   0.10273  
  2 36331.0666 1007249.009998  x:  0.13576   3.04646   0.05833  
  3 84896.7065 1007074.744334  x:  0.13895   3.95844   0.06575  
  4 440.8496 1006763.467772  x:  0.16063   3.65189   0.06730  
  5  0.3390 1006760.002940  x:  0.16104   3.65888   0.06463  
  6  0.0103 1006759.973197  x:  0.16109   3.64676   0.06455  
  7  0.0108 1006759.973081  x:  0.16108   3.64651   0.06456  
  8  0.0002 1006759.973080  x:  0.16108   3.64652   0.06456  

5 (And_mar) ... 3 (And_hae)
  0  0.0000 1004958.018313  x:  0.14449   3.12082   0.14167  
  1 99.0000 1003588.345723  x:  0.16048   3.12208   0.06637  
  2 27479.5029 1003556.106147  x:  0.15400   3.12228   0.06264  
  3 9346.7479 1003519.607549  x:  0.15312   3.51565   0.06615  
  4 197.8692 1003519.447845  x:  0.15281   3.50899   0.06662  
  5  0.0141 1003519.447335  x:  0.15281   3.50754   0.06660  
  6  0.0012 1003519.447334  x:  0.15281   3.50751   0.06660  

5 (And_mar) ... 4 (And_hat)
  0  0.0000 983118.731618  x:  0.10454   3.14944   0.17153  
  1 99.0000 982463.651338  x:  0.13398   3.15025   0.12430  
  2 25251.9175 981671.366680  x:  0.13054   3.15122   0.06419  
  3 62028.4516 981642.122011  x:  0.12979   3.56602   0.06795  
  4 148.3794 981461.563932  x:  0.11426   3.46135   0.06892  
  5  0.1073 981461.422647  x:  0.11429   3.43222   0.06885  
  6  0.0286 981461.419327  x:  0.11429   3.43156   0.06875  
  7  0.0012 981461.419322  x:  0.11429   3.43138   0.06875  

6 (And_tri) ... 1 (And_bic)
  0  0.0000 982187.913796  x:  0.11172   3.07703   0.09052  
  1 99.0000 981963.906552  x:  0.12093   3.07714   0.06463  
  2 14965.3241 981938.386345  x:  0.11666   3.07714   0.05958  
  3 10076.2015 981937.312916  x:  0.11672   3.00681   0.05917  
  4 29.8727 981935.639245  x:  0.11576   2.99877   0.06073  
  5  0.0120 981935.638437  x:  0.11574   2.99967   0.06071  
  6  0.0010 981935.638437  x:  0.11574   2.99966   0.06071  
  7  0.0000 981935.638437  x:  0.11574   2.99966   0.06071  
check convergence!


6 (And_tri) ... 2 (And_ful)
  0  0.0000 1003830.055924  x:  0.14985   2.69101   0.11439  
  1 99.0000 1002843.194408  x:  0.15260   2.69265   0.05843  
  2 27367.9062 1002841.536279  x:  0.15430   2.69316   0.05841  
  3 1895.8898 1002649.794438  x:  0.15390   3.52234   0.06648  
  4 584.2830 1002639.157724  x:  0.15425   3.55814   0.06193  
  5  0.0631 1002639.061073  x:  0.15438   3.57983   0.06202  
  6  0.0139 1002639.059870  x:  0.15434   3.58034   0.06203  
  7  0.0005 1002639.059869  x:  0.15434   3.58036   0.06203  

6 (And_tri) ... 3 (And_hae)
  0  0.0000 1002569.329050  x:  0.14442   3.37321   0.17181  
  1 99.0000 1000303.717712  x:  0.14061   3.37450   0.06358  
  2 29006.2141 1000267.821729  x:  0.14795   3.37456   0.06080  
  3 10368.2913 1000265.604175  x:  0.14812   3.47507   0.06185  
  4 45.0703 1000264.930547  x:  0.14837   3.45490   0.06286  
  5  0.0609 1000264.930102  x:  0.14839   3.45441   0.06283  
  6  0.0005 1000264.930102  x:  0.14839   3.45441   0.06283  
  7  0.0000 1000264.930102  x:  0.14839   3.45441   0.06283  
check convergence!


6 (And_tri) ... 4 (And_hat)
  0  0.0000 981470.629263  x:  0.10510   3.15513   0.15013  
  1 99.0000 980764.286953  x:  0.13292   3.15595   0.09652  
  2 23819.4654 980331.255419  x:  0.12736   3.15651   0.05909  
  3 56150.1532 980300.309022  x:  0.12645   3.59408   0.06230  
  4 149.7748 980164.798700  x:  0.11338   3.45649   0.06616  
  5  0.1635 980164.498066  x:  0.11330   3.44124   0.06523  
  6  0.0185 980164.485824  x:  0.11334   3.43324   0.06525  
  7  0.0088 980164.485823  x:  0.11334   3.43320   0.06525  

6 (And_tri) ... 5 (And_mar)
  0  0.0000 982623.617393  x:  0.09971   2.96688   0.19745  
  1 99.0000 982024.975705  x:  0.12809   2.96743   0.16177  
  2 28853.5621 980424.442924  x:  0.12795   2.96885   0.06293  
  3 58015.8555 980422.357152  x:  0.12778   3.06479   0.06416  
  4 35.1796 980229.588609  x:  0.11193   3.01298   0.06273  
  5  0.0603 980228.822602  x:  0.11184   2.98996   0.06398  
  6  0.0664 980228.810615  x:  0.11187   2.98329   0.06388  
  7  0.0070 980228.810606  x:  0.11187   2.98330   0.06387  
  8  0.0000 980228.810606  x:  0.11187   2.98330   0.06387  

7 (Bom_pas) ... 1 (And_bic)
  0  0.0000 1241583.940884  x:  1.25152   2.88916   0.14267  
  1 99.0000 1227924.225418  x:  1.23785   2.89113   0.05144  
  2 193828.8119 1227698.953192  x:  1.15597   2.92682   0.06196  
  3 5392.5646 1226939.246216  x:  1.25951   4.01143   0.06036  
  4 1835.6813 1226632.176285  x:  1.15318   4.02641   0.05906  
  5  0.1428 1226629.649735  x:  1.16305   4.05486   0.05809  
  6  0.0305 1226629.481234  x:  1.16227   4.07037   0.05814  
  7  0.0112 1226629.474659  x:  1.16270   4.07205   0.05816  
  8  0.0017 1226629.474657  x:  1.16271   4.07209   0.05816  

7 (Bom_pas) ... 2 (And_ful)
  0  0.0000 1246429.946150  x:  1.13037   3.64830   0.18636  
  1 99.0000 1229519.231114  x:  1.11148   3.64992   0.05990  
  2 164838.0341 1229494.495832  x:  1.12963   3.65381   0.05696  
  3 2463.8082 1229312.837000  x:  1.16400   4.26895   0.05729  
  4 687.9162 1229260.427012  x:  1.21197   4.26630   0.05731  
  5  0.0653 1229259.157647  x:  1.21660   4.27412   0.05659  
  6  0.0087 1229259.144413  x:  1.21738   4.27885   0.05659  
  7  0.0038 1229259.144375  x:  1.21735   4.27900   0.05659  
  8  0.0001 1229259.144375  x:  1.21735   4.27901   0.05659  

7 (Bom_pas) ... 3 (And_hae)
  0  0.0000 1238185.568673  x:  1.04836   3.72277   0.16528  
  1 99.0000 1226762.300832  x:  1.03644   3.72374   0.06385  
  2 150165.9459 1226670.535035  x:  1.07599   3.72582   0.05805  
  3 4389.8830 1226577.283353  x:  1.09859   4.16482   0.05829  
  4 454.2070 1226470.061741  x:  1.15109   4.15518   0.05994  
  5  0.0908 1226466.276992  x:  1.16155   4.16585   0.05866  
  6  0.0128 1226466.243794  x:  1.16264   4.17211   0.05868  
  7  0.0055 1226466.243734  x:  1.16264   4.17235   0.05868  
  8  0.0002 1226466.243734  x:  1.16264   4.17235   0.05868  

7 (Bom_pas) ... 4 (And_hat)
  0  0.0000 1228199.730030  x:  1.05565   3.72218   0.04415  
  1 99.0000 1226948.132711  x:  1.05675   3.72218   0.06261  
  2 158986.3687 1226796.666434  x:  1.14416   3.72897   0.05950  
  3 3740.4853 1226687.486356  x:  1.16980   4.20267   0.05954  
  4 498.6410 1226679.786668  x:  1.17606   4.20662   0.05779  
  5  0.0055 1226679.779925  x:  1.17652   4.21043   0.05778  
  6  0.0031 1226679.779912  x:  1.17653   4.21037   0.05778  
  7  0.0000 1226679.779912  x:  1.17654   4.21037   0.05778  

7 (Bom_pas) ... 5 (And_mar)
  0  0.0000 1242636.093739  x:  1.09448   3.50785   0.18693  
  1 99.0000 1226418.304797  x:  1.07459   3.50955   0.06103  
  2 159431.0160 1226402.656893  x:  1.08970   3.51387   0.05851  
  3 1930.6109 1226245.050302  x:  1.11964   4.05833   0.05894  
  4 696.4839 1226218.724666  x:  1.15122   4.05510   0.05905  
  5  0.0459 1226218.249872  x:  1.15401   4.05861   0.05860  
  6  0.0043 1226218.247092  x:  1.15432   4.06069   0.05860  
  7  0.0017 1226218.247082  x:  1.15431   4.06077   0.05860  

7 (Bom_pas) ... 6 (And_tri)
  0  0.0000 1242556.781039  x:  1.28783   3.39312   0.15485  
  1 99.0000 1226465.327042  x:  1.27140   3.39467   0.05141  
  2 194288.9240 1226319.994046  x:  1.20963   3.41002   0.05982  
  3 4874.9748 1226080.084128  x:  1.26283   4.07826   0.05863  
  4 808.1406 1225824.229997  x:  1.14801   4.02145   0.05935  
  5  0.1693 1225820.190712  x:  1.15802   4.04723   0.05806  
  6  0.0288 1225820.131348  x:  1.15663   4.04914   0.05806  
  7  0.0026 1225820.130450  x:  1.15670   4.05044   0.05806  
  8  0.0010 1225820.130450  x:  1.15671   4.05045   0.05806  