

2 (Bom_con) ... 1 (Apis_mel)
  0  0.0000 839741.995666  x:  0.42463   1.44446   0.39899  
  1 99.0000 824264.107823  x:  0.48426   1.50932   0.08702  
  2 50555.0704 823749.468727  x:  0.55984   1.55753   0.08903  
  3 12931.6988 822100.229894  x:  0.49643   2.23554   0.13970  
  4 7040.3141 820102.210406  x:  0.54368   2.75819   0.08538  
  5  1.3484 819636.199567  x:  0.55404   3.37400   0.10719  
  6  0.3409 819464.157460  x:  0.56370   3.78589   0.09459  
  7  0.2798 819459.316255  x:  0.56332   3.86742   0.09686  
  8  0.0595 819459.132007  x:  0.56346   3.88426   0.09652  
  9  0.0153 819459.131979  x:  0.56344   3.88429   0.09653  
 10  0.0000 819459.131978  x:  0.56344   3.88428   0.09653  

3 (Bom_hor) ... 1 (Apis_mel)
  0  0.0000 826038.251271  x:  0.44870   3.35779   0.21443  
  1 99.0000 822203.367723  x:  0.48415   3.35968   0.10022  
  2 45376.8333 821644.743380  x:  0.56787   3.36157   0.09851  
  3 15937.9656 821555.684858  x:  0.57086   3.81882   0.10258  
  4 415.0823 821513.689517  x:  0.57690   3.88000   0.09424  
  5  0.1616 821512.892128  x:  0.58004   3.91148   0.09430  
  6  0.0235 821512.891367  x:  0.58006   3.91093   0.09427  
  7  0.0006 821512.891354  x:  0.58006   3.91076   0.09427  
  8  0.0001 821512.891354  x:  0.58006   3.91076   0.09427  

3 (Bom_hor) ... 2 (Bom_con)
  0  0.0000 698255.438631  x:  0.10004   3.58996   0.09926  
  1 99.0000 697938.941933  x:  0.12242   3.59013   0.10466  
  2 29567.3452 697908.088088  x:  0.12097   3.59099   0.12011  
  3 4302.0998 697764.794816  x:  0.12085   4.94601   0.12722  
  4 256.3717 697764.758101  x:  0.12100   4.94477   0.12669  
  5  0.0011 697764.757904  x:  0.12098   4.94568   0.12667  
  6  0.0007 697764.757900  x:  0.12098   4.94594   0.12668  
  7  0.0002 697764.757899  x:  0.12098   4.94593   0.12668  

4 (Bom_hyp) ... 1 (Apis_mel)
  0  0.0000 819193.541518  x:  0.56756   4.18174   0.13742  
  1 99.0000 818352.189860  x:  0.56114   4.18171   0.09559  
  2 33880.2172 818348.331784  x:  0.56884   4.18029   0.09417  
  3 977.8361 818324.961828  x:  0.56486   3.90558   0.09364  
  4 165.7306 818324.759440  x:  0.56514   3.90154   0.09414  
  5  0.0066 818324.758866  x:  0.56509   3.90032   0.09413  
  6  0.0014 818324.758865  x:  0.56508   3.90033   0.09413  

4 (Bom_hyp) ... 2 (Bom_con)
  0  0.0000 691938.835889  x:  0.11014   3.33027   0.10419  
  1 99.0000 691920.578861  x:  0.10979   3.33159   0.11648  
  2 3099.0843 691920.169286  x:  0.10898   3.33360   0.11650  
  3 382.8517 691671.475393  x:  0.11018   5.18074   0.12709  
  4 2469.9672 691671.057050  x:  0.10964   5.18189   0.12563  
  5  0.0016 691671.047127  x:  0.10972   5.18470   0.12539  
  6  0.0023 691671.046763  x:  0.10972   5.18747   0.12542  
  7  0.0014 691671.046759  x:  0.10972   5.18752   0.12541  

4 (Bom_hyp) ... 3 (Bom_hor)
  0  0.0000 671493.017202  x:  0.06404   4.34251   0.11116  
  1 99.0000 671452.649721  x:  0.07021   4.34253   0.11237  
  2 13266.4922 671436.750505  x:  0.06979   4.34286   0.12776  
  3 2252.5499 671418.841308  x:  0.06974   5.04789   0.13096  
  4 56.0070 671418.840139  x:  0.06976   5.04350   0.13093  
  5  0.0027 671418.840032  x:  0.06976   5.04184   0.13091  
  6  0.0016 671418.840018  x:  0.06976   5.04212   0.13092  
  7  0.0003 671418.840017  x:  0.06976   5.04214   0.13092  
  8  0.0000 671418.840017  x:  0.06976   5.04213   0.13092  

5 (Bom_mus) ... 1 (Apis_mel)
  0  0.0000 822531.544271  x:  0.45329   4.14646   0.17433  
  1 99.0000 820552.307717  x:  0.48547   4.14623   0.09927  
  2 38152.1525 819954.719653  x:  0.57193   4.14466   0.09973  
  3 17496.2771 819935.124085  x:  0.57000   3.89733   0.09858  
  4 151.8893 819923.365469  x:  0.57354   3.91755   0.09417  
  5  0.0427 819923.321098  x:  0.57438   3.91676   0.09410  
  6  0.0009 819923.320989  x:  0.57438   3.91720   0.09411  
  7  0.0005 819923.320989  x:  0.57438   3.91720   0.09411  

5 (Bom_mus) ... 2 (Bom_con)
  0  0.0000 696653.619931  x:  0.11161   3.54749   0.18186  
  1 99.0000 696554.444983  x:  0.12474   3.54824   0.16654  
  2 10184.8282 696356.980096  x:  0.12192   3.55062   0.11971  
  3 15194.3811 696155.766220  x:  0.12121   5.19230   0.13440  
  4 306.3065 696149.480992  x:  0.11910   5.20592   0.12861  
  5  0.0169 696149.400567  x:  0.11879   5.21224   0.12920  
  6  0.0070 696149.398541  x:  0.11879   5.21854   0.12918  
  7  0.0034 696149.398503  x:  0.11880   5.21875   0.12919  

5 (Bom_mus) ... 3 (Bom_hor)
  0  0.0000 674230.518192  x:  0.07287   4.38841   0.15727  
  1 99.0000 674225.473212  x:  0.07518   4.38845   0.15487  
  2 3081.8151 674201.456937  x:  0.07450   4.38886   0.13400  
  3 4187.8794 674197.098754  x:  0.07446   4.70995   0.13601  
  4 28.3510 674197.049754  x:  0.07426   4.71000   0.13561  
  5  0.0005 674197.049558  x:  0.07425   4.70959   0.13566  
  6  0.0005 674197.049558  x:  0.07425   4.70952   0.13566  

5 (Bom_mus) ... 4 (Bom_hyp)
  0  0.0000 671024.809109  x:  0.05613   4.06749   0.15995  
  1 99.0000 670820.890208  x:  0.06933   4.06754   0.15897  
  2 33234.3434 670779.430441  x:  0.06948   4.06890   0.13240  
  3 2660.8384 670713.414102  x:  0.06938   5.43228   0.14217  
  4 116.2815 670711.700445  x:  0.06946   5.43459   0.13652  
  5  0.0071 670711.697004  x:  0.06948   5.44394   0.13643  
  6  0.0065 670711.696840  x:  0.06948   5.44536   0.13648  
  7  0.0013 670711.696838  x:  0.06948   5.44539   0.13648  
  8  0.0000 670711.696837  x:  0.06948   5.44540   0.13648  
  9  0.0000 670711.696837  x:  0.06948   5.44540   0.13648  
 10  0.0000 670711.696837  x:  0.06948   5.44540   0.13648  
 11  0.0000 670711.696837  x:  0.06948   5.44540   0.13648  
 12  0.0000 670711.696837  x:  0.06948   5.44540   0.13648  
check convergence!


6 (Bom_pas) ... 1 (Apis_mel)
  0  0.0000 822218.676528  x:  0.46112   4.59974   0.15477  
  1 99.0000 820980.837852  x:  0.49164   4.59897   0.09909  
  2 32332.9172 820389.366953  x:  0.57706   4.59621   0.10137  
  3 18691.9397 820253.763158  x:  0.57146   3.90024   0.09912  
  4 357.2779 820241.231963  x:  0.57500   3.91420   0.09452  
  5  0.0252 820241.223407  x:  0.57509   3.90965   0.09447  
  6  0.0055 820241.223210  x:  0.57515   3.90997   0.09447  
  7  0.0003 820241.223209  x:  0.57515   3.90996   0.09447  

6 (Bom_pas) ... 2 (Bom_con)
  0  0.0000 697307.842343  x:  0.11763   3.48431   0.13387  
  1 99.0000 697298.421199  x:  0.12165   3.48481   0.13042  
  2 3607.4626 697288.571021  x:  0.12065   3.48632   0.12137  
  3 3039.4256 697076.304042  x:  0.12048   5.14082   0.13331  
  4 329.6185 697075.139484  x:  0.12055   5.14689   0.12987  
  5  0.0064 697075.131570  x:  0.12056   5.15953   0.12989  
  6  0.0065 697075.131534  x:  0.12056   5.15959   0.12991  

6 (Bom_pas) ... 3 (Bom_hor)
  0  0.0000 675307.068611  x:  0.06342   4.18507   0.12091  
  1 99.0000 675141.514179  x:  0.07612   4.18509   0.12202  
  2 27812.1254 675128.913520  x:  0.07587   4.18546   0.13594  
  3 1910.1135 675111.412201  x:  0.07582   4.81787   0.13918  
  4 60.5922 675111.405923  x:  0.07574   4.81336   0.13916  
  5  0.0037 675111.405919  x:  0.07575   4.81301   0.13916  
  6  0.0002 675111.405919  x:  0.07575   4.81304   0.13916  
  7  0.0001 675111.405919  x:  0.07575   4.81305   0.13916  
  8  0.0000 675111.405919  x:  0.07575   4.81305   0.13916  
  9  0.0000 675111.405919  x:  0.07575   4.81305   0.13916  
 10  0.1080 675111.405919  x:  0.07575   4.81305   0.13916  
check convergence!


6 (Bom_pas) ... 4 (Bom_hyp)
  0  0.0000 671989.083034  x:  0.06253   4.00910   0.14186  
  1 99.0000 671909.799609  x:  0.07113   4.00916   0.14162  
  2 19330.4591 671907.229295  x:  0.07119   4.01050   0.13482  
  3 725.1132 671822.533109  x:  0.07107   5.52951   0.14483  
  4 139.5438 671822.233358  x:  0.07111   5.53376   0.14242  
  5  0.0045 671822.231959  x:  0.07111   5.54124   0.14245  
  6  0.0043 671822.231958  x:  0.07111   5.54123   0.14245  
  7  0.0000 671822.231957  x:  0.07111   5.54123   0.14245  
  8  0.0000 671822.231957  x:  0.07111   5.54123   0.14245  

6 (Bom_pas) ... 5 (Bom_mus)
  0  0.0000 639964.563750  x:  0.02334   4.48515   0.18974  
  1 99.0000 639959.276685  x:  0.02213   4.48516   0.18949  
  2 7972.1489 639895.486622  x:  0.02225   4.48708   0.12309  
  3 1660.8930 639873.270155  x:  0.02219   6.04278   0.13473  
  4 34.1239 639872.620265  x:  0.02217   6.07262   0.12899  
  5  0.0450 639872.615083  x:  0.02215   6.09787   0.12904  
  6  0.0157 639872.614776  x:  0.02216   6.10148   0.12907  
  7  0.0033 639872.614758  x:  0.02216   6.10153   0.12908  
  8  0.0051 639872.614757  x:  0.02216   6.10153   0.12908  

7 (Bom_syl) ... 1 (Apis_mel)
  0  0.0000 821711.984876  x:  0.49596   4.98977   0.15617  
  1 99.0000 820672.297579  x:  0.50971   4.98894   0.10301  
  2 31348.4666 820291.886676  x:  0.58730   4.98473   0.09597  
  3 11922.9703 820009.228588  x:  0.57664   3.91764   0.09350  
  4 467.5404 820006.873845  x:  0.57397   3.91009   0.09547  
  5  0.0147 820006.487499  x:  0.57174   3.91434   0.09543  
  6  0.0050 820006.486474  x:  0.57171   3.91262   0.09542  
  7  0.0025 820006.486468  x:  0.57171   3.91265   0.09541  

7 (Bom_syl) ... 2 (Bom_con)
  0  0.0000 697106.919718  x:  0.11869   3.58362   0.14098  
  1 99.0000 697083.193315  x:  0.12023   3.58530   0.12546  
  2 2877.0646 697082.754731  x:  0.11937   3.58562   0.12511  
  3 979.9386 696901.639262  x:  0.11938   5.16524   0.13676  
  4 320.7543 696900.453476  x:  0.11960   5.15863   0.13317  
  5  0.0075 696900.452149  x:  0.11955   5.15906   0.13314  
  6  0.0004 696900.452139  x:  0.11955   5.15951   0.13314  
  7  0.0003 696900.452139  x:  0.11955   5.15952   0.13314  
  8  0.0000 696900.452139  x:  0.11955   5.15953   0.13314  

7 (Bom_syl) ... 3 (Bom_hor)
  0  0.0000 673939.895381  x:  0.06282   4.38985   0.13584  
  1 99.0000 673804.991284  x:  0.07417   4.38987   0.13554  
  2 25278.5316 673801.543362  x:  0.07424   4.39040   0.12812  
  3 894.5784 673783.070661  x:  0.07420   5.09330   0.13191  
  4 58.0094 673783.043986  x:  0.07419   5.08975   0.13125  
  5  0.0037 673783.043961  x:  0.07419   5.08916   0.13124  
  6  0.0004 673783.043961  x:  0.07419   5.08914   0.13125  
  7  0.0000 673783.043961  x:  0.07419   5.08914   0.13125  
check convergence!


7 (Bom_syl) ... 4 (Bom_hyp)
  0  0.0000 671381.680330  x:  0.05618   4.07030   0.22186  
  1 99.0000 671170.359697  x:  0.06965   4.07037   0.21967  
  2 33581.3303 670845.371649  x:  0.07002   4.07363   0.12675  
  3 5686.1865 670751.817298  x:  0.06990   5.71084   0.14275  
  4 139.7770 670747.568062  x:  0.06995   5.76135   0.13408  
  5  0.0843 670747.521955  x:  0.06994   5.80786   0.13423  
  6  0.0250 670747.521831  x:  0.06994   5.80738   0.13428  
  7  0.0005 670747.521830  x:  0.06994   5.80734   0.13428  

7 (Bom_syl) ... 5 (Bom_mus)
  0  0.0000 669853.328722  x:  0.07139   4.76213   0.16555  
  1 99.0000 669833.956600  x:  0.06706   4.76216   0.16443  
  2 8429.7921 669808.487088  x:  0.06751   4.76283   0.14053  
  3 2092.8509 669794.408975  x:  0.06748   5.46357   0.14457  
  4 43.9095 669794.354182  x:  0.06749   5.46166   0.14350  
  5  0.0026 669794.354171  x:  0.06750   5.46116   0.14349  
  6  0.0004 669794.354171  x:  0.06750   5.46112   0.14349  
  7  0.0001 669794.354171  x:  0.06750   5.46112   0.14349  
  8  0.0000 669794.354171  x:  0.06750   5.46112   0.14349  
check convergence!


7 (Bom_syl) ... 6 (Bom_pas)
  0  0.0000 670673.971882  x:  0.06706   4.51206   0.20579  
  1 99.0000 670649.854662  x:  0.07187   4.51236   0.19445  
  2 4009.7512 670544.699845  x:  0.06989   4.51368   0.14352  
  3 20038.4750 670516.443292  x:  0.06967   5.46212   0.15075  
  4 66.8244 670514.449343  x:  0.06833   5.45776   0.14915  
  5  0.0052 670514.442745  x:  0.06830   5.45548   0.14950  
  6  0.0031 670514.442683  x:  0.06830   5.45396   0.14948  
  7  0.0012 670514.442682  x:  0.06830   5.45402   0.14948  
  8  0.0000 670514.442681  x:  0.06830   5.45396   0.14948  
  9  0.0001 670514.442681  x:  0.06830   5.45396   0.14948  
check convergence!


8 (Bom_vet) ... 1 (Apis_mel)
  0  0.0000 820962.223172  x:  0.51246   4.35833   0.13207  
  1 99.0000 820500.974349  x:  0.52093   4.35798   0.09990  
  2 24427.9844 820265.329044  x:  0.58117   4.35552   0.09467  
  3 9301.5139 820207.385830  x:  0.57614   3.90909   0.09359  
  4 244.5050 820206.929032  x:  0.57519   3.90580   0.09446  
  5  0.0054 820206.906524  x:  0.57462   3.90604   0.09445  
  6  0.0006 820206.906523  x:  0.57462   3.90598   0.09445  
  7  0.0001 820206.906523  x:  0.57462   3.90598   0.09445  

8 (Bom_vet) ... 2 (Bom_con)
  0  0.0000 697129.222386  x:  0.09838   3.39000   0.18267  
  1 99.0000 696848.846712  x:  0.11946   3.39035   0.17647  
  2 27508.2789 696583.794419  x:  0.11961   3.39356   0.11937  
  3 8525.6738 696333.298792  x:  0.11936   5.14186   0.13676  
  4 362.4013 696325.937798  x:  0.11922   5.18050   0.12828  
  5  0.0514 696325.780849  x:  0.11899   5.23279   0.12842  
  6  0.0275 696325.774826  x:  0.11907   5.23665   0.12855  
  7  0.0031 696325.774711  x:  0.11908   5.23711   0.12852  
  8  0.0005 696325.774710  x:  0.11908   5.23714   0.12852  

8 (Bom_vet) ... 3 (Bom_hor)
  0  0.0000 674346.525127  x:  0.07080   4.48011   0.13909  
  1 99.0000 674334.866990  x:  0.07427   4.48012   0.13892  
  2 6833.8934 674334.142460  x:  0.07430   4.48034   0.13549  
  3 403.8025 674331.149345  x:  0.07429   4.75215   0.13695  
  4 22.9903 674331.146454  x:  0.07429   4.75091   0.13672  
  5  0.0013 674331.146453  x:  0.07429   4.75084   0.13672  
  6  0.0001 674331.146453  x:  0.07429   4.75080   0.13672  
  7  0.0000 674331.146453  x:  0.07429   4.75083   0.13672  

8 (Bom_vet) ... 4 (Bom_hyp)
  0  0.0000 671358.050233  x:  0.06089   4.16364   0.15157  
  1 99.0000 671266.980500  x:  0.07001   4.16369   0.15082  
  2 20987.3883 671248.124414  x:  0.07012   4.16493   0.13206  
  3 1879.9415 671184.775396  x:  0.07002   5.53553   0.14096  
  4 111.0080 671184.361114  x:  0.07005   5.53017   0.13814  
  5  0.0064 671184.361096  x:  0.07006   5.53004   0.13812  
  6  0.0001 671184.361095  x:  0.07006   5.52999   0.13812  

8 (Bom_vet) ... 5 (Bom_mus)
  0  0.0000 638383.656842  x:  0.01714   4.45675   0.14880  
  1 99.0000 638347.064548  x:  0.02014   4.45676   0.14869  
  2 25830.9711 638328.971645  x:  0.02018   4.45798   0.11615  
  3 998.1938 638308.149145  x:  0.02012   6.05861   0.12563  
  4 31.4325 638307.895869  x:  0.02012   6.06707   0.12200  
  5  0.0110 638307.895090  x:  0.02012   6.07831   0.12197  
  6  0.0068 638307.895073  x:  0.02012   6.07882   0.12200  
  7  0.0005 638307.895073  x:  0.02012   6.07883   0.12200  
  8  0.0000 638307.895073  x:  0.02012   6.07883   0.12200  

8 (Bom_vet) ... 6 (Bom_pas)
  0  0.0000 639892.237898  x:  0.02140   4.99354   0.20815  
  1 99.0000 639890.773837  x:  0.02207   4.99354   0.20781  
  2 4022.3149 639789.817292  x:  0.02212   4.99506   0.12004  
  3 2310.4562 639780.982738  x:  0.02208   6.04392   0.12738  
  4 18.8634 639780.692123  x:  0.02204   6.07088   0.12379  
  5  0.0492 639780.687002  x:  0.02201   6.08063   0.12381  
  6  0.0093 639780.686963  x:  0.02201   6.08380   0.12383  
  7  0.0033 639780.686935  x:  0.02201   6.08376   0.12383  
  8  0.0000 639780.686935  x:  0.02201   6.08376   0.12383  
check convergence!


8 (Bom_vet) ... 7 (Bom_syl)
  0  0.0000 670135.763452  x:  0.06367   4.85731   0.22587  
  1 99.0000 670116.035903  x:  0.06781   4.85735   0.22318  
  2 7899.7398 669907.315311  x:  0.06768   4.85864   0.14314  
  3 6111.3774 669897.338220  x:  0.06763   5.44850   0.14765  
  4 36.2913 669897.045319  x:  0.06740   5.45702   0.14552  
  5  0.0128 669897.022165  x:  0.06727   5.45681   0.14584  
  6  0.0005 669897.022164  x:  0.06726   5.45683   0.14584  
  7  0.0000 669897.022164  x:  0.06726   5.45681   0.14584  
  8  0.0000 669897.022163  x:  0.06726   5.45682   0.14584  