Supplemental results for CODEML (seqf: /home/yzliu/eDNA/faststorage/yzliu/DK_proj/data/ref_genome/ref_annotation/primary_transcripts/extracted_cds_new/new_transcript_id_8_bom_apis/bootstraps/cat.out.OG_cds_8_species_same_header_fas.shuf_211OG_304.phy  treef: xxx.trees)


pairwise comparison (Goldman & Yang 1994)
seq seq        N       S       dN       dS     dN/dS   Paras.
  2   1 170464.2  54850.8   0.0576   0.5854   0.0985   0.5584   3.9050   0.0985 -395382.552
  3   1 170108.7  55206.3   0.0570   0.6074   0.0939   0.5756   4.0055   0.0939 -395778.008
  3   2 165865.4  59449.6   0.0146   0.1117   0.1306   0.1206   5.0908   0.1306 -336978.234
  4   1 170531.3  54783.7   0.0562   0.6058   0.0928   0.5695   3.9821   0.0928 -394880.027
  4   2 166279.2  59035.8   0.0139   0.1067   0.1302   0.1147   5.0450   0.1302 -335422.280
  4   3 165517.7  59797.3   0.0073   0.0631   0.1159   0.0664   5.5366   0.1159 -322886.150
  5   1 170532.0  54783.0   0.0565   0.6085   0.0928   0.5721   3.9998   0.0928 -395006.966
  5   2 165982.8  59332.2   0.0144   0.1112   0.1299   0.1197   5.3178   0.1299 -336392.828
  5   3 166036.4  59278.6   0.0080   0.0639   0.1260   0.0682   5.1154   0.1260 -323634.548
  5   4 166164.6  59150.4   0.0081   0.0662   0.1220   0.0700   5.3130   0.1220 -323828.739
  6   1 170477.4  54837.6   0.0567   0.6086   0.0931   0.5729   4.0045   0.0931 -395124.907
  6   2 165947.5  59367.5   0.0149   0.1112   0.1339   0.1207   5.3097   0.1339 -336763.557
  6   3 165585.9  59729.1   0.0084   0.0635   0.1317   0.0689   5.4622   0.1317 -323820.621
  6   4 165753.7  59561.3   0.0085   0.0650   0.1307   0.0703   5.6454   0.1307 -323978.671
  6   5 165268.8  60046.2   0.0026   0.0195   0.1322   0.0213   6.1709   0.1322 -308554.411
  7   1 170598.1  54716.9   0.0575   0.6119   0.0940   0.5764   3.9994   0.0940 -395651.998
  7   2 166251.7  59063.3   0.0156   0.1147   0.1361   0.1248   5.1402   0.1361 -337825.604
  7   3 165355.6  59959.4   0.0082   0.0660   0.1245   0.0708   5.7741   0.1245 -324097.342
  7   4 165764.8  59550.2   0.0084   0.0664   0.1268   0.0712   5.7370   0.1268 -324107.590
  7   5 166374.5  58940.5   0.0084   0.0620   0.1351   0.0672   5.2105   0.1351 -323287.586
  7   6 166057.8  59257.2   0.0088   0.0612   0.1442   0.0678   5.4482   0.1442 -323544.949
  8   1 170466.9  54848.1   0.0566   0.6091   0.0929   0.5732   4.0074   0.0929 -395124.785
  8   2 165788.0  59527.0   0.0144   0.1102   0.1306   0.1191   5.4455   0.1306 -336257.191
  8   3 165666.7  59648.3   0.0081   0.0632   0.1283   0.0680   5.3857   0.1283 -323597.417
  8   4 165762.8  59552.2   0.0083   0.0656   0.1258   0.0702   5.6314   0.1258 -323921.986
  8   5 165086.1  60228.9   0.0021   0.0181   0.1163   0.0191   6.3679   0.1163 -307670.521
  8   6 164808.8  60506.2   0.0025   0.0194   0.1294   0.0211   6.6396   0.1294 -308497.251
  8   7 165926.7  59388.3   0.0084   0.0612   0.1380   0.0670   5.5632   0.1380 -323234.095

