

2 (Bom_con) ... 1 (Apis_mel)
  0  0.0000 405201.664162  x:  0.53832   1.41062   0.38640  
  1 99.0000 398240.125078  x:  0.42854   1.46954   0.10074  
  2 26609.2663 398050.925643  x:  0.45083   1.48056   0.08078  
  3 12361.2471 395648.536906  x:  0.55096   3.17425   0.12179  
  4 4497.3596 395465.114849  x:  0.51756   3.43795   0.10492  
  5  0.2142 395399.993425  x:  0.55460   3.63023   0.09407  
  6  0.1187 395387.454030  x:  0.56123   3.75574   0.09897  
  7  0.0786 395382.558742  x:  0.55877   3.90604   0.09832  
  8  0.0908 395382.551930  x:  0.55839   3.90509   0.09846  
  9  0.0009 395382.551927  x:  0.55838   3.90503   0.09846  
 10  0.0001 395382.551927  x:  0.55838   3.90503   0.09846  

3 (Bom_hor) ... 1 (Apis_mel)
  0  0.0000 397735.783081  x:  0.48713   3.30423   0.20944  
  1 99.0000 396047.444106  x:  0.49309   3.30643   0.09987  
  2 22047.8453 395878.446782  x:  0.55936   3.30937   0.08736  
  3 5592.6842 395780.395211  x:  0.56992   4.03242   0.09266  
  4 299.5126 395778.298990  x:  0.57272   4.00780   0.09460  
  5  0.0659 395778.008514  x:  0.57557   4.00518   0.09387  
  6  0.0031 395778.008485  x:  0.57557   4.00546   0.09387  
  7  0.0002 395778.008485  x:  0.57557   4.00550   0.09387  

3 (Bom_hor) ... 2 (Bom_con)
  0  0.0000 337504.165280  x:  0.09421   3.57422   0.07410  
  1 99.0000 337132.919425  x:  0.12726   3.57439   0.09249  
  2 21960.8141 337062.229112  x:  0.11923   3.57504   0.12143  
  3 5458.6303 336979.690441  x:  0.11866   5.08504   0.12803  
  4 134.9258 336978.292021  x:  0.12080   5.09025   0.12958  
  5  0.0043 336978.234127  x:  0.12062   5.09216   0.13064  
  6  0.0014 336978.234079  x:  0.12063   5.09097   0.13063  
  7  0.0008 336978.234076  x:  0.12063   5.09080   0.13063  
  8  0.0001 336978.234076  x:  0.12063   5.09079   0.13063  
  9  0.0000 336978.234076  x:  0.12063   5.09079   0.13063  

4 (Bom_hyp) ... 1 (Apis_mel)
  0  0.0000 394928.840494  x:  0.53966   4.23155   0.10164  
  1 99.0000 394914.650488  x:  0.54417   4.23133   0.09452  
  2 3251.9393 394888.594826  x:  0.57303   4.22991   0.09336  
  3 2729.9607 394880.041478  x:  0.56983   3.98603   0.09298  
  4 66.9611 394880.027030  x:  0.56958   3.98210   0.09281  
  5  0.0043 394880.026975  x:  0.56954   3.98207   0.09282  
  6  0.0001 394880.026974  x:  0.56954   3.98208   0.09282  

4 (Bom_hyp) ... 2 (Bom_con)
  0  0.0000 335520.584221  x:  0.12056   3.56259   0.13690  
  1 99.0000 335506.149181  x:  0.11352   3.56287   0.13408  
  2 3725.2338 335499.613341  x:  0.11455   3.56433   0.12262  
  3 1177.5355 335422.706182  x:  0.11461   5.05559   0.13334  
  4 130.0545 335422.279928  x:  0.11466   5.04611   0.13025  
  5  0.0096 335422.279853  x:  0.11467   5.04543   0.13023  
  6  0.0006 335422.279848  x:  0.11467   5.04500   0.13023  
  7  0.0003 335422.279848  x:  0.11467   5.04501   0.13023  

4 (Bom_hyp) ... 3 (Bom_hor)
  0  0.0000 323001.065194  x:  0.05481   4.28353   0.13416  
  1 99.0000 322924.114564  x:  0.06631   4.28357   0.13322  
  2 14294.2151 322909.219209  x:  0.06644   4.28446   0.11113  
  3 1254.1394 322886.300791  x:  0.06634   5.52437   0.11803  
  4 43.0156 322886.150396  x:  0.06638   5.53005   0.11590  
  5  0.0068 322886.149899  x:  0.06639   5.53638   0.11591  
  6  0.0042 322886.149895  x:  0.06638   5.53655   0.11592  
  7  0.0002 322886.149895  x:  0.06638   5.53656   0.11591  
  8  0.0000 322886.149895  x:  0.06638   5.53656   0.11591  
  9  0.0000 322886.149895  x:  0.06638   5.53656   0.11591  
check convergence!


5 (Bom_mus) ... 1 (Apis_mel)
  0  0.0000 396212.050171  x:  0.53838   4.64971   0.17961  
  1 99.0000 395131.881882  x:  0.53187   4.64939   0.09962  
  2 20670.2282 395067.443143  x:  0.57411   4.64674   0.08986  
  3 3070.9501 395016.735398  x:  0.56556   4.00573   0.08860  
  4 146.1438 395006.995020  x:  0.57116   3.99134   0.09281  
  5  0.0400 395006.966555  x:  0.57197   4.00134   0.09281  
  6  0.0111 395006.965884  x:  0.57205   3.99984   0.09280  
  7  0.0017 395006.965883  x:  0.57205   3.99984   0.09280  

5 (Bom_mus) ... 2 (Bom_con)
  0  0.0000 336683.031369  x:  0.10091   3.55073   0.09094  
  1 99.0000 336530.521602  x:  0.12295   3.55096   0.10018  
  2 13718.2268 336499.551599  x:  0.11935   3.55191   0.12134  
  3 3280.2097 336392.992258  x:  0.11901   5.34996   0.13038  
  4 153.8198 336392.832178  x:  0.11976   5.33037   0.12994  
  5  0.0165 336392.828482  x:  0.11972   5.31798   0.12993  
  6  0.0064 336392.828476  x:  0.11973   5.31781   0.12994  
  7  0.0002 336392.828476  x:  0.11973   5.31783   0.12994  

5 (Bom_mus) ... 3 (Bom_hor)
  0  0.0000 323879.740589  x:  0.05643   4.28818   0.21668  
  1 99.0000 323804.626674  x:  0.06791   4.28823   0.21442  
  2 13737.4050 323646.150533  x:  0.06827   4.29013   0.12226  
  3 2818.5862 323634.934483  x:  0.06821   5.08413   0.12944  
  4 31.2024 323634.549806  x:  0.06822   5.10621   0.12599  
  5  0.0426 323634.548467  x:  0.06821   5.11487   0.12594  
  6  0.0070 323634.548442  x:  0.06821   5.11544   0.12597  
  7  0.0005 323634.548442  x:  0.06821   5.11542   0.12597  
  8  0.0000 323634.548442  x:  0.06821   5.11542   0.12597  
check convergence!


5 (Bom_mus) ... 4 (Bom_hyp)
  0  0.0000 324109.341801  x:  0.05941   4.12685   0.21990  
  1 99.0000 324049.757551  x:  0.06987   4.12692   0.21714  
  2 11669.8547 323852.981617  x:  0.07026   4.12946   0.11697  
  3 3241.5833 323829.885373  x:  0.07015   5.24568   0.12768  
  4 47.5716 323828.750120  x:  0.07012   5.28858   0.12186  
  5  0.0815 323828.738694  x:  0.07002   5.31076   0.12200  
  6  0.0160 323828.738517  x:  0.07003   5.31302   0.12202  

6 (Bom_pas) ... 1 (Apis_mel)
  0  0.0000 396121.390163  x:  0.43516   4.27065   0.14623  
  1 99.0000 395484.853142  x:  0.47945   4.27015   0.09385  
  2 15761.7164 395164.394532  x:  0.55741   4.26880   0.10362  
  3 12249.0795 395151.116016  x:  0.55531   3.96642   0.10253  
  4 83.4369 395125.283652  x:  0.56928   3.99671   0.09331  
  5  0.0427 395124.908976  x:  0.57300   4.00517   0.09302  
  6  0.0075 395124.907386  x:  0.57294   4.00463   0.09309  
  7  0.0006 395124.907384  x:  0.57294   4.00453   0.09309  
  8  0.0001 395124.907384  x:  0.57294   4.00453   0.09309  

6 (Bom_pas) ... 2 (Bom_con)
  0  0.0000 337168.476839  x:  0.09694   3.54795   0.18799  
  1 99.0000 336994.870939  x:  0.12055   3.54825   0.18240  
  2 15501.9677 336870.885382  x:  0.12088   3.55124   0.12507  
  3 3880.4607 336766.466180  x:  0.12070   5.22848   0.14148  
  4 155.1499 336763.605747  x:  0.12076   5.26293   0.13370  
  5  0.0464 336763.557277  x:  0.12073   5.30972   0.13378  
  6  0.0238 336763.556807  x:  0.12074   5.30974   0.13388  
  7  0.0001 336763.556803  x:  0.12075   5.30973   0.13388  
  8  0.0000 336763.556803  x:  0.12075   5.30974   0.13388  

6 (Bom_pas) ... 3 (Bom_hor)
  0  0.0000 323912.443687  x:  0.07154   4.31676   0.18211  
  1 99.0000 323902.338498  x:  0.06713   4.31684   0.17909  
  2 3676.4507 323841.276583  x:  0.06843   4.31832   0.12649  
  3 2846.2288 323821.017056  x:  0.06844   5.43920   0.13486  
  4 41.3202 323820.629103  x:  0.06882   5.45309   0.13145  
  5  0.0188 323820.621566  x:  0.06893   5.45898   0.13167  
  6  0.0062 323820.621432  x:  0.06893   5.46221   0.13167  
  7  0.0022 323820.621432  x:  0.06892   5.46223   0.13168  

6 (Bom_pas) ... 4 (Bom_hyp)
  0  0.0000 324226.090720  x:  0.06952   4.55185   0.24428  
  1 99.0000 324047.510344  x:  0.06120   4.55400   0.14440  
  2 2958.3468 324005.240237  x:  0.06696   4.55461   0.11645  
  3 35581.4595 323982.658203  x:  0.06787   5.80535   0.12674  
  4 40.4565 323978.801442  x:  0.07007   5.67420   0.13265  
  5  0.2048 323978.671250  x:  0.07034   5.65310   0.13077  
  6  0.0193 323978.670538  x:  0.07033   5.64543   0.13072  
  7  0.0058 323978.670535  x:  0.07033   5.64539   0.13072  
  8  0.0000 323978.670535  x:  0.07033   5.64540   0.13072  
  9  0.0000 323978.670535  x:  0.07033   5.64540   0.13072  
check convergence!


6 (Bom_pas) ... 5 (Bom_mus)
  0  0.0000 308567.808620  x:  0.02206   4.49989   0.11349  
  1 99.0000 308567.002528  x:  0.02136   4.49989   0.11357  
  2 2255.9001 308565.517558  x:  0.02135   4.50058   0.12561  
  3 263.1373 308554.421119  x:  0.02125   6.19110   0.13318  
  4 16.1801 308554.411425  x:  0.02128   6.17540   0.13219  
  5  0.0128 308554.411295  x:  0.02127   6.17196   0.13214  
  6  0.0030 308554.411290  x:  0.02128   6.17092   0.13216  
  7  0.0006 308554.411289  x:  0.02128   6.16989   0.13215  
  8  0.0007 308554.411289  x:  0.02128   6.17083   0.13215  
  9  0.0006 308554.411289  x:  0.02128   6.17089   0.13215  

7 (Bom_syl) ... 1 (Apis_mel)
  0  0.0000 398208.885644  x:  0.54106   4.87767   0.24255  
  1 99.0000 395883.161443  x:  0.52058   4.87718   0.10400  
  2 22885.9500 395786.145056  x:  0.56355   4.87470   0.08917  
  3 4367.6535 395701.377011  x:  0.55174   4.01867   0.08734  
  4 177.3543 395652.530543  x:  0.57285   3.96350   0.09478  
  5  0.1740 395652.028620  x:  0.57592   4.00846   0.09424  
  6  0.0518 395651.997948  x:  0.57644   3.99946   0.09401  
  7  0.0099 395651.997910  x:  0.57642   3.99942   0.09400  
  8  0.0000 395651.997910  x:  0.57642   3.99942   0.09400  

7 (Bom_syl) ... 2 (Bom_con)
  0  0.0000 338078.333874  x:  0.11316   3.50921   0.18524  
  1 99.0000 338025.035875  x:  0.12724   3.50968   0.17642  
  2 6704.0350 337926.978865  x:  0.12623   3.51238   0.12715  
  3 4679.2495 337827.968699  x:  0.12585   5.08544   0.14232  
  4 155.4235 337825.649705  x:  0.12504   5.10998   0.13582  
  5  0.0311 337825.607216  x:  0.12469   5.13007   0.13609  
  6  0.0163 337825.603897  x:  0.12475   5.14016   0.13612  
  7  0.0061 337825.603896  x:  0.12475   5.14015   0.13612  

7 (Bom_syl) ... 3 (Bom_hor)
  0  0.0000 324421.254079  x:  0.07354   4.33533   0.24832  
  1 99.0000 324398.913715  x:  0.06697   4.33548   0.24251  
  2 4933.9670 324130.307832  x:  0.06851   4.33866   0.11887  
  3 5613.5817 324101.345306  x:  0.06868   5.66311   0.13208  
  4 50.5499 324097.782120  x:  0.06997   5.74581   0.12279  
  5  0.1422 324097.345877  x:  0.07079   5.75722   0.12457  
  6  0.0141 324097.342476  x:  0.07081   5.77127   0.12442  
  7  0.0107 324097.342250  x:  0.07080   5.77410   0.12449  
  8  0.0023 324097.342250  x:  0.07080   5.77413   0.12449  

7 (Bom_syl) ... 4 (Bom_hyp)
  0  0.0000 324160.066965  x:  0.06262   4.72250   0.12380  
  1 99.0000 324121.622070  x:  0.07124   4.72253   0.12385  
  2 9340.2617 324121.576886  x:  0.07125   4.72314   0.12268  
  3 67.5571 324107.605232  x:  0.07119   5.74163   0.12748  
  4 39.2674 324107.590245  x:  0.07121   5.73741   0.12678  
  5  0.0040 324107.590242  x:  0.07121   5.73704   0.12677  
  6  0.0003 324107.590242  x:  0.07121   5.73693   0.12677  
  7  0.0001 324107.590242  x:  0.07121   5.73696   0.12677  
  8  0.0000 324107.590242  x:  0.07121   5.73696   0.12677  
  9  0.0000 324107.590242  x:  0.07121   5.73696   0.12677  
 10  0.0064 324107.590242  x:  0.07121   5.73696   0.12677  
 11  0.0228 324107.590242  x:  0.07121   5.73696   0.12677  

7 (Bom_syl) ... 5 (Bom_mus)
  0  0.0000 323352.420050  x:  0.05844   4.63442   0.16146  
  1 99.0000 323310.598451  x:  0.06710   4.63445   0.16049  
  2 10087.4793 323292.612677  x:  0.06725   4.63505   0.13255  
  3 1198.4243 323287.611297  x:  0.06721   5.22512   0.13606  
  4 18.7209 323287.586338  x:  0.06723   5.21518   0.13507  
  5  0.0119 323287.586023  x:  0.06724   5.21052   0.13507  

7 (Bom_syl) ... 6 (Bom_pas)
  0  0.0000 323594.118488  x:  0.06153   4.35792   0.16058  
  1 99.0000 323573.213577  x:  0.06776   4.35796   0.15981  
  2 6886.6926 323563.422617  x:  0.06786   4.35898   0.13954  
  3 898.5559 323545.081981  x:  0.06778   5.43888   0.14660  
  4 38.7679 323544.948821  x:  0.06782   5.44321   0.14424  
  5  0.0054 323544.948512  x:  0.06782   5.44817   0.14425  

8 (Bom_vet) ... 1 (Apis_mel)
  0  0.0000 396058.294737  x:  0.53092   4.59206   0.16685  
  1 99.0000 395249.778717  x:  0.52911   4.59175   0.09972  
  2 19081.6352 395173.280733  x:  0.57739   4.58909   0.09011  
  3 3312.5910 395131.731744  x:  0.56991   4.01339   0.08894  
  4 134.2794 395124.804939  x:  0.57327   4.00036   0.09307  
  5  0.0313 395124.784925  x:  0.57323   4.00856   0.09293  
  6  0.0088 395124.784530  x:  0.57321   4.00740   0.09290  
  7  0.0013 395124.784530  x:  0.57321   4.00740   0.09290  
  8  0.0000 395124.784530  x:  0.57321   4.00740   0.09290  

8 (Bom_vet) ... 2 (Bom_con)
  0  0.0000 336632.023278  x:  0.11633   3.36707   0.20072  
  1 99.0000 336408.005707  x:  0.12084   3.37144   0.12056  
  2 4489.4918 336406.993946  x:  0.11893   3.37184   0.12003  
  3 1048.9513 336264.312108  x:  0.11813   5.28474   0.14217  
  4 199.7812 336257.399087  x:  0.11931   5.34936   0.13039  
  5  0.0954 336257.211172  x:  0.11892   5.42993   0.13019  
  6  0.0433 336257.191416  x:  0.11908   5.44473   0.13064  
  7  0.0126 336257.191312  x:  0.11909   5.44549   0.13060  
  8  0.0008 336257.191311  x:  0.11909   5.44555   0.13060  

8 (Bom_vet) ... 3 (Bom_hor)
  0  0.0000 323749.253717  x:  0.05537   4.53416   0.17413  
  1 99.0000 323660.034844  x:  0.06781   4.53420   0.17265  
  2 15328.4659 323608.169650  x:  0.06804   4.53523   0.12472  
  3 1909.6295 323597.541805  x:  0.06799   5.37419   0.13032  
  4 28.0055 323597.417318  x:  0.06803   5.38165   0.12826  
  5  0.0109 323597.416969  x:  0.06804   5.38552   0.12826  
  6  0.0030 323597.416967  x:  0.06804   5.38572   0.12827  
  7  0.0002 323597.416967  x:  0.06804   5.38571   0.12827  
  8  0.0000 323597.416967  x:  0.06804   5.38570   0.12827  

8 (Bom_vet) ... 4 (Bom_hyp)
  0  0.0000 324062.343381  x:  0.07012   4.39071   0.19503  
  1 99.0000 324019.199260  x:  0.06283   4.39144   0.16510  
  2 2656.7749 323950.845103  x:  0.06703   4.39264   0.11716  
  3 24513.0384 323925.720080  x:  0.06750   5.68338   0.12643  
  4 44.8873 323922.000698  x:  0.07026   5.64231   0.12645  
  5  0.0419 323921.986810  x:  0.07025   5.63748   0.12577  
  6  0.0061 323921.986365  x:  0.07024   5.63158   0.12577  
  7  0.0042 323921.986362  x:  0.07024   5.63144   0.12577  
  8  0.0001 323921.986362  x:  0.07024   5.63139   0.12577  
  9  0.0000 323921.986362  x:  0.07024   5.63139   0.12577  
 10  0.0000 323921.986362  x:  0.07024   5.63139   0.12577  
 11  0.0041 323921.986362  x:  0.07024   5.63139   0.12577  
check convergence!


8 (Bom_vet) ... 5 (Bom_mus)
  0  0.0000 307741.533918  x:  0.01573   4.72028   0.18777  
  1 99.0000 307717.739131  x:  0.01907   4.72028   0.18760  
  2 15255.3846 307679.151489  x:  0.01913   4.72199   0.11175  
  3 811.9778 307670.911265  x:  0.01909   6.27646   0.12244  
  4 12.5310 307670.524994  x:  0.01910   6.32412   0.11616  
  5  0.0792 307670.520646  x:  0.01910   6.36827   0.11630  
  6  0.0257 307670.520639  x:  0.01910   6.36781   0.11632  
  7  0.0004 307670.520639  x:  0.01910   6.36786   0.11631  
  8  0.0000 307670.520639  x:  0.01910   6.36787   0.11631  

8 (Bom_vet) ... 6 (Bom_pas)
  0  0.0000 308534.018883  x:  0.02178   5.07256   0.18960  
  1 99.0000 308533.064798  x:  0.02103   5.07256   0.18935  
  2 2382.0805 308504.821383  x:  0.02116   5.07400   0.12414  
  3 797.1774 308497.451603  x:  0.02111   6.67207   0.13423  
  4 11.3967 308497.253031  x:  0.02113   6.66524   0.12946  
  5  0.0124 308497.251453  x:  0.02115   6.64126   0.12934  
  6  0.0162 308497.251413  x:  0.02114   6.64078   0.12936  
  7  0.0004 308497.251408  x:  0.02114   6.63956   0.12935  
  8  0.0006 308497.251408  x:  0.02114   6.63895   0.12935  
  9  0.2978 308497.251407  x:  0.02114   6.63956   0.12935  
 10  0.0014 308497.251406  x:  0.02114   6.63955   0.12935  

8 (Bom_vet) ... 7 (Bom_syl)
  0  0.0000 323315.936265  x:  0.05529   5.36017   0.14939  
  1 99.0000 323237.896886  x:  0.06691   5.36017   0.14904  
  2 14388.4417 323234.576230  x:  0.06700   5.36033   0.13726  
  3 540.6084 323234.095986  x:  0.06699   5.56441   0.13815  
  4  4.8427 323234.095186  x:  0.06700   5.56328   0.13797  
  5  0.0013 323234.095184  x:  0.06700   5.56296   0.13797  
  6  0.0002 323234.095182  x:  0.06700   5.56318   0.13797  