Supplemental results for CODEML (seqf: /home/yzliu/eDNA/faststorage/yzliu/DK_proj/data/ref_genome/ref_annotation/primary_transcripts/extracted_cds_new/new_transcript_id_8_bom_apis/bootstraps/cat.out.OG_cds_8_species_same_header_fas.shuf_211OG_161.phy  treef: xxx.trees)


pairwise comparison (Goldman & Yang 1994)
seq seq        N       S       dN       dS     dN/dS   Paras.
  2   1 355420.9 118327.1   0.0538   0.5825   0.0924   0.5577   4.1004   0.0924 -829761.800
  3   1 354740.2 119007.8   0.0538   0.6024   0.0894   0.5749   4.1480   0.0894 -831582.431
  3   2 346384.7 127363.3   0.0136   0.1110   0.1227   0.1194   5.2907   0.1227 -709205.770
  4   1 355583.0 118165.0   0.0530   0.5926   0.0894   0.5628   4.1234   0.0894 -829090.516
  4   2 347001.2 126746.8   0.0126   0.1018   0.1233   0.1093   5.3280   0.1233 -703926.250
  4   3 346128.2 127619.8   0.0075   0.0639   0.1178   0.0682   5.4833   0.1178 -682191.116
  5   1 355754.0 117994.0   0.0538   0.5978   0.0900   0.5679   4.1004   0.0900 -830277.529
  5   2 347269.5 126478.5   0.0140   0.1086   0.1293   0.1178   5.2563   0.1293 -708415.869
  5   3 346926.9 126821.1   0.0082   0.0649   0.1269   0.0702   5.1959   0.1269 -683705.045
  5   4 346618.9 127129.1   0.0076   0.0623   0.1224   0.0668   5.6221   0.1224 -680956.713
  6   1 355722.3 118025.7   0.0539   0.5975   0.0903   0.5681   4.1018   0.0903 -830420.477
  6   2 347123.8 126624.2   0.0143   0.1100   0.1302   0.1196   5.3055   0.1302 -709301.727
  6   3 346376.2 127371.8   0.0085   0.0653   0.1301   0.0713   5.4077   0.1301 -684315.126
  6   4 346132.3 127615.7   0.0080   0.0623   0.1281   0.0678   5.8327   0.1281 -681653.148
  6   5 345040.3 128707.7   0.0027   0.0200   0.1346   0.0222   6.4291   0.1346 -651655.434
  7   1 355722.6 118025.4   0.0541   0.5933   0.0912   0.5653   4.1016   0.0912 -830448.430
  7   2 347184.4 126563.6   0.0142   0.1100   0.1289   0.1194   5.2807   0.1289 -709234.026
  7   3 346432.6 127315.4   0.0084   0.0668   0.1252   0.0723   5.3842   0.1252 -684799.382
  7   4 346382.7 127365.3   0.0079   0.0642   0.1224   0.0690   5.7171   0.1224 -682206.585
  7   5 346890.9 126857.1   0.0080   0.0600   0.1334   0.0657   5.5326   0.1334 -680757.727
  7   6 346463.5 127284.5   0.0083   0.0602   0.1386   0.0668   5.7115   0.1386 -681481.922
  8   1 355706.6 118041.4   0.0539   0.5978   0.0901   0.5681   4.0954   0.0901 -830403.528
  8   2 347120.5 126627.5   0.0139   0.1085   0.1281   0.1175   5.2924   0.1281 -708231.391
  8   3 346643.4 127104.6   0.0082   0.0644   0.1275   0.0698   5.2848   0.1275 -683477.740
  8   4 346255.1 127492.9   0.0077   0.0620   0.1238   0.0669   5.7589   0.1238 -681039.394
  8   5 346451.9 127296.1   0.0023   0.0182   0.1271   0.0198   5.7110   0.1271 -649814.184
  8   6 344184.8 129563.2   0.0026   0.0194   0.1316   0.0215   6.8831   0.1316 -651090.026
  8   7 346727.2 127020.8   0.0079   0.0592   0.1342   0.0651   5.5778   0.1342 -680455.620

