

2 (Bom_con) ... 1 (Apis_mel)
  0  0.0000 856082.488510  x:  0.45095   1.37758   0.47896  
  1 99.0000 835976.013053  x:  0.43243   1.47628   0.08766  
  2 48679.8986 835419.894547  x:  0.47672   1.49691   0.06831  
  3 24316.0027 831769.655969  x:  0.58350   2.41480   0.10870  
  4 12187.4824 830319.347471  x:  0.49771   3.10193   0.09765  
  5  1.1740 829826.111539  x:  0.57196   3.74649   0.09131  
  6  0.2370 829769.186618  x:  0.55670   4.00792   0.08966  
  7  0.1522 829761.834662  x:  0.55760   4.08957   0.09242  
  8  0.0511 829761.800544  x:  0.55757   4.10017   0.09246  
  9  0.0091 829761.799866  x:  0.55765   4.10042   0.09243  
 10  0.0002 829761.799866  x:  0.55765   4.10044   0.09243  
 11  0.0000 829761.799866  x:  0.55765   4.10044   0.09243  

3 (Bom_hor) ... 1 (Apis_mel)
  0  0.0000 832418.606894  x:  0.54458   3.41496   0.12371  
  1 99.0000 831800.293244  x:  0.54275   3.41569   0.09036  
  2 32222.2584 831767.153282  x:  0.56486   3.41973   0.08714  
  3 3003.0427 831582.635238  x:  0.57378   4.14537   0.08990  
  4 583.5550 831582.444189  x:  0.57443   4.14709   0.08937  
  5  0.0025 831582.430643  x:  0.57488   4.14776   0.08937  
  6  0.0008 831582.430630  x:  0.57488   4.14797   0.08937  
  7  0.0002 831582.430630  x:  0.57488   4.14797   0.08937  
  8  0.0000 831582.430630  x:  0.57488   4.14797   0.08937  

3 (Bom_hor) ... 2 (Bom_con)
  0  0.0000 710068.926543  x:  0.09814   3.65335   0.18959  
  1 99.0000 709762.316386  x:  0.12004   3.65365   0.18241  
  2 28771.2787 709391.917815  x:  0.12025   3.65639   0.11517  
  3 10043.3950 709212.213472  x:  0.12005   5.20480   0.12983  
  4 283.2077 709205.924302  x:  0.11974   5.24533   0.12246  
  5  0.0596 709205.776950  x:  0.11935   5.28160   0.12268  
  6  0.0246 709205.770232  x:  0.11942   5.29036   0.12276  
  7  0.0056 709205.770186  x:  0.11942   5.29066   0.12274  
  8  0.0003 709205.770186  x:  0.11942   5.29066   0.12274  
  9  0.0000 709205.770185  x:  0.11942   5.29067   0.12274  

4 (Bom_hyp) ... 1 (Apis_mel)
  0  0.0000 831632.706746  x:  0.42086   4.21377   0.15256  
  1 99.0000 829865.502936  x:  0.46584   4.21357   0.09078  
  2 38081.4895 829162.603862  x:  0.54500   4.21271   0.10009  
  3 24562.4862 829156.448988  x:  0.54418   4.06989   0.09950  
  4 81.6479 829091.562905  x:  0.55903   4.11007   0.08930  
  5  0.0595 829090.521767  x:  0.56268   4.12527   0.08953  
  6  0.0126 829090.516485  x:  0.56281   4.12358   0.08945  
  7  0.0019 829090.516475  x:  0.56281   4.12342   0.08945  

4 (Bom_hyp) ... 2 (Bom_con)
  0  0.0000 704395.541371  x:  0.10840   3.59428   0.17449  
  1 99.0000 704152.369938  x:  0.10248   3.59671   0.12110  
  2 7859.2284 704121.509371  x:  0.10856   3.59730   0.11246  
  3 13483.2499 703928.102827  x:  0.10945   5.27968   0.12735  
  4 286.2550 703926.316684  x:  0.10905   5.30281   0.12340  
  5  0.0303 703926.254970  x:  0.10933   5.31839   0.12323  
  6  0.0129 703926.250188  x:  0.10930   5.32794   0.12333  
  7  0.0056 703926.250178  x:  0.10930   5.32805   0.12332  
  8  0.0001 703926.250178  x:  0.10930   5.32802   0.12332  

4 (Bom_hyp) ... 3 (Bom_hor)
  0  0.0000 682260.543516  x:  0.06227   4.53334   0.12191  
  1 99.0000 682222.217175  x:  0.06815   4.53337   0.12152  
  2 13442.1086 682218.449419  x:  0.06821   4.53389   0.11416  
  3 991.4651 682191.184471  x:  0.06816   5.48136   0.11878  
  4 64.8288 682191.115582  x:  0.06816   5.48349   0.11779  
  5  0.0024 682191.115574  x:  0.06816   5.48329   0.11777  
  6  0.0002 682191.115574  x:  0.06816   5.48329   0.11777  
  7  0.0000 682191.115574  x:  0.06816   5.48329   0.11777  
  8  0.0351 682191.115574  x:  0.06816   5.48329   0.11777  
  9  0.0735 682191.115574  x:  0.06816   5.48329   0.11777  
check convergence!


5 (Bom_mus) ... 1 (Apis_mel)
  0  0.0000 830798.041168  x:  0.50452   4.58253   0.11398  
  1 99.0000 830578.573959  x:  0.51452   4.58217   0.09379  
  2 17834.4837 830337.128094  x:  0.57391   4.57992   0.09135  
  3 11138.4969 830277.822190  x:  0.56882   4.10200   0.09044  
  4 233.5551 830277.537684  x:  0.56825   4.10115   0.08990  
  5  0.0015 830277.528645  x:  0.56787   4.10017   0.08996  
  6  0.0010 830277.528632  x:  0.56787   4.10038   0.08996  

5 (Bom_mus) ... 2 (Bom_con)
  0  0.0000 709541.057602  x:  0.09162   3.51306   0.20495  
  1 99.0000 709079.361760  x:  0.11751   3.51335   0.19873  
  2 38004.8520 708636.694317  x:  0.11803   3.51696   0.12067  
  3 9706.8726 708425.070295  x:  0.11784   5.13873   0.13833  
  4 322.4083 708416.072117  x:  0.11789   5.19125   0.12903  
  5  0.0802 708415.872664  x:  0.11777   5.25578   0.12913  
  6  0.0333 708415.869520  x:  0.11780   5.25610   0.12929  
  7  0.0003 708415.869439  x:  0.11781   5.25628   0.12928  

5 (Bom_mus) ... 3 (Bom_hor)
  0  0.0000 683951.692629  x:  0.06495   4.24937   0.18713  
  1 99.0000 683916.270052  x:  0.07073   4.24943   0.18443  
  2 11453.6027 683737.873766  x:  0.07069   4.25091   0.12257  
  3 5899.9880 683705.787909  x:  0.07059   5.18235   0.12992  
  4 77.9148 683705.064731  x:  0.07038   5.19306   0.12671  
  5  0.0163 683705.045015  x:  0.07025   5.19520   0.12687  
  6  0.0021 683705.045001  x:  0.07025   5.19587   0.12687  
  7  0.0005 683705.045001  x:  0.07025   5.19587   0.12687  
  8  0.0000 683705.045001  x:  0.07025   5.19587   0.12687  
  9  0.0002 683705.045001  x:  0.07025   5.19587   0.12687  
 10  0.2269 683705.045001  x:  0.07025   5.19587   0.12687  
check convergence!


5 (Bom_mus) ... 4 (Bom_hyp)
  0  0.0000 681207.603989  x:  0.05699   4.28624   0.15766  
  1 99.0000 681093.977995  x:  0.06677   4.28629   0.15619  
  2 24373.0133 681011.668807  x:  0.06694   4.28757   0.11709  
  3 3804.3118 680957.418831  x:  0.06684   5.60871   0.12570  
  4 96.9309 680956.713919  x:  0.06685   5.61561   0.12237  
  5  0.0098 680956.712956  x:  0.06685   5.62188   0.12236  
  6  0.0040 680956.712945  x:  0.06685   5.62205   0.12237  
  7  0.0002 680956.712945  x:  0.06685   5.62206   0.12237  

6 (Bom_pas) ... 1 (Apis_mel)
  0  0.0000 831144.635739  x:  0.47481   4.46737   0.10098  
  1 99.0000 830554.336766  x:  0.55591   4.46563   0.10391  
  2 15505.9277 830456.958162  x:  0.56820   4.46521   0.09080  
  3 17940.2733 830421.200564  x:  0.56479   4.09939   0.09029  
  4 186.2510 830420.478432  x:  0.56806   4.10142   0.09030  
  5  0.0030 830420.477490  x:  0.56808   4.10181   0.09026  
  6  0.0005 830420.477489  x:  0.56808   4.10181   0.09026  
  7  0.0000 830420.477489  x:  0.56808   4.10181   0.09026  
  8  0.0000 830420.477489  x:  0.56808   4.10181   0.09026  
check convergence!


6 (Bom_pas) ... 2 (Bom_con)
  0  0.0000 710279.437412  x:  0.10093   3.43839   0.20896  
  1 99.0000 710032.956293  x:  0.12078   3.43880   0.20081  
  2 24618.6687 709562.506757  x:  0.12095   3.44278   0.12064  
  3 11032.5283 709314.248415  x:  0.12060   5.19263   0.14056  
  4 360.9865 709302.031256  x:  0.12012   5.24442   0.12982  
  5  0.0779 709301.749043  x:  0.11953   5.28752   0.13001  
  6  0.0301 709301.727043  x:  0.11964   5.30479   0.13021  
  7  0.0102 709301.726725  x:  0.11964   5.30550   0.13016  
  8  0.0008 709301.726725  x:  0.11964   5.30550   0.13016  
  9  0.0000 709301.726725  x:  0.11964   5.30550   0.13016  
 10  0.2706 709301.726725  x:  0.11964   5.30550   0.13016  
check convergence!


6 (Bom_pas) ... 3 (Bom_hor)
  0  0.0000 684623.280029  x:  0.05643   4.30037   0.11910  
  1 99.0000 684359.852121  x:  0.07147   4.30041   0.11959  
  2 38127.9523 684357.687530  x:  0.07140   4.30102   0.12526  
  3 779.1623 684315.151531  x:  0.07132   5.42016   0.13070  
  4 89.2980 684315.126604  x:  0.07131   5.40977   0.13007  
  5  0.0090 684315.126476  x:  0.07131   5.40768   0.13007  
  6  0.0014 684315.126476  x:  0.07131   5.40768   0.13007  
check convergence!


6 (Bom_pas) ... 4 (Bom_hyp)
  0  0.0000 682035.518880  x:  0.06246   4.33921   0.20716  
  1 99.0000 681996.955107  x:  0.06837   4.33930   0.20417  
  2 12026.2581 681719.382183  x:  0.06842   4.34150   0.12455  
  3 6833.4326 681658.006686  x:  0.06827   5.72826   0.13646  
  4 103.7748 681653.254883  x:  0.06804   5.78273   0.12773  
  5  0.0899 681653.152986  x:  0.06778   5.81994   0.12804  
  6  0.0301 681653.148215  x:  0.06781   5.83263   0.12807  
  7  0.0086 681653.148214  x:  0.06781   5.83266   0.12808  
  8  0.0000 681653.148213  x:  0.06781   5.83266   0.12808  

6 (Bom_pas) ... 5 (Bom_mus)
  0  0.0000 651713.090699  x:  0.01914   4.77334   0.13650  
  1 99.0000 651677.911446  x:  0.02222   4.77335   0.13647  
  2 24126.3815 651676.600267  x:  0.02224   4.77421   0.12826  
  3 307.1874 651655.509173  x:  0.02217   6.43010   0.13660  
  4 30.9747 651655.434445  x:  0.02217   6.42799   0.13460  
  5  0.0029 651655.434393  x:  0.02217   6.42914   0.13456  
  6  0.0010 651655.434393  x:  0.02217   6.42914   0.13456  
check convergence!


7 (Bom_syl) ... 1 (Apis_mel)
  0  0.0000 833358.188614  x:  0.52970   4.96718   0.18528  
  1 99.0000 830804.372106  x:  0.52347   4.96673   0.09852  
  2 44387.9432 830645.548630  x:  0.56946   4.96377   0.08777  
  3 7154.3651 830476.501095  x:  0.55900   4.10966   0.08606  
  4 358.0286 830448.539924  x:  0.56552   4.08681   0.09135  
  5  0.0609 830448.434006  x:  0.56542   4.10344   0.09124  
  6  0.0204 830448.430338  x:  0.56531   4.10159   0.09119  
  7  0.0020 830448.430333  x:  0.56532   4.10158   0.09119  
  8  0.0000 830448.430333  x:  0.56532   4.10159   0.09119  

7 (Bom_syl) ... 2 (Bom_con)
  0  0.0000 709794.339052  x:  0.09708   3.48922   0.12815  
  1 99.0000 709477.426577  x:  0.11907   3.48946   0.12750  
  2 31065.4579 709470.917255  x:  0.11923   3.49114   0.11992  
  3 1624.2685 709235.475250  x:  0.11912   5.25603   0.13264  
  4 353.6957 709234.038751  x:  0.11935   5.26411   0.12888  
  5  0.0080 709234.025819  x:  0.11938   5.28050   0.12893  
  6  0.0082 709234.025722  x:  0.11937   5.28072   0.12895  
  7  0.0002 709234.025720  x:  0.11937   5.28074   0.12894  
  8  0.0000 709234.025720  x:  0.11937   5.28074   0.12894  
  9  0.0000 709234.025720  x:  0.11937   5.28074   0.12894  
 10  0.0023 709234.025720  x:  0.11937   5.28074   0.12894  
check convergence!


7 (Bom_syl) ... 3 (Bom_hor)
  0  0.0000 685121.641658  x:  0.07467   4.27932   0.19774  
  1 99.0000 685089.088561  x:  0.06913   4.27944   0.19268  
  2 8458.0053 684844.385751  x:  0.07093   4.28121   0.12030  
  3 9742.2580 684801.829258  x:  0.07101   5.36583   0.12913  
  4 90.1421 684799.510524  x:  0.07197   5.38323   0.12440  
  5  0.0238 684799.381965  x:  0.07225   5.38274   0.12524  
  6  0.0013 684799.381800  x:  0.07226   5.38379   0.12520  
  7  0.0010 684799.381796  x:  0.07226   5.38420   0.12521  
  8  0.0003 684799.381796  x:  0.07226   5.38418   0.12521  
  9  0.0001 684799.381796  x:  0.07226   5.38418   0.12521  
check convergence!


7 (Bom_syl) ... 4 (Bom_hyp)
  0  0.0000 682360.352366  x:  0.07350   4.40005   0.15471  
  1 99.0000 682328.764658  x:  0.06795   4.40012   0.15252  
  2 10320.1205 682258.833701  x:  0.06883   4.40125   0.11731  
  3 4027.3568 682207.142491  x:  0.06880   5.70673   0.12531  
  4 92.9213 682206.585816  x:  0.06894   5.71189   0.12242  
  5  0.0073 682206.584605  x:  0.06897   5.71557   0.12242  
  6  0.0033 682206.584531  x:  0.06897   5.71715   0.12243  
  7  0.0012 682206.584531  x:  0.06897   5.71715   0.12243  

7 (Bom_syl) ... 5 (Bom_mus)
  0  0.0000 680913.458121  x:  0.06119   4.66410   0.18173  
  1 99.0000 680887.523119  x:  0.06595   4.66414   0.17990  
  2 10423.4606 680779.221845  x:  0.06596   4.66521   0.12973  
  3 4305.4386 680758.003071  x:  0.06590   5.52974   0.13548  
  4 54.7760 680757.730810  x:  0.06580   5.53282   0.13333  
  5  0.0052 680757.727454  x:  0.06574   5.53264   0.13337  

7 (Bom_syl) ... 6 (Bom_pas)
  0  0.0000 681752.372595  x:  0.05403   4.67301   0.11229  
  1 99.0000 681538.841598  x:  0.06723   4.67303   0.11358  
  2 34830.6779 681511.870372  x:  0.06689   4.67342   0.13429  
  3 2833.6490 681481.923228  x:  0.06682   5.71478   0.13859  
  4 65.0855 681481.921942  x:  0.06679   5.71188   0.13858  
  5  0.0023 681481.921938  x:  0.06679   5.71151   0.13858  
  6  0.0003 681481.921938  x:  0.06679   5.71151   0.13858  
  7  0.0000 681481.921938  x:  0.06679   5.71151   0.13858  
check convergence!


8 (Bom_vet) ... 1 (Apis_mel)
  0  0.0000 835199.137871  x:  0.51935   4.72952   0.22510  
  1 99.0000 830808.671762  x:  0.50851   4.72934   0.09897  
  2 48386.3766 830572.317892  x:  0.55762   4.72726   0.08487  
  3 9678.0765 830487.907512  x:  0.54965   4.13427   0.08325  
  4 263.4661 830404.355636  x:  0.56499   4.06260   0.09064  
  5  0.2299 830403.565451  x:  0.56775   4.10257   0.09026  
  6  0.0435 830403.528192  x:  0.56815   4.09540   0.09010  
  7  0.0074 830403.528106  x:  0.56813   4.09543   0.09010  

8 (Bom_vet) ... 2 (Bom_con)
  0  0.0000 709377.964807  x:  0.09423   3.41025   0.21035  
  1 99.0000 709008.026947  x:  0.11780   3.41061   0.20326  
  2 32787.3863 708493.974125  x:  0.11828   3.41478   0.11868  
  3 10557.1068 708244.813839  x:  0.11801   5.13705   0.13873  
  4 362.6963 708231.804167  x:  0.11783   5.20441   0.12755  
  5  0.1029 708231.408135  x:  0.11739   5.28346   0.12802  
  6  0.0424 708231.391415  x:  0.11754   5.29152   0.12810  
  7  0.0056 708231.391332  x:  0.11754   5.29236   0.12808  
  8  0.0009 708231.391332  x:  0.11754   5.29241   0.12808  
  9  0.0001 708231.391332  x:  0.11754   5.29241   0.12808  
 10  0.0000 708231.391332  x:  0.11754   5.29241   0.12808  
check convergence!


8 (Bom_vet) ... 3 (Bom_hor)
  0  0.0000 683603.953352  x:  0.06868   4.21789   0.16327  
  1 99.0000 683580.165976  x:  0.07330   4.21823   0.15207  
  2 3996.5842 683519.921626  x:  0.07108   4.21918   0.12185  
  3 17795.3237 683478.893560  x:  0.07079   5.28246   0.12911  
  4 87.9451 683477.741041  x:  0.06984   5.28377   0.12740  
  5  0.0026 683477.739797  x:  0.06982   5.28437   0.12752  
  6  0.0007 683477.739793  x:  0.06982   5.28475   0.12752  
  7  0.0003 683477.739792  x:  0.06982   5.28477   0.12752  
  8  0.0000 683477.739792  x:  0.06982   5.28476   0.12752  
  9  0.0000 683477.739792  x:  0.06982   5.28477   0.12752  
 10  0.0000 683477.739792  x:  0.06982   5.28476   0.12752  

8 (Bom_vet) ... 4 (Bom_hyp)
  0  0.0000 681416.905699  x:  0.05824   4.48587   0.19641  
  1 99.0000 681329.642911  x:  0.06685   4.48593   0.19416  
  2 20595.6323 681085.276125  x:  0.06710   4.48769   0.11891  
  3 5652.0771 681040.715403  x:  0.06701   5.71035   0.12820  
  4 83.8098 681039.406292  x:  0.06696   5.73912   0.12370  
  5  0.0474 681039.393963  x:  0.06689   5.75665   0.12380  
  6  0.0129 681039.393717  x:  0.06690   5.75889   0.12381  
  7  0.0017 681039.393717  x:  0.06690   5.75890   0.12381  
  8  0.0000 681039.393717  x:  0.06690   5.75890   0.12381  
check convergence!


8 (Bom_vet) ... 5 (Bom_mus)
  0  0.0000 649877.519587  x:  0.01789   4.69103   0.17700  
  1 99.0000 649863.270109  x:  0.01976   4.69103   0.17685  
  2 15735.4114 649822.849480  x:  0.01981   4.69214   0.12485  
  3 1300.1587 649814.831166  x:  0.01977   5.89201   0.13279  
  4 18.8651 649814.235795  x:  0.01978   5.79750   0.12695  
  5  0.1226 649814.183726  x:  0.01979   5.71321   0.12709  
  6  0.0699 649814.183673  x:  0.01979   5.71104   0.12712  
  7  0.0022 649814.183673  x:  0.01978   5.71104   0.12712  
  8  0.0000 649814.183673  x:  0.01979   5.71105   0.12712  

8 (Bom_vet) ... 6 (Bom_pas)
  0  0.0000 651241.360847  x:  0.02049   4.55221   0.21648  
  1 99.0000 651237.423958  x:  0.02159   4.55222   0.21620  
  2 7454.6598 651128.704199  x:  0.02167   4.55517   0.12337  
  3 1966.0556 651092.156840  x:  0.02158   6.69352   0.14171  
  4 42.8225 651090.077407  x:  0.02156   6.77808   0.13120  
  5  0.1357 651090.028089  x:  0.02151   6.87565   0.13154  
  6  0.0508 651090.026016  x:  0.02153   6.88401   0.13161  
  7  0.0075 651090.026000  x:  0.02153   6.88315   0.13161  
  8  0.0022 651090.025998  x:  0.02153   6.88312   0.13161  
  9  0.0002 651090.025994  x:  0.02153   6.88312   0.13161  
 10  0.0004 651090.025994  x:  0.02153   6.88312   0.13161  
check convergence!


8 (Bom_vet) ... 7 (Bom_syl)
  0  0.0000 680634.865174  x:  0.05880   5.25721   0.19226  
  1 99.0000 680588.502336  x:  0.06507   5.25723   0.19058  
  2 14823.9322 680458.121717  x:  0.06521   5.25780   0.13301  
  3 4164.1060 680455.670567  x:  0.06519   5.60015   0.13502  
  4 16.1135 680455.623215  x:  0.06513   5.58621   0.13412  
  5  0.0188 680455.619944  x:  0.06510   5.57778   0.13420  
  6  0.0088 680455.619944  x:  0.06510   5.57780   0.13420  