Supplemental results for CODEML (seqf: /home/yzliu/eDNA/faststorage/yzliu/DK_proj/data/ref_genome/ref_annotation/primary_transcripts/extracted_cds_new/new_transcript_id_7_and_pas/bootstraps/cat.out.OG_cds_7_species_same_header_fas.shuf_537OG_471.phy  treef: xxx.trees)


pairwise comparison (Goldman & Yang 1994)
seq seq        N       S       dN       dS     dN/dS   Paras.
  2   1 481039.2 186913.8   0.0104   0.1772   0.0589   0.1713   3.5487   0.0589 -1035224.111
  3   1 480688.9 187264.1   0.0098   0.1703   0.0575   0.1644   3.4581   0.0575 -1031689.782
  3   2 479078.3 188874.7   0.0096   0.1559   0.0615   0.1528   3.8548   0.0615 -1025112.745
  4   1 480180.7 187772.3   0.0081   0.1285   0.0627   0.1257   3.5426   0.0627 -1010844.625
  4   2 478582.1 189370.9   0.0098   0.1633   0.0602   0.1600   3.9595   0.0602 -1028489.182
  4   3 477487.1 190465.9   0.0094   0.1561   0.0604   0.1538   3.9517   0.0604 -1025523.320
  5   1 483096.1 184856.9   0.0059   0.0974   0.0601   0.0936   3.1239   0.0601 -990470.278
  5   2 480585.9 187367.1   0.0103   0.1728   0.0593   0.1676   3.5730   0.0593 -1033495.216
  5   3 480496.8 187456.2   0.0097   0.1647   0.0587   0.1596   3.4536   0.0587 -1029595.367
  5   4 480283.8 187669.2   0.0077   0.1205   0.0643   0.1183   3.4982   0.0643 -1006689.199
  6   1 484892.3 183060.7   0.0072   0.1290   0.0560   0.1218   2.9350   0.0560 -1008671.243
  6   2 481240.1 186712.9   0.0095   0.1680   0.0563   0.1613   3.4962   0.0563 -1029579.167
  6   3 481187.9 186765.1   0.0090   0.1625   0.0557   0.1559   3.3737   0.0557 -1027080.133
  6   4 480687.5 187265.5   0.0073   0.1216   0.0603   0.1181   3.4540   0.0603 -1005987.295
  6   5 484886.2 183066.8   0.0072   0.1221   0.0593   0.1162   2.9138   0.0593 -1005921.946
  7   1 477464.4 190488.6   0.0655   1.2361   0.0530   1.1980   4.2653   0.0530 -1249258.007
  7   2 474412.9 193540.1   0.0666   1.2962   0.0514   1.2686   4.5443   0.0514 -1252787.711
  7   3 476474.0 191479.0   0.0656   1.2258   0.0536   1.1947   4.3960   0.0536 -1248734.158
  7   4 475858.4 192094.6   0.0656   1.2453   0.0527   1.2146   4.4528   0.0527 -1249304.213
  7   5 477809.6 190143.4   0.0656   1.2258   0.0535   1.1876   4.2567   0.0535 -1248856.889
  7   6 477662.5 190290.5   0.0652   1.2325   0.0529   1.1933   4.2574   0.0529 -1248601.253

