

2 (Bom_con) ... 1 (Apis_mel)
  0  0.0000 405426.978194  x:  0.45321   1.53611   0.39731  
  1 99.0000 398300.510022  x:  0.45389   1.59437   0.09088  
  2 24136.7386 398018.784754  x:  0.51588   1.62165   0.07248  
  3 9008.9631 396554.816332  x:  0.58227   2.65882   0.11781  
  4 4262.3352 395985.951417  x:  0.50996   3.24794   0.10021  
  5  1.3726 395807.717989  x:  0.57421   3.82976   0.09203  
  6  0.2227 395788.991267  x:  0.56021   4.08296   0.09447  
  7  0.1142 395788.299821  x:  0.56276   4.10762   0.09545  
  8  0.0224 395788.286658  x:  0.56307   4.11522   0.09533  
  9  0.0059 395788.286657  x:  0.56308   4.11517   0.09533  

3 (Bom_hor) ... 1 (Apis_mel)
  0  0.0000 396980.338837  x:  0.57010   3.53840   0.08120  
  1 99.0000 396934.019990  x:  0.57126   3.53862   0.09203  
  2 8997.0674 396927.852103  x:  0.58601   3.59453   0.09073  
  3 217.3091 396877.032540  x:  0.57770   4.11322   0.09321  
  4 2828.1588 396876.813087  x:  0.58051   4.12559   0.09287  
  5  0.0119 396876.811719  x:  0.58047   4.12815   0.09285  
  6  0.0021 396876.811719  x:  0.58047   4.12816   0.09285  

3 (Bom_hor) ... 2 (Bom_con)
  0  0.0000 339034.460619  x:  0.11983   3.60825   0.07880  
  1 99.0000 338876.627707  x:  0.13162   3.60852   0.11413  
  2 9626.0222 338855.619985  x:  0.12294   3.60882   0.12154  
  3 4197.4613 338807.662044  x:  0.12269   4.70413   0.12568  
  4 104.3154 338805.743396  x:  0.12399   4.68604   0.13098  
  5  0.0103 338805.706530  x:  0.12362   4.68697   0.13124  
  6  0.0010 338805.706518  x:  0.12362   4.68727   0.13125  
  7  0.0002 338805.706518  x:  0.12362   4.68739   0.13125  
  8  0.0001 338805.706518  x:  0.12362   4.68735   0.13125  
  9  0.0000 338805.706518  x:  0.12362   4.68736   0.13125  
 10  0.0000 338805.706518  x:  0.12362   4.68736   0.13125  
 11  0.0000 338805.706518  x:  0.12362   4.68736   0.13125  
 12  0.0117 338805.706518  x:  0.12362   4.68736   0.13125  
 13  0.0563 338805.706518  x:  0.12362   4.68736   0.13125  
check convergence!


4 (Bom_hyp) ... 1 (Apis_mel)
  0  0.0000 395363.198733  x:  0.53814   3.91180   0.14285  
  1 99.0000 394835.084924  x:  0.53423   3.91219   0.09409  
  2 17931.5408 394813.314630  x:  0.56006   3.91303   0.08950  
  3 1738.7520 394803.882872  x:  0.56334   4.16944   0.09020  
  4 76.2305 394803.332116  x:  0.56419   4.16530   0.09133  
  5  0.0080 394803.331913  x:  0.56424   4.16454   0.09131  
  6  0.0007 394803.331913  x:  0.56424   4.16455   0.09131  

4 (Bom_hyp) ... 2 (Bom_con)
  0  0.0000 335477.428170  x:  0.11232   3.58466   0.15905  
  1 99.0000 335448.235852  x:  0.10446   3.58550   0.14306  
  2 3172.6879 335414.313227  x:  0.10942   3.58695   0.11825  
  3 6826.2222 335337.390904  x:  0.10994   5.09795   0.12972  
  4 126.7025 335336.715069  x:  0.11103   5.08913   0.12682  
  5  0.0094 335336.714118  x:  0.11107   5.08695   0.12690  
  6  0.0022 335336.714040  x:  0.11107   5.08524   0.12689  
  7  0.0011 335336.714040  x:  0.11107   5.08522   0.12689  

4 (Bom_hyp) ... 3 (Bom_hor)
  0  0.0000 326339.811529  x:  0.07136   4.13256   0.18044  
  1 99.0000 326331.621400  x:  0.07557   4.13269   0.17513  
  2 2465.1573 326283.720853  x:  0.07446   4.13371   0.13060  
  3 4622.2229 326275.300550  x:  0.07433   4.75490   0.13525  
  4 29.4264 326274.949411  x:  0.07356   4.75642   0.13376  
  5  0.0024 326274.944476  x:  0.07351   4.75576   0.13413  
  6  0.0010 326274.944476  x:  0.07351   4.75557   0.13413  
  7  0.0002 326274.944476  x:  0.07351   4.75551   0.13413  

5 (Bom_mus) ... 1 (Apis_mel)
  0  0.0000 396755.387467  x:  0.42525   3.97294   0.14895  
  1 99.0000 396000.246011  x:  0.47251   3.97304   0.09217  
  2 17201.1053 395674.889363  x:  0.54784   3.97285   0.10302  
  3 12407.8751 395672.224017  x:  0.54874   4.10596   0.10349  
  4 38.8564 395636.241026  x:  0.56681   4.13707   0.09230  
  5  0.0453 395635.648745  x:  0.57060   4.15722   0.09266  
  6  0.0167 395635.644583  x:  0.57081   4.15636   0.09255  
  7  0.0010 395635.644571  x:  0.57081   4.15609   0.09255  

5 (Bom_mus) ... 2 (Bom_con)
  0  0.0000 337589.708007  x:  0.12011   3.66304   0.20480  
  1 99.0000 337518.443219  x:  0.10686   3.66405   0.17861  
  2 4645.5885 337397.745552  x:  0.11325   3.66624   0.12469  
  3 12659.8669 337327.865662  x:  0.11414   5.03834   0.13708  
  4 121.8573 337322.454932  x:  0.11845   5.03293   0.13342  
  5  0.0078 337322.447249  x:  0.11847   5.03164   0.13382  
  6  0.0018 337322.447217  x:  0.11846   5.03088   0.13381  
  7  0.0006 337322.447215  x:  0.11846   5.03068   0.13381  

5 (Bom_mus) ... 3 (Bom_hor)
  0  0.0000 327278.203046  x:  0.06865   4.06680   0.18377  
  1 99.0000 327252.864377  x:  0.07593   4.06684   0.18210  
  2 7034.3134 327216.851828  x:  0.07606   4.06779   0.14164  
  3 1678.5457 327211.422740  x:  0.07602   4.61321   0.14594  
  4 24.9152 327211.287265  x:  0.07600   4.55831   0.14402  
  5  0.0560 327211.279974  x:  0.07599   4.54480   0.14430  
  6  0.0148 327211.279973  x:  0.07599   4.54479   0.14431  
  7  0.0000 327211.279973  x:  0.07599   4.54479   0.14431  

5 (Bom_mus) ... 4 (Bom_hyp)
  0  0.0000 324882.285876  x:  0.06685   3.78105   0.12686  
  1 99.0000 324877.958705  x:  0.06981   3.78113   0.12689  
  2 2988.3039 324876.408280  x:  0.06990   3.82052   0.12073  
  3 73.1090 324834.579658  x:  0.06960   5.18828   0.13869  
  4 2567.5711 324833.774542  x:  0.06970   5.23965   0.13379  
  5  0.0404 324833.757626  x:  0.06968   5.27352   0.13368  
  6  0.0219 324833.756946  x:  0.06968   5.27526   0.13384  
  7  0.0016 324833.756946  x:  0.06968   5.27532   0.13384  
  8  0.0000 324833.756946  x:  0.06968   5.27532   0.13384  

6 (Bom_pas) ... 1 (Apis_mel)
  0  0.0000 398051.611717  x:  0.48464   4.27508   0.23257  
  1 99.0000 395927.722939  x:  0.49214   4.27547   0.10090  
  2 22169.9243 395730.312538  x:  0.56343   4.27442   0.08620  
  3 6107.0230 395728.935177  x:  0.56229   4.17154   0.08594  
  4 14.3184 395706.211814  x:  0.56931   4.14047   0.09277  
  5  0.2283 395706.067087  x:  0.57152   4.15287   0.09243  
  6  0.0102 395706.065560  x:  0.57152   4.14994   0.09239  
  7  0.0030 395706.065555  x:  0.57152   4.15000   0.09239  

6 (Bom_pas) ... 2 (Bom_con)
  0  0.0000 337507.994014  x:  0.11891   3.68090   0.11180  
  1 99.0000 337495.650144  x:  0.12127   3.68167   0.12505  
  2 1911.2878 337493.985007  x:  0.11893   3.68202   0.12718  
  3 1432.7396 337427.062933  x:  0.11886   5.07040   0.13438  
  4 119.6971 337427.040136  x:  0.11908   5.05235   0.13409  
  5  0.0145 337427.038435  x:  0.11903   5.04576   0.13409  
  6  0.0048 337427.038429  x:  0.11903   5.04575   0.13410  
  7  0.0000 337427.038429  x:  0.11903   5.04575   0.13410  

6 (Bom_pas) ... 3 (Bom_hor)
  0  0.0000 327330.352704  x:  0.07599   4.13572   0.17902  
  1 99.0000 327302.270740  x:  0.07713   4.13664   0.14493  
  2 1438.8426 327302.053196  x:  0.07644   4.13668   0.14460  
  3 669.5090 327294.946627  x:  0.07636   4.68850   0.14879  
  4 27.7875 327294.791750  x:  0.07646   4.69259   0.14638  
  5  0.0061 327294.791637  x:  0.07646   4.69480   0.14638  
  6  0.0018 327294.791637  x:  0.07646   4.69490   0.14638  
  7  0.0001 327294.791636  x:  0.07646   4.69487   0.14638  
  8  0.0000 327294.791636  x:  0.07646   4.69489   0.14638  
  9  0.0000 327294.791636  x:  0.07646   4.69489   0.14638  
 10  0.0000 327294.791636  x:  0.07646   4.69489   0.14638  
 11  0.0070 327294.791636  x:  0.07646   4.69489   0.14638  
 12  0.0056 327294.791636  x:  0.07646   4.69489   0.14638  

6 (Bom_pas) ... 4 (Bom_hyp)
  0  0.0000 325139.573674  x:  0.06614   3.91483   0.12285  
  1 99.0000 325128.708647  x:  0.07084   3.91490   0.12354  
  2 4738.2364 325126.080765  x:  0.07062   3.91603   0.13290  
  3 588.8419 325078.234973  x:  0.07044   5.56623   0.14179  
  4 73.5226 325078.180478  x:  0.07047   5.55012   0.14034  
  5  0.0132 325078.180211  x:  0.07047   5.54571   0.14031  
  6  0.0027 325078.180199  x:  0.07047   5.54544   0.14032  

6 (Bom_pas) ... 5 (Bom_mus)
  0  0.0000 310163.903162  x:  0.02023   4.45981   0.24838  
  1 99.0000 310153.717275  x:  0.02271   4.45982   0.24809  
  2 8626.0977 310068.086230  x:  0.02284   4.46245   0.12412  
  3 1040.3039 310063.233542  x:  0.02280   5.57944   0.13479  
  4 11.8124 310062.806359  x:  0.02280   5.57143   0.12839  
  5  0.0219 310062.767813  x:  0.02279   5.47721   0.12756  
  6  0.0726 310062.767495  x:  0.02280   5.47422   0.12772  

7 (Bom_syl) ... 1 (Apis_mel)
  0  0.0000 398331.495637  x:  0.47784   4.38715   0.23901  
  1 99.0000 396134.453387  x:  0.49095   4.38743   0.10223  
  2 21851.9373 395912.232000  x:  0.56899   4.38614   0.08792  
  3 6452.6611 395909.908129  x:  0.56741   4.25115   0.08742  
  4 28.8752 395891.772259  x:  0.57178   4.19248   0.09384  
  5  0.2734 395891.712501  x:  0.57294   4.20762   0.09365  
  6  0.0138 395891.710690  x:  0.57306   4.20496   0.09360  

7 (Bom_syl) ... 2 (Bom_con)
  0  0.0000 338507.923895  x:  0.10059   3.61352   0.09175  
  1 99.0000 338301.340991  x:  0.12633   3.61372   0.10296  
  2 16000.9748 338256.819449  x:  0.12166   3.61457   0.12897  
  3 3910.8016 338172.742124  x:  0.12133   5.14458   0.13629  
  4 137.1244 338172.518272  x:  0.12225   5.13127   0.13636  
  5  0.0111 338172.514967  x:  0.12221   5.12526   0.13656  
  6  0.0037 338172.514936  x:  0.12222   5.12437   0.13654  
  7  0.0006 338172.514935  x:  0.12222   5.12431   0.13654  
  8  0.0001 338172.514935  x:  0.12222   5.12431   0.13654  

7 (Bom_syl) ... 3 (Bom_hor)
  0  0.0000 327781.849157  x:  0.06955   4.37875   0.11755  
  1 99.0000 327738.042451  x:  0.07927   4.37876   0.11955  
  2 9250.6990 327722.223404  x:  0.07853   4.37892   0.14153  
  3 1597.0040 327718.937023  x:  0.07850   4.77123   0.14332  
  4 17.7803 327718.935755  x:  0.07852   4.76745   0.14345  
  5  0.0031 327718.935751  x:  0.07852   4.76763   0.14346  
  6  0.0002 327718.935751  x:  0.07852   4.76759   0.14346  
  7  0.0000 327718.935751  x:  0.07852   4.76763   0.14346  
  8  0.0000 327718.935751  x:  0.07852   4.76762   0.14346  
  9  0.0000 327718.935751  x:  0.07852   4.76762   0.14346  

7 (Bom_syl) ... 4 (Bom_hyp)
  0  0.0000 325510.498523  x:  0.07182   3.89529   0.21020  
  1 99.0000 325475.195279  x:  0.06469   3.89626   0.18574  
  2 2662.4675 325389.772079  x:  0.06854   3.89862   0.12693  
  3 21399.1178 325335.939499  x:  0.06909   5.60563   0.14201  
  4 78.3417 325331.926200  x:  0.07177   5.59481   0.13671  
  5  0.0125 325331.906603  x:  0.07183   5.59007   0.13748  
  6  0.0063 325331.906304  x:  0.07183   5.58517   0.13744  
  7  0.0027 325331.906303  x:  0.07183   5.58513   0.13745  
  8  0.0000 325331.906303  x:  0.07183   5.58513   0.13745  

7 (Bom_syl) ... 5 (Bom_mus)
  0  0.0000 324651.651418  x:  0.06133   4.40561   0.20293  
  1 99.0000 324627.756730  x:  0.06798   4.40566   0.20130  
  2 7237.5253 324571.020852  x:  0.06816   4.40723   0.14478  
  3 1841.7046 324556.142356  x:  0.06809   5.36062   0.15214  
  4 35.0282 324555.964464  x:  0.06808   5.36918   0.14937  
  5  0.0127 324555.963965  x:  0.06806   5.37395   0.14939  
  6  0.0037 324555.963959  x:  0.06806   5.37439   0.14939  
  7  0.0004 324555.963959  x:  0.06806   5.37435   0.14939  
  8  0.0000 324555.963959  x:  0.06806   5.37439   0.14939  
  9  0.0000 324555.963959  x:  0.06806   5.37439   0.14939  

7 (Bom_syl) ... 6 (Bom_pas)
  0  0.0000 324814.314284  x:  0.05543   4.34855   0.19339  
  1 99.0000 324722.728639  x:  0.06802   4.34859   0.19235  
  2 15621.4202 324690.170860  x:  0.06824   4.35020   0.15024  
  3 1386.2648 324669.382408  x:  0.06816   5.48199   0.15878  
  4 42.0814 324669.168772  x:  0.06822   5.49026   0.15562  
  5  0.0111 324669.167917  x:  0.06824   5.49730   0.15564  
  6  0.0049 324669.167910  x:  0.06824   5.49765   0.15565  
  7  0.0003 324669.167910  x:  0.06824   5.49771   0.15565  
  8  0.0001 324669.167910  x:  0.06824   5.49771   0.15565  

8 (Bom_vet) ... 1 (Apis_mel)
  0  0.0000 396576.311506  x:  0.55514   4.47052   0.15974  
  1 99.0000 395777.998613  x:  0.54752   4.47050   0.09632  
  2 19988.4776 395755.208656  x:  0.57379   4.46901   0.09081  
  3 1750.8727 395743.275578  x:  0.56973   4.16334   0.09027  
  4 74.4670 395741.029678  x:  0.57204   4.15615   0.09245  
  5  0.0162 395741.029619  x:  0.57204   4.15678   0.09245  
  6  0.0007 395741.029619  x:  0.57204   4.15678   0.09245  

8 (Bom_vet) ... 2 (Bom_con)
  0  0.0000 337489.665787  x:  0.12514   3.63840   0.08196  
  1 99.0000 337348.782223  x:  0.11287   3.63887   0.11841  
  2 8183.1660 337336.955049  x:  0.11909   3.63920   0.12377  
  3 3600.5709 337255.947449  x:  0.11957   5.19286   0.12981  
  4 130.9667 337254.560963  x:  0.11788   5.17229   0.13374  
  5  0.0126 337254.513840  x:  0.11818   5.16790   0.13436  
  6  0.0037 337254.513699  x:  0.11817   5.16630   0.13438  
  7  0.0012 337254.513688  x:  0.11817   5.16578   0.13437  
  8  0.0004 337254.513688  x:  0.11817   5.16578   0.13437  
  9  0.0000 337254.513688  x:  0.11817   5.16578   0.13437  
 10  0.0000 337254.513688  x:  0.11817   5.16578   0.13437  
 11  0.0099 337254.513688  x:  0.11817   5.16578   0.13437  
check convergence!


8 (Bom_vet) ... 3 (Bom_hor)
  0  0.0000 327016.483165  x:  0.07507   4.22388   0.11269  
  1 99.0000 326986.319348  x:  0.07816   4.22398   0.13955  
  2 2421.2705 326980.789881  x:  0.07477   4.22402   0.14448  
  3 4222.6044 326976.993566  x:  0.07471   4.63505   0.14636  
  4 19.5288 326976.878116  x:  0.07488   4.63666   0.14837  
  5  0.0018 326976.877829  x:  0.07486   4.63647   0.14837  
  6  0.0002 326976.877829  x:  0.07486   4.63644   0.14837  
  7  0.0001 326976.877829  x:  0.07486   4.63642   0.14837  

8 (Bom_vet) ... 4 (Bom_hyp)
  0  0.0000 325040.110638  x:  0.05452   3.76186   0.19324  
  1 99.0000 324919.269098  x:  0.06895   3.76195   0.19161  
  2 18132.4712 324842.505992  x:  0.06925   3.76484   0.13059  
  3 2155.4822 324788.220439  x:  0.06909   5.41403   0.14589  
  4 81.0801 324786.846963  x:  0.06919   5.44600   0.13867  
  5  0.0444 324786.825936  x:  0.06924   5.48643   0.13875  
  6  0.0216 324786.825692  x:  0.06922   5.48687   0.13883  
  7  0.0004 324786.825686  x:  0.06922   5.48702   0.13882  
  8  0.0001 324786.825686  x:  0.06922   5.48696   0.13882  
  9  0.0000 324786.825685  x:  0.06922   5.48698   0.13882  
 10  0.0000 324786.825685  x:  0.06922   5.48698   0.13882  
check convergence!


8 (Bom_vet) ... 5 (Bom_mus)
  0  0.0000 309208.331182  x:  0.01868   4.65325   0.20726  
  1 99.0000 309203.826085  x:  0.02026   4.65326   0.20705  
  2 5915.1891 309159.784034  x:  0.02034   4.65498   0.12172  
  3 834.5919 309154.862826  x:  0.02030   5.72792   0.12970  
  4 10.3528 309154.673769  x:  0.02030   5.75627   0.12533  
  5  0.0523 309154.672566  x:  0.02029   5.77295   0.12524  
  6  0.0127 309154.672531  x:  0.02029   5.77450   0.12530  
  7  0.0014 309154.672531  x:  0.02029   5.77454   0.12529  
  8  0.0001 309154.672531  x:  0.02029   5.77455   0.12529  

8 (Bom_vet) ... 6 (Bom_pas)
  0  0.0000 310041.622785  x:  0.01804   4.82018   0.23503  
  1 99.0000 310009.087258  x:  0.02222   4.82019   0.23481  
  2 16705.3964 309948.440326  x:  0.02232   4.82206   0.13027  
  3 901.6619 309945.016877  x:  0.02230   5.68330   0.13721  
  4  8.7245 309944.872836  x:  0.02232   5.71134   0.13342  
  5  0.0569 309944.871772  x:  0.02234   5.72200   0.13335  
  6  0.0085 309944.871761  x:  0.02234   5.72337   0.13336  
  7  0.0036 309944.871752  x:  0.02234   5.72342   0.13338  
  8  0.0001 309944.871749  x:  0.02234   5.72340   0.13338  
  9  0.0003 309944.871749  x:  0.02234   5.72340   0.13338  
check convergence!


8 (Bom_vet) ... 7 (Bom_syl)
  0  0.0000 324363.288881  x:  0.06578   4.76906   0.15204  
  1 99.0000 324362.354976  x:  0.06713   4.76909   0.15195  
  2 1394.3505 324362.215483  x:  0.06715   4.76967   0.14946  
  3 107.8793 324353.586884  x:  0.06710   5.55882   0.15367  
  4 25.2358 324353.580919  x:  0.06711   5.55818   0.15314  
  5  0.0008 324353.580918  x:  0.06711   5.55845   0.15314  
  6  0.0002 324353.580918  x:  0.06711   5.55845   0.15314  