

2 (And_ful) ... 1 (And_bic)
  0  0.0000 1031391.058431  x:  0.17401   1.63839   0.51934  
  1 99.0000 1029929.761226  x:  0.12975   1.64787   0.46700  
  2 38334.4822 1016471.458847  x:  0.12183   1.72006   0.05647  
  3 76651.8501 1015976.523522  x:  0.12372   2.15119   0.09172  
  4 2785.3576 1014199.393913  x:  0.14250   3.00500   0.04959  
  5  2.6732 1013802.093234  x:  0.16017   3.17669   0.06805  
  6  0.1995 1013741.672143  x:  0.16630   3.42919   0.06151  
  7  0.1675 1013731.379806  x:  0.16364   3.60027   0.06326  
  8  0.0657 1013731.141132  x:  0.16420   3.62024   0.06324  
  9  0.0162 1013731.139326  x:  0.16418   3.62145   0.06330  
 10  0.0011 1013731.139325  x:  0.16418   3.62142   0.06330  

3 (And_hae) ... 1 (And_bic)
  0  0.0000 1014345.645512  x:  0.15905   3.13669   0.19424  
  1 99.0000 1011876.293669  x:  0.12769   3.13893   0.08152  
  2 32842.8193 1011472.448806  x:  0.13812   3.13946   0.05564  
  3 70325.0707 1011357.533200  x:  0.14140   3.88630   0.06155  
  4 343.3512 1011162.937627  x:  0.15630   3.52629   0.06811  
  5  0.5398 1011157.342778  x:  0.15763   3.55119   0.06498  
  6  0.0238 1011157.307711  x:  0.15770   3.53865   0.06489  
  7  0.0124 1011157.307650  x:  0.15769   3.53841   0.06489  
  8  0.0002 1011157.307650  x:  0.15769   3.53842   0.06489  
  9  0.0000 1011157.307650  x:  0.15769   3.53842   0.06489  
 10  0.0000 1011157.307650  x:  0.15769   3.53842   0.06489  
check convergence!


3 (And_hae) ... 2 (And_ful)
  0  0.0000 1008568.728337  x:  0.15742   3.15336   0.12301  
  1 99.0000 1007757.350316  x:  0.13909   3.15446   0.07413  
  2 26855.3678 1007637.407814  x:  0.14818   3.15492   0.06149  
  3 21609.9595 1007497.661761  x:  0.14993   4.00669   0.06744  
  4 374.3897 1007492.595377  x:  0.15245   3.97913   0.06881  
  5  0.0379 1007492.440730  x:  0.15269   3.97440   0.06824  
  6  0.0046 1007492.440075  x:  0.15268   3.97229   0.06824  
  7  0.0015 1007492.440073  x:  0.15268   3.97229   0.06824  

4 (And_hat) ... 1 (And_bic)
  0  0.0000 989231.634943  x:  0.12385   3.62487   0.07601  
  1 99.0000 989195.800215  x:  0.11757   3.62487   0.07231  
  2 9642.7475 989189.920996  x:  0.11852   3.62484   0.06846  
  3 2995.6742 989188.297037  x:  0.11851   3.52164   0.06802  
  4 30.7605 989188.276800  x:  0.11862   3.52099   0.06783  
  5  0.0007 989188.276788  x:  0.11863   3.52096   0.06784  
  6  0.0000 989188.276788  x:  0.11863   3.52098   0.06784  
  7  0.0000 989188.276787  x:  0.11863   3.52096   0.06784  

4 (And_hat) ... 2 (And_ful)
  0  0.0000 1006873.422265  x:  0.14262   3.34723   0.08146  
  1 99.0000 1006683.259140  x:  0.15603   3.34764   0.06537  
  2 17607.7215 1006669.475174  x:  0.15334   3.34791   0.06114  
  3 5923.5224 1006580.376307  x:  0.15302   4.07949   0.06453  
  4 276.8572 1006580.273779  x:  0.15285   4.07270   0.06411  
  5  0.0066 1006580.273222  x:  0.15286   4.07072   0.06410  
  6  0.0015 1006580.273221  x:  0.15286   4.07071   0.06410  

4 (And_hat) ... 3 (And_hae)
  0  0.0000 1008299.554843  x:  0.15386   3.50709   0.19421  
  1 99.0000 1006562.923949  x:  0.11728   3.50863   0.10831  
  2 32217.4284 1005745.942417  x:  0.12514   3.50948   0.05988  
  3 95488.4813 1005630.500565  x:  0.12755   4.40685   0.06631  
  4 289.5744 1005306.696503  x:  0.14842   4.02067   0.06861  
  5  0.4270 1005302.721784  x:  0.14892   4.04601   0.06569  
  6  0.0371 1005302.704692  x:  0.14902   4.03695   0.06561  
  7  0.0086 1005302.704673  x:  0.14902   4.03693   0.06562  
  8  0.0000 1005302.704673  x:  0.14902   4.03695   0.06562  
  9  0.0000 1005302.704673  x:  0.14902   4.03695   0.06562  

5 (And_mar) ... 1 (And_bic)
  0  0.0000 971096.705755  x:  0.08030   3.39753   0.10250  
  1 99.0000 970939.060933  x:  0.09208   3.39753   0.09630  
  2 24867.5217 970739.597556  x:  0.09123   3.39752   0.06498  
  3 13639.4944 970729.459903  x:  0.09131   3.13999   0.06336  
  4 73.5514 970727.789079  x:  0.09017   3.12788   0.06441  
  5  0.0120 970727.724556  x:  0.09007   3.13095   0.06401  
  6  0.0046 970727.724533  x:  0.09007   3.13131   0.06401  

5 (And_mar) ... 2 (And_ful)
  0  0.0000 1013271.304142  x:  0.13769   2.93568   0.09492  
  1 99.0000 1012688.755810  x:  0.16720   2.93624   0.07458  
  2 34215.9633 1012594.678937  x:  0.16409   2.93675   0.06106  
  3 14607.8989 1012468.178776  x:  0.16354   3.66521   0.06538  
  4 393.5062 1012464.817910  x:  0.16114   3.66244   0.06483  
  5  0.0035 1012464.804793  x:  0.16109   3.66116   0.06499  
  6  0.0014 1012464.804683  x:  0.16109   3.66040   0.06498  
  7  0.0005 1012464.804682  x:  0.16109   3.66040   0.06498  

5 (And_mar) ... 3 (And_hae)
  0  0.0000 1010700.381592  x:  0.16506   3.42186   0.11587  
  1 99.0000 1010069.435782  x:  0.14228   3.42219   0.08076  
  2 27597.6511 1009930.979814  x:  0.14989   3.42234   0.06481  
  3 19863.2319 1009927.087615  x:  0.15011   3.56345   0.06564  
  4 56.5616 1009914.973587  x:  0.15401   3.53161   0.06781  
  5  0.0415 1009914.740746  x:  0.15432   3.53353   0.06716  
  6  0.0023 1009914.740719  x:  0.15432   3.53317   0.06716  
  7  0.0003 1009914.740718  x:  0.15432   3.53317   0.06716  
  8  0.0000 1009914.740718  x:  0.15432   3.53317   0.06716  

5 (And_mar) ... 4 (And_hat)
  0  0.0000 987543.752186  x:  0.09539   3.03751   0.14589  
  1 99.0000 987076.360568  x:  0.11838   3.03778   0.13201  
  2 37702.1326 986279.830069  x:  0.11765   3.03903   0.06741  
  3 25750.3186 986243.806733  x:  0.11737   3.47652   0.07181  
  4 177.1075 986229.315535  x:  0.11401   3.50251   0.06821  
  5  0.0279 986227.610306  x:  0.11311   3.48982   0.07004  
  6  0.0210 986227.609090  x:  0.11311   3.48715   0.07001  
  7  0.0021 986227.609088  x:  0.11311   3.48712   0.07001  

6 (And_tri) ... 1 (And_bic)
  0  0.0000 990528.023464  x:  0.09456   3.02747   0.19821  
  1 99.0000 989867.806381  x:  0.12217   3.02773   0.18100  
  2 44629.5820 987733.676736  x:  0.12320   3.02940   0.06170  
  3 33576.7666 987725.830314  x:  0.12162   3.19816   0.06400  
  4  0.6563 987693.301170  x:  0.11623   3.04989   0.06167  
  5 14.5959 987693.093614  x:  0.11609   3.03116   0.06214  
  6  0.0505 987693.034472  x:  0.11594   3.02237   0.06186  
  7  0.0117 987693.034440  x:  0.11594   3.02264   0.06186  

6 (And_tri) ... 2 (And_ful)
  0  0.0000 1008864.688224  x:  0.15699   2.78690   0.10972  
  1 99.0000 1008033.092608  x:  0.14390   2.78812   0.06193  
  2 27919.6828 1007974.878394  x:  0.15174   2.78856   0.05550  
  3 13659.5013 1007818.309297  x:  0.15334   3.56590   0.06164  
  4 461.1518 1007818.020453  x:  0.15388   3.56718   0.06111  
  5  0.0013 1007818.020106  x:  0.15390   3.56732   0.06113  
  6  0.0002 1007818.020082  x:  0.15390   3.56768   0.06113  
  7  0.0003 1007818.020082  x:  0.15390   3.56768   0.06113  

6 (And_tri) ... 3 (And_hae)
  0  0.0000 1009651.801194  x:  0.13461   3.07861   0.18330  
  1 99.0000 1007632.953269  x:  0.18413   3.08066   0.08181  
  2 33348.5059 1007209.603934  x:  0.17653   3.08121   0.05362  
  3 58205.4151 1007088.618563  x:  0.17299   3.91276   0.05933  
  4 340.0839 1006780.690068  x:  0.14966   3.61281   0.06385  
  5  0.3955 1006778.567113  x:  0.15003   3.50976   0.06365  
  6  0.1015 1006778.541086  x:  0.15004   3.50775   0.06341  
  7  0.0022 1006778.541080  x:  0.15004   3.50777   0.06341  
  8  0.0000 1006778.541080  x:  0.15004   3.50777   0.06341  

6 (And_tri) ... 4 (And_hat)
  0  0.0000 984659.601866  x:  0.08895   3.18626   0.05170  
  1 99.0000 984115.309341  x:  0.11221   3.18629   0.05750  
  2 49587.4736 984100.463079  x:  0.11128   3.18639   0.06391  
  3 4991.8691 984087.824242  x:  0.11121   3.49745   0.06515  
  4 97.1582 984087.619412  x:  0.11111   3.46334   0.06481  
  5  0.0298 984087.619168  x:  0.11110   3.46294   0.06480  
  6  0.0003 984087.619166  x:  0.11110   3.46307   0.06480  

6 (And_tri) ... 5 (And_mar)
  0  0.0000 985316.418089  x:  0.09238   3.19216   0.05133  
  1 99.0000 984922.291783  x:  0.11190   3.19208   0.05913  
  2 40271.6328 984898.298063  x:  0.11002   3.19191   0.06731  
  3 6372.3584 984884.176078  x:  0.11010   2.93715   0.06628  
  4 102.8644 984884.072474  x:  0.11017   2.92760   0.06574  
  5  0.0090 984884.071514  x:  0.11016   2.92922   0.06572  
  6  0.0017 984884.071501  x:  0.11016   2.92914   0.06572  

7 (Bom_pas) ... 1 (And_bic)
  0  0.0000 1229189.356847  x:  1.01275   2.84478   0.08177  
  1 99.0000 1227861.899657  x:  1.01184   2.84533   0.05811  
  2 97114.6643 1227714.358115  x:  1.08992   2.88960   0.05295  
  3 3446.0285 1226884.816621  x:  1.11609   3.97817   0.05742  
  4 2395.3922 1226872.160737  x:  1.13929   4.00853   0.05537  
  5  0.0294 1226871.599055  x:  1.14265   4.01894   0.05558  
  6  0.0138 1226871.544289  x:  1.14311   4.02944   0.05555  
  7  0.0073 1226871.544067  x:  1.14301   4.02941   0.05556  
  8  0.0001 1226871.544067  x:  1.14301   4.02941   0.05556  

7 (Bom_pas) ... 2 (And_ful)
  0  0.0000 1250215.416315  x:  1.21271   3.40660   0.17683  
  1 99.0000 1230708.162758  x:  1.19257   3.40865   0.05226  
  2 187208.9954 1230690.720471  x:  1.17671   3.42256   0.05486  
  3 1695.9953 1230290.030993  x:  1.24678   4.32639   0.05341  
  4 1560.5003 1230273.391021  x:  1.21896   4.31839   0.05331  
  5  0.0346 1230273.363837  x:  1.21782   4.31739   0.05341  
  6  0.0016 1230273.363701  x:  1.21783   4.31692   0.05341  
  7  0.0004 1230273.363698  x:  1.21782   4.31686   0.05341  

7 (Bom_pas) ... 3 (And_hae)
  0  0.0000 1244901.524019  x:  1.32862   3.80481   0.15355  
  1 99.0000 1227442.137871  x:  1.31217   3.80603   0.04839  
  2 203853.7491 1227288.849508  x:  1.24850   3.81615   0.05681  
  3 5136.7067 1227195.634719  x:  1.28153   4.27286   0.05593  
  4 433.7606 1226856.974601  x:  1.13818   4.14082   0.05785  
  5  0.2571 1226846.949339  x:  1.15238   4.18967   0.05589  
  6  0.0512 1226846.756559  x:  1.14945   4.18521   0.05587  
  7  0.0064 1226846.756283  x:  1.14942   4.18441   0.05588  
  8  0.0007 1226846.756282  x:  1.14942   4.18441   0.05587  

7 (Bom_pas) ... 4 (And_hat)
  0  0.0000 1235963.236107  x:  1.14145   3.52270   0.13124  
  1 99.0000 1226395.668454  x:  1.13231   3.52359   0.05442  
  2 172033.3129 1226380.494963  x:  1.11278   3.54282   0.05678  
  3 1117.2594 1226168.704206  x:  1.16520   4.19325   0.05532  
  4 1208.9324 1226164.856640  x:  1.15510   4.19141   0.05498  
  5  0.0163 1226164.837399  x:  1.15426   4.19090   0.05506  
  6  0.0010 1226164.837372  x:  1.15425   4.19065   0.05506  
  7  0.0002 1226164.837372  x:  1.15425   4.19065   0.05506  
  8  0.0000 1226164.837372  x:  1.15425   4.19065   0.05506  
  9  0.0000 1226164.837372  x:  1.15425   4.19065   0.05506  

7 (Bom_pas) ... 5 (And_mar)
  0  0.0000 1236128.958156  x:  1.14184   3.74773   0.13474  
  1 99.0000 1226310.975739  x:  1.13221   3.74839   0.05531  
  2 169736.0017 1226307.858863  x:  1.12325   3.75372   0.05640  
  3 600.8290 1226273.640557  x:  1.14141   4.01677   0.05595  
  4 337.2535 1226272.441332  x:  1.13556   4.01429   0.05579  
  5  0.0103 1226272.441234  x:  1.13550   4.01417   0.05579  
  6  0.0001 1226272.441234  x:  1.13550   4.01416   0.05579  
  7  0.0000 1226272.441234  x:  1.13550   4.01416   0.05579  

7 (Bom_pas) ... 6 (And_tri)
  0  0.0000 1233257.305368  x:  0.98792   3.55950   0.12968  
  1 99.0000 1226699.263615  x:  0.98331   3.56004   0.06172  
  2 141338.8020 1226453.613924  x:  1.05780   3.56242   0.05325  
  3 6462.0522 1226337.656504  x:  1.08131   4.03881   0.05374  
  4 521.4787 1226209.247091  x:  1.12462   4.01753   0.05681  
  5  0.0926 1226201.760025  x:  1.14194   4.02594   0.05522  
  6  0.0145 1226201.718712  x:  1.14282   4.03440   0.05524  
  7  0.0072 1226201.718652  x:  1.14284   4.03452   0.05524  
  8  0.0001 1226201.718652  x:  1.14284   4.03452   0.05524  