

2 (Bom_con) ... 1 (Apis_mel)
  0  0.0000 419681.086090  x:  0.43894   1.37573   0.42417  
  1 99.0000 410624.389664  x:  0.45376   1.45353   0.08189  
  2 25670.8807 410273.844453  x:  0.52894   1.49182   0.06515  
  3 9329.6235 409070.915077  x:  0.58496   2.18555   0.10874  
  4 5579.1626 408078.870122  x:  0.49759   2.97342   0.09048  
  5  1.8398 407812.514672  x:  0.57722   3.57464   0.08756  
  6  0.2424 407770.668144  x:  0.56165   3.90297   0.08502  
  7  0.1728 407765.005042  x:  0.56182   3.99821   0.08861  
  8  0.0694 407764.961674  x:  0.56212   4.01289   0.08844  
  9  0.0108 407764.961067  x:  0.56226   4.01276   0.08843  
 10  0.0002 407764.961066  x:  0.56226   4.01277   0.08843  
 11  0.0000 407764.961066  x:  0.56226   4.01276   0.08843  

3 (Bom_hor) ... 1 (Apis_mel)
  0  0.0000 409493.367070  x:  0.42769   3.48479   0.11671  
  1 99.0000 408966.586318  x:  0.47891   3.48540   0.07986  
  2 14982.6316 408629.139306  x:  0.54718   3.48621   0.09361  
  3 18992.9993 408581.538181  x:  0.55095   4.00206   0.09557  
  4 199.4518 408540.989172  x:  0.57544   4.02932   0.08523  
  5  0.0301 408540.622753  x:  0.57794   4.05561   0.08565  
  6  0.0216 408540.618784  x:  0.57815   4.05704   0.08555  
  7  0.0015 408540.618768  x:  0.57814   4.05730   0.08555  
  8  0.0002 408540.618768  x:  0.57814   4.05730   0.08555  

3 (Bom_hor) ... 2 (Bom_con)
  0  0.0000 350065.252603  x:  0.12743   3.40581   0.17005  
  1 99.0000 350004.304062  x:  0.11504   3.40697   0.14968  
  2 4912.0570 349930.184800  x:  0.12120   3.40923   0.11404  
  3 8593.0738 349779.951860  x:  0.12240   5.35384   0.13119  
  4 200.0489 349776.924662  x:  0.12447   5.37438   0.12496  
  5  0.0219 349776.898263  x:  0.12468   5.39523   0.12531  
  6  0.0151 349776.893152  x:  0.12462   5.40706   0.12524  
  7  0.0081 349776.893129  x:  0.12461   5.40715   0.12526  
  8  0.0001 349776.893129  x:  0.12461   5.40716   0.12526  

4 (Bom_hyp) ... 1 (Apis_mel)
  0  0.0000 409440.247773  x:  0.43078   4.30490   0.20715  
  1 99.0000 407442.026908  x:  0.46978   4.30477   0.09212  
  2 23373.7763 407112.742214  x:  0.56206   4.30307   0.09093  
  3 8762.7550 407097.832524  x:  0.55986   3.98393   0.08917  
  4 89.3579 407093.619255  x:  0.56227   4.01440   0.08578  
  5  0.0942 407093.618667  x:  0.56218   4.01301   0.08576  
  6  0.0013 407093.618649  x:  0.56216   4.01318   0.08576  

4 (Bom_hyp) ... 2 (Bom_con)
  0  0.0000 347180.016866  x:  0.10392   3.61475   0.11477  
  1 99.0000 347148.358538  x:  0.11398   3.61499   0.11520  
  2 6506.1188 347144.852328  x:  0.11367   3.66125   0.12354  
  3 154.8488 347037.911919  x:  0.11413   5.45468   0.12026  
  4 4730.8636 347037.338683  x:  0.11405   5.47186   0.12364  
  5  0.0170 347037.337391  x:  0.11406   5.47926   0.12361  
  6  0.0038 347037.337363  x:  0.11406   5.47971   0.12363  
  7  0.0004 347037.337363  x:  0.11406   5.47972   0.12363  
  8  0.0000 347037.337363  x:  0.11406   5.47971   0.12363  
  9  0.0000 347037.337363  x:  0.11406   5.47972   0.12363  

4 (Bom_hyp) ... 3 (Bom_hor)
  0  0.0000 336488.547323  x:  0.07275   4.35145   0.17380  
  1 99.0000 336477.035634  x:  0.06824   4.35163   0.16707  
  2 2779.9811 336416.259109  x:  0.07052   4.35294   0.11964  
  3 6287.9049 336391.986285  x:  0.07068   5.55772   0.12784  
  4 46.5360 336391.242522  x:  0.07164   5.56848   0.12466  
  5  0.0125 336391.227081  x:  0.07175   5.56940   0.12519  
  6  0.0013 336391.227061  x:  0.07175   5.57021   0.12517  
  7  0.0007 336391.227060  x:  0.07175   5.57042   0.12518  
  8  0.0002 336391.227060  x:  0.07175   5.57031   0.12518  
  9  0.0000 336391.227060  x:  0.07175   5.57034   0.12518  
 10  0.0001 336391.227060  x:  0.07175   5.57036   0.12518  
 11  0.0000 336391.227060  x:  0.07175   5.57036   0.12518  
 12  0.0000 336391.227060  x:  0.07175   5.57036   0.12518  
 13  0.0002 336391.227060  x:  0.07175   5.57036   0.12518  
check convergence!


5 (Bom_mus) ... 1 (Apis_mel)
  0  0.0000 410830.641839  x:  0.52968   4.59554   0.23380  
  1 99.0000 408179.541226  x:  0.51177   4.59549   0.09467  
  2 25586.1375 408074.819296  x:  0.55505   4.59364   0.08092  
  3 4717.1873 408037.874990  x:  0.54712   4.04872   0.07958  
  4 124.3375 407984.754925  x:  0.56821   3.97366   0.08679  
  5  0.2429 407984.116311  x:  0.57194   4.01829   0.08614  
  6  0.0456 407984.089308  x:  0.57230   4.00858   0.08596  
  7  0.0106 407984.089267  x:  0.57228   4.00856   0.08595  
  8  0.0000 407984.089267  x:  0.57228   4.00856   0.08595  

5 (Bom_mus) ... 2 (Bom_con)
  0  0.0000 349976.040701  x:  0.10891   3.54864   0.10349  
  1 99.0000 349887.063203  x:  0.12610   3.54890   0.10928  
  2 10348.8285 349872.732790  x:  0.12417   3.55006   0.12413  
  3 2097.1716 349756.458832  x:  0.12404   5.31569   0.13378  
  4 168.2652 349756.364019  x:  0.12443   5.31560   0.13265  
  5  0.0010 349756.362840  x:  0.12438   5.31749   0.13256  
  6  0.0014 349756.362801  x:  0.12438   5.31870   0.13258  
  7  0.0007 349756.362801  x:  0.12439   5.31872   0.13258  
  8  0.0000 349756.362801  x:  0.12439   5.31873   0.13258  

5 (Bom_mus) ... 3 (Bom_hor)
  0  0.0000 337399.972211  x:  0.07758   4.41998   0.20719  
  1 99.0000 337383.442168  x:  0.07179   4.42007   0.20305  
  2 4526.4057 337271.910632  x:  0.07338   4.42162   0.13064  
  3 3739.7645 337259.087747  x:  0.07344   5.25301   0.13734  
  4 34.1478 337258.504365  x:  0.07418   5.26532   0.13394  
  5  0.0167 337258.472416  x:  0.07437   5.26489   0.13459  
  6  0.0010 337258.472394  x:  0.07438   5.26554   0.13457  
  7  0.0006 337258.472393  x:  0.07438   5.26569   0.13457  
  8  0.0001 337258.472393  x:  0.07438   5.26569   0.13457  

5 (Bom_mus) ... 4 (Bom_hyp)
  0  0.0000 336100.377501  x:  0.06130   4.35130   0.14269  
  1 99.0000 336046.408561  x:  0.07126   4.35135   0.14184  
  2 11397.3900 336036.133016  x:  0.07139   4.35227   0.12333  
  3 1047.9098 336012.465987  x:  0.07131   5.54740   0.13014  
  4 45.7996 336012.353809  x:  0.07135   5.55113   0.12825  
  5  0.0045 336012.353530  x:  0.07136   5.55563   0.12826  
  6  0.0030 336012.353528  x:  0.07136   5.55574   0.12826  
  7  0.0001 336012.353528  x:  0.07136   5.55574   0.12826  
  8  0.0000 336012.353528  x:  0.07136   5.55575   0.12826  

6 (Bom_pas) ... 1 (Apis_mel)
  0  0.0000 408402.865884  x:  0.51535   4.45302   0.11692  
  1 99.0000 408232.364854  x:  0.52147   4.45275   0.09171  
  2 11762.6411 408128.670218  x:  0.57901   4.45043   0.08650  
  3 4236.1432 408104.291516  x:  0.57394   4.02431   0.08571  
  4 108.2073 408104.012354  x:  0.57301   4.02135   0.08661  
  5  0.0048 408104.002856  x:  0.57248   4.02167   0.08662  
  6  0.0006 408104.002855  x:  0.57247   4.02157   0.08662  
  7  0.0001 408104.002855  x:  0.57247   4.02158   0.08662  

6 (Bom_pas) ... 2 (Bom_con)
  0  0.0000 350278.897578  x:  0.09844   3.45853   0.14683  
  1 99.0000 350068.777788  x:  0.12429   3.45882   0.14456  
  2 17650.5093 350050.207741  x:  0.12456   3.46100   0.12536  
  3 1816.0429 349912.477287  x:  0.12447   5.33965   0.14036  
  4 190.5058 349911.040091  x:  0.12477   5.35255   0.13493  
  5  0.0137 349911.023344  x:  0.12487   5.37741   0.13496  
  6  0.0125 349911.022898  x:  0.12484   5.37887   0.13503  
  7  0.0012 349911.022887  x:  0.12484   5.37900   0.13502  
  8  0.0001 349911.022887  x:  0.12484   5.37900   0.13502  

6 (Bom_pas) ... 3 (Bom_hor)
  0  0.0000 337820.181239  x:  0.07277   4.31955   0.21287  
  1 99.0000 337805.587703  x:  0.07811   4.31972   0.20636  
  2 3369.6025 337692.001066  x:  0.07716   4.32168   0.13334  
  3 6210.7278 337669.403998  x:  0.07693   5.42261   0.14279  
  4 46.9742 337668.389264  x:  0.07609   5.44039   0.13817  
  5  0.0239 337668.332518  x:  0.07579   5.44151   0.13903  
  6  0.0017 337668.332484  x:  0.07579   5.44273   0.13901  
  7  0.0010 337668.332482  x:  0.07579   5.44295   0.13902  
  8  0.0002 337668.332482  x:  0.07579   5.44295   0.13902  

6 (Bom_pas) ... 4 (Bom_hyp)
  0  0.0000 336317.784615  x:  0.06331   4.42077   0.13464  
  1 99.0000 336279.220850  x:  0.07183   4.42081   0.13448  
  2 9464.8448 336278.547735  x:  0.07188   4.42167   0.12982  
  3 276.7213 336251.387887  x:  0.07180   5.73835   0.13692  
  4 49.6942 336251.327297  x:  0.07183   5.73960   0.13548  
  5  0.0018 336251.327173  x:  0.07184   5.74255   0.13546  
  6  0.0020 336251.327170  x:  0.07184   5.74278   0.13547  

6 (Bom_pas) ... 5 (Bom_mus)
  0  0.0000 320609.695882  x:  0.02194   4.56851   0.24164  
  1 99.0000 320606.885759  x:  0.02326   4.56852   0.24132  
  2 4282.2347 320532.246450  x:  0.02337   4.57186   0.12966  
  3 1074.0534 320516.432010  x:  0.02330   6.43514   0.14705  
  4 20.7504 320515.252768  x:  0.02329   6.52430   0.13597  
  5  0.1616 320515.229162  x:  0.02325   6.61658   0.13630  
  6  0.0490 320515.228776  x:  0.02327   6.61748   0.13636  
  7  0.0008 320515.228776  x:  0.02327   6.61770   0.13635  
  8  0.0002 320515.228776  x:  0.02327   6.61775   0.13635  
  9  0.0000 320515.228776  x:  0.02327   6.61774   0.13635  
 10  0.0000 320515.228776  x:  0.02327   6.61773   0.13635  
 11  0.0000 320515.228776  x:  0.02327   6.61773   0.13635  

7 (Bom_syl) ... 1 (Apis_mel)
  0  0.0000 410996.924622  x:  0.55520   5.25299   0.22645  
  1 99.0000 408553.110878  x:  0.53117   5.25231   0.09583  
  2 25461.7866 408487.141419  x:  0.56645   5.24939   0.08414  
  3 3567.8724 408321.518637  x:  0.55022   4.01507   0.08230  
  4 232.8268 408286.808573  x:  0.56886   3.98606   0.08802  
  5  0.0967 408286.607448  x:  0.57037   4.01920   0.08781  
  6  0.0463 408286.595560  x:  0.57076   4.01491   0.08767  
  7  0.0046 408286.595551  x:  0.57075   4.01487   0.08766  
  8  0.0000 408286.595551  x:  0.57075   4.01487   0.08766  
  9  0.0000 408286.595551  x:  0.57075   4.01487   0.08766  

7 (Bom_syl) ... 2 (Bom_con)
  0  0.0000 350203.958644  x:  0.11175   3.63349   0.13609  
  1 99.0000 350158.363373  x:  0.12436   3.63376   0.13526  
  2 7515.9206 350156.018162  x:  0.12449   3.63543   0.12865  
  3 665.9618 350047.582893  x:  0.12449   5.35667   0.14099  
  4 167.2825 350046.998311  x:  0.12465   5.36378   0.13746  
  5  0.0071 350046.993828  x:  0.12466   5.37770   0.13750  
  6  0.0071 350046.993818  x:  0.12466   5.37771   0.13752  
  7  0.0000 350046.993818  x:  0.12466   5.37770   0.13752  
  8  0.0000 350046.993818  x:  0.12466   5.37770   0.13752  
check convergence!


7 (Bom_syl) ... 3 (Bom_hor)
  0  0.0000 337937.692010  x:  0.07343   4.30747   0.19696  
  1 99.0000 337926.019503  x:  0.07848   4.30766   0.19002  
  2 2791.4350 337854.792108  x:  0.07719   4.30915   0.13465  
  3 6015.4679 337836.787986  x:  0.07698   5.27677   0.14236  
  4 41.9849 337835.981385  x:  0.07593   5.28238   0.13935  
  5  0.0072 337835.961283  x:  0.07580   5.28145   0.14002  
  6  0.0015 337835.961281  x:  0.07580   5.28132   0.14001  
  7  0.0001 337835.961281  x:  0.07580   5.28129   0.14001  

7 (Bom_syl) ... 4 (Bom_hyp)
  0  0.0000 336990.542457  x:  0.06615   4.28313   0.24365  
  1 99.0000 336965.292646  x:  0.07317   4.28322   0.24045  
  2 6787.3724 336775.462251  x:  0.07339   4.28625   0.13561  
  3 3417.8077 336746.593070  x:  0.07327   5.55049   0.14828  
  4 53.1534 336745.264325  x:  0.07306   5.59270   0.14150  
  5  0.0753 336745.228271  x:  0.07281   5.61082   0.14179  
  6  0.0160 336745.227616  x:  0.07282   5.61772   0.14181  
  7  0.0045 336745.227615  x:  0.07282   5.61770   0.14181  
  8  0.0000 336745.227615  x:  0.07282   5.61770   0.14181  

7 (Bom_syl) ... 5 (Bom_mus)
  0  0.0000 336004.091641  x:  0.06627   4.54148   0.15172  
  1 99.0000 335997.891995  x:  0.06973   4.54150   0.15149  
  2 3657.6816 335997.098528  x:  0.06978   4.54215   0.14582  
  3 272.3896 335986.453096  x:  0.06973   5.34649   0.15050  
  4 29.5274 335986.440900  x:  0.06973   5.34598   0.14978  
  5  0.0009 335986.440897  x:  0.06973   5.34640   0.14978  
  6  0.0003 335986.440897  x:  0.06973   5.34647   0.14978  

7 (Bom_syl) ... 6 (Bom_pas)
  0  0.0000 336298.464574  x:  0.05832   4.44718   0.12657  
  1 99.0000 336211.908336  x:  0.07072   4.44721   0.12793  
  2 14882.0991 336197.184364  x:  0.07032   4.44781   0.15110  
  3 1381.2956 336176.314832  x:  0.07024   5.58881   0.15672  
  4 41.9860 336176.314463  x:  0.07022   5.58771   0.15675  
  5  0.0009 336176.314462  x:  0.07022   5.58739   0.15675  

8 (Bom_vet) ... 1 (Apis_mel)
  0  0.0000 409196.698923  x:  0.50418   4.43866   0.16455  
  1 99.0000 408231.452677  x:  0.50873   4.43845   0.09359  
  2 21110.1980 408084.139627  x:  0.57426   4.43619   0.08301  
  3 4933.9572 408061.487733  x:  0.56916   4.02314   0.08192  
  4 103.6684 408052.196479  x:  0.57168   3.99842   0.08652  
  5  0.0632 408052.166404  x:  0.57169   4.00871   0.08636  
  6  0.0108 408052.165954  x:  0.57167   4.00752   0.08634  
  7  0.0013 408052.165953  x:  0.57167   4.00752   0.08634  

8 (Bom_vet) ... 2 (Bom_con)
  0  0.0000 349957.960151  x:  0.12193   3.37049   0.08577  
  1 99.0000 349865.697793  x:  0.13017   3.37123   0.11389  
  2 6955.5660 349853.310939  x:  0.12370   3.37182   0.11938  
  3 3399.8162 349695.037354  x:  0.12328   5.41166   0.12888  
  4 206.7331 349694.411585  x:  0.12448   5.41307   0.13093  
  5  0.0019 349694.365488  x:  0.12419   5.41060   0.13167  
  6  0.0021 349694.365130  x:  0.12420   5.40709   0.13167  
  7  0.0018 349694.365108  x:  0.12420   5.40662   0.13166  

8 (Bom_vet) ... 3 (Bom_hor)
  0  0.0000 337196.145961  x:  0.06922   4.60242   0.16412  
  1 99.0000 337185.074508  x:  0.07401   4.60246   0.16256  
  2 4548.8518 337161.842023  x:  0.07398   4.60322   0.13249  
  3 1562.8820 337152.741947  x:  0.07393   5.33547   0.13692  
  4 27.1388 337152.691890  x:  0.07384   5.33770   0.13570  
  5  0.0030 337152.691475  x:  0.07381   5.33874   0.13573  
  6  0.0010 337152.691474  x:  0.07381   5.33895   0.13574  

8 (Bom_vet) ... 4 (Bom_hyp)
  0  0.0000 336303.129567  x:  0.05705   4.36284   0.17770  
  1 99.0000 336189.261119  x:  0.07115   4.36290   0.17604  
  2 17389.9966 336126.933035  x:  0.07140   4.36446   0.12533  
  3 2152.5740 336098.059437  x:  0.07133   5.69898   0.13475  
  4 50.5572 336097.583372  x:  0.07138   5.71605   0.13082  
  5  0.0239 336097.580295  x:  0.07141   5.73148   0.13085  
  6  0.0098 336097.580275  x:  0.07141   5.73178   0.13087  
  7  0.0003 336097.580275  x:  0.07140   5.73183   0.13087  

8 (Bom_vet) ... 5 (Bom_mus)
  0  0.0000 319967.189091  x:  0.02277   4.76784   0.21248  
  1 99.0000 319963.984939  x:  0.02139   4.76785   0.21218  
  2 4431.1531 319907.488442  x:  0.02154   4.76960   0.11880  
  3 994.0853 319902.660495  x:  0.02151   5.81306   0.12682  
  4 10.4083 319902.471662  x:  0.02153   5.84385   0.12274  
  5  0.0592 319902.470385  x:  0.02155   5.85682   0.12267  
  6  0.0113 319902.470331  x:  0.02155   5.85983   0.12271  
  7  0.0025 319902.470331  x:  0.02155   5.85983   0.12271  
  8  0.0000 319902.470331  x:  0.02155   5.85982   0.12271  
  9  0.0002 319902.470331  x:  0.02155   5.85982   0.12271  
check convergence!


8 (Bom_vet) ... 6 (Bom_pas)
  0  0.0000 320749.894852  x:  0.02083   4.59126   0.19406  
  1 99.0000 320736.126367  x:  0.02373   4.59127   0.19381  
  2 10092.4381 320700.617645  x:  0.02381   4.59390   0.12531  
  3 865.7590 320673.694060  x:  0.02371   7.23882   0.14504  
  4 26.5461 320672.601089  x:  0.02370   7.31392   0.13452  
  5  0.1027 320672.565731  x:  0.02367   7.44562   0.13461  
  6  0.0579 320672.564848  x:  0.02368   7.44785   0.13487  
  7  0.0022 320672.564837  x:  0.02369   7.44812   0.13485  
  8  0.0003 320672.564837  x:  0.02369   7.44813   0.13485  
  9  0.0000 320672.564837  x:  0.02369   7.44813   0.13485  
check convergence!


8 (Bom_vet) ... 7 (Bom_syl)
  0  0.0000 335945.984506  x:  0.06033   5.81668   0.11024  
  1 99.0000 335891.103813  x:  0.07032   5.81667   0.11303  
  2 11171.6890 335846.580397  x:  0.06893   5.81646   0.15205  
  3 2762.6938 335845.702745  x:  0.06895   5.54708   0.15126  
  4  6.2209 335845.683229  x:  0.06913   5.54068   0.15084  
  5  0.0055 335845.683024  x:  0.06912   5.54213   0.15076  
  6  0.0011 335845.683021  x:  0.06912   5.54164   0.15076  
  7  0.0005 335845.683021  x:  0.06912   5.54165   0.15076  
  8  0.0000 335845.683021  x:  0.06912   5.54165   0.15076  
check convergence!
