Supplemental results for CODEML (seqf: /home/yzliu/eDNA/faststorage/yzliu/DK_proj/data/ref_genome/ref_annotation/primary_transcripts/extracted_cds_new/new_transcript_id_8_bom_apis/bootstraps/cat.out.OG_cds_8_species_same_header_fas.shuf_211OG_563.phy  treef: xxx.trees)


pairwise comparison (Goldman & Yang 1994)
seq seq        N       S       dN       dS     dN/dS   Paras.
  2   1 161132.5  54204.5   0.0609   0.5756   0.1057   0.5713   3.9806   0.1057 -381617.238
  3   1 161109.1  54227.9   0.0622   0.6029   0.1031   0.5950   3.9549   0.1031 -383329.347
  3   2 157862.3  57474.7   0.0163   0.1151   0.1419   0.1281   4.5095   0.1419 -325673.746
  4   1 161309.1  54027.9   0.0602   0.5852   0.1029   0.5759   3.9926   0.1029 -381380.318
  4   2 157477.6  57859.4   0.0142   0.1000   0.1421   0.1118   4.9836   0.1421 -321663.789
  4   3 158236.3  57100.7   0.0097   0.0690   0.1406   0.0763   4.3682   0.1406 -313279.589
  5   1 161334.1  54002.9   0.0610   0.5929   0.1029   0.5831   4.0077   0.1029 -381887.209
  5   2 157408.0  57929.0   0.0156   0.1069   0.1463   0.1206   5.0805   0.1463 -323639.342
  5   3 158300.2  57036.8   0.0107   0.0696   0.1541   0.0789   4.3553   0.1541 -314074.358
  5   4 157249.5  58087.5   0.0089   0.0612   0.1453   0.0691   5.3804   0.1453 -310912.588
  6   1 161312.4  54024.6   0.0613   0.5955   0.1029   0.5859   4.0140   0.1029 -382108.477
  6   2 157332.1  58004.9   0.0162   0.1080   0.1503   0.1229   5.1371   0.1503 -324232.711
  6   3 158022.1  57314.9   0.0112   0.0703   0.1600   0.0809   4.5441   0.1600 -314623.048
  6   4 156940.0  58397.0   0.0097   0.0621   0.1554   0.0717   5.6691   0.1554 -311701.649
  6   5 156409.3  58927.7   0.0031   0.0204   0.1544   0.0236   6.2960   0.1544 -297115.809
  7   1 161334.0  54003.0   0.0620   0.5893   0.1052   0.5827   4.0060   0.1052 -382325.927
  7   2 157348.6  57988.4   0.0164   0.1081   0.1521   0.1233   5.1286   0.1521 -324454.837
  7   3 157867.7  57469.3   0.0111   0.0716   0.1546   0.0817   4.6621   0.1546 -314780.556
  7   4 156886.1  58450.9   0.0096   0.0636   0.1508   0.0728   5.7310   0.1508 -311943.054
  7   5 156963.8  58373.2   0.0098   0.0582   0.1689   0.0688   5.6994   0.1689 -311108.046
  7   6 156746.1  58590.9   0.0105   0.0585   0.1800   0.0708   5.9147   0.1800 -311740.226
  8   1 161284.3  54052.7   0.0609   0.5938   0.1026   0.5840   4.0083   0.1026 -381927.286
  8   2 157251.1  58085.9   0.0156   0.1058   0.1475   0.1198   5.1770   0.1475 -323499.187
  8   3 158151.3  57185.7   0.0107   0.0686   0.1566   0.0783   4.4283   0.1566 -313959.854
  8   4 157060.8  58276.2   0.0091   0.0606   0.1494   0.0690   5.5152   0.1494 -310972.014
  8   5 156516.5  58820.5   0.0025   0.0179   0.1423   0.0202   6.1306   0.1423 -295896.415
  8   6 155786.9  59550.1   0.0030   0.0198   0.1526   0.0230   7.0309   0.1526 -296859.864
  8   7 156773.5  58563.5   0.0098   0.0573   0.1718   0.0682   5.8475   0.1718 -310977.133

