Supplemental results for CODEML (seqf: /home/yzliu/eDNA/faststorage/yzliu/DK_proj/data/ref_genome/ref_annotation/primary_transcripts/extracted_cds_new/new_transcript_id_8_bom_apis/bootstraps/cat.out.OG_cds_8_species_same_header_fas.shuf_211OG_42.phy  treef: xxx.trees)


pairwise comparison (Goldman & Yang 1994)
seq seq        N       S       dN       dS     dN/dS   Paras.
  2   1 352226.4 114804.6   0.0578   0.5771   0.1002   0.5564   4.0639   0.1002 -819796.782
  3   1 351723.5 115307.5   0.0582   0.5944   0.0979   0.5717   4.0864   0.0979 -821902.402
  3   2 343683.6 123347.4   0.0143   0.1136   0.1254   0.1215   5.1693   0.1254 -699111.067
  4   1 352473.4 114557.6   0.0571   0.5860   0.0974   0.5605   4.0888   0.0974 -819108.811
  4   2 343799.1 123231.9   0.0130   0.1040   0.1245   0.1109   5.4195   0.1245 -693398.362
  4   3 344313.9 122717.1   0.0080   0.0669   0.1194   0.0704   5.0389   0.1194 -672733.416
  5   1 352563.2 114467.8   0.0577   0.5915   0.0975   0.5655   4.0857   0.0975 -820011.080
  5   2 344090.4 122940.6   0.0141   0.1097   0.1289   0.1179   5.3285   0.1289 -696949.850
  5   3 345217.1 121813.9   0.0083   0.0678   0.1228   0.0715   4.7328   0.1228 -673475.334
  5   4 344568.7 122462.3   0.0078   0.0644   0.1208   0.0679   5.2568   0.1208 -670680.884
  6   1 352448.4 114582.6   0.0577   0.5912   0.0976   0.5658   4.1061   0.0976 -819998.873
  6   2 343889.7 123141.3   0.0144   0.1103   0.1304   0.1190   5.3942   0.1304 -697496.999
  6   3 344421.6 122609.4   0.0086   0.0676   0.1271   0.0723   5.0096   0.1271 -673900.560
  6   4 343680.2 123350.8   0.0081   0.0643   0.1264   0.0689   5.6248   0.1264 -671241.147
  6   5 342278.0 124753.0   0.0027   0.0199   0.1331   0.0218   6.3752   0.1331 -640658.673
  7   1 352419.8 114611.2   0.0583   0.5907   0.0987   0.5668   4.1162   0.0987 -820709.593
  7   2 343773.7 123257.3   0.0148   0.1110   0.1335   0.1206   5.4445   0.1335 -698558.800
  7   3 344096.8 122934.2   0.0088   0.0693   0.1274   0.0742   5.1368   0.1274 -675037.174
  7   4 343572.5 123458.5   0.0085   0.0650   0.1310   0.0703   5.6743   0.1310 -672297.070
  7   5 344088.1 122942.9   0.0083   0.0596   0.1388   0.0653   5.4769   0.1388 -669695.167
  7   6 343325.2 123705.8   0.0085   0.0596   0.1433   0.0662   5.8069   0.1433 -670212.229
  8   1 352425.0 114606.0   0.0578   0.5911   0.0977   0.5659   4.0888   0.0977 -820222.945
  8   2 343863.3 123167.7   0.0140   0.1099   0.1270   0.1178   5.3735   0.1270 -696826.294
  8   3 344865.6 122165.4   0.0083   0.0678   0.1222   0.0715   4.8167   0.1222 -673515.078
  8   4 344039.0 122992.0   0.0078   0.0646   0.1213   0.0684   5.4303   0.1213 -670983.183
  8   5 343561.4 123469.6   0.0023   0.0190   0.1218   0.0202   5.6820   0.1218 -639465.317
  8   6 341798.7 125232.3   0.0025   0.0203   0.1253   0.0219   6.5759   0.1253 -640699.064
  8   7 343575.3 123455.7   0.0082   0.0597   0.1366   0.0653   5.6530   0.1366 -669654.151

