Supplemental results for CODEML (seqf: /home/yzliu/eDNA/faststorage/yzliu/DK_proj/data/ref_genome/ref_annotation/primary_transcripts/extracted_cds_new/new_transcript_id_8_bom_apis/bootstraps/cat.out.OG_cds_8_species_same_header_fas.shuf_211OG_789.phy  treef: xxx.trees)


pairwise comparison (Goldman & Yang 1994)
seq seq        N       S       dN       dS     dN/dS   Paras.
  2   1 171802.0  59312.0   0.0615   0.5915   0.1040   0.5925   3.9140   0.1040 -411941.677
  3   1 171741.6  59372.4   0.0626   0.6120   0.1024   0.6113   3.8849   0.1024 -413468.771
  3   2 168314.8  62799.2   0.0150   0.1107   0.1355   0.1230   4.7323   0.1355 -348304.434
  4   1 171904.8  59209.2   0.0612   0.5991   0.1022   0.5970   3.9123   0.1022 -411866.513
  4   2 167993.3  63120.7   0.0131   0.1017   0.1284   0.1119   5.1141   0.1284 -345103.637
  4   3 168512.4  62601.6   0.0090   0.0629   0.1426   0.0707   4.6564   0.1426 -334991.762
  5   1 171957.9  59156.1   0.0622   0.6046   0.1028   0.6030   3.9220   0.1028 -412465.418
  5   2 167750.5  63363.5   0.0148   0.1078   0.1371   0.1208   5.3662   0.1371 -347292.587
  5   3 168581.4  62532.6   0.0098   0.0635   0.1543   0.0730   4.6543   0.1543 -335675.082
  5   4 167470.5  63643.5   0.0087   0.0616   0.1420   0.0699   5.6928   0.1420 -334207.822
  6   1 171960.4  59153.6   0.0624   0.6057   0.1030   0.6044   3.9129   0.1030 -412651.721
  6   2 167840.1  63273.9   0.0154   0.1081   0.1421   0.1222   5.2814   0.1421 -347792.090
  6   3 168527.0  62587.0   0.0102   0.0639   0.1603   0.0743   4.6837   0.1603 -336116.590
  6   4 167446.2  63667.8   0.0094   0.0612   0.1535   0.0709   5.7037   0.1535 -334659.817
  6   5 167215.6  63898.4   0.0027   0.0192   0.1419   0.0219   5.9909   0.1419 -318599.615
  7   1 172004.6  59109.4   0.0629   0.6024   0.1044   0.6027   3.8912   0.1044 -412882.735
  7   2 167824.5  63289.5   0.0151   0.1105   0.1366   0.1237   5.2962   0.1366 -348009.511
  7   3 168320.8  62793.2   0.0098   0.0652   0.1504   0.0746   4.8310   0.1504 -336041.214
  7   4 167395.9  63718.1   0.0091   0.0633   0.1434   0.0721   5.7519   0.1434 -334858.571
  7   5 167333.2  63780.8   0.0090   0.0584   0.1534   0.0678   5.8767   0.1534 -333670.839
  7   6 167409.4  63704.6   0.0094   0.0586   0.1610   0.0690   5.7918   0.1610 -334156.874
  8   1 171887.1  59226.9   0.0622   0.6085   0.1022   0.6065   3.9398   0.1022 -412596.684
  8   2 167695.5  63418.5   0.0148   0.1081   0.1366   0.1211   5.3811   0.1366 -347362.482
  8   3 168514.2  62599.8   0.0098   0.0635   0.1546   0.0730   4.6757   0.1546 -335701.911
  8   4 167431.9  63682.1   0.0089   0.0618   0.1448   0.0705   5.6933   0.1448 -334443.517
  8   5 166840.4  64273.6   0.0023   0.0182   0.1250   0.0201   6.3544   0.1250 -317849.625
  8   6 166652.0  64462.0   0.0026   0.0192   0.1376   0.0217   6.5499   0.1376 -318522.051
  8   7 167236.1  63877.9   0.0089   0.0575   0.1553   0.0670   5.9337   0.1553 -333510.106

