

2 (And_ful) ... 1 (And_bic)
  0  0.0000 1082389.250311  x:  0.12786   1.53353   0.42120  
  1 99.0000 1080802.310743  x:  0.18020   1.54210   0.37216  
  2 50183.1962 1068036.309778  x:  0.19209   1.59602   0.04479  
  3 73317.1342 1067508.425114  x:  0.18937   2.01171   0.07640  
  4 3140.9696 1065985.331831  x:  0.17925   2.91666   0.04330  
  5  2.2019 1065633.127433  x:  0.16053   3.23668   0.05997  
  6  0.2992 1065591.523339  x:  0.15686   3.46996   0.05537  
  7  0.1530 1065579.457806  x:  0.16076   3.59658   0.05518  
  8  0.0668 1065577.370944  x:  0.16004   3.66581   0.05670  
  9  0.0465 1065577.352490  x:  0.16004   3.66988   0.05655  
 10  0.0037 1065577.352476  x:  0.16004   3.67013   0.05655  
 11  0.0002 1065577.352476  x:  0.16004   3.67013   0.05655  

3 (And_hae) ... 1 (And_bic)
  0  0.0000 1065479.533952  x:  0.13404   3.15828   0.17674  
  1 99.0000 1063177.266126  x:  0.19151   3.16009   0.07827  
  2 39965.7871 1062618.216401  x:  0.18545   3.16062   0.04747  
  3 68550.1511 1062485.507655  x:  0.18218   4.00705   0.05256  
  4 353.1141 1062015.080395  x:  0.15293   3.70756   0.05589  
  5  0.3466 1062012.583710  x:  0.15309   3.59375   0.05574  
  6  0.1115 1062012.549307  x:  0.15313   3.59157   0.05550  
  7  0.0026 1062012.549296  x:  0.15313   3.59149   0.05550  
  8  0.0001 1062012.549296  x:  0.15313   3.59147   0.05550  
  9  0.0000 1062012.549295  x:  0.15313   3.59147   0.05550  

3 (And_hae) ... 2 (And_ful)
  0  0.0000 1057925.810439  x:  0.12147   3.17962   0.07075  
  1 99.0000 1057487.133314  x:  0.14573   3.17989   0.06486  
  2 37576.1839 1057466.537841  x:  0.14527   3.18029   0.05862  
  3 6360.7005 1057325.778785  x:  0.14518   4.06633   0.06261  
  4 369.7798 1057325.251608  x:  0.14513   4.06395   0.06157  
  5  0.0026 1057325.251569  x:  0.14513   4.06417   0.06156  
  6  0.0002 1057325.251568  x:  0.14513   4.06422   0.06157  
  7  0.0000 1057325.251568  x:  0.14513   4.06424   0.06157  
  8  0.0000 1057325.251568  x:  0.14513   4.06424   0.06157  
  9  0.0000 1057325.251568  x:  0.14513   4.06424   0.06157  
check convergence!


4 (And_hat) ... 1 (And_bic)
  0  0.0000 1041202.163669  x:  0.10589   3.47361   0.11421  
  1 99.0000 1040719.967392  x:  0.12854   3.47389   0.08426  
  2 26658.2930 1040399.277730  x:  0.12402   3.47415   0.05485  
  3 36113.6226 1040392.500306  x:  0.12378   3.67985   0.05600  
  4 64.4449 1040343.896528  x:  0.11633   3.62408   0.05863  
  5  0.0631 1040343.677909  x:  0.11612   3.62499   0.05800  
  6  0.0016 1040343.676934  x:  0.11610   3.62284   0.05801  
  7  0.0022 1040343.676931  x:  0.11610   3.62277   0.05800  

4 (And_hat) ... 2 (And_ful)
  0  0.0000 1060352.111969  x:  0.14795   3.15245   0.08416  
  1 99.0000 1060047.201834  x:  0.14839   3.15315   0.05720  
  2 19529.8182 1060045.766740  x:  0.14991   3.15348   0.05709  
  3 1879.5764 1059895.553508  x:  0.14992   4.03988   0.06227  
  4 410.3611 1059893.114603  x:  0.14998   4.04861   0.06011  
  5  0.0122 1059893.109154  x:  0.15003   4.05362   0.06010  
  6  0.0037 1059893.108967  x:  0.15002   4.05428   0.06011  
  7  0.0006 1059893.108967  x:  0.15002   4.05428   0.06011  
  8  0.0000 1059893.108967  x:  0.15002   4.05428   0.06011  
  9  0.0000 1059893.108967  x:  0.15002   4.05428   0.06011  

4 (And_hat) ... 3 (And_hae)
  0  0.0000 1060746.731345  x:  0.13084   3.44889   0.17272  
  1 99.0000 1058836.103693  x:  0.17763   3.45055   0.07953  
  2 34650.1851 1058397.914886  x:  0.17035   3.45104   0.05143  
  3 60176.0621 1058253.723906  x:  0.16705   4.45576   0.05711  
  4 327.3434 1057968.781460  x:  0.14538   4.16737   0.06120  
  5  0.3742 1057966.903149  x:  0.14566   4.05186   0.06100  
  6  0.1038 1057966.883456  x:  0.14566   4.05016   0.06080  
  7  0.0019 1057966.883450  x:  0.14567   4.05017   0.06080  

5 (And_mar) ... 1 (And_bic)
  0  0.0000 1021912.758208  x:  0.08327   3.51606   0.08251  
  1 99.0000 1021816.045090  x:  0.09202   3.51603   0.07275  
  2 15254.5029 1021718.982096  x:  0.08968   3.51593   0.05513  
  3 17143.2599 1021700.090184  x:  0.08983   3.15155   0.05344  
  4 96.9526 1021695.958285  x:  0.08811   3.14152   0.05493  
  5  0.0112 1021695.900038  x:  0.08801   3.14509   0.05460  
  6  0.0048 1021695.900023  x:  0.08801   3.14489   0.05460  
  7  0.0002 1021695.900023  x:  0.08801   3.14490   0.05460  

5 (And_mar) ... 2 (And_ful)
  0  0.0000 1068192.477260  x:  0.14263   2.89463   0.15171  
  1 99.0000 1066070.387059  x:  0.18105   2.89686   0.06450  
  2 37351.0976 1065869.890211  x:  0.17206   2.89738   0.04969  
  3 31903.5080 1065626.921708  x:  0.16719   3.91287   0.05688  
  4 561.7043 1065577.003178  x:  0.15835   3.79223   0.05975  
  5  0.1989 1065576.210376  x:  0.15857   3.73037   0.05976  
  6  0.0475 1065576.201622  x:  0.15858   3.72694   0.05965  
  7  0.0031 1065576.201603  x:  0.15858   3.72718   0.05964  

5 (And_mar) ... 3 (And_hae)
  0  0.0000 1063468.388994  x:  0.12436   3.35970   0.11735  
  1 99.0000 1062513.825300  x:  0.16183   3.36000   0.09117  
  2 45718.9519 1062063.822477  x:  0.15889   3.36038   0.05787  
  3 30308.2179 1062047.429315  x:  0.15866   3.64439   0.05956  
  4 120.5036 1062013.140138  x:  0.15107   3.62072   0.06011  
  5  0.0213 1062013.137747  x:  0.15107   3.61720   0.06011  
  6  0.0033 1062013.137719  x:  0.15107   3.61714   0.06011  
  7  0.0001 1062013.137718  x:  0.15107   3.61714   0.06011  

5 (And_mar) ... 4 (And_hat)
  0  0.0000 1040074.778542  x:  0.11370   3.09966   0.13065  
  1 99.0000 1039299.897048  x:  0.09853   3.10064   0.07428  
  2 22652.8470 1039113.665727  x:  0.10645   3.10100   0.05610  
  3 45524.3581 1039060.011240  x:  0.10745   3.65455   0.06020  
  4 211.6964 1039031.828545  x:  0.11192   3.55979   0.06440  
  5  0.1406 1039031.163234  x:  0.11239   3.55722   0.06321  
  6  0.0027 1039031.161884  x:  0.11238   3.55434   0.06319  
  7  0.0024 1039031.161884  x:  0.11238   3.55435   0.06319  
  8  0.0000 1039031.161883  x:  0.11238   3.55435   0.06319  

6 (And_tri) ... 1 (And_bic)
  0  0.0000 1038997.571986  x:  0.11348   3.15410   0.05202  
  1 99.0000 1038995.986303  x:  0.11359   3.15402   0.05390  
  2 1781.1535 1038995.971216  x:  0.11346   3.15398   0.05392  
  3 218.2225 1038990.957016  x:  0.11349   3.00383   0.05336  
  4 70.0444 1038990.949762  x:  0.11348   3.00099   0.05325  
  5  0.0029 1038990.949750  x:  0.11348   3.00118   0.05324  
  6  0.0002 1038990.949750  x:  0.11348   3.00118   0.05324  
  7  0.0000 1038990.949750  x:  0.11348   3.00118   0.05324  
  8  0.0409 1038990.949750  x:  0.11348   3.00118   0.05324  
check convergence!


6 (And_tri) ... 2 (And_ful)
  0  0.0000 1062144.591185  x:  0.12699   2.69073   0.07810  
  1 99.0000 1061554.367547  x:  0.15680   2.69130   0.06269  
  2 39648.4553 1061497.399072  x:  0.15491   2.69184   0.05317  
  3 11921.5054 1061289.472092  x:  0.15430   3.57461   0.05806  
  4 554.5197 1061284.737717  x:  0.15168   3.57225   0.05725  
  5  0.0033 1061284.713988  x:  0.15161   3.57102   0.05744  
  6  0.0012 1061284.713796  x:  0.15161   3.57004   0.05743  
  7  0.0006 1061284.713796  x:  0.15161   3.57004   0.05743  

6 (And_tri) ... 3 (And_hae)
  0  0.0000 1058761.200509  x:  0.13004   3.18097   0.05142  
  1 99.0000 1058565.659320  x:  0.14584   3.18104   0.05619  
  2 24667.9115 1058565.626593  x:  0.14591   3.18122   0.05596  
  3 215.0988 1058548.791885  x:  0.14587   3.45670   0.05709  
  4 199.7687 1058548.788550  x:  0.14592   3.45604   0.05703  
  5  0.0006 1058548.788546  x:  0.14593   3.45600   0.05704  
  6  0.0000 1058548.788546  x:  0.14593   3.45600   0.05704  

6 (And_tri) ... 4 (And_hat)
  0  0.0000 1038385.272752  x:  0.09079   3.06642   0.07746  
  1 99.0000 1037907.326089  x:  0.11253   3.06653   0.07217  
  2 46316.7706 1037828.665599  x:  0.11216   3.06683   0.05794  
  3 10224.0888 1037800.385444  x:  0.11206   3.45809   0.06005  
  4 154.9280 1037799.752467  x:  0.11176   3.46073   0.05892  
  5  0.0033 1037799.736061  x:  0.11163   3.46170   0.05900  
  6  0.0008 1037799.736060  x:  0.11163   3.46162   0.05900  

6 (And_tri) ... 5 (And_mar)
  0  0.0000 1041307.177496  x:  0.08821   3.16709   0.18414  
  1 99.0000 1040585.246518  x:  0.11512   3.16723   0.17044  
  2 52771.2075 1038602.638091  x:  0.11595   3.16822   0.05953  
  3 30848.4583 1038595.060657  x:  0.11603   2.99074   0.05735  
  4 81.7758 1038578.852489  x:  0.11287   2.91733   0.06133  
  5  0.0914 1038572.207995  x:  0.11092   2.96535   0.05909  
  6  0.1008 1038572.196554  x:  0.11098   2.96349   0.05894  
  7  0.0020 1038572.196538  x:  0.11098   2.96368   0.05894  

7 (Bom_pas) ... 1 (And_bic)
  0  0.0000 1306645.783785  x:  1.11380   2.97428   0.15237  
  1 99.0000 1291359.926721  x:  1.10008   2.97632   0.05182  
  2 193783.6728 1291042.864925  x:  1.05965   3.33096   0.06104  
  3 1877.2427 1290413.150484  x:  1.19693   4.06969   0.05026  
  4 20543.7013 1290380.175065  x:  1.16874   4.20554   0.05201  
  5  0.1158 1290378.895528  x:  1.17559   4.24138   0.05212  
  6  0.0350 1290378.722299  x:  1.17678   4.25342   0.05193  
  7  0.0133 1290378.722122  x:  1.17675   4.25385   0.05194  
  8  0.0004 1290378.722122  x:  1.17675   4.25386   0.05194  
  9  0.0000 1290378.722122  x:  1.17675   4.25386   0.05194  
check convergence!


7 (Bom_pas) ... 2 (And_ful)
  0  0.0000 1296035.016295  x:  1.54113   3.56159   0.03925  
  1 99.0000 1295879.755148  x:  1.49804   3.57229   0.04563  
  2 7571.2971 1294294.789071  x:  1.16311   3.65533   0.05406  
  3 539308.3021 1293971.965576  x:  1.26072   4.44816   0.05236  
  4 916.4158 1293935.437665  x:  1.22704   4.51572   0.05212  
  5  0.0793 1293930.694844  x:  1.23777   4.51984   0.05086  
  6  0.0097 1293930.693769  x:  1.23778   4.52119   0.05086  
  7  0.0011 1293930.693731  x:  1.23781   4.52139   0.05086  
  8  0.0002 1293930.693731  x:  1.23782   4.52139   0.05086  

7 (Bom_pas) ... 3 (And_hae)
  0  0.0000 1295560.740293  x:  1.02987   3.73444   0.10869  
  1 99.0000 1290686.664534  x:  1.02686   3.73483   0.05785  
  2 147506.0744 1290508.189223  x:  1.09817   3.74031   0.05124  
  3 4977.0818 1290330.803688  x:  1.12879   4.35760   0.05156  
  4 632.7384 1290266.653063  x:  1.15801   4.35281   0.05382  
  5  0.0536 1290262.879164  x:  1.17072   4.35498   0.05278  
  6  0.0100 1290262.860992  x:  1.17128   4.36149   0.05279  
  7  0.0052 1290262.860972  x:  1.17128   4.36153   0.05279  
  8  0.0000 1290262.860972  x:  1.17128   4.36153   0.05279  

7 (Bom_pas) ... 4 (And_hat)
  0  0.0000 1292813.860246  x:  1.22001   3.88966   0.07361  
  1 99.0000 1290936.808945  x:  1.21824   3.88986   0.04966  
  2 132999.1833 1290867.717467  x:  1.15837   3.90916   0.05324  
  3 2128.1672 1290751.649057  x:  1.20066   4.42179   0.05243  
  4 509.6274 1290746.123448  x:  1.19367   4.42281   0.05165  
  5  0.0098 1290746.113613  x:  1.19303   4.42378   0.05170  
  6  0.0012 1290746.113600  x:  1.19304   4.42396   0.05170  
  7  0.0001 1290746.113600  x:  1.19304   4.42396   0.05170  

7 (Bom_pas) ... 5 (And_mar)
  0  0.0000 1305495.072182  x:  1.09523   3.77557   0.16128  
  1 99.0000 1290575.380370  x:  1.08137   3.77658   0.05541  
  2 180064.8635 1290552.085889  x:  1.10042   3.77940   0.05269  
  3 2321.2141 1290456.175748  x:  1.12419   4.22807   0.05275  
  4 473.0388 1290414.086879  x:  1.16218   4.23240   0.05321  
  5  0.0575 1290413.388235  x:  1.16596   4.23759   0.05271  
  6  0.0060 1290413.384071  x:  1.16635   4.24010   0.05271  
  7  0.0022 1290413.384062  x:  1.16634   4.24018   0.05271  

7 (Bom_pas) ... 6 (And_tri)
  0  0.0000 1291585.649364  x:  1.23438   3.75385   0.06616  
  1 99.0000 1290464.874206  x:  1.23300   3.75401   0.04871  
  2 113002.1565 1290308.649800  x:  1.13990   3.77662   0.05366  
  3 3117.1376 1290204.830015  x:  1.17926   4.24048   0.05303  
  4 486.9048 1290198.143264  x:  1.17225   4.24462   0.05214  
  5  0.0101 1290198.142163  x:  1.17235   4.24613   0.05213  
  6  0.0013 1290198.142157  x:  1.17235   4.24616   0.05213  
  7  0.0000 1290198.142157  x:  1.17235   4.24616   0.05213  