Supplemental results for CODEML (seqf: /home/yzliu/eDNA/faststorage/yzliu/DK_proj/data/ref_genome/ref_annotation/primary_transcripts/extracted_cds_new/new_transcript_id_8_bom_apis/bootstraps/cat.out.OG_cds_8_species_same_header_fas.shuf_211OG_423.phy  treef: xxx.trees)


pairwise comparison (Goldman & Yang 1994)
seq seq        N       S       dN       dS     dN/dS   Paras.
  2   1 171606.8  56171.2   0.0561   0.5912   0.0950   0.5643   4.0688   0.0950 -400145.381
  3   1 171355.7  56422.3   0.0563   0.6015   0.0936   0.5740   4.1075   0.0936 -400722.706
  3   2 167330.1  60447.9   0.0135   0.1090   0.1238   0.1165   5.1274   0.1238 -340179.545
  4   1 171789.2  55988.8   0.0555   0.5953   0.0932   0.5645   4.0413   0.0932 -399781.313
  4   2 167685.6  60092.4   0.0133   0.1041   0.1276   0.1117   5.0883   0.1276 -339063.718
  4   3 166867.5  60910.5   0.0073   0.0611   0.1190   0.0650   5.6527   0.1190 -326861.309
  5   1 171812.7  55965.3   0.0563   0.6034   0.0932   0.5721   4.0558   0.0932 -400373.112
  5   2 167603.5  60174.5   0.0138   0.1105   0.1250   0.1181   5.1954   0.1250 -340304.876
  5   3 167637.4  60140.6   0.0083   0.0632   0.1318   0.0684   5.0142   0.1318 -328105.871
  5   4 167778.9  59999.1   0.0086   0.0653   0.1322   0.0706   5.1546   0.1322 -328539.615
  6   1 171788.8  55989.2   0.0564   0.6031   0.0935   0.5723   4.0820   0.0935 -400368.322
  6   2 167561.3  60216.7   0.0141   0.1096   0.1290   0.1181   5.2463   0.1290 -340407.758
  6   3 167313.4  60464.6   0.0086   0.0625   0.1380   0.0688   5.3009   0.1380 -328203.124
  6   4 167473.3  60304.7   0.0090   0.0643   0.1400   0.0709   5.4397   0.1400 -328662.740
  6   5 166816.1  60961.9   0.0027   0.0199   0.1340   0.0219   6.1500   0.1340 -312925.239
  7   1 171803.6  55974.4   0.0570   0.6009   0.0948   0.5719   4.0675   0.0948 -400691.931
  7   2 167714.4  60063.6   0.0150   0.1124   0.1338   0.1221   5.1069   0.1338 -341592.159
  7   3 166855.3  60922.7   0.0083   0.0646   0.1282   0.0700   5.7140   0.1282 -328307.157
  7   4 167035.0  60743.0   0.0087   0.0655   0.1330   0.0716   5.8533   0.1330 -328635.385
  7   5 167822.7  59955.3   0.0089   0.0625   0.1430   0.0691   5.1612   0.1430 -328261.217
  7   6 167508.5  60269.5   0.0093   0.0616   0.1509   0.0694   5.4550   0.1509 -328370.157
  8   1 171758.2  56019.8   0.0564   0.6015   0.0938   0.5715   4.0647   0.0938 -400432.039
  8   2 167480.8  60297.2   0.0139   0.1095   0.1267   0.1176   5.2687   0.1267 -340255.195
  8   3 167367.0  60411.0   0.0085   0.0623   0.1357   0.0682   5.2074   0.1357 -328119.395
  8   4 167468.0  60310.0   0.0089   0.0648   0.1370   0.0711   5.3936   0.1370 -328745.432
  8   5 167342.2  60435.8   0.0023   0.0196   0.1191   0.0207   5.5529   0.1191 -312495.825
  8   6 166468.0  61310.0   0.0027   0.0202   0.1337   0.0223   6.5057   0.1337 -313088.452
  8   7 167546.9  60231.1   0.0090   0.0613   0.1471   0.0686   5.3690   0.1471 -328197.106

