

2 (Bom_con) ... 1 (Apis_mel)
  0  0.0000 412854.806383  x:  0.45395   1.51994   0.50408  
  1 99.0000 403888.826696  x:  0.53016   1.61176   0.10046  
  2 21548.0911 403725.780759  x:  0.58990   1.65740   0.10568  
  3 4714.6456 403232.242098  x:  0.52689   2.12825   0.14892  
  4 2998.5326 402255.956984  x:  0.59312   2.75482   0.09578  
  5  1.7483 402061.945144  x:  0.59114   3.25883   0.11998  
  6  0.3515 401988.580194  x:  0.59777   3.66979   0.10898  
  7  0.2402 401987.446394  x:  0.60002   3.71617   0.11050  
  8  0.0355 401987.416160  x:  0.60039   3.72556   0.11028  
  9  0.0084 401987.416158  x:  0.60039   3.72559   0.11028  
 10  0.0000 401987.416158  x:  0.60039   3.72559   0.11028  
 11  0.0000 401987.416158  x:  0.60039   3.72559   0.11028  

3 (Bom_hor) ... 1 (Apis_mel)
  0  0.0000 403416.948920  x:  0.52121   3.41381   0.15726  
  1 99.0000 403051.165302  x:  0.53702   3.41443   0.11203  
  2 13062.9701 402878.876748  x:  0.61020   3.41576   0.10783  
  3 5877.2532 402855.264813  x:  0.61407   3.75757   0.10982  
  4 145.7110 402854.196545  x:  0.61547   3.76386   0.10775  
  5  0.0108 402854.180377  x:  0.61625   3.76587   0.10771  
  6  0.0017 402854.180376  x:  0.61625   3.76581   0.10771  
  7  0.0001 402854.180376  x:  0.61625   3.76580   0.10771  

3 (Bom_hor) ... 2 (Bom_con)
  0  0.0000 336701.050554  x:  0.11686   3.25390   0.22630  
  1 99.0000 336538.777322  x:  0.10133   3.25715   0.16460  
  2 4634.4592 336433.839259  x:  0.10977   3.25963   0.12018  
  3 23809.0301 336309.476147  x:  0.11209   4.97795   0.14031  
  4 183.0280 336301.656409  x:  0.11739   4.93803   0.13834  
  5  0.0410 336301.554072  x:  0.11731   4.93386   0.13681  
  6  0.0051 336301.552393  x:  0.11728   4.92626   0.13679  
  7  0.0041 336301.552365  x:  0.11729   4.92590   0.13679  
  8  0.0003 336301.552365  x:  0.11729   4.92590   0.13678  
  9  0.0000 336301.552365  x:  0.11729   4.92590   0.13678  
 10  0.0000 336301.552365  x:  0.11729   4.92590   0.13679  

4 (Bom_hyp) ... 1 (Apis_mel)
  0  0.0000 402866.297288  x:  0.50961   3.98066   0.19470  
  1 99.0000 401974.502573  x:  0.52830   3.98049   0.11469  
  2 17027.8854 401762.719428  x:  0.61184   3.97835   0.10644  
  3 6117.7898 401752.714632  x:  0.60908   3.73905   0.10514  
  4 80.3563 401752.122336  x:  0.60818   3.73026   0.10665  
  5  0.0208 401752.086599  x:  0.60707   3.73016   0.10670  
  6  0.0009 401752.086593  x:  0.60706   3.73016   0.10670  
  7  0.0000 401752.086593  x:  0.60706   3.73016   0.10670  
  8  0.0000 401752.086593  x:  0.60706   3.73016   0.10670  
  9  0.0159 401752.086593  x:  0.60706   3.73016   0.10670  
 10  0.0060 401752.086593  x:  0.60706   3.73016   0.10670  
check convergence!


4 (Bom_hyp) ... 2 (Bom_con)
  0  0.0000 334860.262897  x:  0.10164   3.19596   0.11674  
  1 99.0000 334826.156615  x:  0.11210   3.19623   0.11817  
  2 6694.2384 334824.369143  x:  0.11179   3.19813   0.12418  
  3 591.9571 334701.419877  x:  0.11161   4.96699   0.13617  
  4 198.9241 334701.165572  x:  0.11181   4.96642   0.13377  
  5  0.0020 334701.164357  x:  0.11178   4.97081   0.13369  
  6  0.0030 334701.164198  x:  0.11179   4.97280   0.13373  
  7  0.0013 334701.164197  x:  0.11179   4.97284   0.13373  

4 (Bom_hyp) ... 3 (Bom_hor)
  0  0.0000 324096.375153  x:  0.06782   4.12605   0.23097  
  1 99.0000 323952.665354  x:  0.06938   4.12872   0.13635  
  2 2424.7217 323952.433032  x:  0.06870   4.12877   0.13615  
  3 697.9378 323933.143128  x:  0.06849   5.15196   0.14685  
  4 43.1186 323932.490080  x:  0.06864   5.17978   0.14178  
  5  0.0488 323932.487094  x:  0.06862   5.19433   0.14185  
  6  0.0099 323932.487077  x:  0.06863   5.19449   0.14186  
  7  0.0002 323932.487077  x:  0.06863   5.19449   0.14186  
  8  0.0000 323932.487077  x:  0.06863   5.19449   0.14186  

5 (Bom_mus) ... 1 (Apis_mel)
  0  0.0000 402364.696778  x:  0.58175   4.23566   0.12185  
  1 99.0000 402336.524314  x:  0.58632   4.23522   0.11058  
  2 4415.9222 402303.024015  x:  0.62122   4.23216   0.10796  
  3 2451.9823 402266.214426  x:  0.61429   3.75200   0.10695  
  4 144.4078 402266.187764  x:  0.61330   3.75081   0.10700  
  5  0.0015 402266.187747  x:  0.61330   3.75100   0.10700  
  6  0.0002 402266.187747  x:  0.61330   3.75100   0.10700  

5 (Bom_mus) ... 2 (Bom_con)
  0  0.0000 336639.043313  x:  0.10257   3.43702   0.21118  
  1 99.0000 336554.196500  x:  0.11951   3.43741   0.20357  
  2 9684.8292 336371.701692  x:  0.11950   3.44116   0.12836  
  3 4771.2077 336277.671064  x:  0.11918   4.97988   0.14637  
  4 151.7246 336273.873921  x:  0.11866   5.01764   0.13727  
  5  0.0554 336273.794646  x:  0.11819   5.04450   0.13752  
  6  0.0207 336273.790140  x:  0.11825   5.05639   0.13761  
  7  0.0070 336273.790128  x:  0.11825   5.05648   0.13760  

5 (Bom_mus) ... 3 (Bom_hor)
  0  0.0000 324145.500240  x:  0.06718   4.30894   0.10334  
  1 99.0000 324131.000783  x:  0.07230   4.30898   0.10943  
  2 3739.2663 324095.758121  x:  0.06817   4.30925   0.13957  
  3 4573.8625 324082.651600  x:  0.06803   5.19346   0.14340  
  4 33.1926 324081.907547  x:  0.06914   5.19712   0.14559  
  5  0.0040 324081.882997  x:  0.06903   5.19745   0.14654  
  6  0.0007 324081.882990  x:  0.06904   5.19702   0.14654  
  7  0.0004 324081.882990  x:  0.06904   5.19690   0.14654  
  8  0.0001 324081.882990  x:  0.06904   5.19696   0.14654  

5 (Bom_mus) ... 4 (Bom_hyp)
  0  0.0000 324270.389459  x:  0.05734   4.34795   0.11398  
  1 99.0000 324172.995048  x:  0.07070   4.34797   0.11545  
  2 15650.0953 324158.702082  x:  0.07029   4.34831   0.13714  
  3 1435.7145 324148.368902  x:  0.07023   5.12338   0.14079  
  4 29.4600 324148.366794  x:  0.07017   5.12178   0.14093  
  5  0.0013 324148.366791  x:  0.07017   5.12151   0.14094  
  6  0.0002 324148.366791  x:  0.07017   5.12150   0.14094  

6 (Bom_pas) ... 1 (Apis_mel)
  0  0.0000 403700.123279  x:  0.55408   4.23635   0.21435  
  1 99.0000 402449.689385  x:  0.55358   4.23612   0.11597  
  2 19179.6659 402324.505920  x:  0.61642   4.23325   0.10183  
  3 4311.9761 402295.403236  x:  0.60992   3.79981   0.10008  
  4 126.3245 402279.218676  x:  0.61533   3.76295   0.10641  
  5  0.1053 402279.186660  x:  0.61560   3.77627   0.10647  
  6  0.0164 402279.186653  x:  0.61561   3.77622   0.10647  
  7  0.0000 402279.186653  x:  0.61561   3.77622   0.10647  

6 (Bom_pas) ... 2 (Bom_con)
  0  0.0000 336841.481969  x:  0.12539   3.25040   0.20410  
  1 99.0000 336783.135256  x:  0.11176   3.25117   0.19113  
  2 5966.1018 336638.953437  x:  0.11613   3.25515   0.12751  
  3 6435.7826 336506.229237  x:  0.11685   5.01007   0.14849  
  4 192.6423 336500.846880  x:  0.11885   5.05201   0.13829  
  5  0.0528 336500.727752  x:  0.11941   5.08461   0.13882  
  6  0.0274 336500.708767  x:  0.11930   5.10920   0.13879  
  7  0.0143 336500.708591  x:  0.11929   5.10949   0.13885  
  8  0.0003 336500.708591  x:  0.11929   5.10951   0.13885  

6 (Bom_pas) ... 3 (Bom_hor)
  0  0.0000 324430.364804  x:  0.07241   4.23266   0.23184  
  1 99.0000 324418.491297  x:  0.06759   4.23277   0.22820  
  2 3834.4894 324299.069423  x:  0.06898   4.23537   0.14272  
  3 3471.4714 324275.774494  x:  0.06903   5.40422   0.15441  
  4 46.0687 324274.618643  x:  0.06967   5.43244   0.14792  
  5  0.0430 324274.572370  x:  0.06995   5.44042   0.14847  
  6  0.0087 324274.571966  x:  0.06995   5.44574   0.14844  
  7  0.0037 324274.571956  x:  0.06995   5.44605   0.14846  

6 (Bom_pas) ... 4 (Bom_hyp)
  0  0.0000 324564.302195  x:  0.06133   4.42916   0.21023  
  1 99.0000 324513.999604  x:  0.07107   4.42921   0.20832  
  2 10676.3091 324428.577242  x:  0.07134   4.43094   0.13969  
  3 2175.9083 324413.561205  x:  0.07127   5.38736   0.14772  
  4 35.1949 324413.275050  x:  0.07129   5.40191   0.14436  
  5  0.0228 324413.274148  x:  0.07128   5.41026   0.14439  
  6  0.0059 324413.274147  x:  0.07128   5.41028   0.14439  
  7  0.0000 324413.274147  x:  0.07128   5.41029   0.14439  
  8  0.0000 324413.274146  x:  0.07128   5.41029   0.14439  
  9  0.0000 324413.274146  x:  0.07128   5.41029   0.14439  
check convergence!


6 (Bom_pas) ... 5 (Bom_mus)
  0  0.0000 309189.353219  x:  0.01978   4.40007   0.24838  
  1 99.0000 309175.406961  x:  0.02262   4.40008   0.24809  
  2 10245.7619 309084.047810  x:  0.02274   4.40320   0.12015  
  3 1061.4527 309076.667009  x:  0.02269   5.85574   0.13521  
  4 14.6560 309075.799383  x:  0.02272   5.85841   0.12561  
  5  0.0197 309075.739384  x:  0.02274   5.72972   0.12498  
  6  0.0873 309075.739228  x:  0.02273   5.72568   0.12506  
  7  0.0042 309075.739226  x:  0.02273   5.72527   0.12505  
  8  0.0003 309075.739226  x:  0.02273   5.72550   0.12505  
  9  0.0001 309075.739226  x:  0.02273   5.72550   0.12505  

7 (Bom_syl) ... 1 (Apis_mel)
  0  0.0000 403697.781032  x:  0.55298   4.53329   0.19826  
  1 99.0000 402822.555104  x:  0.55697   4.53258   0.11810  
  2 17157.7238 402693.222623  x:  0.62305   4.52843   0.10550  
  3 4287.7371 402611.535742  x:  0.61289   3.77893   0.10296  
  4 198.6404 402602.274702  x:  0.61498   3.75821   0.10836  
  5  0.0538 402602.234527  x:  0.61461   3.77133   0.10842  
  6  0.0159 402602.233075  x:  0.61439   3.76991   0.10842  
  7  0.0015 402602.233073  x:  0.61439   3.76990   0.10843  

7 (Bom_syl) ... 2 (Bom_con)
  0  0.0000 337435.533707  x:  0.12414   3.35892   0.22334  
  1 99.0000 337362.592647  x:  0.10973   3.36007   0.20105  
  2 5262.7136 337180.920499  x:  0.11541   3.36394   0.12891  
  3 11359.8856 337066.239507  x:  0.11656   5.01254   0.14884  
  4 173.7267 337057.894222  x:  0.12066   5.04532   0.13876  
  5  0.0388 337057.697790  x:  0.12123   5.05488   0.14030  
  6  0.0116 337057.691707  x:  0.12129   5.06775   0.14017  
  7  0.0080 337057.691179  x:  0.12126   5.07030   0.14025  
  8  0.0021 337057.691179  x:  0.12126   5.07033   0.14025  
  9  0.0000 337057.691179  x:  0.12126   5.07031   0.14025  
 10  0.0000 337057.691179  x:  0.12126   5.07032   0.14025  
 11  0.0000 337057.691179  x:  0.12126   5.07032   0.14025  

7 (Bom_syl) ... 3 (Bom_hor)
  0  0.0000 324657.564255  x:  0.06747   4.21561   0.16131  
  1 99.0000 324649.144168  x:  0.07165   4.21567   0.16008  
  2 3986.1527 324633.698969  x:  0.07165   4.21701   0.13474  
  3 1222.8781 324604.368765  x:  0.07152   5.55440   0.14411  
  4 51.6845 324604.148525  x:  0.07149   5.56144   0.14119  
  5  0.0084 324604.147599  x:  0.07148   5.56990   0.14121  
  6  0.0054 324604.147586  x:  0.07148   5.57020   0.14122  
  7  0.0003 324604.147586  x:  0.07148   5.57022   0.14122  
  8  0.0000 324604.147586  x:  0.07148   5.57021   0.14122  
  9  0.0000 324604.147586  x:  0.07148   5.57021   0.14122  

7 (Bom_syl) ... 4 (Bom_hyp)
  0  0.0000 325118.734281  x:  0.05915   4.60067   0.25202  
  1 99.0000 325023.679767  x:  0.07242   4.60072   0.24968  
  2 15189.4336 324829.448208  x:  0.07285   4.60308   0.13833  
  3 2784.4115 324816.800970  x:  0.07280   5.49245   0.14682  
  4 31.4466 324816.217783  x:  0.07285   5.52434   0.14230  
  5  0.0643 324816.213952  x:  0.07289   5.53951   0.14221  
  6  0.0119 324816.213885  x:  0.07289   5.54037   0.14226  
  7  0.0008 324816.213885  x:  0.07289   5.54044   0.14226  
  8  0.0000 324816.213885  x:  0.07289   5.54044   0.14226  
check convergence!


7 (Bom_syl) ... 5 (Bom_mus)
  0  0.0000 323425.242048  x:  0.05177   4.63283   0.24689  
  1 99.0000 323302.085590  x:  0.06594   4.63287   0.24523  
  2 18848.0081 323157.779202  x:  0.06629   4.63489   0.14412  
  3 2296.1658 323149.400433  x:  0.06626   5.38769   0.15112  
  4 24.2629 323149.114805  x:  0.06633   5.40824   0.14768  
  5  0.0388 323149.110625  x:  0.06641   5.41661   0.14767  
  6  0.0065 323149.110614  x:  0.06641   5.41660   0.14769  

7 (Bom_syl) ... 6 (Bom_pas)
  0  0.0000 323494.909930  x:  0.06756   4.29791   0.12813  
  1 99.0000 323491.475706  x:  0.06953   4.29824   0.13520  
  2 959.7610 323487.526064  x:  0.06746   4.29873   0.14452  
  3 3824.3077 323459.837273  x:  0.06727   5.66987   0.15181  
  4 47.8651 323459.795229  x:  0.06756   5.66913   0.15178  
  5  0.0008 323459.795150  x:  0.06755   5.66889   0.15184  
  6  0.0002 323459.795150  x:  0.06755   5.66875   0.15184  
  7  0.0001 323459.795149  x:  0.06755   5.66872   0.15184  

8 (Bom_vet) ... 1 (Apis_mel)
  0  0.0000 404325.417580  x:  0.48195   4.53263   0.23287  
  1 99.0000 402704.249122  x:  0.52685   4.53151   0.11510  
  2 18979.8210 402413.622052  x:  0.61964   4.52779   0.11511  
  3 7739.6672 402320.476975  x:  0.61358   3.75029   0.11057  
  4 217.5511 402316.710855  x:  0.61591   3.77033   0.10692  
  5  0.0575 402316.653713  x:  0.61490   3.76195   0.10671  
  6  0.0081 402316.651634  x:  0.61474   3.76430   0.10675  
  7  0.0026 402316.651612  x:  0.61472   3.76411   0.10676  

8 (Bom_vet) ... 2 (Bom_con)
  0  0.0000 336589.444927  x:  0.10237   3.24520   0.21686  
  1 99.0000 336502.470096  x:  0.11955   3.24570   0.20832  
  2 9622.2873 336279.928600  x:  0.11953   3.25052   0.12510  
  3 5347.7257 336148.060268  x:  0.11903   4.99069   0.14783  
  4 192.3676 336140.921449  x:  0.11837   5.05601   0.13550  
  5  0.0948 336140.681291  x:  0.11764   5.12037   0.13593  
  6  0.0424 336140.656033  x:  0.11785   5.14459   0.13615  
  7  0.0148 336140.655913  x:  0.11784   5.14534   0.13610  
  8  0.0008 336140.655913  x:  0.11784   5.14539   0.13610  

8 (Bom_vet) ... 3 (Bom_hor)
  0  0.0000 324181.575820  x:  0.06341   4.16215   0.13499  
  1 99.0000 324163.308713  x:  0.06933   4.16219   0.13535  
  2 6350.8242 324162.433497  x:  0.06925   4.16309   0.14126  
  3 302.7368 324138.516351  x:  0.06915   5.35310   0.14818  
  4 47.8381 324138.498795  x:  0.06918   5.35262   0.14731  
  5  0.0009 324138.498773  x:  0.06918   5.35373   0.14731  
  6  0.0008 324138.498773  x:  0.06918   5.35383   0.14731  

8 (Bom_vet) ... 4 (Bom_hyp)
  0  0.0000 324365.657547  x:  0.06711   4.35636   0.16425  
  1 99.0000 324358.785557  x:  0.07087   4.35640   0.16306  
  2 3584.3906 324343.962691  x:  0.07085   4.35743   0.13767  
  3 1188.6842 324328.437716  x:  0.07077   5.32655   0.14420  
  4 36.1509 324328.354555  x:  0.07073   5.32910   0.14240  
  5  0.0036 324328.354402  x:  0.07071   5.33131   0.14241  
  6  0.0018 324328.354399  x:  0.07071   5.33171   0.14241  
  7  0.0003 324328.354399  x:  0.07071   5.33171   0.14241  
  8  0.0000 324328.354399  x:  0.07071   5.33171   0.14241  
  9  0.0000 324328.354398  x:  0.07071   5.33171   0.14241  
 10  0.0129 324328.354398  x:  0.07071   5.33171   0.14241  
check convergence!


8 (Bom_vet) ... 5 (Bom_mus)
  0  0.0000 308656.431783  x:  0.01777   4.38217   0.12393  
  1 99.0000 308629.477852  x:  0.02156   4.38217   0.12387  
  2 15204.3532 308627.447680  x:  0.02158   4.38297   0.10871  
  3 279.5104 308620.471039  x:  0.02153   5.62054   0.11523  
  4 13.1980 308620.468629  x:  0.02153   5.61506   0.11475  
  5  0.0056 308620.468604  x:  0.02153   5.61240   0.11475  
  6  0.0018 308620.468604  x:  0.02153   5.61240   0.11475  

8 (Bom_vet) ... 6 (Bom_pas)
  0  0.0000 309235.315083  x:  0.01953   4.72790   0.16754  
  1 99.0000 309214.160573  x:  0.02304   4.72790   0.16734  
  2 12781.2439 309191.973892  x:  0.02310   4.72912   0.11580  
  3 739.0217 309184.674643  x:  0.02305   6.06041   0.12418  
  4 12.7820 309184.534150  x:  0.02306   6.07490   0.12060  
  5  0.0212 309184.533748  x:  0.02306   6.08517   0.12055  
  6  0.0071 309184.533736  x:  0.02306   6.08629   0.12058  

8 (Bom_vet) ... 7 (Bom_syl)
  0  0.0000 323311.566345  x:  0.05733   4.81030   0.22435  
  1 99.0000 323266.420295  x:  0.06623   4.81034   0.22263  
  2 10490.3959 323169.306123  x:  0.06650   4.81189   0.14343  
  3 2106.4863 323160.545873  x:  0.06645   5.65627   0.15017  
  4 23.5345 323160.362177  x:  0.06647   5.65737   0.14730  
  5  0.0051 323160.361262  x:  0.06646   5.64857   0.14720  
  6  0.0069 323160.361256  x:  0.06646   5.64836   0.14722  
  7  0.0002 323160.361256  x:  0.06646   5.64833   0.14722  
  8  0.0001 323160.361256  x:  0.06646   5.64835   0.14722  
  9  0.0000 323160.361256  x:  0.06646   5.64835   0.14722  
check convergence!
