

2 (And_ful) ... 1 (And_bic)
  0  0.0000 1058393.143296  x:  0.18476   1.53294   0.42103  
  1 99.0000 1056201.768937  x:  0.13056   1.54367   0.35820  
  2 46698.1059 1044878.913328  x:  0.12333   1.59412   0.05153  
  3 91427.5263 1043964.870256  x:  0.12672   2.25006   0.09477  
  4 3547.9292 1041997.524717  x:  0.14643   2.88726   0.04659  
  5  1.8956 1041594.959939  x:  0.16475   3.06340   0.06347  
  6  0.2012 1041503.373365  x:  0.17190   3.34833   0.05567  
  7  0.2090 1041478.050994  x:  0.16823   3.61418   0.05890  
  8  0.0926 1041477.445336  x:  0.16890   3.64238   0.05834  
  9  0.0242 1041477.440692  x:  0.16890   3.64591   0.05841  
 10  0.0030 1041477.440686  x:  0.16890   3.64589   0.05841  
 11  0.0000 1041477.440686  x:  0.16890   3.64588   0.05841  
 12  0.0000 1041477.440686  x:  0.16890   3.64588   0.05841  
 13  0.0000 1041477.440686  x:  0.16890   3.64588   0.05841  
 14  0.0000 1041477.440686  x:  0.16890   3.64588   0.05841  
check convergence!


3 (And_hae) ... 1 (And_bic)
  0  0.0000 1037647.554424  x:  0.17029   3.12847   0.05343  
  1 99.0000 1037566.158330  x:  0.15958   3.12869   0.05988  
  2 12913.1192 1037565.966440  x:  0.15927   3.12894   0.05941  
  3 622.5468 1037507.806288  x:  0.15958   3.64037   0.06151  
  4 298.2914 1037507.785066  x:  0.15947   3.63680   0.06136  
  5  0.0034 1037507.784963  x:  0.15948   3.63616   0.06136  
  6  0.0005 1037507.784962  x:  0.15948   3.63614   0.06136  
  7  0.0000 1037507.784962  x:  0.15948   3.63614   0.06136  

3 (And_hae) ... 2 (And_ful)
  0  0.0000 1037094.412255  x:  0.13580   3.29349   0.18437  
  1 99.0000 1035202.466659  x:  0.19043   3.29536   0.09356  
  2 36543.4507 1034559.942457  x:  0.18437   3.29612   0.05577  
  3 67231.7066 1034389.036401  x:  0.18118   4.31619   0.06244  
  4 385.5911 1033996.960041  x:  0.15405   4.07319   0.06471  
  5  0.2694 1033994.539914  x:  0.15410   3.94938   0.06482  
  6  0.1095 1033994.483689  x:  0.15416   3.94460   0.06447  
  7  0.0059 1033994.483673  x:  0.15416   3.94463   0.06447  
  8  0.0000 1033994.483673  x:  0.15416   3.94463   0.06447  

4 (And_hat) ... 1 (And_bic)
  0  0.0000 1014252.498937  x:  0.10331   3.44434   0.04876  
  1 99.0000 1013966.890169  x:  0.11972   3.44434   0.05765  
  2 32300.8867 1013954.630764  x:  0.11789   3.44438   0.06268  
  3 4854.7163 1013951.771727  x:  0.11786   3.57871   0.06314  
  4 43.6551 1013951.732706  x:  0.11807   3.57859   0.06322  
  5  0.0002 1013951.732574  x:  0.11806   3.57865   0.06323  
  6  0.0001 1013951.732574  x:  0.11806   3.57865   0.06323  
  7  0.0000 1013951.732574  x:  0.11806   3.57865   0.06323  

4 (And_hat) ... 2 (And_ful)
  0  0.0000 1036277.743568  x:  0.17146   3.20850   0.07808  
  1 99.0000 1036012.148737  x:  0.15625   3.20897   0.06154  
  2 22326.0603 1036005.982020  x:  0.15832   3.20933   0.05893  
  3 3633.9626 1035866.361293  x:  0.15903   4.06271   0.06288  
  4 378.7980 1035865.916051  x:  0.15884   4.06521   0.06200  
  5  0.0028 1035865.911066  x:  0.15893   4.06677   0.06197  
  6  0.0016 1035865.910963  x:  0.15893   4.06758   0.06198  
  7  0.0006 1035865.910963  x:  0.15893   4.06758   0.06198  

4 (And_hat) ... 3 (And_hae)
  0  0.0000 1032918.303203  x:  0.16106   3.47173   0.11281  
  1 99.0000 1032230.707829  x:  0.13778   3.47232   0.07707  
  2 29398.0422 1032076.879270  x:  0.14542   3.47268   0.06046  
  3 21917.5375 1032001.694816  x:  0.14644   4.15365   0.06417  
  4 245.0872 1031992.303972  x:  0.15006   4.12315   0.06546  
  5  0.0371 1031992.145552  x:  0.15021   4.11979   0.06488  
  6  0.0037 1031992.145030  x:  0.15021   4.11784   0.06487  
  7  0.0015 1031992.145029  x:  0.15021   4.11783   0.06487  

5 (And_mar) ... 1 (And_bic)
  0  0.0000 995314.964107  x:  0.07592   3.70441   0.14792  
  1 99.0000 995037.065612  x:  0.09120   3.70443   0.13892  
  2 33523.9788 994155.926565  x:  0.09101   3.70461   0.06246  
  3 22770.3378 994134.451164  x:  0.09113   3.29780   0.05914  
  4 98.5538 994125.154796  x:  0.08869   3.25834   0.06210  
  5  0.0431 994123.555131  x:  0.08802   3.28412   0.06044  
  6  0.0554 994123.553911  x:  0.08804   3.28287   0.06039  
  7  0.0014 994123.553904  x:  0.08804   3.28306   0.06039  
  8  0.0002 994123.553904  x:  0.08804   3.28306   0.06039  

5 (And_mar) ... 2 (And_ful)
  0  0.0000 1040849.004743  x:  0.13304   2.90587   0.07026  
  1 99.0000 1040143.263346  x:  0.16618   2.90627   0.06225  
  2 44964.0132 1040125.968191  x:  0.16566   2.90670   0.05699  
  3 6292.8988 1039955.211368  x:  0.16555   3.74137   0.06101  
  4 475.2758 1039954.671179  x:  0.16549   3.74263   0.06004  
  5  0.0016 1039954.670244  x:  0.16551   3.74472   0.06004  
  6  0.0014 1039954.670240  x:  0.16551   3.74477   0.06004  
  7  0.0000 1039954.670240  x:  0.16550   3.74477   0.06004  

5 (And_mar) ... 3 (And_hae)
  0  0.0000 1035843.000006  x:  0.15035   3.16355   0.10939  
  1 99.0000 1035143.861848  x:  0.15168   3.16432   0.06352  
  2 24067.0901 1035141.764739  x:  0.15355   3.16451   0.06341  
  3 2257.8786 1035095.962029  x:  0.15358   3.61354   0.06685  
  4 221.7212 1035092.211809  x:  0.15364   3.63226   0.06411  
  5  0.0334 1035092.202142  x:  0.15366   3.63939   0.06414  
  6  0.0056 1035092.202131  x:  0.15366   3.63940   0.06414  

5 (And_mar) ... 4 (And_hat)
  0  0.0000 1010634.791246  x:  0.11672   3.27706   0.07163  
  1 99.0000 1010605.071012  x:  0.11088   3.27716   0.06864  
  2 9343.8329 1010600.649683  x:  0.11161   3.27735   0.06526  
  3 2617.0724 1010579.556173  x:  0.11161   3.64456   0.06696  
  4 122.9423 1010579.474313  x:  0.11190   3.64323   0.06680  
  5  0.0014 1010579.474284  x:  0.11190   3.64309   0.06679  
  6  0.0001 1010579.474284  x:  0.11190   3.64307   0.06679  
  7  0.0000 1010579.474284  x:  0.11190   3.64308   0.06679  
  8  0.0000 1010579.474284  x:  0.11190   3.64308   0.06679  
check convergence!


6 (And_tri) ... 1 (And_bic)
  0  0.0000 1013781.609216  x:  0.09574   3.26155   0.08127  
  1 99.0000 1013329.491578  x:  0.11776   3.26154   0.07486  
  2 42530.5996 1013235.508974  x:  0.11718   3.26148   0.05860  
  3 11113.8938 1013224.764023  x:  0.11723   3.03357   0.05745  
  4 90.3543 1013224.380767  x:  0.11657   3.03209   0.05771  
  5  0.0014 1013224.377310  x:  0.11655   3.03260   0.05763  
  6  0.0007 1013224.377309  x:  0.11655   3.03262   0.05763  

6 (And_tri) ... 2 (And_ful)
  0  0.0000 1041102.776723  x:  0.17262   2.85569   0.18453  
  1 99.0000 1038795.025654  x:  0.12622   2.85785   0.10206  
  2 42281.2965 1037738.968071  x:  0.13355   2.85912   0.05242  
  3 89178.3364 1037488.000872  x:  0.13720   3.88244   0.06115  
  4 580.7381 1037121.436478  x:  0.16097   3.62149   0.05819  
  5  0.2725 1037121.070545  x:  0.16090   3.60454   0.05741  
  6  0.0208 1037121.011939  x:  0.16083   3.58910   0.05749  
  7  0.0159 1037121.011713  x:  0.16081   3.58920   0.05749  
  8  0.0001 1037121.011713  x:  0.16081   3.58920   0.05749  
  9  0.0000 1037121.011713  x:  0.16081   3.58920   0.05749  
 10  0.0000 1037121.011713  x:  0.16081   3.58920   0.05749  
 11  0.1885 1037121.011713  x:  0.16081   3.58920   0.05749  
 12  0.0154 1037121.011713  x:  0.16081   3.58920   0.05749  
check convergence!


6 (And_tri) ... 3 (And_hae)
  0  0.0000 1033382.782520  x:  0.14601   3.36470   0.07265  
  1 99.0000 1033290.975849  x:  0.15330   3.36485   0.06043  
  2 12353.7014 1033289.126049  x:  0.15198   3.36493   0.05929  
  3 2172.8102 1033280.314500  x:  0.15194   3.57733   0.06020  
  4 88.0596 1033280.308316  x:  0.15188   3.57259   0.06021  
  5  0.0046 1033280.308260  x:  0.15189   3.57230   0.06020  
  6  0.0003 1033280.308260  x:  0.15189   3.57229   0.06020  

6 (And_tri) ... 4 (And_hat)
  0  0.0000 1010985.259500  x:  0.09264   3.10818   0.07826  
  1 99.0000 1010572.659385  x:  0.11323   3.10828   0.07368  
  2 42147.2627 1010515.386717  x:  0.11292   3.10858   0.06066  
  3 8487.8539 1010489.019961  x:  0.11284   3.49489   0.06271  
  4 146.2667 1010488.882501  x:  0.11263   3.49526   0.06221  
  5  0.0007 1010488.878285  x:  0.11257   3.49533   0.06227  
  6  0.0001 1010488.878285  x:  0.11257   3.49529   0.06227  
  7  0.0000 1010488.878285  x:  0.11257   3.49530   0.06227  
  8  0.0000 1010488.878285  x:  0.11257   3.49530   0.06227  
check convergence!


6 (And_tri) ... 5 (And_mar)
  0  0.0000 1011255.132373  x:  0.11142   3.24640   0.15202  
  1 99.0000 1010379.117829  x:  0.09205   3.24685   0.08786  
  2 22711.8382 1010035.093482  x:  0.09943   3.24702   0.05763  
  3 75934.9509 1010033.126473  x:  0.09932   3.14803   0.05699  
  4 18.3059 1009912.068680  x:  0.10857   3.00801   0.06537  
  5  0.4286 1009906.405988  x:  0.10997   3.06147   0.06249  
  6  0.0627 1009906.365083  x:  0.11002   3.04877   0.06232  
  7  0.0143 1009906.365041  x:  0.11003   3.04859   0.06232  
  8  0.0002 1009906.365041  x:  0.11003   3.04860   0.06232  

7 (Bom_pas) ... 1 (And_bic)
  0  0.0000 1256887.758179  x:  1.11719   3.02281   0.05922  
  1 99.0000 1256721.666278  x:  1.11657   3.02312   0.05245  
  2 46362.1554 1256576.887952  x:  1.04323   3.09379   0.05630  
  3 2739.2435 1255739.195706  x:  1.16124   4.27737   0.05506  
  4 2734.6532 1255729.259408  x:  1.15042   4.29236   0.05414  
  5  0.0176 1255728.983855  x:  1.14781   4.30110   0.05441  
  6  0.0079 1255728.981428  x:  1.14809   4.30338   0.05440  
  7  0.0014 1255728.981428  x:  1.14809   4.30339   0.05440  

7 (Bom_pas) ... 2 (And_ful)
  0  0.0000 1261677.037256  x:  1.44281   3.61696   0.04401  
  1 99.0000 1261666.424066  x:  1.44212   3.61713   0.04272  
  2 14153.5039 1260577.760429  x:  1.16488   3.68910   0.05158  
  3 8206.3682 1260203.148068  x:  1.26503   4.59650   0.05057  
  4 949.7625 1260187.253231  x:  1.23496   4.63124   0.05189  
  5  0.0533 1260187.007113  x:  1.23452   4.63063   0.05215  
  6  0.0005 1260187.005594  x:  1.23451   4.62871   0.05214  
  7  0.0014 1260187.005561  x:  1.23446   4.62858   0.05215  
  8  0.0001 1260187.005561  x:  1.23446   4.62858   0.05215  

7 (Bom_pas) ... 3 (And_hae)
  0  0.0000 1264341.993138  x:  1.35237   3.99264   0.09923  
  1 99.0000 1257035.351447  x:  1.34671   3.99311   0.04650  
  2 202342.8196 1256524.832918  x:  1.16939   4.02186   0.06064  
  3 5768.9041 1256443.189192  x:  1.21041   4.46773   0.05933  
  4 395.2193 1256245.033652  x:  1.13963   4.46843   0.05676  
  5  0.1089 1256234.061206  x:  1.15850   4.47339   0.05477  
  6  0.0250 1256233.982091  x:  1.15764   4.45899   0.05476  
  7  0.0120 1256233.982009  x:  1.15764   4.45887   0.05477  
  8  0.0001 1256233.982009  x:  1.15764   4.45886   0.05477  
  9  0.0000 1256233.982009  x:  1.15764   4.45886   0.05477  

7 (Bom_pas) ... 4 (And_hat)
  0  0.0000 1269834.260010  x:  1.05933   3.77037   0.16508  
  1 99.0000 1256012.809572  x:  1.04551   3.77156   0.05800  
  2 166434.3995 1255969.437860  x:  1.07182   3.77598   0.05414  
  3 3147.5359 1255758.004528  x:  1.10671   4.46787   0.05448  
  4 700.8614 1255696.106877  x:  1.15054   4.46182   0.05526  
  5  0.0692 1255694.066646  x:  1.15721   4.46773   0.05438  
  6  0.0080 1255694.047466  x:  1.15811   4.47332   0.05438  
  7  0.0045 1255694.047344  x:  1.15807   4.47367   0.05438  
  8  0.0003 1255694.047344  x:  1.15807   4.47367   0.05438  
  9  0.0000 1255694.047344  x:  1.15807   4.47367   0.05438  

7 (Bom_pas) ... 5 (And_mar)
  0  0.0000 1274952.552723  x:  1.16034   3.73418   0.18297  
  1 99.0000 1255287.398273  x:  1.13780   3.73584   0.05364  
  2 180908.7887 1255277.549818  x:  1.12625   3.74142   0.05561  
  3 1554.0597 1255122.035068  x:  1.16194   4.31914   0.05493  
  4 674.6486 1255108.255235  x:  1.13781   4.30791   0.05492  
  5  0.0348 1255108.254374  x:  1.13761   4.30816   0.05493  
  6  0.0003 1255108.254369  x:  1.13762   4.30827   0.05493  
  7  0.0001 1255108.254369  x:  1.13762   4.30827   0.05493  

7 (Bom_pas) ... 6 (And_tri)
  0  0.0000 1261271.207250  x:  1.30569   3.55003   0.08728  
  1 99.0000 1256388.151808  x:  1.30155   3.55051   0.04658  
  2 184839.9798 1255808.276332  x:  1.11933   3.59205   0.05956  
  3 5963.7311 1255567.204743  x:  1.18438   4.28043   0.05811  
  4 781.8036 1255436.885248  x:  1.14010   4.31342   0.05506  
  5  0.0781 1255434.826195  x:  1.14904   4.31948   0.05423  
  6  0.0132 1255434.824098  x:  1.14929   4.32134   0.05423  
  7  0.0015 1255434.824044  x:  1.14927   4.32156   0.05423  
  8  0.0002 1255434.824044  x:  1.14927   4.32155   0.05423  