Supplemental results for CODEML (seqf: /home/yzliu/eDNA/faststorage/yzliu/DK_proj/data/ref_genome/ref_annotation/primary_transcripts/extracted_cds_new/new_transcript_id_7_and_pas/bootstraps/cat.out.OG_cds_7_species_same_header_fas.shuf_537OG_875.phy  treef: xxx.trees)


pairwise comparison (Goldman & Yang 1994)
seq seq        N       S       dN       dS     dN/dS   Paras.
  2   1 481416.2 187859.8   0.0104   0.1712   0.0605   0.1665   3.6410   0.0605 -1035681.234
  3   1 480269.5 189006.5   0.0102   0.1625   0.0628   0.1596   3.6260   0.0628 -1032994.365
  3   2 479870.3 189405.7   0.0100   0.1565   0.0636   0.1543   3.9471   0.0636 -1028797.857
  4   1 480353.9 188922.1   0.0079   0.1203   0.0653   0.1188   3.6113   0.0653 -1009773.597
  4   2 479566.0 189710.0   0.0099   0.1610   0.0616   0.1582   3.9921   0.0616 -1030554.984
  4   3 477758.6 191517.4   0.0100   0.1529   0.0652   0.1526   4.0601   0.0652 -1028595.483
  5   1 483164.8 186111.2   0.0055   0.0904   0.0614   0.0874   3.1905   0.0614 -989109.207
  5   2 481089.0 188187.0   0.0101   0.1680   0.0599   0.1634   3.6578   0.0599 -1033958.973
  5   3 479812.8 189463.2   0.0101   0.1581   0.0636   0.1559   3.6648   0.0636 -1031063.256
  5   4 480384.7 188891.3   0.0075   0.1144   0.0651   0.1129   3.5833   0.0651 -1006179.316
  6   1 484635.7 184640.3   0.0073   0.1204   0.0605   0.1154   3.0378   0.0605 -1008063.294
  6   2 482334.6 186941.4   0.0095   0.1646   0.0579   0.1585   3.5100   0.0579 -1031164.723
  6   3 480965.3 188310.7   0.0096   0.1573   0.0613   0.1535   3.5263   0.0613 -1029550.379
  6   4 481042.1 188233.9   0.0074   0.1168   0.0635   0.1145   3.5132   0.0635 -1006981.444
  6   5 484865.4 184410.6   0.0070   0.1141   0.0614   0.1095   2.9953   0.0614 -1004574.996
  7   1 478207.4 191068.6   0.0650   1.1661   0.0557   1.1380   4.1050   0.0557 -1252360.643
  7   2 474561.9 194714.1   0.0662   1.2476   0.0530   1.2296   4.4338   0.0530 -1256757.882
  7   3 476683.5 192592.5   0.0655   1.1727   0.0559   1.1523   4.2703   0.0559 -1253023.832
  7   4 476597.6 192678.4   0.0651   1.1823   0.0551   1.1603   4.2778   0.0551 -1252868.229
  7   5 478329.1 190946.9   0.0648   1.1593   0.0559   1.1312   4.1092   0.0559 -1251668.255
  7   6 478014.1 191261.9   0.0647   1.1713   0.0553   1.1429   4.1349   0.0553 -1251951.567

