Supplemental results for CODEML (seqf: /home/yzliu/eDNA/faststorage/yzliu/DK_proj/data/ref_genome/ref_annotation/primary_transcripts/extracted_cds_new/new_transcript_id_7_and_pas/bootstraps/cat.out.OG_cds_7_species_same_header_fas.shuf_537OG_450.phy  treef: xxx.trees)


pairwise comparison (Goldman & Yang 1994)
seq seq        N       S       dN       dS     dN/dS   Paras.
  2   1 456229.5 177928.5   0.0108   0.1668   0.0648   0.1638   3.6031   0.0648 -980659.397
  3   1 455653.8 178504.2   0.0104   0.1591   0.0654   0.1567   3.5752   0.0654 -977478.931
  3   2 454911.6 179246.4   0.0104   0.1518   0.0687   0.1511   3.8810   0.0687 -973913.011
  4   1 455988.0 178170.0   0.0080   0.1174   0.0684   0.1163   3.5096   0.0684 -955575.313
  4   2 454428.9 179729.1   0.0105   0.1534   0.0682   0.1530   3.9339   0.0682 -974792.143
  4   3 453523.5 180634.5   0.0101   0.1478   0.0681   0.1479   3.9406   0.0681 -972413.777
  5   1 458856.7 175301.3   0.0058   0.0917   0.0631   0.0886   3.0985   0.0631 -937940.722
  5   2 456410.1 177747.9   0.0108   0.1643   0.0657   0.1615   3.5572   0.0657 -979818.273
  5   3 455594.6 178563.4   0.0105   0.1559   0.0672   0.1543   3.5654   0.0672 -976644.037
  5   4 456565.1 177592.9   0.0079   0.1129   0.0704   0.1120   3.4147   0.0704 -953384.142
  6   1 460493.2 173664.8   0.0074   0.1170   0.0633   0.1123   2.9186   0.0633 -953574.870
  6   2 457408.5 176749.5   0.0100   0.1562   0.0638   0.1522   3.4283   0.0638 -974743.537
  6   3 456713.3 177444.7   0.0098   0.1508   0.0647   0.1477   3.4195   0.0647 -972897.682
  6   4 457336.3 176821.7   0.0074   0.1112   0.0668   0.1091   3.3206   0.0668 -951225.059
  6   5 460752.2 173405.8   0.0075   0.1130   0.0661   0.1090   2.8779   0.0661 -952064.535
  7   1 454793.2 179364.8   0.0664   1.1715   0.0567   1.1369   4.0013   0.0567 -1187867.206
  7   2 451758.1 182399.9   0.0676   1.2308   0.0549   1.2064   4.2519   0.0549 -1191540.462
  7   3 453397.2 180760.8   0.0668   1.1830   0.0565   1.1549   4.1364   0.0565 -1188577.788
  7   4 453361.4 180796.6   0.0663   1.1770   0.0564   1.1490   4.1498   0.0564 -1187696.002
  7   5 454956.3 179201.7   0.0665   1.1671   0.0570   1.1326   3.9843   0.0570 -1187746.072
  7   6 454721.4 179436.6   0.0660   1.1722   0.0563   1.1371   4.0108   0.0563 -1187140.503

