

2 (And_ful) ... 1 (And_bic)
  0  0.0000 1068144.145987  x:  0.16826   1.66244   0.42116  
  1 99.0000 1065619.590453  x:  0.11538   1.67798   0.32065  
  2 38745.1233 1056758.328140  x:  0.10665   1.71774   0.05549  
  3 187056.4450 1055431.643317  x:  0.11320   2.75289   0.10911  
  4 3408.2547 1053101.053661  x:  0.13452   3.28201   0.04877  
  5  1.4918 1052513.389871  x:  0.15605   3.40766   0.07032  
  6  0.1420 1052384.990921  x:  0.16563   3.60505   0.05874  
  7  0.1779 1052374.994328  x:  0.16473   3.82533   0.06055  
  8  0.0564 1052374.848269  x:  0.16480   3.83074   0.06007  
  9  0.0057 1052374.847725  x:  0.16477   3.83092   0.06006  
 10  0.0001 1052374.847724  x:  0.16477   3.83085   0.06007  
 11  0.0001 1052374.847724  x:  0.16477   3.83084   0.06007  

3 (And_hae) ... 1 (And_bic)
  0  0.0000 1051428.302027  x:  0.13976   3.29285   0.16656  
  1 99.0000 1049599.895538  x:  0.18317   3.29429   0.07886  
  2 34128.9895 1049275.372711  x:  0.17466   3.29468   0.05569  
  3 44637.4905 1049200.496576  x:  0.17243   3.92607   0.05967  
  4 258.6414 1049024.278396  x:  0.15534   3.71511   0.06503  
  5  0.3006 1049023.897479  x:  0.15544   3.67083   0.06481  
  6  0.0422 1049023.894876  x:  0.15545   3.67019   0.06473  
  7  0.0007 1049023.894873  x:  0.15545   3.67018   0.06473  
  8  0.0000 1049023.894873  x:  0.15545   3.67018   0.06473  
  9  0.0000 1049023.894873  x:  0.15545   3.67017   0.06473  
 10  0.0000 1049023.894873  x:  0.15545   3.67017   0.06473  
 11  0.0000 1049023.894873  x:  0.15545   3.67017   0.06473  
 12  0.0012 1049023.894873  x:  0.15545   3.67017   0.06473  
 13  0.0035 1049023.894873  x:  0.15545   3.67017   0.06473  
check convergence!


3 (And_hae) ... 2 (And_ful)
  0  0.0000 1048726.140407  x:  0.15567   3.28288   0.17635  
  1 99.0000 1046820.750791  x:  0.12442   3.28498   0.08659  
  2 33149.3141 1046361.806325  x:  0.13424   3.28572   0.05721  
  3 70212.9839 1046116.955423  x:  0.13822   4.50682   0.06596  
  4 474.6110 1045978.611106  x:  0.15189   4.24240   0.06974  
  5  0.3264 1045974.767738  x:  0.15227   4.22503   0.06675  
  6  0.0177 1045974.719367  x:  0.15224   4.20593   0.06668  
  7  0.0149 1045974.719066  x:  0.15222   4.20587   0.06669  
  8  0.0001 1045974.719065  x:  0.15222   4.20589   0.06669  

4 (And_hat) ... 1 (And_bic)
  0  0.0000 1029503.657620  x:  0.11777   3.51280   0.19256  
  1 99.0000 1027498.693318  x:  0.09803   3.51428   0.07608  
  2 25295.1868 1027220.526821  x:  0.10677   3.51455   0.05399  
  3 80592.4089 1027196.347955  x:  0.10828   4.00017   0.05763  
  4 122.0722 1027060.363061  x:  0.11723   3.55625   0.06526  
  5  0.8690 1027056.429066  x:  0.11866   3.59862   0.06301  
  6  0.0397 1027056.369421  x:  0.11870   3.57989   0.06283  
  7  0.0206 1027056.369213  x:  0.11869   3.57976   0.06282  
  8  0.0001 1027056.369213  x:  0.11869   3.57978   0.06282  
  9  0.0000 1027056.369213  x:  0.11869   3.57978   0.06282  
 10  0.0000 1027056.369213  x:  0.11869   3.57978   0.06282  
check convergence!


4 (And_hat) ... 2 (And_ful)
  0  0.0000 1048429.162901  x:  0.12637   3.37141   0.10117  
  1 99.0000 1047531.737711  x:  0.16290   3.37184   0.08119  
  2 47250.5588 1047299.510118  x:  0.16047   3.37238   0.05860  
  3 21226.1021 1047166.579349  x:  0.16002   4.26378   0.06322  
  4 342.7653 1047157.716121  x:  0.15653   4.26064   0.06160  
  5  0.0045 1047157.485219  x:  0.15622   4.25729   0.06221  
  6  0.0040 1047157.484570  x:  0.15623   4.25516   0.06219  
  7  0.0015 1047157.484566  x:  0.15623   4.25511   0.06220  
  8  0.0000 1047157.484566  x:  0.15623   4.25511   0.06220  
  9  0.0000 1047157.484566  x:  0.15623   4.25511   0.06220  
 10  0.0000 1047157.484566  x:  0.15623   4.25511   0.06220  

4 (And_hat) ... 3 (And_hae)
  0  0.0000 1044393.686986  x:  0.15606   3.53003   0.04762  
  1 99.0000 1044206.653362  x:  0.14956   3.53016   0.06499  
  2 22685.2711 1044205.060130  x:  0.14805   3.53034   0.06457  
  3 2006.5287 1044141.095635  x:  0.14835   4.17172   0.06640  
  4 223.4367 1044141.091581  x:  0.14828   4.16975   0.06638  
  5  0.0019 1044141.091538  x:  0.14828   4.16921   0.06638  

5 (And_mar) ... 1 (And_bic)
  0  0.0000 1008603.582107  x:  0.07251   3.50358   0.10176  
  1 99.0000 1008217.953093  x:  0.08987   3.50358   0.09720  
  2 46511.1729 1007994.581178  x:  0.08971   3.50351   0.06423  
  3 12347.7145 1007977.535003  x:  0.08977   3.16543   0.06218  
  4 93.3238 1007977.130795  x:  0.08940   3.15484   0.06305  
  5  0.0128 1007977.070209  x:  0.08922   3.15602   0.06279  
  6  0.0014 1007977.070139  x:  0.08922   3.15668   0.06279  
  7  0.0008 1007977.070139  x:  0.08922   3.15668   0.06279  
  8  0.0000 1007977.070139  x:  0.08922   3.15668   0.06279  
  9  0.0000 1007977.070139  x:  0.08922   3.15668   0.06279  
 10  0.2533 1007977.070139  x:  0.08922   3.15668   0.06279  
 11  0.2004 1007977.070139  x:  0.08922   3.15668   0.06279  
 12  0.0017 1007977.070139  x:  0.08922   3.15668   0.06279  
check convergence!


5 (And_mar) ... 2 (And_ful)
  0  0.0000 1054280.366284  x:  0.12951   3.07913   0.15612  
  1 99.0000 1052714.192183  x:  0.18193   3.08011   0.11478  
  2 53239.2597 1051515.610365  x:  0.18006   3.08142   0.05648  
  3 48822.9225 1051342.924446  x:  0.17874   3.96609   0.06391  
  4 447.3535 1051206.423300  x:  0.16435   3.99034   0.05775  
  5  0.0262 1051196.598086  x:  0.16225   3.95151   0.06139  
  6  0.0684 1051196.499086  x:  0.16242   3.92935   0.06133  
  7  0.0164 1051196.496553  x:  0.16237   3.92757   0.06130  
  8  0.0018 1051196.496550  x:  0.16237   3.92761   0.06130  

5 (And_mar) ... 3 (And_hae)
  0  0.0000 1047169.275432  x:  0.16276   3.38498   0.08016  
  1 99.0000 1046998.974181  x:  0.14899   3.38517   0.06911  
  2 18555.4830 1046991.365838  x:  0.15079   3.38532   0.06563  
  3 3815.0487 1046971.026508  x:  0.15097   3.70906   0.06711  
  4 133.0650 1046970.978958  x:  0.15111   3.70819   0.06682  
  5  0.0009 1046970.978941  x:  0.15112   3.70817   0.06682  
  6  0.0000 1046970.978941  x:  0.15112   3.70817   0.06682  
  7  0.0000 1046970.978941  x:  0.15112   3.70817   0.06682  

5 (And_mar) ... 4 (And_hat)
  0  0.0000 1024898.737158  x:  0.12063   3.33039   0.12607  
  1 99.0000 1024476.584990  x:  0.10199   3.33073   0.10093  
  2 25195.3282 1024069.237263  x:  0.10761   3.33125   0.06263  
  3 35815.8597 1024049.466435  x:  0.10793   3.68630   0.06511  
  4 117.6576 1024022.971818  x:  0.11333   3.64182   0.06622  
  5  0.0481 1024022.746850  x:  0.11339   3.64517   0.06544  
  6  0.0052 1024022.746322  x:  0.11337   3.64414   0.06543  
  7  0.0009 1024022.746321  x:  0.11337   3.64407   0.06543  
  8  0.0001 1024022.746321  x:  0.11337   3.64407   0.06543  

6 (And_tri) ... 1 (And_bic)
  0  0.0000 1025321.120964  x:  0.10805   3.21903   0.06512  
  1 99.0000 1025278.119960  x:  0.11514   3.21899   0.06331  
  2 12232.2013 1025274.792699  x:  0.11497   3.21891   0.06057  
  3 2330.2202 1025266.757058  x:  0.11499   3.02600   0.05974  
  4 79.1729 1025266.722787  x:  0.11483   3.02228   0.05959  
  5  0.0037 1025266.722630  x:  0.11482   3.02267   0.05960  
  6  0.0004 1025266.722630  x:  0.11482   3.02267   0.05960  

6 (And_tri) ... 2 (And_ful)
  0  0.0000 1048330.401288  x:  0.14922   2.79368   0.09620  
  1 99.0000 1047692.905924  x:  0.15653   2.79488   0.05614  
  2 25781.4358 1047691.783125  x:  0.15522   2.79540   0.05583  
  3 1550.1616 1047468.739576  x:  0.15456   3.73090   0.06308  
  4 642.5068 1047461.759438  x:  0.15569   3.75599   0.05967  
  5  0.0380 1047461.675861  x:  0.15547   3.77326   0.05964  
  6  0.0123 1047461.671615  x:  0.15553   3.77616   0.05969  
  7  0.0025 1047461.671607  x:  0.15553   3.77622   0.05969  
  8  0.0001 1047461.671607  x:  0.15553   3.77622   0.05969  

6 (And_tri) ... 3 (And_hae)
  0  0.0000 1046951.855427  x:  0.13254   3.33297   0.15439  
  1 99.0000 1045625.818062  x:  0.17307   3.33390   0.08615  
  2 32993.3418 1045227.486873  x:  0.16590   3.33428   0.05743  
  3 47366.6841 1045191.414131  x:  0.16476   3.77503   0.06019  
  4 172.7939 1045018.135909  x:  0.14803   3.60951   0.06509  
  5  0.2047 1045017.848064  x:  0.14791   3.59214   0.06435  
  6  0.0188 1045017.842292  x:  0.14795   3.58760   0.06436  
  7  0.0050 1045017.842292  x:  0.14795   3.58757   0.06436  
  8  0.0000 1045017.842292  x:  0.14795   3.58757   0.06436  
  9  0.0000 1045017.842292  x:  0.14795   3.58757   0.06436  

6 (And_tri) ... 4 (And_hat)
  0  0.0000 1024084.899971  x:  0.11877   3.32950   0.11685  
  1 99.0000 1023676.568842  x:  0.10128   3.32977   0.08985  
  2 23774.3657 1023372.203604  x:  0.10724   3.33008   0.05936  
  3 35478.8677 1023366.084230  x:  0.10743   3.52373   0.06060  
  4 64.4531 1023339.800085  x:  0.11249   3.47027   0.06309  
  5  0.0620 1023339.247804  x:  0.11275   3.47702   0.06195  
  6  0.0093 1023339.247605  x:  0.11274   3.47635   0.06194  
  7  0.0006 1023339.247605  x:  0.11274   3.47635   0.06194  
  8  0.0000 1023339.247605  x:  0.11274   3.47635   0.06194  
check convergence!


6 (And_tri) ... 5 (And_mar)
  0  0.0000 1023417.757333  x:  0.11698   3.26538   0.12407  
  1 99.0000 1023036.299314  x:  0.09920   3.26548   0.10095  
  2 24662.0596 1022637.726133  x:  0.10448   3.26560   0.06239  
  3 34227.7078 1022631.583416  x:  0.10436   3.09980   0.06122  
  4 66.2943 1022601.903154  x:  0.10949   3.04227   0.06440  
  5  0.0679 1022600.844554  x:  0.10993   3.05575   0.06290  
  6  0.0208 1022600.844310  x:  0.10992   3.05536   0.06288  
  7  0.0004 1022600.844308  x:  0.10992   3.05543   0.06288  

7 (Bom_pas) ... 1 (And_bic)
  0  0.0000 1288101.478829  x:  1.30362   2.78653   0.12815  
  1 99.0000 1273887.200461  x:  1.29165   2.78836   0.04575  
  2 223626.8195 1273295.643211  x:  1.13729   2.84386   0.06333  
  3 8152.1584 1272391.133204  x:  1.25565   3.96533   0.06126  
  4 2034.8119 1271646.441834  x:  1.09560   4.01102   0.05983  
  5  0.2300 1271608.440596  x:  1.12852   4.07830   0.05607  
  6  0.0880 1271607.076262  x:  1.12556   4.11233   0.05597  
  7  0.0274 1271606.901451  x:  1.12706   4.12610   0.05608  
  8  0.0108 1271606.900318  x:  1.12727   4.12672   0.05606  
  9  0.0007 1271606.900318  x:  1.12726   4.12673   0.05606  
 10  0.0000 1271606.900318  x:  1.12726   4.12673   0.05606  

7 (Bom_pas) ... 2 (And_ful)
  0  0.0000 1285372.954227  x:  1.13625   3.53377   0.12748  
  1 99.0000 1276274.129981  x:  1.12880   3.53465   0.05577  
  2 176831.5486 1276246.053451  x:  1.15694   3.55833   0.05283  
  3 1486.3452 1275845.650301  x:  1.19552   4.44861   0.05467  
  4 1836.6959 1275841.451078  x:  1.21232   4.46318   0.05377  
  5  0.0202 1275841.321445  x:  1.21194   4.46822   0.05363  
  6  0.0071 1275841.313014  x:  1.21211   4.47260   0.05364  
  7  0.0033 1275841.312996  x:  1.21214   4.47266   0.05364  

7 (Bom_pas) ... 3 (And_hae)
  0  0.0000 1272279.136128  x:  1.08657   3.97579   0.06098  
  1 99.0000 1272253.590522  x:  1.08662   3.97583   0.05798  
  2 17680.6599 1272235.636070  x:  1.11662   3.98083   0.05651  
  3 1215.2839 1272199.821960  x:  1.13213   4.26217   0.05643  
  4 277.3447 1272199.616588  x:  1.13305   4.26184   0.05662  
  5  0.0011 1272199.615412  x:  1.13327   4.26164   0.05661  
  6  0.0003 1272199.615412  x:  1.13327   4.26167   0.05661  

7 (Bom_pas) ... 4 (And_hat)
  0  0.0000 1286059.632396  x:  1.10390   3.73100   0.16196  
  1 99.0000 1271786.594090  x:  1.08908   3.73216   0.05680  
  2 174259.8238 1271780.275799  x:  1.09980   3.73950   0.05530  
  3 950.0347 1271634.717937  x:  1.12587   4.28737   0.05583  
  4 889.7727 1271628.613796  x:  1.14148   4.29080   0.05583  
  5  0.0236 1271628.477129  x:  1.14296   4.29291   0.05560  
  6  0.0025 1271628.476681  x:  1.14307   4.29389   0.05560  
  7  0.0008 1271628.476680  x:  1.14306   4.29391   0.05560  

7 (Bom_pas) ... 5 (And_mar)
  0  0.0000 1271524.660246  x:  0.96168   3.66230   0.06351  
  1 99.0000 1271478.392025  x:  0.97300   3.66262   0.05925  
  2 7408.0970 1271107.547894  x:  1.08734   3.66576   0.05758  
  3 61085.0039 1270995.436986  x:  1.10882   4.12969   0.05792  
  4 516.5569 1270990.048547  x:  1.11675   4.13672   0.05646  
  5  0.0110 1270989.853304  x:  1.11989   4.14199   0.05642  
  6  0.0047 1270989.853294  x:  1.11987   4.14199   0.05642  
  7  0.0000 1270989.853294  x:  1.11987   4.14200   0.05642  
  8  0.0000 1270989.853294  x:  1.11987   4.14200   0.05642  
check convergence!


7 (Bom_pas) ... 6 (And_tri)
  0  0.0000 1284223.325327  x:  0.99191   3.52531   0.16436  
  1 99.0000 1271951.201493  x:  0.98056   3.52647   0.06154  
  2 157781.2886 1271806.164966  x:  1.02694   3.52988   0.05466  
  3 5989.0904 1271592.622175  x:  1.05917   4.17061   0.05539  
  4 738.1904 1271441.576734  x:  1.11585   4.13472   0.05742  
  5  0.1187 1271433.710987  x:  1.13027   4.14371   0.05569  
  6  0.0139 1271433.612516  x:  1.13208   4.15459   0.05572  
  7  0.0089 1271433.612036  x:  1.13207   4.15524   0.05571  
  8  0.0006 1271433.612035  x:  1.13206   4.15525   0.05571  