Supplemental results for CODEML (seqf: /home/yzliu/eDNA/faststorage/yzliu/DK_proj/data/ref_genome/ref_annotation/primary_transcripts/extracted_cds_new/new_transcript_id_8_bom_apis/bootstraps/cat.out.OG_cds_8_species_same_header_fas.shuf_211OG_27.phy  treef: xxx.trees)


pairwise comparison (Goldman & Yang 1994)
seq seq        N       S       dN       dS     dN/dS   Paras.
  2   1 338468.3 109794.7   0.0486   0.5719   0.0850   0.5303   4.2697   0.0850 -774536.121
  3   1 337860.0 110403.0   0.0483   0.5862   0.0823   0.5422   4.2959   0.0823 -775541.621
  3   2 330250.1 118012.9   0.0128   0.1087   0.1176   0.1141   5.2704   0.1176 -666799.083
  4   1 338774.0 109489.0   0.0471   0.5789   0.0813   0.5310   4.2746   0.0813 -772841.769
  4   2 330801.2 117461.8   0.0118   0.1015   0.1164   0.1059   5.3840   0.1164 -662514.306
  4   3 329728.1 118534.9   0.0074   0.0636   0.1163   0.0668   5.6543   0.1163 -643035.965
  5   1 338851.4 109411.6   0.0482   0.5837   0.0826   0.5367   4.2503   0.0826 -774380.626
  5   2 330935.5 117327.5   0.0135   0.1089   0.1238   0.1154   5.3283   0.1238 -667333.707
  5   3 330251.3 118011.7   0.0085   0.0654   0.1307   0.0705   5.4097   0.1307 -645604.851
  5   4 330472.7 117790.3   0.0079   0.0647   0.1220   0.0685   5.6976   0.1220 -643617.600
  6   1 338742.8 109520.2   0.0483   0.5846   0.0827   0.5381   4.2565   0.0827 -774715.707
  6   2 330991.2 117271.8   0.0137   0.1098   0.1245   0.1165   5.2637   0.1245 -667957.830
  6   3 330070.1 118192.9   0.0087   0.0661   0.1321   0.0716   5.4544   0.1321 -646235.345
  6   4 330169.5 118093.5   0.0083   0.0653   0.1273   0.0699   5.8087   0.1273 -644616.007
  6   5 329825.1 118437.9   0.0027   0.0208   0.1303   0.0225   6.0011   0.1303 -615252.082
  7   1 338785.4 109477.6   0.0491   0.5812   0.0845   0.5372   4.2878   0.0845 -775188.442
  7   2 331009.0 117254.0   0.0140   0.1092   0.1277   0.1166   5.3093   0.1277 -668263.192
  7   3 329960.6 118302.4   0.0087   0.0666   0.1307   0.0720   5.5627   0.1307 -646392.708
  7   4 330238.0 118025.0   0.0082   0.0652   0.1262   0.0697   5.8361   0.1262 -644464.513
  7   5 330870.0 117393.0   0.0088   0.0613   0.1429   0.0675   5.5227   0.1429 -643923.780
  7   6 330756.9 117506.1   0.0091   0.0616   0.1472   0.0685   5.5351   0.1472 -644662.094
  8   1 338664.7 109598.3   0.0481   0.5855   0.0822   0.5384   4.2626   0.0822 -774506.372
  8   2 330690.7 117572.3   0.0132   0.1087   0.1217   0.1149   5.3752   0.1217 -667021.316
  8   3 329908.1 118354.9   0.0084   0.0645   0.1296   0.0696   5.5043   0.1296 -645107.885
  8   4 329934.1 118328.9   0.0079   0.0642   0.1225   0.0682   5.9023   0.1225 -643542.085
  8   5 328797.9 119465.1   0.0022   0.0198   0.1119   0.0207   6.5715   0.1119 -613758.617
  8   6 328776.9 119486.1   0.0026   0.0209   0.1224   0.0223   6.5280   0.1224 -615079.329
  8   7 330522.8 117740.2   0.0085   0.0607   0.1400   0.0666   5.6217   0.1400 -643423.321

