

2 (Bom_con) ... 1 (Apis_mel)
  0  0.0000 798940.499108  x:  0.44401   1.58815   0.49277  
  1 99.0000 780161.084179  x:  0.37967   1.66865   0.08855  
  2 44746.1312 779745.490303  x:  0.40237   1.67657   0.06889  
  3 35247.0034 775048.860477  x:  0.52435   3.37282   0.10372  
  4 7912.2857 774703.249336  x:  0.48952   3.75812   0.09165  
  5  0.3881 774559.591121  x:  0.52749   4.01890   0.08153  
  6  0.1376 774540.948824  x:  0.53229   4.15390   0.08558  
  7  0.0754 774536.132973  x:  0.53044   4.27271   0.08488  
  8  0.0779 774536.120562  x:  0.53034   4.26965   0.08500  
  9  0.0029 774536.120513  x:  0.53031   4.26967   0.08500  
 10  0.0000 774536.120513  x:  0.53031   4.26967   0.08500  
 11  0.0000 774536.120513  x:  0.53031   4.26967   0.08500  
 12  0.0000 774536.120513  x:  0.53031   4.26967   0.08500  
check convergence!


3 (Bom_hor) ... 1 (Apis_mel)
  0  0.0000 776638.067388  x:  0.46446   3.68471   0.12412  
  1 99.0000 775920.128466  x:  0.47310   3.68522   0.08603  
  2 31213.1550 775644.795225  x:  0.53479   3.68705   0.08080  
  3 10413.1268 775544.746821  x:  0.53960   4.18471   0.08253  
  4 369.0837 775541.723538  x:  0.54206   4.29065   0.08197  
  5  0.0884 775541.621179  x:  0.54220   4.29599   0.08232  
  6  0.0088 775541.621158  x:  0.54222   4.29590   0.08231  
  7  0.0001 775541.621158  x:  0.54222   4.29590   0.08231  
  8  0.0000 775541.621158  x:  0.54222   4.29590   0.08231  
  9  0.0000 775541.621158  x:  0.54222   4.29590   0.08231  

3 (Bom_hor) ... 2 (Bom_con)
  0  0.0000 667110.942180  x:  0.11862   3.85852   0.15625  
  1 99.0000 667036.268620  x:  0.10821   3.85893   0.14520  
  2 9520.9792 666919.938183  x:  0.11233   3.86030   0.11113  
  3 10340.9049 666800.996246  x:  0.11271   5.25213   0.12058  
  4 204.2582 666799.101056  x:  0.11398   5.26141   0.11732  
  5  0.0108 666799.083716  x:  0.11410   5.26640   0.11758  
  6  0.0054 666799.082988  x:  0.11410   5.27038   0.11757  
  7  0.0025 666799.082983  x:  0.11410   5.27043   0.11758  

4 (Bom_hyp) ... 1 (Apis_mel)
  0  0.0000 777914.195664  x:  0.41910   4.38708   0.21771  
  1 99.0000 773377.069718  x:  0.44767   4.38737   0.08774  
  2 46142.5829 772845.129079  x:  0.53259   4.38643   0.08062  
  3 14940.7720 772842.884042  x:  0.53182   4.29231   0.08016  
  4 45.6802 772841.782739  x:  0.53144   4.27615   0.08131  
  5  0.0649 772841.768786  x:  0.53097   4.27421   0.08133  
  6  0.0016 772841.768739  x:  0.53096   4.27461   0.08134  
  7  0.0004 772841.768739  x:  0.53096   4.27461   0.08134  
  8  0.0000 772841.768739  x:  0.53096   4.27461   0.08134  

4 (Bom_hyp) ... 2 (Bom_con)
  0  0.0000 662727.324365  x:  0.10541   3.53945   0.10004  
  1 99.0000 662720.454775  x:  0.10766   3.54006   0.10517  
  2 2492.4670 662717.220867  x:  0.10585   3.54076   0.10874  
  3 2713.3818 662514.570903  x:  0.10559   5.37872   0.11783  
  4 291.6340 662514.310420  x:  0.10599   5.37921   0.11649  
  5  0.0013 662514.306537  x:  0.10593   5.38178   0.11638  
  6  0.0022 662514.306344  x:  0.10593   5.38397   0.11640  
  7  0.0011 662514.306343  x:  0.10593   5.38399   0.11640  

4 (Bom_hyp) ... 3 (Bom_hor)
  0  0.0000 643096.028933  x:  0.06868   4.28302   0.10529  
  1 99.0000 643092.677771  x:  0.06685   4.28307   0.10575  
  2 3490.8553 643090.410551  x:  0.06688   4.28368   0.11134  
  3 883.3488 643036.004625  x:  0.06676   5.65534   0.11706  
  4 95.0505 643035.965096  x:  0.06678   5.65344   0.11628  
  5  0.0018 643035.965069  x:  0.06677   5.65410   0.11627  
  6  0.0005 643035.965066  x:  0.06677   5.65433   0.11627  

5 (Bom_mus) ... 1 (Apis_mel)
  0  0.0000 776061.817901  x:  0.50282   4.71142   0.14758  
  1 99.0000 774540.724210  x:  0.50019   4.71128   0.08753  
  2 40245.7521 774433.470296  x:  0.53903   4.70957   0.08032  
  3 5704.0388 774389.663333  x:  0.53398   4.25640   0.07956  
  4 182.9992 774380.630656  x:  0.53658   4.24596   0.08256  
  5  0.0250 774380.625730  x:  0.53669   4.25040   0.08256  
  6  0.0052 774380.625712  x:  0.53670   4.25035   0.08256  
  7  0.0001 774380.625712  x:  0.53670   4.25035   0.08256  

5 (Bom_mus) ... 2 (Bom_con)
  0  0.0000 667511.876016  x:  0.11987   3.81910   0.13341  
  1 99.0000 667488.852809  x:  0.11388   3.81937   0.12990  
  2 6320.5965 667472.148764  x:  0.11535   3.82054   0.11765  
  3 3008.0674 667334.607656  x:  0.11545   5.33703   0.12688  
  4 225.2966 667333.707364  x:  0.11539   5.32898   0.12386  
  5  0.0086 667333.707179  x:  0.11541   5.32858   0.12383  
  6  0.0004 667333.707176  x:  0.11541   5.32835   0.12383  
  7  0.0001 667333.707176  x:  0.11541   5.32832   0.12383  
  8  0.0000 667333.707176  x:  0.11541   5.32832   0.12383  
  9  0.0000 667333.707176  x:  0.11541   5.32832   0.12383  
 10  0.0000 667333.707176  x:  0.11541   5.32832   0.12383  
 11  0.0316 667333.707176  x:  0.11541   5.32832   0.12383  
 12  0.0057 667333.707176  x:  0.11541   5.32832   0.12383  
 13  0.1025 667333.707176  x:  0.11541   5.32832   0.12383  
 14  0.0013 667333.707176  x:  0.11541   5.32832   0.12383  
 15  0.0005 667333.707176  x:  0.11541   5.32832   0.12383  
 16  0.1466 667333.707176  x:  0.11541   5.32832   0.12383  
 17  0.0012 667333.707176  x:  0.11541   5.32832   0.12383  
check convergence!


5 (Bom_mus) ... 3 (Bom_hor)
  0  0.0000 646048.940927  x:  0.07286   4.31344   0.23235  
  1 99.0000 646014.647257  x:  0.06709   4.31356   0.22711  
  2 8553.3148 645647.275969  x:  0.06876   4.31597   0.12594  
  3 10037.9887 645608.861101  x:  0.06884   5.37572   0.13564  
  4 82.6375 645605.220504  x:  0.07003   5.40987   0.12929  
  5  0.0504 645604.851520  x:  0.07051   5.40706   0.13076  
  6  0.0043 645604.850847  x:  0.07053   5.40902   0.13068  
  7  0.0019 645604.850833  x:  0.07053   5.40969   0.13069  

5 (Bom_mus) ... 4 (Bom_hyp)
  0  0.0000 643985.205346  x:  0.05896   4.44523   0.19164  
  1 99.0000 643887.996962  x:  0.06842   4.44529   0.18930  
  2 21097.7667 643662.074124  x:  0.06870   4.44697   0.11737  
  3 5449.8125 643618.741381  x:  0.06860   5.65525   0.12609  
  4 82.4686 643617.610216  x:  0.06856   5.68037   0.12190  
  5  0.0412 643617.599962  x:  0.06848   5.69556   0.12199  
  6  0.0113 643617.599773  x:  0.06849   5.69763   0.12200  

6 (Bom_pas) ... 1 (Apis_mel)
  0  0.0000 775333.343067  x:  0.48644   4.62005   0.11578  
  1 99.0000 774916.393400  x:  0.49155   4.61987   0.08735  
  2 25444.3077 774745.097931  x:  0.54254   4.61826   0.08213  
  3 7613.0522 774716.659333  x:  0.53890   4.25922   0.08154  
  4 151.3718 774715.715406  x:  0.53842   4.25601   0.08268  
  5  0.0056 774715.706779  x:  0.53806   4.25666   0.08270  
  6  0.0007 774715.706772  x:  0.53806   4.25649   0.08270  
  7  0.0002 774715.706772  x:  0.53806   4.25649   0.08270  

6 (Bom_pas) ... 2 (Bom_con)
  0  0.0000 668361.169396  x:  0.10577   3.53428   0.08789  
  1 99.0000 668212.030891  x:  0.12053   3.53455   0.09825  
  2 17307.8185 668161.417683  x:  0.11568   3.53540   0.11588  
  3 6581.2802 667958.755228  x:  0.11522   5.26660   0.12395  
  4 297.9006 667957.839884  x:  0.11649   5.26561   0.12422  
  5  0.0015 667957.830407  x:  0.11647   5.26474   0.12453  
  6  0.0006 667957.830361  x:  0.11647   5.26373   0.12452  
  7  0.0005 667957.830361  x:  0.11647   5.26372   0.12452  
  8  0.0000 667957.830361  x:  0.11647   5.26372   0.12452  
  9  0.0000 667957.830361  x:  0.11647   5.26372   0.12452  
 10  0.0000 667957.830361  x:  0.11647   5.26371   0.12452  
 11  0.0000 667957.830361  x:  0.11647   5.26371   0.12452  
check convergence!


6 (Bom_pas) ... 3 (Bom_hor)
  0  0.0000 646296.999574  x:  0.07122   4.32757   0.14652  
  1 99.0000 646281.138902  x:  0.07348   4.32832   0.13123  
  2 1983.6782 646276.865340  x:  0.07174   4.32858   0.12669  
  3 7221.3552 646235.416275  x:  0.07153   5.45878   0.13328  
  4 84.8536 646235.345494  x:  0.07158   5.45536   0.13217  
  5  0.0038 646235.345171  x:  0.07156   5.45472   0.13215  
  6  0.0007 646235.345169  x:  0.07156   5.45441   0.13215  

6 (Bom_pas) ... 4 (Bom_hyp)
  0  0.0000 644847.143524  x:  0.05793   4.50556   0.10611  
  1 99.0000 644679.531443  x:  0.07042   4.50559   0.10735  
  2 28760.8482 644663.431167  x:  0.07012   4.50610   0.12243  
  3 2282.9381 644616.042818  x:  0.07001   5.84399   0.12769  
  4 84.9005 644616.007420  x:  0.06994   5.81170   0.12721  
  5  0.0229 644616.007004  x:  0.06995   5.80860   0.12725  
  6  0.0022 644616.007004  x:  0.06995   5.80870   0.12725  
  7  0.0001 644616.007003  x:  0.06995   5.80868   0.12725  
  8  0.0000 644616.007003  x:  0.06995   5.80869   0.12725  
  9  0.0000 644616.007003  x:  0.06995   5.80869   0.12725  
 10  0.0000 644616.007003  x:  0.06995   5.80869   0.12725  
 11  0.0300 644616.007003  x:  0.06995   5.80869   0.12725  
 12  0.0424 644616.007003  x:  0.06995   5.80869   0.12725  
check convergence!


6 (Bom_pas) ... 5 (Bom_mus)
  0  0.0000 615367.083876  x:  0.02253   4.59886   0.21341  
  1 99.0000 615365.882216  x:  0.02193   4.59888   0.21245  
  2 2084.0145 615269.300530  x:  0.02223   4.60092   0.12751  
  3 6244.5455 615253.434565  x:  0.02220   5.91640   0.13801  
  4 27.9552 615252.121814  x:  0.02236   5.96484   0.12994  
  5  0.0822 615252.083271  x:  0.02246   5.98794   0.13032  
  6  0.0223 615252.082030  x:  0.02245   6.00132   0.13033  
  7  0.0090 615252.082024  x:  0.02245   6.00113   0.13034  
  8  0.0002 615252.082022  x:  0.02245   6.00113   0.13034  
  9  0.0001 615252.082022  x:  0.02245   6.00113   0.13034  
check convergence!


7 (Bom_syl) ... 1 (Apis_mel)
  0  0.0000 777159.406853  x:  0.41078   4.85774   0.13509  
  1 99.0000 775942.421497  x:  0.45008   4.85717   0.08562  
  2 32501.9221 775308.172077  x:  0.52725   4.85561   0.09415  
  3 24145.9118 775230.716949  x:  0.52376   4.25736   0.09264  
  4 240.7595 775188.848069  x:  0.53468   4.28626   0.08462  
  5  0.0413 775188.443293  x:  0.53722   4.28647   0.08447  
  6  0.0021 775188.442006  x:  0.53721   4.28786   0.08451  
  7  0.0016 775188.442004  x:  0.53720   4.28780   0.08451  
  8  0.0001 775188.442004  x:  0.53720   4.28780   0.08451  
  9  0.0000 775188.442004  x:  0.53720   4.28780   0.08451  

7 (Bom_syl) ... 2 (Bom_con)
  0  0.0000 668569.369539  x:  0.10284   3.60061   0.12350  
  1 99.0000 668457.727220  x:  0.11648   3.60084   0.12331  
  2 17132.5454 668456.096120  x:  0.11658   3.60237   0.11955  
  3 767.8690 668264.131688  x:  0.11645   5.29197   0.13082  
  4 329.7949 668263.197902  x:  0.11664   5.29743   0.12771  
  5  0.0055 668263.191897  x:  0.11664   5.30927   0.12773  
  6  0.0061 668263.191885  x:  0.11664   5.30928   0.12775  

7 (Bom_syl) ... 3 (Bom_hor)
  0  0.0000 646429.002711  x:  0.07066   4.50898   0.12350  
  1 99.0000 646427.061980  x:  0.07212   4.50902   0.12373  
  2 2700.8543 646426.557765  x:  0.07205   4.50961   0.12656  
  3 359.3425 646392.726802  x:  0.07197   5.56984   0.13128  
  4 76.0895 646392.708317  x:  0.07197   5.56386   0.13071  
  5  0.0055 646392.708286  x:  0.07197   5.56273   0.13071  
  6  0.0008 646392.708285  x:  0.07197   5.56272   0.13071  

7 (Bom_syl) ... 4 (Bom_hyp)
  0  0.0000 644530.447098  x:  0.06992   4.39238   0.11099  
  1 99.0000 644523.910126  x:  0.07016   4.39300   0.12055  
  2 1414.5760 644523.779940  x:  0.06979   4.39306   0.12074  
  3 769.2867 644464.537400  x:  0.06967   5.83953   0.12681  
  4 99.8788 644464.512988  x:  0.06973   5.83610   0.12620  
  5  0.0030 644464.512870  x:  0.06972   5.83606   0.12618  
  6  0.0000 644464.512870  x:  0.06972   5.83609   0.12618  
  7  0.0000 644464.512870  x:  0.06972   5.83609   0.12618  

7 (Bom_syl) ... 5 (Bom_mus)
  0  0.0000 644012.274544  x:  0.06860   4.74796   0.18155  
  1 99.0000 644003.750396  x:  0.06579   4.74802   0.17873  
  2 4213.6293 643940.586565  x:  0.06710   4.74890   0.13942  
  3 5432.4243 643924.012605  x:  0.06711   5.52498   0.14424  
  4 47.0490 643923.783915  x:  0.06747   5.52365   0.14271  
  5  0.0023 643923.780135  x:  0.06751   5.52297   0.14291  
  6  0.0008 643923.780133  x:  0.06751   5.52269   0.14290  

7 (Bom_syl) ... 6 (Bom_pas)
  0  0.0000 644720.420328  x:  0.07210   4.44313   0.12777  
  1 99.0000 644708.158170  x:  0.06850   4.44317   0.12865  
  2 6515.1338 644698.307675  x:  0.06853   4.44372   0.14101  
  3 1619.7929 644662.137152  x:  0.06845   5.53978   0.14629  
  4 75.6121 644662.093752  x:  0.06848   5.53679   0.14723  
  5  0.0025 644662.093644  x:  0.06847   5.53538   0.14722  
  6  0.0012 644662.093639  x:  0.06847   5.53505   0.14722  
  7  0.0003 644662.093639  x:  0.06847   5.53506   0.14722  

8 (Bom_vet) ... 1 (Apis_mel)
  0  0.0000 777585.180969  x:  0.42382   4.67267   0.17167  
  1 99.0000 775146.512980  x:  0.45208   4.67238   0.08818  
  2 41631.3169 774547.571787  x:  0.54134   4.67066   0.08528  
  3 16676.5063 774508.541409  x:  0.53835   4.25405   0.08383  
  4 177.7320 774506.395988  x:  0.53903   4.26552   0.08217  
  5  0.0313 774506.372279  x:  0.53848   4.26180   0.08214  
  6  0.0032 774506.371880  x:  0.53844   4.26268   0.08215  
  7  0.0009 774506.371879  x:  0.53844   4.26264   0.08216  
  8  0.0000 774506.371879  x:  0.53844   4.26264   0.08216  

8 (Bom_vet) ... 2 (Bom_con)
  0  0.0000 667211.239961  x:  0.12131   3.73134   0.10985  
  1 99.0000 667188.850398  x:  0.11519   3.73157   0.11071  
  2 6715.7997 667186.650651  x:  0.11516   3.73266   0.11506  
  3 1027.8104 667021.598910  x:  0.11518   5.37231   0.12314  
  4 266.2636 667021.319437  x:  0.11480   5.37186   0.12183  
  5  0.0013 667021.315998  x:  0.11486   5.37354   0.12171  
  6  0.0016 667021.315888  x:  0.11486   5.37516   0.12172  
  7  0.0009 667021.315888  x:  0.11486   5.37517   0.12172  

8 (Bom_vet) ... 3 (Bom_hor)
  0  0.0000 645142.614206  x:  0.06798   4.56734   0.11635  
  1 99.0000 645138.675519  x:  0.07003   4.56737   0.11712  
  2 3748.0244 645133.755091  x:  0.06967   4.56780   0.12595  
  3 1288.5043 645107.892462  x:  0.06959   5.50522   0.12993  
  4 61.9146 645107.884631  x:  0.06958   5.50408   0.12956  
  5  0.0010 645107.884629  x:  0.06958   5.50423   0.12956  
  6  0.0001 645107.884628  x:  0.06958   5.50432   0.12956  
  7  0.0000 645107.884628  x:  0.06958   5.50431   0.12956  

8 (Bom_vet) ... 4 (Bom_hyp)
  0  0.0000 643734.551063  x:  0.05715   4.60108   0.10788  
  1 99.0000 643591.973126  x:  0.06855   4.60111   0.10864  
  2 26735.7774 643585.913398  x:  0.06839   4.60161   0.11791  
  3 1357.7710 643542.120109  x:  0.06829   5.93380   0.12304  
  4 78.5243 643542.085210  x:  0.06825   5.90654   0.12243  
  5  0.0209 643542.084660  x:  0.06825   5.90221   0.12247  
  6  0.0031 643542.084659  x:  0.06825   5.90227   0.12247  
  7  0.0001 643542.084659  x:  0.06825   5.90227   0.12247  
  8  0.0000 643542.084659  x:  0.06825   5.90227   0.12247  
check convergence!


8 (Bom_vet) ... 5 (Bom_mus)
  0  0.0000 613890.070888  x:  0.01972   4.65469   0.19124  
  1 99.0000 613886.384408  x:  0.02079   4.65470   0.19094  
  2 7096.6827 613783.449941  x:  0.02087   4.65665   0.10860  
  3 2059.0668 613760.566381  x:  0.02080   6.41150   0.12097  
  4 31.4616 613758.652544  x:  0.02077   6.48722   0.11167  
  5  0.1327 613758.618706  x:  0.02072   6.56424   0.11189  
  6  0.0458 613758.617262  x:  0.02074   6.57105   0.11195  
  7  0.0058 613758.617260  x:  0.02074   6.57144   0.11194  
  8  0.0004 613758.617260  x:  0.02074   6.57148   0.11194  

8 (Bom_vet) ... 6 (Bom_pas)
  0  0.0000 615180.288582  x:  0.02369   5.08804   0.19343  
  1 99.0000 615173.068933  x:  0.02217   5.08804   0.19313  
  2 9066.2651 615093.391314  x:  0.02231   5.08941   0.12139  
  3 1793.9006 615080.462622  x:  0.02226   6.45387   0.12975  
  4 21.9389 615079.335649  x:  0.02229   6.49443   0.12233  
  5  0.0696 615079.329575  x:  0.02230   6.52749   0.12238  
  6  0.0220 615079.329468  x:  0.02230   6.52782   0.12241  
  7  0.0003 615079.329463  x:  0.02230   6.52913   0.12241  
  8  0.0007 615079.329462  x:  0.02230   6.52799   0.12241  

8 (Bom_vet) ... 7 (Bom_syl)
  0  0.0000 643611.681296  x:  0.05445   5.10731   0.12730  
  1 99.0000 643435.205632  x:  0.06679   5.10732   0.12790  
  2 30731.2996 643429.791141  x:  0.06667   5.10752   0.13800  
  3 1113.3730 643423.322188  x:  0.06665   5.62243   0.14002  
  4 26.6503 643423.321183  x:  0.06661   5.62174   0.13999  
  5  0.0006 643423.321182  x:  0.06661   5.62174   0.14000  