Supplemental results for CODEML (seqf: /home/yzliu/eDNA/faststorage/yzliu/DK_proj/data/ref_genome/ref_annotation/primary_transcripts/extracted_cds_new/new_transcript_id_7_and_pas/bootstraps/cat.out.OG_cds_7_species_same_header_fas.shuf_537OG_215.phy  treef: xxx.trees)


pairwise comparison (Goldman & Yang 1994)
seq seq        N       S       dN       dS     dN/dS   Paras.
  2   1 453788.9 176499.1   0.0100   0.1696   0.0587   0.1640   3.6246   0.0587 -973265.762
  3   1 453447.8 176840.2   0.0096   0.1610   0.0598   0.1563   3.5241   0.0598 -970213.986
  3   2 451995.5 178292.5   0.0095   0.1507   0.0629   0.1483   3.9430   0.0629 -965239.148
  4   1 454082.3 176205.7   0.0074   0.1224   0.0607   0.1187   3.4495   0.0607 -949924.617
  4   2 452017.3 178270.7   0.0094   0.1573   0.0595   0.1536   3.9606   0.0595 -967264.554
  4   3 450612.2 179675.8   0.0093   0.1498   0.0621   0.1481   4.0047   0.0621 -965276.372
  5   1 456734.1 173553.9   0.0056   0.0948   0.0591   0.0905   3.0578   0.0591 -932930.225
  5   2 453822.1 176465.9   0.0100   0.1653   0.0607   0.1605   3.5899   0.0607 -972109.514
  5   3 453336.5 176951.5   0.0098   0.1555   0.0630   0.1521   3.5158   0.0630 -968798.743
  5   4 453749.5 176538.5   0.0074   0.1156   0.0636   0.1130   3.4710   0.0636 -947048.309
  6   1 457520.3 172767.7   0.0070   0.1227   0.0573   0.1162   2.9745   0.0573 -948894.876
  6   2 454218.4 176069.6   0.0091   0.1606   0.0568   0.1543   3.5444   0.0568 -968191.354
  6   3 453550.0 176738.0   0.0091   0.1528   0.0597   0.1483   3.4948   0.0597 -966168.675
  6   4 453896.4 176391.6   0.0069   0.1166   0.0594   0.1129   3.4597   0.0594 -946329.254
  6   5 457610.2 172677.8   0.0071   0.1156   0.0616   0.1105   2.9465   0.0616 -946369.843
  7   1 450834.3 179453.7   0.0671   1.1619   0.0577   1.1364   4.0704   0.0577 -1181216.730
  7   2 447928.5 182359.5   0.0680   1.2245   0.0555   1.2078   4.3563   0.0555 -1184244.945
  7   3 449810.9 180477.1   0.0675   1.1555   0.0584   1.1371   4.2110   0.0584 -1181103.559
  7   4 449537.5 180750.5   0.0670   1.1655   0.0575   1.1460   4.2290   0.0575 -1180853.531
  7   5 451102.1 179185.9   0.0672   1.1490   0.0585   1.1243   4.0595   0.0585 -1180828.458
  7   6 450896.5 179391.5   0.0669   1.1576   0.0578   1.1321   4.0777   0.0578 -1180748.918

