Supplemental results for CODEML (seqf: /home/yzliu/eDNA/faststorage/yzliu/DK_proj/data/ref_genome/ref_annotation/primary_transcripts/extracted_cds_new/new_transcript_id_7_and_pas/bootstraps/cat.out.OG_cds_7_species_same_header_fas.shuf_537OG_832.phy  treef: xxx.trees)


pairwise comparison (Goldman & Yang 1994)
seq seq        N       S       dN       dS     dN/dS   Paras.
  2   1 479533.1 186238.9   0.0118   0.1714   0.0691   0.1694   3.5826   0.0691 -1033980.523
  3   1 478300.9 187471.1   0.0116   0.1631   0.0710   0.1627   3.5968   0.0710 -1031066.939
  3   2 476676.9 189095.1   0.0109   0.1529   0.0714   0.1537   4.0569   0.0714 -1024528.066
  4   1 479300.5 186471.5   0.0094   0.1234   0.0759   0.1239   3.4655   0.0759 -1009646.110
  4   2 477136.2 188635.8   0.0114   0.1605   0.0708   0.1609   3.9875   0.0708 -1028605.373
  4   3 475371.9 190400.1   0.0110   0.1530   0.0720   0.1549   4.0740   0.0720 -1025674.950
  5   1 481305.2 184466.8   0.0068   0.0938   0.0729   0.0928   3.1645   0.0729 -989152.983
  5   2 478531.8 187240.2   0.0118   0.1680   0.0704   0.1672   3.6879   0.0704 -1032942.767
  5   3 477983.4 187788.6   0.0115   0.1576   0.0729   0.1581   3.6121   0.0729 -1028995.020
  5   4 479201.1 186570.9   0.0091   0.1182   0.0768   0.1189   3.4517   0.0768 -1006652.883
  6   1 482957.5 182814.5   0.0086   0.1246   0.0689   0.1213   2.9963   0.0689 -1007929.335
  6   2 479825.3 185946.7   0.0108   0.1648   0.0656   0.1615   3.5358   0.0656 -1029037.657
  6   3 478620.7 187151.3   0.0106   0.1569   0.0674   0.1551   3.5468   0.0674 -1026269.855
  6   4 479927.7 185844.3   0.0086   0.1195   0.0720   0.1187   3.3790   0.0720 -1005823.979
  6   5 483491.5 182280.5   0.0086   0.1194   0.0719   0.1168   2.9192   0.0719 -1005785.717
  7   1 476807.3 188964.7   0.0730   1.1849   0.0616   1.1659   4.0214   0.0616 -1258074.256
  7   2 473563.2 192208.8   0.0739   1.2471   0.0592   1.2378   4.3183   0.0592 -1261065.197
  7   3 475617.2 190154.8   0.0732   1.1749   0.0623   1.1635   4.1585   0.0623 -1257522.372
  7   4 475545.9 190226.1   0.0730   1.1897   0.0613   1.1761   4.1548   0.0613 -1257861.029
  7   5 477052.2 188719.8   0.0729   1.1708   0.0623   1.1524   4.0186   0.0623 -1257248.781
  7   6 476764.1 189007.9   0.0726   1.1859   0.0612   1.1659   4.0276   0.0612 -1257389.737

