

2 (Bom_con) ... 1 (Apis_mel)
  0  0.0000 459447.839275  x:  0.51672   1.36654   0.51092  
  1 99.0000 448588.890519  x:  0.39690   1.47607   0.10357  
  2 26641.4705 448293.465396  x:  0.41644   1.48643   0.07903  
  3 25588.6573 444513.380555  x:  0.56199   3.37897   0.12211  
  4 6240.1192 444235.491857  x:  0.54392   3.69541   0.09711  
  5  0.1882 444166.842630  x:  0.58753   3.92989   0.09039  
  6  0.1152 444153.783212  x:  0.58854   4.06656   0.09574  
  7  0.0837 444147.576769  x:  0.58461   4.21793   0.09459  
  8  0.1027 444147.558823  x:  0.58530   4.22401   0.09459  
  9  0.0052 444147.558787  x:  0.58530   4.22419   0.09458  
 10  0.0002 444147.558787  x:  0.58530   4.22418   0.09458  

3 (Bom_hor) ... 1 (Apis_mel)
  0  0.0000 446079.626886  x:  0.51305   3.76088   0.11677  
  1 99.0000 445947.600485  x:  0.52714   3.76122   0.09571  
  2 9540.8203 445782.345609  x:  0.59249   3.76253   0.09539  
  3 7783.5138 445747.031911  x:  0.59757   4.21308   0.09667  
  4 166.7461 445744.651270  x:  0.60056   4.21951   0.09401  
  5  0.0090 445744.622492  x:  0.60155   4.22322   0.09397  
  6  0.0031 445744.622480  x:  0.60154   4.22321   0.09397  

3 (Bom_hor) ... 2 (Bom_con)
  0  0.0000 377389.922371  x:  0.12125   3.65410   0.19320  
  1 99.0000 377309.297741  x:  0.10748   3.65490   0.17046  
  2 5808.6437 377163.530430  x:  0.11345   3.65690   0.11632  
  3 12456.6599 377092.087353  x:  0.11425   4.95916   0.12753  
  4 130.2689 377086.242104  x:  0.11840   4.95760   0.12356  
  5  0.0060 377086.216359  x:  0.11847   4.95679   0.12419  
  6  0.0014 377086.216355  x:  0.11846   4.95707   0.12419  
  7  0.0002 377086.216354  x:  0.11846   4.95715   0.12419  

4 (Bom_hyp) ... 1 (Apis_mel)
  0  0.0000 446202.718687  x:  0.51351   4.28708   0.20352  
  1 99.0000 444521.569319  x:  0.51635   4.28735   0.10179  
  2 24147.7275 444344.267215  x:  0.58288   4.28641   0.08827  
  3 5762.5653 444343.384909  x:  0.58207   4.21096   0.08820  
  4  7.4987 444325.582659  x:  0.58856   4.22034   0.09396  
  5  0.1175 444325.469865  x:  0.59045   4.22129   0.09362  
  6  0.0017 444325.469725  x:  0.59043   4.22138   0.09361  
  7  0.0001 444325.469725  x:  0.59043   4.22136   0.09361  

4 (Bom_hyp) ... 2 (Bom_con)
  0  0.0000 375011.556041  x:  0.09207   3.67814   0.13179  
  1 99.0000 374879.373994  x:  0.11090   3.67831   0.13017  
  2 14966.8417 374868.541986  x:  0.11108   3.67960   0.11628  
  3 1489.4207 374794.864147  x:  0.11100   5.08203   0.12519  
  4 127.6563 374794.476524  x:  0.11114   5.08739   0.12255  
  5  0.0060 374794.474586  x:  0.11118   5.09526   0.12257  
  6  0.0048 374794.474554  x:  0.11117   5.09570   0.12258  
  7  0.0004 374794.474553  x:  0.11117   5.09574   0.12258  
  8  0.0000 374794.474553  x:  0.11117   5.09573   0.12258  

4 (Bom_hyp) ... 3 (Bom_hor)
  0  0.0000 363397.401143  x:  0.06982   4.37365   0.09326  
  1 99.0000 363384.037745  x:  0.07368   4.37377   0.10275  
  2 2680.9229 363370.267298  x:  0.07000   4.37396   0.11538  
  3 5446.0548 363354.767743  x:  0.06983   5.29392   0.11870  
  4 38.0193 363354.423074  x:  0.07043   5.29288   0.12064  
  5  0.0019 363354.416403  x:  0.07035   5.29035   0.12093  
  6  0.0023 363354.416391  x:  0.07035   5.28954   0.12094  
  7  0.0006 363354.416390  x:  0.07035   5.28948   0.12093  
  8  0.0001 363354.416390  x:  0.07035   5.28952   0.12093  
  9  0.0000 363354.416390  x:  0.07035   5.28948   0.12093  
 10  0.0000 363354.416390  x:  0.07035   5.28948   0.12093  

5 (Bom_mus) ... 1 (Apis_mel)
  0  0.0000 447021.674386  x:  0.47992   4.24679   0.22094  
  1 99.0000 444945.218274  x:  0.50094   4.24711   0.10203  
  2 24304.9007 444639.243802  x:  0.59376   4.24610   0.09035  
  3 7872.1352 444637.391060  x:  0.59483   4.32071   0.09203  
  4  0.6908 444634.579594  x:  0.59393   4.21492   0.09357  
  5 12.3468 444634.571796  x:  0.59358   4.21745   0.09369  
  6  0.0021 444634.571698  x:  0.59354   4.21692   0.09369  
  7  0.0005 444634.571697  x:  0.59354   4.21694   0.09369  

5 (Bom_mus) ... 2 (Bom_con)
  0  0.0000 376951.236350  x:  0.09701   3.66852   0.21865  
  1 99.0000 376806.325482  x:  0.11742   3.66882   0.21109  
  2 14333.9280 376523.557639  x:  0.11777   3.67218   0.12238  
  3 5747.1320 376442.708656  x:  0.11757   5.08132   0.13693  
  4 138.8206 376439.207540  x:  0.11717   5.12124   0.12903  
  5  0.0665 376439.104850  x:  0.11664   5.14324   0.12936  
  6  0.0175 376439.102815  x:  0.11667   5.15159   0.12939  
  7  0.0049 376439.102815  x:  0.11667   5.15154   0.12939  

5 (Bom_mus) ... 3 (Bom_hor)
  0  0.0000 363218.252095  x:  0.06705   4.26651   0.15165  
  1 99.0000 363214.903935  x:  0.06951   4.26656   0.15013  
  2 2358.0165 363200.335859  x:  0.06922   4.26731   0.12788  
  3 1652.7719 363189.026654  x:  0.06915   5.01163   0.13233  
  4 33.5901 363188.979764  x:  0.06904   5.01163   0.13121  
  5  0.0013 363188.979595  x:  0.06903   5.01185   0.13124  
  6  0.0002 363188.979595  x:  0.06903   5.01185   0.13124  
  7  0.0001 363188.979595  x:  0.06903   5.01185   0.13124  
check convergence!


5 (Bom_mus) ... 4 (Bom_hyp)
  0  0.0000 362616.793845  x:  0.06612   4.23938   0.14473  
  1 99.0000 362611.479228  x:  0.06921   4.23946   0.14311  
  2 3117.3753 362593.025475  x:  0.06898   4.24056   0.11924  
  3 1787.8890 362559.833960  x:  0.06883   5.62559   0.12724  
  4 57.2218 362559.584771  x:  0.06875   5.62454   0.12456  
  5  0.0033 362559.584595  x:  0.06873   5.62574   0.12455  
  6  0.0011 362559.584590  x:  0.06874   5.62633   0.12456  
  7  0.0004 362559.584590  x:  0.06874   5.62636   0.12456  
  8  0.0000 362559.584590  x:  0.06874   5.62636   0.12456  

6 (Bom_pas) ... 1 (Apis_mel)
  0  0.0000 447632.371665  x:  0.47722   4.60157   0.23345  
  1 99.0000 445292.057572  x:  0.50321   4.60133   0.10290  
  2 24370.0469 444955.076073  x:  0.60268   4.59901   0.09146  
  3 8226.9466 444937.306218  x:  0.59876   4.24248   0.08995  
  4 95.4234 444931.622371  x:  0.59810   4.20416   0.09366  
  5  0.1522 444931.487897  x:  0.59625   4.21404   0.09387  
  6  0.0082 444931.486076  x:  0.59612   4.21082   0.09388  
  7  0.0036 444931.486074  x:  0.59612   4.21082   0.09388  
  8  0.0000 444931.486074  x:  0.59612   4.21082   0.09388  
  9  0.0000 444931.486074  x:  0.59612   4.21082   0.09388  

6 (Bom_pas) ... 2 (Bom_con)
  0  0.0000 377565.091334  x:  0.10801   3.60385   0.07307  
  1 99.0000 377330.462346  x:  0.12831   3.60411   0.10104  
  2 14900.2837 377278.572589  x:  0.11747   3.60460   0.11750  
  3 6000.3102 377187.022685  x:  0.11690   5.11860   0.12296  
  4 149.1725 377181.626624  x:  0.12007   5.13139   0.12907  
  5  0.0091 377181.315530  x:  0.11931   5.13124   0.13083  
  6  0.0016 377181.314897  x:  0.11934   5.12993   0.13089  
  7  0.0012 377181.314873  x:  0.11934   5.12909   0.13089  
  8  0.0005 377181.314873  x:  0.11934   5.12905   0.13088  

6 (Bom_pas) ... 3 (Bom_hor)
  0  0.0000 364148.489945  x:  0.07453   4.29145   0.23812  
  1 99.0000 364127.686455  x:  0.06843   4.29154   0.23388  
  2 5442.4731 363929.563322  x:  0.06986   4.29366   0.13204  
  3 4432.1731 363917.715313  x:  0.06992   5.03380   0.13898  
  4 35.0379 363916.647765  x:  0.07083   5.05645   0.13447  
  5  0.0330 363916.538070  x:  0.07117   5.05318   0.13564  
  6  0.0049 363916.537976  x:  0.07118   5.05403   0.13560  
  7  0.0008 363916.537976  x:  0.07118   5.05425   0.13560  
  8  0.0001 363916.537975  x:  0.07118   5.05424   0.13560  

6 (Bom_pas) ... 4 (Bom_hyp)
  0  0.0000 363578.616194  x:  0.06568   4.15519   0.20017  
  1 99.0000 363559.100374  x:  0.07167   4.15529   0.19711  
  2 6067.4447 363440.174486  x:  0.07163   4.15757   0.12590  
  3 3471.3212 363400.735069  x:  0.07146   5.59544   0.13773  
  4 65.5652 363399.589285  x:  0.07116   5.62040   0.13199  
  5  0.0380 363399.563311  x:  0.07095   5.63224   0.13221  
  6  0.0109 363399.562783  x:  0.07096   5.63844   0.13223  
  7  0.0038 363399.562783  x:  0.07096   5.63843   0.13223  
  8  0.0000 363399.562782  x:  0.07096   5.63840   0.13223  
  9  0.0000 363399.562782  x:  0.07096   5.63840   0.13223  
 10  0.0000 363399.562782  x:  0.07096   5.63840   0.13223  
 11  0.0795 363399.562782  x:  0.07096   5.63840   0.13223  
check convergence!


6 (Bom_pas) ... 5 (Bom_mus)
  0  0.0000 346034.564690  x:  0.01821   4.66312   0.20135  
  1 99.0000 346013.589073  x:  0.02137   4.66312   0.20117  
  2 13996.3636 345981.572268  x:  0.02144   4.66506   0.13345  
  3 786.0509 345970.634613  x:  0.02139   6.23280   0.14481  
  4 16.6721 345970.319177  x:  0.02140   6.25680   0.13897  
  5  0.0368 345970.317436  x:  0.02140   6.28016   0.13897  
  6  0.0124 345970.317426  x:  0.02140   6.28172   0.13899  
  7  0.0049 345970.317406  x:  0.02140   6.28132   0.13902  
  8  0.0006 345970.317406  x:  0.02140   6.28132   0.13902  
check convergence!


7 (Bom_syl) ... 1 (Apis_mel)
  0  0.0000 445931.860060  x:  0.48074   5.16061   0.10670  
  1 99.0000 445579.038101  x:  0.54733   5.15862   0.12372  
  2 10785.5389 445362.898714  x:  0.59245   5.15669   0.09571  
  3 14371.0194 445242.697412  x:  0.58387   4.17572   0.09507  
  4 218.3344 445238.665971  x:  0.59240   4.18812   0.09640  
  5  0.0131 445238.516271  x:  0.59391   4.18982   0.09577  
  6  0.0029 445238.516237  x:  0.59392   4.18938   0.09577  
  7  0.0006 445238.516236  x:  0.59392   4.18940   0.09577  
  8  0.0000 445238.516236  x:  0.59392   4.18941   0.09577  

7 (Bom_syl) ... 2 (Bom_con)
  0  0.0000 378076.603236  x:  0.09570   3.67880   0.09383  
  1 99.0000 377796.876545  x:  0.12368   3.67896   0.10337  
  2 20718.2340 377748.220821  x:  0.12013   3.67979   0.12990  
  3 4181.6494 377660.744552  x:  0.11989   5.23029   0.13727  
  4 144.0845 377660.543036  x:  0.12056   5.18156   0.13694  
  5  0.0350 377660.534827  x:  0.12048   5.16754   0.13702  
  6  0.0090 377660.534825  x:  0.12047   5.16763   0.13702  
  7  0.0001 377660.534825  x:  0.12047   5.16761   0.13702  
  8  0.0000 377660.534825  x:  0.12047   5.16761   0.13702  
  9  0.0000 377660.534825  x:  0.12047   5.16761   0.13702  
check convergence!


7 (Bom_syl) ... 3 (Bom_hor)
  0  0.0000 364808.314964  x:  0.06126   4.27858   0.20112  
  1 99.0000 364721.400775  x:  0.07343   4.27864   0.19908  
  2 15045.4634 364620.416957  x:  0.07370   4.28048   0.13310  
  3 2634.5008 364595.833541  x:  0.07363   5.38630   0.14198  
  4 51.0195 364595.299122  x:  0.07366   5.40173   0.13787  
  5  0.0242 364595.297698  x:  0.07366   5.41140   0.13788  
  6  0.0065 364595.297691  x:  0.07366   5.41147   0.13789  

7 (Bom_syl) ... 4 (Bom_hyp)
  0  0.0000 364223.732940  x:  0.06911   4.43783   0.20200  
  1 99.0000 364208.957516  x:  0.07451   4.43794   0.19827  
  2 4719.1195 364099.716180  x:  0.07421   4.43996   0.13012  
  3 3934.8305 364063.164954  x:  0.07403   5.89769   0.14107  
  4 59.0791 364062.111267  x:  0.07355   5.92489   0.13580  
  5  0.0387 364062.071812  x:  0.07329   5.93773   0.13624  
  6  0.0128 364062.071099  x:  0.07330   5.94537   0.13625  
  7  0.0047 364062.071096  x:  0.07330   5.94538   0.13626  

7 (Bom_syl) ... 5 (Bom_mus)
  0  0.0000 362088.374230  x:  0.06477   4.77804   0.16261  
  1 99.0000 362087.312649  x:  0.06612   4.77808   0.16177  
  2 1353.0384 362081.645983  x:  0.06595   4.77889   0.14647  
  3 952.3100 362066.735090  x:  0.06588   5.79943   0.15210  
  4 32.9094 362066.688451  x:  0.06586   5.79989   0.15073  
  5  0.0016 362066.688417  x:  0.06585   5.80127   0.15072  
  6  0.0011 362066.688416  x:  0.06585   5.80144   0.15072  
  7  0.0001 362066.688416  x:  0.06585   5.80146   0.15072  
  8  0.0000 362066.688416  x:  0.06585   5.80144   0.15072  
  9  0.0000 362066.688416  x:  0.06585   5.80145   0.15072  

7 (Bom_syl) ... 6 (Bom_pas)
  0  0.0000 362901.722597  x:  0.05608   4.69945   0.15096  
  1 99.0000 362813.303245  x:  0.06783   4.69948   0.15110  
  2 16118.1715 362813.228754  x:  0.06781   4.70046   0.15286  
  3 74.8527 362795.690164  x:  0.06776   5.78249   0.15793  
  4 48.7495 362795.681980  x:  0.06776   5.77701   0.15733  
  5  0.0051 362795.681964  x:  0.06776   5.77588   0.15732  
  6  0.0008 362795.681964  x:  0.06776   5.77583   0.15733  

8 (Bom_vet) ... 1 (Apis_mel)
  0  0.0000 445245.906889  x:  0.55438   4.60166   0.12786  
  1 99.0000 445019.001349  x:  0.55679   4.60145   0.09876  
  2 13776.7430 444955.313277  x:  0.60185   4.59930   0.09285  
  3 3055.5983 444935.259306  x:  0.59695   4.22667   0.09236  
  4 100.4930 444934.559961  x:  0.59663   4.21848   0.09370  
  5  0.0133 444934.556879  x:  0.59632   4.21643   0.09372  
  6  0.0020 444934.556854  x:  0.59631   4.21678   0.09373  
  7  0.0004 444934.556854  x:  0.59631   4.21678   0.09373  
  8  0.0000 444934.556854  x:  0.59631   4.21678   0.09373  
check convergence!


8 (Bom_vet) ... 2 (Bom_con)
  0  0.0000 376817.560246  x:  0.12172   3.53699   0.17374  
  1 99.0000 376771.399134  x:  0.11061   3.53756   0.16203  
  2 5530.3391 376686.817748  x:  0.11489   3.53976   0.12068  
  3 6258.1630 376585.347023  x:  0.11542   5.12280   0.13400  
  4 160.6652 376583.357177  x:  0.11683   5.12676   0.12868  
  5  0.0077 376583.340654  x:  0.11703   5.12947   0.12893  
  6  0.0029 376583.340445  x:  0.11704   5.13188   0.12891  
  7  0.0015 376583.340432  x:  0.11704   5.13223   0.12892  

8 (Bom_vet) ... 3 (Bom_hor)
  0  0.0000 363347.487067  x:  0.07186   4.20647   0.14590  
  1 99.0000 363342.234746  x:  0.06877   4.20652   0.14496  
  2 3198.0848 363335.490744  x:  0.06915   4.20727   0.12986  
  3 914.2045 363322.109149  x:  0.06909   5.00949   0.13467  
  4 37.1604 363322.078237  x:  0.06912   5.00855   0.13366  
  5  0.0015 363322.078234  x:  0.06912   5.00873   0.13366  
  6  0.0002 363322.078234  x:  0.06912   5.00884   0.13366  
  7  0.0001 363322.078233  x:  0.06912   5.00884   0.13366  
  8  0.0000 363322.078233  x:  0.06912   5.00883   0.13366  
  9  0.0000 363322.078233  x:  0.06912   5.00883   0.13366  
check convergence!


8 (Bom_vet) ... 4 (Bom_hyp)
  0  0.0000 363096.499840  x:  0.07175   4.26089   0.23361  
  1 99.0000 363075.755920  x:  0.06582   4.26102   0.22845  
  2 5123.8498 362845.315899  x:  0.06735   4.26380   0.12170  
  3 5678.8541 362814.846553  x:  0.06747   5.53867   0.13338  
  4 55.6568 362812.251085  x:  0.06857   5.58776   0.12574  
  5  0.0789 362811.992254  x:  0.06915   5.59217   0.12712  
  6  0.0057 362811.991151  x:  0.06916   5.59870   0.12702  
  7  0.0053 362811.991081  x:  0.06916   5.60035   0.12705  
  8  0.0013 362811.991081  x:  0.06916   5.60035   0.12705  
check convergence!


8 (Bom_vet) ... 5 (Bom_mus)
  0  0.0000 345331.890554  x:  0.01831   4.53782   0.20656  
  1 99.0000 345327.858969  x:  0.01968   4.53783   0.20636  
  2 5972.4122 345283.323919  x:  0.01975   4.53989   0.12429  
  3 882.2969 345274.512609  x:  0.01970   5.93049   0.13506  
  4 14.8825 345274.132720  x:  0.01971   5.96689   0.12878  
  5  0.0618 345274.130221  x:  0.01970   5.99501   0.12887  
  6  0.0172 345274.130211  x:  0.01970   5.99496   0.12889  
  7  0.0000 345274.130211  x:  0.01970   5.99498   0.12889  
  8  0.0000 345274.130211  x:  0.01970   5.99498   0.12889  

8 (Bom_vet) ... 6 (Bom_pas)
  0  0.0000 346047.253639  x:  0.02272   4.67244   0.09963  
  1 99.0000 346044.905811  x:  0.02158   4.67245   0.09988  
  2 3930.8829 346033.588408  x:  0.02159   4.67302   0.12986  
  3 896.0362 346018.278982  x:  0.02149   6.66835   0.13698  
  4 19.3725 346018.275526  x:  0.02150   6.63724   0.13662  
  5  0.0194 346018.275448  x:  0.02150   6.63628   0.13664  
  6  0.0009 346018.275444  x:  0.02150   6.63531   0.13664  
  7  0.0014 346018.275441  x:  0.02150   6.63434   0.13665  
  8  0.0026 346018.275439  x:  0.02150   6.63434   0.13665  
  9  0.2896 346018.275437  x:  0.02150   6.63434   0.13665  

8 (Bom_vet) ... 7 (Bom_syl)
  0  0.0000 362294.143896  x:  0.06689   5.39182   0.22490  
  1 99.0000 362287.136577  x:  0.06355   5.39187   0.22107  
  2 2710.6167 362205.434877  x:  0.06500   5.39266   0.15186  
  3 4422.7209 362203.381727  x:  0.06505   5.80209   0.15444  
  4 10.5264 362202.947688  x:  0.06590   5.79440   0.15331  
  5  0.0080 362202.944616  x:  0.06591   5.79249   0.15365  
  6  0.0030 362202.944612  x:  0.06591   5.79195   0.15365  