Supplemental results for CODEML (seqf: /home/yzliu/eDNA/faststorage/yzliu/DK_proj/data/ref_genome/ref_annotation/primary_transcripts/extracted_cds_new/new_transcript_id_8_bom_apis/bootstraps/cat.out.OG_cds_8_species_same_header_fas.shuf_211OG_747.phy  treef: xxx.trees)


pairwise comparison (Goldman & Yang 1994)
seq seq        N       S       dN       dS     dN/dS   Paras.
  2   1 188977.0  62858.0   0.0562   0.5965   0.0942   0.5732   3.8610   0.0942 -443458.663
  3   1 188555.1  63279.9   0.0561   0.6155   0.0912   0.5900   3.9672   0.0912 -444099.943
  3   2 183690.2  68144.8   0.0142   0.1110   0.1282   0.1212   5.4004   0.1282 -377224.816
  4   1 189108.8  62726.2   0.0550   0.6104   0.0901   0.5800   3.9170   0.0901 -442791.005
  4   2 184375.3  67459.7   0.0130   0.1037   0.1251   0.1118   5.2055   0.1251 -374597.475
  4   3 183602.5  68232.5   0.0077   0.0601   0.1273   0.0656   5.6531   0.1273 -361591.440
  5   1 189158.0  62677.0   0.0557   0.6126   0.0909   0.5828   3.8874   0.0909 -443309.399
  5   2 184286.2  67548.8   0.0144   0.1104   0.1301   0.1203   5.2694   0.1301 -376897.357
  5   3 184007.3  67827.7   0.0077   0.0616   0.1256   0.0667   5.3193   0.1256 -361891.265
  5   4 184205.4  67629.6   0.0076   0.0610   0.1245   0.0658   5.5140   0.1245 -361325.529
  6   1 189108.9  62726.1   0.0557   0.6130   0.0909   0.5836   3.9001   0.0909 -443365.439
  6   2 184265.1  67569.9   0.0145   0.1109   0.1310   0.1212   5.2678   0.1310 -377112.135
  6   3 183681.1  68153.9   0.0080   0.0620   0.1285   0.0677   5.5627   0.1285 -362163.208
  6   4 183875.0  67960.0   0.0079   0.0612   0.1291   0.0668   5.7773   0.1291 -361654.612
  6   5 184223.7  67611.3   0.0025   0.0207   0.1187   0.0221   5.4743   0.1187 -345865.082
  7   1 189186.3  62648.7   0.0564   0.6145   0.0917   0.5856   3.9120   0.0917 -443742.998
  7   2 184211.3  67623.7   0.0148   0.1146   0.1288   0.1247   5.3838   0.1288 -377881.968
  7   3 183711.6  68123.4   0.0082   0.0662   0.1236   0.0717   5.6157   0.1236 -363301.488
  7   4 183866.2  67968.8   0.0082   0.0646   0.1275   0.0703   5.8723   0.1275 -362689.666
  7   5 184196.2  67638.8   0.0075   0.0605   0.1246   0.0653   5.5767   0.1246 -361134.012
  7   6 183993.6  67841.4   0.0078   0.0603   0.1294   0.0659   5.7307   0.1294 -361360.030
  8   1 189022.9  62812.1   0.0557   0.6133   0.0908   0.5844   3.9156   0.0908 -443370.809
  8   2 184097.4  67737.6   0.0142   0.1099   0.1289   0.1198   5.3557   0.1289 -376715.579
  8   3 183698.3  68136.7   0.0077   0.0608   0.1273   0.0663   5.5035   0.1273 -361790.435
  8   4 183862.7  67972.3   0.0076   0.0605   0.1255   0.0656   5.7383   0.1255 -361312.702
  8   5 184436.7  67398.3   0.0020   0.0193   0.1060   0.0200   5.2608   0.1060 -344989.143
  8   6 183409.2  68425.8   0.0023   0.0200   0.1153   0.0214   6.1281   0.1153 -345547.475
  8   7 183858.5  67976.5   0.0075   0.0590   0.1273   0.0643   5.8003   0.1273 -360883.705

