

2 (And_ful) ... 1 (And_bic)
  0  0.0000 1035585.622126  x:  0.16074   1.59761   0.49824  
  1 99.0000 1029026.427517  x:  0.08865   1.65561   0.18341  
  2 30690.3895 1026450.674456  x:  0.08449   1.67647   0.06829  
  3 881645.4771 1022227.759152  x:  0.11471   4.64763   0.14756  
  4 4675.7299 1019861.212322  x:  0.13567   4.44526   0.06273  
  5  0.2926 1019282.442567  x:  0.15818   4.24085   0.08571  
  6  0.1253 1019119.562104  x:  0.16834   3.96918   0.06812  
  7  0.3001 1019089.197074  x:  0.16851   3.58116   0.06927  
  8  0.1393 1019086.679015  x:  0.16678   3.55175   0.06801  
  9  0.0236 1019086.631155  x:  0.16659   3.55936   0.06825  
 10  0.0093 1019086.631123  x:  0.16659   3.55902   0.06825  
 11  0.0004 1019086.631123  x:  0.16659   3.55901   0.06825  

3 (And_hae) ... 1 (And_bic)
  0  0.0000 1016277.386837  x:  0.15146   3.27640   0.07162  
  1 99.0000 1016235.089878  x:  0.16015   3.27649   0.06976  
  2 9897.1386 1016234.263681  x:  0.16003   3.27660   0.06842  
  3 1233.6723 1016225.648469  x:  0.16007   3.47762   0.06933  
  4 91.6607 1016225.628850  x:  0.15991   3.47227   0.06928  
  5  0.0050 1016225.628837  x:  0.15991   3.47212   0.06928  
  6  0.0001 1016225.628836  x:  0.15991   3.47212   0.06928  
  7  0.0000 1016225.628836  x:  0.15991   3.47212   0.06928  

3 (And_hae) ... 2 (And_ful)
  0  0.0000 1010419.688530  x:  0.13891   3.05631   0.09268  
  1 99.0000 1010231.046521  x:  0.15372   3.05686   0.07714  
  2 17653.9609 1010199.709329  x:  0.15062   3.05732   0.06954  
  3 8711.8504 1010072.084737  x:  0.15017   3.84812   0.07427  
  4 368.6324 1010071.592499  x:  0.14942   3.84785   0.07370  
  5  0.0010 1010071.592086  x:  0.14943   3.84834   0.07367  
  6  0.0005 1010071.592076  x:  0.14943   3.84858   0.07367  

4 (And_hat) ... 1 (And_bic)
  0  0.0000 997948.237319  x:  0.10022   3.31405   0.20215  
  1 99.0000 997265.810409  x:  0.12904   3.31433   0.18495  
  2 44664.4381 995342.376872  x:  0.12977   3.31609   0.07060  
  3 31640.7152 995336.660404  x:  0.12967   3.48861   0.07275  
  4 68.1301 995309.772862  x:  0.12491   3.54923   0.06819  
  5  0.0663 995303.528202  x:  0.12305   3.50549   0.07132  
  6  0.0994 995303.524433  x:  0.12307   3.50098   0.07129  
  7  0.0042 995303.524426  x:  0.12307   3.50096   0.07128  

4 (And_hat) ... 2 (And_ful)
  0  0.0000 1014432.136280  x:  0.12984   3.26658   0.13582  
  1 99.0000 1013500.443927  x:  0.16882   3.26715   0.10596  
  2 41535.2653 1012948.760117  x:  0.16562   3.26793   0.06535  
  3 32071.5833 1012869.244375  x:  0.16502   3.90665   0.06986  
  4 274.3512 1012826.461363  x:  0.15636   3.89368   0.06846  
  5  0.0138 1012826.033962  x:  0.15616   3.88428   0.06940  
  6  0.0143 1012826.029517  x:  0.15618   3.87922   0.06936  
  7  0.0039 1012826.029507  x:  0.15618   3.87916   0.06936  

4 (And_hat) ... 3 (And_hae)
  0  0.0000 1013975.262240  x:  0.16459   3.39857   0.18112  
  1 99.0000 1012698.280131  x:  0.12741   3.39956   0.12624  
  2 34928.2606 1011712.938722  x:  0.13500   3.40060   0.06683  
  3 59950.2115 1011639.354308  x:  0.13634   4.04751   0.07213  
  4 249.0384 1011468.492270  x:  0.15253   3.89814   0.07172  
  5  0.1595 1011468.060097  x:  0.15260   3.90293   0.07071  
  6  0.0087 1011468.056616  x:  0.15260   3.89832   0.07067  
  7  0.0040 1011468.056609  x:  0.15260   3.89827   0.07068  
  8  0.0000 1011468.056609  x:  0.15260   3.89828   0.07068  
  9  0.0000 1011468.056609  x:  0.15260   3.89828   0.07068  
 10  0.0000 1011468.056609  x:  0.15260   3.89828   0.07068  
check convergence!


5 (And_mar) ... 1 (And_bic)
  0  0.0000 977208.995996  x:  0.07732   3.53376   0.19995  
  1 99.0000 976869.092359  x:  0.09455   3.53382   0.19071  
  2 37408.2703 975266.219807  x:  0.09515   3.53457   0.06822  
  3 23086.7324 975247.934545  x:  0.09525   3.19410   0.06421  
  4 100.2646 975240.260250  x:  0.09396   3.11878   0.06828  
  5  0.1595 975235.096460  x:  0.09197   3.15649   0.06691  
  6  0.0527 975235.088977  x:  0.09198   3.15319   0.06675  
  7  0.0036 975235.088919  x:  0.09198   3.15369   0.06674  
  8  0.0005 975235.088919  x:  0.09198   3.15369   0.06674  
  9  0.0000 975235.088919  x:  0.09198   3.15369   0.06674  
 10  0.0000 975235.088919  x:  0.09198   3.15369   0.06674  
check convergence!


5 (And_mar) ... 2 (And_ful)
  0  0.0000 1017430.180316  x:  0.14771   2.86998   0.05852  
  1 99.0000 1017270.887339  x:  0.16208   2.87026   0.06587  
  2 20444.9382 1017270.508480  x:  0.16249   2.87152   0.06509  
  3 487.9316 1017149.476300  x:  0.16203   3.55964   0.06918  
  4 1207.6829 1017149.284888  x:  0.16240   3.55799   0.06865  
  5  0.0016 1017149.284675  x:  0.16239   3.55814   0.06863  
  6  0.0001 1017149.284674  x:  0.16239   3.55819   0.06863  
  7  0.0000 1017149.284674  x:  0.16239   3.55820   0.06863  
  8  0.0000 1017149.284674  x:  0.16239   3.55819   0.06863  

5 (And_mar) ... 3 (And_hae)
  0  0.0000 1014203.990525  x:  0.16392   3.08248   0.05283  
  1 99.0000 1014036.982969  x:  0.15629   3.08260   0.06943  
  2 20058.2471 1014035.645968  x:  0.15488   3.08278   0.06892  
  3 1766.1448 1013998.300465  x:  0.15512   3.48388   0.07046  
  4 203.4267 1013998.297405  x:  0.15506   3.48187   0.07046  
  5  0.0018 1013998.297360  x:  0.15506   3.48161   0.07047  
  6  0.0002 1013998.297359  x:  0.15506   3.48163   0.07047  
  7  0.0000 1013998.297359  x:  0.15506   3.48162   0.07047  
  8  0.0000 1013998.297359  x:  0.15506   3.48163   0.07047  

5 (And_mar) ... 4 (And_hat)
  0  0.0000 991602.879928  x:  0.11292   3.05316   0.08415  
  1 99.0000 991545.045599  x:  0.11962   3.05342   0.07406  
  2 9472.0298 991528.513354  x:  0.11712   3.05364   0.06834  
  3 7283.7294 991501.172082  x:  0.11694   3.43696   0.07058  
  4 153.4034 991501.057318  x:  0.11656   3.43461   0.07067  
  5  0.0026 991501.057144  x:  0.11656   3.43398   0.07065  
  6  0.0006 991501.057142  x:  0.11656   3.43389   0.07065  
  7  0.0001 991501.057142  x:  0.11656   3.43389   0.07065  
  8  0.0000 991501.057142  x:  0.11656   3.43389   0.07065  
check convergence!


6 (And_tri) ... 1 (And_bic)
  0  0.0000 992414.416031  x:  0.10568   3.09260   0.07808  
  1 99.0000 992289.473158  x:  0.11776   3.09258   0.07486  
  2 20824.7403 992272.982889  x:  0.11743   3.09253   0.06787  
  3 4646.4795 992268.989576  x:  0.11745   2.96593   0.06719  
  4 58.4531 992268.952302  x:  0.11730   2.95817   0.06706  
  5  0.0076 992268.951966  x:  0.11728   2.95880   0.06708  
  6  0.0006 992268.951966  x:  0.11728   2.95882   0.06707  
  7  0.0000 992268.951966  x:  0.11728   2.95882   0.06707  
check convergence!


6 (And_tri) ... 2 (And_ful)
  0  0.0000 1014553.576926  x:  0.13130   2.73119   0.14321  
  1 99.0000 1013381.770874  x:  0.17525   2.73244   0.09793  
  2 40248.8465 1012777.305094  x:  0.17078   2.73353   0.05887  
  3 42670.7053 1012601.869677  x:  0.16900   3.55181   0.06587  
  4 495.7068 1012493.767727  x:  0.15504   3.51016   0.06419  
  5  0.0416 1012492.972269  x:  0.15484   3.48624   0.06530  
  6  0.0313 1012492.909668  x:  0.15490   3.47032   0.06511  
  7  0.0123 1012492.909599  x:  0.15489   3.47022   0.06510  
  8  0.0001 1012492.909599  x:  0.15489   3.47022   0.06510  

6 (And_tri) ... 3 (And_hae)
  0  0.0000 1011698.670627  x:  0.12940   3.24194   0.11626  
  1 99.0000 1011091.263515  x:  0.15948   3.24222   0.09209  
  2 33511.9833 1010830.940248  x:  0.15580   3.24253   0.06563  
  3 23344.7121 1010821.888964  x:  0.15563   3.45212   0.06696  
  4 91.4974 1010803.290130  x:  0.15005   3.42790   0.06814  
  5  0.0234 1010803.265596  x:  0.15000   3.42729   0.06791  
  6  0.0009 1010803.265473  x:  0.14999   3.42661   0.06791  
  7  0.0007 1010803.265472  x:  0.14999   3.42659   0.06791  

6 (And_tri) ... 4 (And_hat)
  0  0.0000 990873.697167  x:  0.10855   2.98354   0.11681  
  1 99.0000 990483.706419  x:  0.12653   2.98420   0.08241  
  2 19674.5900 990326.879137  x:  0.12056   2.98461   0.06279  
  3 28533.7474 990284.547181  x:  0.11980   3.45980   0.06620  
  4 193.4966 990266.044931  x:  0.11526   3.41979   0.06875  
  5  0.0514 990266.006403  x:  0.11519   3.41174   0.06846  
  6  0.0081 990266.005439  x:  0.11520   3.40970   0.06847  
  7  0.0019 990266.005439  x:  0.11520   3.40970   0.06847  

6 (And_tri) ... 5 (And_mar)
  0  0.0000 989676.310781  x:  0.09634   2.95425   0.08870  
  1 99.0000 989426.876133  x:  0.11272   2.95426   0.08378  
  2 30900.1682 989360.944589  x:  0.11223   2.95428   0.06845  
  3 8511.1189 989359.159399  x:  0.11225   2.86768   0.06789  
  4 40.3498 989359.005770  x:  0.11184   2.86673   0.06810  
  5  0.0009 989359.004546  x:  0.11183   2.86694   0.06805  
  6  0.0003 989359.004546  x:  0.11183   2.86695   0.06805  
  7  0.0000 989359.004546  x:  0.11183   2.86695   0.06805  

7 (Bom_pas) ... 1 (And_bic)
  0  0.0000 1243710.085112  x:  1.16614   2.66319   0.07195  
  1 99.0000 1242936.020956  x:  1.16472   2.66373   0.05596  
  2 86609.7599 1242681.903907  x:  1.06523   2.75858   0.06237  
  3 3524.0495 1241688.156443  x:  1.19725   3.88386   0.06097  
  4 3301.6214 1241659.959962  x:  1.18237   3.91369   0.05911  
  5  0.0355 1241659.003669  x:  1.17772   3.93319   0.05959  
  6  0.0171 1241658.980808  x:  1.17864   3.93927   0.05955  
  7  0.0037 1241658.980784  x:  1.17865   3.93926   0.05955  

7 (Bom_pas) ... 2 (And_ful)
  0  0.0000 1257943.331071  x:  1.13214   3.36026   0.16296  
  1 99.0000 1245073.257807  x:  1.11944   3.36177   0.06106  
  2 165928.0982 1245030.811147  x:  1.14830   3.37177   0.05710  
  3 2698.2951 1244651.614917  x:  1.19572   4.20480   0.05839  
  4 1186.2133 1244610.847956  x:  1.23708   4.19475   0.05852  
  5  0.0595 1244608.730424  x:  1.24373   4.20112   0.05758  
  6  0.0085 1244608.705471  x:  1.24483   4.20740   0.05758  
  7  0.0048 1244608.705227  x:  1.24476   4.20781   0.05758  
  8  0.0004 1244608.705227  x:  1.24476   4.20781   0.05758  
  9  0.0000 1244608.705227  x:  1.24476   4.20781   0.05758  
check convergence!


7 (Bom_pas) ... 3 (And_hae)
  0  0.0000 1250885.039750  x:  1.24534   3.77521   0.13191  
  1 99.0000 1241415.400077  x:  1.23590   3.77590   0.05658  
  2 174799.7949 1241361.554089  x:  1.19150   3.78471   0.06157  
  3 2452.5069 1241320.609406  x:  1.21099   4.05059   0.06109  
  4 302.1160 1241278.775023  x:  1.17437   4.04418   0.06029  
  5  0.0576 1241278.467654  x:  1.17772   4.05428   0.05995  
  6  0.0113 1241278.466712  x:  1.17764   4.05533   0.05995  
  7  0.0010 1241278.466709  x:  1.17765   4.05538   0.05995  

7 (Bom_pas) ... 4 (And_hat)
  0  0.0000 1258093.396493  x:  1.32788   3.55174   0.15485  
  1 99.0000 1242060.700966  x:  1.31219   3.55312   0.05248  
  2 196786.8909 1241935.789506  x:  1.25355   3.56648   0.06028  
  3 4414.6677 1241769.214867  x:  1.29992   4.15343   0.05916  
  4 644.2481 1241545.231497  x:  1.18625   4.07318   0.06015  
  5  0.1800 1241541.866550  x:  1.19525   4.09168   0.05896  
  6  0.0213 1241541.824636  x:  1.19391   4.09111   0.05895  
  7  0.0017 1241541.824576  x:  1.19392   4.09144   0.05895  
  8  0.0003 1241541.824576  x:  1.19392   4.09145   0.05895  
  9  0.0000 1241541.824576  x:  1.19392   4.09145   0.05895  

7 (Bom_pas) ... 5 (And_mar)
  0  0.0000 1250978.786208  x:  1.11487   3.54236   0.15070  
  1 99.0000 1240639.035098  x:  1.10385   3.54326   0.06181  
  2 158523.4584 1240625.962500  x:  1.12137   3.54799   0.05952  
  3 1412.2681 1240547.876805  x:  1.14208   3.92376   0.05974  
  4 485.1573 1240535.395593  x:  1.16134   3.92453   0.06019  
  5  0.0310 1240535.228561  x:  1.16347   3.92558   0.05992  
  6  0.0022 1240535.228215  x:  1.16358   3.92630   0.05992  
  7  0.0006 1240535.228214  x:  1.16357   3.92632   0.05992  

7 (Bom_pas) ... 6 (And_tri)
  0  0.0000 1250339.349506  x:  1.34201   3.44490   0.11760  
  1 99.0000 1241058.013686  x:  1.33383   3.44570   0.05172  
  2 195493.4726 1240730.727986  x:  1.20081   3.47359   0.06498  
  3 5103.6556 1240611.628954  x:  1.24506   3.93040   0.06367  
  4 562.0034 1240332.429599  x:  1.14705   3.91689   0.06205  
  5  0.1517 1240318.331307  x:  1.16774   3.93758   0.05958  
  6  0.0370 1240318.271200  x:  1.16643   3.93251   0.05953  
  7  0.0054 1240318.270221  x:  1.16637   3.93127   0.05954  
  8  0.0011 1240318.270216  x:  1.16638   3.93126   0.05954  