Supplemental results for CODEML (seqf: /home/yzliu/eDNA/faststorage/yzliu/DK_proj/data/ref_genome/ref_annotation/primary_transcripts/extracted_cds_new/new_transcript_id_7_and_pas/bootstraps/cat.out.OG_cds_7_species_same_header_fas.shuf_537OG_497.phy  treef: xxx.trees)


pairwise comparison (Goldman & Yang 1994)
seq seq        N       S       dN       dS     dN/dS   Paras.
  2   1 453636.0 178329.0   0.0096   0.1697   0.0565   0.1643   3.6915   0.0565 -975799.885
  3   1 452648.3 179316.7   0.0092   0.1615   0.0571   0.1573   3.6813   0.0571 -972794.492
  3   2 451609.2 180355.8   0.0095   0.1538   0.0621   0.1522   4.0805   0.0621 -969859.339
  4   1 453015.1 178949.9   0.0071   0.1216   0.0586   0.1186   3.6295   0.0586 -952159.206
  4   2 450990.9 180974.1   0.0094   0.1566   0.0600   0.1546   4.1960   0.0600 -970507.128
  4   3 449472.5 182492.5   0.0091   0.1504   0.0605   0.1497   4.2598   0.0605 -968370.265
  5   1 456160.4 175804.6   0.0054   0.0938   0.0577   0.0900   3.1409   0.0577 -935258.447
  5   2 453092.8 178872.2   0.0099   0.1650   0.0597   0.1613   3.7297   0.0597 -975109.336
  5   3 452417.1 179547.9   0.0095   0.1555   0.0610   0.1529   3.6796   0.0610 -971472.872
  5   4 452640.0 179325.0   0.0072   0.1132   0.0637   0.1118   3.6489   0.0637 -949018.721
  6   1 457211.9 174753.1   0.0065   0.1193   0.0549   0.1132   3.0266   0.0549 -949577.117
  6   2 453392.1 178572.9   0.0089   0.1605   0.0555   0.1552   3.7036   0.0555 -971042.320
  6   3 452707.8 179257.2   0.0087   0.1526   0.0571   0.1486   3.6516   0.0571 -968384.831
  6   4 452815.2 179149.8   0.0067   0.1135   0.0588   0.1109   3.6383   0.0588 -947691.771
  6   5 457253.9 174711.1   0.0068   0.1129   0.0602   0.1084   2.9967   0.0602 -947651.449
  7   1 452039.4 179925.6   0.0643   1.1609   0.0554   1.1296   4.0040   0.0554 -1181777.518
  7   2 448785.3 183179.7   0.0652   1.2325   0.0529   1.2106   4.3191   0.0529 -1185188.719
  7   3 450669.8 181295.2   0.0645   1.1634   0.0555   1.1393   4.1717   0.0555 -1181672.299
  7   4 450491.7 181473.3   0.0643   1.1655   0.0552   1.1416   4.1875   0.0552 -1181509.403
  7   5 452315.0 179650.0   0.0644   1.1487   0.0560   1.1179   4.0033   0.0560 -1181151.949
  7   6 451939.6 180025.4   0.0640   1.1600   0.0552   1.1287   4.0415   0.0552 -1180943.290

