

2 (And_ful) ... 1 (And_bic)
  0  0.0000 1083277.992233  x:  0.14192   1.47114   0.37705  
  1 99.0000 1078799.319243  x:  0.30925   1.52112   0.09172  
  2 42993.8833 1077470.146424  x:  0.31493   1.52874   0.04289  
  3 248450.3405 1070818.799028  x:  0.20498   5.88673   0.14261  
  4 5122.8517 1068818.644023  x:  0.15161   5.55601   0.09498  
  5  0.2166 1068251.579564  x:  0.15976   4.95000   0.05879  
  6  0.9381 1068119.394113  x:  0.17352   4.61741   0.06313  
  7  0.2970 1068004.693250  x:  0.17343   3.79356   0.05527  
  8  0.3881 1067960.023805  x:  0.16829   3.57632   0.06094  
  9  0.2381 1067957.913918  x:  0.16716   3.65885   0.06137  
 10  0.1183 1067957.881394  x:  0.16698   3.65223   0.06125  
 11  0.0072 1067957.881280  x:  0.16699   3.65221   0.06124  
 12  0.0000 1067957.881280  x:  0.16699   3.65224   0.06124  

3 (And_hae) ... 1 (And_bic)
  0  0.0000 1064469.502827  x:  0.16226   3.37474   0.07405  
  1 99.0000 1064400.966489  x:  0.15701   3.37487   0.06381  
  2 11368.3284 1064399.084863  x:  0.15852   3.37495   0.06267  
  3 2048.1348 1064392.296795  x:  0.15861   3.55565   0.06348  
  4 79.2047 1064392.292894  x:  0.15862   3.55186   0.06343  
  5  0.0036 1064392.292873  x:  0.15862   3.55172   0.06343  
  6  0.0002 1064392.292873  x:  0.15862   3.55172   0.06343  

3 (And_hae) ... 2 (And_ful)
  0  0.0000 1061954.834189  x:  0.14323   3.27085   0.14564  
  1 99.0000 1060312.815434  x:  0.16341   3.27238   0.06518  
  2 30601.0564 1060251.650560  x:  0.15548   3.27266   0.05922  
  3 14001.0839 1060159.611113  x:  0.15360   3.94450   0.06471  
  4 303.4436 1060159.005253  x:  0.15284   3.92872   0.06541  
  5  0.0323 1060158.996494  x:  0.15280   3.92374   0.06530  
  6  0.0043 1060158.996328  x:  0.15281   3.92302   0.06531  

4 (And_hat) ... 1 (And_bic)
  0  0.0000 1042036.960975  x:  0.12927   3.30544   0.10458  
  1 99.0000 1041686.663151  x:  0.11177   3.30565   0.08444  
  2 24847.2563 1041499.587664  x:  0.11708   3.30589   0.06182  
  3 22079.3129 1041493.338919  x:  0.11723   3.49547   0.06296  
  4 68.7706 1041485.716249  x:  0.12008   3.47459   0.06419  
  5  0.0239 1041485.619759  x:  0.12019   3.47561   0.06372  
  6  0.0014 1041485.619733  x:  0.12018   3.47530   0.06371  
  7  0.0003 1041485.619733  x:  0.12018   3.47529   0.06371  

4 (And_hat) ... 2 (And_ful)
  0  0.0000 1065196.036075  x:  0.14118   3.19971   0.13368  
  1 99.0000 1063911.815311  x:  0.17901   3.20091   0.07578  
  2 35791.9550 1063670.968130  x:  0.17160   3.20139   0.05635  
  3 32089.1762 1063521.484094  x:  0.16947   4.07686   0.06164  
  4 389.7803 1063462.712714  x:  0.15950   3.99370   0.06419  
  5  0.1050 1063462.481161  x:  0.15938   3.95674   0.06401  
  6  0.0284 1063462.479176  x:  0.15944   3.95554   0.06400  
  7  0.0013 1063462.479175  x:  0.15944   3.95553   0.06400  
  8  0.0000 1063462.479175  x:  0.15944   3.95553   0.06400  

4 (And_hat) ... 3 (And_hae)
  0  0.0000 1063716.415859  x:  0.15552   3.49992   0.19712  
  1 99.0000 1061520.504026  x:  0.12045   3.50171   0.09499  
  2 33621.5082 1060897.620367  x:  0.12950   3.50234   0.05831  
  3 96244.8680 1060778.490347  x:  0.13233   4.37572   0.06435  
  4 304.1100 1060469.231973  x:  0.15175   3.92141   0.06991  
  5  0.5600 1060461.274216  x:  0.15266   3.96979   0.06607  
  6  0.0568 1060461.238315  x:  0.15274   3.95680   0.06591  
  7  0.0130 1060461.238248  x:  0.15274   3.95642   0.06592  
  8  0.0004 1060461.238248  x:  0.15274   3.95640   0.06592  
  9  0.0000 1060461.238248  x:  0.15274   3.95641   0.06592  
 10  0.0000 1060461.238248  x:  0.15274   3.95641   0.06592  

5 (And_mar) ... 1 (And_bic)
  0  0.0000 1022769.890282  x:  0.08048   3.54557   0.17206  
  1 99.0000 1022503.507912  x:  0.09596   3.54564   0.15710  
  2 26375.3862 1021316.212638  x:  0.09565   3.54596   0.06453  
  3 35086.0038 1021289.304531  x:  0.09587   3.12739   0.06034  
  4 119.1345 1021250.788906  x:  0.09078   3.03487   0.06586  
  5  0.1043 1021244.349786  x:  0.08944   3.09586   0.06270  
  6  0.1489 1021244.337008  x:  0.08950   3.09199   0.06253  
  7  0.0045 1021244.336920  x:  0.08951   3.09249   0.06254  

5 (And_mar) ... 2 (And_ful)
  0  0.0000 1067934.566185  x:  0.13396   2.99439   0.10307  
  1 99.0000 1067004.456495  x:  0.17141   2.99491   0.07968  
  2 45560.8178 1066801.399986  x:  0.16834   2.99543   0.05966  
  3 21337.7507 1066697.839953  x:  0.16782   3.63978   0.06361  
  4 358.3680 1066687.541979  x:  0.16364   3.63455   0.06287  
  5  0.0060 1066687.458004  x:  0.16353   3.63165   0.06325  
  6  0.0035 1066687.457440  x:  0.16353   3.63000   0.06324  
  7  0.0012 1066687.457440  x:  0.16353   3.63000   0.06324  

5 (And_mar) ... 3 (And_hae)
  0  0.0000 1063384.437170  x:  0.12449   3.20974   0.07177  
  1 99.0000 1062759.242826  x:  0.15443   3.20985   0.06920  
  2 45392.1330 1062750.309539  x:  0.15444   3.21004   0.06488  
  3 4031.8018 1062727.253348  x:  0.15445   3.52984   0.06638  
  4 153.0264 1062727.222011  x:  0.15435   3.52870   0.06616  
  5  0.0011 1062727.221540  x:  0.15432   3.52866   0.06618  
  6  0.0000 1062727.221540  x:  0.15432   3.52866   0.06618  
  7  0.0000 1062727.221540  x:  0.15432   3.52866   0.06618  
  8  0.0000 1062727.221540  x:  0.15432   3.52866   0.06618  
  9  0.0000 1062727.221540  x:  0.15432   3.52866   0.06618  
check convergence!


5 (And_mar) ... 4 (And_hat)
  0  0.0000 1042324.694724  x:  0.09808   3.10902   0.19800  
  1 99.0000 1041728.383058  x:  0.12429   3.10943   0.17822  
  2 39702.3639 1039755.294203  x:  0.12490   3.11164   0.06563  
  3 38136.7581 1039731.448412  x:  0.12458   3.49032   0.07068  
  4 151.6439 1039681.162523  x:  0.11856   3.54581   0.06415  
  5  0.0643 1039669.850424  x:  0.11612   3.47733   0.06801  
  6  0.1476 1039669.835976  x:  0.11612   3.46854   0.06790  
  7  0.0076 1039669.835961  x:  0.11612   3.46857   0.06790  
  8  0.0000 1039669.835961  x:  0.11612   3.46858   0.06790  

6 (And_tri) ... 1 (And_bic)
  0  0.0000 1039025.087853  x:  0.09351   3.11761   0.08788  
  1 99.0000 1038557.496194  x:  0.11534   3.11761   0.08160  
  2 44446.9016 1038437.424177  x:  0.11484   3.11761   0.06225  
  3 11927.4874 1038431.870793  x:  0.11488   2.96259   0.06133  
  4 68.5894 1038431.468285  x:  0.11424   2.95848   0.06169  
  5  0.0036 1038431.459710  x:  0.11420   2.95943   0.06157  
  6  0.0013 1038431.459704  x:  0.11420   2.95958   0.06157  

6 (And_tri) ... 2 (And_ful)
  0  0.0000 1067110.295878  x:  0.13166   2.94854   0.19330  
  1 99.0000 1065317.015606  x:  0.19105   2.95021   0.12703  
  2 46350.2887 1063652.421095  x:  0.19013   2.95184   0.05601  
  3 74460.3152 1063500.617668  x:  0.18809   3.73298   0.06400  
  4 438.9165 1063048.167294  x:  0.16059   3.73585   0.05533  
  5  0.0262 1063022.370378  x:  0.15764   3.64694   0.06109  
  6  0.1897 1063021.555097  x:  0.15816   3.59089   0.06084  
  7  0.0478 1063021.534639  x:  0.15804   3.58599   0.06072  
  8  0.0053 1063021.534500  x:  0.15805   3.58624   0.06071  
  9  0.0002 1063021.534500  x:  0.15805   3.58624   0.06071  
 10  0.0000 1063021.534500  x:  0.15805   3.58624   0.06071  
check convergence!


6 (And_tri) ... 3 (And_hae)
  0  0.0000 1060821.534079  x:  0.13232   3.37872   0.09407  
  1 99.0000 1060384.957916  x:  0.15663   3.37886   0.07644  
  2 30433.0786 1060290.071688  x:  0.15362   3.37897   0.06241  
  3 14724.5537 1060288.367771  x:  0.15358   3.46895   0.06287  
  4 38.5528 1060283.890558  x:  0.15095   3.46052   0.06376  
  5  0.0085 1060283.882102  x:  0.15092   3.46058   0.06364  
  6  0.0002 1060283.882101  x:  0.15092   3.46051   0.06364  
  7  0.0001 1060283.882101  x:  0.15092   3.46050   0.06364  
  8  0.0000 1060283.882101  x:  0.15092   3.46050   0.06364  

6 (And_tri) ... 4 (And_hat)
  0  0.0000 1039230.646622  x:  0.10198   3.05182   0.10524  
  1 99.0000 1038915.197771  x:  0.12056   3.05204   0.09183  
  2 29133.9007 1038659.171236  x:  0.11838   3.05252   0.06275  
  3 20974.1897 1038635.270067  x:  0.11815   3.40311   0.06521  
  4 145.4776 1038627.942586  x:  0.11524   3.39774   0.06477  
  5  0.0057 1038627.918140  x:  0.11520   3.39572   0.06501  
  6  0.0029 1038627.918010  x:  0.11520   3.39489   0.06500  
  7  0.0007 1038627.918009  x:  0.11520   3.39488   0.06501  
  8  0.0000 1038627.918009  x:  0.11520   3.39488   0.06501  

6 (And_tri) ... 5 (And_mar)
  0  0.0000 1037970.958895  x:  0.09360   2.99329   0.14728  
  1 99.0000 1037496.713104  x:  0.11603   2.99343   0.13257  
  2 38278.1646 1036580.690982  x:  0.11535   2.99403   0.06480  
  3 29161.0598 1036579.405070  x:  0.11539   2.92357   0.06407  
  4 33.5975 1036556.670536  x:  0.11042   2.89926   0.06597  
  5  0.0226 1036556.184454  x:  0.11024   2.90956   0.06495  
  6  0.0230 1036556.184367  x:  0.11024   2.90960   0.06494  
  7  0.0000 1036556.184367  x:  0.11024   2.90960   0.06494  
  8  0.0000 1036556.184367  x:  0.11024   2.90960   0.06494  
check convergence!


7 (Bom_pas) ... 1 (And_bic)
  0  0.0000 1311680.065685  x:  1.20242   2.85453   0.15340  
  1 99.0000 1295150.492126  x:  1.18691   2.85682   0.05126  
  2 203235.2086 1295048.992504  x:  1.14246   2.88652   0.05761  
  3 3965.3240 1294146.548763  x:  1.25244   4.04698   0.05604  
  4 2399.7880 1293987.800720  x:  1.17897   4.06259   0.05507  
  5  0.0956 1293987.478615  x:  1.17773   4.08320   0.05519  
  6  0.0146 1293987.451975  x:  1.17906   4.08780   0.05513  
  7  0.0044 1293987.451954  x:  1.17905   4.08782   0.05513  

7 (Bom_pas) ... 2 (And_ful)
  0  0.0000 1300556.096060  x:  1.46145   3.58109   0.06164  
  1 99.0000 1299109.850154  x:  1.45999   3.58133   0.04415  
  2 143716.7436 1298240.180818  x:  1.20415   3.64782   0.05565  
  3 5833.2496 1297979.708622  x:  1.28698   4.35968   0.05436  
  4 817.9715 1297941.930951  x:  1.26067   4.40341   0.05308  
  5  0.0571 1297941.285957  x:  1.26639   4.40818   0.05263  
  6  0.0082 1297941.280573  x:  1.26669   4.41181   0.05264  
  7  0.0027 1297941.280571  x:  1.26668   4.41183   0.05263  

7 (Bom_pas) ... 3 (And_hae)
  0  0.0000 1294902.809189  x:  1.20995   3.63087   0.06096  
  1 99.0000 1294673.154431  x:  1.20927   3.63101   0.05313  
  2 55143.4723 1294588.490153  x:  1.14276   3.65689   0.05641  
  3 2288.5866 1294415.825208  x:  1.19303   4.23812   0.05575  
  4 695.8173 1294414.535123  x:  1.18905   4.24156   0.05542  
  5  0.0055 1294414.531933  x:  1.18878   4.24268   0.05545  
  6  0.0011 1294414.531916  x:  1.18881   4.24286   0.05544  
  7  0.0001 1294414.531916  x:  1.18881   4.24286   0.05544  
check convergence!


7 (Bom_pas) ... 4 (And_hat)
  0  0.0000 1309434.746613  x:  1.10849   3.80931   0.16667  
  1 99.0000 1294615.764175  x:  1.09448   3.81035   0.05837  
  2 175469.7665 1294575.973612  x:  1.11968   3.81270   0.05469  
  3 3040.5478 1294485.916338  x:  1.14303   4.24526   0.05475  
  4 449.2378 1294414.083509  x:  1.19269   4.25002   0.05543  
  5  0.0744 1294412.648359  x:  1.19843   4.25944   0.05470  
  6  0.0101 1294412.636247  x:  1.19914   4.26343   0.05471  
  7  0.0035 1294412.636232  x:  1.19913   4.26355   0.05471  

7 (Bom_pas) ... 5 (And_mar)
  0  0.0000 1304416.916554  x:  1.05092   3.76496   0.15061  
  1 99.0000 1293642.812305  x:  1.04160   3.76564   0.06086  
  2 163565.4519 1293531.190465  x:  1.08612   3.76624   0.05492  
  3 4763.7166 1293487.950670  x:  1.10137   4.05776   0.05501  
  4 308.7643 1293367.607745  x:  1.15457   4.05657   0.05686  
  5  0.0920 1293363.740654  x:  1.16549   4.06892   0.05567  
  6  0.0139 1293363.713639  x:  1.16644   4.07409   0.05568  
  7  0.0047 1293363.713621  x:  1.16645   4.07420   0.05568  
  8  0.0001 1293363.713621  x:  1.16645   4.07420   0.05568  
  9  0.0000 1293363.713621  x:  1.16644   4.07420   0.05568  

7 (Bom_pas) ... 6 (And_tri)
  0  0.0000 1311053.028805  x:  1.35004   3.49173   0.14213  
  1 99.0000 1294164.930800  x:  1.33632   3.49302   0.04734  
  2 223930.6596 1293945.960479  x:  1.25437   3.51119   0.05725  
  3 5740.6804 1293716.965041  x:  1.31018   4.17151   0.05586  
  4 770.6846 1293325.446410  x:  1.16194   4.07420   0.05729  
  5  0.2326 1293313.111931  x:  1.17909   4.11846   0.05517  
  6  0.0498 1293312.856225  x:  1.17597   4.11760   0.05515  
  7  0.0038 1293312.855782  x:  1.17595   4.11832   0.05516  
  8  0.0006 1293312.855775  x:  1.17597   4.11841   0.05516  
  9  0.0001 1293312.855775  x:  1.17597   4.11840   0.05516  