Supplemental results for CODEML (seqf: /home/yzliu/eDNA/faststorage/yzliu/DK_proj/data/ref_genome/ref_annotation/primary_transcripts/extracted_cds_new/new_transcript_id_8_bom_apis/bootstraps/cat.out.OG_cds_8_species_same_header_fas.shuf_211OG_390.phy  treef: xxx.trees)


pairwise comparison (Goldman & Yang 1994)
seq seq        N       S       dN       dS     dN/dS   Paras.
  2   1 158931.8  52994.2   0.0558   0.5638   0.0990   0.5485   3.9112   0.0990 -372939.551
  3   1 158935.5  52990.5   0.0564   0.5838   0.0966   0.5648   3.8533   0.0966 -374125.156
  3   2 155519.8  56406.2   0.0145   0.1081   0.1341   0.1182   5.1307   0.1341 -317557.895
  4   1 159091.0  52835.0   0.0547   0.5716   0.0958   0.5508   3.9198   0.0958 -372413.236
  4   2 155163.7  56762.3   0.0130   0.0982   0.1326   0.1075   5.7484   0.1326 -314746.489
  4   3 155755.8  56170.2   0.0087   0.0643   0.1355   0.0704   5.0617   0.1355 -306189.000
  5   1 159187.8  52738.2   0.0553   0.5800   0.0953   0.5576   3.8846   0.0953 -372989.090
  5   2 155364.7  56561.3   0.0142   0.1047   0.1356   0.1150   5.5779   0.1356 -316539.059
  5   3 156185.3  55740.7   0.0091   0.0654   0.1391   0.0718   4.7236   0.1391 -306675.757
  5   4 155136.2  56789.8   0.0082   0.0607   0.1345   0.0667   6.0258   0.1345 -304811.791
  6   1 159175.7  52750.3   0.0555   0.5770   0.0962   0.5560   3.8684   0.0962 -373058.278
  6   2 155506.2  56419.8   0.0145   0.1044   0.1384   0.1152   5.3929   0.1384 -316728.334
  6   3 156185.5  55740.5   0.0092   0.0645   0.1430   0.0713   4.6945   0.1430 -306593.542
  6   4 155100.4  56825.6   0.0085   0.0596   0.1429   0.0667   6.0238   0.1429 -304928.802
  6   5 155550.5  56375.5   0.0026   0.0192   0.1362   0.0211   5.5655   0.1362 -291216.388
  7   1 159160.8  52765.2   0.0570   0.5824   0.0979   0.5634   3.9269   0.0979 -373873.488
  7   2 155381.0  56545.0   0.0156   0.1093   0.1430   0.1219   5.5967   0.1430 -318252.996
  7   3 155997.8  55928.2   0.0104   0.0699   0.1493   0.0784   4.9133   0.1493 -308488.129
  7   4 155175.7  56750.3   0.0098   0.0650   0.1515   0.0738   6.0193   0.1515 -306929.586
  7   5 155542.7  56383.3   0.0093   0.0598   0.1549   0.0681   5.6508   0.1549 -305551.555
  7   6 155651.5  56274.5   0.0095   0.0586   0.1624   0.0677   5.4948   0.1624 -305592.568
  8   1 159140.8  52785.2   0.0556   0.5795   0.0959   0.5581   3.8807   0.0959 -373165.429
  8   2 155346.9  56579.1   0.0142   0.1029   0.1382   0.1136   5.5409   0.1382 -316371.576
  8   3 156169.3  55756.7   0.0091   0.0639   0.1421   0.0705   4.6952   0.1421 -306451.108
  8   4 155046.8  56879.2   0.0083   0.0597   0.1385   0.0663   6.0685   0.1385 -304804.417
  8   5 155016.1  56909.9   0.0024   0.0178   0.1346   0.0196   6.1619   0.1346 -290691.402
  8   6 155548.9  56377.1   0.0026   0.0180   0.1465   0.0202   5.5110   0.1465 -291007.219
  8   7 155437.9  56488.1   0.0093   0.0581   0.1600   0.0669   5.7071   0.1600 -305352.188

