

2 (Bom_con) ... 1 (Apis_mel)
  0  0.0000 398254.925805  x:  0.50785   1.37036   0.44149  
  1 99.0000 389644.649791  x:  0.37384   1.44496   0.09382  
  2 25861.2481 389411.048829  x:  0.39059   1.45257   0.07119  
  3 20996.6082 386724.439177  x:  0.50483   3.32154   0.10788  
  4 4392.3653 386565.362342  x:  0.52125   3.43252   0.08426  
  5  0.0635 386551.646657  x:  0.53988   3.56278   0.08467  
  6  0.0624 386547.468548  x:  0.53663   3.69518   0.08433  
  7  0.0591 386547.304767  x:  0.53613   3.70169   0.08503  
  8  0.0082 386547.304310  x:  0.53625   3.70253   0.08503  
  9  0.0008 386547.304310  x:  0.53625   3.70257   0.08503  

3 (Bom_hor) ... 1 (Apis_mel)
  0  0.0000 387963.362437  x:  0.50795   3.28053   0.12750  
  1 99.0000 387527.022162  x:  0.50834   3.28116   0.08568  
  2 17520.1824 387480.563507  x:  0.54495   3.28346   0.08058  
  3 2651.8847 387437.931982  x:  0.55078   3.76347   0.08262  
  4 191.7223 387437.746798  x:  0.55167   3.76065   0.08317  
  5  0.0050 387437.736517  x:  0.55219   3.76006   0.08305  
  6  0.0007 387437.736517  x:  0.55219   3.76006   0.08305  

3 (Bom_hor) ... 2 (Bom_con)
  0  0.0000 331896.027354  x:  0.09935   3.22699   0.18321  
  1 99.0000 331769.918865  x:  0.12005   3.22745   0.17361  
  2 11846.7327 331546.893750  x:  0.11999   3.23079   0.10403  
  3 6056.2804 331424.826982  x:  0.11940   5.01601   0.12329  
  4 185.0131 331414.900584  x:  0.11871   5.04722   0.11067  
  5  0.0506 331414.759369  x:  0.11803   5.05878   0.11029  
  6  0.0101 331414.756757  x:  0.11800   5.06320   0.11049  
  7  0.0040 331414.756300  x:  0.11802   5.06715   0.11047  
  8  0.0023 331414.756300  x:  0.11802   5.06716   0.11047  
  9  0.0000 331414.756300  x:  0.11802   5.06716   0.11047  

4 (Bom_hyp) ... 1 (Apis_mel)
  0  0.0000 386575.214623  x:  0.47142   4.16644   0.12067  
  1 99.0000 386306.642498  x:  0.48110   4.16612   0.08744  
  2 13462.7629 386165.325074  x:  0.54539   4.16382   0.08285  
  3 5314.1579 386136.622653  x:  0.54090   3.71712   0.08170  
  4 120.9322 386136.435638  x:  0.53991   3.71418   0.08243  
  5  0.0050 386136.420292  x:  0.53927   3.71462   0.08241  
  6  0.0007 386136.420289  x:  0.53927   3.71450   0.08241  
  7  0.0001 386136.420289  x:  0.53927   3.71451   0.08241  

4 (Bom_hyp) ... 2 (Bom_con)
  0  0.0000 329604.089439  x:  0.08734   3.31054   0.15288  
  1 99.0000 329434.585494  x:  0.10985   3.31083   0.14742  
  2 16003.2305 329327.796301  x:  0.11005   3.31331   0.10017  
  3 4073.1694 329209.009598  x:  0.10970   5.11688   0.11560  
  4 168.5817 329205.653940  x:  0.10963   5.15469   0.10804  
  5  0.0488 329205.580479  x:  0.10947   5.21156   0.10812  
  6  0.0278 329205.578429  x:  0.10952   5.21378   0.10826  
  7  0.0019 329205.578366  x:  0.10953   5.21418   0.10823  

4 (Bom_hyp) ... 3 (Bom_hor)
  0  0.0000 319469.894045  x:  0.06541   4.23742   0.21568  
  1 99.0000 319430.533222  x:  0.07472   4.23781   0.19349  
  2 3419.7257 319254.606681  x:  0.07301   4.23938   0.10556  
  3 19123.7844 319243.682838  x:  0.07253   5.02675   0.11220  
  4 29.7567 319232.676301  x:  0.06786   5.00141   0.10928  
  5  0.0281 319232.571295  x:  0.06772   4.97902   0.11083  
  6  0.0411 319232.567417  x:  0.06770   4.96498   0.11064  
  7  0.0119 319232.567374  x:  0.06771   4.96425   0.11065  
  8  0.0007 319232.567374  x:  0.06771   4.96426   0.11065  

5 (Bom_mus) ... 1 (Apis_mel)
  0  0.0000 387862.178991  x:  0.45107   4.09531   0.14899  
  1 99.0000 387120.139750  x:  0.46938   4.09505   0.08828  
  2 18644.4091 386867.817129  x:  0.55442   4.09306   0.08317  
  3 7317.5201 386852.102100  x:  0.55140   3.76717   0.08197  
  4 92.0233 386852.042932  x:  0.55051   3.76370   0.08235  
  5  0.0053 386852.025145  x:  0.54990   3.76357   0.08228  
  6  0.0008 386852.025136  x:  0.54990   3.76381   0.08228  

5 (Bom_mus) ... 2 (Bom_con)
  0  0.0000 331166.746982  x:  0.09652   3.28144   0.14052  
  1 99.0000 331038.404504  x:  0.11706   3.28177   0.13533  
  2 13056.5123 330978.112541  x:  0.11707   3.28388   0.10208  
  3 3414.6474 330855.966378  x:  0.11674   5.07880   0.11628  
  4 177.6158 330853.686554  x:  0.11671   5.08849   0.11011  
  5  0.0132 330853.676702  x:  0.11666   5.10549   0.10996  
  6  0.0098 330853.675711  x:  0.11667   5.10913   0.11008  
  7  0.0031 330853.675700  x:  0.11667   5.10925   0.11007  
  8  0.0001 330853.675700  x:  0.11667   5.10925   0.11007  
  9  0.0000 330853.675700  x:  0.11667   5.10925   0.11007  
 10  0.0000 330853.675700  x:  0.11667   5.10925   0.11007  
check convergence!


5 (Bom_mus) ... 3 (Bom_hor)
  0  0.0000 320033.913072  x:  0.06528   4.15103   0.09895  
  1 99.0000 320019.008948  x:  0.07083   4.15105   0.10015  
  2 5473.2491 320013.604861  x:  0.07042   4.15128   0.11182  
  3 1001.2302 320007.906502  x:  0.07036   4.68404   0.11408  
  4 23.0396 320007.905244  x:  0.07031   4.68265   0.11412  
  5  0.0013 320007.905242  x:  0.07031   4.68242   0.11412  
  6  0.0002 320007.905242  x:  0.07031   4.68242   0.11413  

5 (Bom_mus) ... 4 (Bom_hyp)
  0  0.0000 319335.482990  x:  0.05454   3.93475   0.23339  
  1 99.0000 319239.798112  x:  0.06745   3.93482   0.23045  
  2 15617.1740 318922.119441  x:  0.06800   3.93798   0.10175  
  3 3718.2889 318900.183672  x:  0.06789   4.96342   0.11273  
  4 48.7106 318898.284106  x:  0.06791   5.03628   0.10588  
  5  0.1695 318898.259534  x:  0.06783   5.07590   0.10613  
  6  0.0260 318898.259444  x:  0.06784   5.07617   0.10613  
  7  0.0002 318898.259444  x:  0.06784   5.07631   0.10613  
  8  0.0001 318898.259443  x:  0.06784   5.07631   0.10613  

6 (Bom_pas) ... 1 (Apis_mel)
  0  0.0000 387602.545441  x:  0.43505   4.34412   0.10606  
  1 99.0000 387239.600968  x:  0.48978   4.34291   0.07679  
  2 10902.2564 387035.645908  x:  0.54081   4.34151   0.08941  
  3 18075.8982 386987.897220  x:  0.53641   3.75698   0.08811  
  4 150.9713 386975.368395  x:  0.55013   3.77138   0.08245  
  5  0.0168 386975.353963  x:  0.55060   3.76923   0.08253  
  6  0.0020 386975.353835  x:  0.55064   3.77001   0.08252  
  7  0.0009 386975.353834  x:  0.55064   3.76998   0.08252  

6 (Bom_pas) ... 2 (Bom_con)
  0  0.0000 331517.621644  x:  0.12166   3.24318   0.16780  
  1 99.0000 331442.740360  x:  0.10759   3.24427   0.14640  
  2 5589.1772 331335.834438  x:  0.11358   3.24672   0.10250  
  3 9772.7246 331194.076493  x:  0.11479   5.23772   0.12040  
  4 195.4208 331188.816566  x:  0.11770   5.21677   0.11260  
  5  0.0240 331188.777251  x:  0.11800   5.20445   0.11299  
  6  0.0124 331188.772632  x:  0.11799   5.19130   0.11284  
  7  0.0071 331188.772455  x:  0.11797   5.19043   0.11287  
  8  0.0008 331188.772455  x:  0.11797   5.19044   0.11287  
  9  0.0000 331188.772455  x:  0.11797   5.19044   0.11287  
check convergence!


6 (Bom_pas) ... 3 (Bom_hor)
  0  0.0000 320603.163002  x:  0.06198   4.41575   0.12774  
  1 99.0000 320550.414374  x:  0.07215   4.41578   0.12723  
  2 10939.7882 320547.009758  x:  0.07224   4.41614   0.11700  
  3 639.4909 320542.527661  x:  0.07220   4.92628   0.11953  
  4 19.2482 320542.518489  x:  0.07222   4.91569   0.11902  
  5  0.0108 320542.518388  x:  0.07222   4.91345   0.11904  
  6  0.0020 320542.518387  x:  0.07222   4.91347   0.11904  

6 (Bom_pas) ... 4 (Bom_hyp)
  0  0.0000 319659.787591  x:  0.05761   3.97544   0.16367  
  1 99.0000 319582.586502  x:  0.06953   3.97551   0.16159  
  2 13670.4434 319507.116400  x:  0.06977   3.97715   0.10844  
  3 2479.8793 319475.867333  x:  0.06963   5.29398   0.11812  
  4 56.4450 319475.217967  x:  0.06965   5.31019   0.11381  
  5  0.0240 319475.215875  x:  0.06964   5.32256   0.11381  
  6  0.0077 319475.215848  x:  0.06964   5.32294   0.11384  
  7  0.0004 319475.215848  x:  0.06964   5.32295   0.11383  
  8  0.0000 319475.215848  x:  0.06964   5.32295   0.11384  
  9  0.0000 319475.215848  x:  0.06964   5.32296   0.11383  

6 (Bom_pas) ... 5 (Bom_mus)
  0  0.0000 305050.697008  x:  0.02047   4.52855   0.12035  
  1 99.0000 305044.800891  x:  0.02238   4.52855   0.12024  
  2 6441.3830 305041.042774  x:  0.02241   4.52929   0.10244  
  3 394.0428 305032.175487  x:  0.02233   5.98882   0.10926  
  4 14.5081 305032.118796  x:  0.02232   5.98646   0.10710  
  5  0.0035 305032.118776  x:  0.02232   5.98884   0.10710  
  6  0.0035 305032.118765  x:  0.02232   5.98864   0.10710  
  7  0.0005 305032.118763  x:  0.02232   5.98838   0.10710  
  8  0.0016 305032.118763  x:  0.02232   5.98838   0.10710  
check convergence!


7 (Bom_syl) ... 1 (Apis_mel)
  0  0.0000 387966.825825  x:  0.42422   4.94301   0.13852  
  1 99.0000 387351.887629  x:  0.46106   4.94191   0.08700  
  2 16223.1078 387022.167480  x:  0.54527   4.93874   0.09390  
  3 11317.2100 386842.265855  x:  0.53751   3.72905   0.09074  
  4 256.4616 386827.643112  x:  0.54386   3.74554   0.08407  
  5  0.0281 386827.617531  x:  0.54406   3.73497   0.08392  
  6  0.0149 386827.616628  x:  0.54420   3.73620   0.08389  
  7  0.0013 386827.616604  x:  0.54421   3.73615   0.08389  

7 (Bom_syl) ... 2 (Bom_con)
  0  0.0000 331963.645204  x:  0.11188   3.22766   0.16014  
  1 99.0000 331905.162635  x:  0.12681   3.22874   0.14233  
  2 5356.5666 331822.801556  x:  0.12352   3.23118   0.10430  
  3 7624.0045 331661.625007  x:  0.12213   5.29534   0.12247  
  4 210.0333 331656.998343  x:  0.11979   5.30534   0.11533  
  5  0.0136 331656.984810  x:  0.11959   5.31565   0.11551  
  6  0.0089 331656.982285  x:  0.11963   5.32561   0.11549  
  7  0.0052 331656.982273  x:  0.11963   5.32566   0.11551  

7 (Bom_syl) ... 3 (Bom_hor)
  0  0.0000 320782.592823  x:  0.06679   4.39797   0.22446  
  1 99.0000 320759.275367  x:  0.07381   4.39806   0.21964  
  2 5680.4360 320533.216986  x:  0.07391   4.39996   0.11307  
  3 4732.2302 320523.211931  x:  0.07377   5.14560   0.11960  
  4 29.2598 320522.231222  x:  0.07308   5.18232   0.11521  
  5  0.0596 320522.050786  x:  0.07252   5.18112   0.11638  
  6  0.0022 320522.050768  x:  0.07252   5.18157   0.11636  
  7  0.0004 320522.050768  x:  0.07252   5.18166   0.11637  
  8  0.0001 320522.050768  x:  0.07252   5.18174   0.11637  
  9  0.0001 320522.050768  x:  0.07252   5.18174   0.11637  
check convergence!


7 (Bom_syl) ... 4 (Bom_hyp)
  0  0.0000 319509.834501  x:  0.06600   4.13720   0.16826  
  1 99.0000 319496.988400  x:  0.07116   4.13733   0.16384  
  2 3884.3940 319414.146889  x:  0.07059   4.13901   0.10805  
  3 4252.1801 319377.942186  x:  0.07029   5.64328   0.11872  
  4 57.6085 319376.846476  x:  0.06974   5.67063   0.11363  
  5  0.0372 319376.812771  x:  0.06949   5.68373   0.11406  
  6  0.0133 319376.811870  x:  0.06950   5.69273   0.11406  
  7  0.0054 319376.811865  x:  0.06950   5.69276   0.11407  
  8  0.0000 319376.811865  x:  0.06950   5.69276   0.11407  
check convergence!


7 (Bom_syl) ... 5 (Bom_mus)
  0  0.0000 318558.928455  x:  0.06171   4.53119   0.13499  
  1 99.0000 318549.852620  x:  0.06590   4.53122   0.13396  
  2 4352.6943 318538.934816  x:  0.06591   4.53171   0.11446  
  3 1109.3122 318532.484688  x:  0.06585   5.21069   0.11787  
  4 21.3223 318532.457261  x:  0.06580   5.19582   0.11697  
  5  0.0164 318532.456740  x:  0.06579   5.19033   0.11700  
  6  0.0047 318532.456738  x:  0.06579   5.19013   0.11700  
  7  0.0002 318532.456738  x:  0.06579   5.19015   0.11700  

7 (Bom_syl) ... 6 (Bom_pas)
  0  0.0000 319142.982373  x:  0.06556   4.28058   0.11747  
  1 99.0000 319140.458657  x:  0.06781   4.28062   0.11762  
  2 2277.0253 319140.334000  x:  0.06777   4.28137   0.11961  
  3 119.0090 319118.433596  x:  0.06766   5.48870   0.12502  
  4 48.6549 319118.416483  x:  0.06769   5.48028   0.12425  
  5  0.0076 319118.416431  x:  0.06769   5.47826   0.12424  
  6  0.0014 319118.416431  x:  0.06769   5.47816   0.12424  
  7  0.0001 319118.416431  x:  0.06769   5.47822   0.12424  
  8  0.0000 319118.416431  x:  0.06769   5.47821   0.12424  

8 (Bom_vet) ... 1 (Apis_mel)
  0  0.0000 388657.991740  x:  0.45059   4.38532   0.18451  
  1 99.0000 387243.952375  x:  0.47021   4.38483   0.09011  
  2 21468.6062 386981.544652  x:  0.55844   4.38192   0.08117  
  3 7110.5758 386932.456038  x:  0.55249   3.78049   0.07878  
  4 150.9058 386927.315971  x:  0.55165   3.74890   0.08231  
  5  0.1055 386927.193561  x:  0.55001   3.76108   0.08250  
  6  0.0109 386927.190338  x:  0.54981   3.75707   0.08250  
  7  0.0048 386927.190336  x:  0.54981   3.75706   0.08250  

8 (Bom_vet) ... 2 (Bom_con)
  0  0.0000 331172.590383  x:  0.09772   3.45235   0.14919  
  1 99.0000 331057.043094  x:  0.11731   3.45267   0.14324  
  2 12113.7062 330977.566459  x:  0.11724   3.45477   0.10376  
  3 3825.0459 330867.241038  x:  0.11693   5.21270   0.11747  
  4 158.9836 330864.939625  x:  0.11676   5.23929   0.11133  
  5  0.0332 330864.902665  x:  0.11660   5.27599   0.11130  
  6  0.0203 330864.900670  x:  0.11665   5.28006   0.11144  
  7  0.0034 330864.900624  x:  0.11666   5.28044   0.11142  
  8  0.0003 330864.900624  x:  0.11666   5.28044   0.11142  
  9  0.0000 330864.900624  x:  0.11666   5.28044   0.11142  
 10  0.0000 330864.900624  x:  0.11666   5.28044   0.11142  
 11  0.0083 330864.900624  x:  0.11666   5.28044   0.11142  
 12  0.0004 330864.900624  x:  0.11666   5.28044   0.11142  
check convergence!


8 (Bom_vet) ... 3 (Bom_hor)
  0  0.0000 320176.551811  x:  0.06902   4.39857   0.23095  
  1 99.0000 320012.684919  x:  0.05943   4.39986   0.14150  
  2 3104.5512 319955.256476  x:  0.06501   4.40037   0.10621  
  3 44148.3047 319947.921974  x:  0.06562   5.04939   0.11149  
  4 22.0731 319936.824445  x:  0.06930   4.82053   0.12037  
  5  0.3686 319936.487481  x:  0.06979   4.82854   0.11769  
  6  0.0082 319936.486835  x:  0.06979   4.82241   0.11764  
  7  0.0057 319936.486833  x:  0.06979   4.82239   0.11764  
  8  0.0000 319936.486833  x:  0.06979   4.82244   0.11764  
  9  0.0001 319936.486833  x:  0.06979   4.82244   0.11764  
 10  0.0000 319936.486833  x:  0.06979   4.82244   0.11764  
check convergence!


8 (Bom_vet) ... 4 (Bom_hyp)
  0  0.0000 319259.858145  x:  0.06494   4.07702   0.20429  
  1 99.0000 319238.392420  x:  0.07167   4.07726   0.19482  
  2 3824.8486 319060.885588  x:  0.07091   4.07946   0.10575  
  3 9014.6052 319034.647205  x:  0.07050   5.30047   0.11639  
  4 49.8283 319030.969749  x:  0.06866   5.34774   0.10928  
  5  0.0629 319030.611733  x:  0.06801   5.34265   0.11146  
  6  0.0080 319030.611615  x:  0.06800   5.34353   0.11142  
  7  0.0009 319030.611613  x:  0.06800   5.34390   0.11142  
  8  0.0002 319030.611613  x:  0.06800   5.34391   0.11142  

8 (Bom_vet) ... 5 (Bom_mus)
  0  0.0000 304340.484685  x:  0.01633   4.34327   0.20940  
  1 99.0000 304314.698622  x:  0.01991   4.34327   0.20915  
  2 15447.9895 304233.203280  x:  0.02001   4.34536   0.09900  
  3 1077.0175 304228.480059  x:  0.01998   5.31931   0.10719  
  4 10.8821 304227.958796  x:  0.01999   5.37905   0.10113  
  5  0.1439 304227.952115  x:  0.02001   5.41310   0.10080  
  6  0.0276 304227.951806  x:  0.02001   5.41831   0.10094  
  7  0.0046 304227.951805  x:  0.02001   5.41852   0.10094  
  8  0.0002 304227.951805  x:  0.02001   5.41847   0.10094  
  9  0.0000 304227.951805  x:  0.02001   5.41847   0.10094  
check convergence!


8 (Bom_vet) ... 6 (Bom_pas)
  0  0.0000 305410.794182  x:  0.01951   4.36331   0.17497  
  1 99.0000 305390.405776  x:  0.02296   4.36332   0.17473  
  2 12460.7383 305357.984547  x:  0.02305   4.36526   0.11186  
  3 860.5893 305342.890677  x:  0.02296   6.20457   0.12506  
  4 20.3261 305342.422046  x:  0.02298   6.23894   0.11854  
  5  0.0507 305342.417604  x:  0.02299   6.27828   0.11854  
  6  0.0221 305342.417568  x:  0.02299   6.28098   0.11858  
  7  0.0058 305342.417542  x:  0.02299   6.28041   0.11860  

8 (Bom_vet) ... 7 (Bom_syl)
  0  0.0000 318550.195417  x:  0.06962   4.86089   0.10239  
  1 99.0000 318541.860746  x:  0.06551   4.86090   0.10372  
  2 3761.1374 318534.004031  x:  0.06574   4.86109   0.11880  
  3 1209.4342 318528.813103  x:  0.06570   5.51881   0.12108  
  4 17.4979 318528.805387  x:  0.06560   5.50307   0.12114  
  5  0.0148 318528.805229  x:  0.06561   5.50029   0.12115  
  6  0.0025 318528.805228  x:  0.06561   5.50024   0.12116  