Supplemental results for CODEML (seqf: /home/yzliu/eDNA/faststorage/yzliu/DK_proj/data/ref_genome/ref_annotation/primary_transcripts/extracted_cds_new/new_transcript_id_8_bom_apis/bootstraps/cat.out.OG_cds_8_species_same_header_fas.shuf_211OG_859.phy  treef: xxx.trees)


pairwise comparison (Goldman & Yang 1994)
seq seq        N       S       dN       dS     dN/dS   Paras.
  2   1 180629.8  59553.2   0.0471   0.5700   0.0827   0.5303   4.3154   0.0827 -414721.586
  3   1 180270.8  59912.2   0.0473   0.5915   0.0800   0.5493   4.4197   0.0800 -415710.282
  3   2 176421.5  63761.5   0.0131   0.1115   0.1177   0.1177   5.1232   0.1177 -358839.918
  4   1 180712.6  59470.4   0.0463   0.5821   0.0795   0.5369   4.3848   0.0795 -414337.974
  4   2 176731.6  63451.4   0.0118   0.1049   0.1121   0.1092   5.1597   0.1121 -356359.858
  4   3 176243.5  63939.5   0.0071   0.0650   0.1097   0.0677   5.4098   0.1097 -345268.859
  5   1 180684.2  59498.8   0.0473   0.5871   0.0806   0.5431   4.3985   0.0806 -415096.311
  5   2 176591.3  63591.7   0.0135   0.1081   0.1251   0.1157   5.2717   0.1251 -358295.437
  5   3 176341.0  63842.0   0.0083   0.0643   0.1286   0.0694   5.3209   0.1286 -346101.940
  5   4 176273.8  63909.2   0.0077   0.0634   0.1208   0.0675   5.7090   0.1208 -345103.294
  6   1 180681.6  59501.4   0.0477   0.5871   0.0812   0.5440   4.3926   0.0812 -415353.296
  6   2 176532.0  63651.0   0.0140   0.1095   0.1280   0.1179   5.3139   0.1280 -358927.649
  6   3 176171.4  64011.6   0.0087   0.0640   0.1357   0.0703   5.4599   0.1357 -346427.923
  6   4 176077.4  64105.6   0.0083   0.0633   0.1307   0.0689   5.8918   0.1307 -345677.492
  6   5 175695.1  64487.9   0.0028   0.0199   0.1392   0.0221   6.2876   0.1392 -330072.216
  7   1 180768.0  59415.0   0.0472   0.5849   0.0806   0.5406   4.4051   0.0806 -414870.229
  7   2 176502.2  63680.8   0.0130   0.1094   0.1191   0.1158   5.4210   0.1191 -358029.792
  7   3 175734.1  64448.9   0.0075   0.0642   0.1169   0.0682   5.9617   0.1169 -345317.061
  7   4 175810.9  64372.1   0.0069   0.0629   0.1103   0.0658   6.2734   0.1103 -344256.090
  7   5 175867.4  64315.6   0.0076   0.0565   0.1341   0.0621   6.2045   0.1341 -343580.135
  7   6 175732.7  64450.3   0.0081   0.0565   0.1433   0.0633   6.3423   0.1433 -344068.906
  8   1 180641.2  59541.8   0.0474   0.5875   0.0806   0.5438   4.3964   0.0806 -415194.390
  8   2 176481.0  63702.0   0.0134   0.1083   0.1235   0.1157   5.3289   0.1235 -358265.174
  8   3 176223.3  63959.7   0.0081   0.0630   0.1294   0.0682   5.3853   0.1294 -345783.878
  8   4 176192.6  63990.4   0.0076   0.0625   0.1213   0.0666   5.7446   0.1213 -344909.024
  8   5 176338.8  63844.2   0.0022   0.0178   0.1231   0.0191   5.6007   0.1231 -328882.169
  8   6 175576.7  64606.3   0.0026   0.0186   0.1399   0.0208   6.3697   0.1399 -329602.752
  8   7 175761.5  64421.5   0.0074   0.0554   0.1330   0.0607   6.2712   0.1330 -343201.502

