Supplemental results for CODEML (seqf: /home/yzliu/eDNA/faststorage/yzliu/DK_proj/data/ref_genome/ref_annotation/primary_transcripts/extracted_cds_new/new_transcript_id_8_bom_apis/bootstraps/cat.out.OG_cds_8_species_same_header_fas.shuf_211OG_785.phy  treef: xxx.trees)


pairwise comparison (Goldman & Yang 1994)
seq seq        N       S       dN       dS     dN/dS   Paras.
  2   1 160769.9  52584.1   0.0593   0.5731   0.1035   0.5578   4.0069   0.1035 -375290.237
  3   1 160673.9  52680.1   0.0605   0.5944   0.1018   0.5770   3.9757   0.1018 -376856.016
  3   2 157211.5  56142.5   0.0145   0.1098   0.1320   0.1187   5.0281   0.1320 -318793.993
  4   1 160831.5  52522.5   0.0584   0.5841   0.1000   0.5636   4.0442   0.1000 -374960.253
  4   2 156853.6  56500.4   0.0127   0.1001   0.1266   0.1074   5.6084   0.1266 -315748.461
  4   3 157497.9  55856.1   0.0092   0.0666   0.1375   0.0726   4.8715   0.1375 -308028.100
  5   1 160858.7  52495.3   0.0590   0.5940   0.0993   0.5718   4.0122   0.0993 -375603.770
  5   2 157076.6  56277.4   0.0140   0.1056   0.1328   0.1145   5.3673   0.1328 -317604.480
  5   3 157915.9  55438.1   0.0093   0.0681   0.1368   0.0737   4.5238   0.1368 -308411.749
  5   4 156930.2  56423.8   0.0082   0.0625   0.1314   0.0677   5.6276   0.1314 -306274.645
  6   1 160796.9  52557.1   0.0591   0.5934   0.0997   0.5722   4.0356   0.0997 -375657.338
  6   2 156996.1  56357.9   0.0142   0.1060   0.1343   0.1154   5.4200   0.1343 -317809.253
  6   3 157641.0  55713.0   0.0096   0.0674   0.1423   0.0740   4.7192   0.1423 -308515.616
  6   4 156582.2  56771.8   0.0086   0.0618   0.1389   0.0682   5.9815   0.1389 -306473.531
  6   5 156217.5  57136.5   0.0028   0.0210   0.1332   0.0231   6.4065   0.1332 -293018.794
  7   1 160815.3  52538.7   0.0597   0.5879   0.1016   0.5693   4.0608   0.1016 -375702.181
  7   2 156601.4  56752.6   0.0146   0.1078   0.1351   0.1181   5.8928   0.1351 -318219.039
  7   3 157023.2  56330.8   0.0097   0.0693   0.1406   0.0764   5.3088   0.1406 -308928.394
  7   4 156194.7  57159.3   0.0087   0.0643   0.1347   0.0707   6.5262   0.1347 -306918.060
  7   5 156372.7  56981.3   0.0082   0.0596   0.1376   0.0658   6.2778   0.1376 -305744.090
  7   6 156091.4  57262.6   0.0086   0.0585   0.1474   0.0660   6.6058   0.1474 -305896.000
  8   1 160790.8  52563.2   0.0590   0.5940   0.0993   0.5724   4.0307   0.0993 -375632.884
  8   2 157000.7  56353.3   0.0139   0.1060   0.1313   0.1147   5.4020   0.1313 -317615.985
  8   3 157872.1  55481.9   0.0093   0.0673   0.1383   0.0732   4.5276   0.1383 -308337.951
  8   4 156821.3  56532.7   0.0082   0.0626   0.1302   0.0678   5.6996   0.1302 -306303.286
  8   5 157352.6  56001.4   0.0023   0.0200   0.1132   0.0207   5.1549   0.1132 -292198.224
  8   6 156387.0  56967.0   0.0027   0.0205   0.1324   0.0224   6.1442   0.1324 -292824.546
  8   7 156261.9  57092.1   0.0082   0.0593   0.1381   0.0656   6.3642   0.1381 -305728.124

