Supplemental results for CODEML (seqf: /home/yzliu/eDNA/faststorage/yzliu/DK_proj/data/ref_genome/ref_annotation/primary_transcripts/extracted_cds_new/new_transcript_id_7_and_pas/bootstraps/cat.out.OG_cds_7_species_same_header_fas.shuf_537OG_833.phy  treef: xxx.trees)


pairwise comparison (Goldman & Yang 1994)
seq seq        N       S       dN       dS     dN/dS   Paras.
  2   1 491127.4 191354.6   0.0103   0.1794   0.0576   0.1732   3.7087   0.0576 -1058775.562
  3   1 490270.3 192211.7   0.0099   0.1688   0.0584   0.1639   3.6522   0.0584 -1054528.245
  3   2 489398.8 193083.2   0.0097   0.1598   0.0608   0.1566   4.0519   0.0608 -1049634.232
  4   1 490301.5 192180.5   0.0081   0.1266   0.0643   0.1245   3.6280   0.0643 -1033032.556
  4   2 488836.3 193645.7   0.0098   0.1641   0.0597   0.1607   4.1136   0.0597 -1051524.599
  4   3 487448.4 195033.6   0.0097   0.1545   0.0630   0.1533   4.1173   0.0630 -1048604.694
  5   1 493294.1 189187.9   0.0058   0.0965   0.0597   0.0927   3.1940   0.0597 -1012247.622
  5   2 490595.9 191886.1   0.0102   0.1753   0.0584   0.1700   3.7452   0.0584 -1057356.253
  5   3 489963.8 192518.2   0.0100   0.1632   0.0611   0.1595   3.6621   0.0611 -1052906.197
  5   4 490034.6 192447.4   0.0079   0.1185   0.0671   0.1173   3.6330   0.0671 -1029118.118
  6   1 494663.8 187818.2   0.0074   0.1275   0.0578   0.1213   3.0492   0.0578 -1031197.571
  6   2 491573.1 190908.9   0.0095   0.1705   0.0556   0.1635   3.6239   0.0556 -1053448.462
  6   3 490699.2 191782.8   0.0094   0.1601   0.0588   0.1553   3.5742   0.0588 -1050229.844
  6   4 491212.6 191269.4   0.0075   0.1195   0.0630   0.1167   3.4881   0.0630 -1028246.893
  6   5 493985.7 188496.3   0.0076   0.1215   0.0625   0.1172   3.1001   0.0625 -1029460.772
  7   1 487368.5 195113.5   0.0657   1.1958   0.0550   1.1665   4.2091   0.0550 -1278350.472
  7   2 483740.0 198742.0   0.0668   1.2715   0.0525   1.2528   4.5436   0.0525 -1282198.887
  7   3 485641.7 196840.3   0.0662   1.2027   0.0550   1.1820   4.4133   0.0550 -1278690.461
  7   4 485858.5 196623.5   0.0658   1.1989   0.0548   1.1767   4.3911   0.0548 -1278056.045
  7   5 487538.2 194943.8   0.0659   1.1845   0.0556   1.1561   4.2149   0.0556 -1277917.097
  7   6 487347.8 195134.2   0.0655   1.1951   0.0548   1.1655   4.2211   0.0548 -1277880.017

