

2 (Bom_con) ... 1 (Apis_mel)
  0  0.0000 419541.723782  x:  0.50888   1.40042   0.50862  
  1 99.0000 409925.897354  x:  0.37436   1.49901   0.10489  
  2 24422.7836 409643.427439  x:  0.39124   1.50769   0.07893  
  3 27009.6007 406468.163377  x:  0.52234   3.47290   0.12057  
  4 4927.8264 406260.942306  x:  0.54533   3.57638   0.09206  
  5  0.0590 406243.389261  x:  0.56581   3.73460   0.09303  
  6  0.0696 406239.185635  x:  0.56405   3.85406   0.09156  
  7  0.0614 406238.522580  x:  0.56209   3.87909   0.09294  
  8  0.0272 406238.521813  x:  0.56220   3.88085   0.09292  
  9  0.0016 406238.521813  x:  0.56220   3.88086   0.09292  
 10  0.0000 406238.521813  x:  0.56220   3.88086   0.09292  

3 (Bom_hor) ... 1 (Apis_mel)
  0  0.0000 407308.331129  x:  0.46405   3.35887   0.13237  
  1 99.0000 406930.200488  x:  0.48421   3.35956   0.09285  
  2 14622.7277 406689.058144  x:  0.56181   3.36149   0.09278  
  3 8402.0053 406633.417795  x:  0.56648   3.90148   0.09542  
  4 222.9818 406626.674986  x:  0.57078   3.91798   0.09080  
  5  0.0251 406626.566723  x:  0.57267   3.92894   0.09072  
  6  0.0085 406626.566630  x:  0.57265   3.92895   0.09074  
  7  0.0000 406626.566629  x:  0.57265   3.92897   0.09074  
  8  0.0000 406626.566629  x:  0.57265   3.92897   0.09074  

3 (Bom_hor) ... 2 (Bom_con)
  0  0.0000 345330.805042  x:  0.11158   3.33036   0.20895  
  1 99.0000 344979.935656  x:  0.11902   3.33490   0.10902  
  2 5376.0015 344974.877770  x:  0.11501   3.33530   0.10688  
  3 2608.3464 344855.444573  x:  0.11335   4.99989   0.12683  
  4 179.9494 344848.749243  x:  0.11516   5.08383   0.11654  
  5  0.1445 344848.511333  x:  0.11461   5.16306   0.11651  
  6  0.0472 344848.486578  x:  0.11480   5.18155   0.11689  
  7  0.0150 344848.486469  x:  0.11480   5.18248   0.11685  
  8  0.0010 344848.486469  x:  0.11480   5.18253   0.11685  
  9  0.0001 344848.486469  x:  0.11480   5.18253   0.11685  
 10  0.0000 344848.486469  x:  0.11480   5.18253   0.11685  

4 (Bom_hyp) ... 1 (Apis_mel)
  0  0.0000 406789.014016  x:  0.42346   4.17619   0.12174  
  1 99.0000 406146.860130  x:  0.49950   4.17528   0.08259  
  2 14144.5042 405919.464804  x:  0.54579   4.17451   0.09866  
  3 18621.4563 405907.361030  x:  0.54394   3.89223   0.09787  
  4 82.0571 405883.245018  x:  0.56618   3.91900   0.09033  
  5  0.0262 405883.240103  x:  0.56640   3.92233   0.09039  
  6  0.0032 405883.240042  x:  0.56643   3.92203   0.09039  
  7  0.0003 405883.240042  x:  0.56643   3.92203   0.09039  
  8  0.0000 405883.240042  x:  0.56643   3.92203   0.09039  

4 (Bom_hyp) ... 2 (Bom_con)
  0  0.0000 343493.446821  x:  0.09659   3.43758   0.13153  
  1 99.0000 343440.138059  x:  0.10929   3.43784   0.12836  
  2 8515.8718 343417.498921  x:  0.10922   3.43961   0.10678  
  3 2165.6605 343313.741455  x:  0.10897   5.16217   0.11896  
  4 153.3172 343313.136551  x:  0.10906   5.17162   0.11562  
  5  0.0102 343313.131001  x:  0.10909   5.18738   0.11564  
  6  0.0080 343313.130938  x:  0.10908   5.18766   0.11567  
  7  0.0003 343313.130938  x:  0.10908   5.18766   0.11567  

4 (Bom_hyp) ... 3 (Bom_hor)
  0  0.0000 332197.456214  x:  0.05591   4.41778   0.18801  
  1 99.0000 332141.850637  x:  0.06560   4.41783   0.18553  
  2 11780.8393 331990.433490  x:  0.06589   4.41926   0.10486  
  3 3169.0585 331978.146766  x:  0.06580   5.29935   0.11133  
  4 30.9973 331977.727992  x:  0.06574   5.32362   0.10811  
  5  0.0457 331977.721532  x:  0.06565   5.33416   0.10811  
  6  0.0088 331977.721495  x:  0.06565   5.33526   0.10813  
  7  0.0009 331977.721494  x:  0.06565   5.33544   0.10813  

5 (Bom_mus) ... 1 (Apis_mel)
  0  0.0000 407203.941514  x:  0.45422   4.48160   0.09908  
  1 99.0000 406870.702912  x:  0.51298   4.48023   0.11958  
  2 11317.9874 406625.544965  x:  0.56584   4.47861   0.09032  
  3 13582.2955 406576.945756  x:  0.56098   3.90294   0.08947  
  4 151.7719 406570.795833  x:  0.56976   3.89108   0.09174  
  5  0.0140 406570.374779  x:  0.57277   3.90053   0.09077  
  6  0.0110 406570.374777  x:  0.57277   3.90046   0.09078  
  7  0.0001 406570.374777  x:  0.57277   3.90047   0.09078  
  8  0.0000 406570.374777  x:  0.57277   3.90048   0.09078  
  9  0.0000 406570.374777  x:  0.57277   3.90047   0.09078  

5 (Bom_mus) ... 2 (Bom_con)
  0  0.0000 345748.152996  x:  0.09041   3.51933   0.18835  
  1 99.0000 345521.208246  x:  0.11625   3.51960   0.18240  
  2 18773.4593 345343.603897  x:  0.11670   3.52251   0.11510  
  3 4577.0457 345253.746807  x:  0.11648   5.03783   0.12992  
  4 144.9418 345250.730689  x:  0.11651   5.07746   0.12246  
  5  0.0590 345250.678584  x:  0.11642   5.12334   0.12255  
  6  0.0248 345250.677936  x:  0.11644   5.12366   0.12265  
  7  0.0003 345250.677917  x:  0.11645   5.12380   0.12264  
  8  0.0001 345250.677917  x:  0.11645   5.12380   0.12264  
  9  0.0000 345250.677917  x:  0.11645   5.12380   0.12264  
check convergence!


5 (Bom_mus) ... 3 (Bom_hor)
  0  0.0000 332441.631055  x:  0.06931   4.17918   0.20914  
  1 99.0000 332422.795854  x:  0.06347   4.17926   0.20505  
  2 5128.9980 332256.331871  x:  0.06486   4.18123   0.11441  
  3 4210.1456 332241.437393  x:  0.06490   5.08538   0.12239  
  4 36.9106 332240.345139  x:  0.06569   5.11432   0.11753  
  5  0.0446 332240.246910  x:  0.06605   5.11454   0.11844  
  6  0.0013 332240.246738  x:  0.06606   5.11674   0.11840  
  7  0.0020 332240.246732  x:  0.06605   5.11724   0.11841  

5 (Bom_mus) ... 4 (Bom_hyp)
  0  0.0000 332552.508915  x:  0.05522   4.08792   0.09997  
  1 99.0000 332458.266650  x:  0.06792   4.08796   0.10080  
  2 15972.1592 332454.751684  x:  0.06777   4.08855   0.11017  
  3 780.8288 332426.213938  x:  0.06763   5.38599   0.11579  
  4 52.1291 332426.204142  x:  0.06761   5.38498   0.11526  
  5  0.0009 332426.204135  x:  0.06761   5.38564   0.11525  
  6  0.0004 332426.204135  x:  0.06761   5.38569   0.11526  
  7  0.0000 332426.204135  x:  0.06761   5.38569   0.11525  

6 (Bom_pas) ... 1 (Apis_mel)
  0  0.0000 407201.273212  x:  0.47254   4.53486   0.10037  
  1 99.0000 406945.748316  x:  0.53061   4.53320   0.11514  
  2 8911.6072 406787.914421  x:  0.57051   4.53165   0.09136  
  3 12567.0568 406728.907961  x:  0.56454   3.87653   0.09050  
  4 165.3862 406725.978851  x:  0.57187   3.88423   0.09171  
  5  0.0094 406725.883554  x:  0.57309   3.88594   0.09120  
  6  0.0026 406725.883535  x:  0.57309   3.88561   0.09120  
  7  0.0004 406725.883535  x:  0.57309   3.88562   0.09120  

6 (Bom_pas) ... 2 (Bom_con)
  0  0.0000 345744.983289  x:  0.11619   3.45276   0.07709  
  1 99.0000 345627.738981  x:  0.12296   3.45329   0.11048  
  2 7891.1872 345618.143693  x:  0.11746   3.45364   0.11392  
  3 3150.5810 345517.931983  x:  0.11710   5.09097   0.12057  
  4 154.8166 345517.293655  x:  0.11752   5.09137   0.12392  
  5  0.0018 345517.289751  x:  0.11741   5.08879   0.12390  
  6  0.0025 345517.289598  x:  0.11741   5.08634   0.12389  
  7  0.0013 345517.289597  x:  0.11741   5.08633   0.12389  

6 (Bom_pas) ... 3 (Bom_hor)
  0  0.0000 332897.006134  x:  0.06015   4.06273   0.18766  
  1 99.0000 332864.650252  x:  0.06776   4.06279   0.18528  
  2 8463.0658 332759.293692  x:  0.06794   4.06456   0.11740  
  3 2791.4150 332738.809650  x:  0.06782   5.10460   0.12608  
  4 45.1152 332738.159737  x:  0.06774   5.12572   0.12162  
  5  0.0340 332738.153655  x:  0.06764   5.13570   0.12171  
  6  0.0083 332738.153556  x:  0.06765   5.13802   0.12172  
  7  0.0016 332738.153556  x:  0.06765   5.13803   0.12172  

6 (Bom_pas) ... 4 (Bom_hyp)
  0  0.0000 333083.940028  x:  0.06210   4.26723   0.12558  
  1 99.0000 333055.160339  x:  0.06940   4.26727   0.12511  
  2 8182.4377 333052.352814  x:  0.06948   4.26799   0.11600  
  3 592.3496 333030.736765  x:  0.06937   5.40798   0.12190  
  4 43.8883 333030.677281  x:  0.06941   5.40964   0.12057  
  5  0.0022 333030.677172  x:  0.06941   5.41226   0.12056  
  6  0.0019 333030.677169  x:  0.06941   5.41247   0.12056  
  7  0.0002 333030.677169  x:  0.06941   5.41246   0.12056  

6 (Bom_pas) ... 5 (Bom_mus)
  0  0.0000 317729.346379  x:  0.02162   4.37758   0.09626  
  1 99.0000 317729.221896  x:  0.02190   4.37759   0.09651  
  2 677.1860 317725.875311  x:  0.02170   4.37806   0.11266  
  3 823.1233 317717.339910  x:  0.02163   5.73234   0.11792  
  4 14.9778 317717.334429  x:  0.02167   5.72415   0.11743  
  5  0.0072 317717.334297  x:  0.02167   5.72213   0.11736  
  6  0.0016 317717.334289  x:  0.02167   5.72056   0.11735  
  7  0.0014 317717.334286  x:  0.02167   5.72083   0.11735  
  8  0.0007 317717.334275  x:  0.02167   5.72081   0.11735  
  9  0.0001 317717.334275  x:  0.02167   5.72081   0.11735  
check convergence!


7 (Bom_syl) ... 1 (Apis_mel)
  0  0.0000 407095.505443  x:  0.50492   4.66656   0.09540  
  1 99.0000 407016.771897  x:  0.52416   4.66574   0.10857  
  2 7046.2522 406888.311375  x:  0.58026   4.66278   0.09206  
  3 7435.8446 406813.121516  x:  0.57227   3.91010   0.09125  
  4 181.2825 406812.842758  x:  0.57213   3.90750   0.09215  
  5  0.0033 406812.841976  x:  0.57228   3.90885   0.09214  
  6  0.0014 406812.841952  x:  0.57229   3.90854   0.09214  

7 (Bom_syl) ... 2 (Bom_con)
  0  0.0000 346565.581756  x:  0.09296   3.29428   0.19792  
  1 99.0000 346338.923030  x:  0.11931   3.29465   0.19129  
  2 18391.8035 346125.799033  x:  0.11980   3.29862   0.11663  
  3 4923.8138 345993.146848  x:  0.11945   5.06503   0.13662  
  4 193.2490 345987.119516  x:  0.11940   5.11308   0.12591  
  5  0.0712 345987.020829  x:  0.11914   5.16957   0.12583  
  6  0.0298 345987.015515  x:  0.11920   5.17492   0.12611  
  7  0.0046 345987.015264  x:  0.11923   5.17591   0.12607  
  8  0.0008 345987.015264  x:  0.11923   5.17595   0.12607  

7 (Bom_syl) ... 3 (Bom_hor)
  0  0.0000 333690.727595  x:  0.06838   4.41266   0.22638  
  1 99.0000 333636.884496  x:  0.07963   4.41339   0.19204  
  2 3259.3504 333491.455279  x:  0.07688   4.41504   0.11486  
  3 25763.4806 333470.007519  x:  0.07610   5.58551   0.12430  
  4 40.9980 333454.358754  x:  0.07036   5.51914   0.12266  
  5  0.0740 333454.315136  x:  0.07034   5.48636   0.12352  
  6  0.0418 333454.307782  x:  0.07035   5.46600   0.12320  
  7  0.0187 333454.307781  x:  0.07035   5.46603   0.12319  

7 (Bom_syl) ... 4 (Bom_hyp)
  0  0.0000 333596.088677  x:  0.07321   4.53461   0.09991  
  1 99.0000 333592.118443  x:  0.07047   4.53468   0.10281  
  2 1962.1839 333583.860786  x:  0.07178   4.53501   0.11618  
  3 2261.7601 333566.418287  x:  0.07174   5.61089   0.12020  
  4 36.8767 333566.378273  x:  0.07146   5.61058   0.12050  
  5  0.0005 333566.378127  x:  0.07146   5.61000   0.12056  
  6  0.0005 333566.378127  x:  0.07146   5.60981   0.12056  
  7  0.0001 333566.378127  x:  0.07146   5.60981   0.12056  
  8  0.0000 333566.378127  x:  0.07146   5.60981   0.12056  
  9  0.1263 333566.378127  x:  0.07146   5.60981   0.12056  
 10  0.0113 333566.378127  x:  0.07146   5.60981   0.12056  
 11  0.0144 333566.378127  x:  0.07146   5.60981   0.12056  
check convergence!


7 (Bom_syl) ... 5 (Bom_mus)
  0  0.0000 331828.488483  x:  0.05866   4.56335   0.13708  
  1 99.0000 331807.356816  x:  0.06470   4.56338   0.13663  
  2 7217.9174 331804.081913  x:  0.06477   4.56403   0.12586  
  3 576.8358 331789.930021  x:  0.06469   5.57370   0.13105  
  4 31.7221 331789.885604  x:  0.06472   5.57398   0.12978  
  5  0.0014 331789.885569  x:  0.06472   5.57544   0.12977  
  6  0.0011 331789.885568  x:  0.06472   5.57559   0.12978  
  7  0.0001 331789.885568  x:  0.06472   5.57559   0.12978  

7 (Bom_syl) ... 6 (Bom_pas)
  0  0.0000 332308.538539  x:  0.05235   4.50722   0.13049  
  1 99.0000 332197.165268  x:  0.06577   4.50725   0.13063  
  2 18028.5987 332197.122222  x:  0.06576   4.50859   0.13190  
  3 47.1583 332181.144082  x:  0.06569   5.56428   0.13622  
  4 73.6621 332181.138495  x:  0.06568   5.56176   0.13575  
  5  0.0024 332181.138490  x:  0.06567   5.56148   0.13575  
  6  0.0002 332181.138490  x:  0.06567   5.56148   0.13575  
  7  0.0000 332181.138490  x:  0.06567   5.56148   0.13575  
  8  0.0948 332181.138490  x:  0.06567   5.56148   0.13575  
  9  0.0495 332181.138490  x:  0.06567   5.56148   0.13575  
 10  0.0929 332181.138490  x:  0.06567   5.56148   0.13575  
check convergence!


8 (Bom_vet) ... 1 (Apis_mel)
  0  0.0000 406804.480019  x:  0.56141   4.55587   0.11180  
  1 99.0000 406713.174061  x:  0.56140   4.55558   0.09396  
  2 9413.7508 406700.062675  x:  0.58273   4.55236   0.09116  
  3 1254.3013 406639.788833  x:  0.57365   3.88564   0.09037  
  4 169.0090 406639.727167  x:  0.57299   3.88464   0.09080  
  5  0.0016 406639.726013  x:  0.57282   3.88501   0.09080  
  6  0.0004 406639.726012  x:  0.57282   3.88494   0.09080  
  7  0.0001 406639.726012  x:  0.57282   3.88495   0.09080  

8 (Bom_vet) ... 2 (Bom_con)
  0  0.0000 345522.312981  x:  0.11396   3.46145   0.19276  
  1 99.0000 345300.685385  x:  0.11258   3.46489   0.11567  
  2 4628.8560 345297.412574  x:  0.11581   3.46521   0.11423  
  3 2134.1263 345195.508673  x:  0.11606   5.06337   0.13108  
  4 158.5621 345191.633140  x:  0.11573   5.11446   0.12265  
  5  0.0786 345191.540902  x:  0.11608   5.16462   0.12272  
  6  0.0305 345191.533903  x:  0.11596   5.17419   0.12288  
  7  0.0076 345191.533892  x:  0.11596   5.17452   0.12286  
  8  0.0003 345191.533892  x:  0.11596   5.17456   0.12286  
  9  0.0000 345191.533892  x:  0.11596   5.17453   0.12286  
 10  0.0000 345191.533892  x:  0.11596   5.17453   0.12286  
check convergence!


8 (Bom_vet) ... 3 (Bom_hor)
  0  0.0000 332233.863134  x:  0.06399   4.39790   0.09835  
  1 99.0000 332229.308058  x:  0.06684   4.39793   0.10062  
  2 2553.2290 332218.092906  x:  0.06539   4.39819   0.11747  
  3 2039.1322 332208.266089  x:  0.06529   5.18315   0.12054  
  4 27.6740 332208.232158  x:  0.06553   5.18230   0.12080  
  5  0.0009 332208.231945  x:  0.06552   5.18195   0.12088  
  6  0.0003 332208.231945  x:  0.06552   5.18188   0.12088  

8 (Bom_vet) ... 4 (Bom_hyp)
  0  0.0000 332691.887479  x:  0.05983   4.36708   0.11379  
  1 99.0000 332653.577942  x:  0.06813   4.36711   0.11379  
  2 9670.9318 332653.476169  x:  0.06815   4.36775   0.11215  
  3 112.4640 332633.785609  x:  0.06804   5.50599   0.11757  
  4 45.7924 332633.755991  x:  0.06807   5.50035   0.11663  
  5  0.0054 332633.755982  x:  0.06807   5.49967   0.11662  
  6  0.0006 332633.755981  x:  0.06807   5.49954   0.11662  

8 (Bom_vet) ... 5 (Bom_mus)
  0  0.0000 317243.249182  x:  0.01832   4.35589   0.15759  
  1 99.0000 317236.590780  x:  0.02020   4.35589   0.15742  
  2 7409.1158 317218.921398  x:  0.02026   4.35718   0.11132  
  3 667.2687 317210.853626  x:  0.02019   5.69406   0.12006  
  4 14.2275 317210.712669  x:  0.02018   5.70675   0.11641  
  5  0.0180 317210.712201  x:  0.02017   5.71598   0.11637  
  6  0.0067 317210.712182  x:  0.02018   5.71745   0.11640  
  7  0.0012 317210.712182  x:  0.02018   5.71750   0.11640  
  8  0.0001 317210.712182  x:  0.02018   5.71750   0.11640  

8 (Bom_vet) ... 6 (Bom_pas)
  0  0.0000 317962.220480  x:  0.01749   4.80009   0.14533  
  1 99.0000 317920.846863  x:  0.02212   4.80010   0.14522  
  2 19436.1919 317913.064815  x:  0.02216   4.80113   0.11665  
  3 493.0703 317901.997305  x:  0.02209   6.54116   0.12578  
  4 15.3200 317901.871674  x:  0.02209   6.55239   0.12231  
  5  0.0136 317901.870693  x:  0.02209   6.57191   0.12232  
  6  0.0106 317901.870679  x:  0.02209   6.57129   0.12233  

8 (Bom_vet) ... 7 (Bom_syl)
  0  0.0000 331923.457332  x:  0.06685   5.28912   0.21582  
  1 99.0000 331911.665521  x:  0.06229   5.28915   0.21265  
  2 4144.1315 331794.832391  x:  0.06349   5.28997   0.13119  
  3 3362.9623 331793.356342  x:  0.06353   5.64982   0.13345  
  4  8.5141 331792.961177  x:  0.06423   5.65341   0.13115  
  5  0.0052 331792.937218  x:  0.06435   5.64849   0.13190  
  6  0.0078 331792.937211  x:  0.06435   5.64806   0.13189  
  7  0.0004 331792.937211  x:  0.06435   5.64800   0.13189  
  8  0.0000 331792.937211  x:  0.06435   5.64804   0.13189  
  9  0.0000 331792.937211  x:  0.06435   5.64802   0.13189  
 10  0.0000 331792.937211  x:  0.06435   5.64802   0.13189  
 11  0.0000 331792.937211  x:  0.06435   5.64802   0.13189  
 12  0.0049 331792.937211  x:  0.06435   5.64802   0.13189  
check convergence!
