

2 (And_ful) ... 1 (And_bic)
  0  0.0000 1014801.450042  x:  0.13920   1.59717   0.50855  
  1 99.0000 1013131.926339  x:  0.20142   1.61334   0.42387  
  2 36609.9540 1000000.622222  x:  0.21991   1.68145   0.04804  
  3 103147.5623 999592.835806  x:  0.21658   2.03211   0.07844  
  4 2850.4884 997616.623393  x:  0.19597   3.25619   0.04381  
  5  2.6072 997037.890579  x:  0.16791   3.56489   0.06544  
  6  0.3417 997017.693005  x:  0.16383   3.66088   0.06173  
  7  0.0822 997014.936676  x:  0.16552   3.69345   0.06027  
  8  0.0248 997013.896532  x:  0.16570   3.75914   0.06119  
  9  0.0229 997013.874624  x:  0.16558   3.76407   0.06107  
 10  0.0049 997013.874621  x:  0.16558   3.76417   0.06107  
 11  0.0001 997013.874621  x:  0.16558   3.76417   0.06107  

3 (And_hae) ... 1 (And_bic)
  0  0.0000 992642.697735  x:  0.13434   3.23579   0.06919  
  1 99.0000 992368.541868  x:  0.15526   3.23594   0.06455  
  2 27026.8472 992361.291268  x:  0.15495   3.23613   0.06073  
  3 3738.3875 992331.349347  x:  0.15496   3.62077   0.06239  
  4 167.0474 992331.322059  x:  0.15489   3.61939   0.06216  
  5  0.0014 992331.322006  x:  0.15488   3.61927   0.06217  
  6  0.0001 992331.322006  x:  0.15488   3.61927   0.06217  
  7  0.0000 992331.322006  x:  0.15488   3.61927   0.06217  
  8  0.1135 992331.322006  x:  0.15488   3.61927   0.06217  
  9  0.0108 992331.322006  x:  0.15488   3.61927   0.06217  
 10  0.0022 992331.322006  x:  0.15488   3.61927   0.06217  
check convergence!


3 (And_hae) ... 2 (And_ful)
  0  0.0000 993165.631889  x:  0.13618   3.18854   0.18322  
  1 99.0000 991208.166282  x:  0.18707   3.19099   0.08405  
  2 33412.1485 990759.984482  x:  0.17965   3.19175   0.05428  
  3 58086.1204 990494.138549  x:  0.17454   4.51810   0.06297  
  4 484.2544 990227.733067  x:  0.15207   4.25682   0.06552  
  5  0.3301 990223.587933  x:  0.15244   4.08290   0.06558  
  6  0.1362 990223.528517  x:  0.15248   4.07801   0.06521  
  7  0.0051 990223.528508  x:  0.15248   4.07814   0.06521  

4 (And_hat) ... 1 (And_bic)
  0  0.0000 972200.279680  x:  0.09958   3.56587   0.06130  
  1 99.0000 971903.282186  x:  0.11797   3.56586   0.06337  
  2 34227.0759 971902.315961  x:  0.11784   3.56586   0.06505  
  3 1181.0586 971902.264434  x:  0.11784   3.58484   0.06512  
  4  5.4977 971902.257818  x:  0.11775   3.58458   0.06508  
  5  0.0002 971902.257811  x:  0.11775   3.58462   0.06508  

4 (And_hat) ... 2 (And_ful)
  0  0.0000 993101.150009  x:  0.15245   3.14583   0.05203  
  1 99.0000 993039.430414  x:  0.15814   3.14613   0.06025  
  2 12875.7866 993038.414961  x:  0.15931   3.15035   0.05948  
  3 458.1079 992850.488762  x:  0.15765   4.17383   0.06433  
  4 4230.2145 992849.894055  x:  0.15857   4.17457   0.06372  
  5  0.0013 992849.891184  x:  0.15854   4.17600   0.06366  
  6  0.0011 992849.891149  x:  0.15854   4.17649   0.06367  
  7  0.0003 992849.891149  x:  0.15854   4.17649   0.06367  

4 (And_hat) ... 3 (And_hae)
  0  0.0000 989583.235812  x:  0.15734   3.70274   0.10455  
  1 99.0000 989114.118067  x:  0.13994   3.70310   0.07282  
  2 23627.4947 989034.796544  x:  0.14692   3.70329   0.06160  
  3 15248.0046 989012.028904  x:  0.14742   4.09970   0.06354  
  4 121.9904 989007.787885  x:  0.14957   4.07904   0.06514  
  5  0.0273 989007.735625  x:  0.14973   4.07719   0.06483  
  6  0.0019 989007.735596  x:  0.14973   4.07674   0.06483  
  7  0.0004 989007.735596  x:  0.14973   4.07673   0.06483  
  8  0.0000 989007.735596  x:  0.14973   4.07674   0.06483  

5 (And_mar) ... 1 (And_bic)
  0  0.0000 954982.100298  x:  0.09052   3.40113   0.14171  
  1 99.0000 954591.337110  x:  0.07608   3.40134   0.10230  
  2 17186.8253 954210.642379  x:  0.08127   3.40153   0.06066  
  3 73014.2433 954207.450704  x:  0.08117   3.25661   0.05965  
  4 35.6167 954132.490242  x:  0.08824   3.13100   0.06597  
  5  0.1772 954128.821656  x:  0.08910   3.17261   0.06302  
  6  0.0604 954128.814697  x:  0.08914   3.16672   0.06296  
  7  0.0065 954128.814632  x:  0.08915   3.16687   0.06297  

5 (And_mar) ... 2 (And_ful)
  0  0.0000 1000008.126531  x:  0.13989   3.05845   0.18214  
  1 99.0000 998099.571270  x:  0.20140   3.06044   0.09981  
  2 40314.6622 997270.416905  x:  0.19683   3.06147   0.05504  
  3 64823.1021 997067.699851  x:  0.19364   4.07786   0.06274  
  4 463.3967 996660.941634  x:  0.16421   3.91441   0.06183  
  5  0.1606 996657.864659  x:  0.16397   3.82067   0.06336  
  6  0.1070 996657.492838  x:  0.16414   3.78544   0.06269  
  7  0.0352 996657.492230  x:  0.16413   3.78644   0.06267  
  8  0.0010 996657.492229  x:  0.16413   3.78646   0.06267  

5 (And_mar) ... 3 (And_hae)
  0  0.0000 992677.088460  x:  0.14917   3.27378   0.13893  
  1 99.0000 991312.431656  x:  0.14591   3.27489   0.06349  
  2 27063.0441 991290.817916  x:  0.15187   3.27503   0.06160  
  3 7595.2715 991265.667344  x:  0.15224   3.62009   0.06470  
  4 154.2752 991265.388323  x:  0.15210   3.62860   0.06400  
  5  0.0197 991265.388204  x:  0.15210   3.62937   0.06400  
  6  0.0007 991265.388204  x:  0.15210   3.62939   0.06400  

5 (And_mar) ... 4 (And_hat)
  0  0.0000 969221.609925  x:  0.10716   3.38708   0.06506  
  1 99.0000 969196.473473  x:  0.11283   3.38711   0.06599  
  2 9388.4685 969196.176625  x:  0.11273   3.38718   0.06695  
  3 625.4600 969192.397960  x:  0.11272   3.54583   0.06761  
  4 49.3670 969192.333699  x:  0.11245   3.54526   0.06755  
  5  0.0006 969192.333697  x:  0.11245   3.54525   0.06755  

6 (And_tri) ... 1 (And_bic)
  0  0.0000 971090.802872  x:  0.11625   3.28999   0.08527  
  1 99.0000 970945.323188  x:  0.11072   3.28992   0.06460  
  2 12450.6701 970927.562181  x:  0.11467   3.28984   0.06058  
  3 8508.9966 970911.222775  x:  0.11454   3.00124   0.05902  
  4 107.4500 970910.342258  x:  0.11505   2.99612   0.06027  
  5  0.0076 970910.338815  x:  0.11510   2.99759   0.06023  
  6  0.0015 970910.338801  x:  0.11510   2.99736   0.06023  
  7  0.0003 970910.338801  x:  0.11510   2.99736   0.06023  

6 (And_tri) ... 2 (And_ful)
  0  0.0000 996483.267407  x:  0.14530   2.80736   0.17777  
  1 99.0000 993532.695576  x:  0.17756   2.81075   0.05932  
  2 34528.6263 993399.002830  x:  0.16729   2.81127   0.04890  
  3 23288.0071 993165.717757  x:  0.16085   3.73813   0.05768  
  4 578.5976 993160.159115  x:  0.15817   3.67919   0.05907  
  5  0.1332 993159.997512  x:  0.15835   3.65246   0.05912  
  6  0.0207 993159.994787  x:  0.15835   3.65092   0.05905  
  7  0.0013 993159.994785  x:  0.15835   3.65097   0.05905  

6 (And_tri) ... 3 (And_hae)
  0  0.0000 991339.601692  x:  0.15333   3.22397   0.15206  
  1 99.0000 989822.531332  x:  0.12709   3.22514   0.07529  
  2 30838.5810 989535.069037  x:  0.13714   3.22548   0.05377  
  3 46206.7788 989484.095600  x:  0.13876   3.74045   0.05731  
  4 214.0324 989397.023334  x:  0.14844   3.54998   0.06291  
  5  0.2893 989394.641926  x:  0.14945   3.56111   0.06094  
  6  0.0111 989394.635875  x:  0.14946   3.55548   0.06090  
  7  0.0053 989394.635862  x:  0.14946   3.55544   0.06090  
  8  0.0000 989394.635862  x:  0.14946   3.55544   0.06090  
  9  0.0000 989394.635862  x:  0.14946   3.55544   0.06090  
check convergence!


6 (And_tri) ... 4 (And_hat)
  0  0.0000 969194.036650  x:  0.09869   3.16325   0.08054  
  1 99.0000 968995.579353  x:  0.11357   3.16334   0.07551  
  2 26604.1265 968947.195494  x:  0.11295   3.16357   0.06309  
  3 7819.8254 968934.985173  x:  0.11289   3.40676   0.06439  
  4 95.8954 968934.729617  x:  0.11251   3.43191   0.06418  
  5  0.0230 968934.727065  x:  0.11249   3.43300   0.06427  
  6  0.0012 968934.727064  x:  0.11249   3.43302   0.06427  

6 (And_tri) ... 5 (And_mar)
  0  0.0000 970692.944130  x:  0.10221   2.95787   0.18337  
  1 99.0000 969799.147531  x:  0.13631   2.95892   0.11343  
  2 24241.8955 969075.384143  x:  0.13234   2.95967   0.05901  
  3 82989.7232 969062.059983  x:  0.13158   3.22751   0.06152  
  4 98.0326 968725.751752  x:  0.11066   3.01027   0.06530  
  5  0.2495 968725.145978  x:  0.11054   3.00265   0.06398  
  6  0.0121 968725.112551  x:  0.11057   2.99029   0.06394  
  7  0.0157 968725.112543  x:  0.11057   2.99026   0.06394  

7 (Bom_pas) ... 1 (And_bic)
  0  0.0000 1210618.336714  x:  1.17394   2.79376   0.08831  
  1 99.0000 1207083.417704  x:  1.17008   2.79457   0.05106  
  2 150536.7301 1206737.556429  x:  1.04954   2.85815   0.06049  
  3 4888.5952 1205837.697103  x:  1.15796   4.02692   0.06001  
  4 2183.5594 1205741.023462  x:  1.12979   4.06041   0.05645  
  5  0.0594 1205740.595596  x:  1.12858   4.08559   0.05661  
  6  0.0173 1205740.566821  x:  1.12989   4.09022   0.05655  
  7  0.0038 1205740.566801  x:  1.12990   4.09028   0.05655  
  8  0.0001 1205740.566801  x:  1.12989   4.09028   0.05655  

7 (Bom_pas) ... 2 (And_ful)
  0  0.0000 1221286.733809  x:  1.06521   3.63605   0.15377  
  1 99.0000 1210317.104463  x:  1.05519   3.63709   0.05982  
  2 156971.5252 1210222.969289  x:  1.09702   3.64213   0.05426  
  3 4244.7674 1209986.993535  x:  1.13478   4.35951   0.05487  
  4 742.6086 1209889.300254  x:  1.18765   4.34192   0.05628  
  5  0.0910 1209884.068014  x:  1.20021   4.35070   0.05484  
  6  0.0130 1209884.002859  x:  1.20190   4.36043   0.05485  
  7  0.0078 1209884.002390  x:  1.20187   4.36114   0.05485  
  8  0.0006 1209884.002389  x:  1.20186   4.36114   0.05485  

7 (Bom_pas) ... 3 (And_hae)
  0  0.0000 1224347.878278  x:  1.13924   3.67919   0.18658  
  1 99.0000 1206506.458011  x:  1.11664   3.68091   0.05690  
  2 165677.0443 1206501.601169  x:  1.10856   3.68844   0.05834  
  3 883.7196 1206361.590102  x:  1.14439   4.23237   0.05745  
  4 910.7132 1206358.876553  x:  1.13410   4.22969   0.05740  
  5  0.0147 1206358.875093  x:  1.13391   4.22963   0.05742  
  6  0.0002 1206358.875093  x:  1.13391   4.22959   0.05742  
  7  0.0000 1206358.875093  x:  1.13391   4.22959   0.05742  

7 (Bom_pas) ... 4 (And_hat)
  0  0.0000 1224419.144493  x:  1.22706   3.71894   0.17277  
  1 99.0000 1206365.935662  x:  1.20635   3.72049   0.05259  
  2 181018.5832 1206315.752577  x:  1.17608   3.72753   0.05731  
  3 3330.9063 1206179.818598  x:  1.21160   4.27363   0.05661  
  4 548.4917 1206072.308625  x:  1.13726   4.22642   0.05713  
  5  0.1136 1206071.874179  x:  1.14027   4.23718   0.05671  
  6  0.0111 1206071.870857  x:  1.13995   4.23810   0.05672  
  7  0.0010 1206071.870802  x:  1.13998   4.23843   0.05672  
  8  0.0003 1206071.870802  x:  1.13998   4.23843   0.05672  

7 (Bom_pas) ... 5 (And_mar)
  0  0.0000 1205416.445175  x:  1.07299   3.57604   0.05456  
  1 99.0000 1205371.786696  x:  1.07323   3.57610   0.05823  
  2 24979.6851 1205358.599956  x:  1.10012   3.60462   0.05709  
  3 689.3494 1205249.283487  x:  1.11091   4.05772   0.05780  
  4 1143.8910 1205249.025862  x:  1.11418   4.06155   0.05750  
  5  0.0046 1205249.025315  x:  1.11426   4.06255   0.05750  
  6  0.0009 1205249.025313  x:  1.11426   4.06257   0.05750  
  7  0.0000 1205249.025313  x:  1.11426   4.06257   0.05750  
check convergence!


7 (Bom_pas) ... 6 (And_tri)
  0  0.0000 1218792.382290  x:  1.02859   3.38934   0.17068  
  1 99.0000 1205628.211631  x:  1.01362   3.39086   0.06045  
  2 153789.1875 1205584.512944  x:  1.03992   3.39639   0.05639  
  3 3148.6927 1205335.718924  x:  1.07614   4.07843   0.05729  
  4 855.1694 1205290.520040  x:  1.11232   4.06142   0.05794  
  5  0.0645 1205288.798821  x:  1.11825   4.06489   0.05708  
  6  0.0062 1205288.785642  x:  1.11894   4.06918   0.05708  
  7  0.0034 1205288.785541  x:  1.11891   4.06947   0.05708  