Supplemental results for CODEML (seqf: /home/yzliu/eDNA/faststorage/yzliu/DK_proj/data/ref_genome/ref_annotation/primary_transcripts/extracted_cds_new/new_transcript_id_7_and_pas/bootstraps/cat.out.OG_cds_7_species_same_header_fas.shuf_537OG_421.phy  treef: xxx.trees)


pairwise comparison (Goldman & Yang 1994)
seq seq        N       S       dN       dS     dN/dS   Paras.
  2   1 489030.8 193406.2   0.0105   0.1648   0.0636   0.1626   3.8077   0.0636 -1054137.268
  3   1 489390.7 193046.3   0.0097   0.1565   0.0619   0.1536   3.6140   0.0619 -1049522.966
  3   2 487958.2 194478.8   0.0101   0.1465   0.0687   0.1468   4.0255   0.0687 -1045620.574
  4   1 489981.8 192455.2   0.0076   0.1168   0.0653   0.1152   3.5309   0.0653 -1027184.871
  4   2 486961.3 195475.7   0.0103   0.1534   0.0674   0.1539   4.1818   0.0674 -1049159.979
  4   3 486693.9 195743.1   0.0097   0.1464   0.0662   0.1467   4.0460   0.0662 -1045453.859
  5   1 493337.7 189099.3   0.0054   0.0921   0.0589   0.0883   3.0771   0.0589 -1008855.919
  5   2 489115.1 193321.9   0.0105   0.1615   0.0652   0.1599   3.7607   0.0652 -1053161.385
  5   3 489528.2 192908.8   0.0098   0.1530   0.0641   0.1509   3.5679   0.0641 -1048603.362
  5   4 490445.3 191991.7   0.0076   0.1115   0.0683   0.1106   3.4446   0.0683 -1024876.042
  6   1 494519.7 187917.3   0.0070   0.1174   0.0596   0.1122   2.9611   0.0596 -1025603.340
  6   2 489817.7 192619.3   0.0099   0.1561   0.0634   0.1535   3.6803   0.0634 -1049350.004
  6   3 489893.2 192543.8   0.0093   0.1494   0.0624   0.1465   3.5343   0.0624 -1045825.905
  6   4 490878.4 191558.6   0.0074   0.1113   0.0668   0.1097   3.4040   0.0668 -1024162.179
  6   5 494829.1 187607.9   0.0072   0.1129   0.0634   0.1087   2.9092   0.0634 -1024022.219
  7   1 487652.9 194784.1   0.0655   1.1868   0.0552   1.1567   4.1111   0.0552 -1277764.358
  7   2 484418.6 198018.4   0.0669   1.2485   0.0536   1.2293   4.4019   0.0536 -1281901.764
  7   3 486422.4 196014.6   0.0659   1.1880   0.0555   1.1645   4.2478   0.0555 -1278056.934
  7   4 486283.4 196153.6   0.0658   1.1956   0.0551   1.1716   4.2673   0.0551 -1278233.146
  7   5 487808.6 194628.4   0.0656   1.1810   0.0555   1.1512   4.1170   0.0555 -1277436.974
  7   6 487679.5 194757.5   0.0654   1.1885   0.0550   1.1577   4.1150   0.0550 -1277459.504

