Supplemental results for CODEML (seqf: /home/yzliu/eDNA/faststorage/yzliu/DK_proj/data/ref_genome/ref_annotation/primary_transcripts/extracted_cds_new/new_transcript_id_8_bom_apis/bootstraps/cat.out.OG_cds_8_species_same_header_fas.shuf_211OG_624.phy  treef: xxx.trees)


pairwise comparison (Goldman & Yang 1994)
seq seq        N       S       dN       dS     dN/dS   Paras.
  2   1 175672.0  58082.0   0.0499   0.6069   0.0823   0.5650   4.1915   0.0823 -406982.983
  3   1 175456.7  58297.3   0.0500   0.6242   0.0801   0.5797   4.1785   0.0801 -407905.817
  3   2 171123.8  62630.2   0.0135   0.1146   0.1177   0.1217   5.0543   0.1177 -350222.137
  4   1 175718.8  58035.2   0.0490   0.6143   0.0798   0.5681   4.2010   0.0798 -406560.980
  4   2 171110.9  62643.1   0.0120   0.1035   0.1164   0.1096   5.2694   0.1164 -347027.606
  4   3 171696.8  62057.2   0.0079   0.0662   0.1200   0.0703   4.6853   0.1200 -337305.006
  5   1 175789.3  57964.7   0.0500   0.6169   0.0811   0.5718   4.2002   0.0811 -407138.340
  5   2 170953.1  62800.9   0.0137   0.1108   0.1236   0.1194   5.4545   0.1236 -349446.142
  5   3 171775.6  61978.4   0.0088   0.0685   0.1290   0.0740   4.6759   0.1290 -338442.932
  5   4 170877.8  62876.2   0.0081   0.0651   0.1243   0.0702   5.5627   0.1243 -336837.624
  6   1 175729.0  58025.0   0.0501   0.6177   0.0811   0.5730   4.2091   0.0811 -407243.182
  6   2 170834.0  62920.0   0.0140   0.1124   0.1241   0.1214   5.5195   0.1241 -349897.435
  6   3 171361.7  62392.3   0.0091   0.0692   0.1315   0.0754   4.9350   0.1315 -338809.215
  6   4 170479.0  63275.0   0.0086   0.0654   0.1313   0.0719   5.8839   0.1313 -337379.484
  6   5 170256.7  63497.3   0.0027   0.0208   0.1311   0.0229   6.1699   0.1311 -321622.390
  7   1 175773.7  57980.3   0.0503   0.6179   0.0815   0.5734   4.1961   0.0815 -407370.360
  7   2 171019.3  62734.7   0.0139   0.1119   0.1241   0.1206   5.3793   0.1241 -349804.931
  7   3 171365.9  62388.1   0.0089   0.0699   0.1274   0.0755   4.9454   0.1274 -338773.590
  7   4 170714.5  63039.5   0.0082   0.0654   0.1252   0.0708   5.6844   0.1252 -337027.135
  7   5 170919.2  62834.8   0.0087   0.0627   0.1388   0.0697   5.5652   0.1388 -336932.659
  7   6 170599.2  63154.8   0.0090   0.0634   0.1426   0.0712   5.8132   0.1426 -337382.691
  8   1 175699.5  58054.5   0.0500   0.6163   0.0812   0.5720   4.1959   0.0812 -407221.742
  8   2 170858.2  62895.8   0.0138   0.1107   0.1245   0.1196   5.4590   0.1245 -349537.349
  8   3 171617.1  62136.9   0.0090   0.0674   0.1337   0.0736   4.7252   0.1337 -338449.846
  8   4 170717.0  63037.0   0.0083   0.0649   0.1285   0.0708   5.6242   0.1285 -337085.510
  8   5 170587.3  63166.7   0.0024   0.0188   0.1251   0.0204   5.8032   0.1251 -320650.605
  8   6 169713.9  64040.1   0.0027   0.0208   0.1294   0.0230   6.6519   0.1294 -321602.115
  8   7 170743.2  63010.8   0.0088   0.0620   0.1415   0.0694   5.6400   0.1415 -336904.514

