

2 (Bom_con) ... 1 (Apis_mel)
  0  0.0000 450794.251998  x:  0.44784   1.45591   0.44344  
  1 99.0000 441182.845321  x:  0.48165   1.53367   0.08856  
  2 26313.9341 440785.201200  x:  0.57716   1.58260   0.07477  
  3 8748.5013 439844.924473  x:  0.59229   2.21123   0.12345  
  4 4670.3287 438687.199912  x:  0.52708   3.03445   0.09233  
  5  2.1237 438439.591544  x:  0.59968   3.58617   0.09520  
  6  0.2414 438397.755945  x:  0.59098   3.89457   0.09039  
  7  0.1776 438390.964220  x:  0.58744   3.99673   0.09444  
  8  0.0871 438390.892950  x:  0.58809   4.01376   0.09419  
  9  0.0130 438390.892390  x:  0.58820   4.01378   0.09419  
 10  0.0001 438390.892390  x:  0.58820   4.01379   0.09419  

3 (Bom_hor) ... 1 (Apis_mel)
  0  0.0000 439682.255904  x:  0.53547   3.53498   0.07281  
  1 99.0000 439379.283987  x:  0.54167   3.53507   0.09838  
  2 26314.1228 439288.022366  x:  0.59417   3.53757   0.09314  
  3 3703.2824 439233.276215  x:  0.60124   4.08039   0.09415  
  4 218.6787 439232.239191  x:  0.60287   4.08033   0.09244  
  5  0.0018 439232.237682  x:  0.60287   4.08173   0.09238  
  6  0.0013 439232.237660  x:  0.60286   4.08199   0.09239  
  7  0.0002 439232.237660  x:  0.60286   4.08199   0.09239  

3 (Bom_hor) ... 2 (Bom_con)
  0  0.0000 371837.976900  x:  0.10674   3.61808   0.13315  
  1 99.0000 371784.063972  x:  0.11973   3.61837   0.13106  
  2 8559.2573 371774.459980  x:  0.11980   3.62010   0.11818  
  3 1451.1935 371637.421232  x:  0.11970   5.60397   0.13169  
  4 181.4968 371636.347474  x:  0.11987   5.61262   0.12723  
  5  0.0091 371636.336821  x:  0.11990   5.63499   0.12725  
  6  0.0106 371636.336709  x:  0.11989   5.63533   0.12729  
  7  0.0003 371636.336708  x:  0.11989   5.63537   0.12729  
  8  0.0000 371636.336708  x:  0.11989   5.63536   0.12729  
  9  0.0000 371636.336708  x:  0.11989   5.63536   0.12729  
 10  0.0000 371636.336708  x:  0.11989   5.63536   0.12729  
 11  0.0000 371636.336708  x:  0.11989   5.63536   0.12729  
 12  0.0473 371636.336708  x:  0.11989   5.63536   0.12729  
 13  0.4584 371636.336708  x:  0.11989   5.63536   0.12729  
 14  0.0019 371636.336708  x:  0.11989   5.63536   0.12729  
check convergence!


4 (Bom_hyp) ... 1 (Apis_mel)
  0  0.0000 440686.586714  x:  0.57838   4.54390   0.22603  
  1 99.0000 438168.538408  x:  0.55119   4.54395   0.09917  
  2 27217.0174 438120.440657  x:  0.58073   4.54209   0.08931  
  3 3052.4113 438082.683822  x:  0.57259   4.02448   0.08830  
  4 135.9412 438058.674471  x:  0.58847   3.99374   0.09300  
  5  0.0873 438058.506275  x:  0.59010   4.01170   0.09248  
  6  0.0180 438058.503181  x:  0.59015   4.00812   0.09242  
  7  0.0041 438058.503181  x:  0.59015   4.00811   0.09242  
  8  0.0000 438058.503181  x:  0.59015   4.00811   0.09242  

4 (Bom_hyp) ... 2 (Bom_con)
  0  0.0000 370294.517194  x:  0.09892   3.58816   0.07275  
  1 99.0000 370069.842413  x:  0.12085   3.58839   0.09492  
  2 15692.3993 370003.694433  x:  0.11048   3.58900   0.11744  
  3 6304.2182 369896.058745  x:  0.10972   5.36132   0.12432  
  4 155.5626 369891.076540  x:  0.11314   5.36536   0.12860  
  5  0.0049 369890.705819  x:  0.11256   5.36406   0.13108  
  6  0.0020 369890.705311  x:  0.11260   5.36158   0.13104  
  7  0.0019 369890.705253  x:  0.11259   5.36016   0.13104  

4 (Bom_hyp) ... 3 (Bom_hor)
  0  0.0000 357801.759269  x:  0.06617   4.29027   0.24331  
  1 99.0000 357765.757608  x:  0.07457   4.29089   0.22378  
  2 3528.0382 357553.698334  x:  0.07311   4.29413   0.12173  
  3 19348.1414 357498.730523  x:  0.07230   6.18259   0.13979  
  4 71.6682 357488.385690  x:  0.06910   6.25093   0.12805  
  5  0.0881 357487.761592  x:  0.06834   6.24260   0.13136  
  6  0.0133 357487.761145  x:  0.06832   6.24356   0.13128  
  7  0.0010 357487.761142  x:  0.06832   6.24406   0.13128  
  8  0.0003 357487.761142  x:  0.06832   6.24413   0.13128  

5 (Bom_mus) ... 1 (Apis_mel)
  0  0.0000 441215.211108  x:  0.45983   4.92248   0.21804  
  1 99.0000 439220.115768  x:  0.49968   4.92139   0.10326  
  2 23283.2427 438830.975565  x:  0.60371   4.91752   0.10049  
  3 9389.5153 438702.223241  x:  0.59608   3.95968   0.09637  
  4 240.4070 438697.465990  x:  0.59781   3.98476   0.09275  
  5  0.0800 438697.271228  x:  0.59535   3.96844   0.09284  
  6  0.0143 438697.265418  x:  0.59519   3.97337   0.09288  
  7  0.0063 438697.265417  x:  0.59519   3.97335   0.09288  

5 (Bom_mus) ... 2 (Bom_con)
  0  0.0000 372310.192109  x:  0.11205   3.32117   0.14667  
  1 99.0000 372285.022143  x:  0.12107   3.32158   0.14332  
  2 5377.1613 372267.649698  x:  0.12074   3.32389   0.12518  
  3 2012.9361 372114.643915  x:  0.12050   5.16885   0.14078  
  4 214.2489 372113.089970  x:  0.12062   5.19733   0.13529  
  5  0.0273 372113.043308  x:  0.12066   5.24034   0.13549  
  6  0.0201 372113.043167  x:  0.12064   5.24001   0.13553  
  7  0.0003 372113.043166  x:  0.12064   5.24002   0.13552  
  8  0.0000 372113.043166  x:  0.12064   5.24003   0.13552  

5 (Bom_mus) ... 3 (Bom_hor)
  0  0.0000 358134.001463  x:  0.06266   4.29981   0.11388  
  1 99.0000 358102.458188  x:  0.07006   4.29986   0.11513  
  2 8745.2018 358092.483360  x:  0.06964   4.30054   0.13205  
  3 1278.0895 358058.697692  x:  0.06951   5.73008   0.13871  
  4 56.3067 358058.691863  x:  0.06957   5.72860   0.13833  
  5  0.0012 358058.691823  x:  0.06956   5.72878   0.13831  
  6  0.0002 358058.691823  x:  0.06956   5.72890   0.13831  

5 (Bom_mus) ... 4 (Bom_hyp)
  0  0.0000 357923.331059  x:  0.06207   4.57607   0.19281  
  1 99.0000 357891.943741  x:  0.06940   4.57611   0.19079  
  2 8588.1242 357810.269220  x:  0.06955   4.57741   0.13063  
  3 2480.5870 357796.762264  x:  0.06949   5.47714   0.13702  
  4 33.3630 357796.541004  x:  0.06944   5.48830   0.13436  
  5  0.0171 357796.539462  x:  0.06939   5.49330   0.13440  
  6  0.0043 357796.539451  x:  0.06939   5.49411   0.13441  
  7  0.0006 357796.539451  x:  0.06939   5.49412   0.13441  

6 (Bom_pas) ... 1 (Apis_mel)
  0  0.0000 439803.840251  x:  0.45821   4.61423   0.10424  
  1 99.0000 439307.143690  x:  0.53286   4.61258   0.12638  
  2 13562.0103 438997.219176  x:  0.58602   4.61097   0.09297  
  3 15901.6595 438938.622995  x:  0.58066   3.99280   0.09218  
  4 169.8550 438927.902433  x:  0.59373   3.98521   0.09455  
  5  0.0131 438927.161072  x:  0.59739   3.99757   0.09322  
  6  0.0155 438927.160888  x:  0.59746   3.99822   0.09322  
  7  0.0007 438927.160886  x:  0.59746   3.99813   0.09322  

6 (Bom_pas) ... 2 (Bom_con)
  0  0.0000 372630.169684  x:  0.11025   3.44441   0.16298  
  1 99.0000 372584.215632  x:  0.12242   3.44481   0.15815  
  2 7297.5484 372540.740686  x:  0.12204   3.44733   0.12829  
  3 2994.5358 372398.367373  x:  0.12179   5.29846   0.14465  
  4 197.7385 372396.071394  x:  0.12173   5.31957   0.13786  
  5  0.0235 372396.036510  x:  0.12171   5.35703   0.13787  
  6  0.0181 372396.035924  x:  0.12172   5.35769   0.13797  
  7  0.0007 372396.035922  x:  0.12172   5.35769   0.13797  

6 (Bom_pas) ... 3 (Bom_hor)
  0  0.0000 358527.881815  x:  0.06269   4.44203   0.11001  
  1 99.0000 358482.755459  x:  0.07159   4.44207   0.11202  
  2 10376.8565 358459.793953  x:  0.07078   4.44276   0.13759  
  3 2040.0948 358416.536126  x:  0.07062   6.16081   0.14503  
  4 61.5316 358416.526703  x:  0.07075   6.15806   0.14486  
  5  0.0024 358416.526664  x:  0.07074   6.15717   0.14482  
  6  0.0006 358416.526663  x:  0.07074   6.15705   0.14482  

6 (Bom_pas) ... 4 (Bom_hyp)
  0  0.0000 358505.749142  x:  0.05760   4.93259   0.22221  
  1 99.0000 358405.635355  x:  0.07036   4.93263   0.22033  
  2 16689.3480 358283.332675  x:  0.07067   4.93424   0.13999  
  3 2555.9738 358269.190814  x:  0.07063   5.93340   0.14733  
  4 31.5338 358268.875071  x:  0.07068   5.95139   0.14398  
  5  0.0302 358268.873579  x:  0.07071   5.96035   0.14402  
  6  0.0067 358268.873574  x:  0.07071   5.96071   0.14402  
  7  0.0003 358268.873574  x:  0.07071   5.96072   0.14402  

6 (Bom_pas) ... 5 (Bom_mus)
  0  0.0000 341520.613308  x:  0.02000   4.70089   0.22838  
  1 99.0000 341510.877057  x:  0.02230   4.70089   0.22814  
  2 8915.9574 341454.492263  x:  0.02238   4.70294   0.13344  
  3 947.8662 341448.608752  x:  0.02234   5.78327   0.14250  
  4 12.3067 341448.337356  x:  0.02234   5.81555   0.13740  
  5  0.0603 341448.335496  x:  0.02232   5.83329   0.13728  
  6  0.0139 341448.335440  x:  0.02232   5.83531   0.13735  
  7  0.0018 341448.335440  x:  0.02232   5.83554   0.13735  
  8  0.0001 341448.335440  x:  0.02232   5.83554   0.13735  
check convergence!


7 (Bom_syl) ... 1 (Apis_mel)
  0  0.0000 440741.449931  x:  0.46917   4.62338   0.16753  
  1 99.0000 439878.957519  x:  0.50191   4.62264   0.10156  
  2 18903.7015 439508.072299  x:  0.59873   4.61979   0.10231  
  3 10232.3195 439449.880701  x:  0.59335   3.99493   0.10017  
  4 171.8564 439442.556043  x:  0.59699   4.01270   0.09540  
  5  0.0353 439442.550521  x:  0.59710   4.00769   0.09535  
  6  0.0058 439442.550383  x:  0.59717   4.00807   0.09534  
  7  0.0003 439442.550382  x:  0.59717   4.00806   0.09535  

7 (Bom_syl) ... 2 (Bom_con)
  0  0.0000 373484.456724  x:  0.10892   3.50010   0.10727  
  1 99.0000 373384.186358  x:  0.12650   3.50038   0.11367  
  2 11287.6335 373363.264992  x:  0.12412   3.50173   0.13170  
  3 2568.9359 373219.281420  x:  0.12388   5.41212   0.14280  
  4 196.1898 373219.127012  x:  0.12447   5.41256   0.14161  
  5  0.0012 373219.124535  x:  0.12442   5.41499   0.14145  
  6  0.0017 373219.124460  x:  0.12442   5.41669   0.14147  
  7  0.0009 373219.124460  x:  0.12442   5.41671   0.14147  

7 (Bom_syl) ... 3 (Bom_hor)
  0  0.0000 359378.922131  x:  0.06187   4.43585   0.11778  
  1 99.0000 359298.824856  x:  0.07375   4.43590   0.11910  
  2 14286.9764 359288.086440  x:  0.07340   4.43665   0.13671  
  3 1305.7644 359246.706321  x:  0.07327   6.06930   0.14423  
  4 61.4324 359246.696517  x:  0.07328   6.06691   0.14363  
  5  0.0019 359246.696510  x:  0.07328   6.06738   0.14363  
  6  0.0003 359246.696510  x:  0.07328   6.06754   0.14363  
  7  0.0001 359246.696510  x:  0.07328   6.06753   0.14363  

7 (Bom_syl) ... 4 (Bom_hyp)
  0  0.0000 359341.732336  x:  0.06676   4.78213   0.20330  
  1 99.0000 359317.140356  x:  0.07348   4.78218   0.20127  
  2 7250.5344 359246.180407  x:  0.07359   4.78367   0.14331  
  3 2302.8542 359226.628390  x:  0.07352   5.91499   0.15128  
  4 39.1111 359226.347911  x:  0.07347   5.92830   0.14811  
  5  0.0193 359226.346030  x:  0.07342   5.93640   0.14816  
  6  0.0065 359226.345994  x:  0.07343   5.93775   0.14817  
  7  0.0010 359226.345994  x:  0.07343   5.93777   0.14817  
  8  0.0000 359226.345994  x:  0.07343   5.93775   0.14817  

7 (Bom_syl) ... 5 (Bom_mus)
  0  0.0000 357928.309172  x:  0.06697   4.81979   0.21943  
  1 99.0000 357915.146446  x:  0.07193   4.82001   0.20803  
  2 2199.6207 357847.913159  x:  0.07007   4.82116   0.14937  
  3 10902.2255 357839.511566  x:  0.06987   5.56228   0.15489  
  4 24.5153 357838.141265  x:  0.06831   5.55499   0.15406  
  5  0.0079 357838.139288  x:  0.06830   5.55245   0.15432  
  6  0.0036 357838.139255  x:  0.06829   5.55098   0.15431  
  7  0.0012 357838.139255  x:  0.06829   5.55094   0.15431  
  8  0.0000 357838.139255  x:  0.06829   5.55094   0.15431  

7 (Bom_syl) ... 6 (Bom_pas)
  0  0.0000 358203.645795  x:  0.06984   4.66163   0.20077  
  1 99.0000 358199.636982  x:  0.06725   4.66176   0.19744  
  2 1873.7083 358167.116928  x:  0.06869   4.66332   0.15662  
  3 3506.4219 358141.823503  x:  0.06872   5.97378   0.16615  
  4 44.6911 358141.549679  x:  0.06908   5.98169   0.16303  
  5  0.0098 358141.546954  x:  0.06914   5.98640   0.16319  
  6  0.0047 358141.546883  x:  0.06914   5.98883   0.16319  
  7  0.0016 358141.546883  x:  0.06914   5.98884   0.16319  

8 (Bom_vet) ... 1 (Apis_mel)
  0  0.0000 439672.073167  x:  0.57848   4.80099   0.14828  
  1 99.0000 439081.080639  x:  0.57454   4.80059   0.09828  
  2 19575.0248 439046.820204  x:  0.60774   4.79683   0.09209  
  3 2090.6360 438957.640608  x:  0.59598   3.98859   0.09119  
  4 201.7172 438955.626474  x:  0.59725   3.98695   0.09330  
  5  0.0056 438955.620132  x:  0.59690   3.99014   0.09336  
  6  0.0034 438955.620028  x:  0.59686   3.98946   0.09337  
  7  0.0008 438955.620028  x:  0.59686   3.98946   0.09337  

8 (Bom_vet) ... 2 (Bom_con)
  0  0.0000 372367.479305  x:  0.11989   3.43108   0.09328  
  1 99.0000 372299.843377  x:  0.12608   3.43187   0.11888  
  2 5611.2467 372290.443709  x:  0.12062   3.43240   0.12359  
  3 3245.2965 372146.803015  x:  0.12025   5.33834   0.13304  
  4 197.0742 372146.492570  x:  0.12114   5.33918   0.13418  
  5  0.0013 372146.471118  x:  0.12098   5.33782   0.13474  
  6  0.0011 372146.470990  x:  0.12099   5.33569   0.13474  
  7  0.0011 372146.470985  x:  0.12099   5.33552   0.13473  
  8  0.0002 372146.470985  x:  0.12099   5.33554   0.13473  
  9  0.0000 372146.470985  x:  0.12099   5.33554   0.13473  
 10  0.0000 372146.470985  x:  0.12099   5.33553   0.13473  

8 (Bom_vet) ... 3 (Bom_hor)
  0  0.0000 358254.947452  x:  0.06458   4.46191   0.20375  
  1 99.0000 358237.797918  x:  0.07017   4.46199   0.20121  
  2 5831.3978 358139.474261  x:  0.07017   4.46401   0.13350  
  3 2913.2277 358107.545735  x:  0.07003   5.88209   0.14475  
  4 52.8226 358106.592520  x:  0.06982   5.91126   0.13914  
  5  0.0432 358106.575323  x:  0.06967   5.92977   0.13932  
  6  0.0158 358106.574655  x:  0.06968   5.93670   0.13935  
  7  0.0046 358106.574655  x:  0.06968   5.93670   0.13935  
  8  0.0000 358106.574655  x:  0.06968   5.93670   0.13935  
check convergence!


8 (Bom_vet) ... 4 (Bom_hyp)
  0  0.0000 358131.893332  x:  0.06932   4.84370   0.13743  
  1 99.0000 358131.253730  x:  0.07041   4.84373   0.13719  
  2 1151.1670 358130.740582  x:  0.07042   4.84426   0.13309  
  3 255.2106 358117.813054  x:  0.07036   5.79180   0.13758  
  4 30.8868 358117.799906  x:  0.07038   5.79093   0.13691  
  5  0.0011 358117.799903  x:  0.07038   5.79136   0.13691  
  6  0.0003 358117.799903  x:  0.07038   5.79140   0.13691  
  7  0.0000 358117.799903  x:  0.07038   5.79140   0.13691  

8 (Bom_vet) ... 5 (Bom_mus)
  0  0.0000 340901.061570  x:  0.01722   4.71601   0.11464  
  1 99.0000 340872.314162  x:  0.02089   4.71601   0.11467  
  2 16791.5519 340872.138521  x:  0.02089   4.71605   0.11860  
  3 91.4881 340872.059148  x:  0.02088   4.83712   0.11911  
  4  1.3680 340872.058917  x:  0.02087   4.83354   0.11906  
  5  0.0031 340872.058916  x:  0.02087   4.83390   0.11907  
  6  0.0003 340872.058916  x:  0.02087   4.83388   0.11907  

8 (Bom_vet) ... 6 (Bom_pas)
  0  0.0000 341540.691083  x:  0.02177   4.10773   0.15137  
  1 99.0000 341539.566711  x:  0.02257   4.10774   0.15127  
  2 2849.0532 341535.220263  x:  0.02259   4.10978   0.12984  
  3 383.3407 341503.358954  x:  0.02244   6.69303   0.14778  
  4 33.2173 341502.907211  x:  0.02248   6.71866   0.14077  
  5  0.0256 341502.897679  x:  0.02248   6.77928   0.14083  
  6  0.0256 341502.897563  x:  0.02248   6.78003   0.14094  

8 (Bom_vet) ... 7 (Bom_syl)
  0  0.0000 357863.302868  x:  0.06455   5.47192   0.20566  
  1 99.0000 357855.222518  x:  0.06835   5.47194   0.20403  
  2 4033.6480 357811.230045  x:  0.06831   5.47244   0.15701  
  3 1877.0552 357810.198552  x:  0.06829   5.76236   0.15860  
  4  7.3636 357810.030900  x:  0.06817   5.76521   0.15601  
  5  0.0054 357810.028819  x:  0.06811   5.76552   0.15606  