

2 (Bom_con) ... 1 (Apis_mel)
  0  0.0000 803070.383715  x:  0.43872   1.47464   0.46994  
  1 99.0000 784940.411142  x:  0.44296   1.55855   0.08714  
  2 45139.7511 784405.609069  x:  0.50036   1.58340   0.06922  
  3 18698.2194 782040.148797  x:  0.57505   2.33986   0.10899  
  4 9232.5560 780603.227407  x:  0.49692   3.08906   0.09453  
  5  1.6673 780230.502541  x:  0.56272   3.64129   0.09240  
  6  0.2309 780183.551948  x:  0.55086   3.89914   0.08982  
  7  0.1473 780178.418601  x:  0.55179   3.95899   0.09249  
  8  0.0384 780178.354525  x:  0.55121   3.96597   0.09239  
  9  0.0064 780178.354461  x:  0.55123   3.96638   0.09240  
 10  0.0003 780178.354460  x:  0.55123   3.96639   0.09240  

3 (Bom_hor) ... 1 (Apis_mel)
  0  0.0000 783176.368314  x:  0.43728   3.49844   0.07451  
  1 99.0000 782350.795440  x:  0.45621   3.49849   0.10810  
  2 49942.1236 781533.173999  x:  0.56031   3.50002   0.09086  
  3 19353.4900 781437.171941  x:  0.56486   4.04037   0.09228  
  4 384.1345 781433.079915  x:  0.56610   4.04116   0.08973  
  5  0.0028 781433.076623  x:  0.56602   4.04386   0.08972  
  6  0.0021 781433.076596  x:  0.56601   4.04384   0.08973  
  7  0.0000 781433.076595  x:  0.56600   4.04380   0.08973  
  8  0.0000 781433.076595  x:  0.56600   4.04381   0.08973  
  9  0.0000 781433.076595  x:  0.56600   4.04380   0.08973  

3 (Bom_hor) ... 2 (Bom_con)
  0  0.0000 666022.205368  x:  0.11545   3.43233   0.16336  
  1 99.0000 665904.226895  x:  0.10687   3.43423   0.13233  
  2 6864.5644 665847.884085  x:  0.11336   3.43557   0.11403  
  3 17191.4199 665588.709630  x:  0.11446   5.38078   0.13103  
  4 345.1992 665586.660489  x:  0.11503   5.39883   0.12653  
  5  0.0174 665586.626337  x:  0.11524   5.41337   0.12669  
  6  0.0119 665586.619615  x:  0.11519   5.42474   0.12671  
  7  0.0070 665586.619609  x:  0.11519   5.42474   0.12672  
  8  0.0000 665586.619609  x:  0.11519   5.42473   0.12672  

4 (Bom_hyp) ... 1 (Apis_mel)
  0  0.0000 783182.736390  x:  0.47499   4.58740   0.21011  
  1 99.0000 779859.442092  x:  0.48389   4.58707   0.09832  
  2 42291.1917 779484.326007  x:  0.55567   4.58463   0.08515  
  3 11683.2131 779409.782011  x:  0.54932   4.02758   0.08302  
  4 249.4793 779368.974409  x:  0.55344   3.96012   0.08963  
  5  0.2427 779368.789369  x:  0.55389   3.98527   0.08973  
  6  0.0324 779368.789214  x:  0.55393   3.98507   0.08973  
  7  0.0002 779368.789214  x:  0.55393   3.98508   0.08973  

4 (Bom_hyp) ... 2 (Bom_con)
  0  0.0000 662107.281543  x:  0.09687   3.54195   0.18211  
  1 99.0000 662009.565563  x:  0.10934   3.54232   0.17457  
  2 14034.1461 661763.321215  x:  0.10871   3.54518   0.11655  
  3 9627.7118 661564.747849  x:  0.10822   5.30731   0.13344  
  4 283.7979 661558.001122  x:  0.10749   5.34665   0.12522  
  5  0.0518 661557.845957  x:  0.10706   5.38022   0.12559  
  6  0.0257 661557.829852  x:  0.10715   5.39797   0.12564  
  7  0.0105 661557.829850  x:  0.10715   5.39798   0.12564  
  8  0.0000 661557.829850  x:  0.10715   5.39798   0.12564  

4 (Bom_hyp) ... 3 (Bom_hor)
  0  0.0000 641670.124867  x:  0.05391   4.50885   0.19814  
  1 99.0000 641490.651297  x:  0.06632   4.50889   0.19610  
  2 30881.2815 641239.110339  x:  0.06662   4.51037   0.11933  
  3 5265.9821 641215.630473  x:  0.06655   5.40814   0.12636  
  4 58.6105 641213.574183  x:  0.06657   5.43944   0.12057  
  5  0.0560 641213.568158  x:  0.06654   5.45508   0.12062  
  6  0.0112 641213.568146  x:  0.06654   5.45515   0.12063  
  7  0.0001 641213.568146  x:  0.06654   5.45516   0.12063  
  8  0.0001 641213.568145  x:  0.06654   5.45515   0.12063  
  9  0.0000 641213.568145  x:  0.06654   5.45516   0.12063  
 10  0.0000 641213.568145  x:  0.06654   5.45516   0.12063  
 11  0.0000 641213.568145  x:  0.06654   5.45516   0.12063  
 12  0.0000 641213.568145  x:  0.06654   5.45516   0.12063  
 13  0.0626 641213.568145  x:  0.06654   5.45516   0.12063  
 14  0.0097 641213.568145  x:  0.06654   5.45516   0.12063  
 15  0.0006 641213.568145  x:  0.06654   5.45516   0.12063  
check convergence!


5 (Bom_mus) ... 1 (Apis_mel)
  0  0.0000 784073.964165  x:  0.50268   4.34385   0.20920  
  1 99.0000 780633.642218  x:  0.49868   4.34395   0.09783  
  2 44165.8498 780394.171351  x:  0.55234   4.34239   0.08476  
  3 9278.4682 780371.780326  x:  0.54842   4.04539   0.08371  
  4 143.3071 780321.941435  x:  0.55781   3.98255   0.09022  
  5  0.1992 780321.600640  x:  0.55986   4.00591   0.08997  
  6  0.0229 780321.590871  x:  0.56003   4.00172   0.08989  
  7  0.0042 780321.590848  x:  0.56003   4.00176   0.08988  

5 (Bom_mus) ... 2 (Bom_con)
  0  0.0000 665350.452817  x:  0.10374   3.64996   0.12148  
  1 99.0000 665280.143905  x:  0.11456   3.65017   0.12159  
  2 13466.2282 665279.458242  x:  0.11464   3.65265   0.11911  
  3 380.0206 665099.284277  x:  0.11446   5.33645   0.13166  
  4 525.9460 665098.248945  x:  0.11465   5.34542   0.12833  
  5  0.0080 665098.239803  x:  0.11463   5.36037   0.12837  
  6  0.0078 665098.239766  x:  0.11464   5.36045   0.12839  
  7  0.0001 665098.239765  x:  0.11464   5.36045   0.12838  
  8  0.0000 665098.239765  x:  0.11464   5.36046   0.12838  

5 (Bom_mus) ... 3 (Bom_hor)
  0  0.0000 641780.384405  x:  0.07093   4.47175   0.20736  
  1 99.0000 641742.552899  x:  0.06488   4.47182   0.20396  
  2 10560.6100 641485.498503  x:  0.06607   4.47344   0.12420  
  3 6514.4320 641461.442431  x:  0.06608   5.35777   0.13150  
  4 60.2945 641458.869908  x:  0.06661   5.39410   0.12516  
  5  0.0609 641458.767490  x:  0.06691   5.40569   0.12561  
  6  0.0126 641458.766600  x:  0.06691   5.41151   0.12559  
  7  0.0043 641458.766590  x:  0.06690   5.41168   0.12560  

5 (Bom_mus) ... 4 (Bom_hyp)
  0  0.0000 640617.993083  x:  0.05974   4.40337   0.12854  
  1 99.0000 640572.291051  x:  0.06622   4.40340   0.12796  
  2 14581.4675 640563.728614  x:  0.06628   4.40403   0.11753  
  3 1396.4458 640525.395157  x:  0.06618   5.59244   0.12373  
  4 76.0224 640524.806311  x:  0.06621   5.58168   0.12055  
  5  0.0117 640524.806261  x:  0.06621   5.58091   0.12053  
  6  0.0007 640524.806259  x:  0.06621   5.58063   0.12053  
  7  0.0002 640524.806259  x:  0.06621   5.58064   0.12053  
  8  0.0000 640524.806259  x:  0.06621   5.58064   0.12053  
  9  0.0000 640524.806259  x:  0.06621   5.58064   0.12053  
 10  0.0288 640524.806259  x:  0.06621   5.58064   0.12053  
check convergence!


6 (Bom_pas) ... 1 (Apis_mel)
  0  0.0000 780610.537492  x:  0.52444   4.53853   0.10064  
  1 99.0000 780563.059811  x:  0.53172   4.53809   0.09148  
  2 7755.6626 780477.882905  x:  0.56755   4.53588   0.09111  
  3 8116.0048 780408.731656  x:  0.56157   4.00924   0.09029  
  4 246.2487 780408.553829  x:  0.56116   4.00865   0.08983  
  5  0.0009 780408.552988  x:  0.56104   4.00824   0.08985  
  6  0.0004 780408.552986  x:  0.56104   4.00832   0.08985  
  7  0.0001 780408.552986  x:  0.56104   4.00832   0.08985  
  8  0.0000 780408.552986  x:  0.56104   4.00832   0.08985  
check convergence!


6 (Bom_pas) ... 2 (Bom_con)
  0  0.0000 666028.256288  x:  0.09695   3.59402   0.12167  
  1 99.0000 665806.270567  x:  0.11579   3.59423   0.12186  
  2 25147.1322 665805.338075  x:  0.11588   3.59619   0.11892  
  3 521.6365 665607.430777  x:  0.11569   5.33878   0.13152  
  4 408.0903 665606.366568  x:  0.11589   5.34747   0.12815  
  5  0.0079 665606.356644  x:  0.11588   5.36314   0.12820  
  6  0.0079 665606.356634  x:  0.11588   5.36311   0.12821  

6 (Bom_pas) ... 3 (Bom_hor)
  0  0.0000 642362.727432  x:  0.05977   4.48542   0.18824  
  1 99.0000 642285.667972  x:  0.06823   4.48547   0.18617  
  2 18590.8213 642115.100312  x:  0.06842   4.48699   0.12248  
  3 4759.1535 642078.368839  x:  0.06832   5.61466   0.13081  
  4 74.1961 642077.568851  x:  0.06828   5.63445   0.12714  
  5  0.0305 642077.562807  x:  0.06823   5.64649   0.12719  
  6  0.0091 642077.562702  x:  0.06824   5.64795   0.12721  
  7  0.0011 642077.562702  x:  0.06824   5.64797   0.12720  

6 (Bom_pas) ... 4 (Bom_hyp)
  0  0.0000 641564.005593  x:  0.05680   4.49716   0.13712  
  1 99.0000 641431.074962  x:  0.06769   4.49720   0.13643  
  2 25930.0322 641414.629782  x:  0.06780   4.49806   0.11939  
  3 1829.3061 641367.892586  x:  0.06770   5.81658   0.12641  
  4 82.4086 641367.678021  x:  0.06774   5.82484   0.12452  
  5  0.0090 641367.676616  x:  0.06775   5.83297   0.12455  
  6  0.0053 641367.676609  x:  0.06775   5.83310   0.12456  
  7  0.0001 641367.676609  x:  0.06775   5.83311   0.12456  

6 (Bom_pas) ... 5 (Bom_mus)
  0  0.0000 612832.139376  x:  0.02057   4.80895   0.11009  
  1 99.0000 612828.373681  x:  0.02168   4.80895   0.11016  
  2 7254.2952 612826.784341  x:  0.02166   4.80941   0.11878  
  3 386.6765 612814.510759  x:  0.02159   6.09806   0.12390  
  4 22.1468 612814.499511  x:  0.02155   6.09423   0.12334  
  5  0.0035 612814.499464  x:  0.02155   6.09353   0.12331  

7 (Bom_syl) ... 1 (Apis_mel)
  0  0.0000 781461.307074  x:  0.51526   4.88230   0.11616  
  1 99.0000 781274.311677  x:  0.52159   4.88181   0.09643  
  2 16573.0697 781124.426034  x:  0.57124   4.87843   0.09251  
  3 7360.7479 780950.104335  x:  0.56204   4.00922   0.09114  
  4 362.0039 780949.762251  x:  0.55985   4.00624   0.09168  
  5  0.0038 780949.752010  x:  0.55967   4.00718   0.09160  
  6  0.0012 780949.752004  x:  0.55967   4.00704   0.09160  
  7  0.0002 780949.752004  x:  0.55967   4.00704   0.09160  

7 (Bom_syl) ... 2 (Bom_con)
  0  0.0000 667131.230204  x:  0.10286   3.59772   0.09134  
  1 99.0000 666909.708722  x:  0.12140   3.59797   0.10124  
  2 22298.3035 666843.056848  x:  0.11691   3.59896   0.12329  
  3 6943.5180 666608.939688  x:  0.11640   5.54989   0.13306  
  4 312.2507 666608.123909  x:  0.11763   5.54794   0.13296  
  5  0.0021 666608.120962  x:  0.11763   5.54709   0.13314  
  6  0.0006 666608.120937  x:  0.11763   5.54631   0.13314  
  7  0.0004 666608.120936  x:  0.11763   5.54628   0.13314  
  8  0.0000 666608.120936  x:  0.11763   5.54628   0.13314  

7 (Bom_syl) ... 3 (Bom_hor)
  0  0.0000 643573.857863  x:  0.05957   4.62266   0.16880  
  1 99.0000 643452.145961  x:  0.07026   4.62270   0.16723  
  2 23981.3221 643364.779549  x:  0.07045   4.62375   0.12431  
  3 3661.0241 643335.310468  x:  0.07037   5.66074   0.13087  
  4 64.8129 643334.969488  x:  0.07038   5.66242   0.12843  
  5  0.0040 643334.969447  x:  0.07037   5.66223   0.12842  
  6  0.0002 643334.969447  x:  0.07037   5.66221   0.12842  
  7  0.0000 643334.969446  x:  0.07037   5.66214   0.12842  
  8  0.0000 643334.969446  x:  0.07037   5.66214   0.12842  
check convergence!


7 (Bom_syl) ... 4 (Bom_hyp)
  0  0.0000 642967.702363  x:  0.07333   4.74573   0.23161  
  1 99.0000 642925.875163  x:  0.06688   4.74581   0.22751  
  2 10602.1752 642556.579918  x:  0.06824   4.74784   0.12459  
  3 7690.9397 642526.604294  x:  0.06829   5.81383   0.13336  
  4 63.7655 642524.337029  x:  0.06908   5.84839   0.12791  
  5  0.0557 642524.124272  x:  0.06948   5.84714   0.12885  
  6  0.0020 642524.124019  x:  0.06948   5.84899   0.12881  
  7  0.0017 642524.124011  x:  0.06948   5.84951   0.12881  
  8  0.0004 642524.124011  x:  0.06948   5.84950   0.12881  

7 (Bom_syl) ... 5 (Bom_mus)
  0  0.0000 640148.137897  x:  0.05926   4.80276   0.20696  
  1 99.0000 640115.373677  x:  0.06469   4.80281   0.20479  
  2 11543.9710 639920.271386  x:  0.06479   4.80423   0.13005  
  3 4991.4038 639899.238577  x:  0.06471   5.72630   0.13680  
  4 50.5562 639898.723049  x:  0.06458   5.74348   0.13372  
  5  0.0277 639898.708677  x:  0.06447   5.74930   0.13387  
  6  0.0055 639898.708636  x:  0.06447   5.75073   0.13388  

7 (Bom_syl) ... 6 (Bom_pas)
  0  0.0000 640827.838631  x:  0.05889   4.78930   0.15532  
  1 99.0000 640773.601350  x:  0.06590   4.78933   0.15450  
  2 16023.7677 640750.165535  x:  0.06601   4.79019   0.13203  
  3 1964.0101 640717.490405  x:  0.06593   5.97118   0.13855  
  4 63.3334 640717.312929  x:  0.06595   5.97313   0.13665  
  5  0.0031 640717.312753  x:  0.06595   5.97617   0.13665  
  6  0.0021 640717.312753  x:  0.06595   5.97622   0.13665  

8 (Bom_vet) ... 1 (Apis_mel)
  0  0.0000 782894.031723  x:  0.47291   4.78968   0.17540  
  1 99.0000 780977.765810  x:  0.48829   4.78910   0.09814  
  2 37517.3742 780544.628746  x:  0.57086   4.78594   0.08889  
  3 12528.0416 780407.611496  x:  0.56344   4.01980   0.08647  
  4 326.5721 780399.634308  x:  0.56222   3.99730   0.09002  
  5  0.0594 780399.277136  x:  0.56020   4.00975   0.09006  
  6  0.0114 780399.271304  x:  0.56003   4.00556   0.09007  
  7  0.0053 780399.271274  x:  0.56002   4.00558   0.09007  

8 (Bom_vet) ... 2 (Bom_con)
  0  0.0000 665217.556666  x:  0.11672   3.35386   0.16221  
  1 99.0000 665152.771715  x:  0.10746   3.35474   0.14910  
  2 7826.0972 665051.146842  x:  0.11207   3.35713   0.11693  
  3 12103.7752 664769.416698  x:  0.11270   5.34842   0.13494  
  4 369.3220 664764.507205  x:  0.11387   5.37678   0.12808  
  5  0.0298 664764.415535  x:  0.11407   5.41911   0.12832  
  6  0.0219 664764.407613  x:  0.11396   5.42574   0.12833  
  7  0.0057 664764.407610  x:  0.11396   5.42585   0.12833  

8 (Bom_vet) ... 3 (Bom_hor)
  0  0.0000 641200.081358  x:  0.06622   4.34534   0.12684  
  1 99.0000 641199.653196  x:  0.06684   4.34548   0.12581  
  2 711.8296 641198.326184  x:  0.06650   4.34614   0.12153  
  3 1736.4569 641152.448342  x:  0.06636   5.61770   0.12833  
  4 85.9695 641152.326768  x:  0.06638   5.61841   0.12687  
  5  0.0016 641152.326552  x:  0.06638   5.62115   0.12685  
  6  0.0019 641152.326545  x:  0.06638   5.62147   0.12686  
  7  0.0003 641152.326544  x:  0.06638   5.62140   0.12686  
  8  0.0000 641152.326544  x:  0.06638   5.62142   0.12686  

8 (Bom_vet) ... 4 (Bom_hyp)
  0  0.0000 640718.110281  x:  0.06187   4.44688   0.12372  
  1 99.0000 640696.237056  x:  0.06641   4.44692   0.12344  
  2 9868.2556 640694.200922  x:  0.06645   4.44762   0.11804  
  3 690.4847 640644.846696  x:  0.06633   5.82347   0.12489  
  4 85.9919 640644.651143  x:  0.06637   5.82113   0.12307  
  5  0.0029 640644.650972  x:  0.06637   5.82293   0.12304  
  6  0.0015 640644.650961  x:  0.06637   5.82353   0.12305  
  7  0.0005 640644.650961  x:  0.06637   5.82353   0.12305  

8 (Bom_vet) ... 5 (Bom_mus)
  0  0.0000 611226.031874  x:  0.01630   4.73037   0.20806  
  1 99.0000 611193.560076  x:  0.01910   4.73037   0.20788  
  2 24485.1663 611103.688530  x:  0.01917   4.73215   0.11838  
  3 1592.8461 611094.053362  x:  0.01914   5.87638   0.12728  
  4 19.2059 611093.665417  x:  0.01915   5.90931   0.12276  
  5  0.0612 611093.663422  x:  0.01915   5.92580   0.12264  
  6  0.0126 611093.663348  x:  0.01915   5.92759   0.12271  
  7  0.0016 611093.663348  x:  0.01915   5.92763   0.12271  

8 (Bom_vet) ... 6 (Bom_pas)
  0  0.0000 612714.702728  x:  0.01908   4.77991   0.10801  
  1 99.0000 612692.396468  x:  0.02159   4.77992   0.10804  
  2 18575.1608 612691.807973  x:  0.02158   4.78058   0.11341  
  3 235.9972 612669.205848  x:  0.02148   6.67026   0.12086  
  4 30.3375 612669.147924  x:  0.02150   6.64546   0.11917  
  5  0.0212 612669.147687  x:  0.02150   6.63858   0.11911  
  6  0.0050 612669.147680  x:  0.02150   6.63875   0.11914  
  7  0.0002 612669.147679  x:  0.02150   6.63876   0.11914  
  8  0.0014 612669.147672  x:  0.02150   6.63875   0.11913  
  9  0.0000 612669.147672  x:  0.02150   6.63875   0.11913  
check convergence!


8 (Bom_vet) ... 7 (Bom_syl)
  0  0.0000 640032.644564  x:  0.05316   5.31543   0.09049  
  1 99.0000 639856.632069  x:  0.06547   5.31543   0.09355  
  2 30018.5592 639751.045217  x:  0.06405   5.31551   0.13372  
  3 6482.7018 639741.420806  x:  0.06400   6.01119   0.13567  
  4 29.8923 639741.396162  x:  0.06415   6.00948   0.13570  
  5  0.0014 639741.396099  x:  0.06415   6.00950   0.13574  
  6  0.0000 639741.396099  x:  0.06415   6.00949   0.13574  