

2 (And_ful) ... 1 (And_bic)
  0  0.0000 1036910.828976  x:  0.17725   1.60510   0.46004  
  1 99.0000 1035201.561578  x:  0.12927   1.61425   0.40719  
  2 42824.4581 1023104.417814  x:  0.12243   1.67355   0.05379  
  3 76265.9141 1022421.514208  x:  0.12480   2.22650   0.09369  
  4 3076.3016 1020635.692186  x:  0.14281   2.97482   0.04836  
  5  2.2938 1020263.596665  x:  0.16008   3.17304   0.06561  
  6  0.2243 1020184.186097  x:  0.16632   3.49305   0.05840  
  7  0.2103 1020163.579287  x:  0.16260   3.72918   0.06154  
  8  0.0925 1020163.023812  x:  0.16328   3.76389   0.06113  
  9  0.0284 1020163.019729  x:  0.16326   3.76680   0.06121  
 10  0.0026 1020163.019720  x:  0.16326   3.76680   0.06121  
 11  0.0000 1020163.019720  x:  0.16326   3.76679   0.06121  

3 (And_hae) ... 1 (And_bic)
  0  0.0000 1016264.649764  x:  0.13146   3.34526   0.04801  
  1 99.0000 1015820.069925  x:  0.15296   3.34530   0.06206  
  2 36985.5907 1015820.013215  x:  0.15314   3.34546   0.06178  
  3 301.7827 1015801.825411  x:  0.15301   3.65551   0.06298  
  4 152.9586 1015801.803956  x:  0.15316   3.64892   0.06290  
  5  0.0059 1015801.803820  x:  0.15316   3.64865   0.06292  
  6  0.0002 1015801.803819  x:  0.15316   3.64867   0.06292  
  7  0.0000 1015801.803819  x:  0.15316   3.64868   0.06292  

3 (And_hae) ... 2 (And_ful)
  0  0.0000 1015675.133513  x:  0.12497   3.38577   0.19128  
  1 99.0000 1014512.153122  x:  0.17046   3.38669   0.14458  
  2 40195.0598 1012905.896057  x:  0.16960   3.38819   0.06309  
  3 57316.1122 1012829.192832  x:  0.16863   4.04291   0.06926  
  4 256.3147 1012603.472115  x:  0.15017   4.07876   0.06155  
  5  0.0383 1012587.250814  x:  0.14776   4.00680   0.06676  
  6  0.1612 1012587.070939  x:  0.14806   3.97760   0.06664  
  7  0.0257 1012587.066435  x:  0.14800   3.97460   0.06658  
  8  0.0031 1012587.066427  x:  0.14800   3.97469   0.06658  
  9  0.0001 1012587.066427  x:  0.14800   3.97469   0.06658  
 10  0.0000 1012587.066427  x:  0.14800   3.97469   0.06658  
check convergence!


4 (And_hat) ... 1 (And_bic)
  0  0.0000 996345.022407  x:  0.12564   3.57099   0.10326  
  1 99.0000 996035.948527  x:  0.10999   3.57116   0.08105  
  2 21448.8426 995879.594810  x:  0.11568   3.57132   0.06071  
  3 22538.0204 995877.071213  x:  0.11580   3.71231   0.06146  
  4 38.4941 995868.201211  x:  0.11876   3.67927   0.06330  
  5  0.0396 995868.044193  x:  0.11894   3.68026   0.06271  
  6  0.0014 995868.044144  x:  0.11894   3.67977   0.06270  
  7  0.0005 995868.044144  x:  0.11894   3.67977   0.06270  
check convergence!


4 (And_hat) ... 2 (And_ful)
  0  0.0000 1015440.807958  x:  0.16251   3.14833   0.07477  
  1 99.0000 1015297.920715  x:  0.15238   3.14882   0.06168  
  2 16427.6531 1015293.497061  x:  0.15434   3.14924   0.05950  
  3 3070.7210 1015121.254324  x:  0.15494   4.12341   0.06415  
  4 423.9582 1015120.652405  x:  0.15467   4.12156   0.06309  
  5  0.0022 1015120.647709  x:  0.15476   4.12174   0.06305  
  6  0.0002 1015120.647701  x:  0.15476   4.12198   0.06305  
  7  0.0002 1015120.647701  x:  0.15476   4.12199   0.06305  

4 (And_hat) ... 3 (And_hae)
  0  0.0000 1012725.790894  x:  0.15264   3.62277   0.14489  
  1 99.0000 1011663.404120  x:  0.12501   3.62355   0.08884  
  2 30154.7074 1011283.713257  x:  0.13404   3.62397   0.05951  
  3 46498.7274 1011230.652472  x:  0.13526   4.23084   0.06312  
  4 189.6158 1011154.679276  x:  0.14510   4.08361   0.06726  
  5  0.1824 1011152.713335  x:  0.14565   4.09169   0.06520  
  6  0.0097 1011152.709732  x:  0.14564   4.08687   0.06515  
  7  0.0042 1011152.709722  x:  0.14564   4.08679   0.06516  
  8  0.0001 1011152.709722  x:  0.14564   4.08679   0.06516  
  9  0.0000 1011152.709722  x:  0.14564   4.08679   0.06516  

5 (And_mar) ... 1 (And_bic)
  0  0.0000 976362.137116  x:  0.07517   3.46003   0.08982  
  1 99.0000 976105.736030  x:  0.08975   3.46004   0.08450  
  2 35244.7245 975919.001720  x:  0.08927   3.46012   0.05656  
  3 12887.6439 975917.135992  x:  0.08930   3.34545   0.05595  
  4 30.4943 975916.323413  x:  0.08847   3.33651   0.05641  
  5  0.0080 975916.307679  x:  0.08844   3.33826   0.05621  
  6  0.0027 975916.307654  x:  0.08844   3.33869   0.05621  
  7  0.0005 975916.307654  x:  0.08844   3.33869   0.05621  
  8  0.0000 975916.307654  x:  0.08844   3.33869   0.05621  
  9  0.0000 975916.307654  x:  0.08844   3.33869   0.05621  

5 (And_mar) ... 2 (And_ful)
  0  0.0000 1020346.570659  x:  0.16969   2.93227   0.09649  
  1 99.0000 1019823.305153  x:  0.15311   2.93304   0.06524  
  2 26556.6337 1019783.965187  x:  0.15894   2.93346   0.05888  
  3 10045.5805 1019651.379151  x:  0.16009   3.67360   0.06356  
  4 406.8903 1019651.063694  x:  0.16080   3.67278   0.06322  
  5  0.0011 1019651.060321  x:  0.16077   3.67323   0.06315  
  6  0.0006 1019651.060310  x:  0.16077   3.67347   0.06315  
  7  0.0002 1019651.060310  x:  0.16077   3.67348   0.06315  
  8  0.0000 1019651.060310  x:  0.16077   3.67348   0.06315  

5 (And_mar) ... 3 (And_hae)
  0  0.0000 1016564.771854  x:  0.12026   3.24030   0.14064  
  1 99.0000 1015555.280072  x:  0.15973   3.24066   0.11550  
  2 48019.2378 1014752.003357  x:  0.15802   3.24136   0.06317  
  3 33024.3717 1014731.579384  x:  0.15777   3.55077   0.06559  
  4 138.5766 1014690.484804  x:  0.14947   3.54162   0.06453  
  5  0.0102 1014690.087820  x:  0.14931   3.53305   0.06543  
  6  0.0159 1014690.086633  x:  0.14933   3.53091   0.06540  
  7  0.0019 1014690.086631  x:  0.14932   3.53086   0.06540  

5 (And_mar) ... 4 (And_hat)
  0  0.0000 993845.445333  x:  0.12028   3.04595   0.09353  
  1 99.0000 993656.040727  x:  0.10766   3.04622   0.07889  
  2 18728.0186 993561.342349  x:  0.11183   3.04658   0.06327  
  3 15470.9983 993527.876769  x:  0.11204   3.47662   0.06597  
  4 168.3907 993525.835008  x:  0.11359   3.47225   0.06551  
  5  0.0049 993525.833574  x:  0.11358   3.47211   0.06545  
  6  0.0002 993525.833571  x:  0.11358   3.47201   0.06545  
  7  0.0001 993525.833571  x:  0.11358   3.47200   0.06545  
  8  0.0000 993525.833571  x:  0.11358   3.47200   0.06545  

6 (And_tri) ... 1 (And_bic)
  0  0.0000 996287.384155  x:  0.10904   3.02243   0.16507  
  1 99.0000 994603.542691  x:  0.13710   3.02386   0.06586  
  2 26137.7452 994382.432624  x:  0.12877   3.02411   0.04750  
  3 47882.8430 994354.095447  x:  0.12705   3.41062   0.05031  
  4 151.9285 994230.264415  x:  0.11592   3.14564   0.05630  
  5  0.5222 994230.223915  x:  0.11603   3.13562   0.05642  
  6  0.0122 994230.223860  x:  0.11602   3.13574   0.05643  
  7  0.0001 994230.223860  x:  0.11602   3.13576   0.05643  
  8  0.0000 994230.223859  x:  0.11602   3.13578   0.05643  

6 (And_tri) ... 2 (And_ful)
  0  0.0000 1018914.239479  x:  0.14221   3.08103   0.17093  
  1 99.0000 1016384.331105  x:  0.17661   3.08326   0.06289  
  2 34032.1362 1016220.808679  x:  0.16670   3.08362   0.05033  
  3 27796.7758 1016095.157344  x:  0.16269   3.83984   0.05606  
  4 371.3670 1016051.855075  x:  0.15504   3.68819   0.05982  
  5  0.3146 1016051.452784  x:  0.15536   3.64888   0.05997  
  6  0.0365 1016051.449081  x:  0.15535   3.64616   0.05990  
  7  0.0023 1016051.449069  x:  0.15535   3.64633   0.05989  

6 (And_tri) ... 3 (And_hae)
  0  0.0000 1014204.121620  x:  0.12284   3.27571   0.16705  
  1 99.0000 1013103.241241  x:  0.16597   3.27635   0.12399  
  2 40267.1130 1011924.013317  x:  0.16399   3.27723   0.05902  
  3 51898.4382 1011900.827923  x:  0.16347   3.61595   0.06187  
  4 142.0084 1011714.087188  x:  0.14545   3.55291   0.06146  
  5  0.0573 1011713.711033  x:  0.14537   3.53579   0.06224  
  6  0.0350 1011713.694038  x:  0.14537   3.52706   0.06213  
  7  0.0084 1011713.694033  x:  0.14537   3.52706   0.06213  
  8  0.0000 1011713.694033  x:  0.14537   3.52706   0.06213  

6 (And_tri) ... 4 (And_hat)
  0  0.0000 994052.614406  x:  0.11320   3.23043   0.14310  
  1 99.0000 992865.498968  x:  0.10269   3.23159   0.06428  
  2 22827.3235 992768.715732  x:  0.11089   3.23178   0.05467  
  3 27536.6963 992741.723031  x:  0.11168   3.63244   0.05799  
  4 143.3367 992732.989191  x:  0.11355   3.56089   0.06121  
  5  0.1525 992732.898376  x:  0.11381   3.55801   0.06087  
  6  0.0026 992732.898267  x:  0.11380   3.55746   0.06086  
  7  0.0005 992732.898267  x:  0.11380   3.55744   0.06086  

6 (And_tri) ... 5 (And_mar)
  0  0.0000 994080.392252  x:  0.09984   3.14872   0.14674  
  1 99.0000 993580.496262  x:  0.12464   3.14893   0.11832  
  2 28572.7698 992796.963493  x:  0.12231   3.14929   0.05966  
  3 43997.5404 992793.382150  x:  0.12243   3.01889   0.05854  
  4 49.8526 992702.628731  x:  0.11202   2.95340   0.06255  
  5  0.0684 992700.826231  x:  0.11164   2.97604   0.06065  
  6  0.0466 992700.824615  x:  0.11168   2.97497   0.06061  
  7  0.0012 992700.824615  x:  0.11168   2.97498   0.06061  
  8  0.0000 992700.824615  x:  0.11168   2.97498   0.06061  

7 (Bom_pas) ... 1 (And_bic)
  0  0.0000 1249886.060139  x:  1.14512   2.68459   0.13598  
  1 99.0000 1238246.595562  x:  1.13354   2.68664   0.05216  
  2 185325.1808 1238094.682900  x:  1.07265   2.73358   0.06000  
  3 4089.6675 1237018.782015  x:  1.19269   3.94314   0.05870  
  4 2978.1857 1236845.618295  x:  1.13313   3.99381   0.05609  
  5  0.1139 1236844.409678  x:  1.13195   4.03658   0.05640  
  6  0.0274 1236844.319068  x:  1.13422   4.04374   0.05627  
  7  0.0064 1236844.318909  x:  1.13417   4.04391   0.05627  
  8  0.0002 1236844.318909  x:  1.13417   4.04392   0.05627  
  9  0.0000 1236844.318909  x:  1.13417   4.04392   0.05627  
 10  0.0000 1236844.318909  x:  1.13417   4.04392   0.05627  

7 (Bom_pas) ... 2 (And_ful)
  0  0.0000 1257753.020468  x:  1.34233   3.50309   0.14706  
  1 99.0000 1240732.439669  x:  1.32774   3.50452   0.04747  
  2 212713.2392 1240560.894824  x:  1.25806   3.52255   0.05616  
  3 5170.6841 1240241.910212  x:  1.32487   4.33713   0.05471  
  4 897.9785 1239920.911795  x:  1.18750   4.25684   0.05574  
  5  0.1992 1239915.299964  x:  1.19991   4.29050   0.05431  
  6  0.0373 1239915.185733  x:  1.19790   4.29316   0.05430  
  7  0.0038 1239915.183381  x:  1.19802   4.29539   0.05431  
  8  0.0017 1239915.183378  x:  1.19803   4.29542   0.05431  
  9  0.0000 1239915.183378  x:  1.19803   4.29542   0.05431  

7 (Bom_pas) ... 3 (And_hae)
  0  0.0000 1244589.682481  x:  1.25330   3.75197   0.11175  
  1 99.0000 1236973.019524  x:  1.24608   3.75254   0.05126  
  2 181359.3058 1236722.334850  x:  1.13926   3.76953   0.06137  
  3 4674.4896 1236660.601993  x:  1.16717   4.12313   0.06064  
  4 367.1104 1236538.101281  x:  1.11190   4.11560   0.05863  
  5  0.0893 1236535.051636  x:  1.12163   4.12273   0.05754  
  6  0.0144 1236535.048355  x:  1.12140   4.12050   0.05753  
  7  0.0021 1236535.048321  x:  1.12141   4.12034   0.05753  
  8  0.0002 1236535.048321  x:  1.12141   4.12034   0.05753  

7 (Bom_pas) ... 4 (And_hat)
  0  0.0000 1236874.899717  x:  1.08849   3.63322   0.05714  
  1 99.0000 1236874.155697  x:  1.08938   3.63369   0.05664  
  2 1312.7075 1236851.964242  x:  1.12375   3.65170   0.05553  
  3 6724.5748 1236697.117957  x:  1.14737   4.21049   0.05597  
  4 795.5530 1236696.779617  x:  1.15054   4.21270   0.05562  
  5  0.0037 1236696.775645  x:  1.15093   4.21383   0.05562  
  6  0.0011 1236696.775634  x:  1.15094   4.21398   0.05562  

7 (Bom_pas) ... 5 (And_mar)
  0  0.0000 1241748.213283  x:  1.25290   3.53764   0.09479  
  1 99.0000 1236800.225431  x:  1.24808   3.53810   0.05026  
  2 170168.6530 1236431.938065  x:  1.10930   3.56343   0.06127  
  3 5108.5054 1236336.545740  x:  1.14482   3.98053   0.06053  
  4 488.6949 1236245.717606  x:  1.10870   3.99515   0.05781  
  5  0.0581 1236243.959629  x:  1.11652   3.99769   0.05702  
  6  0.0100 1236243.959193  x:  1.11659   3.99735   0.05702  
  7  0.0003 1236243.959189  x:  1.11659   3.99727   0.05702  

7 (Bom_pas) ... 6 (And_tri)
  0  0.0000 1249011.209900  x:  1.04347   3.61013   0.16379  
  1 99.0000 1236349.851812  x:  1.03036   3.61119   0.05981  
  2 159201.8639 1236298.352177  x:  1.05958   3.61386   0.05552  
  3 3398.2747 1236198.621289  x:  1.08276   4.05495   0.05580  
  4 489.1016 1236134.133381  x:  1.12386   4.04524   0.05689  
  5  0.0710 1236132.627512  x:  1.12998   4.05110   0.05612  
  6  0.0075 1236132.618220  x:  1.13053   4.05452   0.05613  
  7  0.0030 1236132.618199  x:  1.13052   4.05465   0.05613  