

2 (And_ful) ... 1 (And_bic)
  0  0.0000 1050825.892314  x:  0.14340   1.42680   0.44704  
  1 99.0000 1041483.764956  x:  0.28126   1.50636   0.05769  
  2 34736.6818 1041130.119160  x:  0.27965   1.51002   0.03887  
  3 192723.6464 1034224.222344  x:  0.17041   4.49774   0.07992  
  4 5898.7470 1034053.037755  x:  0.15572   4.29041   0.06938  
  5  0.1691 1033968.620544  x:  0.16108   3.94348   0.05812  
  6  0.3085 1033948.344536  x:  0.16430   3.74715   0.06109  
  7  0.0863 1033940.980054  x:  0.16200   3.59300   0.06049  
  8  0.1159 1033940.758686  x:  0.16153   3.61124   0.06083  
  9  0.0210 1033940.758478  x:  0.16153   3.61052   0.06084  
 10  0.0008 1033940.758478  x:  0.16153   3.61053   0.06084  

3 (And_hae) ... 1 (And_bic)
  0  0.0000 1032112.463917  x:  0.13298   3.16757   0.14176  
  1 99.0000 1030874.385411  x:  0.17634   3.16844   0.08871  
  2 37999.5546 1030381.972850  x:  0.17077   3.16896   0.05576  
  3 44086.4103 1030321.675833  x:  0.16967   3.70642   0.05919  
  4 243.7547 1030179.530415  x:  0.15368   3.60794   0.06162  
  5  0.1023 1030179.353109  x:  0.15365   3.58736   0.06112  
  6  0.0209 1030179.344931  x:  0.15367   3.58247   0.06119  
  7  0.0058 1030179.344930  x:  0.15367   3.58246   0.06119  

3 (And_hae) ... 2 (And_ful)
  0  0.0000 1028501.505210  x:  0.15548   3.36953   0.15003  
  1 99.0000 1027222.675528  x:  0.12606   3.37053   0.08714  
  2 32183.8032 1026814.718578  x:  0.13534   3.37101   0.05805  
  3 51288.5813 1026742.757795  x:  0.13687   4.01150   0.06214  
  4 246.6728 1026646.893189  x:  0.14781   3.85181   0.06651  
  5  0.2028 1026644.381211  x:  0.14851   3.85773   0.06427  
  6  0.0072 1026644.375383  x:  0.14852   3.85194   0.06423  
  7  0.0051 1026644.375362  x:  0.14852   3.85182   0.06423  

4 (And_hat) ... 1 (And_bic)
  0  0.0000 1011119.404583  x:  0.09980   3.26735   0.19783  
  1 99.0000 1010530.846422  x:  0.12688   3.26777   0.17275  
  2 34907.7095 1008609.194809  x:  0.12737   3.26953   0.06228  
  3 44629.0615 1008596.639656  x:  0.12711   3.52726   0.06531  
  4 99.7300 1008498.734557  x:  0.11655   3.57744   0.06064  
  5  0.0479 1008492.191191  x:  0.11543   3.51642   0.06429  
  6  0.1690 1008492.162889  x:  0.11556   3.50900   0.06413  
  7  0.0072 1008492.162610  x:  0.11555   3.50848   0.06411  
  8  0.0005 1008492.162610  x:  0.11555   3.50848   0.06411  
  9  0.0000 1008492.162610  x:  0.11555   3.50848   0.06411  

4 (And_hat) ... 2 (And_ful)
  0  0.0000 1029080.304246  x:  0.13142   3.11901   0.07620  
  1 99.0000 1028727.726119  x:  0.15400   3.11934   0.06695  
  2 30491.6885 1028701.585161  x:  0.15291   3.11972   0.06011  
  3 7354.0788 1028584.422784  x:  0.15277   3.88432   0.06369  
  4 350.0699 1028583.856650  x:  0.15239   3.88265   0.06271  
  5  0.0020 1028583.855683  x:  0.15235   3.88291   0.06273  
  6  0.0002 1028583.855683  x:  0.15235   3.88296   0.06273  

4 (And_hat) ... 3 (And_hae)
  0  0.0000 1025890.626124  x:  0.13546   3.48506   0.09972  
  1 99.0000 1025441.844138  x:  0.15381   3.48551   0.06795  
  2 23032.4637 1025386.974153  x:  0.14836   3.48570   0.05950  
  3 13296.1857 1025350.298481  x:  0.14788   3.95405   0.06181  
  4 168.2579 1025346.531411  x:  0.14574   3.93765   0.06331  
  5  0.0218 1025346.528363  x:  0.14572   3.93423   0.06325  
  6  0.0031 1025346.528327  x:  0.14572   3.93391   0.06326  
  7  0.0003 1025346.528327  x:  0.14572   3.93391   0.06326  
  8  0.0000 1025346.528327  x:  0.14572   3.93391   0.06326  
  9  0.0000 1025346.528327  x:  0.14572   3.93391   0.06326  
check convergence!


5 (And_mar) ... 1 (And_bic)
  0  0.0000 990344.148883  x:  0.08408   3.40032   0.07247  
  1 99.0000 990316.505220  x:  0.08892   3.40030   0.06975  
  2 10173.1348 990298.944827  x:  0.08826   3.40022   0.06184  
  3 5106.0649 990291.223464  x:  0.08831   3.17448   0.06084  
  4 64.2177 990291.160404  x:  0.08810   3.16810   0.06098  
  5  0.0064 990291.160060  x:  0.08809   3.16885   0.06096  
  6  0.0008 990291.160060  x:  0.08809   3.16887   0.06097  
  7  0.0000 990291.160060  x:  0.08809   3.16887   0.06097  
  8  0.0000 990291.160060  x:  0.08809   3.16887   0.06097  

5 (And_mar) ... 2 (And_ful)
  0  0.0000 1036926.286874  x:  0.17414   2.82337   0.18913  
  1 99.0000 1034905.246886  x:  0.12763   2.82542   0.11838  
  2 42266.1716 1033595.931560  x:  0.13441   2.82715   0.05682  
  3 80212.2520 1033332.514453  x:  0.13754   3.84563   0.06665  
  4 608.6012 1033015.911954  x:  0.15953   3.70105   0.06017  
  5  0.1529 1033014.458123  x:  0.15970   3.67473   0.06164  
  6  0.0473 1033014.375158  x:  0.15970   3.65487   0.06146  
  7  0.0147 1033014.374834  x:  0.15967   3.65472   0.06145  
  8  0.0001 1033014.374833  x:  0.15967   3.65474   0.06145  
  9  0.0000 1033014.374833  x:  0.15967   3.65474   0.06145  
 10  0.0000 1033014.374833  x:  0.15967   3.65473   0.06145  

5 (And_mar) ... 3 (And_hae)
  0  0.0000 1031781.592659  x:  0.13602   3.14490   0.17793  
  1 99.0000 1029686.144824  x:  0.18209   3.14682   0.07696  
  2 33806.1391 1029330.812000  x:  0.17376   3.14729   0.05274  
  3 51794.0626 1029214.912668  x:  0.17037   3.95898   0.05796  
  4 332.4022 1028976.374597  x:  0.15044   3.67915   0.06304  
  5  0.4044 1028974.789237  x:  0.15079   3.59019   0.06293  
  6  0.0866 1028974.771043  x:  0.15079   3.58819   0.06273  
  7  0.0020 1028974.771033  x:  0.15080   3.58828   0.06273  
  8  0.0001 1028974.771033  x:  0.15080   3.58828   0.06273  

5 (And_mar) ... 4 (And_hat)
  0  0.0000 1006662.829214  x:  0.10831   3.33610   0.09685  
  1 99.0000 1006446.402185  x:  0.11689   3.33635   0.06968  
  2 13934.3007 1006418.016087  x:  0.11248   3.33642   0.06412  
  3 11351.6614 1006414.951251  x:  0.11237   3.47580   0.06494  
  4 45.9058 1006413.816284  x:  0.11158   3.46543   0.06628  
  5  0.0150 1006413.815798  x:  0.11157   3.46412   0.06626  
  6  0.0013 1006413.815797  x:  0.11157   3.46408   0.06626  

6 (And_tri) ... 1 (And_bic)
  0  0.0000 1007467.134701  x:  0.09086   3.02814   0.10622  
  1 99.0000 1006955.813706  x:  0.11382   3.02819   0.09725  
  2 45049.7002 1006631.258069  x:  0.11312   3.02836   0.06205  
  3 17678.8865 1006629.602938  x:  0.11315   2.94343   0.06144  
  4 38.0327 1006627.026079  x:  0.11146   2.93882   0.06215  
  5  0.0042 1006626.984259  x:  0.11140   2.94053   0.06184  
  6  0.0029 1006626.984258  x:  0.11140   2.94058   0.06184  
  7  0.0001 1006626.984258  x:  0.11140   2.94058   0.06184  

6 (And_tri) ... 2 (And_ful)
  0  0.0000 1033773.846251  x:  0.16825   2.89837   0.19228  
  1 99.0000 1031908.433149  x:  0.12332   2.90000   0.12621  
  2 41603.2336 1030401.768803  x:  0.12923   2.90164   0.05648  
  3 81407.1172 1030244.862763  x:  0.13140   3.69001   0.06421  
  4 450.5862 1029899.515159  x:  0.15381   3.54505   0.05779  
  5  0.1545 1029896.946942  x:  0.15405   3.51700   0.05983  
  6  0.0583 1029896.921976  x:  0.15408   3.50783   0.05968  
  7  0.0075 1029896.921888  x:  0.15407   3.50747   0.05968  
  8  0.0003 1029896.921888  x:  0.15407   3.50749   0.05968  

6 (And_tri) ... 3 (And_hae)
  0  0.0000 1027006.815982  x:  0.14051   3.21010   0.10003  
  1 99.0000 1026499.890728  x:  0.14941   3.21057   0.06150  
  2 21685.4246 1026493.253994  x:  0.14644   3.21067   0.06020  
  3 4199.9801 1026478.611624  x:  0.14624   3.46877   0.06184  
  4 118.8162 1026478.609589  x:  0.14625   3.46869   0.06177  
  5  0.0002 1026478.609506  x:  0.14624   3.46843   0.06177  
  6  0.0003 1026478.609505  x:  0.14624   3.46840   0.06177  
  7  0.0000 1026478.609505  x:  0.14624   3.46840   0.06177  

6 (And_tri) ... 4 (And_hat)
  0  0.0000 1006755.709927  x:  0.11265   3.05656   0.14794  
  1 99.0000 1006024.376008  x:  0.09275   3.05742   0.09464  
  2 23035.5333 1005611.078423  x:  0.09965   3.05799   0.05904  
  3 72248.0250 1005577.823009  x:  0.10039   3.48789   0.06242  
  4 165.1649 1005482.931715  x:  0.10975   3.33035   0.06727  
  5  0.1883 1005480.323398  x:  0.11024   3.34923   0.06469  
  6  0.0239 1005480.319168  x:  0.11022   3.34490   0.06462  
  7  0.0040 1005480.319158  x:  0.11022   3.34484   0.06463  
  8  0.0001 1005480.319158  x:  0.11022   3.34485   0.06463  

6 (And_tri) ... 5 (And_mar)
  0  0.0000 1006253.217220  x:  0.09604   3.06164   0.14036  
  1 99.0000 1005873.063083  x:  0.11667   3.06179   0.12186  
  2 29393.1066 1005177.347392  x:  0.11493   3.06220   0.06410  
  3 32456.9443 1005175.724623  x:  0.11499   2.97635   0.06333  
  4 35.2206 1005139.263812  x:  0.10859   2.94772   0.06581  
  5  0.0289 1005138.684979  x:  0.10841   2.95802   0.06465  
  6  0.0210 1005138.684744  x:  0.10842   2.95783   0.06463  
  7  0.0002 1005138.684744  x:  0.10842   2.95785   0.06463  
  8  0.0000 1005138.684744  x:  0.10842   2.95784   0.06463  

7 (Bom_pas) ... 1 (And_bic)
  0  0.0000 1261302.987079  x:  1.02446   2.86632   0.12815  
  1 99.0000 1253023.102481  x:  1.01742   2.86769   0.05624  
  2 163320.0541 1252946.607692  x:  1.06014   2.89678   0.05168  
  3 2922.7922 1252161.855172  x:  1.10178   3.93677   0.05624  
  4 2670.1928 1252146.134009  x:  1.13116   3.95677   0.05462  
  5  0.0289 1252145.191424  x:  1.13071   3.97032   0.05420  
  6  0.0203 1252145.097718  x:  1.13111   3.98324   0.05427  
  7  0.0089 1252145.097287  x:  1.13127   3.98345   0.05426  
  8  0.0003 1252145.097287  x:  1.13127   3.98345   0.05426  

7 (Bom_pas) ... 2 (And_ful)
  0  0.0000 1259855.889031  x:  1.14543   3.47701   0.09329  
  1 99.0000 1255999.399640  x:  1.14242   3.47744   0.05300  
  2 151385.7510 1255910.899819  x:  1.20813   3.66439   0.04888  
  3 914.1259 1255691.678198  x:  1.18872   4.20603   0.05300  
  4 6345.0212 1255688.328940  x:  1.20441   4.25104   0.05237  
  5  0.0400 1255688.162761  x:  1.20392   4.25850   0.05222  
  6  0.0107 1255688.157161  x:  1.20383   4.26120   0.05225  
  7  0.0024 1255688.157158  x:  1.20385   4.26125   0.05225  

7 (Bom_pas) ... 3 (And_hae)
  0  0.0000 1267377.432234  x:  1.17097   3.56935   0.15346  
  1 99.0000 1252660.824701  x:  1.15622   3.57056   0.05251  
  2 185908.5921 1252635.236534  x:  1.13251   3.57937   0.05579  
  3 2136.5388 1252482.640745  x:  1.16923   4.12479   0.05513  
  4 654.9772 1252452.438766  x:  1.13698   4.11414   0.05468  
  5  0.0504 1252452.414367  x:  1.13755   4.11579   0.05459  
  6  0.0018 1252452.414278  x:  1.13753   4.11617   0.05459  
  7  0.0003 1252452.414277  x:  1.13754   4.11619   0.05459  

7 (Bom_pas) ... 4 (And_hat)
  0  0.0000 1263836.417302  x:  1.24270   3.61602   0.12572  
  1 99.0000 1252677.760647  x:  1.23303   3.61683   0.04923  
  2 197411.8726 1252545.433943  x:  1.16552   3.63181   0.05651  
  3 3981.1279 1252408.128114  x:  1.20512   4.15549   0.05558  
  4 573.2042 1252291.291772  x:  1.14105   4.13009   0.05457  
  5  0.1058 1252290.042446  x:  1.14715   4.13883   0.05390  
  6  0.0118 1252290.039228  x:  1.14686   4.13903   0.05390  
  7  0.0004 1252290.039219  x:  1.14687   4.13917   0.05390  
  8  0.0001 1252290.039219  x:  1.14687   4.13918   0.05390  
  9  0.0000 1252290.039219  x:  1.14687   4.13917   0.05390  

7 (Bom_pas) ... 5 (And_mar)
  0  0.0000 1257959.211487  x:  1.11544   3.69809   0.11171  
  1 99.0000 1251751.286173  x:  1.10988   3.69850   0.05463  
  2 161290.5720 1251747.139869  x:  1.09957   3.71863   0.05573  
  3 367.1845 1251706.131956  x:  1.12609   3.99716   0.05462  
  4 1060.0638 1251706.093224  x:  1.12482   3.99526   0.05462  
  5  0.0034 1251706.090195  x:  1.12457   3.99426   0.05465  
  6  0.0011 1251706.090189  x:  1.12457   3.99416   0.05465  
  7  0.0001 1251706.090189  x:  1.12457   3.99416   0.05465  
check convergence!


7 (Bom_pas) ... 6 (And_tri)
  0  0.0000 1260700.209232  x:  0.99512   3.43946   0.13776  
  1 99.0000 1252115.208098  x:  0.98852   3.44022   0.06016  
  2 154320.2234 1251931.658361  x:  1.04877   3.44403   0.05274  
  3 5911.8045 1251759.186227  x:  1.07717   4.00530   0.05337  
  4 672.3108 1251670.698435  x:  1.11694   3.98510   0.05545  
  5  0.0824 1251665.497371  x:  1.12975   3.99016   0.05412  
  6  0.0112 1251665.462041  x:  1.13071   3.99724   0.05414  
  7  0.0059 1251665.461897  x:  1.13070   3.99754   0.05413  
  8  0.0003 1251665.461897  x:  1.13070   3.99754   0.05413  
  9  0.0000 1251665.461897  x:  1.13070   3.99754   0.05413  
 10  0.0000 1251665.461897  x:  1.13070   3.99754   0.05413  