Supplemental results for CODEML (seqf: /home/yzliu/eDNA/faststorage/yzliu/DK_proj/data/ref_genome/ref_annotation/primary_transcripts/extracted_cds_new/new_transcript_id_7_and_pas/bootstraps/cat.out.OG_cds_7_species_same_header_fas.shuf_537OG_253.phy  treef: xxx.trees)


pairwise comparison (Goldman & Yang 1994)
seq seq        N       S       dN       dS     dN/dS   Paras.
  2   1 468771.5 181967.5   0.0101   0.1675   0.0602   0.1623   3.6280   0.0602 -1004580.494
  3   1 469429.1 181309.9   0.0097   0.1600   0.0607   0.1547   3.3954   0.0607 -1001559.884
  3   2 467126.3 183612.7   0.0096   0.1503   0.0642   0.1480   3.9297   0.0642 -997069.098
  4   1 469092.3 181646.7   0.0079   0.1202   0.0660   0.1178   3.4526   0.0660 -981223.221
  4   2 466908.1 183830.9   0.0098   0.1576   0.0622   0.1546   3.9890   0.0622 -1000037.184
  4   3 466680.1 184058.9   0.0098   0.1506   0.0649   0.1488   3.8395   0.0649 -998261.892
  5   1 472402.3 178336.7   0.0056   0.0924   0.0603   0.0881   2.9950   0.0603 -962064.268
  5   2 468438.2 182300.8   0.0100   0.1646   0.0608   0.1599   3.6574   0.0608 -1003574.324
  5   3 469321.4 181417.6   0.0096   0.1551   0.0621   0.1505   3.3954   0.0621 -999833.747
  5   4 469162.2 181576.8   0.0076   0.1150   0.0663   0.1128   3.4289   0.0663 -978359.854
  6   1 473375.1 177363.9   0.0072   0.1188   0.0608   0.1129   2.8933   0.0608 -978553.307
  6   2 469307.1 181431.9   0.0095   0.1586   0.0598   0.1531   3.5411   0.0598 -999899.804
  6   3 469771.5 180967.5   0.0094   0.1516   0.0621   0.1469   3.3421   0.0621 -997810.637
  6   4 469649.5 181089.5   0.0074   0.1142   0.0649   0.1114   3.3702   0.0649 -977270.301
  6   5 473476.1 177262.9   0.0071   0.1135   0.0624   0.1082   2.8719   0.0624 -976029.724
  7   1 466088.8 184650.2   0.0654   1.1839   0.0552   1.1483   4.0482   0.0552 -1217502.269
  7   2 462900.2 187838.8   0.0664   1.2478   0.0532   1.2223   4.3472   0.0532 -1220934.171
  7   3 465084.9 185654.1   0.0657   1.1790   0.0557   1.1499   4.1611   0.0557 -1217568.634
  7   4 464580.5 186158.5   0.0655   1.1924   0.0549   1.1637   4.2112   0.0549 -1217770.333
  7   5 466224.7 184514.3   0.0652   1.1694   0.0558   1.1349   4.0461   0.0558 -1216714.353
  7   6 466195.4 184543.6   0.0652   1.1771   0.0553   1.1415   4.0437   0.0553 -1216914.179

