

2 (And_ful) ... 1 (And_bic)
  0  0.0000 1019603.687729  x:  0.14452   1.50192   0.41053  
  1 99.0000 1010006.342404  x:  0.25741   1.56495   0.05524  
  2 34717.7433 1009699.346723  x:  0.25422   1.56791   0.03825  
  3 140352.3928 1004648.321857  x:  0.16691   4.00493   0.06951  
  4 5129.7441 1004603.353900  x:  0.15925   3.89357   0.06458  
  5  0.1070 1004583.616799  x:  0.16222   3.73910   0.05932  
  6  0.1262 1004580.922347  x:  0.16308   3.65493   0.06034  
  7  0.0316 1004580.496376  x:  0.16237   3.62617   0.06019  
  8  0.0251 1004580.494356  x:  0.16233   3.62807   0.06022  
  9  0.0021 1004580.494356  x:  0.16233   3.62804   0.06023  
 10  0.0000 1004580.494356  x:  0.16233   3.62804   0.06023  
 11  0.0000 1004580.494356  x:  0.16233   3.62804   0.06023  
 12  0.0000 1004580.494356  x:  0.16233   3.62804   0.06023  
check convergence!


3 (And_hae) ... 1 (And_bic)
  0  0.0000 1003554.420664  x:  0.12339   3.13210   0.13408  
  1 99.0000 1002379.260441  x:  0.16724   3.13251   0.10501  
  2 49987.7121 1001635.142935  x:  0.16514   3.13311   0.05943  
  3 34888.4521 1001616.929795  x:  0.16481   3.45527   0.06189  
  4 137.7208 1001561.707897  x:  0.15530   3.41246   0.05900  
  5  0.0375 1001559.884941  x:  0.15470   3.39689   0.06073  
  6  0.0283 1001559.883838  x:  0.15473   3.39557   0.06073  
  7  0.0013 1001559.883830  x:  0.15473   3.39542   0.06073  

3 (And_hae) ... 2 (And_ful)
  0  0.0000 998815.317693  x:  0.13715   3.15776   0.14437  
  1 99.0000 997336.742011  x:  0.16364   3.15944   0.06668  
  2 29388.5303 997218.787502  x:  0.15461   3.15982   0.05552  
  3 21850.3989 997080.579573  x:  0.15155   4.05479   0.06208  
  4 365.9344 997069.421996  x:  0.14783   3.97576   0.06438  
  5  0.1424 997069.099356  x:  0.14803   3.93089   0.06423  
  6  0.0346 997069.097606  x:  0.14802   3.92966   0.06417  
  7  0.0012 997069.097605  x:  0.14802   3.92974   0.06417  
  8  0.0001 997069.097605  x:  0.14802   3.92974   0.06417  

4 (And_hat) ... 1 (And_bic)
  0  0.0000 982656.170635  x:  0.09686   3.48263   0.14506  
  1 99.0000 982082.544145  x:  0.12278   3.48275   0.13106  
  2 42556.4833 981238.121688  x:  0.12225   3.48327   0.06567  
  3 25506.7015 981237.960405  x:  0.12224   3.45209   0.06541  
  4  6.7297 981223.315243  x:  0.11791   3.44764   0.06647  
  5  0.0079 981223.221240  x:  0.11786   3.45254   0.06599  
  6  0.0109 981223.221086  x:  0.11785   3.45261   0.06599  

4 (And_hat) ... 2 (And_ful)
  0  0.0000 1002758.750189  x:  0.16485   2.99136   0.16201  
  1 99.0000 1001096.274576  x:  0.12713   2.99320   0.09266  
  2 36808.2822 1000463.807683  x:  0.13577   2.99424   0.05505  
  3 62900.6080 1000185.533825  x:  0.13937   4.19073   0.06429  
  4 557.8473 1000038.513210  x:  0.15465   4.02531   0.06385  
  5  0.1800 1000037.253784  x:  0.15469   4.01067   0.06221  
  6  0.0183 1000037.184562  x:  0.15464   3.98901   0.06218  
  7  0.0155 1000037.184444  x:  0.15463   3.98901   0.06219  
  8  0.0000 1000037.184444  x:  0.15463   3.98902   0.06219  
  9  0.0000 1000037.184444  x:  0.15463   3.98902   0.06219  

4 (And_hat) ... 3 (And_hae)
  0  0.0000 998930.957037  x:  0.12138   3.58450   0.08648  
  1 99.0000 998343.806105  x:  0.15061   3.58461   0.07714  
  2 41473.1961 998273.077826  x:  0.14970   3.58479   0.06389  
  3 10480.9253 998262.329397  x:  0.14967   3.84055   0.06504  
  4 87.5816 998261.897068  x:  0.14886   3.83981   0.06481  
  5  0.0010 998261.892389  x:  0.14883   3.83960   0.06491  
  6  0.0003 998261.892388  x:  0.14883   3.83955   0.06491  
  7  0.0000 998261.892388  x:  0.14883   3.83955   0.06491  

5 (And_mar) ... 1 (And_bic)
  0  0.0000 963767.930789  x:  0.08695   3.44891   0.18665  
  1 99.0000 962295.494292  x:  0.07547   3.44951   0.06969  
  2 18114.0069 962154.191751  x:  0.08248   3.44956   0.05388  
  3 64945.2249 962145.233290  x:  0.08195   3.17291   0.05166  
  4 62.7277 962068.208905  x:  0.08676   2.89644   0.06064  
  5  0.8344 962064.388162  x:  0.08789   3.01191   0.06067  
  6  0.1477 962064.268534  x:  0.08812   2.99526   0.06035  
  7  0.0161 962064.268165  x:  0.08811   2.99495   0.06032  
  8  0.0003 962064.268164  x:  0.08811   2.99501   0.06032  

5 (And_mar) ... 2 (And_ful)
  0  0.0000 1003800.500939  x:  0.17419   2.94146   0.05767  
  1 99.0000 1003693.741693  x:  0.15991   2.94184   0.05683  
  2 14466.5165 1003692.737530  x:  0.15970   2.94219   0.05815  
  3 1485.5198 1003574.378044  x:  0.15990   3.66205   0.06111  
  4 401.1395 1003574.324181  x:  0.15991   3.65811   0.06078  
  5  0.0035 1003574.324095  x:  0.15992   3.65748   0.06078  
  6  0.0005 1003574.324092  x:  0.15991   3.65744   0.06078  

5 (And_mar) ... 3 (And_hae)
  0  0.0000 1000657.671913  x:  0.14235   3.12092   0.11257  
  1 99.0000 999875.025194  x:  0.15671   3.12158   0.06265  
  2 24997.1277 999852.717605  x:  0.15172   3.12171   0.05946  
  3 7784.5948 999834.245620  x:  0.15126   3.40406   0.06150  
  4 137.1862 999833.752257  x:  0.15060   3.39627   0.06221  
  5  0.0136 999833.746642  x:  0.15054   3.39556   0.06213  
  6  0.0007 999833.746636  x:  0.15054   3.39540   0.06213  
  7  0.0001 999833.746636  x:  0.15054   3.39540   0.06213  

5 (And_mar) ... 4 (And_hat)
  0  0.0000 979071.044285  x:  0.09433   3.04792   0.10615  
  1 99.0000 978660.138663  x:  0.11552   3.04809   0.09694  
  2 38282.2390 978388.371699  x:  0.11460   3.04866   0.06438  
  3 16591.2139 978362.406964  x:  0.11444   3.42789   0.06714  
  4 146.8137 978359.987454  x:  0.11301   3.43145   0.06579  
  5  0.0039 978359.854429  x:  0.11279   3.42939   0.06632  
  6  0.0028 978359.854394  x:  0.11279   3.42894   0.06632  

6 (And_tri) ... 1 (And_bic)
  0  0.0000 979574.669989  x:  0.09884   3.25779   0.12834  
  1 99.0000 979170.797094  x:  0.12081   3.25782   0.11032  
  2 30614.1653 978609.774843  x:  0.11894   3.25784   0.06249  
  3 29071.6516 978584.433781  x:  0.11917   2.90830   0.05977  
  4 135.4124 978553.659880  x:  0.11303   2.88301   0.06163  
  5  0.0239 978553.306678  x:  0.11291   2.89256   0.06078  
  6  0.0196 978553.306521  x:  0.11292   2.89331   0.06077  
  7  0.0009 978553.306520  x:  0.11292   2.89328   0.06077  

6 (And_tri) ... 2 (And_ful)
  0  0.0000 1000038.596694  x:  0.14632   2.86666   0.06005  
  1 99.0000 1000008.829060  x:  0.15325   2.86699   0.05785  
  2 8346.4827 1000008.404100  x:  0.15308   2.86737   0.05702  
  3 912.0661 999899.915043  x:  0.15308   3.54370   0.06028  
  4 434.3806 999899.804228  x:  0.15315   3.54127   0.05981  
  5  0.0023 999899.804213  x:  0.15315   3.54117   0.05981  
  6  0.0001 999899.804213  x:  0.15315   3.54114   0.05981  

6 (And_tri) ... 3 (And_hae)
  0  0.0000 997962.570981  x:  0.13367   3.29944   0.07272  
  1 99.0000 997821.018167  x:  0.14805   3.29948   0.06633  
  2 18600.0562 997811.084109  x:  0.14719   3.29952   0.06185  
  3 4436.1346 997810.694176  x:  0.14718   3.34253   0.06204  
  4 18.3553 997810.636981  x:  0.14688   3.34206   0.06208  
  5  0.0005 997810.636979  x:  0.14688   3.34206   0.06208  

6 (And_tri) ... 4 (And_hat)
  0  0.0000 977694.401769  x:  0.09422   3.14763   0.08815  
  1 99.0000 977376.812458  x:  0.11269   3.14771   0.08217  
  2 34976.3956 977279.293058  x:  0.11208   3.14798   0.06386  
  3 10456.7410 977270.705305  x:  0.11203   3.35367   0.06507  
  4 80.8562 977270.307940  x:  0.11143   3.37036   0.06478  
  5  0.0150 977270.301127  x:  0.11140   3.37047   0.06492  
  6  0.0002 977270.301110  x:  0.11139   3.37017   0.06491  
  7  0.0003 977270.301110  x:  0.11139   3.37016   0.06491  

6 (And_tri) ... 5 (And_mar)
  0  0.0000 976837.289121  x:  0.10729   3.05378   0.12822  
  1 99.0000 976071.025580  x:  0.10207   3.05413   0.06524  
  2 19026.3566 976038.586876  x:  0.10766   3.05412   0.06130  
  3 12960.4164 976032.984449  x:  0.10752   2.89558   0.05987  
  4 67.9684 976029.733865  x:  0.10816   2.86752   0.06251  
  5  0.0629 976029.724271  x:  0.10820   2.87232   0.06244  
  6  0.0049 976029.724194  x:  0.10821   2.87194   0.06243  
  7  0.0004 976029.724194  x:  0.10821   2.87193   0.06243  

7 (Bom_pas) ... 1 (And_bic)
  0  0.0000 1229847.687896  x:  1.19432   2.88347   0.13012  
  1 99.0000 1218576.367240  x:  1.18363   2.88506   0.05046  
  2 189818.6435 1218411.412483  x:  1.11262   2.92180   0.05885  
  3 4361.3453 1217675.901292  x:  1.21093   3.98413   0.05764  
  4 1892.1477 1217502.967385  x:  1.14360   4.01364   0.05549  
  5  0.1050 1217502.322634  x:  1.14887   4.04080   0.05514  
  6  0.0210 1217502.269320  x:  1.14823   4.04810   0.05522  
  7  0.0062 1217502.269242  x:  1.14829   4.04821   0.05523  
  8  0.0001 1217502.269242  x:  1.14829   4.04822   0.05523  

7 (Bom_pas) ... 2 (And_ful)
  0  0.0000 1237505.510973  x:  1.12404   3.39574   0.17125  
  1 99.0000 1221422.682298  x:  1.10800   3.39752   0.05580  
  2 173760.6036 1221398.326927  x:  1.12687   3.40705   0.05306  
  3 2135.3488 1220963.420114  x:  1.17863   4.33543   0.05448  
  4 1401.7189 1220935.667566  x:  1.21797   4.33121   0.05393  
  5  0.0486 1220934.193053  x:  1.22148   4.33993   0.05322  
  6  0.0094 1220934.171347  x:  1.22231   4.34716   0.05321  
  7  0.0051 1220934.171307  x:  1.22226   4.34721   0.05321  
  8  0.0001 1220934.171307  x:  1.22226   4.34722   0.05321  
  9  0.0000 1220934.171307  x:  1.22226   4.34722   0.05321  

7 (Bom_pas) ... 3 (And_hae)
  0  0.0000 1228485.259589  x:  1.27712   3.58347   0.12243  
  1 99.0000 1218124.160402  x:  1.26786   3.58431   0.04946  
  2 194002.2853 1217908.404465  x:  1.17304   3.60473   0.05935  
  3 4691.9511 1217750.128692  x:  1.21970   4.17232   0.05816  
  4 612.9508 1217572.543760  x:  1.13953   4.14730   0.05694  
  5  0.1280 1217568.647075  x:  1.15051   4.16169   0.05571  
  6  0.0209 1217568.634229  x:  1.14991   4.16113   0.05569  
  7  0.0009 1217568.634225  x:  1.14989   4.16109   0.05569  
  8  0.0000 1217568.634225  x:  1.14989   4.16109   0.05569  
  9  0.0000 1217568.634225  x:  1.14989   4.16109   0.05569  

7 (Bom_pas) ... 4 (And_hat)
  0  0.0000 1238459.517311  x:  1.21274   3.57568   0.18345  
  1 99.0000 1218046.587629  x:  1.18952   3.57758   0.05234  
  2 182757.4586 1218023.094560  x:  1.17091   3.58441   0.05546  
  3 2451.0717 1217821.759562  x:  1.21415   4.23063   0.05475  
  4 735.5783 1217770.387131  x:  1.16416   4.20729   0.05502  
  5  0.0678 1217770.333995  x:  1.16349   4.21006   0.05495  
  6  0.0028 1217770.333374  x:  1.16366   4.21110   0.05494  
  7  0.0009 1217770.333363  x:  1.16365   4.21117   0.05494  
  8  0.0001 1217770.333363  x:  1.16365   4.21117   0.05494  

7 (Bom_pas) ... 5 (And_mar)
  0  0.0000 1220076.681869  x:  1.09252   3.70039   0.09701  
  1 99.0000 1216783.609767  x:  1.08950   3.70067   0.05706  
  2 131821.9989 1216772.697444  x:  1.11085   3.70761   0.05532  
  3 975.2348 1216716.614183  x:  1.12829   4.04540   0.05543  
  4 398.5999 1216714.385047  x:  1.13374   4.04614   0.05589  
  5  0.0091 1216714.352615  x:  1.13490   4.04594   0.05579  
  6  0.0011 1216714.352599  x:  1.13491   4.04612   0.05579  

7 (Bom_pas) ... 6 (And_tri)
  0  0.0000 1217301.020951  x:  1.23054   3.54609   0.04893  
  1 99.0000 1217289.287365  x:  1.23013   3.54619   0.05059  
  2 13936.0365 1217027.960810  x:  1.10854   3.57313   0.05522  
  3 4212.1966 1216915.241277  x:  1.14856   4.04109   0.05483  
  4 522.7710 1216914.195212  x:  1.14136   4.04472   0.05529  
  5  0.0084 1216914.179002  x:  1.14153   4.04381   0.05535  
  6  0.0008 1216914.178990  x:  1.14151   4.04366   0.05535  
  7  0.0001 1216914.178990  x:  1.14151   4.04365   0.05535  
  8  0.0000 1216914.178990  x:  1.14151   4.04365   0.05535  
  9  0.0000 1216914.178990  x:  1.14151   4.04365   0.05535  
check convergence!
