Supplemental results for CODEML (seqf: /home/yzliu/eDNA/faststorage/yzliu/DK_proj/data/ref_genome/ref_annotation/primary_transcripts/extracted_cds_new/new_transcript_id_8_bom_apis/bootstraps/cat.out.OG_cds_8_species_same_header_fas.shuf_211OG_799.phy  treef: xxx.trees)


pairwise comparison (Goldman & Yang 1994)
seq seq        N       S       dN       dS     dN/dS   Paras.
  2   1 180180.8  56279.2   0.0515   0.5961   0.0863   0.5433   4.5599   0.0863 -408232.146
  3   1 179825.5  56634.5   0.0519   0.6089   0.0853   0.5560   4.6426   0.0853 -409115.457
  3   2 174812.9  61647.1   0.0126   0.1127   0.1118   0.1161   5.3728   0.1118 -351478.207
  4   1 180249.0  56211.0   0.0512   0.5987   0.0856   0.5442   4.6063   0.0856 -407977.338
  4   2 174954.8  61505.2   0.0120   0.1078   0.1112   0.1107   5.5462   0.1112 -349889.168
  4   3 174987.5  61472.5   0.0071   0.0652   0.1088   0.0666   5.3205   0.1088 -338619.478
  5   1 180298.0  56162.0   0.0522   0.6042   0.0864   0.5499   4.5869   0.0864 -408636.599
  5   2 175127.5  61332.5   0.0133   0.1129   0.1181   0.1174   5.4116   0.1181 -351734.852
  5   3 175283.3  61176.7   0.0078   0.0641   0.1221   0.0672   5.0953   0.1221 -338979.625
  5   4 175066.4  61393.6   0.0076   0.0652   0.1166   0.0677   5.5700   0.1166 -338699.419
  6   1 180247.2  56212.8   0.0525   0.6059   0.0866   0.5521   4.6093   0.0866 -408836.462
  6   2 175005.3  61454.7   0.0139   0.1139   0.1216   0.1196   5.5028   0.1216 -352330.771
  6   3 174930.1  61529.9   0.0084   0.0651   0.1295   0.0695   5.3719   0.1295 -339713.585
  6   4 174806.2  61653.8   0.0082   0.0659   0.1243   0.0697   5.7970   0.1243 -339388.021
  6   5 174569.4  61890.6   0.0027   0.0203   0.1319   0.0219   6.0567   0.1319 -323755.602
  7   1 180330.5  56129.5   0.0527   0.6018   0.0876   0.5491   4.5863   0.0876 -408858.276
  7   2 175004.5  61455.5   0.0140   0.1136   0.1233   0.1197   5.5452   0.1233 -352376.588
  7   3 175073.2  61386.8   0.0084   0.0659   0.1281   0.0701   5.2889   0.1281 -339886.515
  7   4 174819.8  61640.2   0.0085   0.0656   0.1290   0.0701   5.8290   0.1290 -339568.301
  7   5 174953.4  61506.6   0.0082   0.0597   0.1369   0.0648   5.7211   0.1369 -338132.531
  7   6 174646.9  61813.1   0.0088   0.0603   0.1464   0.0668   6.0040   0.1464 -338844.926
  8   1 180204.4  56255.6   0.0521   0.6041   0.0863   0.5504   4.5995   0.0863 -408692.510
  8   2 175083.5  61376.5   0.0133   0.1119   0.1192   0.1167   5.3905   0.1192 -351694.819
  8   3 175234.9  61225.1   0.0078   0.0626   0.1251   0.0661   5.0808   0.1251 -338783.109
  8   4 174946.7  61513.3   0.0078   0.0645   0.1212   0.0676   5.6167   0.1212 -338846.103
  8   5 175335.6  61124.4   0.0023   0.0188   0.1206   0.0196   5.2913   0.1206 -322904.685
  8   6 174162.7  62297.3   0.0028   0.0203   0.1357   0.0221   6.4212   0.1357 -323911.180
  8   7 174805.3  61654.7   0.0082   0.0584   0.1406   0.0639   5.7966   0.1406 -338011.626

