

2 (And_ful) ... 1 (And_bic)
  0  0.0000 1073929.938442  x:  0.14591   1.53967   0.47172  
  1 99.0000 1065992.145491  x:  0.32933   1.61739   0.05752  
  2 36775.3309 1065574.144982  x:  0.32996   1.62090   0.03713  
  3 247613.4741 1056579.688508  x:  0.18695   6.21062   0.09614  
  4 5465.5252 1055948.444530  x:  0.15682   5.76157   0.07637  
  5  0.3051 1055547.361468  x:  0.16501   4.84238   0.05108  
  6  0.9410 1055398.645790  x:  0.17710   4.24985   0.05640  
  7  0.3148 1055323.633109  x:  0.17249   3.63278   0.05439  
  8  0.4819 1055308.047074  x:  0.16790   3.71913   0.05708  
  9  0.1066 1055308.022915  x:  0.16786   3.70933   0.05715  
 10  0.0118 1055308.022846  x:  0.16787   3.70954   0.05716  
 11  0.0002 1055308.022846  x:  0.16787   3.70955   0.05716  
 12  0.0000 1055308.022846  x:  0.16787   3.70954   0.05716  
 13  0.0000 1055308.022846  x:  0.16787   3.70954   0.05716  
 14  0.0000 1055308.022846  x:  0.16787   3.70954   0.05716  
 15  0.0563 1055308.022846  x:  0.16787   3.70954   0.05716  
 16  0.0022 1055308.022846  x:  0.16787   3.70954   0.05716  
 17  0.0005 1055308.022846  x:  0.16787   3.70954   0.05716  
check convergence!


3 (And_hae) ... 1 (And_bic)
  0  0.0000 1052124.952581  x:  0.15002   3.25210   0.09903  
  1 99.0000 1051422.604877  x:  0.16361   3.25265   0.05745  
  2 27031.0180 1051412.224166  x:  0.16001   3.25281   0.05547  
  3 5165.9114 1051379.577989  x:  0.15956   3.63609   0.05774  
  4 181.6540 1051379.575498  x:  0.15950   3.63533   0.05773  
  5  0.0008 1051379.575422  x:  0.15950   3.63527   0.05772  
  6  0.0001 1051379.575421  x:  0.15950   3.63521   0.05772  

3 (And_hae) ... 2 (And_ful)
  0  0.0000 1049915.250066  x:  0.14669   3.13446   0.12545  
  1 99.0000 1048685.473187  x:  0.15876   3.13590   0.06095  
  2 29075.8784 1048673.324720  x:  0.15464   3.13623   0.05935  
  3 5582.2293 1048531.569711  x:  0.15341   3.94033   0.06593  
  4 397.6217 1048527.292156  x:  0.15459   3.97343   0.06332  
  5  0.0623 1048527.213197  x:  0.15437   3.99117   0.06333  
  6  0.0135 1048527.210624  x:  0.15441   3.99354   0.06337  
  7  0.0021 1048527.210622  x:  0.15441   3.99358   0.06337  
  8  0.0000 1048527.210622  x:  0.15441   3.99358   0.06337  

4 (And_hat) ... 1 (And_bic)
  0  0.0000 1029987.892493  x:  0.10167   3.64305   0.05905  
  1 99.0000 1029654.292437  x:  0.12093   3.64303   0.06055  
  2 36914.4445 1029654.214297  x:  0.12090   3.64300   0.06099  
  3 358.4267 1029653.457226  x:  0.12091   3.57327   0.06075  
  4 21.4782 1029653.450232  x:  0.12081   3.57295   0.06074  
  5  0.0003 1029653.450231  x:  0.12081   3.57301   0.06074  
  6  0.0001 1029653.450230  x:  0.12081   3.57301   0.06074  
  7  0.0000 1029653.450230  x:  0.12081   3.57301   0.06074  
check convergence!


4 (And_hat) ... 2 (And_ful)
  0  0.0000 1052660.942184  x:  0.13117   3.37465   0.12813  
  1 99.0000 1051448.171738  x:  0.17534   3.37528   0.09220  
  2 46771.0675 1050899.052182  x:  0.17165   3.37591   0.05654  
  3 36624.7549 1050797.377286  x:  0.17081   4.15216   0.06108  
  4 303.8782 1050729.757524  x:  0.15978   4.09912   0.06000  
  5  0.0477 1050729.316390  x:  0.15964   4.08265   0.06082  
  6  0.0235 1050729.298612  x:  0.15968   4.07242   0.06074  
  7  0.0081 1050729.298599  x:  0.15967   4.07235   0.06074  
  8  0.0001 1050729.298599  x:  0.15967   4.07234   0.06074  

4 (And_hat) ... 3 (And_hae)
  0  0.0000 1048572.231166  x:  0.12457   3.43120   0.09554  
  1 99.0000 1047791.459266  x:  0.15814   3.43151   0.07866  
  2 45321.5293 1047614.664390  x:  0.15605   3.43191   0.05892  
  3 18237.7924 1047540.516138  x:  0.15581   4.09322   0.06212  
  4 249.8127 1047535.483001  x:  0.15309   4.08765   0.06120  
  5  0.0055 1047535.396518  x:  0.15294   4.08539   0.06159  
  6  0.0028 1047535.396341  x:  0.15295   4.08429   0.06158  

5 (And_mar) ... 1 (And_bic)
  0  0.0000 1010187.365352  x:  0.08341   3.57713   0.12219  
  1 99.0000 1009950.847463  x:  0.09806   3.57716   0.10375  
  2 21138.9140 1009508.443003  x:  0.09563   3.57719   0.05929  
  3 35915.3174 1009491.478913  x:  0.09584   3.23706   0.05710  
  4 90.5394 1009454.831637  x:  0.09009   3.18852   0.05931  
  5  0.0499 1009454.421847  x:  0.08996   3.20198   0.05833  
  6  0.0263 1009454.421493  x:  0.08997   3.20339   0.05833  
  7  0.0016 1009454.421490  x:  0.08997   3.20336   0.05833  

5 (And_mar) ... 2 (And_ful)
  0  0.0000 1058332.121918  x:  0.14178   3.00225   0.14794  
  1 99.0000 1056498.266100  x:  0.19548   3.00376   0.08091  
  2 44274.9143 1056013.617847  x:  0.18937   3.00443   0.05201  
  3 47039.4509 1055818.778920  x:  0.18673   3.93595   0.05793  
  4 483.8780 1055630.902274  x:  0.16730   3.81824   0.05932  
  5  0.1236 1055630.050297  x:  0.16739   3.75609   0.05951  
  6  0.0510 1055630.024859  x:  0.16741   3.75056   0.05931  
  7  0.0063 1055630.024857  x:  0.16741   3.75046   0.05931  

5 (And_mar) ... 3 (And_hae)
  0  0.0000 1051928.112420  x:  0.16365   3.19612   0.11656  
  1 99.0000 1050981.760817  x:  0.14331   3.19688   0.06800  
  2 30935.4826 1050861.317267  x:  0.15217   3.19716   0.05614  
  3 21190.6954 1050804.609613  x:  0.15329   3.70932   0.05933  
  4 241.7991 1050793.884670  x:  0.15658   3.66758   0.06168  
  5  0.0622 1050793.701437  x:  0.15689   3.66250   0.06116  
  6  0.0049 1050793.701113  x:  0.15689   3.66125   0.06115  
  7  0.0010 1050793.701113  x:  0.15689   3.66125   0.06115  
  8  0.0000 1050793.701113  x:  0.15689   3.66125   0.06115  

5 (And_mar) ... 4 (And_hat)
  0  0.0000 1029930.098210  x:  0.12081   3.21030   0.18470  
  1 99.0000 1029053.140113  x:  0.09490   3.21124   0.13296  
  2 27673.1169 1027927.731256  x:  0.09980   3.21251   0.06143  
  3 92435.6790 1027875.962200  x:  0.10070   3.76205   0.06654  
  4 202.4904 1027640.046043  x:  0.11657   3.58337   0.06440  
  5  0.1832 1027640.045365  x:  0.11656   3.58252   0.06444  
  6  0.0017 1027640.045304  x:  0.11656   3.58207   0.06443  
  7  0.0004 1027640.045304  x:  0.11656   3.58209   0.06443  

6 (And_tri) ... 1 (And_bic)
  0  0.0000 1028888.918610  x:  0.11778   3.12622   0.16449  
  1 99.0000 1027601.979620  x:  0.09246   3.12696   0.08804  
  2 27449.8141 1027060.674669  x:  0.09914   3.12729   0.05092  
  3 105692.6460 1027055.780923  x:  0.09957   3.28482   0.05209  
  4 48.2532 1026794.630897  x:  0.11391   2.91509   0.05912  
  5  0.6300 1026782.224337  x:  0.11560   3.02165   0.05538  
  6  0.1463 1026782.133876  x:  0.11579   3.00631   0.05521  
  7  0.0160 1026782.132229  x:  0.11582   3.00669   0.05526  
  8  0.0004 1026782.132224  x:  0.11582   3.00678   0.05525  

6 (And_tri) ... 2 (And_ful)
  0  0.0000 1050679.096038  x:  0.15848   2.95056   0.05966  
  1 99.0000 1050660.301815  x:  0.15829   2.95088   0.05421  
  2 6484.5800 1050660.057522  x:  0.15895   2.95134   0.05414  
  3 616.4377 1050559.851489  x:  0.15876   3.58793   0.05699  
  4 527.3148 1050559.564216  x:  0.15888   3.58845   0.05630  
  5  0.0009 1050559.563972  x:  0.15889   3.58933   0.05630  
  6  0.0007 1050559.563967  x:  0.15889   3.58943   0.05630  

6 (And_tri) ... 3 (And_hae)
  0  0.0000 1047843.903183  x:  0.14450   3.13948   0.09700  
  1 99.0000 1047244.913718  x:  0.15382   3.14006   0.05731  
  2 24510.3764 1047240.233532  x:  0.15128   3.14022   0.05633  
  3 3477.0611 1047205.171923  x:  0.15094   3.53020   0.05882  
  4 192.5321 1047204.946878  x:  0.15118   3.53429   0.05823  
  5  0.0069 1047204.946330  x:  0.15116   3.53510   0.05822  
  6  0.0008 1047204.946325  x:  0.15116   3.53523   0.05822  
  7  0.0001 1047204.946325  x:  0.15116   3.53523   0.05822  
  8  0.0000 1047204.946325  x:  0.15116   3.53523   0.05822  

6 (And_tri) ... 4 (And_hat)
  0  0.0000 1026616.585137  x:  0.09457   3.22499   0.10075  
  1 99.0000 1026121.505086  x:  0.11747   3.22510   0.09079  
  2 42940.4951 1025827.432043  x:  0.11650   3.22545   0.05927  
  3 18429.7689 1025819.813667  x:  0.11642   3.43239   0.06055  
  4 76.6638 1025816.537723  x:  0.11450   3.43141   0.06003  
  5  0.0019 1025816.498207  x:  0.11445   3.42985   0.06033  
  6  0.0024 1025816.498199  x:  0.11445   3.42966   0.06033  

6 (And_tri) ... 5 (And_mar)
  0  0.0000 1027177.301932  x:  0.10046   3.13385   0.16317  
  1 99.0000 1026555.614597  x:  0.12842   3.13418   0.12790  
  2 30080.2289 1025481.201592  x:  0.12660   3.13475   0.05813  
  3 56069.6572 1025479.599980  x:  0.12667   3.05157   0.05737  
  4 24.9907 1025316.991620  x:  0.11259   2.97554   0.06149  
  5  0.1070 1025314.886600  x:  0.11228   3.00255   0.05948  
  6  0.0622 1025314.884212  x:  0.11231   3.00067   0.05943  
  7  0.0021 1025314.884212  x:  0.11231   3.00062   0.05943  
  8  0.0001 1025314.884212  x:  0.11231   3.00063   0.05943  

7 (Bom_pas) ... 1 (And_bic)
  0  0.0000 1281594.195850  x:  1.04056   2.76044   0.12459  
  1 99.0000 1272754.472430  x:  1.03365   2.76207   0.05428  
  2 175476.6563 1272610.580957  x:  1.09240   2.82548   0.04836  
  3 3271.9676 1271229.791714  x:  1.12861   4.14411   0.05679  
  4 5599.4824 1271171.767463  x:  1.13744   4.23877   0.05278  
  5  0.0886 1271159.504897  x:  1.16622   4.29990   0.05190  
  6  0.0648 1271158.577285  x:  1.16581   4.33952   0.05218  
  7  0.0249 1271158.560323  x:  1.16609   4.34217   0.05212  
  8  0.0028 1271158.560297  x:  1.16614   4.34226   0.05212  

7 (Bom_pas) ... 2 (And_ful)
  0  0.0000 1284237.729112  x:  1.24000   3.60479   0.10642  
  1 99.0000 1276478.352931  x:  1.23449   3.60546   0.04883  
  2 195417.9427 1276415.378576  x:  1.18631   3.63720   0.05315  
  3 2207.8873 1275943.552326  x:  1.27654   4.67285   0.05100  
  4 1349.3367 1275923.946139  x:  1.25503   4.66956   0.05007  
  5  0.0330 1275923.809962  x:  1.25239   4.66953   0.05026  
  6  0.0026 1275923.809940  x:  1.25240   4.66943   0.05026  
  7  0.0001 1275923.809939  x:  1.25239   4.66939   0.05026  

7 (Bom_pas) ... 3 (And_hae)
  0  0.0000 1277274.695847  x:  1.32277   4.10868   0.08620  
  1 99.0000 1272502.668697  x:  1.31912   4.10897   0.04645  
  2 186014.1336 1272164.532200  x:  1.17527   4.13164   0.05627  
  3 4547.1629 1272110.419262  x:  1.20749   4.49989   0.05538  
  4 312.7276 1272033.682846  x:  1.17117   4.49873   0.05313  
  5  0.0536 1272032.050726  x:  1.17897   4.49606   0.05243  
  6  0.0100 1272032.044365  x:  1.17876   4.49200   0.05244  
  7  0.0035 1272032.044360  x:  1.17874   4.49197   0.05244  

7 (Bom_pas) ... 4 (And_hat)
  0  0.0000 1272200.193061  x:  1.17830   3.68241   0.06086  
  1 99.0000 1271785.204214  x:  1.17753   3.68258   0.05030  
  2 72463.8543 1271719.989888  x:  1.12140   3.71402   0.05312  
  3 1968.2235 1271426.578195  x:  1.19023   4.51768   0.05207  
  4 975.7328 1271424.591820  x:  1.18603   4.52180   0.05161  
  5  0.0066 1271424.566228  x:  1.18508   4.52398   0.05169  
  6  0.0022 1271424.566184  x:  1.18511   4.52432   0.05169  
  7  0.0002 1271424.566184  x:  1.18511   4.52431   0.05169  

7 (Bom_pas) ... 5 (And_mar)
  0  0.0000 1274436.251058  x:  1.03561   3.68645   0.09715  
  1 99.0000 1270986.429898  x:  1.03338   3.68677   0.05666  
  2 136135.6735 1270865.999535  x:  1.09694   3.69453   0.05142  
  3 3794.1797 1270679.936032  x:  1.12819   4.32317   0.05167  
  4 662.4572 1270651.880995  x:  1.14610   4.32197   0.05329  
  5  0.0312 1270650.356620  x:  1.15430   4.32212   0.05265  
  6  0.0066 1270650.351833  x:  1.15454   4.32556   0.05265  
  7  0.0027 1270650.351832  x:  1.15454   4.32556   0.05265  

7 (Bom_pas) ... 6 (And_tri)
  0  0.0000 1271493.228444  x:  1.01740   3.68716   0.06631  
  1 99.0000 1271241.046804  x:  1.01782   3.68726   0.05706  
  2 50875.2040 1270991.079999  x:  1.12186   3.69569   0.05145  
  3 5130.0699 1270795.233204  x:  1.15411   4.34119   0.05164  
  4 672.4161 1270790.635023  x:  1.16105   4.34136   0.05232  
  5  0.0086 1270790.155624  x:  1.16585   4.34195   0.05198  
  6  0.0040 1270790.154558  x:  1.16596   4.34358   0.05198  
  7  0.0013 1270790.154558  x:  1.16596   4.34358   0.05198  