Supplemental results for CODEML (seqf: /home/yzliu/eDNA/faststorage/yzliu/DK_proj/data/ref_genome/ref_annotation/primary_transcripts/extracted_cds_new/new_transcript_id_7_and_pas/bootstraps/cat.out.OG_cds_7_species_same_header_fas.shuf_537OG_267.phy  treef: xxx.trees)


pairwise comparison (Goldman & Yang 1994)
seq seq        N       S       dN       dS     dN/dS   Paras.
  2   1 473875.1 181258.9   0.0098   0.1700   0.0579   0.1624   3.5400   0.0579 -1009519.393
  3   1 472839.8 182294.2   0.0097   0.1624   0.0595   0.1565   3.5107   0.0595 -1007253.470
  3   2 472107.2 183026.8   0.0097   0.1547   0.0625   0.1506   3.8575   0.0625 -1003267.331
  4   1 473514.5 181619.5   0.0076   0.1241   0.0612   0.1197   3.4306   0.0612 -986784.737
  4   2 472095.6 183038.4   0.0097   0.1613   0.0602   0.1562   3.8718   0.0602 -1005797.011
  4   3 470798.5 184335.5   0.0095   0.1530   0.0622   0.1496   3.8621   0.0622 -1003233.797
  5   1 476436.4 178697.6   0.0055   0.0955   0.0577   0.0902   3.0055   0.0577 -968293.443
  5   2 473169.9 181964.1   0.0101   0.1674   0.0603   0.1613   3.5906   0.0603 -1009550.823
  5   3 472364.3 182769.7   0.0098   0.1580   0.0619   0.1534   3.5347   0.0619 -1006168.526
  5   4 473351.8 181782.2   0.0076   0.1189   0.0639   0.1155   3.4137   0.0639 -984865.280
  6   1 477925.2 177208.8   0.0070   0.1225   0.0570   0.1147   2.8598   0.0570 -984397.834
  6   2 474571.1 180562.9   0.0094   0.1612   0.0584   0.1538   3.4201   0.0584 -1005419.731
  6   3 473807.7 181326.3   0.0094   0.1538   0.0609   0.1481   3.3622   0.0609 -1003475.127
  6   4 474732.2 180401.8   0.0073   0.1179   0.0619   0.1132   3.2560   0.0619 -983395.406
  6   5 477966.4 177167.6   0.0072   0.1176   0.0608   0.1111   2.8278   0.0608 -983002.592
  7   1 467797.9 187336.1   0.0650   1.2182   0.0533   1.1842   4.0845   0.0533 -1226271.341
  7   2 464839.2 190294.8   0.0662   1.2902   0.0513   1.2651   4.3657   0.0513 -1230012.802
  7   3 466531.6 188602.4   0.0655   1.2211   0.0536   1.1945   4.2269   0.0536 -1226812.562
  7   4 466224.9 188909.1   0.0654   1.2359   0.0529   1.2087   4.2651   0.0529 -1227019.290
  7   5 468072.9 187061.1   0.0652   1.2032   0.0542   1.1703   4.0682   0.0542 -1225972.360
  7   6 467936.8 187197.2   0.0648   1.2153   0.0533   1.1807   4.0811   0.0533 -1225880.726

