

2 (Bom_con) ... 1 (Apis_mel)
  0  0.0000 416134.138397  x:  0.47958   1.46642   0.44438  
  1 99.0000 408400.986002  x:  0.43210   1.54263   0.10137  
  2 23372.1290 408158.733814  x:  0.46837   1.55819   0.07966  
  3 12438.9967 406133.824598  x:  0.57274   2.83257   0.12338  
  4 4704.0823 405804.864237  x:  0.51296   3.27428   0.11183  
  5  0.6294 405675.552692  x:  0.56292   3.71856   0.10012  
  6  0.1774 405664.003703  x:  0.55624   3.91439   0.10454  
  7  0.0830 405663.835324  x:  0.55794   3.93421   0.10404  
  8  0.0159 405663.834934  x:  0.55795   3.93498   0.10407  
  9  0.0007 405663.834934  x:  0.55795   3.93501   0.10407  
 10  0.0000 405663.834934  x:  0.55795   3.93501   0.10407  

3 (Bom_hor) ... 1 (Apis_mel)
  0  0.0000 406707.376428  x:  0.50137   3.47917   0.16394  
  1 99.0000 406106.147284  x:  0.50737   3.48008   0.10539  
  2 16700.7093 406006.629469  x:  0.55987   3.48201   0.09820  
  3 4177.0973 405966.125472  x:  0.56506   3.95372   0.10088  
  4 183.8059 405966.004345  x:  0.56570   3.95075   0.10139  
  5  0.0054 405965.991519  x:  0.56629   3.95037   0.10125  
  6  0.0007 405965.991519  x:  0.56629   3.95041   0.10125  

3 (Bom_hor) ... 2 (Bom_con)
  0  0.0000 342979.558007  x:  0.10045   3.32116   0.12525  
  1 99.0000 342933.094847  x:  0.11254   3.32146   0.12415  
  2 7988.3079 342929.372079  x:  0.11264   3.32344   0.11591  
  3 853.3229 342782.723281  x:  0.11236   5.35138   0.13152  
  4 201.2901 342781.473298  x:  0.11264   5.36171   0.12637  
  5  0.0099 342781.457712  x:  0.11264   5.38942   0.12643  
  6  0.0122 342781.457649  x:  0.11264   5.38952   0.12646  
  7  0.0001 342781.457649  x:  0.11264   5.38952   0.12646  

4 (Bom_hyp) ... 1 (Apis_mel)
  0  0.0000 406204.603004  x:  0.53865   4.41765   0.19068  
  1 99.0000 405114.902868  x:  0.52801   4.41748   0.10663  
  2 19889.9504 405075.926545  x:  0.55970   4.41533   0.09859  
  3 2467.6061 405040.717190  x:  0.55326   3.91183   0.09708  
  4 131.4199 405034.499840  x:  0.55771   3.89578   0.10095  
  5  0.0384 405034.484101  x:  0.55783   3.90371   0.10082  
  6  0.0087 405034.483810  x:  0.55782   3.90290   0.10080  
  7  0.0009 405034.483810  x:  0.55783   3.90289   0.10080  

4 (Bom_hyp) ... 2 (Bom_con)
  0  0.0000 342085.423512  x:  0.10217   3.46414   0.16082  
  1 99.0000 342062.737799  x:  0.11063   3.46454   0.15503  
  2 4550.6424 342018.789359  x:  0.10961   3.46678   0.12422  
  3 3451.9416 341910.282214  x:  0.10919   5.23295   0.13999  
  4 156.3498 341907.545856  x:  0.10879   5.25549   0.13222  
  5  0.0261 341907.510932  x:  0.10869   5.29377   0.13221  
  6  0.0202 341907.509330  x:  0.10874   5.29675   0.13234  
  7  0.0027 341907.509323  x:  0.10874   5.29682   0.13233  
  8  0.0001 341907.509323  x:  0.10874   5.29683   0.13233  
  9  0.0000 341907.509323  x:  0.10874   5.29683   0.13233  

4 (Bom_hyp) ... 3 (Bom_hor)
  0  0.0000 330154.964004  x:  0.05301   4.27078   0.22640  
  1 99.0000 330089.499738  x:  0.06324   4.27084   0.22418  
  2 13331.5194 329885.659821  x:  0.06357   4.27358   0.11645  
  3 3006.3140 329861.246761  x:  0.06347   5.51748   0.12843  
  4 45.2523 329859.699873  x:  0.06347   5.57957   0.12134  
  5  0.1204 329859.677400  x:  0.06340   5.62406   0.12159  
  6  0.0281 329859.677268  x:  0.06342   5.62441   0.12160  
  7  0.0003 329859.677268  x:  0.06342   5.62457   0.12160  
  8  0.0002 329859.677268  x:  0.06342   5.62457   0.12160  
  9  0.0000 329859.677268  x:  0.06342   5.62457   0.12160  
 10  0.0000 329859.677268  x:  0.06342   5.62457   0.12160  
check convergence!


5 (Bom_mus) ... 1 (Apis_mel)
  0  0.0000 407797.460700  x:  0.54856   4.47552   0.23657  
  1 99.0000 405778.694709  x:  0.52388   4.47547   0.10924  
  2 22265.1529 405723.043697  x:  0.55684   4.47349   0.09776  
  3 3247.6267 405680.841840  x:  0.54895   3.91414   0.09598  
  4 141.1383 405658.287584  x:  0.56247   3.87094   0.10199  
  5  0.1153 405658.098462  x:  0.56349   3.89674   0.10149  
  6  0.0280 405658.092436  x:  0.56356   3.89277   0.10137  
  7  0.0043 405658.092434  x:  0.56357   3.89272   0.10137  
  8  0.0000 405658.092434  x:  0.56357   3.89272   0.10137  
  9  0.0000 405658.092434  x:  0.56357   3.89272   0.10137  

5 (Bom_mus) ... 2 (Bom_con)
  0  0.0000 343482.374280  x:  0.11187   3.53803   0.21726  
  1 99.0000 343205.659578  x:  0.11211   3.54212   0.12265  
  2 4577.2303 343204.553522  x:  0.11406   3.54239   0.12218  
  3 1172.5844 343114.780438  x:  0.11403   5.08473   0.14046  
  4 146.2759 343110.070652  x:  0.11395   5.14004   0.13047  
  5  0.0922 343110.007791  x:  0.11414   5.18866   0.13059  
  6  0.0272 343110.005511  x:  0.11406   5.19180   0.13069  
  7  0.0029 343110.005506  x:  0.11406   5.19195   0.13069  
  8  0.0002 343110.005506  x:  0.11406   5.19195   0.13069  

5 (Bom_mus) ... 3 (Bom_hor)
  0  0.0000 330605.564083  x:  0.05207   4.36771   0.22689  
  1 99.0000 330512.364645  x:  0.06422   4.36775   0.22493  
  2 16333.4366 330341.145312  x:  0.06455   4.36989   0.12454  
  3 2720.9704 330328.704514  x:  0.06449   5.23900   0.13264  
  4 31.7379 330328.152195  x:  0.06452   5.26936   0.12839  
  5  0.0602 330328.148815  x:  0.06454   5.28404   0.12831  
  6  0.0114 330328.148747  x:  0.06454   5.28491   0.12836  
  7  0.0008 330328.148747  x:  0.06454   5.28492   0.12836  
  8  0.0000 330328.148747  x:  0.06454   5.28491   0.12836  

5 (Bom_mus) ... 4 (Bom_hyp)
  0  0.0000 330710.225826  x:  0.05451   4.44697   0.24475  
  1 99.0000 330641.374360  x:  0.06514   4.44702   0.24252  
  2 13510.2324 330421.735757  x:  0.06550   4.44932   0.12530  
  3 2951.6792 330411.856923  x:  0.06545   5.21994   0.13278  
  4 28.0468 330411.284848  x:  0.06545   5.25451   0.12854  
  5  0.0760 330411.281165  x:  0.06543   5.26908   0.12846  
  6  0.0118 330411.281102  x:  0.06543   5.26995   0.12850  
  7  0.0008 330411.281102  x:  0.06543   5.26998   0.12850  

6 (Bom_pas) ... 1 (Apis_mel)
  0  0.0000 406563.498307  x:  0.52265   4.35048   0.17306  
  1 99.0000 405872.433399  x:  0.52281   4.35023   0.10814  
  2 17188.4179 405801.226144  x:  0.56812   4.34799   0.09964  
  3 3326.5468 405772.817618  x:  0.56298   3.91274   0.09825  
  4 120.5977 405768.791871  x:  0.56439   3.89530   0.10163  
  5  0.0392 405768.791035  x:  0.56423   3.89522   0.10165  
  6  0.0002 405768.791035  x:  0.56423   3.89525   0.10165  
  7  0.0000 405768.791035  x:  0.56423   3.89524   0.10165  
  8  0.0000 405768.791035  x:  0.56423   3.89525   0.10165  

6 (Bom_pas) ... 2 (Bom_con)
  0  0.0000 343999.937704  x:  0.09595   3.30678   0.19383  
  1 99.0000 343867.531973  x:  0.11611   3.30715   0.18788  
  2 13503.2537 343718.846134  x:  0.11631   3.31109   0.12378  
  3 4211.4198 343579.479445  x:  0.11596   5.15443   0.14467  
  4 193.8046 343574.325559  x:  0.11590   5.20510   0.13408  
  5  0.0674 343574.183525  x:  0.11573   5.28280   0.13422  
  6  0.0368 343574.179832  x:  0.11579   5.28464   0.13444  
  7  0.0017 343574.179738  x:  0.11581   5.28502   0.13442  
  8  0.0004 343574.179738  x:  0.11581   5.28507   0.13442  
  9  0.0000 343574.179738  x:  0.11581   5.28505   0.13442  
 10  0.0000 343574.179738  x:  0.11581   5.28505   0.13442  
check convergence!


6 (Bom_pas) ... 3 (Bom_hor)
  0  0.0000 330728.335544  x:  0.05719   4.40887   0.17043  
  1 99.0000 330688.897955  x:  0.06540   4.40891   0.16925  
  2 9984.4891 330658.624183  x:  0.06553   4.41013   0.13342  
  3 1486.1216 330638.952951  x:  0.06544   5.55881   0.14137  
  4 39.2222 330638.487382  x:  0.06547   5.57217   0.13708  
  5  0.0175 330638.485444  x:  0.06547   5.58540   0.13711  
  6  0.0087 330638.485440  x:  0.06547   5.58540   0.13712  
  7  0.0000 330638.485440  x:  0.06547   5.58541   0.13712  
  8  0.0000 330638.485440  x:  0.06547   5.58540   0.13712  

6 (Bom_pas) ... 4 (Bom_hyp)
  0  0.0000 330934.019818  x:  0.06758   4.68103   0.18610  
  1 99.0000 330928.317931  x:  0.06458   4.68112   0.18232  
  2 2215.1643 330883.755285  x:  0.06615   4.68223   0.13581  
  3 4033.7126 330871.621297  x:  0.06619   5.61500   0.14213  
  4 28.9654 330871.417504  x:  0.06658   5.62093   0.13983  
  5  0.0076 330871.412846  x:  0.06665   5.62241   0.14009  
  6  0.0017 330871.412838  x:  0.06665   5.62319   0.14009  
  7  0.0006 330871.412837  x:  0.06665   5.62325   0.14009  
  8  0.0000 330871.412837  x:  0.06665   5.62324   0.14009  

6 (Bom_pas) ... 5 (Bom_mus)
  0  0.0000 316276.369134  x:  0.02333   4.58499   0.21304  
  1 99.0000 316272.365986  x:  0.02177   4.58500   0.21273  
  2 4878.5691 316215.649296  x:  0.02191   4.58760   0.11879  
  3 983.5454 316201.851356  x:  0.02183   6.42950   0.13414  
  4 18.3491 316201.114753  x:  0.02186   6.49764   0.12554  
  5  0.1154 316201.104042  x:  0.02188   6.56141   0.12577  
  6  0.0333 316201.103839  x:  0.02187   6.56612   0.12579  
  7  0.0059 316201.103838  x:  0.02187   6.56555   0.12580  
  8  0.0004 316201.103818  x:  0.02187   6.56515   0.12579  
  9  0.0003 316201.103817  x:  0.02187   6.56514   0.12579  
 10  0.0015 316201.103812  x:  0.02187   6.56514   0.12579  
 11  0.0000 316201.103812  x:  0.02187   6.56514   0.12579  
check convergence!


7 (Bom_syl) ... 1 (Apis_mel)
  0  0.0000 407399.517367  x:  0.48222   5.09312   0.20101  
  1 99.0000 406340.447789  x:  0.50138   5.09203   0.11160  
  2 17726.6351 406138.084967  x:  0.58009   5.08795   0.10321  
  3 6130.4978 405985.584033  x:  0.56987   3.96079   0.09936  
  4 237.7015 405982.694572  x:  0.56782   3.94233   0.10272  
  5  0.0489 405982.389796  x:  0.56511   3.95474   0.10280  
  6  0.0121 405982.385642  x:  0.56496   3.94986   0.10278  
  7  0.0071 405982.385642  x:  0.56496   3.94984   0.10279  

7 (Bom_syl) ... 2 (Bom_con)
  0  0.0000 344437.535113  x:  0.10525   3.58121   0.16423  
  1 99.0000 344382.379345  x:  0.11880   3.58152   0.15982  
  2 8106.0177 344337.889351  x:  0.11861   3.58388   0.12732  
  3 2724.6587 344226.493671  x:  0.11840   5.36407   0.14256  
  4 158.3226 344224.875665  x:  0.11835   5.38343   0.13659  
  5  0.0222 344224.854378  x:  0.11832   5.41460   0.13660  
  6  0.0158 344224.854023  x:  0.11833   5.41520   0.13668  
  7  0.0006 344224.854021  x:  0.11834   5.41522   0.13668  

7 (Bom_syl) ... 3 (Bom_hor)
  0  0.0000 331597.169415  x:  0.05480   4.56307   0.23669  
  1 99.0000 331493.939193  x:  0.06796   4.56312   0.23447  
  2 16735.9465 331293.687762  x:  0.06831   4.56577   0.12586  
  3 2919.1219 331269.105994  x:  0.06824   5.87109   0.13771  
  4 43.3546 331267.876540  x:  0.06828   5.92607   0.13122  
  5  0.1042 331267.861145  x:  0.06830   5.96580   0.13142  
  6  0.0248 331267.861137  x:  0.06830   5.96542   0.13143  
  7  0.0003 331267.861137  x:  0.06830   5.96552   0.13143  

7 (Bom_syl) ... 4 (Bom_hyp)
  0  0.0000 331406.697554  x:  0.06710   4.92990   0.20829  
  1 99.0000 331386.638163  x:  0.07342   4.93019   0.19311  
  2 2508.8625 331302.028971  x:  0.07123   4.93144   0.13014  
  3 13192.7451 331287.600154  x:  0.07087   6.01610   0.13756  
  4 29.6766 331285.069045  x:  0.06869   6.00585   0.13566  
  5  0.0115 331285.058162  x:  0.06864   5.99953   0.13625  
  6  0.0092 331285.057946  x:  0.06864   5.99510   0.13621  
  7  0.0033 331285.057944  x:  0.06864   5.99498   0.13621  
  8  0.0001 331285.057944  x:  0.06864   5.99498   0.13621  
check convergence!


7 (Bom_syl) ... 5 (Bom_mus)
  0  0.0000 330462.086139  x:  0.06522   4.86484   0.19092  
  1 99.0000 330450.353478  x:  0.06111   4.86505   0.17945  
  2 1882.5119 330407.137431  x:  0.06373   4.86585   0.13493  
  3 11301.5748 330400.461932  x:  0.06384   5.60167   0.13971  
  4 20.1752 330399.659385  x:  0.06506   5.57317   0.13937  
  5  0.0283 330399.658831  x:  0.06505   5.56811   0.13925  
  6  0.0048 330399.658799  x:  0.06505   5.56700   0.13927  
  7  0.0012 330399.658799  x:  0.06505   5.56706   0.13927  

7 (Bom_syl) ... 6 (Bom_pas)
  0  0.0000 330903.201725  x:  0.05469   4.60224   0.13849  
  1 99.0000 330824.595521  x:  0.06615   4.60227   0.13882  
  2 14689.6920 330823.709906  x:  0.06610   4.60300   0.14493  
  3 296.6011 330804.826763  x:  0.06602   5.78608   0.15097  
  4 37.1688 330804.816263  x:  0.06601   5.78585   0.15028  
  5  0.0006 330804.816253  x:  0.06601   5.78673   0.15027  

8 (Bom_vet) ... 1 (Apis_mel)
  0  0.0000 407479.975098  x:  0.53338   4.64188   0.21994  
  1 99.0000 405908.031804  x:  0.52136   4.64147   0.10984  
  2 20852.4704 405831.466904  x:  0.56364   4.63881   0.09773  
  3 3636.5477 405763.364292  x:  0.55455   3.93359   0.09555  
  4 172.9567 405743.856511  x:  0.56354   3.88950   0.10166  
  5  0.1252 405743.805782  x:  0.56451   3.90301   0.10153  
  6  0.0155 405743.803749  x:  0.56465   3.90074   0.10148  
  7  0.0025 405743.803745  x:  0.56465   3.90075   0.10147  

8 (Bom_vet) ... 2 (Bom_con)
  0  0.0000 343492.254323  x:  0.11519   3.32456   0.08246  
  1 99.0000 343378.500770  x:  0.11720   3.32539   0.12110  
  2 6936.1784 343376.138725  x:  0.11433   3.32574   0.12191  
  3 1636.2966 343244.046429  x:  0.11417   5.22013   0.13083  
  4 185.3664 343243.935423  x:  0.11454   5.21639   0.13202  
  5  0.0024 343243.927060  x:  0.11440   5.21404   0.13227  
  6  0.0020 343243.926965  x:  0.11440   5.21202   0.13226  
  7  0.0010 343243.926964  x:  0.11440   5.21199   0.13226  
  8  0.0000 343243.926964  x:  0.11440   5.21199   0.13226  

8 (Bom_vet) ... 3 (Bom_hor)
  0  0.0000 330410.344265  x:  0.06290   4.39366   0.16710  
  1 99.0000 330406.541485  x:  0.06554   4.39374   0.16417  
  2 1957.7285 330378.968211  x:  0.06483   4.39473   0.12959  
  3 3050.5301 330366.284199  x:  0.06470   5.29898   0.13571  
  4 31.3515 330366.111177  x:  0.06441   5.30353   0.13357  
  5  0.0059 330366.109090  x:  0.06435   5.30528   0.13373  
  6  0.0019 330366.109084  x:  0.06435   5.30600   0.13373  
  7  0.0005 330366.109084  x:  0.06435   5.30600   0.13373  
check convergence!


8 (Bom_vet) ... 4 (Bom_hyp)
  0  0.0000 330855.823653  x:  0.06132   4.42865   0.23616  
  1 99.0000 330840.565835  x:  0.06665   4.42872   0.23306  
  2 5159.2661 330670.163867  x:  0.06671   4.43098   0.13085  
  3 3475.0000 330656.791468  x:  0.06659   5.33863   0.13941  
  4 32.7480 330656.013312  x:  0.06624   5.37276   0.13439  
  5  0.0593 330655.949457  x:  0.06591   5.38103   0.13496  
  6  0.0085 330655.949349  x:  0.06591   5.38391   0.13496  
  7  0.0021 330655.949348  x:  0.06591   5.38397   0.13496  
  8  0.0001 330655.949348  x:  0.06591   5.38400   0.13496  

8 (Bom_vet) ... 5 (Bom_mus)
  0  0.0000 315324.893796  x:  0.01543   4.57347   0.13233  
  1 99.0000 315288.864111  x:  0.01949   4.57347   0.13225  
  2 19281.8571 315283.761934  x:  0.01952   4.57417   0.10901  
  3 402.7111 315279.126697  x:  0.01948   5.63485   0.11450  
  4  9.9209 315279.096805  x:  0.01947   5.63842   0.11282  
  5  0.0046 315279.096749  x:  0.01947   5.64183   0.11281  
  6  0.0025 315279.096749  x:  0.01947   5.64201   0.11281  
  7  0.0002 315279.096749  x:  0.01947   5.64202   0.11281  
  8  0.0000 315279.096749  x:  0.01947   5.64203   0.11281  
  9  0.0000 315279.096749  x:  0.01947   5.64203   0.11281  
 10  0.0000 315279.096749  x:  0.01947   5.64203   0.11281  
check convergence!


8 (Bom_vet) ... 6 (Bom_pas)
  0  0.0000 316103.975869  x:  0.02146   4.59327   0.08682  
  1 99.0000 316102.046192  x:  0.02255   4.59331   0.08985  
  2 1276.5377 316084.211256  x:  0.02116   4.59375   0.12355  
  3 8375.7212 316067.678733  x:  0.02100   6.77124   0.13083  
  4 19.3045 316067.270003  x:  0.02147   6.77345   0.13268  
  5  0.0028 316067.252839  x:  0.02143   6.77246   0.13404  
  6  0.0010 316067.252823  x:  0.02143   6.77414   0.13403  
  7  0.0014 316067.252822  x:  0.02143   6.77339   0.13402  
  8  0.0005 316067.252812  x:  0.02143   6.77414   0.13403  

8 (Bom_vet) ... 7 (Bom_syl)
  0  0.0000 330532.278652  x:  0.05129   5.43806   0.10293  
  1 99.0000 330407.478821  x:  0.06549   5.43806   0.10520  
  2 18975.2079 330364.134300  x:  0.06469   5.43801   0.14360  
  3 2652.8071 330363.612393  x:  0.06467   5.65527   0.14426  
  4  4.9513 330363.611960  x:  0.06465   5.65324   0.14418  
  5  0.0015 330363.611955  x:  0.06465   5.65371   0.14417  
  6  0.0003 330363.611955  x:  0.06465   5.65370   0.14417  
  7  0.0001 330363.611955  x:  0.06465   5.65369   0.14417  
  8  0.0002 330363.611955  x:  0.06465   5.65369   0.14417  