

2 (And_ful) ... 1 (And_bic)
  0  0.0000 997188.121419  x:  0.15837   1.66086   0.41757  
  1 99.0000 985780.108391  x:  0.13662   1.71537   0.06026  
  2 31429.7499 985552.638893  x:  0.14650   1.71810   0.04627  
  3 64494.1191 984058.458333  x:  0.17749   2.66492   0.07421  
  4 3839.9348 983760.740382  x:  0.16077   3.17087   0.06650  
  5  0.8382 983701.576676  x:  0.16927   3.47665   0.06603  
  6  0.1461 983696.820793  x:  0.16721   3.59031   0.06617  
  7  0.0719 983696.531166  x:  0.16751   3.60306   0.06688  
  8  0.0087 983696.528051  x:  0.16743   3.60298   0.06691  
  9  0.0001 983696.528035  x:  0.16743   3.60274   0.06691  
 10  0.0002 983696.528035  x:  0.16743   3.60273   0.06691  

3 (And_hae) ... 1 (And_bic)
  0  0.0000 982152.445877  x:  0.12994   3.24280   0.15828  
  1 99.0000 981047.770929  x:  0.17446   3.24335   0.12407  
  2 43887.6598 980102.622172  x:  0.17228   3.24423   0.06565  
  3 38267.6635 980071.136639  x:  0.17186   3.62814   0.06886  
  4 173.4905 979988.584981  x:  0.15925   3.60644   0.06766  
  5  0.0210 979987.960540  x:  0.15907   3.59329   0.06879  
  6  0.0251 979987.955362  x:  0.15909   3.58839   0.06874  
  7  0.0043 979987.955353  x:  0.15909   3.58833   0.06874  
  8  0.0001 979987.955353  x:  0.15909   3.58833   0.06874  
  9  0.0000 979987.955353  x:  0.15909   3.58833   0.06874  
 10  0.0000 979987.955353  x:  0.15909   3.58833   0.06874  
 11  0.0187 979987.955353  x:  0.15909   3.58833   0.06874  
 12  0.0024 979987.955353  x:  0.15909   3.58833   0.06874  
check convergence!


3 (And_hae) ... 2 (And_ful)
  0  0.0000 977210.034584  x:  0.13640   3.16575   0.14275  
  1 99.0000 976304.638930  x:  0.17101   3.16693   0.09063  
  2 28938.5430 976016.502643  x:  0.16389   3.16758   0.06462  
  3 33559.9201 975890.376125  x:  0.16219   4.00160   0.07038  
  4 344.9916 975831.245770  x:  0.15209   3.92775   0.07267  
  5  0.0888 975831.043911  x:  0.15182   3.89613   0.07241  
  6  0.0263 975831.038219  x:  0.15190   3.89269   0.07242  
  7  0.0034 975831.038210  x:  0.15190   3.89274   0.07242  

4 (And_hat) ... 1 (And_bic)
  0  0.0000 960248.091508  x:  0.11799   3.57688   0.14393  
  1 99.0000 959331.159622  x:  0.12316   3.57741   0.07090  
  2 19216.6987 959327.853669  x:  0.12109   3.57740   0.07041  
  3 3161.9165 959327.009238  x:  0.12113   3.50462   0.06981  
  4 22.8790 959326.876400  x:  0.12104   3.49871   0.07041  
  5  0.0137 959326.876385  x:  0.12104   3.49896   0.07041  
  6  0.0002 959326.876385  x:  0.12104   3.49892   0.07041  

4 (And_hat) ... 2 (And_ful)
  0  0.0000 980003.642798  x:  0.16325   3.31262   0.12562  
  1 99.0000 979195.258146  x:  0.14587   3.31358   0.07500  
  2 25852.9941 979095.240394  x:  0.15513   3.31394   0.06381  
  3 18521.5689 979007.957375  x:  0.15654   4.00626   0.06844  
  4 281.0610 979003.237922  x:  0.15880   3.97658   0.07022  
  5  0.0441 979003.131692  x:  0.15905   3.97066   0.06977  
  6  0.0056 979003.131314  x:  0.15904   3.96912   0.06977  
  7  0.0012 979003.131314  x:  0.15904   3.96912   0.06977  
  8  0.0000 979003.131314  x:  0.15904   3.96912   0.06977  

4 (And_hat) ... 3 (And_hae)
  0  0.0000 978200.669111  x:  0.14673   3.56602   0.19647  
  1 99.0000 975752.336738  x:  0.14498   3.56816   0.07170  
  2 26809.6795 975728.806412  x:  0.15128   3.56832   0.06981  
  3 7953.1063 975697.995995  x:  0.15178   3.98008   0.07443  
  4 158.8420 975696.302339  x:  0.15149   4.01331   0.07262  
  5  0.0980 975696.297487  x:  0.15148   4.01903   0.07262  
  6  0.0049 975696.297458  x:  0.15148   4.01912   0.07263  

5 (And_mar) ... 1 (And_bic)
  0  0.0000 941808.115568  x:  0.07312   3.35197   0.15161  
  1 99.0000 941367.199628  x:  0.09252   3.35203   0.14475  
  2 46730.4979 940561.371307  x:  0.09266   3.35269   0.06744  
  3 17640.2970 940560.931598  x:  0.09267   3.29884   0.06692  
  4 15.5125 940558.735717  x:  0.09127   3.28797   0.06785  
  5  0.0094 940558.625612  x:  0.09117   3.29417   0.06729  
  6  0.0142 940558.625604  x:  0.09117   3.29437   0.06729  

5 (And_mar) ... 2 (And_ful)
  0  0.0000 983996.613610  x:  0.14260   3.17954   0.09382  
  1 99.0000 983525.924510  x:  0.17034   3.17987   0.07761  
  2 30906.6082 983464.406265  x:  0.16796   3.18020   0.06613  
  3 10969.4265 983414.962730  x:  0.16780   3.65492   0.06867  
  4 225.5687 983413.534242  x:  0.16615   3.65258   0.06849  
  5  0.0026 983413.530201  x:  0.16613   3.65198   0.06858  
  6  0.0007 983413.530189  x:  0.16613   3.65173   0.06858  
  7  0.0002 983413.530189  x:  0.16613   3.65173   0.06858  

5 (And_mar) ... 3 (And_hae)
  0  0.0000 980015.365437  x:  0.15849   3.31285   0.11375  
  1 99.0000 979504.246685  x:  0.14944   3.31340   0.07276  
  2 20878.2598 979471.277865  x:  0.15615   3.31355   0.06802  
  3 9509.7639 979453.085279  x:  0.15653   3.61200   0.07005  
  4 128.2298 979452.570345  x:  0.15702   3.60451   0.07094  
  5  0.0120 979452.568013  x:  0.15707   3.60335   0.07089  
  6  0.0011 979452.568012  x:  0.15707   3.60326   0.07089  

5 (And_mar) ... 4 (And_hat)
  0  0.0000 958670.443167  x:  0.09889   3.10124   0.14314  
  1 99.0000 958222.855910  x:  0.12212   3.10149   0.12956  
  2 35965.1982 957570.630778  x:  0.12119   3.10253   0.07087  
  3 23257.3221 957544.598964  x:  0.12098   3.48056   0.07444  
  4 146.9894 957533.378731  x:  0.11764   3.49393   0.07180  
  5  0.0136 957532.578899  x:  0.11712   3.48480   0.07321  
  6  0.0155 957532.578435  x:  0.11712   3.48313   0.07319  
  7  0.0014 957532.578435  x:  0.11712   3.48311   0.07319  
  8  0.0000 957532.578435  x:  0.11712   3.48311   0.07319  
  9  0.0000 957532.578435  x:  0.11712   3.48311   0.07319  
 10  0.0000 957532.578435  x:  0.11712   3.48311   0.07319  
check convergence!


6 (And_tri) ... 1 (And_bic)
  0  0.0000 957701.433051  x:  0.10249   3.04618   0.11814  
  1 99.0000 957368.877168  x:  0.12264   3.04629   0.10293  
  2 28026.5720 957022.606354  x:  0.12048   3.04651   0.06544  
  3 22506.8897 957021.773972  x:  0.12051   2.98506   0.06497  
  4 25.6977 957008.657506  x:  0.11646   2.97258   0.06649  
  5  0.0128 957008.533626  x:  0.11636   2.97581   0.06594  
  6  0.0054 957008.533601  x:  0.11635   2.97576   0.06594  
  7  0.0000 957008.533601  x:  0.11635   2.97576   0.06594  
  8  0.0000 957008.533600  x:  0.11635   2.97577   0.06594  
  9  0.0000 957008.533600  x:  0.11635   2.97577   0.06594  

6 (And_tri) ... 2 (And_ful)
  0  0.0000 979962.905926  x:  0.15616   2.82715   0.15634  
  1 99.0000 978207.277424  x:  0.13962   2.82939   0.06885  
  2 29922.2875 978071.976476  x:  0.15076   2.82987   0.05768  
  3 24848.0154 977928.313666  x:  0.15352   3.56476   0.06495  
  4 440.6806 977922.944619  x:  0.15576   3.52033   0.06680  
  5  0.0833 977922.705579  x:  0.15616   3.51386   0.06618  
  6  0.0057 977922.704775  x:  0.15615   3.51194   0.06616  
  7  0.0014 977922.704773  x:  0.15615   3.51193   0.06616  
  8  0.0000 977922.704773  x:  0.15615   3.51193   0.06616  

6 (And_tri) ... 3 (And_hae)
  0  0.0000 977748.514842  x:  0.15048   3.29583   0.18067  
  1 99.0000 975873.665639  x:  0.12768   3.29738   0.07977  
  2 28069.9706 975623.023872  x:  0.13883   3.29769   0.05998  
  3 46299.9739 975585.226886  x:  0.14043   3.73987   0.06355  
  4 180.6304 975501.912875  x:  0.14904   3.51226   0.07053  
  5  0.4163 975499.857952  x:  0.15018   3.53649   0.06879  
  6  0.0221 975499.845594  x:  0.15019   3.52870   0.06871  
  7  0.0075 975499.845563  x:  0.15019   3.52868   0.06870  
  8  0.0000 975499.845563  x:  0.15019   3.52868   0.06870  
  9  0.0000 975499.845563  x:  0.15019   3.52868   0.06870  

6 (And_tri) ... 4 (And_hat)
  0  0.0000 956003.806990  x:  0.09649   3.03117   0.10440  
  1 99.0000 955652.301930  x:  0.11645   3.03133   0.09638  
  2 34978.3461 955459.687906  x:  0.11560   3.03190   0.06839  
  3 13678.1797 955429.329555  x:  0.11546   3.44333   0.07135  
  4 159.5049 955428.069356  x:  0.11450   3.44485   0.07013  
  5  0.0022 955428.002294  x:  0.11431   3.44373   0.07050  
  6  0.0014 955428.002281  x:  0.11431   3.44346   0.07050  
  7  0.0002 955428.002281  x:  0.11431   3.44345   0.07050  
  8  0.0000 955428.002281  x:  0.11431   3.44346   0.07050  
  9  0.0000 955428.002281  x:  0.11431   3.44345   0.07050  

6 (And_tri) ... 5 (And_mar)
  0  0.0000 957339.652600  x:  0.11778   3.12422   0.17790  
  1 99.0000 956755.187074  x:  0.09555   3.12462   0.13782  
  2 23628.7759 955866.295339  x:  0.10069   3.12526   0.06826  
  3 65746.7592 955864.720638  x:  0.10065   3.04142   0.06745  
  4 15.2081 955725.753649  x:  0.11260   2.95271   0.07222  
  5  0.2313 955722.036964  x:  0.11322   2.98695   0.06914  
  6  0.0687 955722.032554  x:  0.11329   2.98517   0.06913  
  7  0.0016 955722.032533  x:  0.11329   2.98541   0.06914  
  8  0.0003 955722.032533  x:  0.11329   2.98541   0.06914  
  9  0.0000 955722.032533  x:  0.11329   2.98541   0.06914  
 10  0.0000 955722.032533  x:  0.11329   2.98541   0.06914  
check convergence!


7 (Bom_pas) ... 1 (And_bic)
  0  0.0000 1215809.402257  x:  1.15144   2.67874   0.17022  
  1 99.0000 1200992.779257  x:  1.13333   2.68179   0.05861  
  2 167301.1223 1200907.252248  x:  1.09542   2.73386   0.06510  
  3 2751.3587 1199966.479294  x:  1.22064   3.85358   0.06156  
  4 4377.2319 1199888.713757  x:  1.17208   3.88403   0.06054  
  5  0.0772 1199887.533463  x:  1.16705   3.89752   0.06122  
  6  0.0144 1199887.496914  x:  1.16829   3.90493   0.06120  
  7  0.0048 1199887.495571  x:  1.16818   3.90562   0.06119  
  8  0.0007 1199887.495571  x:  1.16819   3.90562   0.06119  

7 (Bom_pas) ... 2 (And_ful)
  0  0.0000 1212680.442682  x:  1.42573   3.49655   0.11259  
  1 99.0000 1203980.671003  x:  1.41858   3.49733   0.05006  
  2 197255.4412 1203532.647546  x:  1.24643   3.53765   0.06541  
  3 5352.9434 1203355.431810  x:  1.30843   4.12167   0.06367  
  4 668.2158 1203091.640531  x:  1.21076   4.12766   0.06177  
  5  0.1463 1203077.209128  x:  1.23409   4.14697   0.05925  
  6  0.0379 1203077.164295  x:  1.23291   4.14154   0.05920  
  7  0.0054 1203077.162975  x:  1.23284   4.14007   0.05921  
  8  0.0012 1203077.162970  x:  1.23286   4.14006   0.05921  

7 (Bom_pas) ... 3 (And_hae)
  0  0.0000 1200324.109855  x:  1.14828   3.60598   0.05793  
  1 99.0000 1200277.745023  x:  1.14843   3.60605   0.06178  
  2 24763.0774 1200259.286767  x:  1.12428   3.67429   0.06309  
  3 504.6872 1200184.958551  x:  1.17421   4.02167   0.06177  
  4 2068.2498 1200184.792996  x:  1.17210   4.02837   0.06178  
  5  0.0061 1200184.792966  x:  1.17211   4.02859   0.06178  
  6  0.0002 1200184.792966  x:  1.17211   4.02860   0.06178  

7 (Bom_pas) ... 4 (And_hat)
  0  0.0000 1203453.729133  x:  1.32799   3.64324   0.08880  
  1 99.0000 1200253.600779  x:  1.32441   3.64360   0.05352  
  2 146046.6605 1199858.100267  x:  1.16396   3.67296   0.06489  
  3 4614.9367 1199789.465121  x:  1.19896   4.04289   0.06410  
  4 399.9215 1199734.326103  x:  1.17261   4.05426   0.06159  
  5  0.0390 1199733.367567  x:  1.17895   4.05210   0.06098  
  6  0.0081 1199733.366401  x:  1.17895   4.05089   0.06099  
  7  0.0011 1199733.366390  x:  1.17894   4.05078   0.06099  
  8  0.0001 1199733.366390  x:  1.17894   4.05078   0.06099  

7 (Bom_pas) ... 5 (And_mar)
  0  0.0000 1204219.910124  x:  1.03298   3.67736   0.12510  
  1 99.0000 1199737.616152  x:  1.02917   3.67768   0.06812  
  2 121148.1272 1199553.759070  x:  1.10327   3.67716   0.06013  
  3 4940.4164 1199531.633437  x:  1.11417   3.88545   0.06022  
  4 220.6852 1199463.862096  x:  1.14297   3.88354   0.06302  
  5  0.0545 1199461.752564  x:  1.15270   3.88659   0.06213  
  6  0.0081 1199461.748700  x:  1.15289   3.88935   0.06213  
  7  0.0026 1199461.748699  x:  1.15290   3.88935   0.06213  

7 (Bom_pas) ... 6 (And_tri)
  0  0.0000 1200108.988930  x:  1.01866   3.31326   0.08114  
  1 99.0000 1199683.387322  x:  1.01897   3.31346   0.06689  
  2 54949.4792 1199449.041114  x:  1.11995   3.32455   0.06021  
  3 4911.5982 1199237.543065  x:  1.14911   3.92880   0.06096  
  4 781.7204 1199232.000901  x:  1.15647   3.92725   0.06184  
  5  0.0099 1199231.464843  x:  1.16158   3.92757   0.06141  
  6  0.0042 1199231.463573  x:  1.16168   3.92918   0.06141  
  7  0.0013 1199231.463573  x:  1.16168   3.92918   0.06141  