

2 (And_ful) ... 1 (And_bic)
  0  0.0000 1127906.915100  x:  0.16449   1.52776   0.39574  
  1 99.0000 1124817.514839  x:  0.10928   1.54647   0.28233  
  2 42114.6874 1116473.208917  x:  0.10080   1.58345   0.05097  
  3 241041.0589 1114640.085946  x:  0.10938   2.77492   0.10905  
  4 4267.0092 1111980.716557  x:  0.13088   3.19302   0.04522  
  5  1.1134 1111368.426711  x:  0.15180   3.30815   0.06617  
  6  0.1261 1111211.747213  x:  0.16205   3.47697   0.05397  
  7  0.1635 1111201.052074  x:  0.16169   3.69371   0.05576  
  8  0.0518 1111200.736143  x:  0.16154   3.70082   0.05513  
  9  0.0070 1111200.728871  x:  0.16143   3.70074   0.05515  
 10  0.0001 1111200.728870  x:  0.16143   3.70066   0.05515  
 11  0.0001 1111200.728870  x:  0.16143   3.70065   0.05515  
 12  0.0000 1111200.728870  x:  0.16143   3.70065   0.05515  
 13  0.0000 1111200.728870  x:  0.16143   3.70065   0.05515  
 14  0.5331 1111200.728870  x:  0.16143   3.70065   0.05515  
 15  0.0320 1111200.728870  x:  0.16143   3.70065   0.05515  
 16  0.0024 1111200.728870  x:  0.16143   3.70065   0.05515  
 17  0.1679 1111200.728870  x:  0.16143   3.70065   0.05515  
 18  0.0150 1111200.728870  x:  0.16143   3.70065   0.05515  
 19  0.0024 1111200.728870  x:  0.16143   3.70065   0.05515  
check convergence!


3 (And_hae) ... 1 (And_bic)
  0  0.0000 1111191.232412  x:  0.14782   3.38356   0.17813  
  1 99.0000 1107638.760379  x:  0.15328   3.38533   0.05350  
  2 36877.4414 1107637.255162  x:  0.15484   3.38542   0.05349  
  3 1958.3500 1107626.074957  x:  0.15478   3.59364   0.05581  
  4 111.4183 1107623.440964  x:  0.15491   3.63482   0.05402  
  5  0.1451 1107623.436708  x:  0.15490   3.63919   0.05406  
  6  0.0039 1107623.436706  x:  0.15490   3.63922   0.05406  

3 (And_hae) ... 2 (And_ful)
  0  0.0000 1106493.997331  x:  0.14818   3.20489   0.14357  
  1 99.0000 1104472.077116  x:  0.13907   3.20668   0.05851  
  2 34143.5735 1104396.319080  x:  0.14841   3.20702   0.05299  
  3 17114.1896 1104245.245483  x:  0.15043   4.03698   0.06018  
  4 410.8297 1104243.051059  x:  0.14978   4.06827   0.05856  
  5  0.0704 1104242.983074  x:  0.15005   4.07861   0.05845  
  6  0.0088 1104242.981894  x:  0.15004   4.08077   0.05848  
  7  0.0016 1104242.981887  x:  0.15004   4.08087   0.05848  

4 (And_hat) ... 1 (And_bic)
  0  0.0000 1085274.777995  x:  0.09552   3.50792   0.08741  
  1 99.0000 1084767.407733  x:  0.11815   3.50797   0.07918  
  2 45586.5877 1084592.658266  x:  0.11732   3.50810   0.05707  
  3 15427.5458 1084592.352548  x:  0.11730   3.55198   0.05728  
  4 14.1908 1084591.013452  x:  0.11606   3.54894   0.05738  
  5  0.0027 1084591.013425  x:  0.11606   3.54905   0.05737  
  6  0.0002 1084591.013425  x:  0.11606   3.54908   0.05737  
  7  0.0000 1084591.013425  x:  0.11606   3.54908   0.05737  
check convergence!


4 (And_hat) ... 2 (And_ful)
  0  0.0000 1110708.040533  x:  0.16531   3.30674   0.19155  
  1 99.0000 1108496.803010  x:  0.12052   3.30843   0.11397  
  2 43376.3072 1107077.923428  x:  0.12667   3.30972   0.05272  
  3 103219.9642 1106841.199567  x:  0.12975   4.46188   0.06135  
  4 480.8900 1106389.664866  x:  0.15452   4.19664   0.05538  
  5  0.2728 1106388.232772  x:  0.15461   4.16383   0.05677  
  6  0.0614 1106388.155474  x:  0.15457   4.14261   0.05658  
  7  0.0169 1106388.155206  x:  0.15455   4.14252   0.05658  
  8  0.0001 1106388.155206  x:  0.15455   4.14255   0.05658  

4 (And_hat) ... 3 (And_hae)
  0  0.0000 1106944.444345  x:  0.12411   3.44272   0.16910  
  1 99.0000 1105418.753220  x:  0.17456   3.44364   0.11742  
  2 47949.0290 1103937.653479  x:  0.17315   3.44471   0.05246  
  3 65854.8446 1103830.798835  x:  0.17191   4.22508   0.05821  
  4 304.5456 1103529.443418  x:  0.15061   4.21993   0.05195  
  5  0.0205 1103515.508809  x:  0.14878   4.15044   0.05620  
  6  0.1507 1103515.251297  x:  0.14905   4.11267   0.05606  
  7  0.0316 1103515.246465  x:  0.14898   4.11006   0.05601  
  8  0.0028 1103515.246449  x:  0.14899   4.11015   0.05601  
  9  0.0001 1103515.246449  x:  0.14899   4.11015   0.05601  
check convergence!


5 (And_mar) ... 1 (And_bic)
  0  0.0000 1065553.742061  x:  0.07926   3.67351   0.14296  
  1 99.0000 1065277.505271  x:  0.09464   3.67351   0.12525  
  2 25077.6386 1064425.417324  x:  0.09343   3.67349   0.05728  
  3 41650.6169 1064382.380368  x:  0.09374   3.12600   0.05323  
  4 143.2854 1064328.943031  x:  0.08764   3.04744   0.05837  
  5  0.0851 1064324.016053  x:  0.08668   3.09742   0.05556  
  6  0.1170 1064324.009010  x:  0.08671   3.09356   0.05545  
  7  0.0048 1064324.008935  x:  0.08672   3.09400   0.05545  
  8  0.0005 1064324.008935  x:  0.08672   3.09399   0.05545  
  9  0.0000 1064324.008935  x:  0.08672   3.09399   0.05545  
 10  0.0000 1064324.008935  x:  0.08672   3.09399   0.05545  

5 (And_mar) ... 2 (And_ful)
  0  0.0000 1110768.675059  x:  0.14312   2.78386   0.06535  
  1 99.0000 1110504.756563  x:  0.16095   2.78444   0.05390  
  2 25342.9101 1110500.130242  x:  0.15990   2.78488   0.05162  
  3 3653.9035 1110247.505286  x:  0.15946   3.77458   0.05620  
  4 630.7178 1110246.888765  x:  0.15974   3.76975   0.05525  
  5  0.0045 1110246.888503  x:  0.15975   3.76953   0.05523  
  6  0.0002 1110246.888502  x:  0.15975   3.76946   0.05523  

5 (And_mar) ... 3 (And_hae)
  0  0.0000 1107879.111397  x:  0.14577   3.30082   0.13106  
  1 99.0000 1106050.110781  x:  0.15160   3.30184   0.05387  
  2 33894.4038 1106030.532365  x:  0.14910   3.55577   0.05583  
  3 159.1798 1106025.853352  x:  0.15151   3.61515   0.05652  
  4 62219.1636 1106022.475685  x:  0.15182   3.64770   0.05436  
  5  0.0835 1106022.447350  x:  0.15177   3.65944   0.05442  
  6  0.0099 1106022.447345  x:  0.15177   3.65934   0.05442  
  7  0.0001 1106022.447345  x:  0.15177   3.65935   0.05442  
  8  0.0000 1106022.447345  x:  0.15177   3.65934   0.05442  
  9  0.0000 1106022.447345  x:  0.15177   3.65934   0.05442  
 10  0.0000 1106022.447345  x:  0.15177   3.65934   0.05442  
 11  0.0175 1106022.447345  x:  0.15177   3.65934   0.05442  
check convergence!


5 (And_mar) ... 4 (And_hat)
  0  0.0000 1081610.196741  x:  0.11278   3.32068   0.08415  
  1 99.0000 1081401.218412  x:  0.10545   3.32091   0.06165  
  2 16133.4698 1081365.691133  x:  0.11010   3.32100   0.05557  
  3 13507.9021 1081358.100004  x:  0.11022   3.53501   0.05665  
  4 74.5940 1081357.045567  x:  0.11092   3.52511   0.05773  
  5  0.0136 1081357.038205  x:  0.11098   3.52369   0.05763  
  6  0.0014 1081357.038202  x:  0.11098   3.52358   0.05763  
  7  0.0001 1081357.038202  x:  0.11098   3.52358   0.05763  
check convergence!


6 (And_tri) ... 1 (And_bic)
  0  0.0000 1083579.166705  x:  0.10581   3.29932   0.12203  
  1 99.0000 1082709.678444  x:  0.12557   3.29941   0.06424  
  2 24891.6509 1082558.318095  x:  0.11824   3.29937   0.04975  
  3 33908.4094 1082540.567053  x:  0.11877   3.03874   0.04827  
  4 114.7099 1082479.296992  x:  0.11215   2.91101   0.05418  
  5  0.2375 1082479.068550  x:  0.11185   2.93166   0.05399  
  6  0.0273 1082479.067289  x:  0.11185   2.93031   0.05395  
  7  0.0014 1082479.067277  x:  0.11185   2.93039   0.05395  

6 (And_tri) ... 2 (And_ful)
  0  0.0000 1108285.837385  x:  0.15270   2.74917   0.11614  
  1 99.0000 1106799.684285  x:  0.14486   2.75078   0.05254  
  2 35162.7780 1106755.565238  x:  0.15236   2.75123   0.04906  
  3 11932.3493 1106553.902901  x:  0.15403   3.57188   0.05632  
  4 566.1413 1106549.414217  x:  0.15312   3.60305   0.05403  
  5  0.0608 1106549.318484  x:  0.15344   3.61516   0.05397  
  6  0.0097 1106549.315482  x:  0.15341   3.61817   0.05401  
  7  0.0022 1106549.315476  x:  0.15341   3.61823   0.05400  
  8  0.0001 1106549.315476  x:  0.15341   3.61823   0.05401  

6 (And_tri) ... 3 (And_hae)
  0  0.0000 1104124.976756  x:  0.13934   3.34270   0.06329  
  1 99.0000 1104017.500177  x:  0.14966   3.34282   0.05435  
  2 15710.1937 1104014.648415  x:  0.14862   3.34289   0.05260  
  3 2843.7676 1104004.342003  x:  0.14858   3.56790   0.05341  
  4 97.8307 1104004.316012  x:  0.14841   3.56206   0.05344  
  5  0.0058 1104004.315920  x:  0.14842   3.56147   0.05344  

6 (And_tri) ... 4 (And_hat)
  0  0.0000 1083281.742311  x:  0.09904   3.04457   0.15938  
  1 99.0000 1082570.180009  x:  0.12814   3.04526   0.12129  
  2 32426.3376 1081434.341238  x:  0.12634   3.04640   0.05471  
  3 63886.1025 1081391.013518  x:  0.12558   3.51641   0.05909  
  4 197.6519 1081203.129964  x:  0.11116   3.49614   0.05492  
  5  0.0244 1081198.954558  x:  0.11058   3.45338   0.05767  
  6  0.0937 1081198.873237  x:  0.11068   3.43327   0.05750  
  7  0.0179 1081198.872850  x:  0.11066   3.43288   0.05748  
  8  0.0004 1081198.872849  x:  0.11066   3.43290   0.05748  

6 (And_tri) ... 5 (And_mar)
  0  0.0000 1081071.315125  x:  0.10751   3.08959   0.11010  
  1 99.0000 1080350.817942  x:  0.10320   3.08985   0.05725  
  2 21554.6989 1080326.569446  x:  0.10807   3.08983   0.05449  
  3 11055.8123 1080322.658911  x:  0.10798   2.96077   0.05351  
  4 58.7341 1080320.883165  x:  0.10831   2.94332   0.05532  
  5  0.0377 1080320.877610  x:  0.10825   2.94578   0.05531  
  6  0.0024 1080320.877597  x:  0.10825   2.94559   0.05531  

7 (Bom_pas) ... 1 (And_bic)
  0  0.0000 1341515.450289  x:  1.07697   2.67871   0.05127  
  1 99.0000 1341500.878990  x:  1.07671   2.67905   0.04948  
  2 15542.7329 1341209.408024  x:  0.99011   2.83347   0.05380  
  3 3287.2852 1339913.507619  x:  1.15693   4.08445   0.05159  
  4 6989.3575 1339881.237741  x:  1.13376   4.15405   0.05078  
  5  0.0536 1339880.037128  x:  1.13116   4.17824   0.05131  
  6  0.0205 1339879.996873  x:  1.13246   4.18607   0.05125  
  7  0.0045 1339879.996786  x:  1.13242   4.18620   0.05125  

7 (Bom_pas) ... 2 (And_ful)
  0  0.0000 1360614.186908  x:  1.20512   3.69957   0.14330  
  1 99.0000 1344767.881359  x:  1.19291   3.70065   0.04872  
  2 214771.4629 1344748.014702  x:  1.17288   3.71333   0.05125  
  3 1736.9882 1344458.117562  x:  1.22876   4.50148   0.05000  
  4 1051.6844 1344445.448967  x:  1.20709   4.49000   0.04971  
  5  0.0337 1344445.440305  x:  1.20643   4.48813   0.04975  
  6  0.0019 1344445.440154  x:  1.20644   4.48758   0.04975  
  7  0.0004 1344445.440154  x:  1.20644   4.48757   0.04975  
  8  0.0000 1344445.440154  x:  1.20644   4.48757   0.04975  

7 (Bom_pas) ... 3 (And_hae)
  0  0.0000 1359925.796218  x:  1.02946   3.69229   0.18313  
  1 99.0000 1341229.516655  x:  1.01177   3.69377   0.05608  
  2 180108.4201 1341158.829490  x:  1.03948   3.69654   0.05149  
  3 4862.2782 1340940.175730  x:  1.07317   4.36461   0.05192  
  4 731.1024 1340804.369569  x:  1.13511   4.34051   0.05278  
  5  0.1037 1340799.790263  x:  1.14460   4.35336   0.05156  
  6  0.0142 1340799.718506  x:  1.14626   4.36307   0.05156  
  7  0.0078 1340799.718237  x:  1.14622   4.36358   0.05156  
  8  0.0005 1340799.718237  x:  1.14622   4.36358   0.05156  

7 (Bom_pas) ... 4 (And_hat)
  0  0.0000 1346565.636008  x:  1.22133   3.64133   0.09263  
  1 99.0000 1340705.527277  x:  1.21687   3.64179   0.04706  
  2 194700.1144 1340490.683229  x:  1.12129   3.66704   0.05450  
  3 4267.6753 1340255.571186  x:  1.17626   4.35088   0.05335  
  4 776.9319 1340190.899342  x:  1.14413   4.35503   0.05141  
  5  0.0499 1340190.803618  x:  1.14600   4.35903   0.05124  
  6  0.0048 1340190.802657  x:  1.14604   4.36050   0.05124  
  7  0.0011 1340190.802656  x:  1.14604   4.36050   0.05124  

7 (Bom_pas) ... 5 (And_mar)
  0  0.0000 1357759.726023  x:  1.27552   3.74803   0.14259  
  1 99.0000 1339962.722937  x:  1.26127   3.74908   0.04552  
  2 228513.5502 1339802.891277  x:  1.19894   3.75964   0.05327  
  3 5415.5033 1339679.885753  x:  1.23410   4.26142   0.05235  
  4 526.9414 1339388.199700  x:  1.11483   4.15852   0.05320  
  5  0.2182 1339381.198870  x:  1.12634   4.19097   0.05171  
  6  0.0360 1339381.102015  x:  1.12445   4.18861   0.05169  
  7  0.0035 1339381.102000  x:  1.12443   4.18848   0.05169  
  8  0.0001 1339381.102000  x:  1.12443   4.18846   0.05169  

7 (Bom_pas) ... 6 (And_tri)
  0  0.0000 1344247.388871  x:  1.08682   3.69498   0.09423  
  1 99.0000 1339958.786869  x:  1.08365   3.69529   0.05232  
  2 160524.5858 1339947.662555  x:  1.10403   3.70871   0.05074  
  3 913.0866 1339826.665746  x:  1.12487   4.19399   0.05117  
  4 809.1090 1339824.781222  x:  1.13094   4.19475   0.05144  
  5  0.0098 1339824.698704  x:  1.13257   4.19493   0.05129  
  6  0.0016 1339824.698621  x:  1.13260   4.19535   0.05129  
  7  0.0004 1339824.698621  x:  1.13260   4.19535   0.05129  