Supplemental results for CODEML (seqf: /home/yzliu/eDNA/faststorage/yzliu/DK_proj/data/ref_genome/ref_annotation/primary_transcripts/extracted_cds_new/new_transcript_id_8_bom_apis/bootstraps/cat.out.OG_cds_8_species_same_header_fas.shuf_211OG_822.phy  treef: xxx.trees)


pairwise comparison (Goldman & Yang 1994)
seq seq        N       S       dN       dS     dN/dS   Paras.
  2   1 194665.0  65105.0   0.0573   0.6021   0.0952   0.5816   4.1479   0.0952 -457807.455
  3   1 194461.6  65308.4   0.0572   0.6151   0.0930   0.5924   4.1704   0.0930 -458327.070
  3   2 189593.4  70176.6   0.0132   0.1080   0.1218   0.1163   5.4348   0.1218 -387953.845
  4   1 194930.6  64839.4   0.0566   0.6099   0.0929   0.5842   4.1450   0.0929 -457367.124
  4   2 190141.7  69628.3   0.0126   0.1024   0.1230   0.1100   5.3179   0.1230 -386214.933
  4   3 189157.7  70612.3   0.0074   0.0615   0.1211   0.0664   5.9782   0.1211 -373372.087
  5   1 195029.8  64740.2   0.0574   0.6139   0.0935   0.5884   4.1265   0.0935 -457927.262
  5   2 190234.1  69535.9   0.0138   0.1081   0.1280   0.1172   5.2956   0.1280 -388214.389
  5   3 189421.4  70348.6   0.0080   0.0615   0.1301   0.0674   5.8073   0.1301 -373788.333
  5   4 190078.9  69691.1   0.0078   0.0631   0.1236   0.0680   5.5987   0.1236 -373709.719
  6   1 194973.8  64796.2   0.0577   0.6164   0.0936   0.5911   4.1454   0.0936 -458146.740
  6   2 190017.1  69752.9   0.0142   0.1101   0.1291   0.1199   5.4420   0.1291 -388877.633
  6   3 189049.0  70721.0   0.0083   0.0624   0.1330   0.0691   6.1112   0.1330 -374267.815
  6   4 189638.1  70131.9   0.0084   0.0639   0.1315   0.0702   5.9482   0.1315 -374497.042
  6   5 188918.7  70851.3   0.0028   0.0198   0.1403   0.0222   6.6961   0.1403 -357284.609
  7   1 195022.6  64747.4   0.0579   0.6118   0.0946   0.5878   4.1303   0.0946 -458092.105
  7   2 189854.0  69916.0   0.0142   0.1100   0.1287   0.1199   5.5831   0.1287 -388806.672
  7   3 188823.4  70946.6   0.0081   0.0639   0.1274   0.0701   6.3374   0.1274 -374454.602
  7   4 189507.6  70262.4   0.0083   0.0650   0.1269   0.0708   6.0811   0.1269 -374578.920
  7   5 189409.4  70360.6   0.0083   0.0597   0.1387   0.0666   6.2303   0.1387 -373342.083
  7   6 189167.8  70602.2   0.0087   0.0604   0.1442   0.0683   6.4412   0.1442 -373956.230
  8   1 194955.1  64814.9   0.0577   0.6160   0.0937   0.5910   4.1264   0.0937 -458226.441
  8   2 190057.7  69712.3   0.0138   0.1087   0.1274   0.1179   5.3742   0.1274 -388365.179
  8   3 189163.2  70606.8   0.0081   0.0611   0.1319   0.0674   5.9665   0.1319 -373818.882
  8   4 189701.6  70068.4   0.0081   0.0635   0.1276   0.0691   5.8498   0.1276 -374120.377
  8   5 189325.7  70444.3   0.0023   0.0188   0.1232   0.0203   6.2421   0.1232 -356421.268
  8   6 188297.3  71472.7   0.0028   0.0201   0.1365   0.0226   7.3076   0.1365 -357410.292
  8   7 189129.7  70640.3   0.0084   0.0595   0.1413   0.0669   6.4279   0.1413 -373479.037

