Supplemental results for CODEML (seqf: /home/yzliu/eDNA/faststorage/yzliu/DK_proj/data/ref_genome/ref_annotation/primary_transcripts/extracted_cds_new/new_transcript_id_8_bom_apis/bootstraps/cat.out.OG_cds_8_species_same_header_fas.shuf_211OG_730.phy  treef: xxx.trees)


pairwise comparison (Goldman & Yang 1994)
seq seq        N       S       dN       dS     dN/dS   Paras.
  2   1 148693.2  47713.8   0.0572   0.5471   0.1045   0.5287   3.8316   0.1045 -343290.078
  3   1 148773.7  47633.3   0.0579   0.5678   0.1019   0.5446   3.7431   0.1019 -344514.097
  3   2 145895.1  50511.9   0.0147   0.1140   0.1292   0.1208   4.6198   0.1292 -293670.887
  4   1 148895.7  47511.3   0.0558   0.5583   0.0999   0.5320   3.8316   0.0999 -342708.580
  4   2 145269.7  51137.3   0.0126   0.1011   0.1250   0.1070   5.4294   0.1250 -290227.256
  4   3 146627.7  49779.3   0.0087   0.0690   0.1261   0.0720   4.2029   0.1261 -282939.985
  5   1 148847.7  47559.3   0.0566   0.5597   0.1012   0.5353   3.8374   0.1012 -343185.953
  5   2 145318.8  51088.2   0.0138   0.1043   0.1326   0.1120   5.3403   0.1326 -291487.568
  5   3 146608.9  49798.1   0.0091   0.0658   0.1388   0.0705   4.1911   0.1388 -282808.801
  5   4 145264.4  51142.6   0.0073   0.0597   0.1227   0.0629   5.6110   0.1227 -280113.270
  6   1 148795.5  47611.5   0.0566   0.5607   0.1010   0.5365   3.8500   0.1010 -343234.648
  6   2 145356.9  51050.1   0.0138   0.1047   0.1314   0.1122   5.2686   0.1314 -291499.937
  6   3 146528.8  49878.2   0.0092   0.0661   0.1398   0.0710   4.2259   0.1398 -282901.076
  6   4 145076.7  51330.3   0.0076   0.0600   0.1268   0.0639   5.7845   0.1268 -280359.049
  6   5 144790.3  51616.7   0.0026   0.0185   0.1430   0.0204   6.0800   0.1430 -268387.315
  7   1 148725.4  47681.6   0.0577   0.5627   0.1025   0.5408   3.9156   0.1025 -343713.068
  7   2 145112.6  51294.4   0.0144   0.1101   0.1311   0.1183   5.5476   0.1311 -292690.015
  7   3 146183.9  50223.1   0.0098   0.0715   0.1374   0.0768   4.5067   0.1374 -284261.218
  7   4 144925.2  51481.8   0.0081   0.0660   0.1232   0.0699   5.9944   0.1232 -281819.040
  7   5 144918.8  51488.2   0.0079   0.0579   0.1361   0.0630   5.9549   0.1361 -280372.441
  7   6 144827.5  51579.5   0.0080   0.0587   0.1366   0.0640   6.0247   0.1366 -280588.925
  8   1 148831.1  47575.9   0.0565   0.5598   0.1010   0.5353   3.8202   0.1010 -343234.428
  8   2 145311.7  51095.3   0.0135   0.1046   0.1289   0.1116   5.3037   0.1289 -291324.990
  8   3 146617.1  49789.9   0.0090   0.0661   0.1361   0.0704   4.1563   0.1361 -282765.132
  8   4 145169.3  51237.7   0.0073   0.0610   0.1202   0.0640   5.6673   0.1202 -280367.835
  8   5 145108.8  51298.2   0.0023   0.0178   0.1287   0.0191   5.6919   0.1287 -267941.274
  8   6 144962.2  51444.8   0.0022   0.0194   0.1152   0.0202   5.8207   0.1152 -268211.393
  8   7 144945.6  51461.4   0.0077   0.0586   0.1314   0.0631   5.8702   0.1314 -280382.088

