Supplemental results for CODEML (seqf: /home/yzliu/eDNA/faststorage/yzliu/DK_proj/data/ref_genome/ref_annotation/primary_transcripts/extracted_cds_new/new_transcript_id_7_and_pas/bootstraps/cat.out.OG_cds_7_species_same_header_fas.shuf_537OG_555.phy  treef: xxx.trees)


pairwise comparison (Goldman & Yang 1994)
seq seq        N       S       dN       dS     dN/dS   Paras.
  2   1 483533.7 188127.3   0.0103   0.1697   0.0606   0.1648   3.6159   0.0606 -1038382.502
  3   1 483507.6 188153.4   0.0097   0.1603   0.0608   0.1557   3.4597   0.0608 -1034239.897
  3   2 481833.7 189827.3   0.0096   0.1540   0.0623   0.1512   3.9252   0.0623 -1030384.408
  4   1 483273.5 188387.5   0.0079   0.1210   0.0657   0.1189   3.4817   0.0657 -1013616.154
  4   2 481126.7 190534.3   0.0100   0.1577   0.0636   0.1557   4.0246   0.0636 -1033061.084
  4   3 480708.4 190952.6   0.0096   0.1500   0.0643   0.1486   3.8887   0.0643 -1029978.341
  5   1 485595.7 186065.3   0.0057   0.0942   0.0605   0.0906   3.1447   0.0605 -994758.145
  5   2 482427.6 189233.4   0.0102   0.1671   0.0613   0.1633   3.7358   0.0613 -1037588.872
  5   3 482645.3 189015.7   0.0098   0.1567   0.0626   0.1534   3.5446   0.0626 -1033305.055
  5   4 482442.3 189218.7   0.0078   0.1155   0.0675   0.1145   3.5635   0.0675 -1010946.322
  6   1 486703.0 184958.0   0.0071   0.1199   0.0593   0.1145   3.0306   0.0593 -1010743.484
  6   2 483386.4 188274.6   0.0094   0.1593   0.0593   0.1544   3.6164   0.0593 -1032410.986
  6   3 483200.6 188460.4   0.0091   0.1513   0.0598   0.1469   3.4831   0.0598 -1029144.739
  6   4 483172.9 188488.1   0.0074   0.1129   0.0656   0.1111   3.4787   0.0656 -1008515.666
  6   5 486283.5 185377.5   0.0072   0.1147   0.0624   0.1105   3.0553   0.0624 -1008657.908
  7   1 479741.6 191919.4   0.0663   1.1706   0.0566   1.1454   4.0821   0.0566 -1258841.875
  7   2 476595.0 195066.0   0.0675   1.2320   0.0548   1.2170   4.3673   0.0548 -1262485.177
  7   3 478614.4 193046.6   0.0667   1.1687   0.0570   1.1503   4.2000   0.0570 -1259101.413
  7   4 478564.0 193097.0   0.0665   1.1714   0.0568   1.1524   4.2092   0.0568 -1259007.156
  7   5 480043.9 191617.1   0.0663   1.1554   0.0574   1.1311   4.0651   0.0574 -1258205.277
  7   6 479792.9 191868.1   0.0659   1.1629   0.0567   1.1378   4.0847   0.0567 -1257828.802

