

2 (And_ful) ... 1 (And_bic)
  0  0.0000 1057031.200843  x:  0.13497   1.38956   0.47358  
  1 99.0000 1055397.480383  x:  0.19183   1.40361   0.41075  
  2 43712.9465 1041454.994510  x:  0.20679   1.48043   0.04690  
  3 85054.0222 1040958.730058  x:  0.20354   1.81216   0.07968  
  4 3735.2680 1038889.062596  x:  0.18704   2.86607   0.04407  
  5  2.2483 1038444.957417  x:  0.16588   3.16776   0.06420  
  6  0.3183 1038400.901029  x:  0.16111   3.38850   0.05974  
  7  0.1410 1038386.086231  x:  0.16547   3.51966   0.05869  
  8  0.0696 1038382.538947  x:  0.16484   3.61077   0.06087  
  9  0.0522 1038382.501850  x:  0.16481   3.61549   0.06064  
 10  0.0043 1038382.501806  x:  0.16482   3.61592   0.06065  

3 (And_hae) ... 1 (And_bic)
  0  0.0000 1035094.416825  x:  0.13119   3.33918   0.09856  
  1 99.0000 1034412.782601  x:  0.16287   3.33936   0.07765  
  2 38357.5012 1034252.988466  x:  0.15982   3.33952   0.05933  
  3 18673.6919 1034249.207763  x:  0.15974   3.47732   0.06004  
  4 58.4567 1034239.909425  x:  0.15577   3.45965   0.06092  
  5  0.0164 1034239.897223  x:  0.15573   3.45979   0.06077  
  6  0.0003 1034239.897218  x:  0.15573   3.45968   0.06077  
  7  0.0001 1034239.897218  x:  0.15573   3.45968   0.06077  
  8  0.0000 1034239.897218  x:  0.15573   3.45968   0.06077  

3 (And_hae) ... 2 (And_ful)
  0  0.0000 1030475.294189  x:  0.14969   3.27860   0.05550  
  1 99.0000 1030462.115332  x:  0.15139   3.27881   0.05991  
  2 5737.9023 1030461.968435  x:  0.15093   3.27915   0.06013  
  3 478.1504 1030384.413672  x:  0.15120   3.92815   0.06236  
  4 388.5918 1030384.408049  x:  0.15124   3.92563   0.06226  
  5  0.0022 1030384.408008  x:  0.15123   3.92528   0.06226  
  6  0.0003 1030384.408007  x:  0.15123   3.92525   0.06226  
  7  0.0000 1030384.408007  x:  0.15123   3.92524   0.06226  

4 (And_hat) ... 1 (And_bic)
  0  0.0000 1013675.831001  x:  0.12577   3.54535   0.07366  
  1 99.0000 1013622.504106  x:  0.11800   3.54536   0.06985  
  2 12063.3711 1013616.826502  x:  0.11884   3.54534   0.06616  
  3 2945.4573 1013616.173417  x:  0.11883   3.48193   0.06590  
  4 20.3091 1013616.154152  x:  0.11892   3.48174   0.06570  
  5  0.0003 1013616.154142  x:  0.11893   3.48174   0.06571  

4 (And_hat) ... 2 (And_ful)
  0  0.0000 1033836.987422  x:  0.16529   3.25784   0.10199  
  1 99.0000 1033247.787331  x:  0.14612   3.25851   0.06880  
  2 27768.1998 1033176.405694  x:  0.15290   3.25888   0.05914  
  3 14255.7309 1033062.686266  x:  0.15410   4.03609   0.06346  
  4 330.3475 1033061.118983  x:  0.15565   4.02668   0.06389  
  5  0.0115 1033061.084398  x:  0.15572   4.02524   0.06362  
  6  0.0015 1033061.084329  x:  0.15572   4.02455   0.06362  
  7  0.0005 1033061.084329  x:  0.15572   4.02455   0.06362  
  8  0.0000 1033061.084329  x:  0.15572   4.02455   0.06362  
  9  0.0000 1033061.084329  x:  0.15572   4.02455   0.06362  

4 (And_hat) ... 3 (And_hae)
  0  0.0000 1030605.939546  x:  0.12283   3.61119   0.08565  
  1 99.0000 1030061.028448  x:  0.15060   3.61130   0.07596  
  2 39927.7738 1029991.720057  x:  0.14956   3.61148   0.06316  
  3 10719.9676 1029978.857892  x:  0.14953   3.89001   0.06437  
  4 96.5619 1029978.345475  x:  0.14866   3.88899   0.06416  
  5  0.0012 1029978.341063  x:  0.14863   3.88876   0.06425  
  6  0.0003 1029978.341062  x:  0.14863   3.88871   0.06425  
  7  0.0001 1029978.341062  x:  0.14863   3.88871   0.06425  
  8  0.0000 1029978.341062  x:  0.14863   3.88870   0.06425  

5 (And_mar) ... 1 (And_bic)
  0  0.0000 996465.533569  x:  0.08703   3.32852   0.18053  
  1 99.0000 995141.720763  x:  0.10901   3.32951   0.07405  
  2 19583.4011 994917.393644  x:  0.10187   3.32968   0.05155  
  3 71562.4052 994912.496029  x:  0.10108   3.53316   0.05310  
  4 32.2194 994758.443861  x:  0.09090   3.10748   0.06036  
  5  1.3301 994758.148639  x:  0.09065   3.14456   0.06042  
  6  0.0537 994758.144746  x:  0.09064   3.14471   0.06053  
  7  0.0002 994758.144745  x:  0.09064   3.14467   0.06053  
  8  0.0000 994758.144745  x:  0.09064   3.14467   0.06053  
  9  0.0000 994758.144745  x:  0.09064   3.14467   0.06053  
 10  0.0000 994758.144745  x:  0.09064   3.14467   0.06053  
 11  0.0161 994758.144745  x:  0.09064   3.14467   0.06053  
 12  0.0118 994758.144745  x:  0.09064   3.14467   0.06053  
check convergence!


5 (And_mar) ... 2 (And_ful)
  0  0.0000 1037811.854850  x:  0.16970   3.02034   0.04739  
  1 99.0000 1037710.531595  x:  0.16539   3.02058   0.05931  
  2 17377.9544 1037707.205423  x:  0.16301   3.02092   0.05885  
  3 2774.6982 1037588.880451  x:  0.16343   3.74091   0.06133  
  4 381.2456 1037588.871985  x:  0.16334   3.73678   0.06130  
  5  0.0036 1037588.871715  x:  0.16335   3.73581   0.06129  
  6  0.0008 1037588.871715  x:  0.16335   3.73581   0.06129  
  7  0.0000 1037588.871715  x:  0.16335   3.73581   0.06129  

5 (And_mar) ... 3 (And_hae)
  0  0.0000 1033937.867305  x:  0.12891   3.39171   0.08882  
  1 99.0000 1033397.630936  x:  0.15704   3.39184   0.07528  
  2 37070.7906 1033311.889060  x:  0.15522   3.39198   0.06160  
  3 12768.3029 1033306.881624  x:  0.15518   3.55049   0.06235  
  4 65.9007 1033305.054671  x:  0.15342   3.54465   0.06260  
  5  0.0053 1033305.054606  x:  0.15342   3.54463   0.06258  
  6  0.0000 1033305.054606  x:  0.15342   3.54462   0.06259  
  7  0.0000 1033305.054606  x:  0.15342   3.54462   0.06258  
  8  0.0000 1033305.054606  x:  0.15342   3.54462   0.06259  

5 (And_mar) ... 4 (And_hat)
  0  0.0000 1011875.276140  x:  0.09804   3.05257   0.12125  
  1 99.0000 1011462.260539  x:  0.11953   3.05283   0.10808  
  2 35208.7084 1011003.741636  x:  0.11812   3.05369   0.06471  
  3 23077.1038 1010956.503411  x:  0.11782   3.56127   0.06882  
  4 202.9527 1010946.832334  x:  0.11487   3.57057   0.06645  
  5  0.0099 1010946.322039  x:  0.11446   3.56506   0.06751  
  6  0.0083 1010946.321634  x:  0.11446   3.56348   0.06749  
  7  0.0012 1010946.321633  x:  0.11446   3.56347   0.06749  
  8  0.0000 1010946.321633  x:  0.11446   3.56347   0.06749  
  9  0.0000 1010946.321633  x:  0.11446   3.56347   0.06749  

6 (And_tri) ... 1 (And_bic)
  0  0.0000 1012701.966264  x:  0.09761   3.22365   0.16220  
  1 99.0000 1012126.723422  x:  0.12379   3.22381   0.14127  
  2 37501.2372 1010813.366387  x:  0.12339   3.22438   0.05994  
  3 37855.9375 1010807.173560  x:  0.12350   3.05670   0.05827  
  4 69.3318 1010744.593410  x:  0.11474   3.00893   0.06071  
  5  0.0427 1010743.483765  x:  0.11452   3.03027   0.05928  
  6  0.0574 1010743.483584  x:  0.11454   3.03056   0.05927  
  7  0.0003 1010743.483584  x:  0.11454   3.03057   0.05927  

6 (And_tri) ... 2 (And_ful)
  0  0.0000 1033415.380634  x:  0.13129   3.00162   0.09840  
  1 99.0000 1032677.168966  x:  0.16339   3.00214   0.07281  
  2 37898.8626 1032515.188902  x:  0.15956   3.00258   0.05555  
  3 20613.2554 1032422.976088  x:  0.15893   3.63437   0.05910  
  4 324.7430 1032411.001738  x:  0.15439   3.62235   0.05918  
  5  0.0122 1032410.986997  x:  0.15436   3.61809   0.05931  
  6  0.0045 1032410.986326  x:  0.15436   3.61644   0.05929  
  7  0.0014 1032410.986325  x:  0.15436   3.61644   0.05929  

6 (And_tri) ... 3 (And_hae)
  0  0.0000 1029534.535472  x:  0.13455   3.35013   0.08819  
  1 99.0000 1029197.833498  x:  0.15310   3.35032   0.06632  
  2 23241.3611 1029152.139035  x:  0.14914   3.35041   0.05802  
  3 11458.5597 1029148.001906  x:  0.14904   3.49344   0.05869  
  4 59.3955 1029144.742340  x:  0.14697   3.48368   0.05992  
  5  0.0115 1029144.739112  x:  0.14694   3.48320   0.05985  
  6  0.0005 1029144.739109  x:  0.14694   3.48310   0.05985  
  7  0.0001 1029144.739109  x:  0.14694   3.48310   0.05985  

6 (And_tri) ... 4 (And_hat)
  0  0.0000 1010211.930814  x:  0.11025   3.21869   0.16983  
  1 99.0000 1008743.078842  x:  0.09664   3.22023   0.07313  
  2 22575.7461 1008576.743933  x:  0.10543   3.22049   0.05753  
  3 48648.5235 1008547.769106  x:  0.10650   3.63276   0.06123  
  4 148.6984 1008516.301925  x:  0.11045   3.47490   0.06659  
  5  0.3259 1008515.668028  x:  0.11106   3.48197   0.06562  
  6  0.0064 1008515.665947  x:  0.11105   3.47865   0.06558  
  7  0.0030 1008515.665943  x:  0.11105   3.47870   0.06558  

6 (And_tri) ... 5 (And_mar)
  0  0.0000 1008836.049016  x:  0.09815   3.02138   0.05423  
  1 99.0000 1008664.543077  x:  0.11126   3.02137   0.05833  
  2 26132.6899 1008658.153588  x:  0.11054   3.02137   0.06233  
  3 3304.2389 1008657.908689  x:  0.11053   3.05544   0.06248  
  4 14.5359 1008657.907700  x:  0.11051   3.05524   0.06243  
  5  0.0002 1008657.907699  x:  0.11051   3.05525   0.06243  
  6  0.0000 1008657.907699  x:  0.11051   3.05525   0.06243  

7 (Bom_pas) ... 1 (And_bic)
  0  0.0000 1260471.467334  x:  0.98508   2.84268   0.04951  
  1 99.0000 1260038.663942  x:  0.98614   2.84287   0.06056  
  2 85392.5701 1259787.785815  x:  1.08768   2.88187   0.05648  
  3 4965.7743 1258860.312793  x:  1.11871   4.03355   0.05919  
  4 2222.6792 1258842.368391  x:  1.14167   4.05579   0.05654  
  5  0.0240 1258841.882788  x:  1.14547   4.07939   0.05663  
  6  0.0157 1258841.874788  x:  1.14548   4.08193   0.05660  
  7  0.0019 1258841.874582  x:  1.14540   4.08213   0.05661  

7 (Bom_pas) ... 2 (And_ful)
  0  0.0000 1264291.778519  x:  1.22887   3.58290   0.07406  
  1 99.0000 1262854.592643  x:  1.22721   3.58317   0.05255  
  2 115477.5283 1262762.453265  x:  1.15800   3.61600   0.05672  
  3 2333.9701 1262492.230755  x:  1.22776   4.38445   0.05556  
  4 912.3188 1262485.251350  x:  1.21930   4.37485   0.05463  
  5  0.0166 1262485.178093  x:  1.21705   4.36881   0.05476  
  6  0.0058 1262485.177068  x:  1.21704   4.36734   0.05476  
  7  0.0012 1262485.177068  x:  1.21705   4.36735   0.05476  

7 (Bom_pas) ... 3 (And_hae)
  0  0.0000 1280098.909863  x:  1.27707   3.72779   0.17640  
  1 99.0000 1259517.184295  x:  1.25489   3.72946   0.05144  
  2 194762.6162 1259440.558892  x:  1.21836   3.73662   0.05718  
  3 4300.1587 1259309.324295  x:  1.25364   4.26175   0.05642  
  4 542.7849 1259103.309863  x:  1.14525   4.17575   0.05787  
  5  0.1677 1259101.434712  x:  1.15122   4.19926   0.05704  
  6  0.0238 1259101.412653  x:  1.15026   4.19957   0.05705  
  7  0.0012 1259101.412557  x:  1.15028   4.20000   0.05705  
  8  0.0004 1259101.412557  x:  1.15028   4.20001   0.05705  

7 (Bom_pas) ... 4 (And_hat)
  0  0.0000 1264093.294335  x:  1.09293   3.75178   0.11068  
  1 99.0000 1259132.269215  x:  1.08851   3.75219   0.05870  
  2 146071.2334 1259111.404209  x:  1.11545   3.75945   0.05618  
  3 1487.9540 1259014.675911  x:  1.13856   4.20606   0.05631  
  4 507.2622 1259007.322401  x:  1.14983   4.20795   0.05702  
  5  0.0194 1259007.155962  x:  1.15239   4.20848   0.05678  
  6  0.0024 1259007.155754  x:  1.15245   4.20916   0.05678  
  7  0.0006 1259007.155754  x:  1.15245   4.20917   0.05678  

7 (Bom_pas) ... 5 (And_mar)
  0  0.0000 1266027.907938  x:  1.23363   3.73437   0.11299  
  1 99.0000 1258498.093217  x:  1.22656   3.73492   0.05244  
  2 179827.5619 1258339.539362  x:  1.14397   3.74894   0.06039  
  3 3839.4587 1258285.776692  x:  1.16920   4.07422   0.05974  
  4 347.4858 1258206.427404  x:  1.12524   4.06227   0.05809  
  5  0.0728 1258205.278379  x:  1.13122   4.06624   0.05742  
  6  0.0082 1258205.277482  x:  1.13108   4.06520   0.05742  
  7  0.0010 1258205.277474  x:  1.13109   4.06512   0.05742  

7 (Bom_pas) ... 6 (And_tri)
  0  0.0000 1267242.254613  x:  1.13078   3.44105   0.13044  
  1 99.0000 1258069.250588  x:  1.12189   3.44194   0.05646  
  2 171515.3221 1258052.750226  x:  1.10187   3.46686   0.05897  
  3 1043.8836 1257840.603230  x:  1.15598   4.08108   0.05711  
  4 1553.9532 1257828.896284  x:  1.13931   4.08168   0.05648  
  5  0.0266 1257828.801915  x:  1.13773   4.08404   0.05666  
  6  0.0029 1257828.801700  x:  1.13781   4.08468   0.05666  
  7  0.0005 1257828.801699  x:  1.13781   4.08470   0.05666  