Supplemental results for CODEML (seqf: /home/yzliu/eDNA/faststorage/yzliu/DK_proj/data/ref_genome/ref_annotation/primary_transcripts/extracted_cds_new/new_transcript_id_8_bom_apis/bootstraps/cat.out.OG_cds_8_species_same_header_fas.shuf_211OG_560.phy  treef: xxx.trees)


pairwise comparison (Goldman & Yang 1994)
seq seq        N       S       dN       dS     dN/dS   Paras.
  2   1 178702.7  58813.3   0.0583   0.5958   0.0978   0.5741   3.9236   0.0978 -418503.753
  3   1 178651.3  58864.7   0.0597   0.6163   0.0968   0.5928   3.8848   0.0968 -420193.980
  3   2 174203.7  63312.3   0.0141   0.1135   0.1246   0.1219   4.9618   0.1246 -355830.466
  4   1 178942.7  58573.3   0.0581   0.6036   0.0962   0.5778   3.9318   0.0962 -418380.166
  4   2 173841.9  63674.1   0.0127   0.1015   0.1255   0.1096   5.5298   0.1255 -352447.829
  4   3 174739.3  62776.7   0.0085   0.0679   0.1257   0.0727   4.7460   0.1257 -343073.013
  5   1 178941.9  58574.1   0.0588   0.6087   0.0966   0.5833   3.9094   0.0966 -418988.546
  5   2 174060.7  63455.3   0.0140   0.1072   0.1305   0.1167   5.3151   0.1305 -354391.781
  5   3 174970.3  62545.7   0.0089   0.0676   0.1316   0.0731   4.5672   0.1316 -343317.018
  5   4 174108.0  63408.0   0.0081   0.0624   0.1293   0.0677   5.4776   0.1293 -341245.506
  6   1 178955.9  58560.1   0.0589   0.6123   0.0963   0.5861   3.9102   0.0963 -419156.004
  6   2 174087.7  63428.3   0.0144   0.1088   0.1324   0.1188   5.3038   0.1324 -354928.930
  6   3 174799.5  62716.5   0.0093   0.0689   0.1344   0.0750   4.6901   0.1344 -343837.508
  6   4 174003.2  63512.8   0.0087   0.0635   0.1371   0.0701   5.5806   0.1371 -342018.379
  6   5 173604.7  63911.3   0.0027   0.0204   0.1315   0.0224   5.9146   0.1315 -326176.863
  7   1 178952.4  58563.6   0.0597   0.6078   0.0982   0.5845   3.9174   0.0982 -419470.925
  7   2 174016.4  63499.6   0.0148   0.1103   0.1338   0.1209   5.3693   0.1338 -355529.727
  7   3 174722.9  62793.1   0.0096   0.0710   0.1354   0.0776   4.7480   0.1354 -344637.878
  7   4 174070.6  63445.4   0.0091   0.0655   0.1382   0.0724   5.5292   0.1382 -342817.953
  7   5 174209.8  63306.2   0.0087   0.0600   0.1449   0.0671   5.3788   0.1449 -341395.835
  7   6 174174.8  63341.2   0.0092   0.0609   0.1509   0.0689   5.4193   0.1509 -342025.067
  8   1 178880.9  58635.1   0.0589   0.6126   0.0961   0.5867   3.9165   0.0961 -419189.345
  8   2 173938.2  63577.8   0.0140   0.1072   0.1303   0.1168   5.3762   0.1303 -354433.622
  8   3 174820.2  62695.8   0.0089   0.0677   0.1318   0.0733   4.6362   0.1318 -343405.412
  8   4 173884.9  63631.1   0.0082   0.0629   0.1305   0.0686   5.6300   0.1305 -341559.626
  8   5 173930.1  63585.9   0.0024   0.0195   0.1233   0.0209   5.5576   0.1233 -325678.951
  8   6 173427.8  64088.2   0.0027   0.0215   0.1275   0.0234   6.0383   0.1275 -326611.476
  8   7 174026.1  63489.9   0.0087   0.0600   0.1443   0.0671   5.4932   0.1443 -341444.472

