

2 (And_ful) ... 1 (And_bic)
  0  0.0000 993966.576035  x:  0.14308   1.47473   0.43365  
  1 99.0000 988995.599052  x:  0.33049   1.54426   0.07302  
  2 36036.9676 988306.514816  x:  0.33371   1.54983   0.04102  
  3 251968.3531 980097.453813  x:  0.19181   6.39776   0.12923  
  4 5136.4998 978963.963885  x:  0.15087   5.94256   0.09320  
  5  0.2753 978424.667166  x:  0.15954   5.12796   0.05746  
  6  1.1264 978285.112655  x:  0.17407   4.73657   0.06249  
  7  0.3043 978164.749852  x:  0.17366   3.80883   0.05514  
  8  0.4772 978116.756155  x:  0.16723   3.61945   0.06136  
  9  0.1943 978115.075825  x:  0.16634   3.70327   0.06165  
 10  0.1285 978115.052654  x:  0.16620   3.69821   0.06151  
 11  0.0054 978115.052502  x:  0.16621   3.69827   0.06150  
 12  0.0001 978115.052502  x:  0.16621   3.69829   0.06150  

3 (And_hae) ... 1 (And_bic)
  0  0.0000 979680.654523  x:  0.15955   3.14043   0.18920  
  1 99.0000 977113.434927  x:  0.13647   3.14267   0.07302  
  2 31544.0487 976868.582660  x:  0.14848   3.14305   0.05559  
  3 42779.2761 976788.204352  x:  0.15142   3.74449   0.06098  
  4 290.8751 976722.114891  x:  0.15925   3.51911   0.06639  
  5  0.4411 976720.513082  x:  0.16035   3.52274   0.06486  
  6  0.0035 976720.507977  x:  0.16033   3.51779   0.06482  
  7  0.0045 976720.507952  x:  0.16032   3.51786   0.06482  

3 (And_hae) ... 2 (And_ful)
  0  0.0000 973970.693324  x:  0.15496   3.14651   0.12565  
  1 99.0000 973116.291338  x:  0.14338   3.14769   0.07028  
  2 24780.0225 973054.777515  x:  0.15195   3.14804   0.06340  
  3 14131.8097 972953.990241  x:  0.15330   3.86376   0.06907  
  4 316.4458 972953.760738  x:  0.15385   3.85589   0.06935  
  5  0.0110 972953.738866  x:  0.15394   3.85442   0.06913  
  6  0.0016 972953.738796  x:  0.15394   3.85375   0.06913  
  7  0.0005 972953.738796  x:  0.15394   3.85375   0.06913  

4 (And_hat) ... 1 (And_bic)
  0  0.0000 956805.878896  x:  0.10343   3.56165   0.14956  
  1 99.0000 956278.437472  x:  0.12997   3.56180   0.12960  
  2 34731.4781 955415.063884  x:  0.12877   3.56223   0.06434  
  3 31035.0500 955413.744167  x:  0.12880   3.47078   0.06362  
  4 25.8449 955374.584970  x:  0.12148   3.43773   0.06604  
  5  0.0326 955373.936844  x:  0.12129   3.45189   0.06483  
  6  0.0307 955373.936711  x:  0.12130   3.45162   0.06482  
  7  0.0003 955373.936711  x:  0.12130   3.45162   0.06482  
  8  0.0000 955373.936711  x:  0.12130   3.45162   0.06482  
  9  0.0000 955373.936711  x:  0.12130   3.45162   0.06482  
 10  0.1399 955373.936711  x:  0.12130   3.45162   0.06482  
 11  0.0530 955373.936711  x:  0.12130   3.45162   0.06482  
check convergence!


4 (And_hat) ... 2 (And_ful)
  0  0.0000 977509.060796  x:  0.15721   2.99223   0.19478  
  1 99.0000 974821.170193  x:  0.13140   2.99581   0.07366  
  2 31853.0245 974540.048296  x:  0.14275   2.99650   0.05437  
  3 51494.2428 974226.019603  x:  0.14915   4.23090   0.06558  
  4 605.3074 974175.862927  x:  0.15711   4.03169   0.06885  
  5  0.3167 974173.308339  x:  0.15783   3.99733   0.06647  
  6  0.0276 974173.290948  x:  0.15779   3.98667   0.06646  
  7  0.0079 974173.290793  x:  0.15777   3.98683   0.06646  
  8  0.0001 974173.290793  x:  0.15777   3.98683   0.06646  

4 (And_hat) ... 3 (And_hae)
  0  0.0000 975635.305941  x:  0.15949   3.65025   0.19662  
  1 99.0000 974149.177447  x:  0.12237   3.65131   0.12096  
  2 31211.6924 973252.503708  x:  0.13031   3.65205   0.06541  
  3 81354.9896 973213.756620  x:  0.13159   4.16905   0.06927  
  4 156.8386 972918.281313  x:  0.15198   3.82628   0.07255  
  5  0.3894 972913.190736  x:  0.15276   3.87944   0.06935  
  6  0.0857 972913.171439  x:  0.15295   3.88030   0.06939  
  7  0.0008 972913.171439  x:  0.15295   3.88032   0.06939  
  8  0.0000 972913.171439  x:  0.15295   3.88032   0.06939  
  9  0.0000 972913.171439  x:  0.15295   3.88032   0.06939  
 10  0.1734 972913.171439  x:  0.15295   3.88032   0.06939  
check convergence!


5 (And_mar) ... 1 (And_bic)
  0  0.0000 937480.761584  x:  0.08217   3.57676   0.09436  
  1 99.0000 937360.919616  x:  0.09269   3.57673   0.08921  
  2 21356.3758 937247.087045  x:  0.09189   3.57654   0.06598  
  3 10472.9923 937215.613567  x:  0.09199   3.09768   0.06336  
  4 120.2788 937214.869913  x:  0.09127   3.09033   0.06426  
  5  0.0077 937214.835303  x:  0.09117   3.09296   0.06399  
  6  0.0035 937214.835300  x:  0.09117   3.09290   0.06399  
  7  0.0001 937214.835300  x:  0.09117   3.09291   0.06399  
  8  0.0000 937214.835300  x:  0.09117   3.09291   0.06399  

5 (And_mar) ... 2 (And_ful)
  0  0.0000 979398.256569  x:  0.16118   3.02906   0.14478  
  1 99.0000 977748.783624  x:  0.15285   3.03073   0.06387  
  2 30155.9622 977694.564985  x:  0.16202   3.03105   0.05926  
  3 12303.6177 977610.258567  x:  0.16344   3.61560   0.06502  
  4 316.9959 977609.922465  x:  0.16323   3.62590   0.06429  
  5  0.0221 977609.910150  x:  0.16338   3.62743   0.06424  
  6  0.0014 977609.910126  x:  0.16338   3.62775   0.06425  
  7  0.0002 977609.910126  x:  0.16338   3.62776   0.06425  

5 (And_mar) ... 3 (And_hae)
  0  0.0000 976059.559800  x:  0.16216   3.25713   0.10831  
  1 99.0000 975604.000504  x:  0.14665   3.25751   0.07495  
  2 22341.7535 975543.476539  x:  0.15377   3.25765   0.06578  
  3 12937.7464 975535.245760  x:  0.15407   3.45823   0.06705  
  4 86.7541 975531.883971  x:  0.15580   3.43975   0.06878  
  5  0.0259 975531.855441  x:  0.15595   3.43795   0.06856  
  6  0.0018 975531.855432  x:  0.15595   3.43778   0.06856  
  7  0.0002 975531.855432  x:  0.15595   3.43778   0.06856  

5 (And_mar) ... 4 (And_hat)
  0  0.0000 953303.078130  x:  0.10870   2.97489   0.06169  
  1 99.0000 953249.678045  x:  0.11652   2.97497   0.06430  
  2 13272.5412 953247.451964  x:  0.11605   2.97516   0.06680  
  3 1822.1327 953224.559742  x:  0.11599   3.32260   0.06850  
  4 141.8592 953224.556771  x:  0.11603   3.32114   0.06843  
  5  0.0014 953224.556767  x:  0.11603   3.32100   0.06843  
  6  0.0001 953224.556767  x:  0.11603   3.32100   0.06843  
  7  0.0000 953224.556767  x:  0.11603   3.32100   0.06843  
  8  0.0981 953224.556767  x:  0.11603   3.32100   0.06843  
check convergence!


6 (And_tri) ... 1 (And_bic)
  0  0.0000 954437.247708  x:  0.10520   3.17889   0.17478  
  1 99.0000 953576.129146  x:  0.13987   3.17944   0.11831  
  2 27464.9560 952639.402742  x:  0.13715   3.17996   0.05573  
  3 72677.3894 952627.329136  x:  0.13682   2.92940   0.05380  
  4  6.0686 952339.861252  x:  0.11668   2.95626   0.06019  
  5  0.5516 952337.062631  x:  0.11629   2.99871   0.05801  
  6  0.0901 952337.041713  x:  0.11634   3.00766   0.05811  
  7  0.0098 952337.041665  x:  0.11634   3.00782   0.05811  
  8  0.0002 952337.041665  x:  0.11634   3.00783   0.05811  
  9  0.0000 952337.041665  x:  0.11634   3.00783   0.05811  

6 (And_tri) ... 2 (And_ful)
  0  0.0000 975040.426540  x:  0.13169   2.85392   0.12345  
  1 99.0000 973927.766875  x:  0.17419   2.85492   0.08277  
  2 40507.6877 973542.340676  x:  0.16948   2.85566   0.05421  
  3 33597.5627 973384.095468  x:  0.16793   3.69076   0.06003  
  4 437.0006 973321.723552  x:  0.15698   3.65249   0.05941  
  5  0.0379 973321.458004  x:  0.15691   3.63398   0.05999  
  6  0.0208 973321.435273  x:  0.15694   3.62406   0.05986  
  7  0.0080 973321.435266  x:  0.15694   3.62405   0.05986  
  8  0.0000 973321.435266  x:  0.15694   3.62405   0.05985  

6 (And_tri) ... 3 (And_hae)
  0  0.0000 972942.931831  x:  0.13750   3.15325   0.11560  
  1 99.0000 972222.214888  x:  0.16425   3.15384   0.07259  
  2 27064.4333 972106.472930  x:  0.15720   3.15408   0.05828  
  3 19848.8747 972083.218571  x:  0.15656   3.49441   0.06035  
  4 147.5821 972063.067703  x:  0.15138   3.44294   0.06378  
  5  0.0685 972063.055914  x:  0.15137   3.43526   0.06373  
  6  0.0069 972063.055901  x:  0.15137   3.43524   0.06373  
  7  0.0000 972063.055901  x:  0.15137   3.43524   0.06373  

6 (And_tri) ... 4 (And_hat)
  0  0.0000 951162.323497  x:  0.11677   2.96134   0.05461  
  1 99.0000 951145.455554  x:  0.11353   2.96148   0.05948  
  2 5912.5951 951144.330080  x:  0.11443   2.96162   0.06053  
  3 1758.6045 951111.725281  x:  0.11444   3.38544   0.06235  
  4 168.7354 951111.719854  x:  0.11437   3.38349   0.06239  
  5  0.0018 951111.719821  x:  0.11437   3.38317   0.06239  
  6  0.0003 951111.719821  x:  0.11437   3.38315   0.06239  
  7  0.0000 951111.719821  x:  0.11437   3.38315   0.06239  
  8  0.0000 951111.719821  x:  0.11437   3.38315   0.06239  
  9  0.1141 951111.719821  x:  0.11437   3.38315   0.06239  
 10  0.0072 951111.719821  x:  0.11437   3.38315   0.06239  
 11  0.0031 951111.719821  x:  0.11437   3.38315   0.06239  
check convergence!


6 (And_tri) ... 5 (And_mar)
  0  0.0000 950944.229088  x:  0.09818   2.95226   0.08272  
  1 99.0000 950731.767393  x:  0.11369   2.95229   0.07639  
  2 26734.2580 950662.230637  x:  0.11278   2.95234   0.06131  
  3 9582.0127 950661.702690  x:  0.11280   2.90425   0.06103  
  4 21.3273 950661.256156  x:  0.11212   2.90194   0.06153  
  5  0.0023 950661.249186  x:  0.11208   2.90233   0.06141  
  6  0.0005 950661.249185  x:  0.11208   2.90235   0.06141  

7 (Bom_pas) ... 1 (And_bic)
  0  0.0000 1192455.171783  x:  1.11925   2.63970   0.07921  
  1 99.0000 1191090.050358  x:  1.11730   2.64039   0.05623  
  2 102370.1075 1190860.658127  x:  1.02987   2.75690   0.06281  
  3 3033.8020 1189813.651346  x:  1.17984   3.92021   0.06032  
  4 4446.7770 1189777.016030  x:  1.16313   3.95954   0.05816  
  5  0.0495 1189774.102550  x:  1.15434   3.99001   0.05904  
  6  0.0268 1189774.056009  x:  1.15561   3.99930   0.05899  
  7  0.0053 1189774.055983  x:  1.15561   3.99929   0.05899  
  8  0.0000 1189774.055983  x:  1.15561   3.99929   0.05899  

7 (Bom_pas) ... 2 (And_ful)
  0  0.0000 1203568.562426  x:  1.17078   3.46116   0.14013  
  1 99.0000 1193676.150729  x:  1.16120   3.46225   0.05775  
  2 164719.4811 1193639.051274  x:  1.19533   3.52904   0.05422  
  3 974.9875 1193350.276826  x:  1.21228   4.24080   0.05787  
  4 4608.1918 1193345.482335  x:  1.23205   4.26715   0.05702  
  5  0.0327 1193345.066098  x:  1.23215   4.27812   0.05672  
  6  0.0131 1193345.057004  x:  1.23219   4.28232   0.05674  
  7  0.0034 1193345.056991  x:  1.23223   4.28238   0.05674  
  8  0.0001 1193345.056991  x:  1.23223   4.28238   0.05674  

7 (Bom_pas) ... 3 (And_hae)
  0  0.0000 1190512.661357  x:  1.13204   3.56123   0.06783  
  1 99.0000 1190316.469309  x:  1.13150   3.56137   0.05943  
  2 44099.2947 1190299.169229  x:  1.10511   3.60040   0.06103  
  3 722.9254 1190174.166552  x:  1.15784   4.08472   0.05979  
  4 1315.6075 1190173.892491  x:  1.15546   4.08807   0.05969  
  5  0.0042 1190173.886891  x:  1.15509   4.08888   0.05973  
  6  0.0009 1190173.886890  x:  1.15510   4.08892   0.05973  
  7  0.0000 1190173.886890  x:  1.15510   4.08892   0.05973  

7 (Bom_pas) ... 4 (And_hat)
  0  0.0000 1212013.105140  x:  1.38050   3.41247   0.17188  
  1 99.0000 1190997.962056  x:  1.35859   3.41462   0.04889  
  2 199142.1353 1190820.549172  x:  1.29646   3.42904   0.05820  
  3 6109.7704 1190504.834747  x:  1.36329   4.23738   0.05677  
  4 891.6702 1189928.019952  x:  1.15741   4.07132   0.06088  
  5  0.2861 1189914.537077  x:  1.17505   4.14654   0.05857  
  6  0.0711 1189914.033261  x:  1.17022   4.14699   0.05860  
  7  0.0065 1189914.031139  x:  1.17024   4.14884   0.05861  
  8  0.0014 1189914.031128  x:  1.17026   4.14894   0.05861  
  9  0.0001 1189914.031128  x:  1.17026   4.14894   0.05861  

7 (Bom_pas) ... 5 (And_mar)
  0  0.0000 1206101.171799  x:  1.13723   3.72693   0.19059  
  1 99.0000 1189311.183744  x:  1.11481   3.72838   0.06036  
  2 156884.7090 1189310.271098  x:  1.11858   3.73085   0.05972  
  3 393.1583 1189285.381111  x:  1.13034   3.95660   0.05988  
  4 350.2919 1189283.854878  x:  1.13847   3.95702   0.05984  
  5  0.0114 1189283.850250  x:  1.13866   3.95645   0.05979  
  6  0.0006 1189283.850250  x:  1.13867   3.95645   0.05979  

7 (Bom_pas) ... 6 (And_tri)
  0  0.0000 1200890.130840  x:  1.26939   3.44281   0.13720  
  1 99.0000 1189227.825060  x:  1.25742   3.44394   0.05256  
  2 182900.7653 1189062.551181  x:  1.18039   3.46190   0.06175  
  3 4414.8122 1188896.964935  x:  1.22658   4.02145   0.06069  
  4 652.2861 1188717.885093  x:  1.14052   3.99538   0.06006  
  5  0.1328 1188714.659809  x:  1.15030   4.01304   0.05887  
  6  0.0223 1188714.640251  x:  1.14959   4.01414   0.05886  
  7  0.0014 1188714.640077  x:  1.14961   4.01471   0.05886  
  8  0.0005 1188714.640077  x:  1.14961   4.01472   0.05886  