

2 (Bom_con) ... 1 (Apis_mel)
  0  0.0000 830219.288109  x:  0.53905   1.59865   0.39520  
  1 99.0000 816854.029404  x:  0.43550   1.64903   0.10718  
  2 51812.9457 816463.736500  x:  0.46020   1.65910   0.08512  
  3 24723.1589 812166.075634  x:  0.55198   3.45939   0.12339  
  4 7209.0054 811935.063932  x:  0.53382   3.67226   0.10696  
  5  0.1679 811867.410058  x:  0.56319   3.78775   0.09983  
  6  0.0852 811856.195240  x:  0.56674   3.88645   0.10357  
  7  0.0564 811852.354979  x:  0.56502   3.97205   0.10264  
  8  0.0575 811852.345216  x:  0.56508   3.97291   0.10276  
  9  0.0008 811852.345209  x:  0.56507   3.97301   0.10276  
 10  0.0001 811852.345209  x:  0.56507   3.97300   0.10276  
 11  0.0000 811852.345209  x:  0.56507   3.97300   0.10276  
 12  0.0000 811852.345209  x:  0.56507   3.97300   0.10276  
check convergence!


3 (Bom_hor) ... 1 (Apis_mel)
  0  0.0000 813412.380453  x:  0.50602   3.48850   0.09750  
  1 99.0000 813273.984600  x:  0.51940   3.48881   0.11113  
  2 15224.9686 813079.546020  x:  0.56885   3.49091   0.09915  
  3 10604.0099 812984.291704  x:  0.57433   4.00736   0.10064  
  4 398.0633 812983.976241  x:  0.57664   4.00840   0.10031  
  5  0.0021 812983.975632  x:  0.57663   4.00860   0.10034  
  6  0.0002 812983.975631  x:  0.57663   4.00864   0.10034  
  7  0.0000 812983.975631  x:  0.57663   4.00864   0.10034  
  8  0.0000 812983.975631  x:  0.57663   4.00864   0.10034  

3 (Bom_hor) ... 2 (Bom_con)
  0  0.0000 690091.088541  x:  0.11840   3.50672   0.22509  
  1 99.0000 689672.393761  x:  0.10395   3.50987   0.15029  
  2 9625.9667 689517.510340  x:  0.11314   3.51137   0.11770  
  3 42773.4150 689326.623831  x:  0.11520   5.08921   0.13352  
  4 301.3408 689316.887810  x:  0.11918   5.02462   0.13545  
  5  0.0768 689316.474314  x:  0.11935   5.00742   0.13331  
  6  0.0173 689316.463757  x:  0.11933   4.99345   0.13330  
  7  0.0084 689316.463738  x:  0.11933   4.99346   0.13331  

4 (Bom_hyp) ... 1 (Apis_mel)
  0  0.0000 811229.598980  x:  0.47486   4.27064   0.11430  
  1 99.0000 810574.850224  x:  0.56719   4.26889   0.09568  
  2 15116.3695 810561.062560  x:  0.56998   4.26872   0.10003  
  3 6316.7653 810539.996493  x:  0.56754   4.00226   0.09950  
  4 150.3109 810539.978821  x:  0.56723   3.99701   0.09943  
  5  0.0052 810539.978598  x:  0.56719   3.99753   0.09943  
  6  0.0005 810539.978594  x:  0.56718   3.99749   0.09943  

4 (Bom_hyp) ... 2 (Bom_con)
  0  0.0000 685661.415587  x:  0.11440   3.59403   0.19835  
  1 99.0000 685551.072740  x:  0.10290   3.59475   0.18089  
  2 9802.0740 685283.486038  x:  0.10805   3.59728   0.12177  
  3 19984.6365 685130.266541  x:  0.10874   5.07288   0.13573  
  4 255.8744 685122.926830  x:  0.11139   5.07902   0.12939  
  5  0.0103 685122.774732  x:  0.11172   5.07782   0.13031  
  6  0.0019 685122.774427  x:  0.11173   5.07795   0.13027  
  7  0.0001 685122.774426  x:  0.11173   5.07802   0.13027  

4 (Bom_hyp) ... 3 (Bom_hor)
  0  0.0000 662578.875131  x:  0.05988   4.07924   0.18177  
  1 99.0000 662506.108587  x:  0.06797   4.07931   0.17975  
  2 18272.0764 662349.892203  x:  0.06815   4.08119   0.12105  
  3 4785.2361 662289.447756  x:  0.06802   5.38635   0.13138  
  4 108.8000 662288.162450  x:  0.06799   5.40781   0.12678  
  5  0.0315 662288.152053  x:  0.06794   5.42539   0.12683  
  6  0.0117 662288.151804  x:  0.06795   5.42689   0.12686  
  7  0.0012 662288.151803  x:  0.06795   5.42694   0.12686  
  8  0.0000 662288.151802  x:  0.06795   5.42694   0.12686  

5 (Bom_mus) ... 1 (Apis_mel)
  0  0.0000 813526.638997  x:  0.49031   4.51688   0.17152  
  1 99.0000 812165.122046  x:  0.50558   4.51643   0.10699  
  2 33115.3518 811790.475729  x:  0.58071   4.51392   0.09980  
  3 11894.9167 811724.637476  x:  0.57577   4.02155   0.09819  
  4 251.2659 811723.162659  x:  0.57476   4.01398   0.09982  
  5  0.0167 811723.086511  x:  0.57371   4.01561   0.09986  
  6  0.0017 811723.086417  x:  0.57369   4.01507   0.09986  
  7  0.0006 811723.086416  x:  0.57369   4.01507   0.09986  

5 (Bom_mus) ... 2 (Bom_con)
  0  0.0000 688919.628436  x:  0.12546   3.57557   0.19463  
  1 99.0000 688806.867753  x:  0.11205   3.57608   0.18368  
  2 12543.3279 688566.938596  x:  0.11598   3.57889   0.12718  
  3 10893.1780 688382.273067  x:  0.11647   5.16518   0.14229  
  4 290.6686 688376.954494  x:  0.11798   5.17965   0.13539  
  5  0.0200 688376.875589  x:  0.11832   5.18632   0.13573  
  6  0.0071 688376.873423  x:  0.11832   5.19250   0.13569  
  7  0.0036 688376.873336  x:  0.11832   5.19300   0.13572  

5 (Bom_mus) ... 3 (Bom_hor)
  0  0.0000 663479.127835  x:  0.06708   4.23019   0.14039  
  1 99.0000 663473.739314  x:  0.06938   4.23022   0.14000  
  2 4684.8834 663470.746268  x:  0.06940   4.23088   0.13311  
  3 808.1936 663444.295708  x:  0.06933   5.08328   0.13814  
  4 70.3188 663444.190426  x:  0.06934   5.07857   0.13673  
  5  0.0050 663444.190405  x:  0.06934   5.07818   0.13671  

5 (Bom_mus) ... 4 (Bom_hyp)
  0  0.0000 663093.688915  x:  0.05421   4.21685   0.10341  
  1 99.0000 662807.070281  x:  0.06989   4.21689   0.10498  
  2 39867.0258 662776.036810  x:  0.06950   4.21744   0.12593  
  3 3250.6153 662721.481254  x:  0.06938   5.51475   0.13149  
  4 99.7044 662721.473651  x:  0.06935   5.50260   0.13123  
  5  0.0085 662721.473598  x:  0.06935   5.50150   0.13124  

6 (Bom_pas) ... 1 (Apis_mel)
  0  0.0000 816098.342610  x:  0.48840   4.65344   0.22827  
  1 99.0000 812704.261449  x:  0.50270   4.65291   0.10936  
  2 40598.1997 812283.353850  x:  0.58112   4.65005   0.09640  
  3 12321.6270 812189.157656  x:  0.57434   4.04652   0.09395  
  4 290.1040 812162.043095  x:  0.57593   3.99590   0.09997  
  5  0.1825 812161.896455  x:  0.57554   4.01542   0.10016  
  6  0.0229 812161.890796  x:  0.57525   4.01349   0.10020  
  7  0.0018 812161.890794  x:  0.57525   4.01347   0.10020  

6 (Bom_pas) ... 2 (Bom_con)
  0  0.0000 690006.482802  x:  0.11545   3.52000   0.18159  
  1 99.0000 689923.828534  x:  0.12721   3.52108   0.16266  
  2 7631.0340 689809.200453  x:  0.12321   3.52320   0.12809  
  3 15485.1553 689606.933442  x:  0.12237   5.15182   0.14266  
  4 311.0449 689603.366096  x:  0.12047   5.15364   0.13876  
  5  0.0051 689603.363755  x:  0.12042   5.15635   0.13887  
  6  0.0026 689603.363482  x:  0.12042   5.15850   0.13886  
  7  0.0013 689603.363481  x:  0.12043   5.15852   0.13886  

6 (Bom_pas) ... 3 (Bom_hor)
  0  0.0000 665181.843979  x:  0.07127   4.40627   0.25349  
  1 99.0000 665097.422193  x:  0.06329   4.40683   0.22650  
  2 5752.9853 664790.554913  x:  0.06663   4.40872   0.13537  
  3 53896.1474 664766.439025  x:  0.06692   5.23301   0.14287  
  4 64.1253 664745.729577  x:  0.07145   5.17667   0.14120  
  5  0.0562 664745.725729  x:  0.07144   5.16748   0.14132  
  6  0.0095 664745.725209  x:  0.07144   5.16502   0.14123  
  7  0.0032 664745.725209  x:  0.07144   5.16502   0.14123  

6 (Bom_pas) ... 4 (Bom_hyp)
  0  0.0000 664888.827191  x:  0.05650   4.28727   0.20787  
  1 99.0000 664635.323856  x:  0.07146   4.28732   0.20603  
  2 36787.7844 664433.736963  x:  0.07179   4.28946   0.13425  
  3 4741.0458 664380.587519  x:  0.07171   5.54080   0.14473  
  4 99.4218 664379.341631  x:  0.07175   5.55819   0.13993  
  5  0.0277 664379.338920  x:  0.07176   5.56817   0.13992  
  6  0.0065 664379.338888  x:  0.07176   5.56849   0.13995  
  7  0.0003 664379.338888  x:  0.07176   5.56849   0.13995  

6 (Bom_pas) ... 5 (Bom_mus)
  0  0.0000 633108.981856  x:  0.02087   4.52380   0.23354  
  1 99.0000 633098.619401  x:  0.02275   4.52381   0.23326  
  2 12143.6305 632986.786150  x:  0.02285   4.52653   0.13391  
  3 1811.6016 632967.014551  x:  0.02279   5.96049   0.14686  
  4 32.4510 632966.123674  x:  0.02273   6.00659   0.13984  
  5  0.0800 632966.106952  x:  0.02267   6.03000   0.14006  
  6  0.0196 632966.106216  x:  0.02267   6.03993   0.14009  
  7  0.0072 632966.106207  x:  0.02268   6.03916   0.14009  
  8  0.0007 632966.106206  x:  0.02268   6.03915   0.14009  
  9  0.0018 632966.106203  x:  0.02268   6.03915   0.14009  

7 (Bom_syl) ... 1 (Apis_mel)
  0  0.0000 816058.899368  x:  0.47724   4.75395   0.22818  
  1 99.0000 812758.404937  x:  0.49916   4.75322   0.11021  
  2 39612.9777 812298.340722  x:  0.58292   4.75005   0.10003  
  3 13062.9336 812168.241958  x:  0.57587   4.03744   0.09699  
  4 335.8058 812157.353838  x:  0.57486   4.00452   0.10116  
  5  0.1145 812156.959451  x:  0.57274   4.01934   0.10143  
  6  0.0136 812156.950448  x:  0.57251   4.01446   0.10143  
  7  0.0060 812156.950443  x:  0.57251   4.01445   0.10144  
  8  0.0000 812156.950443  x:  0.57251   4.01445   0.10144  

7 (Bom_syl) ... 2 (Bom_con)
  0  0.0000 691054.159500  x:  0.12809   3.57846   0.08445  
  1 99.0000 690737.545211  x:  0.11769   3.57905   0.12669  
  2 16862.9077 690723.612812  x:  0.12247   3.57936   0.12960  
  3 5560.0133 690535.050516  x:  0.12293   5.17427   0.13625  
  4 295.6160 690533.545540  x:  0.12203   5.17560   0.13997  
  5  0.0022 690533.524126  x:  0.12221   5.17323   0.14010  
  6  0.0022 690533.523917  x:  0.12221   5.17143   0.14011  
  7  0.0011 690533.523908  x:  0.12221   5.17123   0.14010  
  8  0.0002 690533.523908  x:  0.12221   5.17123   0.14010  
  9  0.0000 690533.523908  x:  0.12221   5.17123   0.14010  
 10  0.0000 690533.523908  x:  0.12221   5.17123   0.14010  
check convergence!


7 (Bom_syl) ... 3 (Bom_hor)
  0  0.0000 664859.117048  x:  0.06330   4.23152   0.19438  
  1 99.0000 664783.804337  x:  0.07177   4.23159   0.19229  
  2 18087.7015 664625.617419  x:  0.07196   4.23355   0.13124  
  3 4666.3302 664567.180517  x:  0.07184   5.54255   0.14174  
  4 105.4705 664566.005999  x:  0.07182   5.55600   0.13715  
  5  0.0204 664566.002851  x:  0.07177   5.56328   0.13715  
  6  0.0055 664566.002751  x:  0.07178   5.56477   0.13717  
  7  0.0011 664566.002750  x:  0.07178   5.56480   0.13717  

7 (Bom_syl) ... 4 (Bom_hyp)
  0  0.0000 664020.785389  x:  0.05561   4.58271   0.15882  
  1 99.0000 663747.735182  x:  0.07100   4.58276   0.15786  
  2 38667.3879 663707.099664  x:  0.07118   4.58387   0.12970  
  3 2649.0204 663655.456186  x:  0.07110   5.94007   0.13753  
  4 88.9454 663655.067660  x:  0.07116   5.94662   0.13491  
  5  0.0082 663655.065946  x:  0.07119   5.95366   0.13492  
  6  0.0048 663655.065926  x:  0.07119   5.95420   0.13494  
  7  0.0004 663655.065926  x:  0.07118   5.95424   0.13493  
  8  0.0000 663655.065926  x:  0.07118   5.95427   0.13493  
  9  0.0000 663655.065926  x:  0.07118   5.95427   0.13493  
check convergence!


7 (Bom_syl) ... 5 (Bom_mus)
  0  0.0000 661494.002887  x:  0.05459   4.66346   0.11185  
  1 99.0000 661318.422318  x:  0.06676   4.66348   0.11355  
  2 30702.2439 661275.129961  x:  0.06604   4.66399   0.15053  
  3 3704.2814 661244.092824  x:  0.06595   5.71935   0.15491  
  4 65.9611 661240.968438  x:  0.06615   5.71834   0.14708  
  5  0.0061 661240.943946  x:  0.06613   5.72528   0.14640  
  6  0.0072 661240.943523  x:  0.06612   5.72910   0.14643  
  7  0.0029 661240.943521  x:  0.06613   5.72919   0.14643  

7 (Bom_syl) ... 6 (Bom_pas)
  0  0.0000 662799.470709  x:  0.07089   4.75309   0.12621  
  1 99.0000 662789.768245  x:  0.06780   4.75312   0.12798  
  2 5353.2013 662763.982377  x:  0.06841   4.75354   0.14987  
  3 3246.5088 662738.118742  x:  0.06837   5.73906   0.15418  
  4 59.5744 662738.082046  x:  0.06819   5.72841   0.15435  
  5  0.0105 662738.081458  x:  0.06820   5.72427   0.15440  
  6  0.0031 662738.081456  x:  0.06820   5.72430   0.15439  
  7  0.0001 662738.081456  x:  0.06820   5.72429   0.15439  
  8  0.0000 662738.081456  x:  0.06820   5.72429   0.15439  
check convergence!


8 (Bom_vet) ... 1 (Apis_mel)
  0  0.0000 814988.243333  x:  0.52251   4.55298   0.20670  
  1 99.0000 812294.732781  x:  0.52028   4.55271   0.10803  
  2 40724.8673 812071.210946  x:  0.57475   4.55037   0.09544  
  3 8626.3271 812003.409490  x:  0.56852   4.05556   0.09392  
  4 249.9441 811971.128461  x:  0.57446   4.01421   0.09988  
  5  0.1191 811971.082900  x:  0.57523   4.02209   0.09978  
  6  0.0079 811971.081515  x:  0.57529   4.02049   0.09975  
  7  0.0017 811971.081511  x:  0.57529   4.02051   0.09975  

8 (Bom_vet) ... 2 (Bom_con)
  0  0.0000 689017.429012  x:  0.10980   3.65811   0.07834  
  1 99.0000 688680.041545  x:  0.12722   3.65839   0.10579  
  2 22621.3169 688591.016537  x:  0.11654   3.65889   0.12181  
  3 10984.2691 688420.873523  x:  0.11598   5.23723   0.12782  
  4 267.4482 688411.963089  x:  0.11892   5.24885   0.13414  
  5  0.0085 688411.466457  x:  0.11817   5.24758   0.13575  
  6  0.0018 688411.465206  x:  0.11820   5.24587   0.13582  
  7  0.0015 688411.465145  x:  0.11820   5.24479   0.13581  
  8  0.0006 688411.465145  x:  0.11820   5.24478   0.13581  
  9  0.0000 688411.465144  x:  0.11820   5.24478   0.13581  

8 (Bom_vet) ... 3 (Bom_hor)
  0  0.0000 663841.639909  x:  0.05482   4.27226   0.24125  
  1 99.0000 663626.493886  x:  0.06831   4.27231   0.23920  
  2 34273.4566 663271.609307  x:  0.06871   4.27470   0.13421  
  3 5400.2401 663246.432387  x:  0.06866   5.09796   0.14237  
  4 68.0438 663245.514227  x:  0.06869   5.12064   0.13836  
  5  0.0452 663245.511373  x:  0.06872   5.12805   0.13826  
  6  0.0061 663245.511305  x:  0.06872   5.12881   0.13830  
  7  0.0007 663245.511304  x:  0.06872   5.12881   0.13830  

8 (Bom_vet) ... 4 (Bom_hyp)
  0  0.0000 663047.817712  x:  0.07151   4.26789   0.10760  
  1 99.0000 663038.702617  x:  0.06856   4.26796   0.11027  
  2 4502.6731 663015.703794  x:  0.06978   4.26851   0.12777  
  3 4511.2039 662959.743956  x:  0.06973   5.60733   0.13360  
  4 99.5460 662959.641963  x:  0.06942   5.59734   0.13375  
  5  0.0098 662959.640868  x:  0.06942   5.59124   0.13379  
  6  0.0039 662959.640864  x:  0.06942   5.59108   0.13378  
  7  0.0001 662959.640863  x:  0.06942   5.59111   0.13378  
  8  0.0000 662959.640863  x:  0.06942   5.59111   0.13378  
check convergence!


8 (Bom_vet) ... 5 (Bom_mus)
  0  0.0000 631028.006621  x:  0.02080   4.58308   0.23031  
  1 99.0000 631024.797007  x:  0.01991   4.58309   0.23003  
  2 6405.1121 630879.274263  x:  0.02006   4.58567   0.11569  
  3 2099.7119 630863.929292  x:  0.02002   5.93046   0.12740  
  4 26.4981 630862.981882  x:  0.02003   5.99219   0.12086  
  5  0.1307 630862.968545  x:  0.02005   6.03250   0.12055  
  6  0.0300 630862.967705  x:  0.02004   6.03896   0.12074  
  7  0.0056 630862.967704  x:  0.02004   6.03909   0.12074  
  8  0.0001 630862.967704  x:  0.02004   6.03909   0.12074  
check convergence!


8 (Bom_vet) ... 6 (Bom_pas)
  0  0.0000 632619.544704  x:  0.02110   4.82785   0.13978  
  1 99.0000 632615.681998  x:  0.02222   4.82785   0.13974  
  2 7375.2466 632614.701406  x:  0.02224   4.82868   0.13235  
  3 256.4390 632597.213809  x:  0.02217   6.34996   0.13992  
  4 27.5470 632597.156899  x:  0.02213   6.34699   0.13819  
  5  0.0034 632597.156885  x:  0.02213   6.34687   0.13818  
  6  0.0001 632597.156881  x:  0.02213   6.34687   0.13818  
  7  0.0018 632597.156878  x:  0.02213   6.34687   0.13818  

8 (Bom_vet) ... 7 (Bom_syl)
  0  0.0000 661486.932125  x:  0.05673   5.04741   0.20307  
  1 99.0000 661394.101892  x:  0.06562   5.04743   0.20172  
  2 21788.2994 661285.434481  x:  0.06584   5.04845   0.14548  
  3 3430.6698 661272.373995  x:  0.06580   5.77835   0.15017  
  4 38.7825 661272.249159  x:  0.06581   5.78374   0.14852  
  5  0.0082 661272.249048  x:  0.06581   5.78599   0.14852  
  6  0.0018 661272.249046  x:  0.06581   5.78601   0.14852  
  7  0.0000 661272.249046  x:  0.06581   5.78600   0.14852  