Supplemental results for CODEML (seqf: /home/yzliu/eDNA/faststorage/yzliu/DK_proj/data/ref_genome/ref_annotation/primary_transcripts/extracted_cds_new/new_transcript_id_7_and_pas/bootstraps/cat.out.OG_cds_7_species_same_header_fas.shuf_537OG_864.phy  treef: xxx.trees)


pairwise comparison (Goldman & Yang 1994)
seq seq        N       S       dN       dS     dN/dS   Paras.
  2   1 456280.3 176860.7   0.0108   0.1638   0.0658   0.1605   3.5999   0.0658 -977910.655
  3   1 455924.3 177216.7   0.0106   0.1551   0.0686   0.1532   3.4843   0.0686 -975327.842
  3   2 454278.6 178862.4   0.0104   0.1475   0.0708   0.1474   3.9815   0.0708 -971016.660
  4   1 456401.5 176739.5   0.0084   0.1177   0.0715   0.1167   3.4332   0.0715 -955100.329
  4   2 454616.6 178524.4   0.0106   0.1539   0.0688   0.1529   3.9489   0.0688 -973537.757
  4   3 453345.4 179795.6   0.0107   0.1466   0.0727   0.1478   3.9475   0.0727 -971974.114
  5   1 458266.6 174874.4   0.0063   0.0905   0.0695   0.0886   3.1303   0.0695 -937451.932
  5   2 455957.3 177183.7   0.0112   0.1619   0.0691   0.1601   3.6373   0.0691 -978386.875
  5   3 455554.1 177586.9   0.0110   0.1522   0.0724   0.1518   3.5283   0.0724 -975328.112
  5   4 456314.1 176826.9   0.0086   0.1144   0.0752   0.1144   3.4371   0.0752 -954269.296
  6   1 460343.7 172797.3   0.0074   0.1177   0.0629   0.1125   2.8885   0.0629 -952599.706
  6   2 456863.8 176277.2   0.0100   0.1560   0.0642   0.1519   3.5047   0.0642 -973437.498
  6   3 456435.0 176706.0   0.0101   0.1483   0.0678   0.1460   3.4046   0.0678 -971616.174
  6   4 457144.0 175997.0   0.0079   0.1133   0.0701   0.1117   3.3243   0.0701 -952098.836
  6   5 460234.9 172906.1   0.0078   0.1144   0.0684   0.1108   2.8945   0.0684 -952388.150
  7   1 452739.1 180401.9   0.0689   1.1270   0.0612   1.1112   3.9108   0.0612 -1191015.592
  7   2 449754.3 183386.7   0.0701   1.1955   0.0586   1.1882   4.2136   0.0586 -1194534.200
  7   3 451544.3 181596.7   0.0696   1.1292   0.0616   1.1204   4.0546   0.0616 -1191620.369
  7   4 451239.6 181901.4   0.0692   1.1393   0.0607   1.1299   4.0838   0.0607 -1191367.064
  7   5 452701.1 180439.9   0.0692   1.1202   0.0618   1.1063   3.9305   0.0618 -1191035.087
  7   6 452775.5 180365.5   0.0685   1.1236   0.0610   1.1073   3.9097   0.0610 -1190355.084

