

2 (Bom_con) ... 1 (Apis_mel)
  0  0.0000 436176.273816  x:  0.50832   1.49673   0.41434  
  1 99.0000 428190.793562  x:  0.42547   1.55942   0.09865  
  2 26887.8345 427963.772555  x:  0.45184   1.57033   0.07751  
  3 14596.7494 425433.715127  x:  0.56244   3.24954   0.11679  
  4 4554.0289 425250.037627  x:  0.52701   3.55175   0.10291  
  5  0.2804 425175.664425  x:  0.56580   3.77576   0.09193  
  6  0.1255 425164.748238  x:  0.57198   3.90436   0.09656  
  7  0.0721 425161.334783  x:  0.56936   4.01823   0.09556  
  8  0.0721 425161.314559  x:  0.56930   4.01932   0.09581  
  9  0.0010 425161.314499  x:  0.56926   4.01946   0.09581  
 10  0.0001 425161.314499  x:  0.56926   4.01944   0.09581  

3 (Bom_hor) ... 1 (Apis_mel)
  0  0.0000 427587.312748  x:  0.49833   3.49026   0.18509  
  1 99.0000 426245.887523  x:  0.50543   3.49157   0.09784  
  2 22990.7864 426060.589447  x:  0.57588   3.49373   0.08640  
  3 5859.7320 425996.014997  x:  0.58395   4.08610   0.08985  
  4 236.4433 425993.534005  x:  0.58610   4.06404   0.09204  
  5  0.0557 425993.392586  x:  0.58807   4.06059   0.09157  
  6  0.0031 425993.392529  x:  0.58808   4.06091   0.09158  
  7  0.0003 425993.392528  x:  0.58808   4.06096   0.09158  
  8  0.0000 425993.392528  x:  0.58808   4.06096   0.09158  

3 (Bom_hor) ... 2 (Bom_con)
  0  0.0000 362356.366083  x:  0.10813   3.48649   0.08180  
  1 99.0000 362229.471981  x:  0.12657   3.48679   0.09579  
  2 11629.9568 362196.409627  x:  0.12041   3.48763   0.11378  
  3 4044.6427 362067.903787  x:  0.11981   5.34087   0.12246  
  4 179.2596 362066.982797  x:  0.12157   5.34242   0.12309  
  5  0.0021 362066.962228  x:  0.12150   5.34289   0.12370  
  6  0.0005 362066.962184  x:  0.12151   5.34158   0.12369  
  7  0.0007 362066.962183  x:  0.12150   5.34149   0.12369  
  8  0.0001 362066.962183  x:  0.12150   5.34151   0.12369  

4 (Bom_hyp) ... 1 (Apis_mel)
  0  0.0000 426035.018101  x:  0.48211   4.46108   0.18863  
  1 99.0000 424732.214362  x:  0.49585   4.46083   0.09965  
  2 21691.3086 424490.550994  x:  0.57921   4.45855   0.08812  
  3 6769.5850 424470.064195  x:  0.57483   4.07378   0.08678  
  4 100.9773 424462.056676  x:  0.57539   4.04173   0.09111  
  5  0.0988 424462.030208  x:  0.57488   4.05119   0.09121  
  6  0.0092 424462.029221  x:  0.57472   4.04941   0.09123  
  7  0.0017 424462.029221  x:  0.57472   4.04941   0.09123  

4 (Bom_hyp) ... 2 (Bom_con)
  0  0.0000 359890.424770  x:  0.09772   3.68784   0.17567  
  1 99.0000 359812.337455  x:  0.11297   3.68812   0.16959  
  2 10052.2518 359701.317037  x:  0.11282   3.69048   0.11826  
  3 4277.7247 359610.489502  x:  0.11259   5.31123   0.13221  
  4 137.9133 359608.304776  x:  0.11226   5.34049   0.12586  
  5  0.0386 359608.266493  x:  0.11201   5.36938   0.12605  
  6  0.0195 359608.264017  x:  0.11207   5.37698   0.12609  
  7  0.0051 359608.264013  x:  0.11207   5.37711   0.12608  
  8  0.0001 359608.264013  x:  0.11207   5.37711   0.12608  

4 (Bom_hyp) ... 3 (Bom_hor)
  0  0.0000 348331.474804  x:  0.06009   4.41343   0.14990  
  1 99.0000 348276.331326  x:  0.06988   4.41347   0.14816  
  2 11712.8618 348231.530751  x:  0.07004   4.41445   0.11030  
  3 2154.9645 348211.411309  x:  0.06996   5.52131   0.11681  
  4 41.5026 348211.192096  x:  0.06996   5.53222   0.11442  
  5  0.0146 348211.191583  x:  0.06995   5.53811   0.11444  
  6  0.0041 348211.191578  x:  0.06995   5.53833   0.11444  

5 (Bom_mus) ... 1 (Apis_mel)
  0  0.0000 426922.003327  x:  0.46729   4.59536   0.18842  
  1 99.0000 425642.588555  x:  0.49255   4.59483   0.10043  
  2 21121.8214 425322.041468  x:  0.58910   4.59203   0.09353  
  3 8235.2423 425280.137725  x:  0.58384   4.04352   0.09144  
  4 142.5482 425279.883099  x:  0.58262   4.03592   0.09231  
  5  0.0174 425279.790814  x:  0.58100   4.03541   0.09229  
  6  0.0017 425279.790802  x:  0.58100   4.03567   0.09229  
  7  0.0003 425279.790802  x:  0.58100   4.03567   0.09229  

5 (Bom_mus) ... 2 (Bom_con)
  0  0.0000 362188.371923  x:  0.10461   3.66714   0.08873  
  1 99.0000 362037.134038  x:  0.12538   3.66737   0.10145  
  2 13260.4736 361993.076717  x:  0.11946   3.66821   0.12476  
  3 4308.3239 361885.878316  x:  0.11904   5.42304   0.13299  
  4 154.7347 361885.170742  x:  0.12056   5.42283   0.13364  
  5  0.0014 361885.156377  x:  0.12050   5.42149   0.13416  
  6  0.0010 361885.156321  x:  0.12051   5.41997   0.13415  
  7  0.0008 361885.156320  x:  0.12050   5.41993   0.13415  
  8  0.0000 361885.156320  x:  0.12050   5.41993   0.13415  
  9  0.0000 361885.156320  x:  0.12050   5.41993   0.13415  
check convergence!


5 (Bom_mus) ... 3 (Bom_hor)
  0  0.0000 350078.208110  x:  0.07734   4.54481   0.20821  
  1 99.0000 350060.482174  x:  0.07151   4.54490   0.20311  
  2 4454.3972 349926.177716  x:  0.07334   4.54634   0.12622  
  3 4847.0829 349915.040696  x:  0.07342   5.32854   0.13233  
  4 31.2237 349914.075837  x:  0.07452   5.34150   0.12881  
  5  0.0163 349914.020652  x:  0.07473   5.33829   0.12978  
  6  0.0048 349914.020623  x:  0.07473   5.33847   0.12976  
  7  0.0002 349914.020623  x:  0.07473   5.33854   0.12976  
  8  0.0000 349914.020623  x:  0.07473   5.33854   0.12976  
check convergence!


5 (Bom_mus) ... 4 (Bom_hyp)
  0  0.0000 348604.330334  x:  0.06010   4.27123   0.16879  
  1 99.0000 348538.968934  x:  0.07076   4.27129   0.16708  
  2 12841.9682 348485.319102  x:  0.07097   4.27269   0.12233  
  3 2148.2447 348458.245413  x:  0.07087   5.51890   0.13102  
  4 50.8275 348457.850911  x:  0.07090   5.52754   0.12754  
  5  0.0123 348457.850294  x:  0.07091   5.53433   0.12753  
  6  0.0044 348457.850288  x:  0.07091   5.53445   0.12755  

6 (Bom_pas) ... 1 (Apis_mel)
  0  0.0000 427774.567145  x:  0.56509   4.56827   0.22791  
  1 99.0000 425325.152656  x:  0.53819   4.56833   0.09953  
  2 26124.7274 425272.336871  x:  0.56929   4.56655   0.08892  
  3 3229.1112 425237.160316  x:  0.56132   4.04004   0.08780  
  4 127.7586 425210.546930  x:  0.57810   4.00878   0.09302  
  5  0.0896 425210.313436  x:  0.57944   4.03741   0.09249  
  6  0.0303 425210.307076  x:  0.57954   4.03300   0.09238  
  7  0.0047 425210.307075  x:  0.57954   4.03294   0.09238  
  8  0.0001 425210.307075  x:  0.57954   4.03294   0.09238  
  9  0.0000 425210.307075  x:  0.57954   4.03294   0.09238  

6 (Bom_pas) ... 2 (Bom_con)
  0  0.0000 362930.588141  x:  0.09414   3.59483   0.21207  
  1 99.0000 362679.074569  x:  0.12125   3.59514   0.20601  
  2 19871.0497 362465.659062  x:  0.12183   3.59896   0.12858  
  3 4722.6870 362344.565994  x:  0.12166   5.35077   0.14765  
  4 172.5127 362339.662640  x:  0.12179   5.40469   0.13768  
  5  0.0798 362339.544961  x:  0.12179   5.47767   0.13777  
  6  0.0360 362339.543458  x:  0.12179   5.47742   0.13795  
  7  0.0003 362339.543457  x:  0.12179   5.47730   0.13795  
  8  0.0001 362339.543457  x:  0.12179   5.47730   0.13795  
  9  0.0000 362339.543457  x:  0.12179   5.47730   0.13795  

6 (Bom_pas) ... 3 (Bom_hor)
  0  0.0000 350282.171372  x:  0.07974   4.33789   0.14166  
  1 99.0000 350273.295371  x:  0.07540   4.33795   0.14086  
  2 3932.8395 350270.032414  x:  0.07566   4.33890   0.13076  
  3 632.0064 350239.598752  x:  0.07558   5.66261   0.13851  
  4 54.7145 350239.490898  x:  0.07559   5.65729   0.13661  
  5  0.0056 350239.490896  x:  0.07559   5.65724   0.13660  
  6  0.0001 350239.490896  x:  0.07559   5.65724   0.13660  
  7  0.0000 350239.490896  x:  0.07559   5.65724   0.13660  
check convergence!


6 (Bom_pas) ... 4 (Bom_hyp)
  0  0.0000 348994.325096  x:  0.07438   4.49332   0.22273  
  1 99.0000 348977.897432  x:  0.06885   4.49344   0.21852  
  2 4601.9810 348833.492494  x:  0.07040   4.49581   0.13291  
  3 4197.4270 348801.761416  x:  0.07049   5.90956   0.14492  
  4 52.4541 348800.298215  x:  0.07124   5.94764   0.13849  
  5  0.0571 348800.227246  x:  0.07157   5.96070   0.13916  
  6  0.0144 348800.226002  x:  0.07157   5.97093   0.13913  
  7  0.0066 348800.225976  x:  0.07157   5.97131   0.13916  
  8  0.0004 348800.225976  x:  0.07157   5.97131   0.13916  
check convergence!


6 (Bom_pas) ... 5 (Bom_mus)
  0  0.0000 333125.247945  x:  0.02148   4.81614   0.17186  
  1 99.0000 333111.817427  x:  0.02433   4.81615   0.17177  
  2 10018.9785 333108.358820  x:  0.02436   4.81753   0.15110  
  3 310.3308 333094.359634  x:  0.02428   6.65759   0.16262  
  4 18.7219 333094.241704  x:  0.02425   6.65538   0.15877  
  5  0.0046 333094.241570  x:  0.02425   6.65871   0.15876  
  6  0.0026 333094.241562  x:  0.02425   6.66020   0.15877  
  7  0.0018 333094.241561  x:  0.02425   6.65984   0.15877  
  8  0.0004 333094.241559  x:  0.02425   6.66008   0.15877  
  9  0.0001 333094.241558  x:  0.02425   6.66008   0.15877  

7 (Bom_syl) ... 1 (Apis_mel)
  0  0.0000 428390.016286  x:  0.50619   5.17663   0.26378  
  1 99.0000 425593.295099  x:  0.50161   5.17565   0.10578  
  2 23491.0093 425396.132087  x:  0.56353   5.17258   0.08706  
  3 6594.0536 425257.539279  x:  0.54933   4.06763   0.08421  
  4 218.6483 425174.744346  x:  0.57047   3.95653   0.09453  
  5  0.4422 425173.464220  x:  0.57421   4.03911   0.09427  
  6  0.1170 425173.363346  x:  0.57556   4.02922   0.09387  
  7  0.0093 425173.362977  x:  0.57552   4.02934   0.09384  
  8  0.0001 425173.362977  x:  0.57552   4.02934   0.09384  
  9  0.0000 425173.362977  x:  0.57552   4.02934   0.09384  
 10  0.0000 425173.362977  x:  0.57552   4.02935   0.09384  
 11  0.0000 425173.362977  x:  0.57552   4.02935   0.09384  

7 (Bom_syl) ... 2 (Bom_con)
  0  0.0000 362202.933125  x:  0.10838   3.60972   0.12847  
  1 99.0000 362155.851745  x:  0.12075   3.60998   0.12832  
  2 7931.0124 362155.077463  x:  0.12085   3.61189   0.12463  
  3 367.4168 362036.664663  x:  0.12077   5.41586   0.13778  
  4 208.8865 362036.017842  x:  0.12095   5.42437   0.13416  
  5  0.0079 362036.011801  x:  0.12094   5.44075   0.13421  
  6  0.0081 362036.011787  x:  0.12095   5.44076   0.13423  
  7  0.0000 362036.011787  x:  0.12095   5.44076   0.13423  
check convergence!


7 (Bom_syl) ... 3 (Bom_hor)
  0  0.0000 349783.790464  x:  0.06660   4.49068   0.21002  
  1 99.0000 349749.963206  x:  0.07465   4.49076   0.20651  
  2 8025.6789 349570.052098  x:  0.07484   4.49263   0.11818  
  3 3835.5500 349550.078512  x:  0.07472   5.56593   0.12689  
  4 42.2468 349549.263586  x:  0.07448   5.59718   0.12235  
  5  0.0544 349549.227059  x:  0.07422   5.60716   0.12263  
  6  0.0092 349549.226933  x:  0.07422   5.61029   0.12264  
  7  0.0021 349549.226932  x:  0.07422   5.61033   0.12264  
  8  0.0000 349549.226932  x:  0.07422   5.61027   0.12264  
  9  0.0000 349549.226932  x:  0.07422   5.61032   0.12264  
 10  0.0000 349549.226931  x:  0.07422   5.61032   0.12264  
 11  0.0000 349549.226931  x:  0.07422   5.61032   0.12264  
check convergence!


7 (Bom_syl) ... 4 (Bom_hyp)
  0  0.0000 348207.284385  x:  0.06195   4.49797   0.14325  
  1 99.0000 348169.453896  x:  0.07014   4.49802   0.14215  
  2 9568.3876 348152.958728  x:  0.07026   4.49896   0.11914  
  3 1350.1607 348126.449545  x:  0.07016   5.82484   0.12642  
  4 46.6589 348126.278147  x:  0.07020   5.83077   0.12417  
  5  0.0071 348126.277590  x:  0.07020   5.83774   0.12417  
  6  0.0045 348126.277587  x:  0.07020   5.83783   0.12418  
  7  0.0001 348126.277587  x:  0.07020   5.83782   0.12418  

7 (Bom_syl) ... 5 (Bom_mus)
  0  0.0000 348470.492714  x:  0.07394   4.72468   0.20869  
  1 99.0000 348451.881707  x:  0.06800   4.72473   0.20603  
  2 5560.3533 348365.256811  x:  0.06909   4.72608   0.13959  
  3 2598.0712 348354.682478  x:  0.06910   5.55092   0.14573  
  4 28.1622 348354.421602  x:  0.06941   5.56228   0.14289  
  5  0.0167 348354.413875  x:  0.06952   5.56482   0.14311  
  6  0.0029 348354.413850  x:  0.06952   5.56617   0.14311  
  7  0.0010 348354.413850  x:  0.06952   5.56621   0.14312  

7 (Bom_syl) ... 6 (Bom_pas)
  0  0.0000 348591.280752  x:  0.07271   4.64178   0.14287  
  1 99.0000 348586.933587  x:  0.06980   4.64182   0.14316  
  2 2916.0125 348585.998913  x:  0.06975   4.64262   0.14944  
  3 318.1657 348563.885958  x:  0.06968   5.87451   0.15580  
  4 42.0766 348563.863737  x:  0.06971   5.87382   0.15483  
  5  0.0011 348563.863714  x:  0.06970   5.87501   0.15482  
  6  0.0008 348563.863713  x:  0.06970   5.87515   0.15482  
  7  0.0001 348563.863713  x:  0.06970   5.87511   0.15482  
  8  0.0000 348563.863713  x:  0.06970   5.87513   0.15482  
  9  0.0000 348563.863713  x:  0.06970   5.87514   0.15482  

8 (Bom_vet) ... 1 (Apis_mel)
  0  0.0000 426389.765094  x:  0.44905   4.82390   0.14279  
  1 99.0000 425797.550972  x:  0.49009   4.82294   0.09424  
  2 15920.7255 425439.033183  x:  0.57401   4.82044   0.10281  
  3 13208.9772 425350.363430  x:  0.56803   4.00806   0.10059  
  4 197.7233 425329.570650  x:  0.57860   4.03189   0.09250  
  5  0.0345 425329.417835  x:  0.58072   4.02563   0.09230  
  6  0.0056 425329.415336  x:  0.58081   4.02915   0.09234  
  7  0.0043 425329.415330  x:  0.58080   4.02907   0.09234  

8 (Bom_vet) ... 2 (Bom_con)
  0  0.0000 361977.897497  x:  0.10217   3.64409   0.15263  
  1 99.0000 361879.307191  x:  0.11966   3.64436   0.14933  
  2 11735.3051 361848.725201  x:  0.11980   3.64633   0.12428  
  3 2331.6041 361737.388671  x:  0.11969   5.40430   0.13779  
  4 159.6971 361736.164301  x:  0.11985   5.41891   0.13286  
  5  0.0162 361736.150758  x:  0.11990   5.44296   0.13288  
  6  0.0125 361736.150559  x:  0.11988   5.44350   0.13294  
  7  0.0005 361736.150556  x:  0.11988   5.44355   0.13293  
  8  0.0000 361736.150556  x:  0.11988   5.44353   0.13293  
  9  0.0000 361736.150556  x:  0.11988   5.44353   0.13293  
 10  0.0000 361736.150556  x:  0.11988   5.44353   0.13293  
 11  0.0029 361736.150556  x:  0.11988   5.44353   0.13293  
 12  1.2679 361736.150556  x:  0.11988   5.44353   0.13293  
 13  0.0016 361736.150556  x:  0.11988   5.44353   0.13293  
 14  0.0027 361736.150556  x:  0.11988   5.44353   0.13293  
 15  9.6847 361736.150556  x:  0.11988   5.44353   0.13293  
 16  0.0028 361736.150556  x:  0.11988   5.44353   0.13293  
 17  0.0127 361736.150556  x:  0.11988   5.44353   0.13293  
check convergence!


8 (Bom_vet) ... 3 (Bom_hor)
  0  0.0000 349887.452335  x:  0.05784   4.55948   0.17247  
  1 99.0000 349743.734716  x:  0.07356   4.55951   0.17093  
  2 19868.2892 349691.486350  x:  0.07381   4.56049   0.12636  
  3 2077.0811 349679.545192  x:  0.07377   5.38757   0.13177  
  4 31.8631 349679.417012  x:  0.07382   5.39402   0.12982  
  5  0.0092 349679.416467  x:  0.07384   5.39747   0.12982  
  6  0.0026 349679.416466  x:  0.07384   5.39756   0.12982  
  7  0.0001 349679.416466  x:  0.07384   5.39762   0.12982  
  8  0.0000 349679.416466  x:  0.07384   5.39761   0.12982  
  9  0.0000 349679.416466  x:  0.07384   5.39761   0.12982  

8 (Bom_vet) ... 4 (Bom_hyp)
  0  0.0000 348720.503832  x:  0.07439   4.34653   0.22042  
  1 99.0000 348699.273385  x:  0.06811   4.34665   0.21611  
  2 5407.3385 348526.268104  x:  0.06961   4.34909   0.12445  
  3 4296.7735 348496.000655  x:  0.06970   5.67221   0.13613  
  4 53.1253 348494.317904  x:  0.07047   5.71653   0.12949  
  5  0.0698 348494.221077  x:  0.07086   5.72999   0.13025  
  6  0.0151 348494.219523  x:  0.07085   5.74099   0.13021  
  7  0.0072 348494.219491  x:  0.07085   5.74141   0.13024  
  8  0.0004 348494.219491  x:  0.07085   5.74140   0.13024  

8 (Bom_vet) ... 5 (Bom_mus)
  0  0.0000 331997.329899  x:  0.02259   4.63734   0.10884  
  1 99.0000 331995.616685  x:  0.02164   4.63734   0.10902  
  2 3323.1117 331988.298379  x:  0.02163   4.63798   0.14022  
  3 661.9842 331977.936885  x:  0.02153   6.21765   0.14658  
  4 15.8284 331977.734922  x:  0.02151   6.19774   0.14184  
  5  0.0151 331977.734102  x:  0.02152   6.20069   0.14158  
  6  0.0030 331977.734074  x:  0.02151   6.20370   0.14159  
  7  0.0019 331977.734074  x:  0.02151   6.20370   0.14159  
  8  0.0000 331977.734074  x:  0.02151   6.20370   0.14159  

8 (Bom_vet) ... 6 (Bom_pas)
  0  0.0000 332768.767804  x:  0.02310   4.95111   0.18239  
  1 99.0000 332768.522714  x:  0.02348   4.95111   0.18218  
  2 1119.2595 332756.253543  x:  0.02348   4.95256   0.14208  
  3 709.1693 332744.603583  x:  0.02340   6.69699   0.15312  
  4 16.1482 332744.430622  x:  0.02341   6.70477   0.14863  
  5  0.0110 332744.430279  x:  0.02340   6.71497   0.14858  
  6  0.0070 332744.430274  x:  0.02340   6.71512   0.14860  
  7  0.0002 332744.430271  x:  0.02340   6.71556   0.14862  
  8  0.0002 332744.430269  x:  0.02340   6.71555   0.14862  
  9  0.0001 332744.430269  x:  0.02340   6.71555   0.14862  
check convergence!


8 (Bom_vet) ... 7 (Bom_syl)
  0  0.0000 348197.189877  x:  0.05972   5.14645   0.19403  
  1 99.0000 348153.267699  x:  0.06836   5.14647   0.19257  
  2 10519.5740 348100.895592  x:  0.06856   5.14724   0.14158  
  3 1849.8130 348096.645023  x:  0.06854   5.72815   0.14512  
  4 15.9445 348096.608883  x:  0.06855   5.72413   0.14393  
  5  0.0060 348096.608658  x:  0.06855   5.71975   0.14391  
  6  0.0037 348096.608657  x:  0.06855   5.71976   0.14391  
  7  0.0000 348096.608657  x:  0.06855   5.71975   0.14391  
  8  0.0000 348096.608657  x:  0.06855   5.71975   0.14391  
check convergence!
