Supplemental results for CODEML (seqf: /home/yzliu/eDNA/faststorage/yzliu/DK_proj/data/ref_genome/ref_annotation/primary_transcripts/extracted_cds_new/new_transcript_id_7_and_pas/bootstraps/cat.out.OG_cds_7_species_same_header_fas.shuf_537OG_291.phy  treef: xxx.trees)


pairwise comparison (Goldman & Yang 1994)
seq seq        N       S       dN       dS     dN/dS   Paras.
  2   1 471643.4 182566.6   0.0102   0.1710   0.0596   0.1652   3.5828   0.0596 -1011713.273
  3   1 471289.2 182920.8   0.0100   0.1618   0.0618   0.1573   3.4833   0.0618 -1008626.459
  3   2 470058.8 184151.2   0.0097   0.1543   0.0630   0.1512   3.9013   0.0630 -1004034.323
  4   1 471174.8 183035.2   0.0080   0.1214   0.0657   0.1191   3.4916   0.0657 -987593.222
  4   2 469900.1 184309.9   0.0099   0.1587   0.0621   0.1554   3.9177   0.0621 -1006150.253
  4   3 468574.4 185635.6   0.0099   0.1502   0.0658   0.1491   3.9385   0.0658 -1003872.026
  5   1 474463.3 179746.7   0.0056   0.0926   0.0603   0.0885   3.0308   0.0603 -967828.736
  5   2 471635.8 182574.2   0.0101   0.1670   0.0607   0.1618   3.5658   0.0607 -1010351.548
  5   3 471277.8 182932.2   0.0099   0.1570   0.0632   0.1532   3.4698   0.0632 -1006823.523
  5   4 472115.2 182094.8   0.0077   0.1147   0.0675   0.1125   3.3541   0.0675 -984065.162
  6   1 475189.3 179020.7   0.0074   0.1197   0.0615   0.1143   2.9619   0.0615 -985109.297
  6   2 472395.3 181814.7   0.0095   0.1630   0.0583   0.1565   3.4801   0.0583 -1006996.493
  6   3 471667.5 182542.5   0.0096   0.1543   0.0625   0.1500   3.4331   0.0625 -1004879.959
  6   4 472214.1 181995.9   0.0076   0.1145   0.0660   0.1119   3.3556   0.0660 -983323.459
  6   5 476144.0 178066.0   0.0073   0.1132   0.0644   0.1083   2.8493   0.0644 -982032.790
  7   1 468391.0 185819.0   0.0670   1.1916   0.0563   1.1593   4.0383   0.0563 -1228020.324
  7   2 465174.4 189035.6   0.0678   1.2634   0.0537   1.2399   4.3290   0.0537 -1231450.152
  7   3 467016.7 187193.3   0.0673   1.1949   0.0563   1.1697   4.1792   0.0563 -1228312.830
  7   4 466991.9 187218.1   0.0671   1.1984   0.0560   1.1725   4.1812   0.0560 -1228263.228
  7   5 468499.0 185711.0   0.0670   1.1830   0.0567   1.1515   4.0342   0.0567 -1227695.779
  7   6 468407.7 185802.3   0.0668   1.1928   0.0560   1.1599   4.0293   0.0560 -1227847.489

