Supplemental results for CODEML (seqf: /home/yzliu/eDNA/faststorage/yzliu/DK_proj/data/ref_genome/ref_annotation/primary_transcripts/extracted_cds_new/new_transcript_id_8_bom_apis/bootstraps/cat.out.OG_cds_8_species_same_header_fas.shuf_211OG_106.phy  treef: xxx.trees)


pairwise comparison (Goldman & Yang 1994)
seq seq        N       S       dN       dS     dN/dS   Paras.
  2   1 355968.7 118340.3   0.0522   0.5655   0.0924   0.5409   4.0953   0.0924 -828101.280
  3   1 355354.7 118954.3   0.0526   0.5808   0.0905   0.5551   4.1460   0.0905 -829926.403
  3   2 346810.7 127498.3   0.0132   0.1083   0.1217   0.1162   5.2041   0.1217 -709200.902
  4   1 356186.5 118122.5   0.0516   0.5720   0.0902   0.5436   4.1221   0.0902 -827347.704
  4   2 347166.4 127142.6   0.0122   0.1011   0.1205   0.1081   5.3394   0.1205 -704670.881
  4   3 346981.5 127327.5   0.0074   0.0628   0.1177   0.0668   5.2434   0.1177 -682937.983
  5   1 356209.4 118099.6   0.0527   0.5795   0.0910   0.5517   4.1390   0.0910 -829072.010
  5   2 347293.3 127015.7   0.0139   0.1070   0.1301   0.1166   5.3203   0.1301 -709400.201
  5   3 347323.5 126985.5   0.0084   0.0636   0.1326   0.0696   5.1401   0.1326 -685100.057
  5   4 347103.7 127205.3   0.0081   0.0630   0.1283   0.0685   5.5179   0.1283 -683659.723
  6   1 356117.1 118191.9   0.0528   0.5804   0.0910   0.5528   4.1498   0.0910 -829208.165
  6   2 347322.6 126986.4   0.0139   0.1080   0.1284   0.1172   5.2869   0.1284 -709641.941
  6   3 347078.1 127230.9   0.0085   0.0644   0.1312   0.0704   5.2161   0.1312 -685436.448
  6   4 346911.5 127397.5   0.0081   0.0634   0.1284   0.0690   5.5791   0.1284 -683977.740
  6   5 345413.4 128895.6   0.0024   0.0201   0.1190   0.0216   6.3504   0.1190 -652493.377
  7   1 356137.3 118171.7   0.0532   0.5794   0.0918   0.5528   4.1563   0.0918 -829622.057
  7   2 347164.0 127145.0   0.0141   0.1093   0.1292   0.1189   5.3662   0.1292 -710510.581
  7   3 346901.6 127407.4   0.0084   0.0658   0.1272   0.0714   5.3003   0.1272 -685905.810
  7   4 346668.8 127640.2   0.0082   0.0641   0.1272   0.0696   5.7034   0.1272 -684272.245
  7   5 347102.7 127206.3   0.0082   0.0599   0.1373   0.0662   5.5460   0.1373 -682693.772
  7   6 346884.2 127424.8   0.0083   0.0603   0.1377   0.0668   5.6195   0.1377 -683079.355
  8   1 356037.9 118271.1   0.0528   0.5803   0.0909   0.5529   4.1532   0.0909 -829234.601
  8   2 347025.5 127283.5   0.0138   0.1070   0.1289   0.1164   5.3838   0.1289 -709212.117
  8   3 346925.6 127383.4   0.0084   0.0632   0.1326   0.0693   5.2525   0.1326 -684911.960
  8   4 346627.4 127681.6   0.0081   0.0628   0.1287   0.0684   5.6776   0.1287 -683637.412
  8   5 345552.2 128756.8   0.0023   0.0190   0.1192   0.0205   6.2417   0.1192 -651672.743
  8   6 344872.7 129436.3   0.0023   0.0206   0.1125   0.0220   6.5834   0.1125 -652706.127
  8   7 346704.5 127604.5   0.0082   0.0592   0.1376   0.0657   5.6715   0.1376 -682423.425

