Supplemental results for CODEML (seqf: /home/yzliu/eDNA/faststorage/yzliu/DK_proj/data/ref_genome/ref_annotation/primary_transcripts/extracted_cds_new/new_transcript_id_7_and_pas/bootstraps/cat.out.OG_cds_7_species_same_header_fas.shuf_537OG_321.phy  treef: xxx.trees)


pairwise comparison (Goldman & Yang 1994)
seq seq        N       S       dN       dS     dN/dS   Paras.
  2   1 490893.4 189740.6   0.0085   0.1704   0.0497   0.1608   3.6125   0.0497 -1047183.437
  3   1 489476.0 191158.0   0.0084   0.1636   0.0511   0.1559   3.6433   0.0511 -1045256.849
  3   2 488229.0 192405.0   0.0083   0.1543   0.0537   0.1487   4.0317   0.0537 -1040539.228
  4   1 490313.0 190321.0   0.0064   0.1235   0.0520   0.1175   3.5406   0.0520 -1023566.612
  4   2 488458.3 192175.7   0.0082   0.1583   0.0517   0.1517   4.0078   0.0517 -1041909.361
  4   3 486903.5 193730.5   0.0081   0.1513   0.0535   0.1465   4.0514   0.0535 -1039853.309
  5   1 493728.4 186905.6   0.0049   0.0957   0.0509   0.0894   3.0798   0.0509 -1005817.148
  5   2 490568.4 190065.6   0.0085   0.1670   0.0506   0.1581   3.6148   0.0506 -1046161.433
  5   3 489591.9 191042.1   0.0084   0.1583   0.0530   0.1514   3.5928   0.0530 -1043560.515
  5   4 490715.7 189918.3   0.0063   0.1175   0.0535   0.1119   3.4557   0.0535 -1020639.882
  6   1 495027.3 185606.7   0.0061   0.1247   0.0486   0.1152   2.9541   0.0486 -1022750.545
  6   2 491524.9 189109.1   0.0078   0.1621   0.0483   0.1521   3.5067   0.0483 -1042487.227
  6   3 490283.6 190350.4   0.0079   0.1559   0.0504   0.1478   3.5175   0.0504 -1041000.214
  6   4 491366.2 189267.8   0.0061   0.1185   0.0513   0.1120   3.3889   0.0513 -1020340.463
  6   5 495030.0 185604.0   0.0060   0.1200   0.0504   0.1114   2.9286   0.0504 -1020826.709
  7   1 486153.3 194480.7   0.0574   1.2099   0.0474   1.1601   4.1675   0.0474 -1261851.544
  7   2 483098.4 197535.6   0.0582   1.2679   0.0459   1.2279   4.4517   0.0459 -1264940.561
  7   3 484996.9 195637.1   0.0578   1.2072   0.0478   1.1645   4.3089   0.0478 -1261871.481
  7   4 484792.9 195841.1   0.0574   1.2103   0.0474   1.1673   4.3316   0.0474 -1261353.385
  7   5 486423.3 194210.7   0.0573   1.1944   0.0480   1.1453   4.1588   0.0480 -1261014.979
  7   6 486158.7 194475.3   0.0572   1.2069   0.0474   1.1572   4.1831   0.0474 -1261293.165

