

2 (And_ful) ... 1 (And_bic)
  0  0.0000 1043860.289983  x:  0.14116   1.48005   0.49743  
  1 99.0000 1037370.491128  x:  0.33866   1.56970   0.05918  
  2 34036.1546 1036944.062485  x:  0.34033   1.57379   0.03740  
  3 286850.3187 1027093.455673  x:  0.18184   6.55747   0.10838  
  4 5520.7026 1026277.272514  x:  0.14833   6.03800   0.08234  
  5  0.3100 1025748.610701  x:  0.15681   5.03586   0.05111  
  6  1.2394 1025556.516769  x:  0.17197   4.44856   0.05667  
  7  0.3632 1025428.440565  x:  0.16951   3.55537   0.05248  
  8  0.6394 1025385.095158  x:  0.16188   3.56010   0.05757  
  9  0.0108 1025384.996119  x:  0.16172   3.57733   0.05743  
 10  0.0228 1025384.992847  x:  0.16170   3.57475   0.05737  
 11  0.0029 1025384.992824  x:  0.16170   3.57476   0.05736  
 12  0.0000 1025384.992824  x:  0.16170   3.57476   0.05736  

3 (And_hae) ... 1 (And_bic)
  0  0.0000 1024360.171735  x:  0.12829   3.12611   0.07884  
  1 99.0000 1023751.642428  x:  0.15853   3.12630   0.06787  
  2 40950.9498 1023704.692397  x:  0.15739   3.12654   0.05838  
  3 9735.3487 1023673.447909  x:  0.15732   3.49479   0.06012  
  4 181.5280 1023672.869287  x:  0.15638   3.49290   0.05982  
  5  0.0018 1023672.862799  x:  0.15634   3.49260   0.05992  
  6  0.0003 1023672.862797  x:  0.15634   3.49250   0.05992  
  7  0.0001 1023672.862797  x:  0.15634   3.49250   0.05992  
  8  0.0000 1023672.862797  x:  0.15634   3.49250   0.05992  

3 (And_hae) ... 2 (And_ful)
  0  0.0000 1020781.188613  x:  0.15804   3.27773   0.11582  
  1 99.0000 1019977.807946  x:  0.13745   3.27855   0.07137  
  2 28818.4642 1019844.958946  x:  0.14601   3.27893   0.05768  
  3 22455.1975 1019744.353608  x:  0.14744   4.02515   0.06210  
  4 303.7606 1019735.279010  x:  0.15074   3.98756   0.06391  
  5  0.0510 1019735.078236  x:  0.15100   3.98082   0.06330  
  6  0.0067 1019735.077243  x:  0.15099   3.97824   0.06329  
  7  0.0020 1019735.077241  x:  0.15099   3.97824   0.06329  
  8  0.0000 1019735.077241  x:  0.15099   3.97824   0.06329  

4 (And_hat) ... 1 (And_bic)
  0  0.0000 1000916.174533  x:  0.10956   3.45878   0.08978  
  1 99.0000 1000751.953768  x:  0.12133   3.45886   0.07257  
  2 15689.0909 1000692.471656  x:  0.11744   3.45890   0.06121  
  3 14583.2271 1000692.292848  x:  0.11745   3.42593   0.06105  
  4  9.8471 1000688.680534  x:  0.11559   3.41858   0.06264  
  5  0.0099 1000688.669544  x:  0.11553   3.41950   0.06250  
  6  0.0011 1000688.669541  x:  0.11553   3.41948   0.06250  
  7  0.0000 1000688.669541  x:  0.11553   3.41949   0.06250  

4 (And_hat) ... 2 (And_ful)
  0  0.0000 1021741.576199  x:  0.14315   2.97856   0.06505  
  1 99.0000 1021646.786980  x:  0.15503   2.97898   0.05953  
  2 14943.8440 1021644.495211  x:  0.15447   2.97940   0.05764  
  3 2286.9168 1021466.506510  x:  0.15442   3.90476   0.06183  
  4 471.8457 1021466.213196  x:  0.15446   3.90013   0.06106  
  5  0.0043 1021466.212991  x:  0.15447   3.89975   0.06105  
  6  0.0004 1021466.212988  x:  0.15447   3.89963   0.06105  
  7  0.0001 1021466.212988  x:  0.15447   3.89963   0.06105  

4 (And_hat) ... 3 (And_hae)
  0  0.0000 1021031.901789  x:  0.13213   3.27806   0.12299  
  1 99.0000 1020174.942906  x:  0.16567   3.27883   0.08137  
  2 32761.5776 1019906.723599  x:  0.15974   3.27931   0.05788  
  3 30876.5937 1019812.379733  x:  0.15862   4.00881   0.06207  
  4 289.8008 1019765.219285  x:  0.14979   3.95351   0.06380  
  5  0.0618 1019765.132227  x:  0.14962   3.93418   0.06359  
  6  0.0169 1019765.129379  x:  0.14966   3.93143   0.06362  
  7  0.0028 1019765.129364  x:  0.14966   3.93143   0.06361  

5 (And_mar) ... 1 (And_bic)
  0  0.0000 982855.476232  x:  0.07936   3.46626   0.05904  
  1 99.0000 982762.861606  x:  0.08818   3.46621   0.05951  
  2 21806.3197 982762.682058  x:  0.08815   3.46600   0.06029  
  3 453.3215 982735.868597  x:  0.08822   3.04148   0.05846  
  4 124.8167 982735.866020  x:  0.08820   3.03933   0.05852  
  5  0.0022 982735.866014  x:  0.08820   3.03929   0.05851  

5 (And_mar) ... 2 (And_ful)
  0  0.0000 1027319.768944  x:  0.16981   2.86419   0.12417  
  1 99.0000 1026056.348661  x:  0.14423   2.86551   0.06797  
  2 34780.8237 1025886.374402  x:  0.15373   2.86603   0.05348  
  3 26032.7344 1025716.552754  x:  0.15616   3.68427   0.05927  
  4 476.1467 1025701.658288  x:  0.16070   3.63687   0.06108  
  5  0.0658 1025701.232692  x:  0.16103   3.62953   0.06022  
  6  0.0071 1025701.230200  x:  0.16103   3.62596   0.06022  
  7  0.0026 1025701.230196  x:  0.16102   3.62597   0.06022  
  8  0.0000 1025701.230196  x:  0.16102   3.62597   0.06022  

5 (And_mar) ... 3 (And_hae)
  0  0.0000 1023683.295450  x:  0.14289   3.23398   0.11099  
  1 99.0000 1022974.936912  x:  0.16215   3.23457   0.06638  
  2 25671.5241 1022927.792966  x:  0.15599   3.23474   0.05988  
  3 11975.5288 1022903.604717  x:  0.15545   3.57659   0.06198  
  4 153.0589 1022899.876217  x:  0.15345   3.55266   0.06371  
  5  0.0372 1022899.867523  x:  0.15344   3.54645   0.06364  
  6  0.0055 1022899.867512  x:  0.15344   3.54638   0.06364  
  7  0.0001 1022899.867512  x:  0.15344   3.54637   0.06364  

5 (And_mar) ... 4 (And_hat)
  0  0.0000 1000407.244338  x:  0.10694   3.16171   0.15596  
  1 99.0000 999223.660545  x:  0.12574   3.16299   0.07141  
  2 21876.5538 999095.016252  x:  0.11725   3.16321   0.05809  
  3 30935.3953 999071.226452  x:  0.11615   3.53092   0.06113  
  4 135.7012 999043.555922  x:  0.11171   3.41203   0.06608  
  5  0.2510 999043.527875  x:  0.11182   3.40601   0.06623  
  6  0.0065 999043.527834  x:  0.11182   3.40593   0.06624  
  7  0.0001 999043.527833  x:  0.11182   3.40598   0.06624  
  8  0.0000 999043.527833  x:  0.11182   3.40597   0.06624  

6 (And_tri) ... 1 (And_bic)
  0  0.0000 999323.744794  x:  0.08665   3.23839   0.17418  
  1 99.0000 998634.339527  x:  0.11322   3.23846   0.16096  
  2 51295.6437 996904.128094  x:  0.11390   3.23899   0.05800  
  3 29058.0882 996880.465568  x:  0.11403   2.91223   0.05440  
  4 136.8644 996867.558498  x:  0.11194   2.83898   0.05870  
  5  0.1318 996858.792802  x:  0.10919   2.88389   0.05702  
  6  0.0674 996858.769102  x:  0.10923   2.87884   0.05679  
  7  0.0056 996858.768939  x:  0.10923   2.87949   0.05679  

6 (And_tri) ... 2 (And_ful)
  0  0.0000 1021380.275055  x:  0.16485   2.71217   0.10349  
  1 99.0000 1020476.749737  x:  0.13975   2.71314   0.06389  
  2 34261.3330 1020358.158720  x:  0.14721   2.71367   0.05131  
  3 19577.1535 1020193.675597  x:  0.14891   3.49449   0.05647  
  4 484.8393 1020188.691115  x:  0.15166   3.47671   0.05711  
  5  0.0223 1020188.583701  x:  0.15176   3.47411   0.05667  
  6  0.0027 1020188.583163  x:  0.15176   3.47248   0.05667  
  7  0.0011 1020188.583161  x:  0.15176   3.47248   0.05667  
  8  0.0000 1020188.583161  x:  0.15176   3.47247   0.05667  
  9  0.0000 1020188.583161  x:  0.15176   3.47247   0.05667  
 10  0.0000 1020188.583161  x:  0.15176   3.47247   0.05667  
check convergence!


6 (And_tri) ... 3 (And_hae)
  0  0.0000 1022252.003844  x:  0.12419   3.16257   0.18549  
  1 99.0000 1020935.982387  x:  0.17300   3.16348   0.13319  
  2 41668.5831 1019357.771087  x:  0.17215   3.16469   0.05744  
  3 63226.2297 1019319.146029  x:  0.17135   3.59219   0.06150  
  4 194.9619 1019008.393763  x:  0.14832   3.55555   0.05691  
  5  0.0381 1019000.423749  x:  0.14728   3.49849   0.06042  
  6  0.1382 1019000.314352  x:  0.14744   3.47729   0.06026  
  7  0.0200 1019000.313553  x:  0.14741   3.47667   0.06023  
  8  0.0007 1019000.313549  x:  0.14742   3.47672   0.06023  
  9  0.0000 1019000.313549  x:  0.14742   3.47672   0.06023  
 10  0.0000 1019000.313549  x:  0.14742   3.47672   0.06023  
check convergence!


6 (And_tri) ... 4 (And_hat)
  0  0.0000 995995.862610  x:  0.09574   3.22160   0.08380  
  1 99.0000 995825.039155  x:  0.10905   3.22165   0.07771  
  2 24440.5583 995750.618435  x:  0.10808   3.22177   0.06237  
  3 10043.7200 995750.099104  x:  0.10807   3.27776   0.06267  
  4 19.2512 995749.593093  x:  0.10734   3.27593   0.06241  
  5  0.0018 995749.590058  x:  0.10732   3.27578   0.06250  
  6  0.0002 995749.590058  x:  0.10732   3.27579   0.06250  

6 (And_tri) ... 5 (And_mar)
  0  0.0000 996569.182118  x:  0.10284   3.17243   0.11653  
  1 99.0000 996042.069489  x:  0.11401   3.17247   0.06739  
  2 17768.7377 995990.547445  x:  0.10810   3.17241   0.06039  
  3 16799.2939 995972.244457  x:  0.10851   2.88487   0.05834  
  4 117.1610 995963.115032  x:  0.10650   2.84540   0.06204  
  5  0.0771 995963.088761  x:  0.10638   2.85208   0.06197  
  6  0.0078 995963.088626  x:  0.10638   2.85157   0.06195  
  7  0.0006 995963.088625  x:  0.10638   2.85159   0.06195  
  8  0.0000 995963.088625  x:  0.10638   2.85159   0.06195  

7 (Bom_pas) ... 1 (And_bic)
  0  0.0000 1261983.737031  x:  1.30767   2.67422   0.12542  
  1 99.0000 1248719.337126  x:  1.29667   2.67604   0.04593  
  2 218962.9206 1248196.668446  x:  1.15089   2.73460   0.06205  
  3 7387.3619 1247298.359453  x:  1.27068   3.81972   0.06030  
  4 2121.8154 1246663.102361  x:  1.12374   3.87634   0.05843  
  5  0.2149 1246637.811281  x:  1.15242   3.93230   0.05540  
  6  0.0725 1246636.698555  x:  1.15048   3.96848   0.05536  
  7  0.0257 1246636.592721  x:  1.15192   3.97694   0.05545  
  8  0.0075 1246636.592332  x:  1.15204   3.97730   0.05543  
  9  0.0004 1246636.592332  x:  1.15204   3.97731   0.05543  
 10  0.0000 1246636.592332  x:  1.15204   3.97731   0.05543  

7 (Bom_pas) ... 2 (And_ful)
  0  0.0000 1260554.690430  x:  1.24443   3.40127   0.12168  
  1 99.0000 1250808.490643  x:  1.23648   3.40218   0.05107  
  2 192075.0393 1250742.296015  x:  1.18903   3.42597   0.05600  
  3 2559.3187 1250401.543632  x:  1.25899   4.23935   0.05455  
  4 1089.4477 1250361.558427  x:  1.22451   4.23411   0.05353  
  5  0.0518 1250361.552470  x:  1.22399   4.23506   0.05356  
  6  0.0011 1250361.552372  x:  1.22404   4.23553   0.05355  
  7  0.0004 1250361.552371  x:  1.22404   4.23553   0.05355  

7 (Bom_pas) ... 3 (And_hae)
  0  0.0000 1248073.875561  x:  1.12592   3.69875   0.04523  
  1 99.0000 1247554.196611  x:  1.12637   3.69877   0.05649  
  2 102063.9001 1247543.761015  x:  1.15128   3.72442   0.05565  
  3 595.9108 1247459.766759  x:  1.16330   4.12791   0.05606  
  4 963.9838 1247459.308531  x:  1.16661   4.13042   0.05564  
  5  0.0033 1247459.306111  x:  1.16641   4.13121   0.05563  
  6  0.0007 1247459.306110  x:  1.16640   4.13122   0.05563  

7 (Bom_pas) ... 4 (And_hat)
  0  0.0000 1264875.083358  x:  1.25996   3.75113   0.16318  
  1 99.0000 1247196.255853  x:  1.24216   3.75239   0.05136  
  2 193840.4617 1247140.746118  x:  1.20858   3.75882   0.05617  
  3 3357.2813 1247063.850084  x:  1.23530   4.15880   0.05558  
  4 410.4802 1246948.667015  x:  1.15708   4.09960   0.05617  
  5  0.1285 1246947.883928  x:  1.16104   4.11151   0.05563  
  6  0.0127 1246947.879172  x:  1.16059   4.11153   0.05563  
  7  0.0005 1246947.879163  x:  1.16059   4.11167   0.05563  
  8  0.0001 1246947.879162  x:  1.16059   4.11167   0.05563  
  9  0.0000 1246947.879162  x:  1.16059   4.11167   0.05563  
check convergence!


7 (Bom_pas) ... 5 (And_mar)
  0  0.0000 1263759.237074  x:  1.15816   3.64086   0.17613  
  1 99.0000 1246384.654706  x:  1.13840   3.64221   0.05554  
  2 176407.6537 1246380.373930  x:  1.13013   3.64598   0.05688  
  3 964.9926 1246330.303845  x:  1.14979   3.95356   0.05651  
  4 387.5502 1246324.970545  x:  1.13531   3.94730   0.05645  
  5  0.0223 1246324.970198  x:  1.13533   3.94729   0.05644  
  6  0.0000 1246324.970198  x:  1.13533   3.94729   0.05644  

7 (Bom_pas) ... 6 (And_tri)
  0  0.0000 1261594.554667  x:  1.13443   3.34917   0.16462  
  1 99.0000 1246175.081542  x:  1.11791   3.35070   0.05517  
  2 177425.3943 1246164.817873  x:  1.10538   3.36748   0.05718  
  3 992.8289 1245965.350642  x:  1.15285   3.95493   0.05569  
  4 1676.0952 1245962.544943  x:  1.14290   3.95332   0.05558  
  5  0.0147 1245962.533617  x:  1.14235   3.95271   0.05565  
  6  0.0008 1245962.533581  x:  1.14234   3.95245   0.05565  
  7  0.0002 1245962.533581  x:  1.14234   3.95244   0.05565  