

2 (And_ful) ... 1 (And_bic)
  0  0.0000 1039373.945355  x:  0.16238   1.64750   0.43440  
  1 99.0000 1033787.876916  x:  0.09288   1.68535   0.18961  
  2 34680.1124 1030313.360668  x:  0.08734   1.70519   0.05836  
  3 639225.6831 1026935.672598  x:  0.11040   4.27416   0.12892  
  4 4172.0190 1024371.859478  x:  0.13216   4.21290   0.05157  
  5  0.1667 1023724.944365  x:  0.15516   4.09398   0.07471  
  6  0.0914 1023535.565931  x:  0.16668   3.91450   0.05793  
  7  0.1925 1023520.256702  x:  0.16755   3.65040   0.05885  
  8  0.0935 1023518.667307  x:  0.16660   3.60407   0.05766  
  9  0.0384 1023518.575321  x:  0.16625   3.61095   0.05788  
 10  0.0074 1023518.575317  x:  0.16625   3.61096   0.05788  
 11  0.0000 1023518.575317  x:  0.16625   3.61095   0.05788  

3 (And_hae) ... 1 (And_bic)
  0  0.0000 1020270.932498  x:  0.16123   3.28815   0.08225  
  1 99.0000 1020027.800577  x:  0.15395   3.28836   0.06008  
  2 18802.8562 1020019.212011  x:  0.15738   3.28843   0.05799  
  3 4524.3752 1020013.910760  x:  0.15752   3.44571   0.05878  
  4 70.6608 1020013.845814  x:  0.15768   3.44217   0.05905  
  5  0.0048 1020013.845457  x:  0.15769   3.44104   0.05904  
  6  0.0011 1020013.845456  x:  0.15769   3.44103   0.05904  
  7  0.0000 1020013.845456  x:  0.15769   3.44103   0.05904  
  8  0.0000 1020013.845456  x:  0.15769   3.44103   0.05904  

3 (And_hae) ... 2 (And_ful)
  0  0.0000 1015543.573632  x:  0.15391   3.27699   0.06841  
  1 99.0000 1015500.185996  x:  0.14989   3.27730   0.06022  
  2 9136.3454 1015499.027550  x:  0.15109   3.27757   0.05936  
  3 1596.5827 1015415.416357  x:  0.15133   3.95957   0.06233  
  4 283.3546 1015415.261276  x:  0.15123   3.95830   0.06178  
  5  0.0014 1015415.260804  x:  0.15126   3.95833   0.06177  
  6  0.0000 1015415.260804  x:  0.15126   3.95836   0.06177  
  7  0.0000 1015415.260804  x:  0.15126   3.95836   0.06177  
  8  0.0000 1015415.260804  x:  0.15126   3.95836   0.06177  
check convergence!


4 (And_hat) ... 1 (And_bic)
  0  0.0000 1001630.436498  x:  0.11874   3.33039   0.19462  
  1 99.0000 999589.406281  x:  0.09937   3.33211   0.07542  
  2 24910.1146 999329.486867  x:  0.10832   3.33241   0.05430  
  3 74260.1220 999299.450931  x:  0.10978   3.76130   0.05781  
  4 144.9021 999181.336039  x:  0.11833   3.39958   0.06543  
  5  0.7223 999177.853277  x:  0.11974   3.45787   0.06362  
  6  0.0560 999177.793450  x:  0.11981   3.44075   0.06342  
  7  0.0173 999177.793256  x:  0.11980   3.44053   0.06341  
  8  0.0002 999177.793256  x:  0.11980   3.44053   0.06341  
  9  0.0000 999177.793256  x:  0.11980   3.44054   0.06341  

4 (And_hat) ... 2 (And_ful)
  0  0.0000 1018772.160606  x:  0.16807   3.02201   0.05175  
  1 99.0000 1018691.336099  x:  0.15737   3.02245   0.05804  
  2 12899.2274 1018690.918456  x:  0.15692   3.02301   0.05736  
  3 837.2379 1018492.875617  x:  0.15756   4.01789   0.06165  
  4 687.9543 1018492.617980  x:  0.15733   4.01763   0.06100  
  5  0.0007 1018492.617442  x:  0.15736   4.01849   0.06098  
  6  0.0008 1018492.617414  x:  0.15735   4.01888   0.06098  

4 (And_hat) ... 3 (And_hae)
  0  0.0000 1015601.548441  x:  0.15491   3.60962   0.05142  
  1 99.0000 1015529.809283  x:  0.15059   3.60969   0.06226  
  2 13143.7614 1015529.496668  x:  0.14991   3.60978   0.06204  
  3 869.5074 1015511.712034  x:  0.15006   3.94260   0.06302  
  4 114.7903 1015511.710072  x:  0.15002   3.94149   0.06306  
  5  0.0009 1015511.710057  x:  0.15002   3.94148   0.06306  

5 (And_mar) ... 1 (And_bic)
  0  0.0000 980846.486121  x:  0.07676   3.33866   0.09586  
  1 99.0000 980594.591866  x:  0.09133   3.33865   0.09079  
  2 34787.9183 980413.257495  x:  0.09090   3.33856   0.06210  
  3 12157.3622 980395.899465  x:  0.09098   3.00779   0.06011  
  4 98.9401 980395.250229  x:  0.09037   3.00395   0.06104  
  5  0.0042 980395.192735  x:  0.09023   3.00609   0.06073  
  6  0.0029 980395.192721  x:  0.09023   3.00588   0.06073  
  7  0.0002 980395.192721  x:  0.09023   3.00591   0.06073  
  8  0.0000 980395.192721  x:  0.09023   3.00589   0.06073  
  9  0.0000 980395.192721  x:  0.09023   3.00589   0.06073  

5 (And_mar) ... 2 (And_ful)
  0  0.0000 1024670.403711  x:  0.15057   2.99715   0.11305  
  1 99.0000 1023602.100694  x:  0.17484   2.99824   0.06074  
  2 31777.6811 1023552.985607  x:  0.16859   2.99858   0.05461  
  3 11977.2778 1023432.505108  x:  0.16686   3.70818   0.05928  
  4 382.7697 1023430.976282  x:  0.16530   3.69359   0.05999  
  5  0.0226 1023430.958107  x:  0.16525   3.68858   0.05983  
  6  0.0045 1023430.957710  x:  0.16526   3.68735   0.05983  
  7  0.0010 1023430.957710  x:  0.16526   3.68735   0.05983  

5 (And_mar) ... 3 (And_hae)
  0  0.0000 1019110.368717  x:  0.15633   3.16401   0.05952  
  1 99.0000 1019108.133769  x:  0.15454   3.16416   0.06054  
  2 2165.5108 1019108.090597  x:  0.15466   3.16443   0.06079  
  3 224.7258 1019083.888404  x:  0.15468   3.49394   0.06198  
  4 308.2875 1019083.886623  x:  0.15469   3.49238   0.06193  
  5  0.0015 1019083.886618  x:  0.15469   3.49225   0.06193  

5 (And_mar) ... 4 (And_hat)
  0  0.0000 999205.678547  x:  0.10820   3.20221   0.17820  
  1 99.0000 997966.237842  x:  0.14196   3.20368   0.08932  
  2 24545.2845 997564.708917  x:  0.13515   3.20419   0.05668  
  3 71305.4623 997513.412729  x:  0.13327   3.78939   0.06087  
  4 188.0170 997268.015649  x:  0.11575   3.50568   0.06651  
  5  0.3951 997267.468967  x:  0.11584   3.45087   0.06587  
  6  0.0544 997267.466607  x:  0.11585   3.45197   0.06579  
  7  0.0013 997267.466600  x:  0.11585   3.45193   0.06579  
  8  0.0000 997267.466600  x:  0.11585   3.45193   0.06579  
  9  0.0000 997267.466600  x:  0.11585   3.45193   0.06579  
 10  0.0425 997267.466600  x:  0.11585   3.45193   0.06579  
check convergence!


6 (And_tri) ... 1 (And_bic)
  0  0.0000 998174.074615  x:  0.09415   2.99625   0.10350  
  1 99.0000 997598.190748  x:  0.11934   2.99629   0.09272  
  2 45886.6118 997248.317117  x:  0.11844   2.99638   0.05808  
  3 19640.1816 997242.300521  x:  0.11850   2.84881   0.05704  
  4 74.2301 997237.682877  x:  0.11625   2.82843   0.05815  
  5  0.0178 997237.518924  x:  0.11609   2.83328   0.05762  
  6  0.0080 997237.518552  x:  0.11609   2.83447   0.05763  
  7  0.0013 997237.518552  x:  0.11609   2.83448   0.05763  

6 (And_tri) ... 2 (And_ful)
  0  0.0000 1022383.879560  x:  0.14668   2.61323   0.16914  
  1 99.0000 1019273.705102  x:  0.16902   2.61698   0.05430  
  2 36213.7376 1019215.385530  x:  0.16067   2.61754   0.04953  
  3 13048.4732 1018971.155742  x:  0.15539   3.44364   0.05984  
  4 675.8692 1018959.026078  x:  0.15841   3.52321   0.05675  
  5  0.1964 1018958.595308  x:  0.15790   3.55718   0.05658  
  6  0.0255 1018958.574837  x:  0.15796   3.56289   0.05675  
  7  0.0047 1018958.574765  x:  0.15796   3.56321   0.05674  
  8  0.0003 1018958.574765  x:  0.15796   3.56321   0.05674  

6 (And_tri) ... 3 (And_hae)
  0  0.0000 1017491.642547  x:  0.14809   3.06605   0.13317  
  1 99.0000 1016055.135600  x:  0.14110   3.06718   0.05985  
  2 29301.0471 1016010.967228  x:  0.14891   3.06735   0.05603  
  3 11788.4386 1015982.012122  x:  0.14954   3.40907   0.05911  
  4 179.7354 1015981.878668  x:  0.14974   3.40233   0.05951  
  5  0.0151 1015981.876036  x:  0.14979   3.40100   0.05947  
  6  0.0012 1015981.876033  x:  0.14979   3.40089   0.05947  
  7  0.0001 1015981.876033  x:  0.14979   3.40089   0.05947  

6 (And_tri) ... 4 (And_hat)
  0  0.0000 995410.356102  x:  0.10074   3.23432   0.08790  
  1 99.0000 995195.045483  x:  0.11615   3.23440   0.07938  
  2 25689.1742 995088.954963  x:  0.11467   3.23458   0.06122  
  3 12722.7758 995086.029715  x:  0.11462   3.37311   0.06198  
  4 46.4131 995084.662339  x:  0.11335   3.36169   0.06206  
  5  0.0105 995084.662333  x:  0.11334   3.36172   0.06206  
  6  0.0000 995084.662333  x:  0.11334   3.36173   0.06206  

6 (And_tri) ... 5 (And_mar)
  0  0.0000 996867.235996  x:  0.09246   2.94571   0.10233  
  1 99.0000 996372.930141  x:  0.11536   2.94577   0.09354  
  2 43688.7273 996103.543888  x:  0.11463   2.94595   0.06213  
  3 16559.4695 996102.966985  x:  0.11464   2.89740   0.06178  
  4 23.0266 996100.908431  x:  0.11309   2.89385   0.06226  
  5  0.0032 996100.893620  x:  0.11307   2.89484   0.06207  
  6  0.0016 996100.893618  x:  0.11307   2.89492   0.06207  
  7  0.0001 996100.893618  x:  0.11307   2.89492   0.06207  
  8  0.0000 996100.893618  x:  0.11307   2.89492   0.06207  

7 (Bom_pas) ... 1 (And_bic)
  0  0.0000 1264625.115218  x:  1.20248   2.92278   0.19369  
  1 99.0000 1241195.524458  x:  1.17498   2.92641   0.05171  
  2 187783.1330 1241137.971860  x:  1.14906   2.94361   0.05652  
  3 3827.8613 1240205.637802  x:  1.25666   4.18981   0.05528  
  4 2333.5994 1240037.910585  x:  1.16907   4.19380   0.05534  
  5  0.0929 1240037.596751  x:  1.16891   4.21447   0.05555  
  6  0.0146 1240037.575280  x:  1.16985   4.21897   0.05548  
  7  0.0038 1240037.574964  x:  1.16975   4.21909   0.05548  
  8  0.0002 1240037.574964  x:  1.16975   4.21909   0.05548  

7 (Bom_pas) ... 2 (And_ful)
  0  0.0000 1255769.020052  x:  1.24204   3.56978   0.13400  
  1 99.0000 1244027.434705  x:  1.23216   3.57087   0.05194  
  2 192225.7207 1243986.556104  x:  1.19788   3.59408   0.05592  
  3 2055.3777 1243556.223702  x:  1.27805   4.57093   0.05400  
  4 1319.4526 1243533.531370  x:  1.24993   4.56349   0.05335  
  5  0.0407 1243533.486401  x:  1.24847   4.56330   0.05347  
  6  0.0015 1243533.486375  x:  1.24849   4.56325   0.05348  
  7  0.0001 1243533.486375  x:  1.24849   4.56321   0.05348  
  8  0.0000 1243533.486375  x:  1.24849   4.56322   0.05348  
  9  0.0000 1243533.486375  x:  1.24849   4.56322   0.05348  

7 (Bom_pas) ... 3 (And_hae)
  0  0.0000 1264139.161388  x:  1.30580   3.71072   0.18672  
  1 99.0000 1240657.018887  x:  1.28031   3.71278   0.05010  
  2 195953.6119 1240587.010363  x:  1.24838   3.72040   0.05541  
  3 4445.2235 1240340.512880  x:  1.29861   4.46593   0.05445  
  4 746.4097 1240100.799081  x:  1.17315   4.36336   0.05649  
  5  0.1711 1240099.499508  x:  1.17827   4.38766   0.05581  
  6  0.0233 1240099.477682  x:  1.17732   4.38911   0.05583  
  7  0.0020 1240099.477179  x:  1.17739   4.39013   0.05583  
  8  0.0009 1240099.477179  x:  1.17739   4.39014   0.05583  
  9  0.0000 1240099.477179  x:  1.17739   4.39014   0.05583  
 10  0.0000 1240099.477179  x:  1.17739   4.39014   0.05583  
 11  0.3264 1240099.477179  x:  1.17739   4.39014   0.05583  
check convergence!


7 (Bom_pas) ... 4 (And_hat)
  0  0.0000 1261542.268352  x:  1.25970   3.83900   0.18379  
  1 99.0000 1240108.132414  x:  1.23630   3.84073   0.05183  
  2 189451.1140 1240074.842880  x:  1.21411   3.84670   0.05547  
  3 2964.3062 1239908.452111  x:  1.25335   4.46757   0.05471  
  4 602.1608 1239823.119583  x:  1.18236   4.41449   0.05550  
  5  0.1010 1239822.994669  x:  1.18392   4.42108   0.05529  
  6  0.0066 1239822.993657  x:  1.18375   4.42182   0.05529  
  7  0.0008 1239822.993634  x:  1.18378   4.42202   0.05529  

7 (Bom_pas) ... 5 (And_mar)
  0  0.0000 1239854.062944  x:  1.19247   3.64913   0.05111  
  1 99.0000 1239834.131812  x:  1.19227   3.64922   0.05334  
  2 18169.8682 1239739.706703  x:  1.12169   3.67290   0.05621  
  3 2471.5635 1239590.511539  x:  1.16706   4.22541   0.05573  
  4 616.0127 1239590.179159  x:  1.16282   4.22758   0.05590  
  5  0.0047 1239590.179127  x:  1.16278   4.22747   0.05590  
  6  0.0001 1239590.179127  x:  1.16278   4.22744   0.05590  
  7  0.0000 1239590.179127  x:  1.16278   4.22744   0.05590  

7 (Bom_pas) ... 6 (And_tri)
  0  0.0000 1246738.045623  x:  1.17623   3.52048   0.11387  
  1 99.0000 1239626.711068  x:  1.16975   3.52116   0.05356  
  2 171606.3056 1239582.882137  x:  1.13052   3.54087   0.05747  
  3 2011.7944 1239348.875563  x:  1.18434   4.22091   0.05632  
  4 879.0555 1239332.160411  x:  1.16602   4.22023   0.05535  
  5  0.0291 1239332.148667  x:  1.16544   4.22179   0.05541  
  6  0.0016 1239332.148572  x:  1.16550   4.22225   0.05541  
  7  0.0004 1239332.148572  x:  1.16549   4.22225   0.05541  