Supplemental results for CODEML (seqf: /home/yzliu/eDNA/faststorage/yzliu/DK_proj/data/ref_genome/ref_annotation/primary_transcripts/extracted_cds_new/new_transcript_id_8_bom_apis/bootstraps/cat.out.OG_cds_8_species_same_header_fas.shuf_211OG_681.phy  treef: xxx.trees)


pairwise comparison (Goldman & Yang 1994)
seq seq        N       S       dN       dS     dN/dS   Paras.
  2   1 155699.2  53070.8   0.0621   0.6090   0.1019   0.6033   3.6134   0.1019 -373598.576
  3   1 155723.3  53046.7   0.0632   0.6325   0.1000   0.6236   3.6053   0.1000 -374886.280
  3   2 152502.7  56267.3   0.0173   0.1199   0.1445   0.1349   4.7548   0.1445 -317158.939
  4   1 155912.8  52857.2   0.0613   0.6225   0.0984   0.6101   3.6132   0.0984 -373346.147
  4   2 152286.6  56483.4   0.0149   0.1079   0.1381   0.1202   5.0962   0.1381 -313598.568
  4   3 152562.6  56207.4   0.0103   0.0675   0.1530   0.0772   4.8672   0.1530 -304087.106
  5   1 155836.3  52933.7   0.0625   0.6309   0.0991   0.6199   3.6723   0.0991 -374081.063
  5   2 152153.9  56616.1   0.0166   0.1131   0.1464   0.1282   5.2411   0.1464 -315424.360
  5   3 153160.7  55609.3   0.0119   0.0705   0.1692   0.0826   4.4344   0.1692 -305827.374
  5   4 152478.5  56291.5   0.0102   0.0646   0.1579   0.0746   5.1353   0.1579 -303276.716
  6   1 155822.3  52947.7   0.0629   0.6289   0.1000   0.6193   3.6559   0.1000 -374283.217
  6   2 152207.9  56562.1   0.0167   0.1141   0.1468   0.1294   5.1549   0.1468 -315734.526
  6   3 152995.0  55775.0   0.0122   0.0713   0.1715   0.0840   4.5248   0.1715 -306189.524
  6   4 152296.9  56473.1   0.0108   0.0652   0.1657   0.0766   5.2601   0.1657 -303852.264
  6   5 151899.5  56870.5   0.0034   0.0211   0.1613   0.0246   5.6749   0.1613 -288705.068
  7   1 155875.1  52894.9   0.0633   0.6316   0.1002   0.6219   3.6582   0.1002 -374478.429
  7   2 152343.6  56426.4   0.0174   0.1160   0.1500   0.1322   5.0799   0.1500 -316470.278
  7   3 152652.0  56118.0   0.0115   0.0729   0.1582   0.0841   4.8257   0.1582 -305908.729
  7   4 152126.8  56643.2   0.0101   0.0674   0.1504   0.0771   5.4680   0.1504 -303699.611
  7   5 152823.9  55946.1   0.0113   0.0640   0.1765   0.0762   4.8739   0.1765 -304038.438
  7   6 152668.3  56101.7   0.0116   0.0650   0.1788   0.0778   4.9678   0.1788 -304481.329
  8   1 155804.6  52965.4   0.0625   0.6292   0.0993   0.6187   3.6587   0.0993 -374093.810
  8   2 152005.5  56764.5   0.0162   0.1140   0.1421   0.1284   5.3253   0.1421 -315336.877
  8   3 152943.5  55826.5   0.0118   0.0707   0.1668   0.0826   4.5526   0.1668 -305800.276
  8   4 152174.3  56595.7   0.0102   0.0654   0.1553   0.0753   5.3602   0.1553 -303403.046
  8   5 151626.5  57143.5   0.0028   0.0202   0.1382   0.0227   5.9489   0.1382 -287937.514
  8   6 151446.3  57323.7   0.0033   0.0217   0.1497   0.0250   6.1010   0.1497 -288790.165
  8   7 152560.4  56209.6   0.0110   0.0644   0.1707   0.0761   5.0476   0.1707 -303934.747

