

2 (Bom_con) ... 1 (Apis_mel)
  0  0.0000 847426.250928  x:  0.54346   1.61735   0.50278  
  1 99.0000 829439.147538  x:  0.33498   1.68969   0.12596  
  2 53112.1752 828477.769625  x:  0.34551   1.69769   0.08585  
  3 83704.4852 822333.360312  x:  0.44344   4.35039   0.12901  
  4 7358.2553 821153.737530  x:  0.53121   4.06455   0.08820  
  5  0.2003 821139.806629  x:  0.53786   4.06277   0.09146  
  6  0.0075 821137.910461  x:  0.54241   4.05447   0.09017  
  7  0.0090 821137.819466  x:  0.54263   4.07207   0.09015  
  8  0.0048 821137.818636  x:  0.54271   4.07220   0.09016  
  9  0.0002 821137.818636  x:  0.54271   4.07220   0.09016  

3 (Bom_hor) ... 1 (Apis_mel)
  0  0.0000 822993.266750  x:  0.49125   3.54818   0.10736  
  1 99.0000 822802.817092  x:  0.49906   3.54859   0.08931  
  2 17835.0392 822619.399340  x:  0.54832   3.55060   0.08722  
  3 9603.2020 822520.169157  x:  0.55381   4.09558   0.08897  
  4 394.0752 822519.105535  x:  0.55509   4.09854   0.08771  
  5  0.0042 822519.089893  x:  0.55558   4.10023   0.08770  
  6  0.0015 822519.089888  x:  0.55557   4.10032   0.08770  
  7  0.0001 822519.089888  x:  0.55557   4.10033   0.08770  
  8  0.0000 822519.089888  x:  0.55557   4.10033   0.08770  

3 (Bom_hor) ... 2 (Bom_con)
  0  0.0000 704397.275527  x:  0.10920   3.72169   0.16200  
  1 99.0000 704307.589746  x:  0.12153   3.72208   0.15270  
  2 12062.9675 704153.816150  x:  0.11995   3.72380   0.11336  
  3 10185.4782 704005.930081  x:  0.11959   5.15784   0.12420  
  4 248.7476 704003.073747  x:  0.11856   5.17258   0.11993  
  5  0.0179 704003.022093  x:  0.11830   5.18150   0.12028  
  6  0.0087 704003.020397  x:  0.11831   5.18724   0.12028  
  7  0.0034 704003.020392  x:  0.11831   5.18724   0.12028  

4 (Bom_hyp) ... 1 (Apis_mel)
  0  0.0000 822073.192253  x:  0.43627   4.24876   0.14506  
  1 99.0000 820796.108117  x:  0.46253   4.24860   0.09111  
  2 35001.4234 820240.629520  x:  0.54229   4.24751   0.09218  
  3 18188.0698 820232.530289  x:  0.54107   4.07934   0.09157  
  4 92.8655 820221.450878  x:  0.54457   4.09583   0.08747  
  5  0.0299 820221.387451  x:  0.54555   4.09653   0.08742  
  6  0.0010 820221.387417  x:  0.54555   4.09662   0.08742  
  7  0.0001 820221.387417  x:  0.54555   4.09662   0.08742  
  8  0.0000 820221.387417  x:  0.54555   4.09662   0.08742  

4 (Bom_hyp) ... 2 (Bom_con)
  0  0.0000 699913.093633  x:  0.10903   3.40682   0.10250  
  1 99.0000 699907.636917  x:  0.11171   3.40722   0.10493  
  2 3033.8740 699903.730211  x:  0.11046   3.40849   0.11018  
  3 1967.7146 699647.660267  x:  0.11025   5.32323   0.12035  
  4 368.0924 699647.111570  x:  0.11067   5.32465   0.11828  
  5  0.0021 699647.105699  x:  0.11060   5.32887   0.11816  
  6  0.0035 699647.105092  x:  0.11061   5.33239   0.11820  
  7  0.0019 699647.105088  x:  0.11061   5.33243   0.11820  
  8  0.0000 699647.105088  x:  0.11061   5.33244   0.11820  

4 (Bom_hyp) ... 3 (Bom_hor)
  0  0.0000 676216.982931  x:  0.06709   4.48043   0.12151  
  1 99.0000 676214.419423  x:  0.06556   4.48048   0.12092  
  2 3094.6031 676210.283433  x:  0.06582   4.48113   0.11316  
  3 1145.2571 676167.270297  x:  0.06580   5.71612   0.11872  
  4 81.2071 676167.187906  x:  0.06576   5.71483   0.11761  
  5  0.0017 676167.187636  x:  0.06576   5.71818   0.11760  
  6  0.0023 676167.187631  x:  0.06576   5.71837   0.11761  
  7  0.0002 676167.187631  x:  0.06576   5.71834   0.11761  
  8  0.0000 676167.187631  x:  0.06576   5.71834   0.11761  
  9  0.0000 676167.187631  x:  0.06576   5.71834   0.11761  
check convergence!


5 (Bom_mus) ... 1 (Apis_mel)
  0  0.0000 823391.913841  x:  0.51244   4.59687   0.16181  
  1 99.0000 821523.367976  x:  0.51038   4.59665   0.09287  
  2 42413.4164 821376.166585  x:  0.55491   4.59453   0.08435  
  3 6884.1535 821310.624804  x:  0.54891   4.08250   0.08324  
  4 240.2826 821296.618370  x:  0.55194   4.06760   0.08683  
  5  0.0391 821296.581170  x:  0.55226   4.07464   0.08698  
  6  0.0074 821296.580616  x:  0.55226   4.07354   0.08699  
  7  0.0012 821296.580616  x:  0.55225   4.07354   0.08699  

5 (Bom_mus) ... 2 (Bom_con)
  0  0.0000 703588.856766  x:  0.11286   3.64884   0.17639  
  1 99.0000 703372.269310  x:  0.12966   3.65045   0.13627  
  2 9887.5178 703234.595799  x:  0.12396   3.65164   0.10917  
  3 25279.4329 703039.293431  x:  0.12245   5.31452   0.12213  
  4 290.9491 703025.008064  x:  0.11786   5.30723   0.11826  
  5  0.0110 703024.950807  x:  0.11794   5.30930   0.11758  
  6  0.0026 703024.950392  x:  0.11793   5.31200   0.11758  
  7  0.0016 703024.950372  x:  0.11794   5.31231   0.11759  
  8  0.0003 703024.950372  x:  0.11794   5.31227   0.11759  
  9  0.0000 703024.950372  x:  0.11794   5.31227   0.11759  
 10  0.0000 703024.950372  x:  0.11794   5.31227   0.11759  
 11  0.0000 703024.950372  x:  0.11794   5.31227   0.11759  
check convergence!


5 (Bom_mus) ... 3 (Bom_hor)
  0  0.0000 679732.134141  x:  0.05602   4.34705   0.18810  
  1 99.0000 679506.717227  x:  0.06988   4.34708   0.18628  
  2 35089.2896 679331.232141  x:  0.07015   4.34809   0.12397  
  3 4820.6459 679321.739156  x:  0.07011   4.83619   0.12763  
  4 41.5009 679321.601693  x:  0.07012   4.84128   0.12618  
  5  0.0086 679321.601618  x:  0.07011   4.84222   0.12617  
  6  0.0008 679321.601617  x:  0.07011   4.84223   0.12617  
  7  0.0000 679321.601617  x:  0.07011   4.84223   0.12617  

5 (Bom_mus) ... 4 (Bom_hyp)
  0  0.0000 678522.711930  x:  0.05645   4.20364   0.15802  
  1 99.0000 678318.352059  x:  0.06970   4.20369   0.15645  
  2 33195.9982 678221.794227  x:  0.06990   4.20495   0.11500  
  3 4143.5662 678171.829959  x:  0.06980   5.40254   0.12284  
  4 97.6477 678171.187514  x:  0.06981   5.40706   0.11976  
  5  0.0072 678171.187253  x:  0.06980   5.40955   0.11974  
  6  0.0018 678171.187247  x:  0.06980   5.40977   0.11975  
  7  0.0002 678171.187247  x:  0.06980   5.40978   0.11975  
  8  0.0000 678171.187246  x:  0.06980   5.40980   0.11975  
  9  0.0000 678171.187245  x:  0.06980   5.40980   0.11975  
 10  0.0000 678171.187245  x:  0.06980   5.40980   0.11975  
check convergence!


6 (Bom_pas) ... 1 (Apis_mel)
  0  0.0000 827048.407198  x:  0.52247   4.59487   0.23423  
  1 99.0000 821845.940313  x:  0.49997   4.59494   0.09557  
  2 50514.4119 821682.225336  x:  0.53685   4.59343   0.08307  
  3 8566.0313 821625.101004  x:  0.53026   4.11070   0.08182  
  4 221.0143 821541.410711  x:  0.54870   4.03949   0.08835  
  5  0.2170 821540.585667  x:  0.55156   4.07491   0.08780  
  6  0.0361 821540.559062  x:  0.55179   4.06782   0.08767  
  7  0.0077 821540.559027  x:  0.55177   4.06782   0.08767  
  8  0.0000 821540.559027  x:  0.55177   4.06782   0.08767  

6 (Bom_pas) ... 2 (Bom_con)
  0  0.0000 704454.335293  x:  0.09226   3.64523   0.15442  
  1 99.0000 703980.030054  x:  0.11878   3.64548   0.15007  
  2 38755.3392 703841.619591  x:  0.11904   3.64747   0.11280  
  3 6744.8601 703635.843687  x:  0.11889   5.35289   0.12560  
  4 301.4933 703632.436115  x:  0.11904   5.37321   0.12015  
  5  0.0252 703632.395439  x:  0.11911   5.40214   0.12010  
  6  0.0156 703632.394369  x:  0.11910   5.40340   0.12020  
  7  0.0012 703632.394349  x:  0.11909   5.40352   0.12019  
  8  0.0001 703632.394349  x:  0.11909   5.40351   0.12019  
  9  0.0000 703632.394348  x:  0.11909   5.40352   0.12019  

6 (Bom_pas) ... 3 (Bom_hor)
  0  0.0000 680092.363757  x:  0.05953   4.41198   0.17169  
  1 99.0000 679946.730785  x:  0.07092   4.41201   0.17020  
  2 27083.1820 679859.908858  x:  0.07111   4.41296   0.12807  
  3 3705.5951 679842.124415  x:  0.07104   5.33547   0.13424  
  4 57.8071 679840.803138  x:  0.07107   5.17614   0.13049  
  5  0.1487 679840.715044  x:  0.07106   5.13897   0.13122  
  6  0.0427 679840.715021  x:  0.07106   5.13945   0.13123  
  7  0.0005 679840.715021  x:  0.07106   5.13947   0.13123  
  8  0.0000 679840.715020  x:  0.07106   5.13947   0.13123  
  9  0.0000 679840.715020  x:  0.07106   5.13947   0.13123  
check convergence!


6 (Bom_pas) ... 4 (Bom_hyp)
  0  0.0000 679398.282488  x:  0.06031   4.37878   0.21126  
  1 99.0000 679278.069519  x:  0.07065   4.37885   0.20883  
  2 23939.0322 678985.400644  x:  0.07094   4.38103   0.12690  
  3 5874.3248 678929.035907  x:  0.07084   5.69072   0.13795  
  4 100.8018 678924.862917  x:  0.07083   5.73551   0.12968  
  5  0.0772 678924.831009  x:  0.07076   5.77004   0.12979  
  6  0.0222 678924.830608  x:  0.07078   5.77122   0.12982  
  7  0.0010 678924.830603  x:  0.07078   5.77137   0.12982  

6 (Bom_pas) ... 5 (Bom_mus)
  0  0.0000 647367.400116  x:  0.02218   4.66483   0.23361  
  1 99.0000 647365.558917  x:  0.02146   4.66486   0.23231  
  2 2430.5963 647203.724097  x:  0.02175   4.66701   0.11760  
  3 9120.9231 647194.325253  x:  0.02176   5.63293   0.12589  
  4 21.6413 647193.502186  x:  0.02197   5.67781   0.12049  
  5  0.0792 647193.395432  x:  0.02213   5.68108   0.12148  
  6  0.0041 647193.395376  x:  0.02213   5.68103   0.12144  
  7  0.0001 647193.395371  x:  0.02213   5.68103   0.12144  
  8  0.0025 647193.395371  x:  0.02213   5.68103   0.12144  
check convergence!


7 (Bom_syl) ... 1 (Apis_mel)
  0  0.0000 821918.678617  x:  0.50978   4.77941   0.11299  
  1 99.0000 821701.551266  x:  0.51449   4.77904   0.09282  
  2 19166.1783 821573.123572  x:  0.55866   4.77627   0.08879  
  3 6722.0920 821452.232899  x:  0.55115   4.06532   0.08776  
  4 315.3978 821451.865129  x:  0.54986   4.06945   0.08848  
  5  0.0055 821451.848883  x:  0.54946   4.07016   0.08844  
  6  0.0009 821451.848837  x:  0.54945   4.06977   0.08844  
  7  0.0005 821451.848837  x:  0.54945   4.06977   0.08844  
  8  0.0000 821451.848837  x:  0.54945   4.06977   0.08844  

7 (Bom_syl) ... 2 (Bom_con)
  0  0.0000 705072.129933  x:  0.09784   3.43130   0.14125  
  1 99.0000 704770.221083  x:  0.11942   3.43159   0.13813  
  2 29770.9354 704714.395323  x:  0.11960   3.43356   0.11533  
  3 4599.9127 704468.446469  x:  0.11941   5.19866   0.12873  
  4 355.9531 704465.672419  x:  0.11963   5.21320   0.12368  
  5  0.0159 704465.639372  x:  0.11971   5.23804   0.12370  
  6  0.0127 704465.638597  x:  0.11969   5.23916   0.12376  
  7  0.0010 704465.638580  x:  0.11968   5.23927   0.12375  
  8  0.0001 704465.638580  x:  0.11968   5.23925   0.12375  

7 (Bom_syl) ... 3 (Bom_hor)
  0  0.0000 678478.283912  x:  0.06962   4.17623   0.20635  
  1 99.0000 678440.083807  x:  0.06399   4.17647   0.19705  
  2 6833.5194 678157.227700  x:  0.06626   4.17852   0.11747  
  3 19529.0456 678106.101906  x:  0.06644   5.37600   0.12758  
  4 99.4879 678100.050444  x:  0.06835   5.39393   0.12146  
  5  0.0223 678099.728245  x:  0.06868   5.38729   0.12320  
  6  0.0099 678099.727724  x:  0.06869   5.38704   0.12313  
  7  0.0003 678099.727722  x:  0.06869   5.38680   0.12313  

7 (Bom_syl) ... 4 (Bom_hyp)
  0  0.0000 677486.799290  x:  0.06968   4.48110   0.21846  
  1 99.0000 677450.970673  x:  0.06411   4.48126   0.21188  
  2 8083.9166 677080.159674  x:  0.06589   4.48360   0.11662  
  3 13953.5301 677017.764988  x:  0.06604   5.94093   0.12839  
  4 100.5146 677011.848101  x:  0.06745   5.99380   0.12067  
  5  0.0762 677011.308074  x:  0.06802   5.99883   0.12237  
  6  0.0068 677011.304882  x:  0.06804   6.00737   0.12225  
  7  0.0069 677011.304654  x:  0.06804   6.00992   0.12229  
  8  0.0019 677011.304654  x:  0.06804   6.00995   0.12229  
  9  0.0000 677011.304654  x:  0.06804   6.00992   0.12229  

7 (Bom_syl) ... 5 (Bom_mus)
  0  0.0000 677623.213436  x:  0.06120   4.94278   0.15857  
  1 99.0000 677578.457040  x:  0.06751   4.94279   0.15757  
  2 14525.4368 677545.718811  x:  0.06761   4.94303   0.13175  
  3 2396.2439 677545.043585  x:  0.06760   5.09204   0.13252  
  4  9.3133 677545.038757  x:  0.06759   5.09153   0.13223  
  5  0.0007 677545.038742  x:  0.06759   5.09117   0.13223  
  6  0.0004 677545.038742  x:  0.06759   5.09117   0.13223  

7 (Bom_syl) ... 6 (Bom_pas)
  0  0.0000 678026.304184  x:  0.06964   4.25029   0.10840  
  1 99.0000 678010.691908  x:  0.06616   4.25039   0.11373  
  2 4749.6866 677975.501880  x:  0.06867   4.25078   0.13416  
  3 8727.4763 677935.523123  x:  0.06867   5.33386   0.13895  
  4 85.4399 677934.847037  x:  0.06792   5.32550   0.14046  
  5  0.0076 677934.837951  x:  0.06796   5.32137   0.14082  
  6  0.0032 677934.837939  x:  0.06796   5.32077   0.14081  
  7  0.0004 677934.837939  x:  0.06796   5.32077   0.14081  
  8  0.0001 677934.837938  x:  0.06796   5.32077   0.14081  

8 (Bom_vet) ... 1 (Apis_mel)
  0  0.0000 824880.258818  x:  0.48534   4.50533   0.18983  
  1 99.0000 821958.856188  x:  0.48944   4.50519   0.09471  
  2 45117.4623 821647.079278  x:  0.55260   4.50330   0.08290  
  3 10740.9911 821607.910543  x:  0.54808   4.11051   0.08168  
  4 189.0362 821575.558785  x:  0.55249   4.06567   0.08728  
  5  0.1409 821575.478564  x:  0.55315   4.08093   0.08727  
  6  0.0172 821575.476846  x:  0.55328   4.07991   0.08724  
  7  0.0009 821575.476843  x:  0.55328   4.07992   0.08724  

8 (Bom_vet) ... 2 (Bom_con)
  0  0.0000 703750.871080  x:  0.09120   3.53437   0.08686  
  1 99.0000 703204.536478  x:  0.11945   3.53458   0.09340  
  2 41537.7604 703162.384985  x:  0.11781   3.53557   0.11011  
  3 5471.8010 702908.124826  x:  0.11753   5.46868   0.11916  
  4 342.6920 702907.970426  x:  0.11778   5.46613   0.11810  
  5  0.0020 702907.969526  x:  0.11775   5.46745   0.11805  
  6  0.0009 702907.969498  x:  0.11775   5.46816   0.11806  
  7  0.0004 702907.969496  x:  0.11775   5.46825   0.11806  
  8  0.0001 702907.969496  x:  0.11775   5.46825   0.11806  
  9  0.0000 702907.969496  x:  0.11775   5.46824   0.11806  
 10  0.0000 702907.969496  x:  0.11775   5.46824   0.11806  
 11  0.0000 702907.969496  x:  0.11775   5.46824   0.11806  

8 (Bom_vet) ... 3 (Bom_hor)
  0  0.0000 679630.178947  x:  0.05424   4.38575   0.20378  
  1 99.0000 679356.482159  x:  0.06932   4.38579   0.20189  
  2 39573.8276 679121.872359  x:  0.06963   4.38723   0.12627  
  3 5162.5954 679104.298272  x:  0.06958   5.07740   0.13183  
  4 55.6966 679103.924681  x:  0.06960   5.08787   0.12940  
  5  0.0185 679103.924384  x:  0.06960   5.09039   0.12937  
  6  0.0022 679103.924380  x:  0.06960   5.09063   0.12937  
  7  0.0002 679103.924380  x:  0.06960   5.09060   0.12938  
  8  0.0000 679103.924379  x:  0.06960   5.09060   0.12937  
  9  0.0000 679103.924379  x:  0.06960   5.09060   0.12937  
 10  0.0000 679103.924379  x:  0.06960   5.09060   0.12937  
check convergence!


8 (Bom_vet) ... 4 (Bom_hyp)
  0  0.0000 678942.789638  x:  0.05750   4.08387   0.21715  
  1 99.0000 678774.114124  x:  0.06952   4.08395   0.21466  
  2 29423.7120 678396.206688  x:  0.06989   4.08696   0.11834  
  3 6377.4000 678311.433345  x:  0.06975   5.60575   0.13271  
  4 133.4634 678307.266045  x:  0.06978   5.66466   0.12472  
  5  0.1037 678307.195839  x:  0.06973   5.72003   0.12496  
  6  0.0309 678307.195592  x:  0.06975   5.71947   0.12499  
  7  0.0005 678307.195590  x:  0.06975   5.71963   0.12498  
  8  0.0002 678307.195589  x:  0.06975   5.71964   0.12498  

8 (Bom_vet) ... 5 (Bom_mus)
  0  0.0000 645609.271725  x:  0.01696   4.64648   0.21974  
  1 99.0000 645577.381799  x:  0.01972   4.64648   0.21952  
  2 24365.0076 645440.765235  x:  0.01980   4.64838   0.11273  
  3 1953.7342 645433.081957  x:  0.01977   5.56645   0.12023  
  4 18.5852 645432.696585  x:  0.01978   5.60294   0.11617  
  5  0.0783 645432.694109  x:  0.01979   5.61925   0.11607  
  6  0.0130 645432.694049  x:  0.01979   5.62057   0.11612  
  7  0.0012 645432.694049  x:  0.01979   5.62063   0.11612  
  8  0.0000 645432.694049  x:  0.01979   5.62062   0.11612  
  9  0.0000 645432.694049  x:  0.01979   5.62062   0.11612  

8 (Bom_vet) ... 6 (Bom_pas)
  0  0.0000 647318.808111  x:  0.01954   4.63908   0.13089  
  1 99.0000 647292.477183  x:  0.02223   4.63909   0.13085  
  2 20521.4839 647290.815520  x:  0.02224   4.64013   0.12194  
  3 355.8276 647257.531333  x:  0.02214   6.75974   0.13232  
  4 40.2050 647257.360759  x:  0.02216   6.75765   0.12940  
  5  0.0035 647257.360410  x:  0.02216   6.76242   0.12931  
  6  0.0038 647257.360403  x:  0.02216   6.76240   0.12931  

8 (Bom_vet) ... 7 (Bom_syl)
  0  0.0000 677218.077959  x:  0.07097   5.30979   0.13613  
  1 99.0000 677199.277490  x:  0.06671   5.30979   0.13611  
  2 8584.7271 677199.258533  x:  0.06670   5.30977   0.13672  
  3 63.3447 677199.225967  x:  0.06670   5.27521   0.13657  
  4  1.8611 677199.225416  x:  0.06668   5.27485   0.13657  
  5  0.0004 677199.225416  x:  0.06668   5.27487   0.13657  
  6  0.0001 677199.225415  x:  0.06668   5.27487   0.13657  