Supplemental results for CODEML (seqf: /home/yzliu/eDNA/faststorage/yzliu/DK_proj/data/ref_genome/ref_annotation/primary_transcripts/extracted_cds_new/new_transcript_id_8_bom_apis/bootstraps/cat.out.OG_cds_8_species_same_header_fas.shuf_211OG_777.phy  treef: xxx.trees)


pairwise comparison (Goldman & Yang 1994)
seq seq        N       S       dN       dS     dN/dS   Paras.
  2   1 166964.7  54276.3   0.0561   0.5693   0.0985   0.5460   3.8632   0.0985 -387474.428
  3   1 166621.3  54619.7   0.0559   0.5849   0.0956   0.5596   3.9015   0.0956 -388134.281
  3   2 161979.0  59262.0   0.0133   0.1038   0.1280   0.1126   5.5345   0.1280 -329008.086
  4   1 167035.0  54206.0   0.0551   0.5776   0.0953   0.5493   3.8736   0.0953 -387023.259
  4   2 162488.2  58752.8   0.0126   0.0986   0.1274   0.1063   5.3923   0.1274 -327427.194
  4   3 161664.5  59576.5   0.0081   0.0588   0.1369   0.0652   5.9230   0.1369 -317278.404
  5   1 167129.5  54111.5   0.0562   0.5867   0.0958   0.5579   3.8426   0.0958 -387928.287
  5   2 162867.4  58373.6   0.0140   0.1067   0.1315   0.1155   5.0991   0.1315 -329730.127
  5   3 162196.1  59044.9   0.0088   0.0604   0.1455   0.0677   5.4486   0.1455 -318134.973
  5   4 162732.1  58508.9   0.0085   0.0622   0.1375   0.0682   5.2867   0.1375 -317979.504
  6   1 167024.1  54216.9   0.0565   0.5871   0.0963   0.5596   3.8721   0.0963 -388114.280
  6   2 162669.0  58572.0   0.0142   0.1064   0.1337   0.1159   5.2227   0.1337 -329829.352
  6   3 161700.4  59540.6   0.0091   0.0598   0.1523   0.0682   5.8748   0.1523 -318256.184
  6   4 162270.6  58970.4   0.0090   0.0606   0.1481   0.0682   5.6650   0.1481 -318063.997
  6   5 162691.2  58549.8   0.0027   0.0205   0.1313   0.0222   5.3129   0.1313 -303644.488
  7   1 167016.6  54224.4   0.0573   0.5842   0.0980   0.5592   3.8671   0.0980 -388471.561
  7   2 162691.9  58549.1   0.0150   0.1088   0.1377   0.1194   5.1894   0.1377 -330844.015
  7   3 162036.5  59204.5   0.0095   0.0636   0.1494   0.0719   5.5326   0.1494 -319402.645
  7   4 162382.2  58858.8   0.0095   0.0637   0.1490   0.0718   5.5426   0.1490 -319142.620
  7   5 162786.1  58454.9   0.0094   0.0618   0.1527   0.0698   5.2160   0.1527 -318726.796
  7   6 162322.3  58918.7   0.0098   0.0607   0.1614   0.0700   5.5887   0.1614 -318829.535
  8   1 167011.1  54229.9   0.0562   0.5871   0.0957   0.5590   3.8676   0.0957 -387990.973
  8   2 162749.7  58491.3   0.0140   0.1053   0.1334   0.1145   5.1359   0.1334 -329616.867
  8   3 161998.8  59242.2   0.0088   0.0590   0.1491   0.0667   5.5627   0.1491 -317924.732
  8   4 162472.6  58768.4   0.0087   0.0610   0.1425   0.0677   5.4529   0.1425 -317954.480
  8   5 163837.6  57403.4   0.0023   0.0198   0.1161   0.0205   4.4068   0.1161 -303058.317
  8   6 161642.3  59598.7   0.0028   0.0197   0.1421   0.0220   6.2911   0.1421 -303614.579
  8   7 162588.6  58652.4   0.0094   0.0598   0.1573   0.0683   5.3236   0.1573 -318426.184

