Supplemental results for CODEML (seqf: /home/yzliu/eDNA/faststorage/yzliu/DK_proj/data/ref_genome/ref_annotation/primary_transcripts/extracted_cds_new/new_transcript_id_7_and_pas/bootstraps/cat.out.OG_cds_7_species_same_header_fas.shuf_537OG_283.phy  treef: xxx.trees)


pairwise comparison (Goldman & Yang 1994)
seq seq        N       S       dN       dS     dN/dS   Paras.
  2   1 463758.3 182078.7   0.0090   0.1674   0.0540   0.1611   3.6344   0.0540 -995351.459
  3   1 463140.4 182696.6   0.0087   0.1555   0.0557   0.1506   3.5853   0.0557 -990729.180
  3   2 461407.5 184429.5   0.0088   0.1512   0.0580   0.1483   4.0592   0.0580 -988618.470
  4   1 463274.3 182562.7   0.0067   0.1193   0.0565   0.1157   3.5795   0.0565 -971326.213
  4   2 461692.2 184144.8   0.0088   0.1594   0.0550   0.1551   4.0352   0.0550 -991556.243
  4   3 460364.4 185472.6   0.0086   0.1501   0.0573   0.1477   4.0728   0.0573 -988468.033
  5   1 466309.5 179527.5   0.0052   0.0896   0.0575   0.0859   3.1331   0.0575 -953172.313
  5   2 462910.4 182926.6   0.0092   0.1656   0.0553   0.1604   3.7424   0.0553 -995207.757
  5   3 462565.2 183271.8   0.0088   0.1514   0.0584   0.1479   3.6540   0.0584 -989786.995
  5   4 462805.4 183031.6   0.0067   0.1149   0.0585   0.1121   3.6328   0.0585 -969478.035
  6   1 467532.0 178305.0   0.0064   0.1187   0.0536   0.1121   2.9974   0.0536 -969822.371
  6   2 463960.5 181876.5   0.0086   0.1613   0.0530   0.1547   3.5969   0.0530 -991976.245
  6   3 463582.6 182254.4   0.0085   0.1501   0.0567   0.1454   3.5171   0.0567 -988356.777
  6   4 463708.8 182128.2   0.0066   0.1174   0.0561   0.1135   3.5122   0.0561 -970104.292
  6   5 467062.1 178774.9   0.0065   0.1137   0.0573   0.1085   3.0408   0.0573 -968181.773
  7   1 462438.8 183398.2   0.0611   1.1555   0.0529   1.1157   4.0715   0.0529 -1201801.855
  7   2 458985.3 186851.7   0.0621   1.2318   0.0504   1.2015   4.3775   0.0504 -1205816.497
  7   3 461131.3 184705.7   0.0616   1.1620   0.0530   1.1289   4.2115   0.0530 -1202489.131
  7   4 460687.2 185149.8   0.0612   1.1797   0.0519   1.1457   4.2528   0.0519 -1202640.138
  7   5 462550.0 183287.0   0.0612   1.1461   0.0534   1.1072   4.0723   0.0534 -1201388.180
  7   6 462506.7 183330.3   0.0609   1.1545   0.0527   1.1140   4.0672   0.0527 -1201364.003

