

2 (Bom_con) ... 1 (Apis_mel)
  0  0.0000 387826.891863  x:  0.42503   1.60984   0.48427  
  1 99.0000 379348.594857  x:  0.46077   1.68626   0.09048  
  2 20608.5031 379131.081575  x:  0.53365   1.72027   0.08062  
  3 6220.9430 378520.165824  x:  0.54231   2.32590   0.12590  
  4 2949.5491 377731.659654  x:  0.50450   3.11004   0.09167  
  5  2.2681 377599.844483  x:  0.54480   3.58167   0.10143  
  6  0.2369 377575.197183  x:  0.54630   3.82459   0.09493  
  7  0.1687 377572.853055  x:  0.54287   3.90054   0.09733  
  8  0.0554 377572.831211  x:  0.54273   3.90742   0.09715  
  9  0.0065 377572.831204  x:  0.54274   3.90750   0.09715  
 10  0.0001 377572.831204  x:  0.54274   3.90751   0.09715  

3 (Bom_hor) ... 1 (Apis_mel)
  0  0.0000 379585.747827  x:  0.44412   3.48478   0.16922  
  1 99.0000 378775.844802  x:  0.47180   3.48572   0.09906  
  2 17071.6816 378556.450015  x:  0.54644   3.48703   0.09895  
  3 7278.6904 378525.501320  x:  0.54946   3.91244   0.10163  
  4 154.8910 378517.759023  x:  0.55371   3.93811   0.09620  
  5  0.0489 378517.665186  x:  0.55540   3.95006   0.09615  
  6  0.0094 378517.665163  x:  0.55539   3.94977   0.09616  
  7  0.0003 378517.665162  x:  0.55539   3.94974   0.09616  

3 (Bom_hor) ... 2 (Bom_con)
  0  0.0000 321861.953880  x:  0.11731   3.30256   0.10986  
  1 99.0000 321859.378126  x:  0.11423   3.30302   0.11165  
  2 1436.3475 321857.661804  x:  0.11477   3.30473   0.11708  
  3 757.3108 321708.209292  x:  0.11472   5.43747   0.12973  
  4 207.5977 321707.844726  x:  0.11480   5.43850   0.12694  
  5  0.0024 321707.842407  x:  0.11479   5.44647   0.12681  
  6  0.0047 321707.842007  x:  0.11479   5.44972   0.12689  
  7  0.0024 321707.842007  x:  0.11479   5.44972   0.12689  
  8  0.0000 321707.842007  x:  0.11479   5.44972   0.12689  
  9  0.0000 321707.842007  x:  0.11479   5.44972   0.12689  
 10  0.0997 321707.842007  x:  0.11479   5.44972   0.12689  
 11  0.0176 321707.842007  x:  0.11479   5.44972   0.12689  
 12  0.0250 321707.842007  x:  0.11479   5.44972   0.12689  
check convergence!


4 (Bom_hyp) ... 1 (Apis_mel)
  0  0.0000 377906.130239  x:  0.50471   4.54074   0.11074  
  1 99.0000 377866.695154  x:  0.51560   4.54007   0.09784  
  2 4427.7981 377816.459634  x:  0.55265   4.53766   0.09865  
  3 4605.9121 377761.591682  x:  0.54599   3.87745   0.09739  
  4 153.1408 377761.387756  x:  0.54574   3.87667   0.09657  
  5  0.0013 377761.387081  x:  0.54559   3.87590   0.09659  
  6  0.0008 377761.387077  x:  0.54559   3.87606   0.09659  
  7  0.0002 377761.387077  x:  0.54559   3.87606   0.09659  
  8  0.0000 377761.387077  x:  0.54559   3.87606   0.09659  
check convergence!


4 (Bom_hyp) ... 2 (Bom_con)
  0  0.0000 319948.072487  x:  0.09978   3.41753   0.09859  
  1 99.0000 319924.135513  x:  0.10842   3.41777   0.10247  
  2 5205.7061 319915.244042  x:  0.10677   3.41891   0.11479  
  3 1628.0130 319814.249779  x:  0.10648   5.21534   0.12463  
  4 145.7601 319814.131271  x:  0.10695   5.21542   0.12343  
  5  0.0011 319814.129092  x:  0.10689   5.21764   0.12328  
  6  0.0018 319814.129023  x:  0.10689   5.21946   0.12330  
  7  0.0009 319814.129023  x:  0.10689   5.21949   0.12330  
  8  0.0000 319814.129023  x:  0.10689   5.21949   0.12330  
  9  0.0000 319814.129023  x:  0.10689   5.21949   0.12330  
 10  0.0000 319814.129023  x:  0.10689   5.21949   0.12330  
 11  0.0000 319814.129023  x:  0.10689   5.21949   0.12330  
 12  0.0137 319814.129023  x:  0.10689   5.21949   0.12330  
check convergence!


4 (Bom_hyp) ... 3 (Bom_hor)
  0  0.0000 310175.253951  x:  0.06848   4.22210   0.21877  
  1 99.0000 310160.191998  x:  0.06315   4.22225   0.21353  
  2 3921.1149 309992.331828  x:  0.06474   4.22508   0.11685  
  3 5153.0326 309956.410020  x:  0.06487   5.80086   0.13122  
  4 54.4592 309953.698937  x:  0.06592   5.86672   0.12239  
  5  0.1026 309953.513489  x:  0.06645   5.88826   0.12357  
  6  0.0239 309953.508926  x:  0.06645   5.90906   0.12348  
  7  0.0130 309953.508740  x:  0.06644   5.91076   0.12356  

5 (Bom_mus) ... 1 (Apis_mel)
  0  0.0000 378811.886168  x:  0.52615   4.92985   0.15218  
  1 99.0000 378363.662793  x:  0.52558   4.92926   0.10209  
  2 14943.7755 378316.355889  x:  0.56474   4.92549   0.09513  
  3 2518.6278 378196.948769  x:  0.55338   3.90000   0.09326  
  4 207.0255 378194.903952  x:  0.55375   3.89624   0.09581  
  5  0.0089 378194.885789  x:  0.55314   3.90179   0.09590  
  6  0.0060 378194.885338  x:  0.55306   3.90027   0.09590  
  7  0.0020 378194.885337  x:  0.55306   3.90027   0.09590  

5 (Bom_mus) ... 2 (Bom_con)
  0  0.0000 321451.955242  x:  0.10289   3.52324   0.22175  
  1 99.0000 321386.512828  x:  0.11835   3.52391   0.20586  
  2 6212.1997 321137.057224  x:  0.11719   3.52764   0.11670  
  3 8818.9748 321050.832668  x:  0.11638   5.10181   0.13444  
  4 134.8744 321042.710746  x:  0.11357   5.16177   0.12375  
  5  0.0823 321042.070685  x:  0.11224   5.17594   0.12590  
  6  0.0169 321042.064865  x:  0.11221   5.19081   0.12580  
  7  0.0090 321042.064431  x:  0.11223   5.19286   0.12588  
  8  0.0019 321042.064431  x:  0.11223   5.19288   0.12588  

5 (Bom_mus) ... 3 (Bom_hor)
  0  0.0000 310676.027016  x:  0.07248   4.40521   0.17224  
  1 99.0000 310661.967683  x:  0.06705   4.40526   0.16981  
  2 4603.5881 310614.124959  x:  0.06805   4.40622   0.12321  
  3 2107.6333 310606.148686  x:  0.06804   5.11317   0.12802  
  4 24.6265 310606.034227  x:  0.06826   5.11886   0.12619  
  5  0.0079 310606.032224  x:  0.06832   5.12035   0.12630  
  6  0.0016 310606.032218  x:  0.06832   5.12098   0.12630  
  7  0.0005 310606.032218  x:  0.06832   5.12102   0.12630  
  8  0.0000 310606.032218  x:  0.06832   5.12102   0.12630  
  9  0.0000 310606.032218  x:  0.06832   5.12102   0.12630  
 10  0.0000 310606.032218  x:  0.06832   5.12102   0.12630  
 11  0.0484 310606.032218  x:  0.06832   5.12102   0.12630  
check convergence!


5 (Bom_mus) ... 4 (Bom_hyp)
  0  0.0000 310622.129132  x:  0.06400   4.26371   0.10207  
  1 99.0000 310608.396940  x:  0.06932   4.26373   0.10408  
  2 5025.2096 310593.216328  x:  0.06828   4.26398   0.12533  
  3 1708.0685 310585.666685  x:  0.06821   4.92495   0.12815  
  4 24.9254 310585.661294  x:  0.06830   4.92411   0.12837  
  5  0.0008 310585.661225  x:  0.06829   4.92394   0.12841  
  6  0.0001 310585.661225  x:  0.06829   4.92393   0.12841  
  7  0.0000 310585.661225  x:  0.06829   4.92393   0.12841  
  8  0.0000 310585.661225  x:  0.06829   4.92393   0.12841  
  9  0.0414 310585.661225  x:  0.06829   4.92393   0.12841  
check convergence!


6 (Bom_pas) ... 1 (Apis_mel)
  0  0.0000 380023.911969  x:  0.42005   3.96413   0.20286  
  1 99.0000 378537.335014  x:  0.47115   3.96430   0.09950  
  2 19424.9796 378309.484776  x:  0.53991   3.96359   0.10599  
  3 7945.2333 378307.077823  x:  0.53942   3.84087   0.10518  
  4 35.7825 378285.801442  x:  0.55065   3.89403   0.09609  
  5  0.1149 378285.528386  x:  0.55339   3.90716   0.09625  
  6  0.0110 378285.527204  x:  0.55346   3.90557   0.09620  
  7  0.0017 378285.527200  x:  0.55345   3.90544   0.09620  
  8  0.0001 378285.527200  x:  0.55345   3.90544   0.09620  

6 (Bom_pas) ... 2 (Bom_con)
  0  0.0000 321780.310270  x:  0.10923   3.41399   0.10562  
  1 99.0000 321765.771872  x:  0.11609   3.41429   0.10978  
  2 3699.7170 321758.452291  x:  0.11413   3.41551   0.12086  
  3 1545.3687 321654.221854  x:  0.11387   5.16695   0.13102  
  4 154.0262 321654.093362  x:  0.11440   5.16645   0.12982  
  5  0.0012 321654.091146  x:  0.11434   5.16818   0.12966  
  6  0.0014 321654.091091  x:  0.11434   5.16974   0.12967  
  7  0.0008 321654.091091  x:  0.11435   5.16976   0.12967  
  8  0.0000 321654.091091  x:  0.11435   5.16977   0.12967  
  9  0.0000 321654.091091  x:  0.11435   5.16977   0.12967  
 10  0.0000 321654.091091  x:  0.11435   5.16977   0.12967  
 11  0.0194 321654.091091  x:  0.11435   5.16977   0.12967  
 12  0.0079 321654.091091  x:  0.11435   5.16977   0.12967  
 13  0.0114 321654.091091  x:  0.11435   5.16977   0.12967  
check convergence!


6 (Bom_pas) ... 3 (Bom_hor)
  0  0.0000 310839.156372  x:  0.06765   4.24347   0.11630  
  1 99.0000 310837.598457  x:  0.06948   4.24352   0.11728  
  2 1550.9455 310834.246661  x:  0.06893   4.24411   0.12782  
  3 808.4254 310814.727282  x:  0.06881   5.36238   0.13325  
  4 40.3058 310814.721598  x:  0.06887   5.36154   0.13284  
  5  0.0008 310814.721562  x:  0.06886   5.36178   0.13282  
  6  0.0002 310814.721561  x:  0.06886   5.36193   0.13282  

6 (Bom_pas) ... 4 (Bom_hyp)
  0  0.0000 311003.959879  x:  0.05663   4.54232   0.14860  
  1 99.0000 310921.552435  x:  0.06902   4.54235   0.14816  
  2 14290.8208 310917.215044  x:  0.06911   4.54284   0.13577  
  3 617.2614 310910.927957  x:  0.06907   5.20393   0.13948  
  4 21.3026 310910.839349  x:  0.06909   5.18992   0.13755  
  5  0.0152 310910.839160  x:  0.06909   5.18614   0.13753  
  6  0.0030 310910.839159  x:  0.06909   5.18614   0.13753  
  7  0.0000 310910.839159  x:  0.06909   5.18614   0.13753  
  8  0.0000 310910.839159  x:  0.06909   5.18614   0.13753  
  9  0.0000 310910.839159  x:  0.06909   5.18614   0.13753  
check convergence!


6 (Bom_pas) ... 5 (Bom_mus)
  0  0.0000 296857.056687  x:  0.01764   4.15004   0.16604  
  1 99.0000 296812.829295  x:  0.02263   4.15004   0.16588  
  2 19348.0597 296795.278899  x:  0.02269   4.15175   0.11957  
  3 646.5728 296783.171843  x:  0.02262   5.70537   0.13111  
  4 18.9114 296782.857683  x:  0.02264   5.72585   0.12537  
  5  0.0277 296782.855841  x:  0.02265   5.74858   0.12538  
  6  0.0122 296782.855822  x:  0.02264   5.75037   0.12541  
  7  0.0029 296782.855813  x:  0.02264   5.74963   0.12544  
  8  0.0005 296782.855813  x:  0.02264   5.74963   0.12544  
  9  0.0001 296782.855812  x:  0.02264   5.74963   0.12544  
 10  0.0012 296782.855812  x:  0.02264   5.74963   0.12544  
 11  0.0000 296782.855812  x:  0.02264   5.74963   0.12544  
check convergence!


7 (Bom_syl) ... 1 (Apis_mel)
  0  0.0000 379533.748331  x:  0.54764   4.76748   0.17417  
  1 99.0000 378705.989845  x:  0.53689   4.76700   0.10282  
  2 18206.3905 378686.498566  x:  0.56082   4.76376   0.09703  
  3 1608.6759 378592.223097  x:  0.54983   3.87501   0.09527  
  4 192.5489 378589.589124  x:  0.55246   3.86930   0.09783  
  5  0.0144 378589.584686  x:  0.55236   3.87412   0.09787  
  6  0.0062 378589.584583  x:  0.55230   3.87373   0.09788  
  7  0.0004 378589.584583  x:  0.55230   3.87373   0.09788  

7 (Bom_syl) ... 2 (Bom_con)
  0  0.0000 322740.769722  x:  0.12115   3.50889   0.20628  
  1 99.0000 322686.966496  x:  0.10826   3.50963   0.19085  
  2 5152.3004 322544.330845  x:  0.11305   3.51285   0.12613  
  3 7650.1409 322448.368813  x:  0.11379   5.15227   0.14328  
  4 145.3006 322443.804899  x:  0.11644   5.18351   0.13489  
  5  0.0383 322443.689592  x:  0.11695   5.19668   0.13589  
  6  0.0147 322443.684142  x:  0.11697   5.21113   0.13579  
  7  0.0084 322443.683877  x:  0.11695   5.21243   0.13585  
  8  0.0012 322443.683877  x:  0.11695   5.21244   0.13585  
  9  0.0000 322443.683877  x:  0.11695   5.21244   0.13585  

7 (Bom_syl) ... 3 (Bom_hor)
  0  0.0000 311240.692294  x:  0.06521   4.24704   0.19483  
  1 99.0000 311223.805108  x:  0.07131   4.24714   0.19184  
  2 5277.3660 311127.496203  x:  0.07130   4.24932   0.12354  
  3 2875.6763 311091.535226  x:  0.07110   5.80338   0.13622  
  4 55.3715 311090.215539  x:  0.07079   5.84148   0.12956  
  5  0.0561 311090.183713  x:  0.07055   5.86686   0.12984  
  6  0.0216 311090.182065  x:  0.07058   5.87863   0.12987  
  7  0.0074 311090.182065  x:  0.07058   5.87863   0.12987  
check convergence!


7 (Bom_syl) ... 4 (Bom_hyp)
  0  0.0000 311214.908100  x:  0.06567   4.76052   0.13288  
  1 99.0000 311203.077573  x:  0.07069   4.76054   0.13282  
  2 4898.1043 311202.953936  x:  0.07071   4.76092   0.13070  
  3 113.1205 311197.273156  x:  0.07067   5.41957   0.13384  
  4 19.7753 311197.263886  x:  0.07062   5.40127   0.13339  
  5  0.0164 311197.263805  x:  0.07062   5.39930   0.13342  
  6  0.0017 311197.263805  x:  0.07062   5.39929   0.13342  
  7  0.0000 311197.263805  x:  0.07062   5.39929   0.13342  

7 (Bom_syl) ... 5 (Bom_mus)
  0  0.0000 310390.873717  x:  0.05407   4.38038   0.12230  
  1 99.0000 310302.477406  x:  0.06666   4.38039   0.12331  
  2 15114.7824 310293.689207  x:  0.06640   4.38060   0.14187  
  3 1012.2284 310290.206138  x:  0.06636   4.84544   0.14415  
  4 16.3242 310290.201432  x:  0.06630   4.83294   0.14424  
  5  0.0104 310290.201430  x:  0.06630   4.83304   0.14424  
  6  0.0001 310290.201430  x:  0.06630   4.83303   0.14424  
  7  0.0000 310290.201430  x:  0.06630   4.83303   0.14424  
check convergence!


7 (Bom_syl) ... 6 (Bom_pas)
  0  0.0000 310693.584766  x:  0.07088   3.96135   0.25125  
  1 99.0000 310676.304829  x:  0.06498   3.96144   0.24844  
  2 5130.0892 310538.231929  x:  0.06607   3.96471   0.14675  
  3 2622.3508 310518.883010  x:  0.06607   4.96491   0.15844  
  4 44.1008 310518.048014  x:  0.06650   4.99313   0.15240  
  5  0.0474 310518.017628  x:  0.06673   5.00067   0.15280  
  6  0.0082 310518.017285  x:  0.06673   5.00545   0.15279  
  7  0.0033 310518.017283  x:  0.06673   5.00549   0.15280  
  8  0.0000 310518.017282  x:  0.06673   5.00548   0.15280  
  9  0.0000 310518.017282  x:  0.06673   5.00548   0.15280  
 10  0.0000 310518.017282  x:  0.06673   5.00548   0.15280  
check convergence!


8 (Bom_vet) ... 1 (Apis_mel)
  0  0.0000 379147.228738  x:  0.55706   4.20357   0.16798  
  1 99.0000 378291.296939  x:  0.54361   4.20366   0.09861  
  2 19242.1593 378286.147431  x:  0.55580   4.20239   0.09569  
  3 827.0569 378275.472108  x:  0.55193   3.92152   0.09497  
  4 73.7384 378274.731561  x:  0.55356   3.91718   0.09628  
  5  0.0095 378274.731341  x:  0.55356   3.91822   0.09627  
  6  0.0011 378274.731340  x:  0.55356   3.91818   0.09626  

8 (Bom_vet) ... 2 (Bom_con)
  0  0.0000 321291.717725  x:  0.11381   3.39602   0.15374  
  1 99.0000 321267.913061  x:  0.10640   3.39703   0.13974  
  2 2917.5079 321240.398757  x:  0.11100   3.39888   0.11729  
  3 5606.8840 321120.351395  x:  0.11160   5.29744   0.13314  
  4 164.0240 321119.076901  x:  0.11233   5.31360   0.12795  
  5  0.0165 321119.061414  x:  0.11245   5.33820   0.12808  
  6  0.0133 321119.060166  x:  0.11239   5.34208   0.12808  
  7  0.0034 321119.060166  x:  0.11239   5.34211   0.12809  
  8  0.0000 321119.060166  x:  0.11239   5.34212   0.12809  
  9  0.0000 321119.060166  x:  0.11239   5.34212   0.12809  
 10  0.0000 321119.060166  x:  0.11239   5.34212   0.12809  

8 (Bom_vet) ... 3 (Bom_hor)
  0  0.0000 310557.364207  x:  0.06293   4.53888   0.12922  
  1 99.0000 310545.539966  x:  0.06783   4.53891   0.12923  
  2 5012.4557 310545.509559  x:  0.06784   4.53964   0.12818  
  3 46.9831 310535.324244  x:  0.06777   5.39106   0.13281  
  4 39.1104 310535.313940  x:  0.06773   5.38893   0.13221  
  5  0.0021 310535.313939  x:  0.06773   5.38900   0.13221  
  6  0.0001 310535.313939  x:  0.06773   5.38899   0.13221  

8 (Bom_vet) ... 4 (Bom_hyp)
  0  0.0000 310755.930101  x:  0.06360   4.47202   0.21241  
  1 99.0000 310742.335252  x:  0.06897   4.47207   0.20935  
  2 4634.0688 310628.489924  x:  0.06896   4.47357   0.12904  
  3 3037.4635 310620.879297  x:  0.06887   5.16781   0.13474  
  4 23.8078 310620.489464  x:  0.06847   5.18531   0.13143  
  5  0.0262 310620.453398  x:  0.06822   5.18705   0.13200  
  6  0.0021 310620.453391  x:  0.06822   5.18764   0.13200  
  7  0.0005 310620.453390  x:  0.06822   5.18769   0.13200  
  8  0.0000 310620.453390  x:  0.06822   5.18769   0.13200  
check convergence!


8 (Bom_vet) ... 5 (Bom_mus)
  0  0.0000 296275.782628  x:  0.02272   4.44363   0.17526  
  1 99.0000 296271.935358  x:  0.02116   4.44364   0.17499  
  2 4693.6268 296239.188404  x:  0.02129   4.44518   0.10854  
  3 834.8993 296231.952373  x:  0.02123   5.74388   0.11771  
  4 13.0202 296231.749089  x:  0.02125   5.76877   0.11342  
  5  0.0406 296231.748059  x:  0.02125   5.78445   0.11333  
  6  0.0113 296231.748009  x:  0.02125   5.78652   0.11339  
  7  0.0019 296231.748009  x:  0.02125   5.78652   0.11339  
  8  0.0000 296231.748009  x:  0.02125   5.78652   0.11339  
check convergence!


8 (Bom_vet) ... 6 (Bom_pas)
  0  0.0000 296960.569266  x:  0.02205   4.62198   0.20420  
  1 99.0000 296959.516360  x:  0.02289   4.62199   0.20391  
  2 2420.8349 296919.384874  x:  0.02296   4.62389   0.12422  
  3 921.5400 296911.970678  x:  0.02290   5.93880   0.13447  
  4 13.1228 296911.729766  x:  0.02289   5.96943   0.12939  
  5  0.0506 296911.728450  x:  0.02287   5.98640   0.12946  
  6  0.0120 296911.728406  x:  0.02287   5.98948   0.12948  
  7  0.0033 296911.728400  x:  0.02287   5.98956   0.12948  

8 (Bom_vet) ... 7 (Bom_syl)
  0  0.0000 310245.606164  x:  0.06614   4.83783   0.21587  
  1 99.0000 310239.482801  x:  0.06283   4.83789   0.21094  
  2 2019.8773 310179.900909  x:  0.06456   4.83863   0.14864  
  3 4891.8204 310178.968430  x:  0.06461   5.09832   0.15057  
  4  7.3500 310178.507834  x:  0.06557   5.08795   0.15016  
  5  0.0105 310178.507729  x:  0.06556   5.08726   0.15023  
  6  0.0010 310178.507727  x:  0.06556   5.08701   0.15022  
  7  0.0002 310178.507726  x:  0.06556   5.08701   0.15022  
  8  0.0000 310178.507726  x:  0.06556   5.08701   0.15023  