Supplemental results for CODEML (seqf: /home/yzliu/eDNA/faststorage/yzliu/DK_proj/data/ref_genome/ref_annotation/primary_transcripts/extracted_cds_new/new_transcript_id_7_and_pas/bootstraps/cat.out.OG_cds_7_species_same_header_fas.shuf_537OG_68.phy  treef: xxx.trees)


pairwise comparison (Goldman & Yang 1994)
seq seq        N       S       dN       dS     dN/dS   Paras.
  2   1 486279.8 189176.2   0.0100   0.1686   0.0591   0.1632   3.6647   0.0591 -1042720.468
  3   1 485959.7 189496.3   0.0097   0.1588   0.0612   0.1546   3.5337   0.0612 -1039301.613
  3   2 484927.8 190528.2   0.0097   0.1515   0.0638   0.1490   3.9208   0.0638 -1035277.015
  4   1 486304.3 189151.7   0.0073   0.1212   0.0605   0.1176   3.5008   0.0605 -1017488.339
  4   2 484382.4 191073.6   0.0095   0.1565   0.0604   0.1531   4.0246   0.0604 -1036639.213
  4   3 483872.6 191583.4   0.0092   0.1494   0.0617   0.1470   3.8875   0.0617 -1034263.143
  5   1 488747.7 186708.3   0.0054   0.0921   0.0587   0.0881   3.1311   0.0587 -998219.800
  5   2 485610.6 189845.4   0.0098   0.1649   0.0597   0.1603   3.7219   0.0597 -1041370.346
  5   3 485691.7 189764.3   0.0096   0.1549   0.0622   0.1514   3.5390   0.0622 -1037917.420
  5   4 486016.3 189439.7   0.0072   0.1153   0.0621   0.1124   3.5084   0.0621 -1014519.098
  6   1 490391.8 185064.2   0.0070   0.1210   0.0579   0.1147   2.9670   0.0579 -1016273.613
  6   2 486741.6 188714.4   0.0093   0.1602   0.0578   0.1543   3.5912   0.0578 -1037771.681
  6   3 486485.5 188970.5   0.0092   0.1519   0.0606   0.1474   3.4560   0.0606 -1035375.219
  6   4 486877.4 188578.6   0.0070   0.1161   0.0603   0.1124   3.4181   0.0603 -1014278.255
  6   5 490175.2 185280.8   0.0070   0.1161   0.0600   0.1107   2.9672   0.0600 -1014221.293
  7   1 482244.3 193211.7   0.0667   1.2003   0.0555   1.1728   4.0602   0.0555 -1268390.699
  7   2 479251.3 196204.7   0.0678   1.2645   0.0536   1.2462   4.3250   0.0536 -1271975.156
  7   3 481215.0 194241.0   0.0671   1.1978   0.0560   1.1768   4.1610   0.0560 -1268805.410
  7   4 480956.8 194499.2   0.0665   1.2053   0.0551   1.1832   4.1910   0.0551 -1268084.098
  7   5 482472.6 192983.4   0.0664   1.1864   0.0560   1.1593   4.0472   0.0560 -1267471.412
  7   6 482273.3 193182.7   0.0664   1.1992   0.0553   1.1711   4.0469   0.0553 -1267940.012

