Supplemental results for CODEML (seqf: /home/yzliu/eDNA/faststorage/yzliu/DK_proj/data/ref_genome/ref_annotation/primary_transcripts/extracted_cds_new/new_transcript_id_8_bom_apis/bootstraps/cat.out.OG_cds_8_species_same_header_fas.shuf_211OG_938.phy  treef: xxx.trees)


pairwise comparison (Goldman & Yang 1994)
seq seq        N       S       dN       dS     dN/dS   Paras.
  2   1 177628.7  59236.3   0.0554   0.5963   0.0929   0.5720   3.9380   0.0929 -416494.313
  3   1 177454.1  59410.9   0.0555   0.6130   0.0905   0.5859   3.9457   0.0905 -417318.079
  3   2 173884.6  62980.4   0.0140   0.1163   0.1204   0.1236   4.9128   0.1204 -355235.015
  4   1 177770.1  59094.9   0.0540   0.6025   0.0897   0.5727   3.9675   0.0897 -415664.936
  4   2 173777.4  63087.6   0.0127   0.1072   0.1187   0.1137   5.2502   0.1187 -352439.696
  4   3 174078.9  62786.1   0.0080   0.0666   0.1206   0.0707   4.9039   0.1206 -341599.034
  5   1 177804.8  59060.2   0.0552   0.6097   0.0906   0.5804   3.9784   0.0906 -416454.525
  5   2 173875.8  62989.2   0.0142   0.1151   0.1232   0.1231   5.2144   0.1232 -354767.389
  5   3 174153.2  62711.8   0.0089   0.0689   0.1289   0.0743   4.8883   0.1289 -342666.202
  5   4 173738.9  63126.1   0.0080   0.0660   0.1209   0.0703   5.4818   0.1209 -341020.868
  6   1 177821.3  59043.7   0.0555   0.6079   0.0913   0.5796   3.9708   0.0913 -416543.113
  6   2 173883.5  62981.5   0.0146   0.1154   0.1269   0.1243   5.2108   0.1269 -355181.573
  6   3 173932.5  62932.5   0.0094   0.0681   0.1375   0.0749   5.0523   0.1375 -342948.600
  6   4 173507.1  63357.9   0.0086   0.0652   0.1323   0.0713   5.6881   0.1323 -341458.057
  6   5 173219.2  63645.8   0.0029   0.0218   0.1354   0.0240   6.0103   0.1354 -326040.533
  7   1 177806.0  59059.0   0.0554   0.6038   0.0917   0.5763   3.9800   0.0917 -416345.327
  7   2 173563.5  63301.5   0.0143   0.1149   0.1241   0.1235   5.4715   0.1241 -354807.394
  7   3 173630.9  63234.1   0.0087   0.0683   0.1271   0.0737   5.2853   0.1271 -342372.564
  7   4 173231.7  63633.3   0.0080   0.0655   0.1218   0.0703   5.9437   0.1218 -340959.817
  7   5 173100.0  63765.0   0.0081   0.0624   0.1294   0.0681   6.1276   0.1294 -340314.949
  7   6 173020.3  63844.7   0.0087   0.0617   0.1406   0.0689   6.2122   0.1406 -340735.390
  8   1 177767.7  59097.3   0.0552   0.6112   0.0904   0.5818   3.9746   0.0904 -416568.813
  8   2 173723.7  63141.3   0.0141   0.1150   0.1230   0.1231   5.3026   0.1230 -354756.567
  8   3 174085.4  62779.6   0.0088   0.0676   0.1303   0.0732   4.9080   0.1303 -342411.208
  8   4 173583.2  63281.8   0.0081   0.0652   0.1240   0.0700   5.5797   0.1240 -341007.735
  8   5 173281.1  63583.9   0.0023   0.0199   0.1157   0.0211   5.9056   0.1157 -324853.681
  8   6 172695.6  64169.4   0.0029   0.0217   0.1324   0.0239   6.5105   0.1324 -325980.620
  8   7 172987.5  63877.5   0.0080   0.0615   0.1306   0.0673   6.1979   0.1306 -340164.216

