

2 (Bom_con) ... 1 (Apis_mel)
  0  0.0000 819788.034417  x:  0.51193   1.56185   0.38914  
  1 99.0000 806394.327330  x:  0.44712   1.61281   0.09934  
  2 50514.6280 805995.567936  x:  0.47872   1.62513   0.07911  
  3 21920.2564 802189.512554  x:  0.57442   3.11892   0.11733  
  4 7505.4491 801872.559190  x:  0.53558   3.40936   0.10622  
  5  0.3530 801740.541397  x:  0.57246   3.65422   0.09557  
  6  0.1267 801726.574187  x:  0.57571   3.76924   0.09946  
  7  0.0616 801724.135303  x:  0.57398   3.83322   0.09887  
  8  0.0489 801724.133914  x:  0.57392   3.83381   0.09891  
  9  0.0005 801724.133911  x:  0.57392   3.83378   0.09891  

3 (Bom_hor) ... 1 (Apis_mel)
  0  0.0000 804664.675221  x:  0.51382   3.35366   0.13504  
  1 99.0000 804138.585405  x:  0.52244   3.35428   0.10044  
  2 25782.3261 803900.313672  x:  0.58252   3.35644   0.09531  
  3 9329.0912 803813.625164  x:  0.58803   3.82858   0.09760  
  4 394.2131 803813.279555  x:  0.58889   3.83111   0.09683  
  5  0.0040 803813.257009  x:  0.58950   3.83200   0.09683  
  6  0.0010 803813.257008  x:  0.58950   3.83205   0.09683  

3 (Bom_hor) ... 2 (Bom_con)
  0  0.0000 679939.955683  x:  0.09303   3.27337   0.21555  
  1 99.0000 679506.121895  x:  0.11904   3.27377   0.20811  
  2 35318.4966 678914.045439  x:  0.11961   3.27866   0.11540  
  3 10781.3059 678637.199781  x:  0.11925   5.08592   0.13885  
  4 394.6778 678618.217024  x:  0.11911   5.16515   0.12530  
  5  0.1244 678617.697235  x:  0.11863   5.25906   0.12538  
  6  0.0481 678617.668100  x:  0.11876   5.26788   0.12579  
  7  0.0071 678617.666505  x:  0.11880   5.27005   0.12571  
  8  0.0020 678617.666504  x:  0.11880   5.27018   0.12571  

4 (Bom_hyp) ... 1 (Apis_mel)
  0  0.0000 801692.925791  x:  0.57837   4.21610   0.10506  
  1 99.0000 801664.608972  x:  0.57820   4.21591   0.09810  
  2 7879.2456 801661.411479  x:  0.58586   4.21352   0.09714  
  3 822.2522 801613.239392  x:  0.57962   3.81444   0.09660  
  4 248.1680 801613.229475  x:  0.57920   3.81378   0.09665  
  5  0.0008 801613.229470  x:  0.57920   3.81388   0.09665  
  6  0.0001 801613.229470  x:  0.57920   3.81387   0.09665  

4 (Bom_hyp) ... 2 (Bom_con)
  0  0.0000 675882.854874  x:  0.11900   3.48827   0.19087  
  1 99.0000 675760.640929  x:  0.10543   3.48885   0.17869  
  2 12875.4643 675463.858395  x:  0.10941   3.49201   0.11653  
  3 12945.1474 675230.454453  x:  0.11004   5.32269   0.13504  
  4 323.3203 675220.453596  x:  0.11195   5.36811   0.12568  
  5  0.0577 675220.217362  x:  0.11248   5.39934   0.12634  
  6  0.0280 675220.182050  x:  0.11240   5.42653   0.12627  
  7  0.0154 675220.181616  x:  0.11239   5.42690   0.12634  
  8  0.0004 675220.181616  x:  0.11239   5.42691   0.12634  
  9  0.0000 675220.181616  x:  0.11239   5.42690   0.12634  
 10  0.0000 675220.181616  x:  0.11239   5.42691   0.12634  

4 (Bom_hyp) ... 3 (Bom_hor)
  0  0.0000 653167.133292  x:  0.06509   4.57877   0.20973  
  1 99.0000 653141.185709  x:  0.07028   4.57889   0.20385  
  2 6929.1320 652881.336031  x:  0.06964   4.58059   0.12251  
  3 11562.3191 652851.140260  x:  0.06945   5.60818   0.13072  
  4 66.1592 652848.329753  x:  0.06831   5.63488   0.12594  
  5  0.0341 652848.109871  x:  0.06796   5.63246   0.12732  
  6  0.0038 652848.109835  x:  0.06796   5.63307   0.12730  
  7  0.0006 652848.109834  x:  0.06796   5.63324   0.12730  
  8  0.0001 652848.109834  x:  0.06796   5.63326   0.12730  
  9  0.0000 652848.109834  x:  0.06796   5.63324   0.12730  
 10  0.0000 652848.109834  x:  0.06796   5.63325   0.12730  

5 (Bom_mus) ... 1 (Apis_mel)
  0  0.0000 804367.650787  x:  0.54231   4.70799   0.15199  
  1 99.0000 803486.263067  x:  0.54535   4.70738   0.10404  
  2 30820.0335 803310.080514  x:  0.60029   4.70311   0.09552  
  3 6975.0430 803095.991747  x:  0.58893   3.81101   0.09365  
  4 430.2880 803090.328755  x:  0.58872   3.80423   0.09658  
  5  0.0147 803090.253175  x:  0.58774   3.80999   0.09670  
  6  0.0058 803090.251948  x:  0.58766   3.80825   0.09670  
  7  0.0023 803090.251947  x:  0.58766   3.80825   0.09670  

5 (Bom_mus) ... 2 (Bom_con)
  0  0.0000 679491.205593  x:  0.11210   3.43262   0.22169  
  1 99.0000 679260.104498  x:  0.13304   3.43433   0.18471  
  2 11457.0216 678847.433418  x:  0.12899   3.43764   0.11449  
  3 32818.1383 678600.904067  x:  0.12714   5.23122   0.13425  
  4 346.9837 678564.489600  x:  0.12005   5.25097   0.12571  
  5  0.0255 678564.012240  x:  0.11946   5.24640   0.12752  
  6  0.0067 678564.011246  x:  0.11943   5.24423   0.12746  
  7  0.0018 678564.011095  x:  0.11944   5.24261   0.12746  

5 (Bom_mus) ... 3 (Bom_hor)
  0  0.0000 654390.131804  x:  0.07329   4.41369   0.10416  
  1 99.0000 654367.515655  x:  0.06854   4.41371   0.10769  
  2 7478.3075 654319.189772  x:  0.07018   4.41383   0.13363  
  3 5769.5695 654310.575280  x:  0.07017   4.90467   0.13573  
  4 37.4817 654310.233377  x:  0.06960   4.90384   0.13654  
  5  0.0013 654310.229670  x:  0.06962   4.90338   0.13679  
  6  0.0004 654310.229670  x:  0.06962   4.90340   0.13679  

5 (Bom_mus) ... 4 (Bom_hyp)
  0  0.0000 654147.203830  x:  0.07362   4.04931   0.11951  
  1 99.0000 654140.017113  x:  0.07086   4.04937   0.11973  
  2 5101.9763 654139.186930  x:  0.07083   4.05026   0.12343  
  3 464.0824 654078.104428  x:  0.07073   5.38055   0.13028  
  4 117.0006 654078.035249  x:  0.07075   5.36392   0.12919  
  5  0.0146 654078.035047  x:  0.07074   5.36113   0.12918  
  6  0.0018 654078.035045  x:  0.07075   5.36114   0.12919  
  7  0.0000 654078.035045  x:  0.07075   5.36110   0.12919  
  8  0.0000 654078.035045  x:  0.07075   5.36111   0.12919  
  9  0.0000 654078.035045  x:  0.07075   5.36112   0.12919  

6 (Bom_pas) ... 1 (Apis_mel)
  0  0.0000 807683.513172  x:  0.48873   4.55752   0.23653  
  1 99.0000 803775.696373  x:  0.50714   4.55682   0.10709  
  2 41839.3478 803273.469497  x:  0.59534   4.55322   0.09340  
  3 13299.3217 803139.932971  x:  0.58686   3.85758   0.09006  
  4 352.5593 803104.020235  x:  0.58818   3.78753   0.09671  
  5  0.2834 803103.646484  x:  0.58754   3.81699   0.09703  
  6  0.0355 803103.626773  x:  0.58697   3.81347   0.09711  
  7  0.0033 803103.626762  x:  0.58697   3.81342   0.09711  

6 (Bom_pas) ... 2 (Bom_con)
  0  0.0000 680059.297589  x:  0.10223   3.21326   0.18785  
  1 99.0000 679827.157734  x:  0.12203   3.21375   0.18023  
  2 23421.9089 679507.802507  x:  0.12198   3.21775   0.11723  
  3 9661.0903 679178.521185  x:  0.12150   5.18115   0.13969  
  4 438.8292 679164.550548  x:  0.12115   5.23829   0.12800  
  5  0.0744 679164.127440  x:  0.12072   5.32397   0.12819  
  6  0.0422 679164.097644  x:  0.12090   5.33447   0.12848  
  7  0.0081 679164.097046  x:  0.12091   5.33564   0.12842  
  8  0.0012 679164.097045  x:  0.12091   5.33573   0.12842  

6 (Bom_pas) ... 3 (Bom_hor)
  0  0.0000 654781.398922  x:  0.06055   4.36467   0.12245  
  1 99.0000 654669.958515  x:  0.07077   4.36470   0.12325  
  2 23038.1393 654661.698482  x:  0.07059   4.36515   0.13507  
  3 1462.0082 654638.536631  x:  0.07053   5.19276   0.13929  
  4 62.5957 654638.532391  x:  0.07049   5.18713   0.13909  
  5  0.0047 654638.532361  x:  0.07049   5.18621   0.13910  
  6  0.0007 654638.532361  x:  0.07049   5.18621   0.13910  

6 (Bom_pas) ... 4 (Bom_hyp)
  0  0.0000 654772.267054  x:  0.06385   4.26570   0.17846  
  1 99.0000 654711.840214  x:  0.07151   4.26576   0.17663  
  2 16004.2688 654610.347099  x:  0.07163   4.26742   0.12951  
  3 3979.0236 654550.557314  x:  0.07152   5.63495   0.13987  
  4 103.8201 654549.593399  x:  0.07150   5.64473   0.13569  
  5  0.0138 654549.591399  x:  0.07147   5.65202   0.13569  
  6  0.0051 654549.591334  x:  0.07148   5.65303   0.13571  
  7  0.0008 654549.591333  x:  0.07148   5.65311   0.13570  

6 (Bom_pas) ... 5 (Bom_mus)
  0  0.0000 623535.794634  x:  0.02048   4.48120   0.23198  
  1 99.0000 623528.649975  x:  0.02202   4.48121   0.23171  
  2 10037.3175 623412.527720  x:  0.02214   4.48384   0.12950  
  3 1830.3243 623396.643283  x:  0.02205   5.76422   0.14201  
  4 28.3948 623395.766443  x:  0.02201   5.81376   0.13508  
  5  0.0875 623395.751531  x:  0.02195   5.84307   0.13530  
  6  0.0233 623395.750924  x:  0.02196   5.85033   0.13534  
  7  0.0053 623395.750921  x:  0.02196   5.85034   0.13534  

7 (Bom_syl) ... 1 (Apis_mel)
  0  0.0000 805225.351575  x:  0.50215   4.63377   0.10960  
  1 99.0000 804817.433517  x:  0.56077   4.63140   0.12085  
  2 14199.1942 804614.278774  x:  0.59195   4.62956   0.10006  
  3 20608.8403 804420.144423  x:  0.58346   3.79563   0.09894  
  4 418.9558 804418.403841  x:  0.58779   3.79974   0.09952  
  5  0.0053 804418.374975  x:  0.58824   3.80048   0.09930  
  6  0.0011 804418.374961  x:  0.58824   3.80027   0.09930  
  7  0.0003 804418.374961  x:  0.58824   3.80028   0.09930  

7 (Bom_syl) ... 2 (Bom_con)
  0  0.0000 682832.491067  x:  0.13256   3.23079   0.09678  
  1 99.0000 682719.423736  x:  0.12123   3.23154   0.11529  
  2 10572.6081 682691.232903  x:  0.12657   3.23237   0.12493  
  3 6903.6496 682387.713311  x:  0.12724   5.14050   0.13614  
  4 421.7663 682386.265789  x:  0.12563   5.13878   0.13766  
  5  0.0023 682386.230833  x:  0.12571   5.13569   0.13822  
  6  0.0023 682386.230321  x:  0.12571   5.13257   0.13819  
  7  0.0015 682386.230318  x:  0.12571   5.13251   0.13819  
  8  0.0001 682386.230318  x:  0.12571   5.13252   0.13819  
  9  0.0000 682386.230318  x:  0.12571   5.13253   0.13819  

7 (Bom_syl) ... 3 (Bom_hor)
  0  0.0000 657450.365269  x:  0.07549   4.21966   0.21829  
  1 99.0000 657427.128835  x:  0.07073   4.21980   0.21232  
  2 5950.7359 657233.089682  x:  0.07275   4.22154   0.14074  
  3 10920.6079 657209.582472  x:  0.07282   4.98607   0.14790  
  4 68.0845 657207.638192  x:  0.07405   4.99180   0.14438  
  5  0.0076 657207.571159  x:  0.07419   4.98921   0.14532  
  6  0.0039 657207.571136  x:  0.07419   4.98909   0.14530  

7 (Bom_syl) ... 4 (Bom_hyp)
  0  0.0000 657692.208703  x:  0.07705   4.14549   0.25229  
  1 99.0000 657657.233493  x:  0.07113   4.14569   0.24571  
  2 7692.8633 657269.097802  x:  0.07300   4.14897   0.13808  
  3 12142.3548 657212.414866  x:  0.07317   5.35715   0.15139  
  4 109.4245 657206.856631  x:  0.07462   5.39836   0.14301  
  5  0.0603 657206.364045  x:  0.07521   5.39747   0.14474  
  6  0.0026 657206.362693  x:  0.07523   5.40043   0.14463  
  7  0.0028 657206.362647  x:  0.07523   5.40162   0.14464  
  8  0.0008 657206.362647  x:  0.07523   5.40162   0.14464  
  9  0.0000 657206.362647  x:  0.07523   5.40162   0.14464  
 10  0.0000 657206.362647  x:  0.07523   5.40162   0.14464  
 11  0.0000 657206.362647  x:  0.07523   5.40162   0.14464  
 12  0.0000 657206.362647  x:  0.07523   5.40162   0.14464  
 13  0.0451 657206.362647  x:  0.07523   5.40162   0.14464  
 14  0.0123 657206.362647  x:  0.07523   5.40162   0.14464  
 15  0.0952 657206.362647  x:  0.07523   5.40162   0.14464  
 16  0.0000 657206.362647  x:  0.07523   5.40162   0.14464  
check convergence!


7 (Bom_syl) ... 5 (Bom_mus)
  0  0.0000 655227.047394  x:  0.05934   4.56933   0.13740  
  1 99.0000 655083.791321  x:  0.07085   4.56934   0.13812  
  2 26555.6908 655075.684195  x:  0.07069   4.56956   0.15093  
  3 1322.2067 655069.939036  x:  0.07066   5.04590   0.15346  
  4 30.2411 655069.794798  x:  0.07060   4.98058   0.15313  
  5  0.0575 655069.794696  x:  0.07060   4.97898   0.15314  
  6  0.0016 655069.794694  x:  0.07060   4.97906   0.15314  

7 (Bom_syl) ... 6 (Bom_pas)
  0  0.0000 655464.919817  x:  0.07001   4.31531   0.16553  
  1 99.0000 655463.172257  x:  0.07136   4.31536   0.16491  
  2 2384.9194 655457.126521  x:  0.07127   4.31629   0.15308  
  3 1186.2500 655429.059778  x:  0.07121   5.20961   0.15936  
  4 71.1351 655428.999842  x:  0.07120   5.20501   0.15817  
  5  0.0049 655428.999812  x:  0.07120   5.20412   0.15816  
  6  0.0007 655428.999812  x:  0.07120   5.20397   0.15816  
  7  0.0001 655428.999812  x:  0.07120   5.20398   0.15816  

8 (Bom_vet) ... 1 (Apis_mel)
  0  0.0000 808215.683642  x:  0.48530   4.22466   0.24624  
  1 99.0000 803787.060952  x:  0.50438   4.22461   0.10619  
  2 42962.8116 803285.158689  x:  0.59115   4.22217   0.09254  
  3 13449.7291 803250.684147  x:  0.58679   3.88514   0.09056  
  4 194.7110 803219.096575  x:  0.58849   3.80949   0.09666  
  5  0.3148 803218.971598  x:  0.58850   3.82796   0.09682  
  6  0.0216 803218.970180  x:  0.58836   3.82737   0.09686  
  7  0.0005 803218.970179  x:  0.58836   3.82739   0.09686  
  8  0.0000 803218.970179  x:  0.58836   3.82738   0.09686  

8 (Bom_vet) ... 2 (Bom_con)
  0  0.0000 679738.826307  x:  0.09693   3.25542   0.20659  
  1 99.0000 679399.918952  x:  0.12032   3.25587   0.19883  
  2 29904.9095 678900.974510  x:  0.12069   3.26058   0.11597  
  3 10643.8385 678584.448838  x:  0.12027   5.18448   0.13982  
  4 424.5605 678565.486594  x:  0.12000   5.26761   0.12631  
  5  0.1212 678564.708058  x:  0.11942   5.38704   0.12660  
  6  0.0583 678564.660535  x:  0.11964   5.39853   0.12701  
  7  0.0088 678564.658949  x:  0.11967   5.40080   0.12691  
  8  0.0022 678564.658947  x:  0.11967   5.40099   0.12691  
  9  0.0002 678564.658947  x:  0.11967   5.40101   0.12691  
 10  0.0000 678564.658947  x:  0.11967   5.40101   0.12691  
check convergence!


8 (Bom_vet) ... 3 (Bom_hor)
  0  0.0000 654302.934866  x:  0.05979   4.45433   0.17765  
  1 99.0000 654206.669274  x:  0.06918   4.45437   0.17629  
  2 21432.1454 654131.921191  x:  0.06934   4.45531   0.13452  
  3 3250.6757 654116.627391  x:  0.06930   5.13093   0.13935  
  4 49.3779 654116.498128  x:  0.06930   5.13363   0.13778  
  5  0.0042 654116.498083  x:  0.06930   5.13455   0.13778  
  6  0.0008 654116.498083  x:  0.06930   5.13459   0.13778  
  7  0.0001 654116.498083  x:  0.06930   5.13458   0.13778  

8 (Bom_vet) ... 4 (Bom_hyp)
  0  0.0000 654746.731649  x:  0.06559   4.40970   0.19446  
  1 99.0000 654708.474959  x:  0.07174   4.40977   0.19186  
  2 11815.7314 654531.603759  x:  0.07175   4.41152   0.12732  
  3 5417.2164 654484.835448  x:  0.07163   5.63988   0.13696  
  4 88.3142 654483.719112  x:  0.07147   5.65830   0.13265  
  5  0.0277 654483.703628  x:  0.07135   5.66664   0.13276  
  6  0.0075 654483.703401  x:  0.07135   5.66965   0.13277  

8 (Bom_vet) ... 5 (Bom_mus)
  0  0.0000 622439.316185  x:  0.01725   4.67549   0.20778  
  1 99.0000 622400.937062  x:  0.02036   4.67549   0.20759  
  2 26124.9830 622317.493216  x:  0.02043   4.67665   0.12365  
  3 1601.4556 622315.513016  x:  0.02042   5.13270   0.12727  
  4  9.2610 622315.450921  x:  0.02042   5.14145   0.12548  
  5  0.0166 622315.450821  x:  0.02043   5.14148   0.12546  
  6  0.0000 622315.450821  x:  0.02043   5.14147   0.12546  
  7  0.0000 622315.450821  x:  0.02043   5.14147   0.12546  

8 (Bom_vet) ... 6 (Bom_pas)
  0  0.0000 623953.210950  x:  0.01752   4.17569   0.22517  
  1 99.0000 623864.854732  x:  0.02237   4.17570   0.22495  
  2 39905.3776 623746.888639  x:  0.02245   4.17926   0.12562  
  3 1857.9569 623710.870168  x:  0.02238   6.04903   0.14488  
  4 47.4298 623708.637839  x:  0.02239   6.13703   0.13386  
  5  0.1438 623708.571350  x:  0.02238   6.24707   0.13434  
  6  0.0539 623708.571244  x:  0.02239   6.24528   0.13439  
  7  0.0016 623708.571234  x:  0.02239   6.24424   0.13439  
  8  0.0019 623708.571232  x:  0.02239   6.24427   0.13438  
  9  0.0001 623708.571228  x:  0.02239   6.24427   0.13438  
 10  0.0014 623708.571228  x:  0.02239   6.24427   0.13438  
check convergence!


8 (Bom_vet) ... 7 (Bom_syl)
  0  0.0000 654854.454388  x:  0.06574   5.15586   0.20681  
  1 99.0000 654836.311909  x:  0.06995   5.15587   0.20526  
  2 8272.9241 654758.762766  x:  0.06995   5.15622   0.15702  
  3 3242.4740 654758.729469  x:  0.06994   5.19069   0.15725  
  4  1.9531 654758.717069  x:  0.06983   5.19034   0.15714  
  5  0.0004 654758.717004  x:  0.06983   5.19025   0.15718  
  6  0.0001 654758.717003  x:  0.06983   5.19029   0.15718  