Supplemental results for CODEML (seqf: /home/yzliu/eDNA/faststorage/yzliu/DK_proj/data/ref_genome/ref_annotation/primary_transcripts/extracted_cds_new/new_transcript_id_8_bom_apis/bootstraps/cat.out.OG_cds_8_species_same_header_fas.shuf_211OG_570.phy  treef: xxx.trees)


pairwise comparison (Goldman & Yang 1994)
seq seq        N       S       dN       dS     dN/dS   Paras.
  2   1 164696.4  54681.6   0.0581   0.5697   0.1019   0.5568   3.7928   0.1019 -387032.256
  3   1 164387.1  54990.9   0.0581   0.5916   0.0981   0.5754   3.8833   0.0981 -387754.512
  3   2 160340.7  59037.3   0.0141   0.1114   0.1265   0.1208   5.1408   0.1265 -328995.797
  4   1 164831.2  54546.8   0.0572   0.5819   0.0983   0.5629   3.8274   0.0983 -386673.695
  4   2 160677.0  58701.0   0.0135   0.1033   0.1303   0.1125   5.1350   0.1303 -327115.114
  4   3 159870.5  59507.5   0.0076   0.0637   0.1186   0.0683   5.7147   0.1186 -315900.453
  5   1 164779.8  54598.2   0.0578   0.5874   0.0984   0.5688   3.8661   0.0984 -387068.790
  5   2 160681.8  58696.2   0.0144   0.1094   0.1316   0.1195   5.1449   0.1316 -328646.138
  5   3 160458.8  58919.2   0.0086   0.0643   0.1338   0.0707   5.2033   0.1338 -316856.727
  5   4 160548.4  58829.6   0.0082   0.0633   0.1297   0.0689   5.4158   0.1297 -316093.092
  6   1 164773.1  54604.9   0.0581   0.5885   0.0987   0.5703   3.8634   0.0987 -387252.415
  6   2 160601.2  58776.8   0.0148   0.1101   0.1345   0.1210   5.2037   0.1345 -329035.667
  6   3 160173.7  59204.3   0.0089   0.0652   0.1370   0.0724   5.4406   0.1370 -317276.900
  6   4 160288.5  59089.5   0.0088   0.0638   0.1386   0.0710   5.6462   0.1386 -316705.590
  6   5 159812.0  59566.0   0.0029   0.0204   0.1412   0.0229   6.1496   0.1412 -302058.959
  7   1 164852.8  54525.2   0.0590   0.5868   0.1005   0.5706   3.8413   0.1005 -387738.415
  7   2 161006.1  58371.9   0.0155   0.1125   0.1380   0.1240   4.9055   0.1380 -330008.041
  7   3 160372.1  59005.9   0.0090   0.0677   0.1334   0.0744   5.2978   0.1334 -317829.333
  7   4 160508.7  58869.3   0.0089   0.0655   0.1357   0.0722   5.4745   0.1357 -317077.082
  7   5 160926.2  58451.8   0.0093   0.0608   0.1536   0.0692   5.1270   0.1536 -316620.547
  7   6 160752.7  58625.3   0.0098   0.0615   0.1599   0.0709   5.2644   0.1599 -317133.043
  8   1 164742.8  54635.2   0.0579   0.5862   0.0988   0.5684   3.8631   0.0988 -387128.397
  8   2 160478.4  58899.6   0.0144   0.1083   0.1333   0.1189   5.2830   0.1333 -328568.513
  8   3 160153.8  59224.2   0.0086   0.0633   0.1366   0.0702   5.4321   0.1366 -316774.901
  8   4 160156.6  59221.4   0.0084   0.0628   0.1343   0.0694   5.7440   0.1343 -316261.973
  8   5 160189.7  59188.3   0.0026   0.0195   0.1311   0.0214   5.7293   0.1311 -301576.771
  8   6 159338.5  60039.5   0.0028   0.0201   0.1409   0.0227   6.6454   0.1409 -302021.650
  8   7 160578.5  58799.5   0.0093   0.0596   0.1568   0.0684   5.3905   0.1568 -316443.768

