Supplemental results for CODEML (seqf: /home/yzliu/eDNA/faststorage/yzliu/DK_proj/data/ref_genome/ref_annotation/primary_transcripts/extracted_cds_new/new_transcript_id_7_and_pas/bootstraps/cat.out.OG_cds_7_species_same_header_fas.shuf_537OG_784.phy  treef: xxx.trees)


pairwise comparison (Goldman & Yang 1994)
seq seq        N       S       dN       dS     dN/dS   Paras.
  2   1 509146.7 198769.3   0.0096   0.1650   0.0579   0.1596   3.6577   0.0579 -1090837.072
  3   1 508671.2 199244.8   0.0097   0.1619   0.0597   0.1575   3.5864   0.0597 -1090456.330
  3   2 507135.1 200780.9   0.0094   0.1472   0.0637   0.1455   3.9764   0.0637 -1082983.884
  4   1 508373.5 199542.5   0.0078   0.1213   0.0646   0.1195   3.6401   0.0646 -1068136.987
  4   2 506660.7 201255.3   0.0094   0.1529   0.0613   0.1506   4.0717   0.0613 -1085335.596
  4   3 505781.4 202134.6   0.0095   0.1514   0.0629   0.1501   4.0339   0.0629 -1085760.928
  5   1 511400.6 196515.4   0.0058   0.0929   0.0619   0.0898   3.2117   0.0619 -1047929.176
  5   2 508610.3 199305.7   0.0097   0.1612   0.0601   0.1570   3.6924   0.0601 -1090019.993
  5   3 508312.8 199603.2   0.0098   0.1570   0.0621   0.1539   3.6016   0.0621 -1089100.301
  5   4 508399.7 199516.3   0.0077   0.1164   0.0666   0.1151   3.6053   0.0666 -1065797.886
  6   1 513443.2 194472.8   0.0068   0.1211   0.0565   0.1147   3.0063   0.0565 -1064853.662
  6   2 509649.5 198266.5   0.0087   0.1572   0.0554   0.1509   3.5733   0.0554 -1085482.165
  6   3 509303.0 198613.0   0.0090   0.1548   0.0583   0.1498   3.4909   0.0583 -1085972.480
  6   4 509083.5 198832.5   0.0071   0.1174   0.0603   0.1142   3.5326   0.0603 -1064133.928
  6   5 513329.2 194586.8   0.0070   0.1162   0.0600   0.1110   2.9953   0.0600 -1063157.823
  7   1 506388.7 201527.3   0.0637   1.1819   0.0539   1.1460   4.0800   0.0539 -1322039.703
  7   2 503372.9 204543.1   0.0643   1.2352   0.0520   1.2078   4.3348   0.0520 -1324946.430
  7   3 505196.6 202719.4   0.0638   1.1802   0.0540   1.1503   4.2059   0.0540 -1321805.788
  7   4 504804.6 203111.4   0.0635   1.1944   0.0532   1.1640   4.2366   0.0532 -1322037.103
  7   5 506793.9 201122.1   0.0635   1.1654   0.0545   1.1297   4.0502   0.0545 -1321202.060
  7   6 506620.1 201295.9   0.0631   1.1785   0.0536   1.1409   4.0591   0.0536 -1321134.293

