Supplemental results for CODEML (seqf: /home/yzliu/eDNA/faststorage/yzliu/DK_proj/data/ref_genome/ref_annotation/primary_transcripts/extracted_cds_new/new_transcript_id_8_bom_apis/bootstraps/cat.out.OG_cds_8_species_same_header_fas.shuf_211OG_968.phy  treef: xxx.trees)


pairwise comparison (Goldman & Yang 1994)
seq seq        N       S       dN       dS     dN/dS   Paras.
  2   1 176441.8  56961.2   0.0587   0.5781   0.1016   0.5564   4.1786   0.1016 -409242.314
  3   1 176218.3  57184.7   0.0580   0.5967   0.0973   0.5700   4.1766   0.0973 -409718.985
  3   2 172110.8  61292.2   0.0146   0.1083   0.1346   0.1176   5.2519   0.1346 -348295.083
  4   1 176597.0  56806.0   0.0573   0.5848   0.0980   0.5571   4.1861   0.0980 -408423.561
  4   2 172205.2  61197.8   0.0137   0.1002   0.1365   0.1091   5.4919   0.1365 -345999.395
  4   3 172163.1  61239.9   0.0079   0.0636   0.1247   0.0676   5.3356   0.1247 -334965.405
  5   1 176604.5  56798.5   0.0576   0.5936   0.0971   0.5641   4.2099   0.0971 -408777.143
  5   2 172294.1  61108.9   0.0144   0.1080   0.1338   0.1168   5.4513   0.1338 -347741.706
  5   3 172549.8  60853.2   0.0081   0.0664   0.1222   0.0699   5.0525   0.1222 -335587.311
  5   4 172118.0  61285.0   0.0080   0.0639   0.1251   0.0680   5.7605   0.1251 -334733.908
  6   1 176604.5  56798.5   0.0577   0.5907   0.0977   0.5623   4.1853   0.0977 -408807.486
  6   2 172265.2  61137.8   0.0146   0.1077   0.1359   0.1170   5.4453   0.1359 -347885.063
  6   3 172361.6  61041.4   0.0084   0.0659   0.1277   0.0704   5.1761   0.1277 -335797.161
  6   4 171938.2  61464.8   0.0084   0.0631   0.1326   0.0684   5.9023   0.1326 -334981.126
  6   5 171536.7  61866.3   0.0025   0.0208   0.1191   0.0220   6.3801   0.1191 -319723.013
  7   1 176583.5  56819.5   0.0588   0.5910   0.0994   0.5650   4.1979   0.0994 -409442.906
  7   2 172367.0  61036.0   0.0157   0.1086   0.1448   0.1200   5.3522   0.1448 -348994.307
  7   3 172475.5  60927.5   0.0091   0.0674   0.1350   0.0730   5.0809   0.1350 -336764.013
  7   4 172061.7  61341.3   0.0091   0.0645   0.1405   0.0709   5.7750   0.1405 -335920.427
  7   5 172385.2  61017.8   0.0085   0.0618   0.1380   0.0673   5.5125   0.1380 -334867.033
  7   6 172284.2  61118.8   0.0089   0.0612   0.1458   0.0679   5.5721   0.1458 -335169.911
  8   1 176532.5  56870.5   0.0577   0.5930   0.0972   0.5643   4.2092   0.0972 -408841.527
  8   2 172201.4  61201.6   0.0144   0.1065   0.1352   0.1156   5.4720   0.1352 -347583.549
  8   3 172491.5  60911.5   0.0082   0.0640   0.1276   0.0682   5.0450   0.1276 -335265.496
  8   4 171931.9  61471.1   0.0081   0.0625   0.1299   0.0674   5.8738   0.1299 -334693.772
  8   5 171830.5  61572.5   0.0022   0.0186   0.1172   0.0195   6.0228   0.1172 -318811.381
  8   6 171467.9  61935.1   0.0025   0.0198   0.1281   0.0213   6.3761   0.1281 -319566.644
  8   7 172217.7  61185.3   0.0086   0.0596   0.1445   0.0659   5.6018   0.1445 -334602.353

