

2 (And_ful) ... 1 (And_bic)
  0  0.0000 1055228.190905  x:  0.15692   1.55735   0.49544  
  1 99.0000 1039214.427782  x:  0.12403   1.64195   0.05083  
  2 32642.2034 1038975.089969  x:  0.12975   1.64475   0.03733  
  3 144413.8603 1036339.348945  x:  0.17452   2.85792   0.06213  
  4 5524.8107 1036117.691121  x:  0.16059   3.33125   0.05649  
  5  0.4610 1036063.892914  x:  0.16852   3.60180   0.05416  
  6  0.1259 1036059.824123  x:  0.16688   3.72137   0.05496  
  7  0.0628 1036059.549949  x:  0.16733   3.72749   0.05546  
  8  0.0046 1036059.548680  x:  0.16729   3.72791   0.05548  
  9  0.0004 1036059.548677  x:  0.16729   3.72780   0.05548  
 10  0.0001 1036059.548677  x:  0.16729   3.72779   0.05548  
 11  0.0000 1036059.548677  x:  0.16729   3.72779   0.05548  
 12  0.0000 1036059.548677  x:  0.16729   3.72779   0.05548  
check convergence!


3 (And_hae) ... 1 (And_bic)
  0  0.0000 1034824.399732  x:  0.14681   3.36392   0.12198  
  1 99.0000 1033542.247218  x:  0.17265   3.36471   0.06067  
  2 32338.2356 1033470.330529  x:  0.16518   3.36488   0.05287  
  3 15259.5644 1033435.725802  x:  0.16415   3.78165   0.05533  
  4 176.8256 1033424.972363  x:  0.16057   3.73294   0.05788  
  5  0.0849 1033424.961712  x:  0.16063   3.72629   0.05790  
  6  0.0061 1033424.961648  x:  0.16062   3.72598   0.05789  
  7  0.0003 1033424.961648  x:  0.16062   3.72598   0.05789  

3 (And_hae) ... 2 (And_ful)
  0  0.0000 1029650.009977  x:  0.15025   3.16767   0.05526  
  1 99.0000 1029634.551029  x:  0.15405   3.16797   0.05842  
  2 6338.1722 1029588.756596  x:  0.15895   3.39692   0.05345  
  3 405.1967 1029473.223018  x:  0.15301   4.01180   0.06294  
  4 172101.2069 1029469.586671  x:  0.15461   4.10585   0.06162  
  5  0.0665 1029469.476514  x:  0.15425   4.12030   0.06158  
  6  0.0126 1029469.475976  x:  0.15426   4.12185   0.06161  
  7  0.0013 1029469.475975  x:  0.15426   4.12183   0.06161  
  8  0.0000 1029469.475975  x:  0.15426   4.12183   0.06161  

4 (And_hat) ... 1 (And_bic)
  0  0.0000 1013504.591909  x:  0.13047   3.49935   0.17295  
  1 99.0000 1012660.877557  x:  0.10216   3.49975   0.13554  
  2 33078.6253 1011304.662296  x:  0.10648   3.50053   0.05743  
  3 60352.5831 1011301.281297  x:  0.10672   3.65196   0.05873  
  4 37.8608 1011131.519383  x:  0.12069   3.49064   0.05734  
  5  0.2122 1011131.474235  x:  0.12071   3.50496   0.05722  
  6  0.0221 1011131.465520  x:  0.12072   3.50866   0.05736  
  7  0.0066 1011131.465505  x:  0.12073   3.50861   0.05735  

4 (And_hat) ... 2 (And_ful)
  0  0.0000 1032285.577819  x:  0.16353   3.12716   0.09505  
  1 99.0000 1031578.446798  x:  0.15236   3.12801   0.05540  
  2 28815.5901 1031548.662323  x:  0.15847   3.12839   0.05153  
  3 8984.1744 1031387.659494  x:  0.15989   4.02871   0.05694  
  4 415.1359 1031386.907972  x:  0.15956   4.03557   0.05590  
  5  0.0102 1031386.883730  x:  0.15976   4.03648   0.05583  
  6  0.0009 1031386.883665  x:  0.15976   4.03711   0.05583  
  7  0.0004 1031386.883664  x:  0.15976   4.03713   0.05583  
  8  0.0000 1031386.883664  x:  0.15976   4.03713   0.05583  

4 (And_hat) ... 3 (And_hae)
  0  0.0000 1030020.379293  x:  0.12883   3.68485   0.08116  
  1 99.0000 1029480.455305  x:  0.15699   3.68502   0.06871  
  2 37580.0389 1029421.034365  x:  0.15544   3.68521   0.05790  
  3 10979.6221 1029393.179674  x:  0.15538   4.11339   0.05956  
  4 139.0539 1029392.230649  x:  0.15413   4.11076   0.05935  
  5  0.0025 1029392.225477  x:  0.15410   4.11032   0.05945  
  6  0.0005 1029392.225473  x:  0.15410   4.11017   0.05945  
  7  0.0001 1029392.225473  x:  0.15410   4.11016   0.05945  

5 (And_mar) ... 1 (And_bic)
  0  0.0000 991742.693338  x:  0.08792   3.61468   0.06541  
  1 99.0000 991735.105926  x:  0.09032   3.61458   0.06297  
  2 4464.3789 991730.696817  x:  0.08959   3.61440   0.05967  
  3 3443.1313 991687.069755  x:  0.08970   3.06205   0.05756  
  4 142.7913 991687.030664  x:  0.08956   3.05546   0.05738  
  5  0.0072 991687.030306  x:  0.08954   3.05666   0.05739  
  6  0.0015 991687.030304  x:  0.08954   3.05662   0.05739  
  7  0.0000 991687.030304  x:  0.08954   3.05662   0.05739  
  8  0.0000 991687.030304  x:  0.08954   3.05662   0.05739  
check convergence!


5 (And_mar) ... 2 (And_ful)
  0  0.0000 1036253.973890  x:  0.17854   2.98602   0.04448  
  1 99.0000 1036114.155820  x:  0.16931   2.98630   0.05679  
  2 19452.6157 1036103.917920  x:  0.16546   2.98665   0.05519  
  3 5133.6038 1035973.138710  x:  0.16596   3.73489   0.05782  
  4 400.3723 1035972.976348  x:  0.16594   3.73440   0.05730  
  5  0.0006 1035972.975388  x:  0.16598   3.73487   0.05729  
  6  0.0005 1035972.975380  x:  0.16598   3.73507   0.05730  
  7  0.0001 1035972.975380  x:  0.16598   3.73507   0.05730  
  8  0.0000 1035972.975380  x:  0.16598   3.73507   0.05730  
  9  0.1515 1035972.975380  x:  0.16598   3.73507   0.05730  
check convergence!


5 (And_mar) ... 3 (And_hae)
  0  0.0000 1031968.281964  x:  0.14675   3.47870   0.04683  
  1 99.0000 1031802.446090  x:  0.15571   3.47871   0.05979  
  2 22596.4994 1031802.166793  x:  0.15633   3.47879   0.05939  
  3 765.0071 1031794.497993  x:  0.15630   3.68300   0.06001  
  4 79.9836 1031794.494629  x:  0.15633   3.67906   0.06001  
  5  0.0036 1031794.494622  x:  0.15633   3.67906   0.06001  
  6  0.0000 1031794.494622  x:  0.15633   3.67907   0.06001  
  7  0.0000 1031794.494622  x:  0.15633   3.67907   0.06001  
  8  0.0000 1031794.494622  x:  0.15633   3.67907   0.06001  
check convergence!


5 (And_mar) ... 4 (And_hat)
  0  0.0000 1008814.583318  x:  0.11189   3.30280   0.04837  
  1 99.0000 1008756.148687  x:  0.11765   3.30281   0.05580  
  2 12891.2187 1008752.632004  x:  0.11604   3.30283   0.05773  
  3 2943.5573 1008750.615042  x:  0.11601   3.41202   0.05810  
  4 37.9413 1008750.579051  x:  0.11615   3.41144   0.05831  
  5  0.0006 1008750.579006  x:  0.11614   3.41151   0.05832  

6 (And_tri) ... 1 (And_bic)
  0  0.0000 1009706.675229  x:  0.10847   3.06473   0.17459  
  1 99.0000 1007409.986048  x:  0.12787   3.06608   0.05575  
  2 26480.5895 1007298.844854  x:  0.11918   3.06615   0.04620  
  3 26860.1036 1007297.175259  x:  0.11873   3.15106   0.04706  
  4 30.1392 1007254.508401  x:  0.11414   2.93278   0.05190  
  5  0.8474 1007254.291305  x:  0.11405   2.95913   0.05236  
  6  0.0269 1007254.286459  x:  0.11407   2.95668   0.05243  
  7  0.0025 1007254.286442  x:  0.11407   2.95660   0.05243  
  8  0.0001 1007254.286442  x:  0.11407   2.95659   0.05243  
  9  0.0000 1007254.286442  x:  0.11407   2.95659   0.05243  
check convergence!


6 (And_tri) ... 2 (And_ful)
  0  0.0000 1033272.528954  x:  0.13375   2.87380   0.11973  
  1 99.0000 1031826.300835  x:  0.17904   2.87495   0.06957  
  2 44205.1706 1031499.475943  x:  0.17351   2.87551   0.04716  
  3 36123.6246 1031313.953453  x:  0.17131   3.77196   0.05249  
  4 480.2127 1031230.221357  x:  0.15877   3.70549   0.05318  
  5  0.0694 1031229.896655  x:  0.15880   3.66771   0.05337  
  6  0.0296 1031229.884497  x:  0.15881   3.66365   0.05323  
  7  0.0044 1031229.884496  x:  0.15881   3.66366   0.05323  
  8  0.0000 1031229.884496  x:  0.15881   3.66366   0.05323  

6 (And_tri) ... 3 (And_hae)
  0  0.0000 1030190.232399  x:  0.13377   3.20557   0.12151  
  1 99.0000 1029075.754430  x:  0.16987   3.20631   0.07079  
  2 35205.9332 1028842.065354  x:  0.16330   3.20662   0.05143  
  3 31293.5879 1028790.177127  x:  0.16218   3.71814   0.05426  
  4 219.8544 1028723.784688  x:  0.15195   3.63534   0.05731  
  5  0.1018 1028723.652179  x:  0.15166   3.61817   0.05704  
  6  0.0173 1028723.649441  x:  0.15170   3.61511   0.05705  
  7  0.0030 1028723.649436  x:  0.15170   3.61513   0.05704  

6 (And_tri) ... 4 (And_hat)
  0  0.0000 1008017.483476  x:  0.12294   3.37192   0.13002  
  1 99.0000 1007375.929262  x:  0.09955   3.37222   0.09813  
  2 30036.7061 1006751.389557  x:  0.10500   3.37261   0.05255  
  3 47067.4248 1006747.755984  x:  0.10519   3.52287   0.05355  
  4 45.8459 1006675.935802  x:  0.11382   3.41517   0.05577  
  5  0.1294 1006674.704084  x:  0.11414   3.43374   0.05423  
  6  0.0329 1006674.703455  x:  0.11416   3.43425   0.05424  
  7  0.0005 1006674.703455  x:  0.11416   3.43422   0.05424  
  8  0.0000 1006674.703455  x:  0.11416   3.43422   0.05424  
  9  0.0000 1006674.703455  x:  0.11416   3.43422   0.05424  
check convergence!


6 (And_tri) ... 5 (And_mar)
  0  0.0000 1006033.572223  x:  0.09975   3.04476   0.08047  
  1 99.0000 1005836.780313  x:  0.11412   3.04478   0.07064  
  2 23594.8460 1005744.518214  x:  0.11240   3.04477   0.05671  
  3 13738.8554 1005739.405993  x:  0.11247   2.89457   0.05587  
  4 65.4883 1005735.879319  x:  0.11078   2.89452   0.05445  
  5  0.0023 1005735.791740  x:  0.11060   2.89367   0.05483  
  6  0.0012 1005735.791736  x:  0.11060   2.89371   0.05482  
  7  0.0000 1005735.791736  x:  0.11060   2.89371   0.05482  

7 (Bom_pas) ... 1 (And_bic)
  0  0.0000 1270774.611359  x:  1.04964   2.62520   0.17870  
  1 99.0000 1252124.661913  x:  1.03109   2.62894   0.05370  
  2 180311.5519 1252026.781078  x:  1.06621   2.66750   0.04858  
  3 3612.8457 1250399.559677  x:  1.14266   4.05558   0.05704  
  4 6863.1421 1250328.097242  x:  1.15289   4.16091   0.05259  
  5  0.0832 1250318.224457  x:  1.17934   4.22003   0.05181  
  6  0.0557 1250317.186027  x:  1.17870   4.26123   0.05212  
  7  0.0262 1250317.166991  x:  1.17896   4.26388   0.05205  
  8  0.0029 1250317.166971  x:  1.17899   4.26395   0.05205  

7 (Bom_pas) ... 2 (And_ful)
  0  0.0000 1267198.293877  x:  1.58817   3.70270   0.09403  
  1 99.0000 1256484.584107  x:  1.58304   3.70331   0.03850  
  2 268833.3480 1255468.273471  x:  1.26605   3.77904   0.06025  
  3 6871.8423 1255243.237012  x:  1.35976   4.48599   0.05747  
  4 705.8772 1254674.769610  x:  1.21360   4.57157   0.05558  
  5  0.2598 1254584.425385  x:  1.27056   4.63229   0.05004  
  6  0.1166 1254583.164310  x:  1.26576   4.58641   0.04980  
  7  0.0368 1254583.087098  x:  1.26508   4.57614   0.04991  
  8  0.0103 1254583.086750  x:  1.26525   4.57617   0.04990  
  9  0.0002 1254583.086750  x:  1.26525   4.57617   0.04990  

7 (Bom_pas) ... 3 (And_hae)
  0  0.0000 1277338.153499  x:  1.36532   3.95605   0.18123  
  1 99.0000 1251608.821900  x:  1.34121   3.95779   0.04589  
  2 212911.8209 1251533.233133  x:  1.30855   3.96379   0.05102  
  3 4792.9727 1251366.827139  x:  1.35017   4.61216   0.05021  
  4 561.1731 1251026.182694  x:  1.18725   4.42651   0.05333  
  5  0.2371 1251023.349563  x:  1.19442   4.46823   0.05242  
  6  0.0383 1251023.298688  x:  1.19272   4.46677   0.05244  
  7  0.0029 1251023.298688  x:  1.19272   4.46676   0.05244  
  8  0.0000 1251023.298688  x:  1.19272   4.46676   0.05244  

7 (Bom_pas) ... 4 (And_hat)
  0  0.0000 1266885.104570  x:  1.11617   3.86243   0.16641  
  1 99.0000 1250944.097939  x:  1.10120   3.86355   0.05454  
  2 178625.8975 1250920.895539  x:  1.11957   3.86669   0.05186  
  3 2346.4528 1250790.012195  x:  1.14843   4.41686   0.05195  
  4 535.5954 1250739.921810  x:  1.19375   4.42318   0.05220  
  5  0.0644 1250738.907109  x:  1.19821   4.43138   0.05161  
  6  0.0088 1250738.898018  x:  1.19884   4.43542   0.05161  
  7  0.0034 1250738.897997  x:  1.19882   4.43555   0.05161  
  8  0.0001 1250738.897997  x:  1.19882   4.43555   0.05161  
check convergence!


7 (Bom_pas) ... 5 (And_mar)
  0  0.0000 1254518.106461  x:  1.36977   3.67223   0.07590  
  1 99.0000 1250895.457025  x:  1.36686   3.67255   0.04413  
  2 182231.7075 1250130.333284  x:  1.13816   3.71578   0.05770  
  3 6101.7944 1250012.699303  x:  1.18729   4.19910   0.05665  
  4 522.2197 1249914.369344  x:  1.15226   4.24103   0.05381  
  5  0.0715 1249911.072843  x:  1.16370   4.24014   0.05281  
  6  0.0147 1249911.069049  x:  1.16387   4.23897   0.05282  
  7  0.0012 1249911.069013  x:  1.16385   4.23871   0.05282  
  8  0.0002 1249911.069013  x:  1.16385   4.23870   0.05282  

7 (Bom_pas) ... 6 (And_tri)
  0  0.0000 1253328.709281  x:  1.29643   3.65232   0.07565  
  1 99.0000 1250409.124919  x:  1.29386   3.65261   0.04628  
  2 162128.4095 1250032.262465  x:  1.14290   3.68614   0.05542  
  3 4623.6652 1249881.638589  x:  1.19407   4.24303   0.05445  
  4 592.4876 1249834.376345  x:  1.17081   4.25917   0.05237  
  5  0.0380 1249834.102342  x:  1.17442   4.26136   0.05209  
  6  0.0049 1249834.101836  x:  1.17452   4.26234   0.05209  
  7  0.0008 1249834.101831  x:  1.17452   4.26240   0.05209  