

2 (And_ful) ... 1 (And_bic)
  0  0.0000 1096579.554777  x:  0.16450   1.49832   0.43858  
  1 99.0000 1094134.255549  x:  0.11353   1.51532   0.34485  
  2 39930.2344 1083542.140550  x:  0.10368   1.56699   0.05110  
  3 182889.1044 1082351.827291  x:  0.10920   2.36285   0.10244  
  4 3955.6695 1079713.809730  x:  0.13041   2.95033   0.04401  
  5  1.8126 1079052.757207  x:  0.15214   3.11008   0.06614  
  6  0.1782 1078894.440182  x:  0.16244   3.34103   0.05441  
  7  0.1950 1078878.205216  x:  0.16065   3.59137   0.05642  
  8  0.0624 1078877.990641  x:  0.16096   3.59979   0.05594  
  9  0.0087 1078877.989107  x:  0.16099   3.60128   0.05597  
 10  0.0012 1078877.989106  x:  0.16099   3.60124   0.05597  

3 (And_hae) ... 1 (And_bic)
  0  0.0000 1076549.262545  x:  0.15489   3.28032   0.11194  
  1 99.0000 1075534.621108  x:  0.14419   3.28087   0.05882  
  2 30171.8093 1075481.517926  x:  0.15201   3.28098   0.05363  
  3 13268.3091 1075471.022816  x:  0.15241   3.50088   0.05509  
  4 101.6022 1075468.229508  x:  0.15345   3.47498   0.05675  
  5  0.0502 1075468.216796  x:  0.15354   3.47122   0.05665  
  6  0.0035 1075468.216793  x:  0.15354   3.47118   0.05665  
  7  0.0000 1075468.216793  x:  0.15354   3.47118   0.05665  
  8  0.0000 1075468.216793  x:  0.15354   3.47118   0.05665  

3 (And_hae) ... 2 (And_ful)
  0  0.0000 1069453.935422  x:  0.14611   3.20812   0.08928  
  1 99.0000 1069091.113299  x:  0.13744   3.20871   0.06084  
  2 21595.1203 1069066.847228  x:  0.14247   3.20898   0.05695  
  3 8733.7574 1068966.759024  x:  0.14316   3.94003   0.06109  
  4 309.4470 1068966.635003  x:  0.14318   3.93999   0.06059  
  5  0.0006 1068966.630386  x:  0.14326   3.93941   0.06058  
  6  0.0006 1068966.630384  x:  0.14326   3.93931   0.06058  
  7  0.0001 1068966.630384  x:  0.14326   3.93931   0.06058  
  8  0.0000 1068966.630384  x:  0.14326   3.93931   0.06058  
  9  0.0000 1068966.630384  x:  0.14326   3.93931   0.06058  
check convergence!


4 (And_hat) ... 1 (And_bic)
  0  0.0000 1055102.910859  x:  0.10448   3.29530   0.05637  
  1 99.0000 1054908.547978  x:  0.11903   3.29534   0.05779  
  2 27923.2034 1054908.466372  x:  0.11899   3.29544   0.05821  
  3 372.9921 1054897.764265  x:  0.11898   3.54318   0.05913  
  4 95.9481 1054897.762951  x:  0.11895   3.54249   0.05909  
  5  0.0006 1054897.762948  x:  0.11895   3.54248   0.05909  
  6  0.0000 1054897.762947  x:  0.11895   3.54248   0.05909  

4 (And_hat) ... 2 (And_ful)
  0  0.0000 1075498.273492  x:  0.12650   3.13849   0.15101  
  1 99.0000 1074055.717210  x:  0.17502   3.13966   0.10116  
  2 46064.0479 1073112.456773  x:  0.17179   3.14074   0.05288  
  3 55691.3660 1072898.957079  x:  0.16982   4.20091   0.06062  
  4 470.6985 1072700.955600  x:  0.15197   4.16791   0.05636  
  5  0.0348 1072696.606364  x:  0.15111   4.12289   0.05895  
  6  0.0704 1072696.392360  x:  0.15131   4.08872   0.05865  
  7  0.0244 1072696.390225  x:  0.15125   4.08701   0.05864  
  8  0.0019 1072696.390223  x:  0.15125   4.08695   0.05864  

4 (And_hat) ... 3 (And_hae)
  0  0.0000 1072623.129019  x:  0.12190   3.42553   0.13903  
  1 99.0000 1071509.570600  x:  0.16293   3.42612   0.10303  
  2 45150.5061 1070680.892934  x:  0.16011   3.42687   0.05543  
  3 44479.6730 1070601.301418  x:  0.15929   4.13333   0.06007  
  4 256.5612 1070497.190841  x:  0.14649   4.08661   0.05799  
  5  0.0428 1070495.937442  x:  0.14619   4.06296   0.05941  
  6  0.0407 1070495.908604  x:  0.14624   4.04947   0.05932  
  7  0.0109 1070495.908532  x:  0.14623   4.04928   0.05931  
  8  0.0002 1070495.908532  x:  0.14623   4.04928   0.05931  
  9  0.0000 1070495.908532  x:  0.14623   4.04928   0.05931  
 10  0.0000 1070495.908531  x:  0.14623   4.04928   0.05931  
 11  0.0000 1070495.908531  x:  0.14623   4.04928   0.05931  
 12  0.0000 1070495.908531  x:  0.14623   4.04928   0.05931  
 13  0.0809 1070495.908531  x:  0.14623   4.04928   0.05931  
check convergence!


5 (And_mar) ... 1 (And_bic)
  0  0.0000 1036663.138153  x:  0.09793   3.41128   0.11846  
  1 99.0000 1036377.688624  x:  0.08324   3.41131   0.10425  
  2 26364.9682 1035869.843283  x:  0.08653   3.41138   0.05636  
  3 29053.7540 1035854.512363  x:  0.08643   3.10028   0.05425  
  4 92.9466 1035836.230472  x:  0.08997   3.05938   0.05701  
  5  0.0485 1035835.263349  x:  0.09037   3.07534   0.05562  
  6  0.0293 1035835.263105  x:  0.09036   3.07484   0.05561  
  7  0.0005 1035835.263102  x:  0.09036   3.07494   0.05561  
  8  0.0001 1035835.263102  x:  0.09036   3.07494   0.05561  
  9  0.0000 1035835.263102  x:  0.09036   3.07494   0.05561  
 10  0.0000 1035835.263102  x:  0.09036   3.07494   0.05561  
 11  0.0264 1035835.263102  x:  0.09036   3.07494   0.05561  
check convergence!


5 (And_mar) ... 2 (And_ful)
  0  0.0000 1080738.421453  x:  0.13321   2.95829   0.17009  
  1 99.0000 1078840.840992  x:  0.19074   2.95999   0.09644  
  2 44384.0349 1077942.575217  x:  0.18661   2.96096   0.05211  
  3 68600.3063 1077763.986581  x:  0.18393   3.84758   0.05891  
  4 461.9429 1077366.761624  x:  0.15684   3.70777   0.05788  
  5  0.1356 1077364.062193  x:  0.15660   3.63322   0.05933  
  6  0.0931 1077363.732915  x:  0.15674   3.60106   0.05879  
  7  0.0317 1077363.732417  x:  0.15674   3.60150   0.05876  
  8  0.0004 1077363.732416  x:  0.15674   3.60150   0.05876  

5 (And_mar) ... 3 (And_hae)
  0  0.0000 1073600.472406  x:  0.13869   3.31304   0.07040  
  1 99.0000 1073492.231405  x:  0.14999   3.31312   0.06202  
  2 15558.1185 1073485.855832  x:  0.14872   3.31318   0.05897  
  3 4001.6937 1073482.911496  x:  0.14870   3.43035   0.05945  
  4 52.0460 1073482.842344  x:  0.14839   3.42826   0.05956  
  5  0.0021 1073482.842337  x:  0.14838   3.42812   0.05956  
  6  0.0001 1073482.842337  x:  0.14838   3.42812   0.05956  

5 (And_mar) ... 4 (And_hat)
  0  0.0000 1054522.009311  x:  0.09814   3.24058   0.19432  
  1 99.0000 1053913.675524  x:  0.12519   3.24102   0.16772  
  2 35366.5692 1051960.301963  x:  0.12569   3.24273   0.06030  
  3 49457.5875 1051947.810950  x:  0.12543   3.47149   0.06300  
  4 101.1701 1051826.571658  x:  0.11385   3.53986   0.05885  
  5  0.0640 1051820.188811  x:  0.11291   3.48111   0.06225  
  6  0.1696 1051820.158417  x:  0.11301   3.46953   0.06218  
  7  0.0112 1051820.158142  x:  0.11300   3.46901   0.06216  
  8  0.0005 1051820.158142  x:  0.11300   3.46903   0.06216  
  9  0.0000 1051820.158142  x:  0.11300   3.46903   0.06216  
 10  0.0000 1051820.158142  x:  0.11300   3.46903   0.06216  
 11  0.0000 1051820.158141  x:  0.11300   3.46903   0.06216  
 12  0.0325 1051820.158141  x:  0.11300   3.46903   0.06216  
check convergence!


6 (And_tri) ... 1 (And_bic)
  0  0.0000 1052997.072165  x:  0.09897   3.20100   0.06928  
  1 99.0000 1052715.199141  x:  0.11612   3.20097   0.06393  
  2 33227.4078 1052673.863755  x:  0.11552   3.20088   0.05418  
  3 8391.2440 1052659.862470  x:  0.11557   2.95255   0.05307  
  4 106.2373 1052659.682537  x:  0.11514   2.94761   0.05327  
  5  0.0044 1052659.680591  x:  0.11512   2.94874   0.05322  
  6  0.0014 1052659.680590  x:  0.11512   2.94881   0.05322  

6 (And_tri) ... 2 (And_ful)
  0  0.0000 1074046.075905  x:  0.15791   2.70248   0.10013  
  1 99.0000 1073108.797696  x:  0.14005   2.70363   0.05632  
  2 33624.0178 1073030.951775  x:  0.14757   2.70411   0.04838  
  3 16790.8834 1072815.045423  x:  0.14966   3.59977   0.05462  
  4 568.9616 1072814.092678  x:  0.15088   3.58946   0.05444  
  5  0.0113 1072814.038111  x:  0.15086   3.58845   0.05414  
  6  0.0013 1072814.037742  x:  0.15085   3.58709   0.05414  
  7  0.0009 1072814.037741  x:  0.15085   3.58708   0.05414  
  8  0.0000 1072814.037741  x:  0.15085   3.58708   0.05414  

6 (And_tri) ... 3 (And_hae)
  0  0.0000 1072998.382679  x:  0.13805   3.35168   0.17245  
  1 99.0000 1070091.600308  x:  0.14475   3.35310   0.05558  
  2 32883.9807 1070091.431244  x:  0.14425   3.35312   0.05554  
  3 670.2229 1070090.455521  x:  0.14419   3.41628   0.05625  
  4 31.3711 1070090.157410  x:  0.14429   3.42962   0.05562  
  5  0.0464 1070090.157349  x:  0.14428   3.43012   0.05562  

6 (And_tri) ... 4 (And_hat)
  0  0.0000 1051166.894948  x:  0.10951   3.17324   0.10908  
  1 99.0000 1050429.509353  x:  0.11556   3.17392   0.05603  
  2 21790.9723 1050421.609075  x:  0.11269   3.17399   0.05498  
  3 5413.5465 1050406.598883  x:  0.11240   3.49321   0.05738  
  4 111.5948 1050406.340856  x:  0.11256   3.48085   0.05663  
  5  0.0195 1050406.296689  x:  0.11253   3.46513   0.05666  
  6  0.0175 1050406.296683  x:  0.11253   3.46502   0.05666  

6 (And_tri) ... 5 (And_mar)
  0  0.0000 1052940.753860  x:  0.09063   3.22850   0.19165  
  1 99.0000 1052326.152801  x:  0.11584   3.22863   0.17515  
  2 44683.8616 1050165.725093  x:  0.11680   3.22948   0.05872  
  3 35788.9522 1050147.043928  x:  0.11696   2.95346   0.05530  
  4 126.3452 1050114.730732  x:  0.11270   2.83394   0.06084  
  5  0.1644 1050099.254731  x:  0.10959   2.91042   0.05786  
  6  0.1648 1050099.204708  x:  0.10970   2.90673   0.05754  
  7  0.0041 1050099.204528  x:  0.10971   2.90740   0.05754  

7 (Bom_pas) ... 1 (And_bic)
  0  0.0000 1309647.394459  x:  1.00405   2.74227   0.05116  
  1 99.0000 1309540.855517  x:  1.00477   2.74253   0.05640  
  2 42029.2368 1309292.711871  x:  1.10860   2.79956   0.05213  
  3 4560.5322 1308122.248182  x:  1.12803   4.04511   0.05604  
  4 2951.7341 1308096.123185  x:  1.15878   4.08367   0.05314  
  5  0.0373 1308094.959843  x:  1.16417   4.11744   0.05333  
  6  0.0239 1308094.911029  x:  1.16435   4.12462   0.05326  
  7  0.0052 1308094.909935  x:  1.16417   4.12497   0.05328  
  8  0.0004 1308094.909935  x:  1.16416   4.12497   0.05328  
  9  0.0000 1308094.909935  x:  1.16416   4.12497   0.05328  
check convergence!


7 (Bom_pas) ... 2 (And_ful)
  0  0.0000 1311425.589991  x:  1.28521   3.54506   0.04621  
  1 99.0000 1311412.798203  x:  1.28489   3.54518   0.04779  
  2 16164.0664 1311133.960878  x:  1.15854   3.58677   0.05222  
  3 4116.8643 1310833.998364  x:  1.23178   4.35939   0.05152  
  4 903.4913 1310831.758359  x:  1.22053   4.36801   0.05190  
  5  0.0142 1310831.758311  x:  1.22050   4.36818   0.05190  
  6  0.0002 1310831.758309  x:  1.22051   4.36823   0.05190  
  7  0.0000 1310831.758309  x:  1.22051   4.36823   0.05190  

7 (Bom_pas) ... 3 (And_hae)
  0  0.0000 1315547.372831  x:  1.28843   3.74918   0.10240  
  1 99.0000 1307946.448715  x:  1.28259   3.74969   0.04790  
  2 203273.7681 1307667.229619  x:  1.16611   3.77162   0.05778  
  3 4761.0313 1307566.695464  x:  1.20481   4.22166   0.05676  
  4 477.7911 1307439.468043  x:  1.14823   4.21355   0.05486  
  5  0.0887 1307436.704065  x:  1.15771   4.21993   0.05389  
  6  0.0136 1307436.700375  x:  1.15742   4.21772   0.05388  
  7  0.0020 1307436.700318  x:  1.15743   4.21748   0.05389  
  8  0.0002 1307436.700318  x:  1.15743   4.21748   0.05389  

7 (Bom_pas) ... 4 (And_hat)
  0  0.0000 1326242.892144  x:  1.30396   3.54300   0.14623  
  1 99.0000 1308438.791257  x:  1.28933   3.54436   0.04695  
  2 222914.6595 1308289.395781  x:  1.22875   3.55978   0.05463  
  3 5117.2757 1307982.367002  x:  1.29041   4.35154   0.05326  
  4 890.0850 1307705.825585  x:  1.16733   4.26841   0.05414  
  5  0.1846 1307702.298586  x:  1.17669   4.29334   0.05305  
  6  0.0276 1307702.237933  x:  1.17525   4.29501   0.05304  
  7  0.0025 1307702.236833  x:  1.17534   4.29653   0.05305  
  8  0.0012 1307702.236832  x:  1.17534   4.29655   0.05305  

7 (Bom_pas) ... 5 (And_mar)
  0  0.0000 1324548.867899  x:  1.31676   3.57225   0.13900  
  1 99.0000 1308154.136513  x:  1.30353   3.57339   0.04667  
  2 224734.6940 1307945.641045  x:  1.22442   3.58902   0.05614  
  3 5649.0117 1307774.535087  x:  1.27063   4.16479   0.05494  
  4 648.9873 1307425.629827  x:  1.13596   4.06880   0.05599  
  5  0.2257 1307414.361960  x:  1.15180   4.10872   0.05401  
  6  0.0456 1307414.166291  x:  1.14911   4.10646   0.05398  
  7  0.0041 1307414.166242  x:  1.14908   4.10646   0.05398  
  8  0.0000 1307414.166242  x:  1.14908   4.10648   0.05398  
  9  0.0000 1307414.166242  x:  1.14908   4.10649   0.05398  
 10  0.0000 1307414.166242  x:  1.14908   4.10649   0.05398  
check convergence!


7 (Bom_pas) ... 6 (And_tri)
  0  0.0000 1308792.157665  x:  1.24524   3.69729   0.06772  
  1 99.0000 1307480.889700  x:  1.24365   3.69747   0.04885  
  2 121010.8295 1307256.181973  x:  1.13163   3.72091   0.05498  
  3 3715.4401 1307171.884196  x:  1.16708   4.12593   0.05438  
  4 445.6731 1307161.112659  x:  1.15810   4.13173   0.05326  
  5  0.0132 1307161.099568  x:  1.15889   4.13267   0.05320  
  6  0.0013 1307161.099512  x:  1.15891   4.13302   0.05320  
  7  0.0003 1307161.099512  x:  1.15891   4.13302   0.05320  