

2 (And_ful) ... 1 (And_bic)
  0  0.0000 1071155.886305  x:  0.13318   1.59175   0.43345  
  1 99.0000 1069485.337975  x:  0.18940   1.60108   0.37614  
  2 47501.5127 1056831.369406  x:  0.20284   1.65155   0.04687  
  3 79847.0827 1056368.732853  x:  0.20010   2.05187   0.07616  
  4 2803.5646 1054965.086694  x:  0.18839   2.95856   0.04525  
  5  2.2055 1054578.820050  x:  0.16642   3.23856   0.06159  
  6  0.2693 1054557.045573  x:  0.16324   3.36818   0.05786  
  7  0.1019 1054553.023127  x:  0.16554   3.43274   0.05718  
  8  0.0371 1054551.885575  x:  0.16516   3.48399   0.05830  
  9  0.0302 1054551.876299  x:  0.16515   3.48699   0.05820  
 10  0.0029 1054551.876295  x:  0.16516   3.48706   0.05821  
 11  0.0001 1054551.876295  x:  0.16516   3.48706   0.05821  

3 (And_hae) ... 1 (And_bic)
  0  0.0000 1053524.801404  x:  0.16449   3.22483   0.12341  
  1 99.0000 1052334.123424  x:  0.14477   3.22554   0.06583  
  2 32470.1643 1052209.167030  x:  0.15438   3.22572   0.05463  
  3 22191.4380 1052187.231683  x:  0.15518   3.53302   0.05665  
  4 149.8704 1052169.616456  x:  0.15899   3.47233   0.05995  
  5  0.1032 1052169.381329  x:  0.15943   3.47223   0.05945  
  6  0.0006 1052169.381157  x:  0.15942   3.47154   0.05944  
  7  0.0006 1052169.381157  x:  0.15942   3.47153   0.05944  

3 (And_hae) ... 2 (And_ful)
  0  0.0000 1048693.589256  x:  0.15795   3.29874   0.14112  
  1 99.0000 1047296.165009  x:  0.13070   3.29980   0.07604  
  2 33683.9295 1047000.709210  x:  0.14047   3.30020   0.05454  
  3 42619.9698 1046917.041059  x:  0.14228   3.96851   0.05878  
  4 276.9547 1046852.380137  x:  0.15094   3.82917   0.06298  
  5  0.1938 1046850.699040  x:  0.15164   3.82658   0.06127  
  6  0.0032 1046850.694770  x:  0.15164   3.82152   0.06124  
  7  0.0043 1046850.694757  x:  0.15163   3.82150   0.06124  
  8  0.0000 1046850.694757  x:  0.15163   3.82150   0.06124  
  9  0.0000 1046850.694757  x:  0.15163   3.82150   0.06124  
 10  0.0000 1046850.694757  x:  0.15163   3.82150   0.06124  
check convergence!


4 (And_hat) ... 1 (And_bic)
  0  0.0000 1032843.389434  x:  0.11506   3.28012   0.18826  
  1 99.0000 1030496.618672  x:  0.13977   3.28200   0.06475  
  2 26951.4752 1030331.341522  x:  0.13026   3.28221   0.05108  
  3 35936.9630 1030298.649443  x:  0.12820   3.71669   0.05471  
  4 160.7497 1030238.458927  x:  0.12135   3.46548   0.06006  
  5  0.6321 1030238.303703  x:  0.12163   3.45269   0.06037  
  6  0.0142 1030238.302273  x:  0.12162   3.45459   0.06042  
  7  0.0017 1030238.302271  x:  0.12162   3.45451   0.06042  
  8  0.0001 1030238.302271  x:  0.12162   3.45452   0.06042  
  9  0.0000 1030238.302271  x:  0.12162   3.45451   0.06042  

4 (And_hat) ... 2 (And_ful)
  0  0.0000 1049817.765240  x:  0.14321   3.18913   0.08810  
  1 99.0000 1049389.418560  x:  0.16202   3.18964   0.06195  
  2 25349.2929 1049361.720038  x:  0.15815   3.18990   0.05658  
  3 8940.1692 1049282.844690  x:  0.15757   3.80371   0.05965  
  4 284.0870 1049282.121683  x:  0.15649   3.79913   0.05998  
  5  0.0056 1049282.119838  x:  0.15647   3.79785   0.05992  
  6  0.0012 1049282.119815  x:  0.15648   3.79751   0.05992  
  7  0.0003 1049282.119815  x:  0.15647   3.79751   0.05992  

4 (And_hat) ... 3 (And_hae)
  0  0.0000 1049788.392725  x:  0.12260   3.40855   0.15002  
  1 99.0000 1048581.829525  x:  0.16636   3.40904   0.11749  
  2 49630.8133 1047503.876840  x:  0.16464   3.40986   0.05885  
  3 42322.7163 1047463.614328  x:  0.16419   3.87058   0.06228  
  4 186.6570 1047373.286569  x:  0.15196   3.85903   0.06011  
  5  0.0141 1047371.623547  x:  0.15153   3.83768   0.06181  
  6  0.0419 1047371.613393  x:  0.15159   3.83124   0.06174  
  7  0.0056 1047371.613328  x:  0.15158   3.83094   0.06174  
  8  0.0003 1047371.613328  x:  0.15158   3.83093   0.06174  
  9  0.0000 1047371.613328  x:  0.15158   3.83094   0.06174  

5 (And_mar) ... 1 (And_bic)
  0  0.0000 1010941.857331  x:  0.08146   3.39937   0.04748  
  1 99.0000 1010774.207726  x:  0.09293   3.39933   0.05270  
  2 27910.2009 1010751.265070  x:  0.09128   3.39920   0.06070  
  3 6482.4247 1010741.890616  x:  0.09134   3.15719   0.05989  
  4 72.3851 1010741.788463  x:  0.09152   3.14903   0.05943  
  5  0.0076 1010741.788056  x:  0.09152   3.15033   0.05942  
  6  0.0014 1010741.788051  x:  0.09151   3.15025   0.05941  
  7  0.0001 1010741.788051  x:  0.09151   3.15025   0.05941  

5 (And_mar) ... 2 (And_ful)
  0  0.0000 1055607.699384  x:  0.15247   3.09004   0.11699  
  1 99.0000 1054473.576251  x:  0.17067   3.09098   0.06039  
  2 31032.2908 1054447.966764  x:  0.16517   3.09121   0.05692  
  3 8242.8518 1054392.186138  x:  0.16419   3.56174   0.06033  
  4 256.7293 1054392.088963  x:  0.16388   3.55737   0.06061  
  5  0.0078 1054392.087823  x:  0.16386   3.55598   0.06058  
  6  0.0013 1054392.087809  x:  0.16386   3.55577   0.06058  
  7  0.0002 1054392.087809  x:  0.16386   3.55576   0.06058  

5 (And_mar) ... 3 (And_hae)
  0  0.0000 1054662.792571  x:  0.12472   3.17562   0.18448  
  1 99.0000 1053231.772585  x:  0.17394   3.17629   0.14625  
  2 52253.9489 1051287.091040  x:  0.17407   3.17766   0.06028  
  3 51627.6094 1051258.044639  x:  0.17362   3.51869   0.06384  
  4 178.2338 1051100.809041  x:  0.15817   3.56503   0.05800  
  5  0.0430 1051086.581930  x:  0.15587   3.50463   0.06236  
  6  0.1486 1051086.516053  x:  0.15608   3.49111   0.06233  
  7  0.0132 1051086.515158  x:  0.15606   3.48985   0.06231  
  8  0.0012 1051086.515155  x:  0.15606   3.48988   0.06231  

5 (And_mar) ... 4 (And_hat)
  0  0.0000 1028575.656507  x:  0.10695   3.21527   0.09175  
  1 99.0000 1028371.609256  x:  0.12182   3.21543   0.07976  
  2 22197.2439 1028261.505557  x:  0.11934   3.21567   0.06232  
  3 15365.2891 1028250.886492  x:  0.11920   3.46594   0.06374  
  4 91.4902 1028247.841087  x:  0.11728   3.45387   0.06392  
  5  0.0119 1028247.840677  x:  0.11728   3.45236   0.06391  
  6  0.0014 1028247.840677  x:  0.11728   3.45234   0.06391  

6 (And_tri) ... 1 (And_bic)
  0  0.0000 1031064.339303  x:  0.11108   3.24039   0.18814  
  1 99.0000 1028892.378823  x:  0.13737   3.24140   0.06653  
  2 26042.2241 1028701.309541  x:  0.12825   3.24148   0.05061  
  3 43210.2454 1028692.571111  x:  0.12854   3.03501   0.04956  
  4  9.5571 1028558.010612  x:  0.11749   2.91912   0.05852  
  5  2.6956 1028557.649402  x:  0.11743   2.95738   0.05881  
  6  0.0476 1028557.643159  x:  0.11746   2.95669   0.05891  
  7  0.0007 1028557.643056  x:  0.11745   2.95661   0.05892  
  8  0.0001 1028557.643056  x:  0.11745   2.95661   0.05892  

6 (And_tri) ... 2 (And_ful)
  0  0.0000 1050962.299287  x:  0.16486   2.80957   0.11393  
  1 99.0000 1049873.655590  x:  0.14153   2.81062   0.06484  
  2 34455.5091 1049736.473694  x:  0.15013   2.81104   0.05240  
  3 22909.0093 1049617.543326  x:  0.15187   3.47115   0.05705  
  4 406.0291 1049606.978814  x:  0.15552   3.43423   0.05865  
  5  0.0514 1049606.707501  x:  0.15580   3.42868   0.05800  
  6  0.0055 1049606.706368  x:  0.15580   3.42641   0.05799  
  7  0.0017 1049606.706364  x:  0.15580   3.42641   0.05799  
  8  0.0000 1049606.706364  x:  0.15580   3.42641   0.05799  

6 (And_tri) ... 3 (And_hae)
  0  0.0000 1050522.008706  x:  0.14188   3.03168   0.17014  
  1 99.0000 1047917.824606  x:  0.15950   3.03371   0.06012  
  2 32568.9470 1047875.187735  x:  0.15215   3.03391   0.05635  
  3 11171.5870 1047838.346557  x:  0.15093   3.35977   0.05999  
  4 216.4716 1047838.035435  x:  0.15054   3.36764   0.06068  
  5  0.0137 1047837.915679  x:  0.15061   3.39057   0.06068  
  6  0.0304 1047837.915665  x:  0.15061   3.39044   0.06068  
  7  0.0001 1047837.915665  x:  0.15061   3.39043   0.06068  

6 (And_tri) ... 4 (And_hat)
  0  0.0000 1026875.480817  x:  0.11207   2.93526   0.08390  
  1 99.0000 1026696.403447  x:  0.11892   2.93570   0.06171  
  2 14075.2721 1026683.730449  x:  0.11580   2.93585   0.05895  
  3 6987.1801 1026648.425586  x:  0.11546   3.34975   0.06154  
  4 184.3310 1026648.387940  x:  0.11526   3.34849   0.06147  
  5  0.0013 1026648.387558  x:  0.11527   3.34836   0.06144  
  6  0.0002 1026648.387556  x:  0.11527   3.34827   0.06144  
  7  0.0001 1026648.387556  x:  0.11527   3.34828   0.06144  

6 (And_tri) ... 5 (And_mar)
  0  0.0000 1027453.220794  x:  0.10064   3.12578   0.05993  
  1 99.0000 1027275.788269  x:  0.11432   3.12573   0.06227  
  2 26803.8204 1027273.922123  x:  0.11409   3.12562   0.06450  
  3 1711.1694 1027266.622166  x:  0.11411   2.94818   0.06371  
  4 78.4051 1027266.613515  x:  0.11406   2.94464   0.06360  
  5  0.0035 1027266.613442  x:  0.11405   2.94503   0.06360  
  6  0.0004 1027266.613441  x:  0.11405   2.94502   0.06360  

7 (Bom_pas) ... 1 (And_bic)
  0  0.0000 1291177.114635  x:  1.39523   2.70332   0.09636  
  1 99.0000 1282488.383062  x:  1.38930   2.70441   0.04309  
  2 233460.9091 1281257.606279  x:  1.11513   2.80583   0.06503  
  3 8455.6958 1280428.186878  x:  1.23910   3.81414   0.06340  
  4 2041.7352 1279827.434915  x:  1.12811   3.95055   0.05886  
  5  0.2355 1279785.203897  x:  1.16605   3.99363   0.05500  
  6  0.0736 1279783.978131  x:  1.17065   4.04264   0.05507  
  7  0.0271 1279783.960895  x:  1.17014   4.04374   0.05504  
  8  0.0012 1279783.960786  x:  1.17007   4.04371   0.05505  
  9  0.0001 1279783.960786  x:  1.17007   4.04371   0.05505  

7 (Bom_pas) ... 2 (And_ful)
  0  0.0000 1299662.257877  x:  1.37654   3.46942   0.13558  
  1 99.0000 1283715.092590  x:  1.36490   3.47067   0.04637  
  2 228460.8770 1283536.050368  x:  1.28868   3.49342   0.05492  
  3 4875.7705 1283158.447715  x:  1.36644   4.36998   0.05323  
  4 1008.4743 1282876.506253  x:  1.23695   4.30237   0.05382  
  5  0.1796 1282872.551907  x:  1.24835   4.32760   0.05265  
  6  0.0297 1282872.477504  x:  1.24678   4.33039   0.05264  
  7  0.0035 1282872.475411  x:  1.24692   4.33250   0.05265  
  8  0.0016 1282872.475409  x:  1.24693   4.33252   0.05265  
  9  0.0000 1282872.475409  x:  1.24693   4.33252   0.05265  
 10  0.0000 1282872.475409  x:  1.24693   4.33252   0.05265  
check convergence!


7 (Bom_pas) ... 3 (And_hae)
  0  0.0000 1297992.349483  x:  1.20652   3.78139   0.16916  
  1 99.0000 1280249.326403  x:  1.18872   3.78268   0.05385  
  2 189425.0753 1280241.577735  x:  1.17740   3.78805   0.05558  
  3 1250.4936 1280145.340298  x:  1.20674   4.23631   0.05498  
  4 525.3127 1280136.371061  x:  1.18664   4.22559   0.05497  
  5  0.0300 1280136.370816  x:  1.18652   4.22538   0.05497  
  6  0.0003 1280136.370815  x:  1.18652   4.22535   0.05497  

7 (Bom_pas) ... 4 (And_hat)
  0  0.0000 1280199.719707  x:  1.27505   3.72709   0.04528  
  1 99.0000 1280091.444415  x:  1.27487   3.72716   0.04995  
  2 48419.6205 1279855.625892  x:  1.15658   3.75363   0.05403  
  3 3634.2061 1279753.590071  x:  1.19717   4.21035   0.05362  
  4 481.8563 1279751.854657  x:  1.18877   4.21410   0.05434  
  5  0.0084 1279751.789144  x:  1.18968   4.21207   0.05440  
  6  0.0020 1279751.789071  x:  1.18962   4.21174   0.05440  
  7  0.0003 1279751.789071  x:  1.18962   4.21172   0.05440  
  8  0.0000 1279751.789071  x:  1.18962   4.21172   0.05440  

7 (Bom_pas) ... 5 (And_mar)
  0  0.0000 1281572.996862  x:  1.06973   3.65435   0.08608  
  1 99.0000 1279836.236555  x:  1.06855   3.65453   0.05894  
  2 109047.9969 1279741.058035  x:  1.13187   3.65961   0.05440  
  3 3082.7785 1279668.292442  x:  1.15621   4.09929   0.05447  
  4 422.3196 1279656.065342  x:  1.16332   4.06552   0.05574  
  5  0.0530 1279655.406509  x:  1.16488   4.03838   0.05545  
  6  0.0255 1279655.405386  x:  1.16508   4.03915   0.05543  
  7  0.0007 1279655.405378  x:  1.16509   4.03920   0.05543  

7 (Bom_pas) ... 6 (And_tri)
  0  0.0000 1308110.123495  x:  1.39361   3.57383   0.18795  
  1 99.0000 1280046.578822  x:  1.36654   3.57608   0.04609  
  2 217455.7393 1279937.167676  x:  1.32885   3.58318   0.05229  
  3 6061.3911 1279739.124363  x:  1.37527   4.21996   0.05148  
  4 682.2904 1279145.049779  x:  1.16413   4.00383   0.05624  
  5  0.2819 1279137.020609  x:  1.17149   4.07718   0.05487  
  6  0.0609 1279136.962725  x:  1.16965   4.07281   0.05490  
  7  0.0068 1279136.960182  x:  1.16974   4.07112   0.05488  
  8  0.0015 1279136.960180  x:  1.16973   4.07108   0.05488  
  9  0.0000 1279136.960180  x:  1.16973   4.07108   0.05488  