

2 (And_ful) ... 1 (And_bic)
  0  0.0000 1061102.720544  x:  0.18265   1.46716   0.49791  
  1 99.0000 1059299.771110  x:  0.13312   1.47878   0.44266  
  2 43264.3922 1045307.347974  x:  0.12514   1.55784   0.05436  
  3 79725.7389 1044626.645705  x:  0.12749   2.01349   0.09496  
  4 3740.6200 1042434.804693  x:  0.14809   2.80638   0.04809  
  5  2.3867 1042013.386598  x:  0.16536   3.01767   0.06734  
  6  0.2399 1041909.338002  x:  0.17295   3.36958   0.05967  
  7  0.2110 1041883.948660  x:  0.16823   3.59789   0.06271  
  8  0.0886 1041883.005813  x:  0.16918   3.64485   0.06244  
  9  0.0358 1041882.996719  x:  0.16913   3.64806   0.06255  
 10  0.0029 1041882.996698  x:  0.16913   3.64807   0.06256  
 11  0.0000 1041882.996698  x:  0.16913   3.64806   0.06256  

3 (And_hae) ... 1 (And_bic)
  0  0.0000 1043370.196705  x:  0.14582   3.40361   0.18048  
  1 99.0000 1041179.274038  x:  0.19934   3.40502   0.08233  
  2 36919.1259 1040762.288389  x:  0.19134   3.40538   0.05547  
  3 51722.0887 1040706.736417  x:  0.18936   3.95553   0.05873  
  4 215.1899 1040396.128666  x:  0.16501   3.68337   0.06466  
  5  0.3582 1040395.718883  x:  0.16507   3.64117   0.06417  
  6  0.0413 1040395.717715  x:  0.16509   3.64198   0.06413  
  7  0.0009 1040395.717714  x:  0.16509   3.64196   0.06413  

3 (And_hae) ... 2 (And_ful)
  0  0.0000 1033170.460620  x:  0.15705   3.13331   0.05038  
  1 99.0000 1033051.982667  x:  0.15320   3.13355   0.06443  
  2 17870.3869 1033050.920429  x:  0.15191   3.13384   0.06419  
  3 1583.5294 1032935.796666  x:  0.15226   3.89407   0.06685  
  4 360.8983 1032935.781972  x:  0.15213   3.89356   0.06696  
  5  0.0004 1032935.781536  x:  0.15215   3.89348   0.06699  
  6  0.0001 1032935.781536  x:  0.15215   3.89344   0.06699  
  7  0.0000 1032935.781536  x:  0.15215   3.89345   0.06699  
  8  0.0000 1032935.781536  x:  0.15215   3.89345   0.06699  

4 (And_hat) ... 1 (And_bic)
  0  0.0000 1017802.565437  x:  0.12420   3.31658   0.11597  
  1 99.0000 1017227.333534  x:  0.11600   3.31716   0.06855  
  2 20006.4019 1017178.140352  x:  0.12273   3.31728   0.06237  
  3 15339.6773 1017165.566496  x:  0.12301   3.58456   0.06425  
  4 98.2610 1017163.808326  x:  0.12378   3.56650   0.06593  
  5  0.0316 1017163.800775  x:  0.12386   3.56518   0.06584  
  6  0.0012 1017163.800772  x:  0.12386   3.56510   0.06584  

4 (And_hat) ... 2 (And_ful)
  0  0.0000 1038100.650860  x:  0.15032   3.04467   0.14883  
  1 99.0000 1036143.174964  x:  0.16427   3.04686   0.06164  
  2 32052.9571 1036125.769595  x:  0.15920   3.04726   0.05976  
  3 6558.6770 1035956.559804  x:  0.15724   3.88371   0.06833  
  4 461.3300 1035943.285936  x:  0.15942   3.95102   0.06381  
  5  0.1461 1035943.033769  x:  0.15903   3.98327   0.06384  
  6  0.0234 1035943.024644  x:  0.15911   3.98729   0.06392  
  7  0.0036 1035943.024624  x:  0.15912   3.98744   0.06391  
  8  0.0002 1035943.024624  x:  0.15912   3.98745   0.06391  

4 (And_hat) ... 3 (And_hae)
  0  0.0000 1035512.406463  x:  0.15632   3.65301   0.12007  
  1 99.0000 1034718.187521  x:  0.14588   3.65363   0.06889  
  2 25168.6934 1034666.470029  x:  0.15380   3.65379   0.06305  
  3 12855.0584 1034638.964930  x:  0.15439   4.06349   0.06556  
  4 142.8187 1034637.648247  x:  0.15517   4.04683   0.06686  
  5  0.0293 1034637.639199  x:  0.15526   4.04420   0.06676  
  6  0.0024 1034637.639189  x:  0.15526   4.04398   0.06676  
  7  0.0002 1034637.639189  x:  0.15526   4.04397   0.06676  
  8  0.0000 1034637.639189  x:  0.15526   4.04397   0.06676  
  9  0.0000 1034637.639188  x:  0.15526   4.04397   0.06676  
 10  0.0696 1034637.639188  x:  0.15526   4.04397   0.06676  
 11  0.0103 1034637.639188  x:  0.15526   4.04397   0.06676  
check convergence!


5 (And_mar) ... 1 (And_bic)
  0  0.0000 998530.385893  x:  0.08102   3.44538   0.17964  
  1 99.0000 998232.934874  x:  0.09756   3.44547   0.16670  
  2 30298.4031 996861.587337  x:  0.09769   3.44617   0.06440  
  3 30195.4310 996851.709942  x:  0.09779   3.19992   0.06173  
  4 75.3015 996823.862935  x:  0.09308   3.13077   0.06556  
  5  0.0700 996820.765886  x:  0.09232   3.17470   0.06314  
  6  0.1190 996820.764631  x:  0.09234   3.17357   0.06309  
  7  0.0013 996820.764629  x:  0.09234   3.17366   0.06309  
  8  0.0001 996820.764629  x:  0.09234   3.17365   0.06309  
  9  0.0000 996820.764629  x:  0.09234   3.17366   0.06309  

5 (And_mar) ... 2 (And_ful)
  0  0.0000 1043441.699048  x:  0.17963   3.09395   0.16725  
  1 99.0000 1041553.632768  x:  0.13740   3.09537   0.09720  
  2 40474.6990 1040857.156445  x:  0.14658   3.09616   0.05791  
  3 59655.1394 1040733.321555  x:  0.14887   3.83803   0.06352  
  4 375.7445 1040555.275353  x:  0.16555   3.65159   0.06551  
  5  0.2144 1040552.804456  x:  0.16598   3.65610   0.06335  
  6  0.0068 1040552.789524  x:  0.16603   3.64775   0.06330  
  7  0.0072 1040552.789466  x:  0.16602   3.64758   0.06331  
  8  0.0002 1040552.789466  x:  0.16602   3.64759   0.06331  

5 (And_mar) ... 3 (And_hae)
  0  0.0000 1042214.799480  x:  0.13213   3.12162   0.19410  
  1 99.0000 1040721.855484  x:  0.18540   3.12271   0.14377  
  2 46424.4574 1038930.323066  x:  0.18490   3.12432   0.06227  
  3 59262.8944 1038853.838779  x:  0.18388   3.68792   0.06820  
  4 294.8734 1038596.718226  x:  0.16340   3.72529   0.06052  
  5  0.0390 1038576.736534  x:  0.16055   3.65453   0.06592  
  6  0.1603 1038576.523144  x:  0.16090   3.62755   0.06580  
  7  0.0243 1038576.518046  x:  0.16083   3.62479   0.06574  
  8  0.0028 1038576.518034  x:  0.16084   3.62489   0.06574  
  9  0.0001 1038576.518034  x:  0.16084   3.62489   0.06574  
check convergence!


5 (And_mar) ... 4 (And_hat)
  0  0.0000 1015753.247866  x:  0.12271   3.30764   0.16589  
  1 99.0000 1014995.957286  x:  0.09886   3.30834   0.11804  
  2 25942.8893 1014256.083108  x:  0.10505   3.30911   0.06359  
  3 73474.0398 1014230.828220  x:  0.10567   3.70205   0.06681  
  4 134.4829 1014088.069988  x:  0.11797   3.53177   0.06932  
  5  0.1865 1014086.229649  x:  0.11829   3.55349   0.06717  
  6  0.0366 1014086.228235  x:  0.11833   3.55210   0.06716  
  7  0.0013 1014086.228233  x:  0.11833   3.55218   0.06717  
  8  0.0001 1014086.228233  x:  0.11833   3.55219   0.06717  

6 (And_tri) ... 1 (And_bic)
  0  0.0000 1016519.460997  x:  0.09329   3.28167   0.18750  
  1 99.0000 1015752.816644  x:  0.12235   3.28180   0.17251  
  2 51854.9508 1013828.582910  x:  0.12313   3.28263   0.06279  
  3 30755.4825 1013816.749056  x:  0.12323   3.05698   0.06016  
  4 98.8457 1013799.378087  x:  0.11994   2.97799   0.06455  
  5  0.1034 1013791.541206  x:  0.11763   3.02617   0.06219  
  6  0.0941 1013791.526800  x:  0.11769   3.02440   0.06202  
  7  0.0019 1013791.526769  x:  0.11770   3.02472   0.06202  
  8  0.0003 1013791.526769  x:  0.11770   3.02471   0.06202  

6 (And_tri) ... 2 (And_ful)
  0  0.0000 1035996.468914  x:  0.14607   2.87242   0.07695  
  1 99.0000 1035784.983702  x:  0.16023   2.87294   0.06110  
  2 19452.1831 1035776.684031  x:  0.15811   2.87327   0.05810  
  3 4649.3915 1035663.249596  x:  0.15767   3.54316   0.06167  
  4 385.9426 1035663.138932  x:  0.15764   3.54114   0.06121  
  5  0.0020 1035663.138843  x:  0.15763   3.54093   0.06120  
  6  0.0002 1035663.138842  x:  0.15763   3.54085   0.06120  

6 (And_tri) ... 3 (And_hae)
  0  0.0000 1036847.896935  x:  0.13093   3.26416   0.15011  
  1 99.0000 1035735.157762  x:  0.17409   3.26477   0.10648  
  2 39815.7806 1035017.041868  x:  0.17015   3.26537   0.06121  
  3 44351.2337 1034991.265376  x:  0.16961   3.61371   0.06374  
  4 154.7694 1034857.106778  x:  0.15402   3.54098   0.06537  
  5  0.0685 1034857.044911  x:  0.15401   3.53434   0.06501  
  6  0.0090 1034857.039412  x:  0.15401   3.52947   0.06503  
  7  0.0055 1034857.039411  x:  0.15401   3.52946   0.06503  
  8  0.0000 1034857.039411  x:  0.15401   3.52946   0.06503  

6 (And_tri) ... 4 (And_hat)
  0  0.0000 1012553.243314  x:  0.12475   3.29018   0.10815  
  1 99.0000 1012248.856649  x:  0.10791   3.29039   0.09095  
  2 23971.3194 1012041.385494  x:  0.11266   3.29072   0.06475  
  3 20805.9354 1012030.193837  x:  0.11281   3.54927   0.06638  
  4 90.3644 1012024.490784  x:  0.11536   3.53596   0.06702  
  5  0.0148 1012024.452531  x:  0.11539   3.53662   0.06669  
  6  0.0010 1012024.452512  x:  0.11539   3.53639   0.06669  
  7  0.0002 1012024.452512  x:  0.11539   3.53637   0.06669  
  8  0.0000 1012024.452512  x:  0.11539   3.53638   0.06669  

6 (And_tri) ... 5 (And_mar)
  0  0.0000 1011648.138994  x:  0.10641   3.03073   0.09422  
  1 99.0000 1011468.825746  x:  0.11931   3.03083   0.07769  
  2 17324.0314 1011379.072264  x:  0.11552   3.03091   0.06235  
  3 17287.2482 1011378.916113  x:  0.11554   3.00448   0.06219  
  4 10.5359 1011373.515731  x:  0.11327   2.99612   0.06405  
  5  0.0111 1011373.487731  x:  0.11319   2.99723   0.06382  
  6  0.0014 1011373.487721  x:  0.11319   2.99718   0.06382  

7 (Bom_pas) ... 1 (And_bic)
  0  0.0000 1267737.265988  x:  1.10673   2.71552   0.05931  
  1 99.0000 1267724.422819  x:  1.10665   2.71591   0.05740  
  2 12935.8526 1266300.510017  x:  1.16805   4.12082   0.06089  
  3 2579.1259 1266286.407352  x:  1.19820   4.13121   0.05950  
  4 1050.9744 1266274.961517  x:  1.19940   4.14846   0.05768  
  5  0.0169 1266274.636152  x:  1.19949   4.17360   0.05775  
  6  0.0141 1266274.628016  x:  1.20025   4.17501   0.05773  
  7  0.0014 1266274.628015  x:  1.20025   4.17503   0.05773  
  8  0.0000 1266274.628015  x:  1.20025   4.17503   0.05773  

7 (Bom_pas) ... 2 (And_ful)
  0  0.0000 1269662.926119  x:  1.16482   3.67781   0.04979  
  1 99.0000 1269360.919238  x:  1.16532   3.67787   0.05855  
  2 74061.6362 1269315.735783  x:  1.22210   3.70644   0.05644  
  3 1589.8009 1269054.360820  x:  1.25538   4.44382   0.05693  
  4 1021.2919 1269052.966140  x:  1.25950   4.44771   0.05620  
  5  0.0049 1269052.961328  x:  1.25997   4.45090   0.05620  
  6  0.0024 1269052.961326  x:  1.25996   4.45091   0.05620  
  7  0.0000 1269052.961326  x:  1.25996   4.45092   0.05620  
  8  0.0000 1269052.961326  x:  1.25996   4.45092   0.05620  

7 (Bom_pas) ... 3 (And_hae)
  0  0.0000 1274519.384205  x:  1.24225   3.70354   0.12236  
  1 99.0000 1266081.028799  x:  1.23448   3.70426   0.05524  
  2 179084.6261 1266013.146259  x:  1.18394   3.72132   0.06049  
  3 2591.5120 1265836.784830  x:  1.23201   4.34305   0.05937  
  4 673.7144 1265799.549155  x:  1.19940   4.32577   0.05832  
  5  0.0566 1265799.515128  x:  1.19972   4.32035   0.05823  
  6  0.0050 1265799.514454  x:  1.19957   4.31932   0.05824  
  7  0.0009 1265799.514453  x:  1.19958   4.31932   0.05824  

7 (Bom_pas) ... 4 (And_hat)
  0  0.0000 1278871.231511  x:  1.42655   3.65782   0.12040  
  1 99.0000 1267016.367679  x:  1.41767   3.65871   0.04776  
  2 220806.3425 1266570.281576  x:  1.25752   3.69413   0.06323  
  3 6050.2043 1266347.334117  x:  1.32477   4.37650   0.06114  
  4 723.7479 1265948.616253  x:  1.18984   4.33478   0.06068  
  5  0.2099 1265921.289093  x:  1.21890   4.37701   0.05735  
  6  0.0629 1265920.976922  x:  1.21587   4.36905   0.05724  
  7  0.0093 1265920.972724  x:  1.21562   4.36608   0.05726  
  8  0.0024 1265920.972656  x:  1.21566   4.36596   0.05725  

7 (Bom_pas) ... 5 (And_mar)
  0  0.0000 1280435.647784  x:  1.03594   3.64240   0.18823  
  1 99.0000 1265523.416579  x:  1.02010   3.64379   0.06530  
  2 154082.3913 1265390.447704  x:  1.06187   3.64567   0.05826  
  3 6056.1455 1265249.418743  x:  1.08921   4.17067   0.05874  
  4 580.1607 1265045.080616  x:  1.16233   4.13227   0.06048  
  5  0.1367 1265036.459509  x:  1.17739   4.15162   0.05858  
  6  0.0206 1265036.316890  x:  1.17978   4.16319   0.05861  
  7  0.0097 1265036.316624  x:  1.17979   4.16367   0.05860  
  8  0.0005 1265036.316623  x:  1.17978   4.16369   0.05860  

7 (Bom_pas) ... 6 (And_tri)
  0  0.0000 1265977.473723  x:  1.35924   3.76832   0.05815  
  1 99.0000 1265697.952243  x:  1.35824   3.76845   0.05009  
  2 64309.8584 1265113.637573  x:  1.15956   3.80273   0.05885  
  3 5207.1786 1265047.827683  x:  1.19460   4.16338   0.05831  
  4 383.8767 1265045.287886  x:  1.18557   4.17427   0.05824  
  5  0.0163 1265045.213171  x:  1.18685   4.17463   0.05807  
  6  0.0013 1265045.213149  x:  1.18687   4.17484   0.05807  
  7  0.0002 1265045.213149  x:  1.18687   4.17484   0.05807  