Supplemental results for CODEML (seqf: /home/yzliu/eDNA/faststorage/yzliu/DK_proj/data/ref_genome/ref_annotation/primary_transcripts/extracted_cds_new/new_transcript_id_7_and_pas/bootstraps/cat.out.OG_cds_7_species_same_header_fas.shuf_537OG_199.phy  treef: xxx.trees)


pairwise comparison (Goldman & Yang 1994)
seq seq        N       S       dN       dS     dN/dS   Paras.
  2   1 485335.7 190633.3   0.0095   0.1673   0.0568   0.1620   3.6975   0.0568 -1042342.633
  3   1 485110.0 190859.0   0.0091   0.1583   0.0575   0.1537   3.5935   0.0575 -1038565.608
  3   2 483440.4 192528.6   0.0094   0.1528   0.0616   0.1508   4.0424   0.0616 -1036313.076
  4   1 484657.1 191311.9   0.0071   0.1183   0.0599   0.1156   3.6378   0.0599 -1016748.459
  4   2 482971.5 192997.5   0.0092   0.1569   0.0589   0.1542   4.0932   0.0589 -1037680.556
  4   3 482374.1 193594.9   0.0090   0.1478   0.0607   0.1462   4.0185   0.0607 -1034126.562
  5   1 488388.3 187580.7   0.0051   0.0905   0.0558   0.0863   3.1306   0.0558 -997385.603
  5   2 484739.2 191229.8   0.0095   0.1639   0.0581   0.1596   3.7422   0.0581 -1041392.407
  5   3 484994.7 190974.3   0.0092   0.1535   0.0600   0.1499   3.5781   0.0600 -1037217.996
  5   4 485034.8 190934.2   0.0070   0.1118   0.0624   0.1097   3.5573   0.0624 -1013641.139
  6   1 489628.8 186340.2   0.0063   0.1188   0.0532   0.1119   3.0073   0.0532 -1014460.596
  6   2 486126.2 189842.8   0.0089   0.1592   0.0559   0.1533   3.5721   0.0559 -1037733.069
  6   3 485636.9 190332.1   0.0087   0.1511   0.0574   0.1463   3.5097   0.0574 -1034743.693
  6   4 486225.3 189743.7   0.0066   0.1119   0.0594   0.1085   3.4198   0.0594 -1012505.758
  6   5 490280.1 185688.9   0.0063   0.1120   0.0565   0.1061   2.9180   0.0565 -1011520.319
  7   1 483556.8 192412.2   0.0610   1.1607   0.0526   1.1221   4.1255   0.0526 -1256761.360
  7   2 479974.5 195994.5   0.0623   1.2278   0.0507   1.2006   4.4553   0.0507 -1260813.296
  7   3 482170.6 193798.4   0.0615   1.1615   0.0530   1.1306   4.2675   0.0530 -1257362.054
  7   4 482166.0 193803.0   0.0610   1.1644   0.0524   1.1320   4.2829   0.0524 -1256566.013
  7   5 483939.5 192029.5   0.0611   1.1484   0.0532   1.1099   4.1085   0.0532 -1256193.034
  7   6 483683.9 192285.1   0.0608   1.1585   0.0524   1.1190   4.1238   0.0524 -1256101.501

