Supplemental results for CODEML (seqf: /home/yzliu/eDNA/faststorage/yzliu/DK_proj/data/ref_genome/ref_annotation/primary_transcripts/extracted_cds_new/new_transcript_id_8_bom_apis/bootstraps/cat.out.OG_cds_8_species_same_header_fas.shuf_211OG_159.phy  treef: xxx.trees)


pairwise comparison (Goldman & Yang 1994)
seq seq        N       S       dN       dS     dN/dS   Paras.
  2   1 320521.0 106907.0   0.0557   0.5871   0.0948   0.5658   3.9218   0.0948 -752036.436
  3   1 320555.8 106872.2   0.0570   0.6018   0.0947   0.5796   3.8563   0.0947 -754796.536
  3   2 313739.3 113688.7   0.0143   0.1129   0.1271   0.1217   4.6452   0.1271 -641879.754
  4   1 320922.3 106505.7   0.0552   0.5892   0.0936   0.5647   3.9191   0.0936 -751187.685
  4   2 312958.0 114470.0   0.0124   0.1013   0.1226   0.1087   5.1792   0.1226 -635102.321
  4   3 314347.2 113080.8   0.0089   0.0667   0.1338   0.0726   4.5499   0.1338 -618935.531
  5   1 320959.0 106469.0   0.0557   0.5954   0.0935   0.5703   3.9174   0.0935 -752021.807
  5   2 313056.5 114371.5   0.0134   0.1080   0.1244   0.1162   5.1513   0.1244 -638460.639
  5   3 314956.6 112471.4   0.0095   0.0686   0.1380   0.0751   4.3449   0.1380 -620447.336
  5   4 312949.9 114478.1   0.0080   0.0637   0.1261   0.0688   5.3669   0.1261 -615882.587
  6   1 320898.8 106529.2   0.0559   0.5948   0.0940   0.5707   3.9174   0.0940 -752290.024
  6   2 312779.7 114648.3   0.0137   0.1083   0.1264   0.1172   5.2490   0.1264 -638873.882
  6   3 314290.2 113137.8   0.0098   0.0684   0.1429   0.0759   4.5629   0.1429 -620835.825
  6   4 312193.0 115235.0   0.0086   0.0631   0.1362   0.0699   5.7104   0.1362 -616557.259
  6   5 311210.5 116217.5   0.0027   0.0203   0.1355   0.0225   6.2751   0.1355 -588300.101
  7   1 320905.8 106522.2   0.0567   0.5925   0.0957   0.5706   3.9169   0.0957 -752993.668
  7   2 312875.5 114552.5   0.0144   0.1091   0.1324   0.1194   5.2064   0.1324 -640374.663
  7   3 313960.9 113467.1   0.0100   0.0698   0.1429   0.0776   4.6879   0.1429 -621704.716
  7   4 312068.2 115359.8   0.0089   0.0644   0.1379   0.0716   5.7751   0.1379 -617518.558
  7   5 312960.3 114467.7   0.0087   0.0605   0.1437   0.0677   5.3511   0.1437 -615847.930
  7   6 312331.3 115096.7   0.0091   0.0599   0.1515   0.0683   5.6275   0.1515 -616256.947
  8   1 320825.2 106602.8   0.0557   0.5969   0.0934   0.5721   3.9277   0.0934 -752290.943
  8   2 312733.1 114694.9   0.0133   0.1074   0.1236   0.1156   5.2531   0.1236 -638147.375
  8   3 314540.5 112887.5   0.0094   0.0678   0.1390   0.0745   4.4589   0.1390 -620154.290
  8   4 312291.7 115136.3   0.0081   0.0635   0.1274   0.0690   5.6401   0.1274 -615975.769
  8   5 312022.7 115405.3   0.0023   0.0190   0.1188   0.0203   5.7979   0.1188 -586737.798
  8   6 310059.6 117368.4   0.0027   0.0197   0.1361   0.0221   6.9499   0.1361 -587992.278
  8   7 312361.1 115066.9   0.0086   0.0596   0.1446   0.0670   5.5932   0.1446 -615523.578

