

2 (And_ful) ... 1 (And_bic)
  0  0.0000 1029690.601397  x:  0.14269   1.47601   0.41729  
  1 99.0000 1025312.589978  x:  0.32554   1.53777   0.08426  
  2 38118.1706 1024333.400054  x:  0.33049   1.54464   0.04300  
  3 260491.2731 1016856.336041  x:  0.19957   6.34873   0.14492  
  4 5017.3920 1015192.291557  x:  0.14987   5.90024   0.10028  
  5  0.2756 1014520.866784  x:  0.15826   5.09549   0.05905  
  6  1.2146 1014348.514854  x:  0.17446   4.67804   0.06395  
  7  0.3477 1014210.552930  x:  0.17433   3.74310   0.05532  
  8  0.4980 1014150.341001  x:  0.16814   3.48960   0.06203  
  9  0.2810 1014146.694261  x:  0.16663   3.59920   0.06266  
 10  0.1669 1014146.630697  x:  0.16638   3.58996   0.06249  
 11  0.0102 1014146.630392  x:  0.16639   3.58984   0.06247  
 12  0.0001 1014146.630391  x:  0.16639   3.58987   0.06247  

3 (And_hae) ... 1 (And_bic)
  0  0.0000 1012710.920029  x:  0.13625   3.34920   0.13391  
  1 99.0000 1011728.222474  x:  0.17598   3.34962   0.09292  
  2 36610.5153 1011325.278345  x:  0.17090   3.34992   0.06157  
  3 34000.1747 1011319.294578  x:  0.17065   3.51915   0.06264  
  4 70.7228 1011242.561466  x:  0.15880   3.45215   0.06570  
  5  0.0689 1011242.275226  x:  0.15865   3.45421   0.06497  
  6  0.0031 1011242.274376  x:  0.15866   3.45246   0.06495  
  7  0.0018 1011242.274376  x:  0.15866   3.45243   0.06495  

3 (And_hae) ... 2 (And_ful)
  0  0.0000 1010285.270367  x:  0.15522   3.03537   0.19144  
  1 99.0000 1008261.037834  x:  0.12235   3.03809   0.09212  
  2 31744.6007 1007754.570179  x:  0.13200   3.03902   0.05951  
  3 80085.2969 1007491.086299  x:  0.13647   4.21189   0.06940  
  4 533.3728 1007312.320153  x:  0.15236   3.91288   0.07297  
  5  0.3570 1007307.816395  x:  0.15264   3.89928   0.06961  
  6  0.0143 1007307.756827  x:  0.15260   3.87986   0.06952  
  7  0.0154 1007307.756417  x:  0.15258   3.87984   0.06953  
  8  0.0000 1007307.756415  x:  0.15258   3.87987   0.06953  
  9  0.0000 1007307.756414  x:  0.15258   3.87986   0.06953  
 10  0.0000 1007307.756414  x:  0.15258   3.87986   0.06953  
 11  0.0000 1007307.756414  x:  0.15258   3.87986   0.06953  
check convergence!


4 (And_hat) ... 1 (And_bic)
  0  0.0000 990206.884631  x:  0.11400   3.35474   0.07784  
  1 99.0000 990134.255904  x:  0.12325   3.35480   0.07195  
  2 13620.4469 990114.452156  x:  0.12200   3.35488   0.06487  
  3 6086.2266 990112.720662  x:  0.12198   3.45620   0.06536  
  4 34.9896 990112.542410  x:  0.12150   3.45512   0.06534  
  5  0.0012 990112.542361  x:  0.12149   3.45506   0.06535  
  6  0.0001 990112.542360  x:  0.12149   3.45505   0.06535  
  7  0.0000 990112.542360  x:  0.12149   3.45505   0.06535  
  8  0.0000 990112.542360  x:  0.12149   3.45505   0.06535  
check convergence!


4 (And_hat) ... 2 (And_ful)
  0  0.0000 1009972.874249  x:  0.15996   3.03359   0.09850  
  1 99.0000 1009496.782967  x:  0.15209   3.03452   0.06348  
  2 22787.6311 1009476.571607  x:  0.15754   3.03495   0.06040  
  3 7201.5664 1009310.856443  x:  0.15855   3.92677   0.06649  
  4 433.4522 1009309.513343  x:  0.15805   3.93458   0.06497  
  5  0.0113 1009309.500378  x:  0.15819   3.93686   0.06490  
  6  0.0021 1009309.500191  x:  0.15819   3.93791   0.06491  
  7  0.0007 1009309.500190  x:  0.15819   3.93792   0.06491  

4 (And_hat) ... 3 (And_hae)
  0  0.0000 1008013.159661  x:  0.15899   3.49939   0.08185  
  1 99.0000 1007911.607999  x:  0.15036   3.49961   0.06995  
  2 13249.7132 1007904.506062  x:  0.15276   3.49977   0.06694  
  3 3854.3204 1007878.978434  x:  0.15299   3.88522   0.06872  
  4 141.3852 1007878.953288  x:  0.15314   3.88394   0.06854  
  5  0.0013 1007878.953285  x:  0.15314   3.88382   0.06854  

5 (And_mar) ... 1 (And_bic)
  0  0.0000 970476.216941  x:  0.08864   3.33326   0.11210  
  1 99.0000 970087.394781  x:  0.08900   3.33330   0.06505  
  2 13464.4109 970086.991511  x:  0.08962   3.33326   0.06499  
  3 1326.2198 970073.190921  x:  0.08966   3.03603   0.06275  
  4 88.4954 970072.965297  x:  0.08966   3.03055   0.06360  
  5  0.0111 970072.965133  x:  0.08966   3.03149   0.06360  
  6  0.0011 970072.965133  x:  0.08966   3.03147   0.06360  
  7  0.0000 970072.965133  x:  0.08966   3.03148   0.06360  

5 (And_mar) ... 2 (And_ful)
  0  0.0000 1014495.588589  x:  0.13507   2.93492   0.11278  
  1 99.0000 1013544.009822  x:  0.17417   2.93559   0.08432  
  2 42474.7679 1013274.023704  x:  0.17044   2.93623   0.06013  
  3 24674.6218 1013156.252153  x:  0.16968   3.62995   0.06477  
  4 381.7243 1013135.986011  x:  0.16358   3.61920   0.06402  
  5  0.0112 1013135.865274  x:  0.16345   3.61378   0.06448  
  6  0.0066 1013135.863113  x:  0.16346   3.61054   0.06445  
  7  0.0024 1013135.863112  x:  0.16346   3.61053   0.06445  

5 (And_mar) ... 3 (And_hae)
  0  0.0000 1010380.489833  x:  0.13440   3.33288   0.10465  
  1 99.0000 1009884.146880  x:  0.16161   3.33307   0.08436  
  2 30817.8597 1009745.826422  x:  0.15826   3.33325   0.06622  
  3 16956.6827 1009742.141500  x:  0.15818   3.46297   0.06695  
  4 57.0456 1009734.628899  x:  0.15459   3.45442   0.06788  
  5  0.0088 1009734.621080  x:  0.15456   3.45427   0.06775  
  6  0.0002 1009734.621072  x:  0.15455   3.45411   0.06775  
  7  0.0002 1009734.621072  x:  0.15455   3.45410   0.06775  

5 (And_mar) ... 4 (And_hat)
  0  0.0000 987503.908415  x:  0.12068   3.17325   0.09153  
  1 99.0000 987370.024812  x:  0.11077   3.17347   0.07728  
  2 14778.0232 987314.644604  x:  0.11499   3.17370   0.06563  
  3 12798.0554 987298.724881  x:  0.11514   3.47653   0.06743  
  4 111.1247 987297.802419  x:  0.11613   3.47118   0.06794  
  5  0.0061 987297.796134  x:  0.11616   3.47075   0.06781  
  6  0.0005 987297.796132  x:  0.11616   3.47062   0.06781  
  7  0.0001 987297.796132  x:  0.11616   3.47062   0.06781  
  8  0.0000 987297.796132  x:  0.11616   3.47062   0.06781  

6 (And_tri) ... 1 (And_bic)
  0  0.0000 988497.268785  x:  0.09443   3.07196   0.08702  
  1 99.0000 988015.977348  x:  0.11735   3.07197   0.08148  
  2 44301.2878 987926.988016  x:  0.11700   3.07196   0.06447  
  3 9967.4147 987922.664534  x:  0.11703   2.93492   0.06364  
  4 60.6971 987922.458724  x:  0.11654   2.93202   0.06382  
  5  0.0024 987922.457045  x:  0.11652   2.93268   0.06376  
  6  0.0009 987922.457041  x:  0.11652   2.93279   0.06376  
  7  0.0001 987922.457041  x:  0.11652   2.93279   0.06376  
  8  0.0000 987922.457041  x:  0.11652   2.93279   0.06376  
check convergence!


6 (And_tri) ... 2 (And_ful)
  0  0.0000 1010230.864946  x:  0.16555   2.64180   0.08770  
  1 99.0000 1009834.605341  x:  0.15209   2.64266   0.06133  
  2 24176.5436 1009813.565307  x:  0.15668   2.64319   0.05707  
  3 7188.1733 1009625.178044  x:  0.15774   3.45707   0.06272  
  4 541.0067 1009624.458887  x:  0.15753   3.46209   0.06159  
  5  0.0059 1009624.439073  x:  0.15771   3.46423   0.06155  
  6  0.0021 1009624.438702  x:  0.15770   3.46553   0.06156  
  7  0.0009 1009624.438702  x:  0.15770   3.46553   0.06156  

6 (And_tri) ... 3 (And_hae)
  0  0.0000 1008526.248634  x:  0.16209   3.11749   0.11097  
  1 99.0000 1007932.778241  x:  0.14019   3.11790   0.07791  
  2 27447.5671 1007810.662533  x:  0.14750   3.11813   0.06306  
  3 18575.2218 1007797.364218  x:  0.14789   3.36436   0.06465  
  4 116.6161 1007788.825129  x:  0.15111   3.33516   0.06646  
  5  0.0373 1007788.691813  x:  0.15133   3.33326   0.06596  
  6  0.0021 1007788.691722  x:  0.15133   3.33263   0.06595  
  7  0.0006 1007788.691722  x:  0.15133   3.33263   0.06596  
  8  0.0000 1007788.691722  x:  0.15133   3.33263   0.06596  
  9  0.0000 1007788.691722  x:  0.15133   3.33263   0.06596  

6 (And_tri) ... 4 (And_hat)
  0  0.0000 988171.536463  x:  0.10807   3.15418   0.15523  
  1 99.0000 987323.284368  x:  0.13625   3.15518   0.09056  
  2 23320.3969 986979.081057  x:  0.12948   3.15565   0.05961  
  3 55016.3592 986947.821267  x:  0.12836   3.59188   0.06285  
  4 151.1417 986816.141676  x:  0.11571   3.42216   0.06801  
  5  0.2275 986815.900285  x:  0.11561   3.40282   0.06722  
  6  0.0204 986815.895779  x:  0.11565   3.39880   0.06724  
  7  0.0046 986815.895778  x:  0.11566   3.39880   0.06724  

6 (And_tri) ... 5 (And_mar)
  0  0.0000 988126.623681  x:  0.09207   3.14575   0.19129  
  1 99.0000 987574.736537  x:  0.11665   3.14589   0.17730  
  2 42578.7427 985924.618235  x:  0.11721   3.14683   0.06937  
  3 28299.0523 985914.554645  x:  0.11731   2.94187   0.06667  
  4 92.6205 985895.299878  x:  0.11304   2.88534   0.07020  
  5  0.0559 985892.147001  x:  0.11206   2.92095   0.06798  
  6  0.0907 985892.145531  x:  0.11209   2.92058   0.06792  
  7  0.0004 985892.145529  x:  0.11209   2.92066   0.06792  

7 (Bom_pas) ... 1 (And_bic)
  0  0.0000 1242928.038036  x:  1.28717   2.76440   0.12218  
  1 99.0000 1231868.440300  x:  1.27726   2.76604   0.04869  
  2 203698.8422 1231383.636609  x:  1.13377   2.82552   0.06417  
  3 6721.5763 1230504.090551  x:  1.25138   3.93094   0.06254  
  4 2052.3547 1230034.267369  x:  1.13588   3.99556   0.05960  
  5  0.1825 1230022.486849  x:  1.15727   4.04036   0.05750  
  6  0.0555 1230021.754593  x:  1.15717   4.07753   0.05756  
  7  0.0225 1230021.738262  x:  1.15783   4.07884   0.05758  
  8  0.0015 1230021.738233  x:  1.15787   4.07891   0.05758  

7 (Bom_pas) ... 2 (And_ful)
  0  0.0000 1253128.785043  x:  1.19480   3.39606   0.18154  
  1 99.0000 1234355.099603  x:  1.17474   3.39825   0.05552  
  2 179841.2890 1234237.401422  x:  1.14937   3.60574   0.06178  
  3 1171.9961 1233854.430706  x:  1.24809   4.32251   0.05391  
  4 16910.9585 1233846.558488  x:  1.24022   4.38826   0.05539  
  5  0.0637 1233846.255116  x:  1.24037   4.40728   0.05522  
  6  0.0177 1233846.236841  x:  1.24157   4.41105   0.05520  
  7  0.0040 1233846.236837  x:  1.24156   4.41110   0.05520  
  8  0.0001 1233846.236837  x:  1.24156   4.41110   0.05520  
check convergence!


7 (Bom_pas) ... 3 (And_hae)
  0  0.0000 1244347.049261  x:  1.08765   3.91327   0.17160  
  1 99.0000 1230978.714372  x:  1.07314   3.91424   0.06182  
  2 157429.5844 1230931.726487  x:  1.10115   3.91544   0.05754  
  3 3235.5407 1230885.327592  x:  1.11782   4.23635   0.05757  
  4 303.7662 1230809.014621  x:  1.16714   4.24079   0.05852  
  5  0.0781 1230807.632208  x:  1.17295   4.25027   0.05776  
  6  0.0101 1230807.622856  x:  1.17357   4.25358   0.05776  
  7  0.0030 1230807.622852  x:  1.17357   4.25365   0.05776  

7 (Bom_pas) ... 4 (And_hat)
  0  0.0000 1241297.524904  x:  1.36266   3.77451   0.11561  
  1 99.0000 1231640.462765  x:  1.35475   3.77521   0.04897  
  2 201747.2982 1231301.320490  x:  1.21882   3.80083   0.06177  
  3 5200.2908 1231186.144443  x:  1.26438   4.30121   0.06039  
  4 494.8892 1230949.365007  x:  1.16901   4.27241   0.05910  
  5  0.1533 1230937.887611  x:  1.18815   4.29350   0.05695  
  6  0.0346 1230937.823667  x:  1.18680   4.28685   0.05689  
  7  0.0068 1230937.822457  x:  1.18676   4.28537   0.05690  
  8  0.0013 1230937.822455  x:  1.18677   4.28537   0.05690  

7 (Bom_pas) ... 5 (And_mar)
  0  0.0000 1230885.068131  x:  1.30578   3.66591   0.06527  
  1 99.0000 1230098.861751  x:  1.30446   3.66606   0.05241  
  2 96424.3614 1229612.085834  x:  1.12561   3.69856   0.06204  
  3 4847.9753 1229540.639992  x:  1.16164   4.07540   0.06139  
  4 409.5368 1229486.354051  x:  1.14756   4.09211   0.05816  
  5  0.0230 1229486.025056  x:  1.15145   4.09149   0.05785  
  6  0.0051 1229486.024782  x:  1.15152   4.09192   0.05785  
  7  0.0004 1229486.024778  x:  1.15153   4.09199   0.05785  

7 (Bom_pas) ... 6 (And_tri)
  0  0.0000 1232735.503852  x:  1.13521   3.65314   0.09195  
  1 99.0000 1230080.087681  x:  1.13259   3.65343   0.05752  
  2 126331.7446 1230011.430715  x:  1.18889   3.93407   0.05446  
  3 507.6426 1229967.930700  x:  1.16423   4.11682   0.05718  
  4 4488.1435 1229967.814448  x:  1.16684   4.12516   0.05715  
  5  0.0097 1229967.803187  x:  1.16705   4.12805   0.05710  
  6  0.0034 1229967.803157  x:  1.16703   4.12822   0.05710  
  7  0.0002 1229967.803157  x:  1.16703   4.12822   0.05710  