

2 (Bom_con) ... 1 (Apis_mel)
  0  0.0000 406568.849526  x:  0.45115   1.36789   0.43399  
  1 99.0000 398581.802302  x:  0.45259   1.44800   0.09140  
  2 23347.1334 398280.692018  x:  0.51712   1.48026   0.07267  
  3 9204.9116 397011.439966  x:  0.58199   2.25123   0.11847  
  4 5190.2129 396279.957362  x:  0.50073   2.91053   0.10185  
  5  1.4244 396076.764095  x:  0.56852   3.44980   0.09684  
  6  0.2163 396052.718477  x:  0.55435   3.69038   0.09583  
  7  0.1329 396050.020855  x:  0.55519   3.74875   0.09860  
  8  0.0428 396050.009613  x:  0.55534   3.75585   0.09851  
  9  0.0054 396050.009501  x:  0.55540   3.75575   0.09850  

3 (Bom_hor) ... 1 (Apis_mel)
  0  0.0000 396608.549690  x:  0.52074   3.40070   0.11694  
  1 99.0000 396537.948629  x:  0.52459   3.40111   0.09993  
  2 7483.8890 396501.595911  x:  0.55725   3.40315   0.09710  
  3 2515.8752 396468.865768  x:  0.56189   3.82467   0.09869  
  4 166.6878 396468.798969  x:  0.56238   3.82436   0.09819  
  5  0.0009 396468.797862  x:  0.56256   3.82425   0.09819  

3 (Bom_hor) ... 2 (Bom_con)
  0  0.0000 334543.624561  x:  0.09982   3.35276   0.11294  
  1 99.0000 334512.903705  x:  0.10969   3.35304   0.11338  
  2 6440.5060 334511.084227  x:  0.10947   3.37226   0.11974  
  3 193.2839 334365.736660  x:  0.10959   5.50802   0.12275  
  4 1869.3322 334365.686886  x:  0.10967   5.51021   0.12376  
  5  0.0022 334365.686855  x:  0.10967   5.50932   0.12374  
  6  0.0006 334365.686849  x:  0.10967   5.50892   0.12375  
  7  0.0003 334365.686849  x:  0.10967   5.50891   0.12374  
  8  0.0000 334365.686849  x:  0.10967   5.50891   0.12374  
  9  0.0000 334365.686849  x:  0.10967   5.50891   0.12374  
check convergence!


4 (Bom_hyp) ... 1 (Apis_mel)
  0  0.0000 397282.654132  x:  0.41623   4.50091   0.17662  
  1 99.0000 396145.848782  x:  0.47827   4.49989   0.09807  
  2 18591.9575 395883.654082  x:  0.54226   4.49805   0.11103  
  3 10554.1636 395809.172716  x:  0.53877   3.77966   0.10815  
  4 188.8067 395775.612555  x:  0.55574   3.81644   0.09738  
  5  0.0570 395775.299453  x:  0.55887   3.81469   0.09709  
  6  0.0031 395775.297414  x:  0.55890   3.81706   0.09715  
  7  0.0029 395775.297408  x:  0.55890   3.81691   0.09716  

4 (Bom_hyp) ... 2 (Bom_con)
  0  0.0000 333216.135135  x:  0.09165   3.45264   0.17476  
  1 99.0000 333142.272510  x:  0.10659   3.45298   0.16768  
  2 9465.8311 332990.586432  x:  0.10637   3.45602   0.10562  
  3 4915.6644 332870.283017  x:  0.10589   5.39874   0.12344  
  4 159.7452 332865.507392  x:  0.10535   5.45054   0.11401  
  5  0.0713 332865.378190  x:  0.10486   5.50598   0.11427  
  6  0.0358 332865.362932  x:  0.10500   5.52798   0.11441  
  7  0.0134 332865.362874  x:  0.10500   5.52853   0.11438  
  8  0.0006 332865.362874  x:  0.10500   5.52858   0.11438  
  9  0.0000 332865.362874  x:  0.10500   5.52855   0.11438  
 10  0.0000 332865.362874  x:  0.10500   5.52855   0.11438  
 11  0.0000 332865.362874  x:  0.10500   5.52855   0.11438  
 12  0.0671 332865.362874  x:  0.10500   5.52855   0.11438  
check convergence!


4 (Bom_hyp) ... 3 (Bom_hor)
  0  0.0000 322847.427329  x:  0.05004   4.36156   0.12898  
  1 99.0000 322732.639541  x:  0.06357   4.36160   0.12903  
  2 18506.7535 322732.539333  x:  0.06359   4.36281   0.12714  
  3 86.7269 322703.625630  x:  0.06347   5.86337   0.13565  
  4 64.9601 322703.544977  x:  0.06348   5.85579   0.13383  
  5  0.0072 322703.544949  x:  0.06348   5.85560   0.13380  
  6  0.0002 322703.544949  x:  0.06348   5.85557   0.13380  

5 (Bom_mus) ... 1 (Apis_mel)
  0  0.0000 396922.778994  x:  0.54466   4.76527   0.14522  
  1 99.0000 396577.089258  x:  0.54344   4.76469   0.10338  
  2 14159.5766 396545.424004  x:  0.57544   4.76060   0.09790  
  3 2030.4998 396420.275273  x:  0.56373   3.78178   0.09624  
  4 228.9542 396419.358045  x:  0.56361   3.77950   0.09798  
  5  0.0050 396419.347525  x:  0.56310   3.78226   0.09804  
  6  0.0030 396419.347412  x:  0.56307   3.78149   0.09804  
  7  0.0011 396419.347412  x:  0.56307   3.78149   0.09804  

5 (Bom_mus) ... 2 (Bom_con)
  0  0.0000 335514.144954  x:  0.09061   3.31542   0.13807  
  1 99.0000 335341.035655  x:  0.11344   3.31570   0.13536  
  2 16353.6985 335315.149357  x:  0.11365   3.31789   0.11248  
  3 2119.5785 335181.710135  x:  0.11342   5.22442   0.12737  
  4 183.1444 335180.067706  x:  0.11367   5.24217   0.12164  
  5  0.0188 335180.042176  x:  0.11377   5.27519   0.12166  
  6  0.0158 335180.041524  x:  0.11374   5.27666   0.12175  
  7  0.0013 335180.041506  x:  0.11373   5.27682   0.12174  
  8  0.0001 335180.041506  x:  0.11373   5.27682   0.12174  

5 (Bom_mus) ... 3 (Bom_hor)
  0  0.0000 323240.367994  x:  0.06886   4.32351   0.24103  
  1 99.0000 323218.983468  x:  0.06254   4.32359   0.23786  
  2 5853.7287 323036.155849  x:  0.06363   4.32613   0.12832  
  3 3188.2799 323021.116259  x:  0.06366   5.28986   0.13760  
  4 34.9665 323020.221938  x:  0.06417   5.32619   0.13218  
  5  0.0642 323020.155797  x:  0.06449   5.33251   0.13280  
  6  0.0074 323020.155470  x:  0.06450   5.33743   0.13278  
  7  0.0036 323020.155464  x:  0.06449   5.33766   0.13279  

5 (Bom_mus) ... 4 (Bom_hyp)
  0  0.0000 323340.872246  x:  0.05444   4.24038   0.17113  
  1 99.0000 323261.163140  x:  0.06611   4.24043   0.16953  
  2 14524.8283 323199.548538  x:  0.06633   4.24192   0.11783  
  3 2082.7488 323175.779420  x:  0.06623   5.47480   0.12644  
  4 44.7356 323175.378852  x:  0.06627   5.49123   0.12278  
  5  0.0236 323175.376602  x:  0.06628   5.50526   0.12281  
  6  0.0090 323175.376594  x:  0.06628   5.50529   0.12282  
  7  0.0000 323175.376594  x:  0.06628   5.50530   0.12282  

6 (Bom_pas) ... 1 (Apis_mel)
  0  0.0000 398562.488275  x:  0.53322   4.35444   0.22982  
  1 99.0000 396647.867956  x:  0.51719   4.35431   0.10581  
  2 21832.0756 396569.345790  x:  0.55814   4.35219   0.09321  
  3 3796.1262 396531.089323  x:  0.55085   3.83009   0.09148  
  4 136.0154 396504.906708  x:  0.56328   3.78076   0.09798  
  5  0.1467 396504.738289  x:  0.56508   3.80443   0.09771  
  6  0.0257 396504.732614  x:  0.56529   3.80058   0.09761  
  7  0.0040 396504.732604  x:  0.56528   3.80060   0.09761  
  8  0.0000 396504.732604  x:  0.56528   3.80060   0.09761  

6 (Bom_pas) ... 2 (Bom_con)
  0  0.0000 335887.312490  x:  0.09403   3.47838   0.21831  
  1 99.0000 335746.764677  x:  0.11505   3.47874   0.21054  
  2 13558.1485 335452.617877  x:  0.11552   3.48300   0.11506  
  3 5443.4390 335344.948862  x:  0.11518   5.19795   0.13459  
  4 158.4861 335338.409243  x:  0.11481   5.26519   0.12331  
  5  0.1124 335338.225324  x:  0.11415   5.31942   0.12350  
  6  0.0369 335338.212882  x:  0.11426   5.33790   0.12375  
  7  0.0112 335338.212585  x:  0.11427   5.33920   0.12368  
  8  0.0013 335338.212585  x:  0.11427   5.33920   0.12368  

6 (Bom_pas) ... 3 (Bom_hor)
  0  0.0000 323339.954305  x:  0.05277   4.35437   0.17995  
  1 99.0000 323253.458975  x:  0.06472   4.35441   0.17879  
  2 15511.6346 323213.787710  x:  0.06492   4.35586   0.13382  
  3 1572.9624 323194.217842  x:  0.06485   5.50361   0.14202  
  4 39.1186 323194.003119  x:  0.06489   5.51362   0.13903  
  5  0.0136 323194.002191  x:  0.06491   5.52170   0.13906  
  6  0.0056 323194.002185  x:  0.06491   5.52200   0.13907  
  7  0.0002 323194.002185  x:  0.06491   5.52202   0.13906  

6 (Bom_pas) ... 4 (Bom_hyp)
  0  0.0000 323632.302365  x:  0.05758   4.44459   0.21223  
  1 99.0000 323584.666377  x:  0.06677   4.44465   0.21004  
  2 10634.0433 323451.479582  x:  0.06706   4.44675   0.12450  
  3 2642.5916 323429.625975  x:  0.06697   5.66941   0.13440  
  4 41.0528 323428.939192  x:  0.06695   5.70180   0.12946  
  5  0.0557 323428.932551  x:  0.06689   5.72353   0.12958  
  6  0.0150 323428.932461  x:  0.06690   5.72489   0.12959  
  7  0.0011 323428.932460  x:  0.06690   5.72494   0.12959  

6 (Bom_pas) ... 5 (Bom_mus)
  0  0.0000 309130.456130  x:  0.01690   4.69745   0.12099  
  1 99.0000 309086.539017  x:  0.02167   4.69745   0.12089  
  2 20090.6454 309081.467938  x:  0.02170   4.69825   0.09994  
  3 444.9818 309070.820575  x:  0.02163   6.42209   0.10751  
  4 14.9429 309070.733944  x:  0.02164   6.43102   0.10485  
  5  0.0104 309070.733514  x:  0.02164   6.44411   0.10486  
  6  0.0076 309070.733511  x:  0.02164   6.44430   0.10487  
  7  0.0002 309070.733511  x:  0.02164   6.44426   0.10487  
  8  0.0000 309070.733511  x:  0.02164   6.44426   0.10487  

7 (Bom_syl) ... 1 (Apis_mel)
  0  0.0000 398103.324186  x:  0.49590   5.04461   0.15640  
  1 99.0000 397714.610827  x:  0.51101   5.04353   0.10845  
  2 13083.7227 397555.170845  x:  0.58155   5.03883   0.10346  
  3 5564.9695 397349.878879  x:  0.56964   3.75903   0.10043  
  4 275.8402 397349.207338  x:  0.56528   3.75281   0.10152  
  5  0.0080 397349.160321  x:  0.56481   3.75545   0.10122  
  6  0.0045 397349.160287  x:  0.56481   3.75503   0.10122  
  7  0.0007 397349.160287  x:  0.56481   3.75504   0.10122  
  8  0.0000 397349.160287  x:  0.56481   3.75504   0.10122  
  9  0.0000 397349.160287  x:  0.56481   3.75504   0.10122  

7 (Bom_syl) ... 2 (Bom_con)
  0  0.0000 337101.572435  x:  0.10813   3.43440   0.18396  
  1 99.0000 337054.179758  x:  0.12106   3.43487   0.17604  
  2 6511.8625 336957.920358  x:  0.12016   3.43795   0.12580  
  3 4460.4293 336838.833515  x:  0.11972   5.21100   0.14308  
  4 170.6346 336835.909617  x:  0.11906   5.23958   0.13534  
  5  0.0362 336835.860427  x:  0.11873   5.26971   0.13549  
  6  0.0208 336835.854837  x:  0.11883   5.28164   0.13558  
  7  0.0077 336835.854823  x:  0.11883   5.28181   0.13556  
  8  0.0002 336835.854823  x:  0.11883   5.28181   0.13556  

7 (Bom_syl) ... 3 (Bom_hor)
  0  0.0000 325332.846522  x:  0.07077   4.38572   0.19544  
  1 99.0000 325303.111208  x:  0.06777   4.38692   0.15887  
  2 1452.2071 325296.535914  x:  0.07093   4.38726   0.14949  
  3 8572.2985 325281.068460  x:  0.07104   5.34534   0.15686  
  4 36.3040 325281.033685  x:  0.07101   5.34774   0.15562  
  5  0.0033 325281.033282  x:  0.07103   5.34872   0.15559  
  6  0.0010 325281.033279  x:  0.07103   5.34921   0.15560  
  7  0.0003 325281.033279  x:  0.07103   5.34921   0.15560  
  8  0.0001 325281.033279  x:  0.07103   5.34921   0.15560  
  9  0.0411 325281.033279  x:  0.07103   5.34921   0.15560  
check convergence!


7 (Bom_syl) ... 4 (Bom_hyp)
  0  0.0000 325641.206796  x:  0.07132   4.45050   0.18695  
  1 99.0000 325637.116009  x:  0.07425   4.45062   0.18349  
  2 1814.9422 325609.991269  x:  0.07340   4.45186   0.14721  
  3 3082.2120 325593.844279  x:  0.07326   5.44004   0.15426  
  4 36.8283 325593.696084  x:  0.07296   5.44338   0.15219  
  5  0.0045 325593.694600  x:  0.07291   5.44485   0.15234  
  6  0.0016 325593.694594  x:  0.07291   5.44551   0.15234  

7 (Bom_syl) ... 5 (Bom_mus)
  0  0.0000 324225.946610  x:  0.06691   4.51205   0.15808  
  1 99.0000 324225.308239  x:  0.06804   4.51208   0.15753  
  2 1028.7020 324222.927089  x:  0.06796   4.51264   0.14720  
  3 537.6688 324217.072177  x:  0.06791   5.10920   0.15076  
  4 21.1840 324217.062067  x:  0.06790   5.10928   0.15009  
  5  0.0007 324217.062064  x:  0.06790   5.10964   0.15008  

7 (Bom_syl) ... 6 (Bom_pas)
  0  0.0000 324572.511879  x:  0.05416   4.20348   0.22051  
  1 99.0000 324461.813992  x:  0.06789   4.20352   0.21911  
  2 17415.1136 324386.841007  x:  0.06817   4.20576   0.15014  
  3 1860.1046 324367.179497  x:  0.06810   5.26615   0.15995  
  4 42.4700 324366.817676  x:  0.06817   5.27844   0.15580  
  5  0.0191 324366.816293  x:  0.06821   5.28506   0.15582  
  6  0.0049 324366.816284  x:  0.06820   5.28556   0.15583  
  7  0.0004 324366.816284  x:  0.06820   5.28567   0.15583  
  8  0.0001 324366.816283  x:  0.06820   5.28564   0.15583  
  9  0.0000 324366.816283  x:  0.06820   5.28567   0.15583  
 10  0.0000 324366.816283  x:  0.06820   5.28567   0.15583  
 11  0.0000 324366.816283  x:  0.06820   5.28567   0.15583  
 12  0.0080 324366.816283  x:  0.06820   5.28567   0.15583  
check convergence!


8 (Bom_vet) ... 1 (Apis_mel)
  0  0.0000 398026.426890  x:  0.42717   4.34565   0.17900  
  1 99.0000 396928.506375  x:  0.48199   4.34484   0.09981  
  2 18398.7111 396655.321783  x:  0.55217   4.34299   0.11044  
  3 10028.4452 396605.080104  x:  0.54909   3.76794   0.10791  
  4 161.6408 396577.543070  x:  0.56343   3.80375   0.09766  
  5  0.0581 396577.310927  x:  0.56585   3.80362   0.09781  
  6  0.0020 396577.310193  x:  0.56592   3.80454   0.09777  
  7  0.0010 396577.310193  x:  0.56592   3.80453   0.09777  
  8  0.0000 396577.310193  x:  0.56592   3.80453   0.09777  

8 (Bom_vet) ... 2 (Bom_con)
  0  0.0000 335406.813682  x:  0.12096   3.41644   0.14260  
  1 99.0000 335376.095394  x:  0.11089   3.41686   0.13677  
  2 5128.3992 335349.108548  x:  0.11316   3.41884   0.11353  
  3 2583.4801 335232.611304  x:  0.11334   5.23515   0.12733  
  4 164.9952 335231.308524  x:  0.11362   5.25045   0.12222  
  5  0.0166 335231.292550  x:  0.11368   5.27705   0.12224  
  6  0.0133 335231.292105  x:  0.11365   5.27820   0.12229  
  7  0.0011 335231.292105  x:  0.11365   5.27822   0.12229  
  8  0.0000 335231.292105  x:  0.11365   5.27822   0.12229  
  9  0.0000 335231.292105  x:  0.11365   5.27822   0.12229  
 10  0.0610 335231.292105  x:  0.11365   5.27822   0.12229  
 11  0.1281 335231.292105  x:  0.11365   5.27822   0.12229  
 12  0.0600 335231.292105  x:  0.11365   5.27822   0.12229  
check convergence!


8 (Bom_vet) ... 3 (Bom_hor)
  0  0.0000 323348.846300  x:  0.05048   4.33454   0.23846  
  1 99.0000 323237.039205  x:  0.06378   4.33458   0.23673  
  2 18131.2355 323078.399060  x:  0.06413   4.33709   0.13350  
  3 2447.4679 323062.858984  x:  0.06408   5.32570   0.14297  
  4 35.3547 323062.256354  x:  0.06415   5.35707   0.13803  
  5  0.0589 323062.251065  x:  0.06421   5.37323   0.13813  
  6  0.0116 323062.251049  x:  0.06421   5.37388   0.13814  
  7  0.0005 323062.251048  x:  0.06421   5.37391   0.13814  

8 (Bom_vet) ... 4 (Bom_hyp)
  0  0.0000 323596.663351  x:  0.07031   4.36838   0.23012  
  1 99.0000 323576.836516  x:  0.06418   4.36847   0.22643  
  2 5366.4333 323396.682948  x:  0.06542   4.37095   0.12387  
  3 3635.4696 323375.753735  x:  0.06547   5.53104   0.13428  
  4 41.1476 323374.312638  x:  0.06611   5.57792   0.12762  
  5  0.0809 323374.216769  x:  0.06650   5.59085   0.12833  
  6  0.0145 323374.215659  x:  0.06650   5.60051   0.12831  
  7  0.0066 323374.215638  x:  0.06649   5.60085   0.12833  
  8  0.0003 323374.215638  x:  0.06649   5.60085   0.12833  

8 (Bom_vet) ... 5 (Bom_mus)
  0  0.0000 309226.830779  x:  0.02216   4.65815   0.24563  
  1 99.0000 309225.057241  x:  0.02118   4.65816   0.24523  
  2 3131.3008 309102.665965  x:  0.02136   4.66039   0.10020  
  3 1374.4009 309100.321547  x:  0.02135   5.44563   0.10728  
  4  7.4847 309100.067389  x:  0.02140   5.47517   0.10271  
  5  0.0747 309100.050818  x:  0.02146   5.42384   0.10266  
  6  0.0460 309100.050506  x:  0.02145   5.41781   0.10260  
  7  0.0055 309100.050506  x:  0.02145   5.41792   0.10261  

8 (Bom_vet) ... 6 (Bom_pas)
  0  0.0000 309090.188425  x:  0.02236   4.38215   0.17497  
  1 99.0000 309088.189555  x:  0.02124   4.38215   0.17465  
  2 3417.6717 309047.100004  x:  0.02139   4.38418   0.10316  
  3 999.0668 309031.856197  x:  0.02131   6.32295   0.11685  
  4 19.6544 309031.207966  x:  0.02136   6.37439   0.10930  
  5  0.0803 309031.200081  x:  0.02139   6.42466   0.10943  
  6  0.0287 309031.199600  x:  0.02137   6.43073   0.10948  
  7  0.0055 309031.199600  x:  0.02137   6.43078   0.10948  
  8  0.0001 309031.199600  x:  0.02137   6.43082   0.10948  

8 (Bom_vet) ... 7 (Bom_syl)
  0  0.0000 324158.402834  x:  0.06055   5.13946   0.16955  
  1 99.0000 324134.763081  x:  0.06714   5.13947   0.16910  
  2 7427.2460 324130.470448  x:  0.06722   5.13959   0.15438  
  3 552.8434 324130.413722  x:  0.06722   5.20418   0.15471  
  4  1.7756 324130.411800  x:  0.06724   5.20408   0.15440  
  5  0.0004 324130.411796  x:  0.06724   5.20406   0.15441  