

2 (And_ful) ... 1 (And_bic)
  0  0.0000 1051159.374276  x:  0.15517   1.54077   0.37541  
  1 99.0000 1042347.482244  x:  0.09559   1.58813   0.07588  
  2 36545.6704 1041644.080093  x:  0.09814   1.59322   0.04350  
  3 488155.5643 1037171.706859  x:  0.13835   4.40489   0.08362  
  4 5096.3007 1036590.141473  x:  0.15855   4.06800   0.05467  
  5  0.2123 1036570.661460  x:  0.16100   3.85332   0.05781  
  6  0.0872 1036565.835603  x:  0.16140   3.72940   0.05555  
  7  0.0983 1036564.437280  x:  0.15989   3.70478   0.05570  
  8  0.0164 1036564.435868  x:  0.15988   3.70381   0.05575  
  9  0.0010 1036564.435866  x:  0.15988   3.70387   0.05575  

3 (And_hae) ... 1 (And_bic)
  0  0.0000 1035584.159146  x:  0.14472   3.46762   0.12976  
  1 99.0000 1034206.911283  x:  0.15827   3.46827   0.05943  
  2 29376.1132 1034189.278603  x:  0.15335   3.46832   0.05728  
  3 6793.2558 1034186.470406  x:  0.15316   3.58637   0.05815  
  4 48.8382 1034185.856184  x:  0.15268   3.57290   0.05906  
  5  0.0308 1034185.855919  x:  0.15269   3.57209   0.05905  
  6  0.0008 1034185.855919  x:  0.15269   3.57207   0.05905  

3 (And_hae) ... 2 (And_ful)
  0  0.0000 1032009.993677  x:  0.12884   3.13380   0.07663  
  1 99.0000 1031606.884236  x:  0.15258   3.13417   0.06547  
  2 32461.4724 1031569.964834  x:  0.15109   3.13459   0.05725  
  3 8995.0308 1031423.952662  x:  0.15084   4.01955   0.06135  
  4 384.1876 1031423.328172  x:  0.15028   4.01582   0.06045  
  5  0.0039 1031423.325703  x:  0.15023   4.01510   0.06049  
  6  0.0006 1031423.325688  x:  0.15023   4.01478   0.06049  
  7  0.0002 1031423.325688  x:  0.15023   4.01478   0.06049  
  8  0.0000 1031423.325688  x:  0.15023   4.01478   0.06049  
check convergence!


4 (And_hat) ... 1 (And_bic)
  0  0.0000 1012968.170768  x:  0.10582   3.59793   0.11354  
  1 99.0000 1012561.661334  x:  0.12636   3.59808   0.08473  
  2 23606.6100 1012301.299912  x:  0.12163   3.59819   0.05762  
  3 32703.3258 1012300.617183  x:  0.12166   3.53056   0.05728  
  4 13.5348 1012261.426765  x:  0.11508   3.49942   0.06082  
  5  0.0539 1012261.081469  x:  0.11481   3.50688   0.06004  
  6  0.0104 1012261.081370  x:  0.11482   3.50642   0.06002  
  7  0.0005 1012261.081370  x:  0.11482   3.50642   0.06002  

4 (And_hat) ... 2 (And_ful)
  0  0.0000 1033313.626098  x:  0.12606   3.02610   0.07341  
  1 99.0000 1032729.181922  x:  0.15498   3.02649   0.06242  
  2 40719.8008 1032690.830624  x:  0.15380   3.02693   0.05431  
  3 9297.5135 1032519.022767  x:  0.15352   3.94759   0.05855  
  4 436.4353 1032518.248263  x:  0.15299   3.94782   0.05754  
  5  0.0012 1032518.243890  x:  0.15291   3.94882   0.05759  
  6  0.0009 1032518.243883  x:  0.15291   3.94904   0.05759  
  7  0.0001 1032518.243883  x:  0.15291   3.94904   0.05759  
check convergence!


4 (And_hat) ... 3 (And_hae)
  0  0.0000 1031095.285763  x:  0.15523   3.30579   0.08186  
  1 99.0000 1030852.617612  x:  0.14282   3.30616   0.06312  
  2 20202.1199 1030833.188956  x:  0.14660   3.30641   0.05835  
  3 6951.0271 1030765.268060  x:  0.14710   3.92060   0.06127  
  4 244.7479 1030765.184486  x:  0.14744   3.91889   0.06108  
  5  0.0017 1030765.184162  x:  0.14743   3.91876   0.06105  
  6  0.0002 1030765.184161  x:  0.14743   3.91868   0.06105  

5 (And_mar) ... 1 (And_bic)
  0  0.0000 993842.360790  x:  0.08688   3.58107   0.10504  
  1 99.0000 993645.781900  x:  0.07778   3.58104   0.08001  
  2 13812.5565 993517.051059  x:  0.08272   3.58099   0.05986  
  3 37144.1627 993499.999001  x:  0.08255   3.21940   0.05790  
  4 88.1126 993485.132624  x:  0.08526   3.17762   0.06197  
  5  0.0563 993484.599613  x:  0.08568   3.19314   0.06100  
  6  0.0181 993484.597890  x:  0.08568   3.19004   0.06096  
  7  0.0037 993484.597885  x:  0.08568   3.19008   0.06096  

5 (And_mar) ... 2 (And_ful)
  0  0.0000 1037920.861316  x:  0.12837   2.92994   0.07693  
  1 99.0000 1037145.490715  x:  0.16230   2.93036   0.06378  
  2 46403.2734 1037093.274392  x:  0.16095   2.93079   0.05445  
  3 10941.4255 1036942.924405  x:  0.16065   3.73056   0.05839  
  4 432.2755 1036941.881416  x:  0.15977   3.73118   0.05743  
  5  0.0014 1036941.864595  x:  0.15964   3.73181   0.05755  
  6  0.0006 1036941.864595  x:  0.15964   3.73178   0.05755  
  7  0.0000 1036941.864595  x:  0.15964   3.73178   0.05755  

5 (And_mar) ... 3 (And_hae)
  0  0.0000 1036646.370532  x:  0.13758   3.23717   0.18439  
  1 99.0000 1034088.481999  x:  0.17820   3.23922   0.06872  
  2 33339.4268 1033838.237545  x:  0.16863   3.23956   0.05083  
  3 41463.5549 1033743.411645  x:  0.16506   3.94828   0.05556  
  4 294.2492 1033592.635224  x:  0.15024   3.66605   0.06111  
  5  0.5223 1033591.868500  x:  0.15065   3.61211   0.06139  
  6  0.0578 1033591.866069  x:  0.15064   3.61007   0.06133  
  7  0.0018 1033591.866057  x:  0.15065   3.61020   0.06132  

5 (And_mar) ... 4 (And_hat)
  0  0.0000 1010715.802359  x:  0.12017   3.08349   0.05223  
  1 99.0000 1010623.491234  x:  0.11034   3.08358   0.05801  
  2 15855.3391 1010617.394671  x:  0.11151   3.08374   0.06163  
  3 3591.9384 1010587.579513  x:  0.11153   3.49728   0.06330  
  4 156.1633 1010587.470225  x:  0.11118   3.49566   0.06336  
  5  0.0017 1010587.470181  x:  0.11118   3.49513   0.06336  
  6  0.0004 1010587.470181  x:  0.11118   3.49513   0.06336  
  7  0.0000 1010587.470181  x:  0.11118   3.49513   0.06336  

6 (And_tri) ... 1 (And_bic)
  0  0.0000 1011037.374709  x:  0.09405   3.01817   0.08780  
  1 99.0000 1010669.131867  x:  0.11368   3.01822   0.07919  
  2 36801.4461 1010500.770170  x:  0.11261   3.01834   0.05666  
  3 15105.6073 1010500.606681  x:  0.11262   2.99139   0.05649  
  4 11.6432 1010498.713776  x:  0.11115   2.98914   0.05688  
  5  0.0024 1010498.707941  x:  0.11113   2.98963   0.05676  
  6  0.0007 1010498.707941  x:  0.11113   2.98965   0.05676  

6 (And_tri) ... 2 (And_ful)
  0  0.0000 1036225.267688  x:  0.13948   2.67995   0.14565  
  1 99.0000 1033960.562313  x:  0.17324   2.68246   0.05684  
  2 37401.5477 1033808.967102  x:  0.16424   2.68299   0.04529  
  3 26596.5389 1033538.381986  x:  0.15851   3.67088   0.05300  
  4 642.9078 1033523.579787  x:  0.15385   3.60025   0.05470  
  5  0.1305 1033523.259592  x:  0.15401   3.56120   0.05459  
  6  0.0272 1033523.258028  x:  0.15401   3.56029   0.05454  
  7  0.0008 1033523.258026  x:  0.15401   3.56036   0.05454  

6 (And_tri) ... 3 (And_hae)
  0  0.0000 1034483.505792  x:  0.15686   3.33725   0.16210  
  1 99.0000 1032915.929752  x:  0.12150   3.33807   0.09373  
  2 35734.9348 1032247.986005  x:  0.12975   3.33849   0.05433  
  3 69493.4920 1032228.015219  x:  0.13060   3.65771   0.05647  
  4 126.9221 1032005.173507  x:  0.14700   3.39760   0.06132  
  5  0.3276 1031998.606248  x:  0.14818   3.44642   0.05824  
  6  0.0690 1031998.588000  x:  0.14834   3.44266   0.05823  
  7  0.0034 1031998.587916  x:  0.14834   3.44312   0.05824  
  8  0.0005 1031998.587916  x:  0.14834   3.44313   0.05824  

6 (And_tri) ... 4 (And_hat)
  0  0.0000 1012694.136739  x:  0.11965   3.02866   0.18610  
  1 99.0000 1012009.234790  x:  0.09568   3.02923   0.15552  
  2 31550.2745 1010336.094873  x:  0.09889   3.03099   0.05844  
  3 58561.6905 1010309.846986  x:  0.09932   3.38619   0.06259  
  4 155.1992 1010182.677797  x:  0.11045   3.37590   0.05664  
  5  0.0182 1010177.500811  x:  0.11106   3.32878   0.05976  
  6  0.1270 1010177.490811  x:  0.11114   3.32560   0.05967  
  7  0.0028 1010177.490806  x:  0.11114   3.32566   0.05967  
  8  0.0001 1010177.490806  x:  0.11114   3.32566   0.05967  

6 (And_tri) ... 5 (And_mar)
  0  0.0000 1011272.683711  x:  0.10461   3.13662   0.16983  
  1 99.0000 1009525.318002  x:  0.11477   3.13762   0.06235  
  2 22709.6095 1009491.470112  x:  0.10906   3.13762   0.05888  
  3 12257.3177 1009488.551709  x:  0.10931   3.02767   0.05766  
  4 49.5414 1009482.926811  x:  0.10830   2.96843   0.06068  
  5  0.1890 1009482.921523  x:  0.10830   2.97329   0.06072  
  6  0.0054 1009482.921520  x:  0.10830   2.97327   0.06072  
  7  0.0000 1009482.921520  x:  0.10830   2.97327   0.06072  
  8  0.0000 1009482.921520  x:  0.10830   2.97327   0.06072  

7 (Bom_pas) ... 1 (And_bic)
  0  0.0000 1273717.773171  x:  1.05846   2.78319   0.16768  
  1 99.0000 1257844.341196  x:  1.04082   2.78591   0.05484  
  2 175820.8947 1257599.227657  x:  1.00148   3.04519   0.06421  
  3 2002.5482 1256910.161589  x:  1.13302   3.83905   0.05396  
  4 19402.4416 1256875.514141  x:  1.10028   3.92323   0.05482  
  5  0.0960 1256872.477860  x:  1.10098   3.95682   0.05571  
  6  0.0408 1256872.216146  x:  1.10359   3.97679   0.05553  
  7  0.0142 1256872.215986  x:  1.10350   3.97685   0.05553  
  8  0.0001 1256872.215986  x:  1.10350   3.97684   0.05554  

7 (Bom_pas) ... 2 (And_ful)
  0  0.0000 1282861.528248  x:  1.17718   3.36014   0.18550  
  1 99.0000 1261468.729287  x:  1.15447   3.36245   0.05208  
  2 188181.4642 1261452.876584  x:  1.14090   3.37920   0.05450  
  3 1508.6574 1261012.999080  x:  1.21329   4.30012   0.05271  
  4 2259.2800 1261003.673114  x:  1.19331   4.29777   0.05264  
  5  0.0244 1261003.641439  x:  1.19234   4.29777   0.05275  
  6  0.0010 1261003.641411  x:  1.19235   4.29762   0.05275  
  7  0.0001 1261003.641410  x:  1.19235   4.29757   0.05275  

7 (Bom_pas) ... 3 (And_hae)
  0  0.0000 1274282.794495  x:  1.21155   3.75383   0.15676  
  1 99.0000 1258151.142569  x:  1.19511   3.75499   0.05135  
  2 191412.0538 1258094.264290  x:  1.16044   3.76161   0.05620  
  3 3323.4319 1258018.136459  x:  1.18638   4.15855   0.05564  
  4 409.5370 1257921.885956  x:  1.12106   4.11540   0.05572  
  5  0.1110 1257921.296574  x:  1.12456   4.12514   0.05525  
  6  0.0107 1257921.293843  x:  1.12426   4.12539   0.05525  
  7  0.0004 1257921.293833  x:  1.12427   4.12553   0.05525  
  8  0.0001 1257921.293833  x:  1.12427   4.12553   0.05525  
  9  0.0000 1257921.293833  x:  1.12427   4.12553   0.05525  

7 (Bom_pas) ... 4 (And_hat)
  0  0.0000 1269583.209421  x:  1.31373   3.44896   0.11866  
  1 99.0000 1258081.313904  x:  1.30426   3.44990   0.04604  
  2 213744.5909 1257615.915273  x:  1.15691   3.48018   0.06087  
  3 6689.9856 1257404.050932  x:  1.21433   4.10719   0.05928  
  4 745.0178 1257022.514646  x:  1.09935   4.09267   0.05790  
  5  0.1818 1256999.377247  x:  1.12363   4.12796   0.05495  
  6  0.0525 1256999.237497  x:  1.12190   4.12418   0.05486  
  7  0.0045 1256999.236392  x:  1.12175   4.12276   0.05487  
  8  0.0012 1256999.236369  x:  1.12178   4.12267   0.05487  
  9  0.0001 1256999.236369  x:  1.12178   4.12267   0.05487  

7 (Bom_pas) ... 5 (And_mar)
  0  0.0000 1257677.042076  x:  1.02771   3.72416   0.07782  
  1 99.0000 1256784.818109  x:  1.02704   3.72426   0.05871  
  2 83017.6816 1256718.872878  x:  1.07959   3.72688   0.05523  
  3 2598.9341 1256686.227396  x:  1.09313   3.97971   0.05523  
  4 270.1482 1256682.790986  x:  1.09640   3.97998   0.05605  
  5  0.0050 1256682.757909  x:  1.09760   3.97952   0.05597  
  6  0.0011 1256682.757893  x:  1.09761   3.97969   0.05597  
  7  0.0002 1256682.757893  x:  1.09761   3.97969   0.05597  
check convergence!


7 (Bom_pas) ... 6 (And_tri)
  0  0.0000 1267479.962001  x:  1.20260   3.62787   0.12451  
  1 99.0000 1257295.917570  x:  1.19323   3.62860   0.05060  
  2 189161.1294 1257188.317480  x:  1.13304   3.63988   0.05716  
  3 3621.1958 1257118.066632  x:  1.15993   4.00692   0.05654  
  4 406.8289 1257032.476159  x:  1.10909   3.98705   0.05544  
  5  0.0874 1257031.583118  x:  1.11388   3.99322   0.05486  
  6  0.0086 1257031.581801  x:  1.11368   3.99301   0.05486  
  7  0.0003 1257031.581801  x:  1.11368   3.99301   0.05486  