Supplemental results for CODEML (seqf: /home/yzliu/eDNA/faststorage/yzliu/DK_proj/data/ref_genome/ref_annotation/primary_transcripts/extracted_cds_new/new_transcript_id_7_and_pas/bootstraps/cat.out.OG_cds_7_species_same_header_fas.shuf_537OG_231.phy  treef: xxx.trees)


pairwise comparison (Goldman & Yang 1994)
seq seq        N       S       dN       dS     dN/dS   Paras.
  2   1 489762.8 190520.2   0.0092   0.1691   0.0544   0.1620   3.5932   0.0544 -1049444.314
  3   1 489519.9 190763.1   0.0094   0.1628   0.0576   0.1572   3.4959   0.0576 -1048226.218
  3   2 487672.5 192610.5   0.0093   0.1528   0.0607   0.1498   3.9894   0.0607 -1043173.359
  4   1 489840.4 190442.6   0.0072   0.1219   0.0589   0.1179   3.4419   0.0589 -1025550.217
  4   2 487321.1 192961.9   0.0091   0.1564   0.0584   0.1528   4.0280   0.0584 -1044292.837
  4   3 486584.2 193698.8   0.0094   0.1519   0.0617   0.1499   3.9737   0.0617 -1043863.894
  5   1 492805.8 187477.2   0.0052   0.0924   0.0566   0.0878   3.0338   0.0566 -1005813.845
  5   2 489386.5 190896.5   0.0092   0.1654   0.0558   0.1592   3.6228   0.0558 -1048383.788
  5   3 489271.7 191011.3   0.0095   0.1567   0.0604   0.1524   3.5101   0.0604 -1046316.879
  5   4 489531.7 190751.3   0.0070   0.1155   0.0610   0.1124   3.4638   0.0610 -1022531.024
  6   1 493689.6 186593.4   0.0064   0.1201   0.0529   0.1127   2.9445   0.0529 -1022239.172
  6   2 489769.4 190513.6   0.0085   0.1601   0.0533   0.1529   3.5805   0.0533 -1044385.210
  6   3 489388.1 190894.9   0.0089   0.1544   0.0577   0.1492   3.5024   0.0577 -1043854.383
  6   4 489488.7 190794.3   0.0067   0.1152   0.0585   0.1114   3.4768   0.0585 -1021390.789
  6   5 494060.9 186222.1   0.0064   0.1140   0.0562   0.1075   2.8928   0.0562 -1019768.298
  7   1 486110.2 194172.8   0.0624   1.1665   0.0535   1.1325   4.0949   0.0535 -1269625.928
  7   2 482726.6 197556.4   0.0633   1.2368   0.0512   1.2124   4.4085   0.0512 -1273411.982
  7   3 484661.7 195621.3   0.0632   1.1738   0.0539   1.1477   4.2424   0.0539 -1271077.058
  7   4 484443.0 195840.0   0.0625   1.1803   0.0529   1.1529   4.2821   0.0529 -1269900.033
  7   5 486294.2 193988.8   0.0623   1.1579   0.0538   1.1242   4.0847   0.0538 -1269223.207
  7   6 486090.0 194193.0   0.0620   1.1664   0.0532   1.1318   4.1001   0.0532 -1269069.971

