

2 (Bom_con) ... 1 (Apis_mel)
  0  0.0000 393819.467312  x:  0.44098   1.63975   0.49505  
  1 99.0000 384881.791481  x:  0.37915   1.71827   0.09186  
  2 21456.8433 384675.493488  x:  0.40246   1.72622   0.07160  
  3 17195.2758 382419.420481  x:  0.52158   3.45448   0.10699  
  4 3703.4592 382255.360275  x:  0.48758   3.83928   0.09487  
  5  0.4026 382185.601453  x:  0.52511   4.10134   0.08443  
  6  0.1394 382176.916745  x:  0.52996   4.23320   0.08843  
  7  0.0747 382174.651431  x:  0.52825   4.35227   0.08775  
  8  0.0776 382174.644887  x:  0.52811   4.34893   0.08788  
  9  0.0031 382174.644860  x:  0.52808   4.34898   0.08788  

3 (Bom_hor) ... 1 (Apis_mel)
  0  0.0000 385673.820027  x:  0.51232   3.64913   0.18812  
  1 99.0000 384089.923805  x:  0.49892   3.65048   0.09082  
  2 23506.1700 384044.667153  x:  0.53062   3.65217   0.08255  
  3 2831.7549 383996.263501  x:  0.53919   4.23020   0.08491  
  4 181.3994 383991.980962  x:  0.54464   4.20403   0.08733  
  5  0.0631 383991.867632  x:  0.54609   4.19945   0.08682  
  6  0.0041 383991.867624  x:  0.54611   4.19943   0.08682  
  7  0.0000 383991.867624  x:  0.54611   4.19943   0.08682  
  8  0.0000 383991.867624  x:  0.54611   4.19943   0.08682  
  9  0.0048 383991.867624  x:  0.54611   4.19943   0.08682  
 10  0.0325 383991.867624  x:  0.54611   4.19943   0.08682  
check convergence!


3 (Bom_hor) ... 2 (Bom_con)
  0  0.0000 331388.336484  x:  0.11394   3.65953   0.12665  
  1 99.0000 331364.024026  x:  0.12349   3.65972   0.12445  
  2 5110.9074 331358.042373  x:  0.12343   3.66061   0.11424  
  3 1181.0397 331319.394975  x:  0.12342   4.64969   0.12038  
  4 91.3692 331319.289479  x:  0.12346   4.64276   0.11899  
  5  0.0071 331319.289343  x:  0.12347   4.64074   0.11898  
  6  0.0014 331319.289342  x:  0.12346   4.64069   0.11898  
  7  0.0000 331319.289342  x:  0.12346   4.64069   0.11898  
check convergence!


4 (Bom_hyp) ... 1 (Apis_mel)
  0  0.0000 382208.326893  x:  0.39389   3.98059   0.09319  
  1 99.0000 381689.182376  x:  0.47565   3.98059   0.11092  
  2 13281.0801 381490.891620  x:  0.50905   3.98089   0.08394  
  3 13731.3299 381475.154313  x:  0.51150   4.33751   0.08469  
  4 92.6441 381464.808543  x:  0.52752   4.35007   0.08551  
  5  0.0144 381464.636309  x:  0.52859   4.35329   0.08479  
  6  0.0045 381464.635984  x:  0.52865   4.35480   0.08479  
  7  0.0013 381464.635983  x:  0.52864   4.35483   0.08479  

4 (Bom_hyp) ... 2 (Bom_con)
  0  0.0000 327243.831614  x:  0.09104   3.73502   0.19767  
  1 99.0000 327141.761970  x:  0.10881   3.73534   0.18945  
  2 11167.5215 326887.008535  x:  0.10904   3.73863   0.10517  
  3 5743.5536 326777.740289  x:  0.10863   5.71209   0.12352  
  4 140.3672 326771.156736  x:  0.10801   5.79426   0.11279  
  5  0.1307 326770.866408  x:  0.10717   5.86775   0.11323  
  6  0.0520 326770.839138  x:  0.10734   5.90347   0.11343  
  7  0.0196 326770.839037  x:  0.10733   5.90404   0.11339  
  8  0.0006 326770.839037  x:  0.10733   5.90407   0.11339  

4 (Bom_hyp) ... 3 (Bom_hor)
  0  0.0000 319603.012474  x:  0.06732   4.88866   0.19934  
  1 99.0000 319581.172802  x:  0.07433   4.88866   0.19619  
  2 6077.9972 319472.935135  x:  0.07440   4.88869   0.12531  
  3 3003.8217 319469.411591  x:  0.07441   4.46580   0.12248  
  4 15.5391 319469.221167  x:  0.07380   4.45419   0.12335  
  5  0.0114 319469.213974  x:  0.07376   4.45726   0.12294  
  6  0.0054 319469.213967  x:  0.07376   4.45786   0.12295  
  7  0.0006 319469.213966  x:  0.07376   4.45804   0.12295  
  8  0.0001 319469.213966  x:  0.07376   4.45795   0.12295  
  9  0.0001 319469.213966  x:  0.07376   4.45797   0.12295  
 10  0.0030 319469.213966  x:  0.07376   4.45798   0.12295  
 11  0.0000 319469.213966  x:  0.07376   4.45798   0.12295  
 12  0.0000 319469.213966  x:  0.07376   4.45798   0.12295  
 13  0.0000 319469.213966  x:  0.07376   4.45798   0.12295  
 14  0.0050 319469.213966  x:  0.07376   4.45798   0.12295  
 15  0.0803 319469.213965  x:  0.07376   4.45798   0.12295  
 16  0.0063 319469.213965  x:  0.07376   4.45798   0.12295  
check convergence!


5 (Bom_mus) ... 1 (Apis_mel)
  0  0.0000 384037.389520  x:  0.43016   3.76988   0.18724  
  1 99.0000 382572.785734  x:  0.45115   3.77099   0.09042  
  2 21475.1013 382338.990883  x:  0.53065   3.77237   0.08336  
  3 7011.6412 382297.357887  x:  0.53550   4.31707   0.08639  
  4 163.8263 382296.854259  x:  0.53598   4.32859   0.08523  
  5  0.0333 382296.827947  x:  0.53693   4.33244   0.08514  
  6  0.0030 382296.827923  x:  0.53693   4.33227   0.08515  
  7  0.0002 382296.827923  x:  0.53693   4.33224   0.08515  
  8  0.0000 382296.827923  x:  0.53693   4.33225   0.08515  
  9  0.0000 382296.827923  x:  0.53693   4.33225   0.08515  
check convergence!


5 (Bom_mus) ... 2 (Bom_con)
  0  0.0000 328921.210384  x:  0.10880   3.56731   0.13835  
  1 99.0000 328901.011159  x:  0.11716   3.56780   0.13153  
  2 3834.9977 328875.479344  x:  0.11559   3.56948   0.11019  
  3 3285.9177 328756.441193  x:  0.11517   5.52380   0.12368  
  4 157.8858 328755.125327  x:  0.11487   5.53735   0.11880  
  5  0.0146 328755.111711  x:  0.11487   5.56430   0.11880  
  6  0.0128 328755.111537  x:  0.11487   5.56471   0.11886  
  7  0.0004 328755.111537  x:  0.11487   5.56471   0.11886  
  8  0.0000 328755.111537  x:  0.11487   5.56471   0.11886  

5 (Bom_mus) ... 3 (Bom_hor)
  0  0.0000 320748.755653  x:  0.07574   4.44160   0.19905  
  1 99.0000 320704.073392  x:  0.08393   4.44159   0.16069  
  2 2228.4204 320670.858149  x:  0.07935   4.44157   0.13123  
  3 16394.2225 320667.805589  x:  0.07944   4.09384   0.12895  
  4 16.0973 320664.693197  x:  0.07719   4.07208   0.13493  
  5  0.0323 320664.675426  x:  0.07707   4.07871   0.13441  
  6  0.0080 320664.675393  x:  0.07708   4.07810   0.13438  
  7  0.0006 320664.675393  x:  0.07708   4.07810   0.13438  
  8  0.0001 320664.675392  x:  0.07708   4.07810   0.13438  

5 (Bom_mus) ... 4 (Bom_hyp)
  0  0.0000 317244.861802  x:  0.05910   3.58869   0.17551  
  1 99.0000 317209.524035  x:  0.06718   3.58881   0.17316  
  2 8785.4224 317116.965522  x:  0.06738   3.59186   0.11142  
  3 2699.8575 317038.010978  x:  0.06708   5.63961   0.13025  
  4 99.9369 317034.993106  x:  0.06708   5.69420   0.12044  
  5  0.0744 317034.913272  x:  0.06700   5.78178   0.12048  
  6  0.0400 317034.911040  x:  0.06703   5.78378   0.12071  
  7  0.0020 317034.911012  x:  0.06704   5.78395   0.12070  
  8  0.0002 317034.911012  x:  0.06704   5.78391   0.12070  

6 (Bom_pas) ... 1 (Apis_mel)
  0  0.0000 384468.400907  x:  0.44110   4.75628   0.21810  
  1 99.0000 382489.779829  x:  0.45788   4.75615   0.09359  
  2 21645.9161 382262.456170  x:  0.53693   4.75444   0.08139  
  3 6663.2479 382247.989995  x:  0.53317   4.37977   0.08009  
  4 72.7328 382234.481314  x:  0.53510   4.31575   0.08555  
  5  0.2676 382234.448042  x:  0.53514   4.33232   0.08563  
  6  0.0194 382234.447797  x:  0.53506   4.33194   0.08565  
  7  0.0003 382234.447797  x:  0.53506   4.33196   0.08565  

6 (Bom_pas) ... 2 (Bom_con)
  0  0.0000 329117.772237  x:  0.10070   3.70569   0.12303  
  1 99.0000 329050.669733  x:  0.11566   3.70593   0.12150  
  2 9384.6554 329044.838524  x:  0.11579   3.70735   0.11131  
  3 1105.6605 328935.967005  x:  0.11571   5.64080   0.12292  
  4 146.4612 328935.253772  x:  0.11592   5.65027   0.11924  
  5  0.0094 328935.246946  x:  0.11595   5.66961   0.11927  
  6  0.0095 328935.246878  x:  0.11594   5.66992   0.11930  
  7  0.0003 328935.246878  x:  0.11594   5.66994   0.11929  
  8  0.0000 328935.246878  x:  0.11594   5.66994   0.11929  
  9  0.0000 328935.246878  x:  0.11594   5.66994   0.11929  
 10  0.0000 328935.246878  x:  0.11594   5.66993   0.11929  
 11  0.0000 328935.246878  x:  0.11594   5.66994   0.11929  

6 (Bom_pas) ... 3 (Bom_hor)
  0  0.0000 320890.312021  x:  0.06935   4.58184   0.14783  
  1 99.0000 320857.021166  x:  0.07787   4.58183   0.14741  
  2 8140.4948 320854.787993  x:  0.07795   4.58162   0.13889  
  3 481.2355 320852.289686  x:  0.07797   4.25948   0.13713  
  4 14.6211 320852.280763  x:  0.07798   4.25377   0.13658  
  5  0.0064 320852.280759  x:  0.07799   4.25369   0.13658  
  6  0.0001 320852.280758  x:  0.07799   4.25371   0.13658  
  7  0.0000 320852.280758  x:  0.07799   4.25371   0.13658  
  8  0.0000 320852.280758  x:  0.07799   4.25371   0.13658  
  9  0.0342 320852.280758  x:  0.07799   4.25371   0.13658  
check convergence!


6 (Bom_pas) ... 4 (Bom_hyp)
  0  0.0000 317575.142812  x:  0.06040   3.69610   0.18212  
  1 99.0000 317541.705351  x:  0.06834   3.69623   0.17979  
  2 8443.2101 317450.838379  x:  0.06853   3.69956   0.11738  
  3 2618.4698 317357.096024  x:  0.06819   6.24488   0.14079  
  4 106.2241 317352.462100  x:  0.06823   6.25114   0.12780  
  5  0.0187 317352.458927  x:  0.06821   6.25063   0.12748  
  6  0.0007 317352.458904  x:  0.06820   6.25018   0.12749  
  7  0.0004 317352.458903  x:  0.06820   6.24974   0.12749  
  8  0.0002 317352.458902  x:  0.06820   6.24975   0.12749  
  9  0.0000 317352.458902  x:  0.06820   6.24975   0.12749  
check convergence!


6 (Bom_pas) ... 5 (Bom_mus)
  0  0.0000 303134.874684  x:  0.02085   5.09042   0.19037  
  1 99.0000 303133.709743  x:  0.02169   5.09043   0.19016  
  2 2743.4036 303111.020541  x:  0.02175   5.09186   0.13115  
  3 692.4307 303103.210474  x:  0.02169   6.64253   0.14070  
  4 11.8139 303103.054072  x:  0.02169   6.66395   0.13647  
  5  0.0316 303103.053143  x:  0.02168   6.68233   0.13643  
  6  0.0123 303103.053116  x:  0.02168   6.68365   0.13648  
  7  0.0012 303103.053116  x:  0.02168   6.68368   0.13648  
  8  0.0000 303103.053116  x:  0.02168   6.68370   0.13648  
  9  0.0000 303103.053116  x:  0.02168   6.68370   0.13648  
 10  0.0000 303103.053116  x:  0.02168   6.68370   0.13648  
check convergence!


7 (Bom_syl) ... 1 (Apis_mel)
  0  0.0000 384505.798997  x:  0.42803   5.34033   0.19508  
  1 99.0000 383091.462103  x:  0.45843   5.33955   0.09533  
  2 19854.0428 382821.432396  x:  0.54644   5.33677   0.09100  
  3 7581.2398 382730.786143  x:  0.53951   4.35247   0.08798  
  4 165.5935 382730.352201  x:  0.53633   4.35098   0.08771  
  5  0.0033 382730.305638  x:  0.53562   4.34721   0.08808  
  6  0.0104 382730.305561  x:  0.53563   4.34802   0.08808  
  7  0.0011 382730.305561  x:  0.53563   4.34802   0.08808  

7 (Bom_syl) ... 2 (Bom_con)
  0  0.0000 330148.825822  x:  0.11379   3.81546   0.13660  
  1 99.0000 330135.248859  x:  0.12086   3.81582   0.13287  
  2 3470.5683 330123.592862  x:  0.12018   3.81737   0.11807  
  3 1817.9342 330008.837186  x:  0.12005   5.80774   0.13060  
  4 146.8435 330007.921160  x:  0.12008   5.83653   0.12639  
  5  0.0275 330007.893987  x:  0.12011   5.87685   0.12654  
  6  0.0194 330007.893922  x:  0.12009   5.87654   0.12657  
  7  0.0003 330007.893922  x:  0.12009   5.87657   0.12657  
  8  0.0000 330007.893921  x:  0.12009   5.87658   0.12657  
  9  0.0000 330007.893921  x:  0.12009   5.87658   0.12657  
 10  0.0000 330007.893921  x:  0.12009   5.87658   0.12657  
 11  0.2929 330007.893921  x:  0.12009   5.87658   0.12657  
 12  0.0224 330007.893921  x:  0.12009   5.87658   0.12657  
check convergence!


7 (Bom_syl) ... 3 (Bom_hor)
  0  0.0000 321323.333828  x:  0.07324   4.91126   0.12619  
  1 99.0000 321303.654258  x:  0.08004   4.91123   0.12760  
  2 5934.5788 321296.113753  x:  0.07952   4.91085   0.14331  
  3 1039.6319 321290.500990  x:  0.07954   4.41181   0.14121  
  4 20.3892 321290.482467  x:  0.07946   4.39032   0.14071  
  5  0.0226 321290.482026  x:  0.07945   4.39292   0.14063  
  6  0.0027 321290.482026  x:  0.07945   4.39289   0.14063  
  7  0.0001 321290.482026  x:  0.07945   4.39289   0.14063  
  8  0.0000 321290.482026  x:  0.07945   4.39289   0.14063  
  9  0.0000 321290.482026  x:  0.07945   4.39289   0.14063  
 10  0.1439 321290.482026  x:  0.07945   4.39289   0.14063  
check convergence!


7 (Bom_syl) ... 4 (Bom_hyp)
  0  0.0000 317895.506774  x:  0.06227   3.86480   0.10621  
  1 99.0000 317864.542426  x:  0.07004   3.86489   0.10758  
  2 8186.4927 317855.529225  x:  0.06958   3.86612   0.12355  
  3 1222.4308 317764.849598  x:  0.06926   6.38396   0.13602  
  4 98.4847 317764.701304  x:  0.06948   6.37912   0.13384  
  5  0.0039 317764.699842  x:  0.06944   6.38233   0.13371  
  6  0.0026 317764.699732  x:  0.06944   6.38575   0.13374  
  7  0.0016 317764.699728  x:  0.06944   6.38596   0.13374  
  8  0.0002 317764.699728  x:  0.06944   6.38595   0.13374  

7 (Bom_syl) ... 5 (Bom_mus)
  0  0.0000 317597.548189  x:  0.05930   5.10620   0.11001  
  1 99.0000 317553.291062  x:  0.06840   5.10621   0.11218  
  2 9949.7498 317525.767520  x:  0.06744   5.10635   0.14294  
  3 2082.1123 317521.039489  x:  0.06740   5.74960   0.14517  
  4 16.1552 317521.031113  x:  0.06750   5.73477   0.14533  
  5  0.0124 317521.031042  x:  0.06749   5.73426   0.14537  
  6  0.0004 317521.031041  x:  0.06749   5.73441   0.14537  
  7  0.0001 317521.031041  x:  0.06749   5.73441   0.14537  
check convergence!


7 (Bom_syl) ... 6 (Bom_pas)
  0  0.0000 317905.487565  x:  0.05419   4.70128   0.14375  
  1 99.0000 317789.457905  x:  0.06848   4.70131   0.14390  
  2 17700.4975 317789.377420  x:  0.06846   4.70460   0.14577  
  3 43.0617 317768.619126  x:  0.06840   6.00525   0.15034  
  4 154.2801 317768.612017  x:  0.06839   5.98955   0.14983  
  5  0.0131 317768.611811  x:  0.06838   5.98577   0.14987  
  6  0.0028 317768.611811  x:  0.06838   5.98574   0.14987  
  7  0.0000 317768.611811  x:  0.06838   5.98576   0.14987  
  8  0.0000 317768.611811  x:  0.06838   5.98567   0.14987  
  9  0.0000 317768.611811  x:  0.06838   5.98567   0.14987  
check convergence!


8 (Bom_vet) ... 1 (Apis_mel)
  0  0.0000 383575.405440  x:  0.40373   4.76849   0.14509  
  1 99.0000 382804.484284  x:  0.44719   4.76802   0.08689  
  2 17527.1877 382482.992241  x:  0.52417   4.76672   0.09595  
  3 11710.2715 382459.724136  x:  0.52164   4.30534   0.09459  
  4 94.4973 382432.989656  x:  0.53502   4.34553   0.08523  
  5  0.0581 382432.646104  x:  0.53808   4.35151   0.08538  
  6  0.0054 382432.645165  x:  0.53814   4.35126   0.08532  
  7  0.0003 382432.645164  x:  0.53814   4.35132   0.08532  
  8  0.0001 382432.645164  x:  0.53814   4.35132   0.08532  

8 (Bom_vet) ... 2 (Bom_con)
  0  0.0000 328888.253918  x:  0.11087   3.89695   0.13026  
  1 99.0000 328877.170992  x:  0.11702   3.89734   0.12457  
  2 2694.0091 328865.118400  x:  0.11549   3.89846   0.11044  
  3 2500.4951 328783.750630  x:  0.11527   5.62199   0.12033  
  4 117.5551 328783.280940  x:  0.11509   5.62954   0.11744  
  5  0.0080 328783.277886  x:  0.11510   5.64259   0.11746  
  6  0.0070 328783.277867  x:  0.11510   5.64270   0.11747  
  7  0.0001 328783.277867  x:  0.11510   5.64270   0.11747  

8 (Bom_vet) ... 3 (Bom_hor)
  0  0.0000 320711.955492  x:  0.07988   4.59119   0.08851  
  1 99.0000 320655.690899  x:  0.07150   4.59102   0.11009  
  2 4990.1515 320621.198238  x:  0.07827   4.59084   0.12822  
  3 8409.9227 320614.439140  x:  0.07818   4.06304   0.12668  
  4 23.6671 320612.705359  x:  0.07667   4.08149   0.13215  
  5  0.0128 320612.688741  x:  0.07683   4.08361   0.13257  
  6  0.0019 320612.688685  x:  0.07682   4.08332   0.13260  
  7  0.0003 320612.688685  x:  0.07682   4.08334   0.13260  
  8  0.0001 320612.688684  x:  0.07682   4.08340   0.13260  
  9  0.0000 320612.688683  x:  0.07682   4.08341   0.13260  
 10  0.0002 320612.688683  x:  0.07682   4.08341   0.13260  
check convergence!


8 (Bom_vet) ... 4 (Bom_hyp)
  0  0.0000 317460.769014  x:  0.05438   3.48024   0.17952  
  1 99.0000 317367.363136  x:  0.06713   3.48036   0.17746  
  2 15610.0310 317264.884826  x:  0.06745   3.48398   0.11222  
  3 2635.2853 317164.986646  x:  0.06715   5.76018   0.13475  
  4 117.0462 317160.076858  x:  0.06727   5.83271   0.12207  
  5  0.0973 317159.892447  x:  0.06731   5.97032   0.12197  
  6  0.0572 317159.886218  x:  0.06730   5.97475   0.12243  
  7  0.0047 317159.886207  x:  0.06729   5.97481   0.12243  
  8  0.0000 317159.886207  x:  0.06729   5.97480   0.12243  
  9  0.0000 317159.886207  x:  0.06729   5.97480   0.12243  
 10  0.0000 317159.886207  x:  0.06729   5.97480   0.12243  
 11  0.0000 317159.886206  x:  0.06729   5.97480   0.12243  
 12  0.0217 317159.886206  x:  0.06729   5.97480   0.12243  
check convergence!


8 (Bom_vet) ... 5 (Bom_mus)
  0  0.0000 302387.787687  x:  0.01853   4.94192   0.19433  
  1 99.0000 302386.321962  x:  0.01942   4.94192   0.19413  
  2 3288.5135 302354.816543  x:  0.01948   4.94284   0.12219  
  3 749.2781 302353.725824  x:  0.01946   5.48489   0.12564  
  4  4.3850 302353.692390  x:  0.01946   5.48808   0.12372  
  5  0.0065 302353.692277  x:  0.01946   5.48403   0.12368  
  6  0.0036 302353.692276  x:  0.01946   5.48378   0.12368  
  7  0.0002 302353.692276  x:  0.01946   5.48377   0.12368  

8 (Bom_vet) ... 6 (Bom_pas)
  0  0.0000 303158.461818  x:  0.02116   4.42449   0.14600  
  1 99.0000 303157.653735  x:  0.02187   4.42450   0.14586  
  2 2281.4458 303150.837369  x:  0.02190   4.42605   0.11848  
  3 470.3638 303129.568402  x:  0.02177   6.84100   0.13268  
  4 22.9255 303129.245648  x:  0.02180   6.86423   0.12684  
  5  0.0256 303129.240898  x:  0.02180   6.91134   0.12683  
  6  0.0219 303129.240819  x:  0.02180   6.91224   0.12693  
  7  0.0009 303129.240819  x:  0.02180   6.91223   0.12693  
  8  0.0000 303129.240819  x:  0.02180   6.91223   0.12693  
check convergence!


8 (Bom_vet) ... 7 (Bom_syl)
  0  0.0000 317482.084572  x:  0.06304   5.27730   0.17325  
  1 99.0000 317473.427314  x:  0.06717   5.27732   0.17215  
  2 4192.5832 317456.284258  x:  0.06721   5.27784   0.14382  
  3 1158.2956 317452.299534  x:  0.06718   5.88705   0.14691  
  4 14.2084 317452.236475  x:  0.06713   5.88254   0.14526  
  5  0.0059 317452.236273  x:  0.06712   5.88074   0.14527  
  6  0.0017 317452.236272  x:  0.06712   5.88046   0.14527  
  7  0.0002 317452.236272  x:  0.06712   5.88047   0.14527  