Supplemental results for CODEML (seqf: /home/yzliu/eDNA/faststorage/yzliu/DK_proj/data/ref_genome/ref_annotation/primary_transcripts/extracted_cds_new/new_transcript_id_8_bom_apis/bootstraps/cat.out.OG_cds_8_species_same_header_fas.shuf_211OG_467.phy  treef: xxx.trees)


pairwise comparison (Goldman & Yang 1994)
seq seq        N       S       dN       dS     dN/dS   Paras.
  2   1 186766.5  62911.5   0.0682   0.5876   0.1161   0.5972   3.8200   0.1161 -447966.510
  3   1 186350.5  63327.5   0.0681   0.6089   0.1119   0.6159   3.8972   0.1119 -448803.935
  3   2 181778.5  67899.5   0.0164   0.1085   0.1512   0.1243   5.0475   0.1512 -376839.031
  4   1 186848.4  62829.6   0.0668   0.6001   0.1114   0.6031   3.8857   0.1114 -447231.946
  4   2 181958.9  67719.1   0.0151   0.1017   0.1483   0.1158   5.2400   0.1483 -374244.308
  4   3 181648.0  68030.0   0.0093   0.0653   0.1430   0.0737   5.2805   0.1430 -362451.099
  5   1 186843.2  62834.8   0.0675   0.6053   0.1116   0.6086   3.8873   0.1116 -447826.275
  5   2 182050.9  67627.1   0.0167   0.1066   0.1568   0.1232   5.1678   0.1568 -376461.720
  5   3 181715.0  67963.0   0.0097   0.0641   0.1514   0.0735   5.2272   0.1514 -362538.541
  5   4 181539.8  68138.2   0.0093   0.0637   0.1460   0.0725   5.7393   0.1460 -361736.337
  6   1 186843.7  62834.3   0.0676   0.6052   0.1117   0.6086   3.8889   0.1117 -447821.421
  6   2 182046.5  67631.5   0.0170   0.1078   0.1574   0.1247   5.1743   0.1574 -376841.838
  6   3 181512.4  68165.6   0.0101   0.0651   0.1545   0.0752   5.3883   0.1545 -363048.600
  6   4 181311.1  68366.9   0.0097   0.0646   0.1502   0.0742   5.9517   0.1502 -362266.564
  6   5 180944.2  68733.8   0.0030   0.0202   0.1475   0.0232   6.3068   0.1475 -344625.159
  7   1 186920.8  62757.2   0.0683   0.6038   0.1131   0.6086   3.8770   0.1131 -448120.046
  7   2 181905.4  67772.6   0.0174   0.1094   0.1593   0.1271   5.3209   0.1593 -377428.987
  7   3 181621.7  68056.3   0.0104   0.0679   0.1526   0.0782   5.3394   0.1526 -363889.431
  7   4 181437.5  68240.5   0.0102   0.0670   0.1524   0.0772   5.8805   0.1524 -363220.426
  7   5 181456.0  68222.0   0.0097   0.0586   0.1654   0.0692   5.8605   0.1654 -360983.843
  7   6 181316.9  68361.1   0.0101   0.0594   0.1697   0.0707   5.9943   0.1697 -361512.093
  8   1 186786.3  62891.7   0.0678   0.6064   0.1118   0.6104   3.8935   0.1118 -448046.664
  8   2 181862.3  67815.7   0.0168   0.1058   0.1585   0.1228   5.2813   0.1585 -376436.035
  8   3 181475.5  68202.5   0.0099   0.0630   0.1574   0.0732   5.3822   0.1574 -362582.749
  8   4 181250.8  68427.2   0.0096   0.0633   0.1522   0.0730   5.9643   0.1522 -362036.069
  8   5 180979.6  68698.4   0.0029   0.0187   0.1569   0.0218   6.2232   0.1569 -344187.933
  8   6 180731.2  68946.8   0.0031   0.0205   0.1496   0.0236   6.4845   0.1496 -344844.819
  8   7 181128.5  68549.5   0.0099   0.0575   0.1728   0.0690   6.1301   0.1728 -361056.012

