

2 (Bom_con) ... 1 (Apis_mel)
  0  0.0000 440609.485370  x:  0.51064   1.48031   0.39785  
  1 99.0000 432668.313490  x:  0.42375   1.53886   0.09546  
  2 28168.3626 432452.276257  x:  0.44918   1.54960   0.07524  
  3 14070.6057 429944.334373  x:  0.55504   3.21272   0.11381  
  4 4592.3920 429759.852209  x:  0.51826   3.50519   0.10061  
  5  0.2756 429686.340352  x:  0.55506   3.73212   0.08994  
  6  0.1255 429674.910651  x:  0.56060   3.86518   0.09442  
  7  0.0739 429671.704981  x:  0.55805   3.98038   0.09368  
  8  0.0752 429671.696600  x:  0.55797   3.97774   0.09382  
  9  0.0025 429671.696572  x:  0.55794   3.97775   0.09382  
 10  0.0000 429671.696572  x:  0.55794   3.97775   0.09382  
 11  0.0000 429671.696572  x:  0.55794   3.97775   0.09382  
 12  0.0000 429671.696572  x:  0.55794   3.97775   0.09382  

3 (Bom_hor) ... 1 (Apis_mel)
  0  0.0000 432239.221589  x:  0.55397   3.44002   0.14627  
  1 99.0000 431588.027672  x:  0.54840   3.44082   0.09443  
  2 20578.3074 431571.442900  x:  0.56990   3.44338   0.09050  
  3 1552.4188 431527.018002  x:  0.57643   3.92081   0.09249  
  4 202.5199 431526.934106  x:  0.57715   3.91900   0.09283  
  5  0.0033 431526.930161  x:  0.57746   3.91854   0.09275  
  6  0.0005 431526.930161  x:  0.57745   3.91852   0.09275  

3 (Bom_hor) ... 2 (Bom_con)
  0  0.0000 368610.486725  x:  0.11190   3.59509   0.08844  
  1 99.0000 368501.726805  x:  0.12950   3.59523   0.10054  
  2 10739.6941 368471.993816  x:  0.12416   3.59568   0.11860  
  3 3678.7767 368435.037273  x:  0.12395   4.47758   0.12280  
  4 95.9479 368434.617102  x:  0.12505   4.47313   0.12378  
  5  0.0039 368434.609564  x:  0.12497   4.47193   0.12410  
  6  0.0010 368434.609560  x:  0.12497   4.47156   0.12410  
  7  0.0002 368434.609560  x:  0.12497   4.47160   0.12410  

4 (Bom_hyp) ... 1 (Apis_mel)
  0  0.0000 429791.089345  x:  0.43328   3.72113   0.10748  
  1 99.0000 429155.211502  x:  0.55461   3.72117   0.09121  
  2 11716.2370 429155.149817  x:  0.55468   3.72131   0.09161  
  3 287.1938 429143.457476  x:  0.55676   3.98189   0.09223  
  4 104.2157 429143.393213  x:  0.55815   3.98248   0.09201  
  5  0.0010 429143.393123  x:  0.55815   3.98279   0.09202  
  6  0.0003 429143.393123  x:  0.55815   3.98281   0.09202  

4 (Bom_hyp) ... 2 (Bom_con)
  0  0.0000 364259.067929  x:  0.10314   3.35991   0.21247  
  1 99.0000 364142.344761  x:  0.12252   3.36154   0.17616  
  2 5965.3652 363928.486019  x:  0.11872   3.36465   0.10770  
  3 18964.7549 363804.392380  x:  0.11682   5.12218   0.12630  
  4 178.2096 363784.749255  x:  0.10995   5.13659   0.11824  
  5  0.0203 363784.504088  x:  0.10942   5.12835   0.11999  
  6  0.0116 363784.501786  x:  0.10938   5.12071   0.11988  
  7  0.0048 363784.501542  x:  0.10940   5.11870   0.11990  
  8  0.0017 363784.501542  x:  0.10940   5.11870   0.11990  
  9  0.0000 363784.501542  x:  0.10940   5.11870   0.11990  
 10  0.0000 363784.501542  x:  0.10940   5.11870   0.11990  
 11  0.0000 363784.501542  x:  0.10940   5.11870   0.11990  
check convergence!


4 (Bom_hyp) ... 3 (Bom_hor)
  0  0.0000 355353.989403  x:  0.07755   4.13170   0.15345  
  1 99.0000 355349.418922  x:  0.07457   4.13173   0.15121  
  2 2410.1991 355332.103466  x:  0.07566   4.13202   0.12766  
  3 1988.9744 355331.552741  x:  0.07566   4.28051   0.12864  
  4  7.9716 355331.529177  x:  0.07587   4.27381   0.12829  
  5  0.0069 355331.529092  x:  0.07587   4.27330   0.12833  
  6  0.0006 355331.529092  x:  0.07587   4.27317   0.12833  

5 (Bom_mus) ... 1 (Apis_mel)
  0  0.0000 431889.981908  x:  0.45570   3.55817   0.21443  
  1 99.0000 429935.298294  x:  0.47682   3.55966   0.10031  
  2 23574.1940 429684.181558  x:  0.55710   3.56090   0.09160  
  3 7374.9382 429652.874987  x:  0.56105   3.96333   0.09472  
  4 164.5484 429651.808993  x:  0.56137   3.98001   0.09304  
  5  0.0523 429651.791721  x:  0.56210   3.98333   0.09299  
  6  0.0026 429651.791713  x:  0.56210   3.98313   0.09299  
  7  0.0002 429651.791713  x:  0.56210   3.98313   0.09299  

5 (Bom_mus) ... 2 (Bom_con)
  0  0.0000 365727.457066  x:  0.10352   3.43897   0.15193  
  1 99.0000 365677.889787  x:  0.11585   3.43929   0.14790  
  2 7969.9225 365641.942942  x:  0.11565   3.44144   0.12123  
  3 2675.1785 365522.818393  x:  0.11540   5.16619   0.13553  
  4 175.2677 365521.115174  x:  0.11540   5.18313   0.12976  
  5  0.0190 365521.094524  x:  0.11539   5.21201   0.12977  
  6  0.0145 365521.094234  x:  0.11539   5.21245   0.12984  
  7  0.0005 365521.094233  x:  0.11539   5.21245   0.12984  
  8  0.0000 365521.094233  x:  0.11539   5.21245   0.12984  

5 (Bom_mus) ... 3 (Bom_hor)
  0  0.0000 355774.678376  x:  0.07248   4.27534   0.17394  
  1 99.0000 355765.710713  x:  0.07678   4.27535   0.17231  
  2 4027.4337 355741.967407  x:  0.07671   4.27554   0.14163  
  3 1619.3009 355741.948404  x:  0.07671   4.24950   0.14144  
  4  1.4223 355741.938693  x:  0.07656   4.24941   0.14147  
  5  0.0002 355741.938692  x:  0.07656   4.24941   0.14146  
  6  0.0000 355741.938692  x:  0.07656   4.24941   0.14146  
  7  0.0000 355741.938692  x:  0.07656   4.24941   0.14146  
check convergence!


5 (Bom_mus) ... 4 (Bom_hyp)
  0  0.0000 352517.236646  x:  0.06646   3.58202   0.19582  
  1 99.0000 352486.393136  x:  0.07394   3.58303   0.17481  
  2 2846.0174 352401.682532  x:  0.07120   3.58573   0.11967  
  3 18114.0551 352326.911299  x:  0.07018   5.42851   0.13778  
  4 102.7295 352322.931828  x:  0.06802   5.44493   0.13129  
  5  0.0205 352322.918768  x:  0.06791   5.45046   0.13178  
  6  0.0066 352322.917926  x:  0.06790   5.45797   0.13175  
  7  0.0041 352322.917898  x:  0.06791   5.45844   0.13177  
  8  0.0005 352322.917897  x:  0.06791   5.45845   0.13177  

6 (Bom_pas) ... 1 (Apis_mel)
  0  0.0000 431295.667224  x:  0.53615   4.63781   0.19735  
  1 99.0000 429719.870815  x:  0.52373   4.63754   0.09984  
  2 23780.6347 429659.883034  x:  0.56073   4.63513   0.08995  
  3 3245.2403 429602.165241  x:  0.55220   3.98001   0.08837  
  4 162.4776 429587.428447  x:  0.56047   3.95428   0.09337  
  5  0.0687 429587.373791  x:  0.56088   3.96971   0.09317  
  6  0.0177 429587.371997  x:  0.56092   3.96787   0.09311  
  7  0.0019 429587.371996  x:  0.56092   3.96785   0.09311  

6 (Bom_pas) ... 2 (Bom_con)
  0  0.0000 366181.475314  x:  0.11326   3.36320   0.17956  
  1 99.0000 366085.696185  x:  0.12641   3.36568   0.13759  
  2 4166.0159 366046.518508  x:  0.11980   3.36713   0.11690  
  3 10329.4521 365902.936843  x:  0.11784   5.23947   0.13441  
  4 197.7471 365902.110451  x:  0.11674   5.24291   0.13156  
  5  0.0046 365902.099350  x:  0.11688   5.24762   0.13124  
  6  0.0056 365902.098251  x:  0.11687   5.25423   0.13130  
  7  0.0033 365902.098250  x:  0.11687   5.25423   0.13129  
  8  0.0000 365902.098250  x:  0.11687   5.25423   0.13129  
  9  0.0000 365902.098250  x:  0.11687   5.25423   0.13129  
check convergence!


6 (Bom_pas) ... 3 (Bom_hor)
  0  0.0000 356264.211376  x:  0.06443   4.30011   0.13401  
  1 99.0000 356164.159078  x:  0.07814   4.30011   0.13488  
  2 15633.6042 356159.898310  x:  0.07796   4.30016   0.14666  
  3 753.6602 356159.454214  x:  0.07795   4.43613   0.14741  
  4  6.9589 356159.451445  x:  0.07789   4.42975   0.14740  
  5  0.0055 356159.451433  x:  0.07788   4.43028   0.14740  
  6  0.0005 356159.451433  x:  0.07788   4.43023   0.14740  
  7  0.0000 356159.451433  x:  0.07788   4.43028   0.14740  
  8  0.0000 356159.451433  x:  0.07788   4.43032   0.14740  

6 (Bom_pas) ... 4 (Bom_hyp)
  0  0.0000 353028.135258  x:  0.06167   3.78232   0.13596  
  1 99.0000 352991.089450  x:  0.06968   3.78240   0.13584  
  2 9653.2383 352990.436116  x:  0.06973   3.78426   0.13128  
  3 258.8515 352917.087228  x:  0.06949   5.73708   0.14546  
  4 111.4884 352916.652809  x:  0.06960   5.74394   0.14146  
  5  0.0068 352916.649171  x:  0.06959   5.76145   0.14150  
  6  0.0085 352916.649154  x:  0.06959   5.76155   0.14152  
  7  0.0001 352916.649154  x:  0.06959   5.76159   0.14152  
  8  0.0001 352916.649153  x:  0.06959   5.76155   0.14152  
  9  0.0000 352916.649153  x:  0.06959   5.76155   0.14152  
check convergence!


6 (Bom_pas) ... 5 (Bom_mus)
  0  0.0000 336488.911939  x:  0.02224   4.60293   0.23105  
  1 99.0000 336487.836821  x:  0.02147   4.60294   0.23081  
  2 2620.1753 336447.712929  x:  0.02159   4.60589   0.14581  
  3 840.3640 336432.490390  x:  0.02153   6.50096   0.16265  
  4 19.7841 336431.882960  x:  0.02156   6.54551   0.15377  
  5  0.0687 336431.875882  x:  0.02158   6.59431   0.15379  
  6  0.0293 336431.875729  x:  0.02158   6.59126   0.15386  
  7  0.0040 336431.875662  x:  0.02157   6.59431   0.15393  
  8  0.0038 336431.875643  x:  0.02157   6.59594   0.15394  
  9  0.0055 336431.875621  x:  0.02157   6.59724   0.15393  
 10  0.0016 336431.875621  x:  0.02157   6.59724   0.15393  
check convergence!


7 (Bom_syl) ... 1 (Apis_mel)
  0  0.0000 431395.905639  x:  0.54807   5.21249   0.18536  
  1 99.0000 430128.525355  x:  0.53716   5.21181   0.10055  
  2 22639.5807 430080.586144  x:  0.57208   5.20804   0.09173  
  3 2739.8079 429904.440905  x:  0.55743   3.98886   0.08986  
  4 252.7039 429895.664935  x:  0.56278   3.98125   0.09369  
  5  0.0251 429895.635806  x:  0.56288   3.99299   0.09385  
  6  0.0159 429895.634093  x:  0.56283   3.99135   0.09391  
  7  0.0018 429895.634093  x:  0.56283   3.99134   0.09391  
  8  0.0000 429895.634093  x:  0.56283   3.99134   0.09391  
  9  0.0000 429895.634093  x:  0.56283   3.99134   0.09391  
 10  0.0142 429895.634093  x:  0.56283   3.99134   0.09391  
 11  0.0037 429895.634093  x:  0.56283   3.99134   0.09391  
check convergence!


7 (Bom_syl) ... 2 (Bom_con)
  0  0.0000 366565.934880  x:  0.10112   3.35758   0.19270  
  1 99.0000 366461.715598  x:  0.11901   3.35799   0.18534  
  2 11465.5655 366291.485209  x:  0.11895   3.36158   0.12056  
  3 5094.9975 366156.391455  x:  0.11855   5.11875   0.13946  
  4 194.9887 366151.455463  x:  0.11813   5.16396   0.12990  
  5  0.0619 366151.337332  x:  0.11769   5.21404   0.13014  
  6  0.0307 366151.327330  x:  0.11783   5.22702   0.13028  
  7  0.0086 366151.327264  x:  0.11783   5.22756   0.13025  
  8  0.0006 366151.327264  x:  0.11783   5.22760   0.13025  

7 (Bom_syl) ... 3 (Bom_hor)
  0  0.0000 356434.091976  x:  0.08145   4.23782   0.12764  
  1 99.0000 356431.512979  x:  0.07909   4.23783   0.12874  
  2 1945.8105 356427.464039  x:  0.07938   4.23802   0.14079  
  3 930.2426 356425.172291  x:  0.07937   4.56529   0.14254  
  4 16.2124 356425.108748  x:  0.07926   4.53525   0.14133  
  5  0.0273 356425.108648  x:  0.07927   4.53480   0.14129  
  6  0.0005 356425.108648  x:  0.07927   4.53484   0.14129  
  7  0.0001 356425.108648  x:  0.07927   4.53485   0.14129  

7 (Bom_syl) ... 4 (Bom_hyp)
  0  0.0000 353018.459169  x:  0.05453   3.85271   0.14156  
  1 99.0000 352873.264004  x:  0.06979   3.85278   0.14093  
  2 20809.7731 352863.927288  x:  0.06991   3.85452   0.12364  
  3 1013.4024 352789.796295  x:  0.06970   5.86893   0.13750  
  4 95.1159 352789.096788  x:  0.06979   5.88183   0.13269  
  5  0.0134 352789.088974  x:  0.06981   5.90817   0.13272  
  6  0.0127 352789.088898  x:  0.06980   5.90852   0.13277  
  7  0.0003 352789.088897  x:  0.06980   5.90857   0.13277  

7 (Bom_syl) ... 5 (Bom_mus)
  0  0.0000 351769.061423  x:  0.06638   4.71224   0.13663  
  1 99.0000 351768.562726  x:  0.06544   4.71228   0.13716  
  2 918.7304 351766.811366  x:  0.06559   4.71298   0.14540  
  3 571.2149 351744.946625  x:  0.06552   5.99707   0.15159  
  4 39.6720 351744.934596  x:  0.06551   5.99670   0.15087  
  5  0.0007 351744.934583  x:  0.06551   5.99771   0.15087  
  6  0.0007 351744.934583  x:  0.06551   5.99792   0.15087  
  7  0.0001 351744.934583  x:  0.06551   5.99788   0.15087  
  8  0.0001 351744.934582  x:  0.06551   5.99784   0.15087  
  9  0.0000 351744.934582  x:  0.06551   5.99784   0.15087  
check convergence!


7 (Bom_syl) ... 6 (Bom_pas)
  0  0.0000 352287.282032  x:  0.06692   4.97783   0.11528  
  1 99.0000 352254.900132  x:  0.07091   4.97807   0.14127  
  2 2640.3446 352242.706623  x:  0.06658   4.97820   0.15113  
  3 7723.8969 352224.452173  x:  0.06640   6.26899   0.15599  
  4 33.9924 352223.963154  x:  0.06691   6.21206   0.15956  
  5  0.0385 352223.954952  x:  0.06680   6.20957   0.15982  
  6  0.0025 352223.954949  x:  0.06680   6.20914   0.15982  
  7  0.0004 352223.954949  x:  0.06680   6.20911   0.15982  
  8  0.0000 352223.954949  x:  0.06680   6.20911   0.15982  
check convergence!


8 (Bom_vet) ... 1 (Apis_mel)
  0  0.0000 432044.834037  x:  0.46371   5.13145   0.21963  
  1 99.0000 430177.409537  x:  0.48695   5.13037   0.10400  
  2 22232.5367 429892.931551  x:  0.57786   5.12629   0.09352  
  3 7565.0413 429733.015598  x:  0.56749   3.98626   0.08921  
  4 246.8522 429728.461685  x:  0.56591   3.95516   0.09273  
  5  0.1159 429727.866438  x:  0.56213   3.97483   0.09312  
  6  0.0185 429727.853463  x:  0.56182   3.96648   0.09310  
  7  0.0119 429727.853460  x:  0.56182   3.96644   0.09310  

8 (Bom_vet) ... 2 (Bom_con)
  0  0.0000 365882.320954  x:  0.10184   3.54049   0.08220  
  1 99.0000 365737.356121  x:  0.12120   3.54073   0.09641  
  2 12871.3374 365690.340708  x:  0.11434   3.54151   0.11888  
  3 4781.8611 365582.390282  x:  0.11375   5.25378   0.12667  
  4 159.6465 365581.026302  x:  0.11575   5.25804   0.12801  
  5  0.0041 365580.980802  x:  0.11562   5.25892   0.12893  
  6  0.0009 365580.980734  x:  0.11562   5.25742   0.12891  
  7  0.0009 365580.980731  x:  0.11562   5.25724   0.12891  
  8  0.0002 365580.980731  x:  0.11562   5.25725   0.12891  

8 (Bom_vet) ... 3 (Bom_hor)
  0  0.0000 355645.494074  x:  0.07814   4.17438   0.15349  
  1 99.0000 355642.693884  x:  0.07576   4.17439   0.15272  
  2 2193.6559 355639.082912  x:  0.07608   4.17459   0.14159  
  3 666.4814 355638.681785  x:  0.07608   4.30065   0.14242  
  4  6.7696 355638.678180  x:  0.07608   4.29613   0.14207  
  5  0.0049 355638.678169  x:  0.07608   4.29555   0.14207  
  6  0.0006 355638.678169  x:  0.07608   4.29550   0.14207  
  7  0.0000 355638.678169  x:  0.07608   4.29553   0.14207  
  8  0.0000 355638.678169  x:  0.07608   4.29553   0.14207  
  9  0.0000 355638.678169  x:  0.07608   4.29553   0.14207  
 10  0.0167 355638.678169  x:  0.07608   4.29553   0.14207  
 11  0.0200 355638.678169  x:  0.07608   4.29553   0.14207  

8 (Bom_vet) ... 4 (Bom_hyp)
  0  0.0000 352636.546348  x:  0.07112   3.77119   0.18943  
  1 99.0000 352623.109094  x:  0.06625   3.77134   0.18591  
  2 4364.6087 352531.099065  x:  0.06765   3.77416   0.12352  
  3 3652.2914 352469.120696  x:  0.06765   5.50495   0.13965  
  4 88.8490 352467.149400  x:  0.06818   5.54387   0.13183  
  5  0.0528 352467.110725  x:  0.06839   5.57760   0.13212  
  6  0.0254 352467.105690  x:  0.06833   5.59343   0.13215  
  7  0.0108 352467.105685  x:  0.06833   5.59358   0.13216  
  8  0.0002 352467.105685  x:  0.06833   5.59362   0.13216  
  9  0.0000 352467.105685  x:  0.06833   5.59358   0.13216  
 10  0.0000 352467.105685  x:  0.06833   5.59358   0.13216  
check convergence!


8 (Bom_vet) ... 5 (Bom_mus)
  0  0.0000 335759.479207  x:  0.01913   4.45022   0.14591  
  1 99.0000 335758.138986  x:  0.01995   4.45022   0.14583  
  2 3313.0463 335754.907810  x:  0.01998   4.45131   0.12645  
  3 315.2274 335745.008577  x:  0.01990   5.96380   0.13537  
  4 15.7620 335744.947513  x:  0.01991   5.96167   0.13276  
  5  0.0036 335744.947469  x:  0.01991   5.96336   0.13270  
  6  0.0015 335744.947466  x:  0.01991   5.96423   0.13271  
  7  0.0006 335744.947466  x:  0.01991   5.96423   0.13271  
  8  0.0000 335744.947466  x:  0.01991   5.96424   0.13271  

8 (Bom_vet) ... 6 (Bom_pas)
  0  0.0000 336430.321216  x:  0.01839   4.77843   0.11357  
  1 99.0000 336410.384137  x:  0.02155   4.77843   0.11372  
  2 13319.6681 336402.681983  x:  0.02150   4.77914   0.14099  
  3 623.3531 336387.117089  x:  0.02140   6.87186   0.14957  
  4 18.6420 336387.114504  x:  0.02142   6.86418   0.14915  
  5  0.0061 336387.114486  x:  0.02142   6.86370   0.14914  
  6  0.0065 336387.114463  x:  0.02142   6.86407   0.14907  
  7  0.0002 336387.114457  x:  0.02142   6.86408   0.14908  

8 (Bom_vet) ... 7 (Bom_syl)
  0  0.0000 351851.775444  x:  0.05929   5.26396   0.22145  
  1 99.0000 351830.022292  x:  0.06526   5.26399   0.21976  
  2 7255.5837 351745.728849  x:  0.06541   5.26518   0.14904  
  3 2150.7594 351738.240804  x:  0.06537   6.08849   0.15454  
  4 20.3059 351738.054037  x:  0.06534   6.09036   0.15171  
  5  0.0054 351738.052862  x:  0.06530   6.08566   0.15167  
  6  0.0042 351738.052857  x:  0.06530   6.08505   0.15167  
  7  0.0005 351738.052856  x:  0.06530   6.08505   0.15167  
  8  0.0000 351738.052856  x:  0.06530   6.08505   0.15167  
check convergence!
