

2 (Bom_con) ... 1 (Apis_mel)
  0  0.0000 408383.153227  x:  0.51767   1.52412   0.43389  
  1 99.0000 400798.046411  x:  0.43711   1.58859   0.10232  
  2 24357.7434 400581.138190  x:  0.46521   1.59935   0.08033  
  3 13377.9300 398528.454178  x:  0.57309   3.11370   0.11929  
  4 3930.6641 398386.651209  x:  0.54175   3.40341   0.10649  
  5  0.2757 398332.845146  x:  0.57710   3.59213   0.09705  
  6  0.1087 398326.958861  x:  0.58085   3.69023   0.10086  
  7  0.0543 398325.643793  x:  0.57908   3.75563   0.10015  
  8  0.0465 398325.640481  x:  0.57905   3.75634   0.10026  
  9  0.0007 398325.640475  x:  0.57904   3.75637   0.10026  

3 (Bom_hor) ... 1 (Apis_mel)
  0  0.0000 399913.350489  x:  0.55225   3.19006   0.15655  
  1 99.0000 399319.399809  x:  0.54934   3.19126   0.10148  
  2 17742.9160 399283.765947  x:  0.58203   3.19490   0.09570  
  3 2225.5176 399212.054614  x:  0.59003   3.78479   0.09930  
  4 269.5559 399211.977291  x:  0.59139   3.78277   0.09941  
  5  0.0028 399211.967935  x:  0.59170   3.78284   0.09923  
  6  0.0005 399211.967935  x:  0.59170   3.78284   0.09923  

3 (Bom_hor) ... 2 (Bom_con)
  0  0.0000 337025.200239  x:  0.10402   3.39266   0.21556  
  1 99.0000 336940.104714  x:  0.12126   3.39312   0.20464  
  2 8840.8236 336676.405562  x:  0.12093   3.39680   0.11640  
  3 6568.3224 336600.477272  x:  0.12043   4.71157   0.13265  
  4 138.2495 336595.319173  x:  0.11906   4.76735   0.12350  
  5  0.0843 336594.952467  x:  0.11797   4.79194   0.12460  
  6  0.0236 336594.946343  x:  0.11799   4.80659   0.12459  
  7  0.0085 336594.946254  x:  0.11800   4.80679   0.12463  
  8  0.0002 336594.946254  x:  0.11800   4.80678   0.12463  
  9  0.0000 336594.946254  x:  0.11800   4.80679   0.12463  

4 (Bom_hyp) ... 1 (Apis_mel)
  0  0.0000 400029.686180  x:  0.43443   4.14080   0.19794  
  1 99.0000 398577.719830  x:  0.49335   4.14029   0.10143  
  2 19949.7864 398293.008901  x:  0.56720   4.13861   0.11140  
  3 9572.0024 398261.990035  x:  0.56513   3.70806   0.10889  
  4 134.8966 398229.970532  x:  0.58076   3.75556   0.09788  
  5  0.0858 398229.555483  x:  0.58412   3.76233   0.09810  
  6  0.0062 398229.553753  x:  0.58423   3.76149   0.09803  
  7  0.0010 398229.553752  x:  0.58423   3.76156   0.09803  

4 (Bom_hyp) ... 2 (Bom_con)
  0  0.0000 335130.049842  x:  0.10590   3.45004   0.14768  
  1 99.0000 335115.187782  x:  0.11291   3.45040   0.14249  
  2 3483.8964 335091.550611  x:  0.11173   3.45208   0.11986  
  3 2779.1625 335019.343381  x:  0.11141   4.85817   0.13163  
  4 126.8576 335018.673762  x:  0.11116   4.85762   0.12785  
  5  0.0040 335018.673073  x:  0.11114   4.86175   0.12783  
  6  0.0028 335018.673026  x:  0.11115   4.86259   0.12785  
  7  0.0007 335018.673026  x:  0.11115   4.86260   0.12785  

4 (Bom_hyp) ... 3 (Bom_hor)
  0  0.0000 324182.105819  x:  0.06826   3.94731   0.22844  
  1 99.0000 324148.175170  x:  0.06090   3.94774   0.21070  
  2 3400.2056 323948.445482  x:  0.06342   3.95014   0.11131  
  3 18804.4186 323930.352908  x:  0.06376   4.89218   0.12117  
  4 42.7634 323921.212642  x:  0.06763   4.90034   0.11376  
  5  0.0125 323920.848386  x:  0.06793   4.87768   0.11671  
  6  0.0412 323920.847567  x:  0.06795   4.87159   0.11662  
  7  0.0046 323920.847556  x:  0.06795   4.87117   0.11662  
  8  0.0004 323920.847556  x:  0.06795   4.87116   0.11662  

5 (Bom_mus) ... 1 (Apis_mel)
  0  0.0000 399132.259863  x:  0.57019   4.10015   0.15445  
  1 99.0000 398596.739304  x:  0.56556   4.10012   0.10231  
  2 17027.7976 398574.044819  x:  0.59314   4.09839   0.09709  
  3 1692.5603 398562.789705  x:  0.58929   3.83149   0.09631  
  4 80.3358 398561.440442  x:  0.59033   3.82434   0.09821  
  5  0.0139 398561.439126  x:  0.59012   3.82425   0.09824  
  6  0.0002 398561.439126  x:  0.59012   3.82427   0.09824  

5 (Bom_mus) ... 2 (Bom_con)
  0  0.0000 336728.389572  x:  0.12412   3.43497   0.17547  
  1 99.0000 336684.283404  x:  0.11226   3.43550   0.16521  
  2 5432.6026 336605.189142  x:  0.11609   3.43797   0.12165  
  3 4845.0859 336512.620704  x:  0.11654   5.00276   0.13688  
  4 148.6390 336510.573571  x:  0.11769   5.01260   0.13063  
  5  0.0136 336510.560240  x:  0.11789   5.01992   0.13076  
  6  0.0070 336510.559287  x:  0.11788   5.02580   0.13076  
  7  0.0034 336510.559280  x:  0.11788   5.02587   0.13077  
  8  0.0001 336510.559280  x:  0.11788   5.02587   0.13077  

5 (Bom_mus) ... 3 (Bom_hor)
  0  0.0000 324895.079090  x:  0.06772   4.28746   0.21054  
  1 99.0000 324882.748908  x:  0.07280   4.28758   0.20339  
  2 2883.5965 324780.087549  x:  0.07176   4.28880   0.13026  
  3 6647.8014 324776.381169  x:  0.07163   4.73250   0.13424  
  4 18.0194 324775.194695  x:  0.07013   4.72554   0.13254  
  5  0.0075 324775.179523  x:  0.07007   4.72151   0.13324  
  6  0.0067 324775.179496  x:  0.07007   4.72034   0.13322  
  7  0.0010 324775.179495  x:  0.07007   4.72034   0.13322  

5 (Bom_mus) ... 4 (Bom_hyp)
  0  0.0000 324727.941763  x:  0.06561   4.13988   0.21993  
  1 99.0000 324712.053296  x:  0.07128   4.13998   0.21602  
  2 4755.7690 324555.634249  x:  0.07119   4.14227   0.12420  
  3 3977.4619 324538.338852  x:  0.07102   5.10231   0.13370  
  4 40.7457 324537.398179  x:  0.07052   5.13384   0.12856  
  5  0.0504 324537.322962  x:  0.07016   5.13990   0.12925  
  6  0.0065 324537.322844  x:  0.07015   5.14262   0.12924  
  7  0.0020 324537.322842  x:  0.07015   5.14277   0.12924  
  8  0.0001 324537.322842  x:  0.07015   5.14279   0.12924  

6 (Bom_pas) ... 1 (Apis_mel)
  0  0.0000 400204.164561  x:  0.52921   4.23554   0.20132  
  1 99.0000 398959.930524  x:  0.53049   4.23541   0.10716  
  2 19900.2216 398832.738105  x:  0.59191   4.23306   0.09454  
  3 4473.5642 398811.371032  x:  0.58671   3.85186   0.09299  
  4 106.0520 398797.247965  x:  0.59124   3.81325   0.09875  
  5  0.1110 398797.219512  x:  0.59166   3.82594   0.09877  
  6  0.0150 398797.219334  x:  0.59173   3.82566   0.09875  
  7  0.0002 398797.219333  x:  0.59173   3.82567   0.09875  
  8  0.0000 398797.219333  x:  0.59173   3.82567   0.09875  
  9  0.0000 398797.219333  x:  0.59173   3.82567   0.09875  
 10  0.0000 398797.219333  x:  0.59173   3.82567   0.09875  
check convergence!


6 (Bom_pas) ... 2 (Bom_con)
  0  0.0000 337290.497230  x:  0.10410   3.23773   0.22176  
  1 99.0000 337205.387758  x:  0.12126   3.23827   0.21226  
  2 9197.7699 336958.483105  x:  0.12111   3.24327   0.12415  
  3 5806.8338 336829.519933  x:  0.12052   4.93808   0.14729  
  4 191.6945 336821.570780  x:  0.11961   5.01049   0.13451  
  5  0.1063 336821.256410  x:  0.11871   5.07315   0.13515  
  6  0.0452 336821.223264  x:  0.11892   5.10382   0.13533  
  7  0.0175 336821.223227  x:  0.11891   5.10412   0.13531  
  8  0.0003 336821.223227  x:  0.11891   5.10414   0.13531  

6 (Bom_pas) ... 3 (Bom_hor)
  0  0.0000 325278.551601  x:  0.07083   4.09080   0.22039  
  1 99.0000 325214.072966  x:  0.06313   4.09203   0.17097  
  2 2390.4567 325162.855195  x:  0.06804   4.09307   0.13016  
  3 31442.3367 325148.324673  x:  0.06849   4.95252   0.13818  
  4 37.4068 325144.516760  x:  0.07104   4.88405   0.14242  
  5  0.0805 325144.438518  x:  0.07117   4.87814   0.14071  
  6  0.0067 325144.438170  x:  0.07117   4.87360   0.14068  
  7  0.0035 325144.438170  x:  0.07117   4.87359   0.14068  

6 (Bom_pas) ... 4 (Bom_hyp)
  0  0.0000 325206.360749  x:  0.07419   4.15053   0.21844  
  1 99.0000 325193.115817  x:  0.06904   4.15066   0.21442  
  2 3955.3274 325077.505786  x:  0.07055   4.15310   0.13457  
  3 3714.5099 325052.267348  x:  0.07061   5.33902   0.14615  
  4 49.4039 325051.203857  x:  0.07129   5.36412   0.14036  
  5  0.0367 325051.161360  x:  0.07156   5.37044   0.14093  
  6  0.0070 325051.161030  x:  0.07156   5.37507   0.14090  
  7  0.0032 325051.161020  x:  0.07156   5.37542   0.14092  

6 (Bom_pas) ... 5 (Bom_mus)
  0  0.0000 309779.307673  x:  0.01920   4.33089   0.23990  
  1 99.0000 309759.802184  x:  0.02252   4.33090   0.23968  
  2 12393.7277 309702.477773  x:  0.02261   4.33466   0.13525  
  3 865.2938 309686.293303  x:  0.02256   5.74135   0.15005  
  4 21.9808 309684.901393  x:  0.02257   6.04769   0.13970  
  5  0.3934 309684.398879  x:  0.02256   6.42563   0.14572  
  6  0.2515 309684.389065  x:  0.02256   6.42791   0.14461  
  7  0.0024 309684.389037  x:  0.02256   6.43045   0.14460  
  8  0.0025 309684.389036  x:  0.02256   6.43108   0.14460  
  9  0.0280 309684.389032  x:  0.02256   6.43108   0.14460  
 10  0.0001 309684.389032  x:  0.02256   6.43108   0.14460  
check convergence!


7 (Bom_syl) ... 1 (Apis_mel)
  0  0.0000 399768.271497  x:  0.59712   5.04044   0.15707  
  1 99.0000 399240.723556  x:  0.58923   5.03979   0.10486  
  2 16695.6066 399231.799330  x:  0.60697   5.03437   0.10115  
  3 960.8670 399045.732334  x:  0.58985   3.82372   0.09953  
  4 283.2240 399045.304951  x:  0.58981   3.81073   0.10065  
  5  0.0228 399045.296921  x:  0.58928   3.81069   0.10071  
  6  0.0006 399045.296914  x:  0.58928   3.81089   0.10071  
  7  0.0003 399045.296914  x:  0.58928   3.81089   0.10071  
  8  0.0000 399045.296914  x:  0.58928   3.81089   0.10071  
  9  0.0910 399045.296914  x:  0.58928   3.81089   0.10071  
 10  0.0089 399045.296914  x:  0.58928   3.81090   0.10071  
 11  0.0004 399045.296914  x:  0.58928   3.81090   0.10071  
check convergence!


7 (Bom_syl) ... 2 (Bom_con)
  0  0.0000 337867.056696  x:  0.09983   3.32600   0.11920  
  1 99.0000 337719.591401  x:  0.12183   3.32626   0.12143  
  2 14332.3207 337716.377648  x:  0.12147   3.32799   0.12936  
  3 820.8281 337592.074631  x:  0.12131   5.10980   0.14164  
  4 188.7530 337591.842643  x:  0.12149   5.10928   0.13935  
  5  0.0019 337591.841625  x:  0.12147   5.11403   0.13927  
  6  0.0029 337591.841517  x:  0.12147   5.11543   0.13932  
  7  0.0011 337591.841516  x:  0.12148   5.11546   0.13932  
  8  0.0000 337591.841516  x:  0.12148   5.11546   0.13932  
  9  0.0000 337591.841516  x:  0.12148   5.11546   0.13932  

7 (Bom_syl) ... 3 (Bom_hor)
  0  0.0000 325534.405436  x:  0.06564   4.37959   0.19844  
  1 99.0000 325508.847108  x:  0.07280   4.37964   0.19613  
  2 7046.8814 325426.565136  x:  0.07290   4.38100   0.13611  
  3 2408.0540 325415.638534  x:  0.07282   5.16397   0.14265  
  4 30.6542 325414.386887  x:  0.07274   5.18982   0.13591  
  5  0.0411 325414.379133  x:  0.07265   5.20570   0.13600  
  6  0.0130 325414.379052  x:  0.07265   5.20743   0.13602  
  7  0.0014 325414.379052  x:  0.07265   5.20747   0.13602  

7 (Bom_syl) ... 4 (Bom_hyp)
  0  0.0000 325458.235840  x:  0.06423   4.45070   0.19128  
  1 99.0000 325418.630006  x:  0.07308   4.45075   0.18918  
  2 9118.0926 325344.671440  x:  0.07325   4.45226   0.13011  
  3 2255.4839 325327.089993  x:  0.07317   5.50089   0.13823  
  4 37.9646 325326.769744  x:  0.07314   5.51549   0.13488  
  5  0.0217 325326.768211  x:  0.07311   5.52410   0.13491  
  6  0.0065 325326.768190  x:  0.07311   5.52491   0.13492  
  7  0.0006 325326.768190  x:  0.07311   5.52492   0.13492  

7 (Bom_syl) ... 5 (Bom_mus)
  0  0.0000 324222.649033  x:  0.05563   4.37653   0.12782  
  1 99.0000 324138.226950  x:  0.06780   4.37655   0.12892  
  2 14845.5451 324126.807660  x:  0.06750   4.37709   0.15043  
  3 1143.6088 324111.730306  x:  0.06742   5.36279   0.15572  
  4 34.6443 324111.729460  x:  0.06739   5.36007   0.15578  
  5  0.0022 324111.729456  x:  0.06739   5.35964   0.15578  
  6  0.0003 324111.729456  x:  0.06739   5.35957   0.15578  

7 (Bom_syl) ... 6 (Bom_pas)
  0  0.0000 324550.784883  x:  0.06074   4.40925   0.22399  
  1 99.0000 324521.714876  x:  0.06804   4.40929   0.22256  
  2 8130.9791 324464.456121  x:  0.06823   4.41134   0.16009  
  3 1647.4525 324447.352979  x:  0.06817   5.45500   0.16983  
  4 37.1275 324447.097163  x:  0.06818   5.46701   0.16616  
  5  0.0174 324447.096354  x:  0.06817   5.47519   0.16619  
  6  0.0057 324447.096352  x:  0.06817   5.47526   0.16620  
  7  0.0001 324447.096351  x:  0.06817   5.47519   0.16620  
  8  0.0000 324447.096351  x:  0.06817   5.47519   0.16620  
check convergence!


8 (Bom_vet) ... 1 (Apis_mel)
  0  0.0000 399303.778601  x:  0.48366   4.59854   0.12634  
  1 99.0000 398999.584664  x:  0.53397   4.59695   0.09444  
  2 9472.6885 398821.974037  x:  0.58728   4.59487   0.10599  
  3 13692.9319 398737.063871  x:  0.58063   3.81441   0.10394  
  4 197.2071 398728.706245  x:  0.59054   3.82498   0.09852  
  5  0.0140 398728.691174  x:  0.59107   3.82047   0.09852  
  6  0.0045 398728.690767  x:  0.59114   3.82185   0.09853  
  7  0.0016 398728.690767  x:  0.59114   3.82185   0.09852  

8 (Bom_vet) ... 2 (Bom_con)
  0  0.0000 336779.295529  x:  0.09685   3.33862   0.08702  
  1 99.0000 336588.928589  x:  0.12115   3.33886   0.09721  
  2 15689.3990 336547.603255  x:  0.11701   3.33989   0.12204  
  3 3811.1244 336433.237888  x:  0.11649   5.08760   0.13178  
  4 168.7131 336432.990935  x:  0.11744   5.08529   0.13158  
  5  0.0022 336432.990389  x:  0.11744   5.08470   0.13169  
  6  0.0004 336432.990384  x:  0.11744   5.08430   0.13168  
  7  0.0002 336432.990384  x:  0.11744   5.08428   0.13168  

8 (Bom_vet) ... 3 (Bom_hor)
  0  0.0000 324854.016008  x:  0.06952   4.35436   0.20753  
  1 99.0000 324817.343462  x:  0.06294   4.35488   0.17652  
  2 2203.7442 324764.638408  x:  0.06708   4.35565   0.13142  
  3 24078.4731 324760.288632  x:  0.06729   4.85322   0.13561  
  4 18.5691 324757.215557  x:  0.06958   4.79128   0.13905  
  5  0.0695 324757.162324  x:  0.06969   4.78989   0.13766  
  6  0.0024 324757.162229  x:  0.06968   4.78760   0.13764  
  7  0.0020 324757.162228  x:  0.06968   4.78761   0.13764  

8 (Bom_vet) ... 4 (Bom_hyp)
  0  0.0000 324740.963738  x:  0.06212   3.92654   0.17053  
  1 99.0000 324706.475354  x:  0.07023   3.92661   0.16889  
  2 8711.9576 324663.798704  x:  0.07036   3.92837   0.12612  
  3 1833.5435 324632.288137  x:  0.07022   5.22338   0.13693  
  4 57.8829 324631.810167  x:  0.07024   5.23277   0.13275  
  5  0.0129 324631.808963  x:  0.07023   5.24195   0.13276  
  6  0.0057 324631.808950  x:  0.07023   5.24223   0.13277  

8 (Bom_vet) ... 5 (Bom_mus)
  0  0.0000 309004.864254  x:  0.02044   4.23314   0.18660  
  1 99.0000 309004.570563  x:  0.02086   4.23315   0.18602  
  2 835.5615 308979.701940  x:  0.02079   4.23509   0.12476  
  3 1981.3564 308970.511180  x:  0.02070   5.62630   0.13651  
  4 15.6755 308970.207339  x:  0.02064   5.65229   0.13063  
  5  0.0376 308970.204589  x:  0.02060   5.66860   0.13073  
  6  0.0137 308970.204400  x:  0.02061   5.67486   0.13075  
  7  0.0045 308970.204400  x:  0.02061   5.67491   0.13075  
  8  0.0000 308970.204400  x:  0.02061   5.67491   0.13075  
  9  0.0000 308970.204400  x:  0.02061   5.67491   0.13075  
check convergence!


8 (Bom_vet) ... 6 (Bom_pas)
  0  0.0000 309596.678456  x:  0.02012   4.69554   0.21877  
  1 99.0000 309589.596561  x:  0.02217   4.69555   0.21856  
  2 7189.1448 309552.741246  x:  0.02224   4.69776   0.14299  
  3 753.4053 309542.472786  x:  0.02218   6.31149   0.15624  
  4 15.1623 309541.326091  x:  0.02218   6.36455   0.14394  
  5  0.0867 309541.313400  x:  0.02216   6.43381   0.14407  
  6  0.0390 309541.313262  x:  0.02217   6.43674   0.14416  
  7  0.0032 309541.313249  x:  0.02217   6.43443   0.14417  
  8  0.0014 309541.313246  x:  0.02217   6.43443   0.14417  
  9  0.0075 309541.313246  x:  0.02217   6.43443   0.14417  
check convergence!


8 (Bom_vet) ... 7 (Bom_syl)
  0  0.0000 324062.085505  x:  0.06102   5.12171   0.15525  
  1 99.0000 324043.824882  x:  0.06681   5.12172   0.15547  
  2 6499.0372 324043.380532  x:  0.06677   5.12189   0.16036  
  3 189.7552 324042.323182  x:  0.06675   5.41277   0.16184  
  4  7.6164 324042.322637  x:  0.06675   5.40929   0.16168  
  5  0.0033 324042.322637  x:  0.06675   5.40921   0.16168  
  6  0.0002 324042.322637  x:  0.06675   5.40917   0.16168  