Supplemental results for CODEML (seqf: /home/yzliu/eDNA/faststorage/yzliu/DK_proj/data/ref_genome/ref_annotation/primary_transcripts/extracted_cds_new/new_transcript_id_8_bom_apis/bootstraps/cat.out.OG_cds_8_species_same_header_fas.shuf_211OG_447.phy  treef: xxx.trees)


pairwise comparison (Goldman & Yang 1994)
seq seq        N       S       dN       dS     dN/dS   Paras.
  2   1 172683.7  57398.3   0.0510   0.5604   0.0910   0.5342   4.2043   0.0910 -400029.693
  3   1 172321.7  57760.3   0.0518   0.5756   0.0901   0.5500   4.2512   0.0901 -401325.572
  3   2 168501.0  61581.0   0.0125   0.1069   0.1167   0.1132   5.3385   0.1167 -342553.965
  4   1 172785.5  57296.5   0.0510   0.5662   0.0901   0.5380   4.1971   0.0901 -400116.215
  4   2 168876.2  61205.8   0.0114   0.1009   0.1127   0.1055   5.3239   0.1127 -340372.114
  4   3 168703.0  61379.0   0.0075   0.0627   0.1203   0.0667   5.2360   0.1203 -330781.505
  5   1 172837.8  57244.2   0.0518   0.5745   0.0902   0.5456   4.1854   0.0902 -400841.822
  5   2 169171.7  60910.3   0.0127   0.1062   0.1200   0.1125   5.1038   0.1200 -342356.458
  5   3 169340.4  60741.6   0.0083   0.0640   0.1298   0.0691   4.7637   0.1298 -331705.476
  5   4 169370.4  60711.6   0.0080   0.0621   0.1286   0.0668   5.0104   0.1286 -330750.298
  6   1 172844.1  57237.9   0.0519   0.5720   0.0908   0.5439   4.1714   0.0908 -400833.199
  6   2 169029.2  61052.8   0.0129   0.1061   0.1220   0.1130   5.2104   0.1220 -342505.299
  6   3 168949.3  61132.7   0.0084   0.0635   0.1327   0.0691   5.0513   0.1327 -331699.235
  6   4 169070.6  61011.4   0.0082   0.0614   0.1331   0.0669   5.2454   0.1331 -330810.859
  6   5 168453.6  61628.4   0.0026   0.0194   0.1331   0.0213   5.8441   0.1331 -315925.076
  7   1 172781.3  57300.7   0.0522   0.5716   0.0914   0.5447   4.2141   0.0914 -400975.256
  7   2 168867.1  61214.9   0.0134   0.1071   0.1250   0.1150   5.3494   0.1250 -343026.296
  7   3 168586.2  61495.8   0.0085   0.0647   0.1313   0.0705   5.3524   0.1313 -331982.110
  7   4 168689.7  61392.3   0.0084   0.0625   0.1345   0.0685   5.5843   0.1345 -331199.724
  7   5 169299.8  60782.2   0.0084   0.0583   0.1449   0.0649   5.0834   0.1449 -330449.784
  7   6 168953.5  61128.5   0.0086   0.0578   0.1493   0.0651   5.3639   0.1493 -330516.724
  8   1 172809.0  57273.0   0.0517   0.5740   0.0901   0.5452   4.1758   0.0901 -400824.061
  8   2 169030.9  61051.1   0.0126   0.1057   0.1191   0.1119   5.1866   0.1191 -342194.033
  8   3 169094.7  60987.3   0.0082   0.0632   0.1292   0.0683   4.9178   0.1292 -331451.251
  8   4 169202.5  60879.5   0.0079   0.0614   0.1287   0.0662   5.1132   0.1287 -330597.711
  8   5 168909.5  61172.5   0.0024   0.0186   0.1293   0.0201   5.3908   0.1293 -315487.730
  8   6 167923.7  62158.3   0.0025   0.0199   0.1254   0.0216   6.3624   0.1254 -315993.769
  8   7 169107.0  60975.0   0.0082   0.0576   0.1423   0.0639   5.2091   0.1423 -330131.219

