Supplemental results for CODEML (seqf: /home/yzliu/eDNA/faststorage/yzliu/DK_proj/data/ref_genome/ref_annotation/primary_transcripts/extracted_cds_new/new_transcript_id_7_and_pas/bootstraps/cat.out.OG_cds_7_species_same_header_fas.shuf_537OG_595.phy  treef: xxx.trees)


pairwise comparison (Goldman & Yang 1994)
seq seq        N       S       dN       dS     dN/dS   Paras.
  2   1 483891.7 189773.3   0.0089   0.1704   0.0523   0.1633   3.8000   0.0523 -1037868.151
  3   1 484076.0 189589.0   0.0087   0.1629   0.0535   0.1563   3.6097   0.0535 -1035375.694
  3   2 482926.2 190738.8   0.0089   0.1562   0.0569   0.1518   4.0183   0.0569 -1032216.557
  4   1 485054.8 188610.2   0.0067   0.1233   0.0541   0.1180   3.4968   0.0541 -1013521.282
  4   2 482760.8 190904.2   0.0086   0.1618   0.0534   0.1562   4.0710   0.0534 -1033560.540
  4   3 482423.1 191241.9   0.0084   0.1553   0.0540   0.1503   3.9212   0.0540 -1031358.361
  5   1 486835.5 186829.5   0.0050   0.0939   0.0535   0.0890   3.2022   0.0535 -995202.462
  5   2 483999.4 189665.6   0.0090   0.1682   0.0533   0.1614   3.7573   0.0533 -1037360.745
  5   3 484274.8 189390.2   0.0087   0.1591   0.0547   0.1529   3.5610   0.0547 -1034075.363
  5   4 485409.8 188255.2   0.0067   0.1190   0.0560   0.1141   3.4299   0.0560 -1011766.919
  6   1 489324.6 184340.4   0.0061   0.1208   0.0503   0.1124   2.9416   0.0503 -1010648.185
  6   2 485043.0 188622.0   0.0082   0.1628   0.0504   0.1545   3.6306   0.0504 -1033154.810
  6   3 485206.1 188458.9   0.0082   0.1562   0.0524   0.1488   3.4552   0.0524 -1031452.320
  6   4 486494.0 187171.0   0.0063   0.1189   0.0528   0.1127   3.3108   0.0528 -1010443.915
  6   5 490005.7 183659.3   0.0062   0.1173   0.0525   0.1094   2.8559   0.0525 -1009384.626
  7   1 480886.7 192778.3   0.0609   1.2053   0.0505   1.1652   4.2405   0.0505 -1253211.335
  7   2 477394.5 196270.5   0.0622   1.2806   0.0486   1.2516   4.5700   0.0486 -1257576.245
  7   3 479626.9 194038.1   0.0615   1.2094   0.0508   1.1763   4.3672   0.0508 -1254198.843
  7   4 479238.9 194426.1   0.0609   1.2203   0.0499   1.1866   4.4045   0.0499 -1253674.330
  7   5 481082.1 192582.9   0.0609   1.1968   0.0509   1.1569   4.2268   0.0509 -1252893.863
  7   6 480812.9 192852.1   0.0607   1.2030   0.0505   1.1632   4.2492   0.0505 -1252795.063

