

2 (And_ful) ... 1 (And_bic)
  0  0.0000 1033426.757225  x:  0.14621   1.39735   0.40758  
  1 99.0000 1022534.923505  x:  0.25253   1.46653   0.05083  
  2 36295.6782 1022295.133490  x:  0.24998   1.46847   0.04087  
  3 122513.7704 1017476.992138  x:  0.16534   3.41816   0.07103  
  4 5845.1789 1017397.309272  x:  0.16091   3.39165   0.05940  
  5  0.0168 1017389.604251  x:  0.16429   3.40544   0.05755  
  6  0.0207 1017388.018878  x:  0.16466   3.47466   0.05874  
  7  0.0278 1017387.500355  x:  0.16430   3.50257   0.05816  
  8  0.0227 1017387.500027  x:  0.16430   3.50356   0.05818  
  9  0.0010 1017387.500027  x:  0.16430   3.50358   0.05818  
 10  0.0000 1017387.500026  x:  0.16430   3.50357   0.05818  
 11  0.0000 1017387.500026  x:  0.16430   3.50358   0.05818  

3 (And_hae) ... 1 (And_bic)
  0  0.0000 1014958.016410  x:  0.13346   3.10088   0.08227  
  1 99.0000 1014439.956159  x:  0.16119   3.10115   0.06736  
  2 34869.7987 1014386.990235  x:  0.15918   3.10141   0.05759  
  3 10887.9211 1014344.406056  x:  0.15900   3.53523   0.05974  
  4 211.5430 1014343.179016  x:  0.15754   3.53332   0.05958  
  5  0.0022 1014343.174924  x:  0.15753   3.53274   0.05966  
  6  0.0006 1014343.174914  x:  0.15753   3.53252   0.05966  
  7  0.0002 1014343.174914  x:  0.15753   3.53252   0.05966  
  8  0.0000 1014343.174914  x:  0.15753   3.53252   0.05966  

3 (And_hae) ... 2 (And_ful)
  0  0.0000 1013749.765299  x:  0.15737   3.31327   0.16236  
  1 99.0000 1012001.477988  x:  0.12776   3.31479   0.07989  
  2 32941.1043 1011635.819420  x:  0.13785   3.31528   0.05500  
  3 55258.4472 1011513.175494  x:  0.14058   4.15883   0.06074  
  4 327.1189 1011402.163425  x:  0.15226   3.92764   0.06561  
  5  0.3184 1011399.084573  x:  0.15310   3.92548   0.06316  
  6  0.0033 1011399.072254  x:  0.15312   3.91653   0.06311  
  7  0.0079 1011399.072184  x:  0.15311   3.91642   0.06311  
  8  0.0001 1011399.072184  x:  0.15311   3.91643   0.06311  

4 (And_hat) ... 1 (And_bic)
  0  0.0000 993325.707737  x:  0.12852   3.34846   0.06749  
  1 99.0000 993246.230293  x:  0.11857   3.34849   0.06435  
  2 14819.3114 993244.195097  x:  0.11900   3.34855   0.06210  
  3 1764.7209 993242.393396  x:  0.11900   3.45285   0.06254  
  4 35.4038 993242.392497  x:  0.11899   3.45231   0.06250  
  5  0.0006 993242.392493  x:  0.11899   3.45218   0.06250  

4 (And_hat) ... 2 (And_ful)
  0  0.0000 1014910.135898  x:  0.16215   3.16150   0.13959  
  1 99.0000 1013502.813608  x:  0.13617   3.16285   0.07311  
  2 33013.6146 1013266.287689  x:  0.14633   3.16332   0.05479  
  3 35516.6414 1013123.295884  x:  0.14891   4.02108   0.06068  
  4 379.3286 1013086.584148  x:  0.15574   3.91661   0.06382  
  5  0.1477 1013085.566480  x:  0.15627   3.90513   0.06244  
  6  0.0109 1013085.561274  x:  0.15626   3.89935   0.06243  
  7  0.0044 1013085.561258  x:  0.15625   3.89936   0.06243  
  8  0.0000 1013085.561258  x:  0.15625   3.89937   0.06243  

4 (And_hat) ... 3 (And_hae)
  0  0.0000 1010548.602591  x:  0.12819   3.36576   0.07272  
  1 99.0000 1010209.147028  x:  0.15064   3.36596   0.06708  
  2 31113.8574 1010194.324116  x:  0.15020   3.36624   0.06160  
  3 5244.0298 1010124.926383  x:  0.15019   4.00867   0.06438  
  4 240.2347 1010124.753274  x:  0.15011   4.00786   0.06378  
  5  0.0010 1010124.753211  x:  0.15010   4.00811   0.06377  
  6  0.0002 1010124.753211  x:  0.15010   4.00814   0.06377  
  7  0.0000 1010124.753211  x:  0.15010   4.00815   0.06377  

5 (And_mar) ... 1 (And_bic)
  0  0.0000 975115.407760  x:  0.08873   3.47476   0.08566  
  1 99.0000 974995.162907  x:  0.09345   3.47464   0.06397  
  2 9905.2142 974982.605607  x:  0.09055   3.47457   0.06083  
  3 8519.5365 974959.958883  x:  0.09076   3.08103   0.05876  
  4 106.7556 974959.248268  x:  0.09031   3.07389   0.06001  
  5  0.0108 974959.246422  x:  0.09028   3.07538   0.05998  
  6  0.0016 974959.246413  x:  0.09028   3.07518   0.05998  
  7  0.0002 974959.246413  x:  0.09028   3.07518   0.05998  

5 (And_mar) ... 2 (And_ful)
  0  0.0000 1018836.811659  x:  0.15153   2.83766   0.14623  
  1 99.0000 1016756.780016  x:  0.16866   2.83986   0.05871  
  2 33681.8338 1016730.936173  x:  0.16281   2.84025   0.05610  
  3 8021.3752 1016591.219968  x:  0.16044   3.53224   0.06362  
  4 452.6866 1016583.477144  x:  0.16235   3.58357   0.06047  
  5  0.1124 1016583.294912  x:  0.16191   3.60083   0.06038  
  6  0.0149 1016583.288041  x:  0.16195   3.60539   0.06046  
  7  0.0037 1016583.288022  x:  0.16195   3.60550   0.06045  

5 (And_mar) ... 3 (And_hae)
  0  0.0000 1015483.311856  x:  0.16447   3.22594   0.16435  
  1 99.0000 1013971.317585  x:  0.12738   3.22702   0.09997  
  2 36067.4719 1013281.258560  x:  0.13592   3.22769   0.05825  
  3 61524.2067 1013216.591405  x:  0.13744   3.79927   0.06252  
  4 245.5355 1013040.760398  x:  0.15326   3.59796   0.06525  
  5  0.2319 1013037.920133  x:  0.15382   3.61498   0.06293  
  6  0.0246 1013037.913448  x:  0.15389   3.61042   0.06290  
  7  0.0043 1013037.913445  x:  0.15389   3.61039   0.06290  
  8  0.0000 1013037.913445  x:  0.15389   3.61039   0.06290  
  9  0.0000 1013037.913445  x:  0.15389   3.61039   0.06290  
check convergence!


5 (And_mar) ... 4 (And_hat)
  0  0.0000 992609.252802  x:  0.11779   3.09896   0.19639  
  1 99.0000 991867.192581  x:  0.09300   3.09985   0.15191  
  2 26798.4349 990481.576470  x:  0.09686   3.10154   0.06424  
  3 82837.1675 990441.928148  x:  0.09757   3.56498   0.06954  
  4 181.3933 990219.064033  x:  0.11269   3.47680   0.06257  
  5  0.0941 990214.869427  x:  0.11307   3.43666   0.06568  
  6  0.0989 990214.863317  x:  0.11314   3.43529   0.06561  
  7  0.0012 990214.863313  x:  0.11314   3.43542   0.06561  

6 (And_tri) ... 1 (And_bic)
  0  0.0000 990786.662358  x:  0.09790   3.12611   0.10008  
  1 99.0000 990411.099672  x:  0.11848   3.12614   0.08746  
  2 33288.4348 990133.065540  x:  0.11676   3.12619   0.05733  
  3 20322.0370 990125.462724  x:  0.11685   2.93919   0.05613  
  4 77.5996 990117.440918  x:  0.11386   2.92625   0.05760  
  5  0.0124 990117.270348  x:  0.11371   2.93042   0.05704  
  6  0.0066 990117.270340  x:  0.11371   2.93051   0.05704  
  7  0.0001 990117.270340  x:  0.11371   2.93050   0.05704  

6 (And_tri) ... 2 (And_ful)
  0  0.0000 1015922.127667  x:  0.13600   2.64954   0.16407  
  1 99.0000 1013734.993207  x:  0.18889   2.65228   0.07256  
  2 39247.4431 1013328.888512  x:  0.18182   2.65306   0.04775  
  3 52971.8010 1013013.522050  x:  0.17600   3.77922   0.05608  
  4 665.6673 1012782.752875  x:  0.15510   3.59469   0.05789  
  5  0.2294 1012779.014385  x:  0.15544   3.46229   0.05805  
  6  0.1004 1012778.958969  x:  0.15547   3.45789   0.05773  
  7  0.0044 1012778.958955  x:  0.15547   3.45802   0.05773  
  8  0.0001 1012778.958955  x:  0.15547   3.45803   0.05773  
  9  0.0000 1012778.958955  x:  0.15547   3.45802   0.05773  

6 (And_tri) ... 3 (And_hae)
  0  0.0000 1012339.319152  x:  0.12863   3.00975   0.16247  
  1 99.0000 1010862.996257  x:  0.17845   3.01109   0.09587  
  2 38178.1215 1010130.128215  x:  0.17394   3.01188   0.05442  
  3 60009.1969 1010031.881939  x:  0.17204   3.69834   0.05974  
  4 318.7738 1009735.314306  x:  0.14871   3.56977   0.05902  
  5  0.1291 1009734.005102  x:  0.14865   3.51670   0.06009  
  6  0.0681 1009733.877593  x:  0.14874   3.49666   0.05971  
  7  0.0208 1009733.877463  x:  0.14873   3.49683   0.05970  
  8  0.0002 1009733.877462  x:  0.14873   3.49685   0.05970  

6 (And_tri) ... 4 (And_hat)
  0  0.0000 990195.562299  x:  0.09037   3.13157   0.10150  
  1 99.0000 989638.019237  x:  0.11452   3.13168   0.09308  
  2 47547.0404 989362.103325  x:  0.11392   3.13207   0.06128  
  3 16407.4115 989352.916149  x:  0.11385   3.35903   0.06282  
  4 84.7223 989351.348404  x:  0.11262   3.36057   0.06200  
  5  0.0019 989351.275826  x:  0.11248   3.35875   0.06240  
  6  0.0026 989351.275820  x:  0.11249   3.35861   0.06239  
  7  0.0001 989351.275820  x:  0.11249   3.35860   0.06239  
  8  0.0000 989351.275820  x:  0.11249   3.35860   0.06239  

6 (And_tri) ... 5 (And_mar)
  0  0.0000 988286.906803  x:  0.09125   2.96566   0.05710  
  1 99.0000 987962.310524  x:  0.10943   2.96565   0.05918  
  2 38011.7514 987960.871744  x:  0.10929   2.96562   0.06113  
  3 1499.3941 987960.569299  x:  0.10929   2.92884   0.06096  
  4 16.1914 987960.558544  x:  0.10918   2.92842   0.06093  
  5  0.0004 987960.558540  x:  0.10918   2.92850   0.06093  

7 (Bom_pas) ... 1 (And_bic)
  0  0.0000 1257503.783498  x:  1.28911   2.63839   0.17553  
  1 99.0000 1233056.588340  x:  1.26479   2.64210   0.04536  
  2 211875.2294 1232894.189026  x:  1.21670   2.66435   0.05328  
  3 6628.6062 1231781.426582  x:  1.34647   3.93788   0.05215  
  4 2378.8966 1231107.631052  x:  1.14716   3.91503   0.05445  
  5  0.1854 1231101.119610  x:  1.16203   3.99466   0.05325  
  6  0.0615 1231100.399226  x:  1.15786   4.01497   0.05344  
  7  0.0213 1231100.343750  x:  1.15874   4.02095   0.05351  
  8  0.0054 1231100.343712  x:  1.15877   4.02117   0.05351  

7 (Bom_pas) ... 2 (And_ful)
  0  0.0000 1251041.667428  x:  1.50405   3.35464   0.11506  
  1 99.0000 1236575.858599  x:  1.49554   3.35570   0.04071  
  2 253946.7468 1236013.697413  x:  1.30318   3.40789   0.05808  
  3 6766.1347 1235625.068515  x:  1.40901   4.30437   0.05515  
  4 1006.7992 1234913.591478  x:  1.19931   4.22245   0.05659  
  5  0.3152 1234841.553013  x:  1.24808   4.31888   0.05155  
  6  0.1322 1234839.153459  x:  1.23936   4.31222   0.05129  
  7  0.0131 1234839.142487  x:  1.23857   4.30962   0.05134  
  8  0.0028 1234839.142068  x:  1.23857   4.30872   0.05134  
  9  0.0006 1234839.142068  x:  1.23857   4.30872   0.05134  

7 (Bom_pas) ... 3 (And_hae)
  0  0.0000 1234018.554999  x:  1.05990   3.65364   0.09134  
  1 99.0000 1231538.969008  x:  1.05817   3.65389   0.05753  
  2 120871.6950 1231442.305211  x:  1.12020   3.66125   0.05278  
  3 3149.1175 1231312.518814  x:  1.14781   4.18182   0.05299  
  4 549.9725 1231296.225852  x:  1.16070   4.18133   0.05434  
  5  0.0215 1231295.553066  x:  1.16646   4.18124   0.05391  
  6  0.0047 1231295.551704  x:  1.16657   4.18304   0.05391  
  7  0.0015 1231295.551703  x:  1.16657   4.18304   0.05391  

7 (Bom_pas) ... 4 (And_hat)
  0  0.0000 1231754.211125  x:  1.12973   3.76257   0.07032  
  1 99.0000 1230993.371672  x:  1.12887   3.76270   0.05426  
  2 84896.4587 1230984.021587  x:  1.15275   3.79093   0.05298  
  3 514.8297 1230909.583649  x:  1.16341   4.18067   0.05365  
  4 1027.3088 1230909.433477  x:  1.16622   4.18303   0.05363  
  5  0.0038 1230909.428375  x:  1.16650   4.18360   0.05358  
  6  0.0007 1230909.428360  x:  1.16651   4.18378   0.05358  
  7  0.0002 1230909.428360  x:  1.16651   4.18378   0.05358  

7 (Bom_pas) ... 5 (And_mar)
  0  0.0000 1244504.641698  x:  1.10943   3.76893   0.16083  
  1 99.0000 1230448.918341  x:  1.09509   3.76986   0.05582  
  2 171323.2583 1230440.267608  x:  1.10739   3.77149   0.05405  
  3 1356.7509 1230410.390196  x:  1.12100   4.01941   0.05404  
  4 257.7499 1230394.165599  x:  1.14526   4.02583   0.05430  
  5  0.0378 1230394.066321  x:  1.14669   4.02825   0.05411  
  6  0.0027 1230394.066095  x:  1.14679   4.02883   0.05411  
  7  0.0005 1230394.066095  x:  1.14678   4.02884   0.05411  
  8  0.0000 1230394.066095  x:  1.14678   4.02884   0.05411  

7 (Bom_pas) ... 6 (And_tri)
  0  0.0000 1239247.138930  x:  1.18685   3.60181   0.12000  
  1 99.0000 1230412.784481  x:  1.17909   3.60245   0.05218  
  2 181120.0970 1230383.692103  x:  1.14787   3.61318   0.05552  
  3 1791.4302 1230294.628912  x:  1.17954   4.03212   0.05483  
  4 480.2569 1230258.371303  x:  1.14681   4.02048   0.05394  
  5  0.0540 1230258.350418  x:  1.14762   4.02264   0.05386  
  6  0.0024 1230258.350306  x:  1.14760   4.02304   0.05386  
  7  0.0004 1230258.350305  x:  1.14761   4.02306   0.05386  