Supplemental results for CODEML (seqf: /home/yzliu/eDNA/faststorage/yzliu/DK_proj/data/ref_genome/ref_annotation/primary_transcripts/extracted_cds_new/new_transcript_id_7_and_pas/bootstraps/cat.out.OG_cds_7_species_same_header_fas.shuf_537OG_140.phy  treef: xxx.trees)


pairwise comparison (Goldman & Yang 1994)
seq seq        N       S       dN       dS     dN/dS   Paras.
  2   1 508827.1 200057.9   0.0097   0.1638   0.0592   0.1595   3.6921   0.0592 -1092708.123
  3   1 508347.7 200537.3   0.0096   0.1571   0.0612   0.1540   3.6206   0.0612 -1090505.124
  3   2 507303.6 201581.4   0.0096   0.1493   0.0645   0.1481   3.9627   0.0645 -1086509.731
  4   1 509415.6 199469.4   0.0073   0.1203   0.0608   0.1173   3.4919   0.0608 -1068097.939
  4   2 507103.0 201782.0   0.0092   0.1551   0.0594   0.1522   4.0036   0.0594 -1087734.999
  4   3 505904.4 202980.6   0.0093   0.1482   0.0630   0.1473   4.0133   0.0630 -1086070.491
  5   1 512392.4 196492.6   0.0055   0.0908   0.0601   0.0874   3.1061   0.0601 -1047620.231
  5   2 508469.0 200416.0   0.0098   0.1604   0.0609   0.1571   3.7325   0.0609 -1091706.189
  5   3 508226.2 200658.8   0.0098   0.1521   0.0645   0.1502   3.6295   0.0645 -1089108.354
  5   4 509352.9 199532.1   0.0073   0.1141   0.0638   0.1120   3.4931   0.0638 -1065091.669
  6   1 513674.7 195210.3   0.0068   0.1186   0.0570   0.1127   2.9747   0.0570 -1065281.943
  6   2 509778.9 199106.1   0.0089   0.1559   0.0573   0.1507   3.5623   0.0573 -1087493.413
  6   3 509125.8 199759.2   0.0091   0.1494   0.0612   0.1460   3.5167   0.0612 -1086043.430
  6   4 510079.9 198805.1   0.0068   0.1149   0.0596   0.1115   3.4062   0.0596 -1064091.942
  6   5 513533.3 195351.7   0.0069   0.1124   0.0612   0.1078   2.9836   0.0612 -1062803.115
  7   1 507139.7 201745.3   0.0637   1.1818   0.0539   1.1457   4.0778   0.0539 -1324114.996
  7   2 504032.3 204852.7   0.0645   1.2397   0.0520   1.2124   4.3134   0.0520 -1327815.300
  7   3 505933.7 202951.3   0.0640   1.1829   0.0541   1.1531   4.2003   0.0541 -1324558.680
  7   4 505568.0 203317.0   0.0636   1.1939   0.0533   1.1634   4.2349   0.0533 -1324221.587
  7   5 507049.7 201835.3   0.0636   1.1762   0.0541   1.1413   4.0952   0.0541 -1323740.887
  7   6 507108.3 201776.7   0.0634   1.1803   0.0537   1.1440   4.0840   0.0537 -1323605.231

