

2 (And_ful) ... 1 (And_bic)
  0  0.0000 1110704.475622  x:  0.15050   1.35605   0.43113  
  1 99.0000 1095850.502038  x:  0.13224   1.43890   0.04972  
  2 35766.2602 1095634.684155  x:  0.14131   1.44224   0.03834  
  3 65262.3292 1093840.304570  x:  0.17601   2.12869   0.06513  
  4 6449.9546 1092955.749688  x:  0.14923   2.84795   0.05596  
  5  1.1488 1092751.124780  x:  0.16406   3.32267   0.05870  
  6  0.2095 1092710.065265  x:  0.15878   3.62901   0.05785  
  7  0.1663 1092708.179229  x:  0.15979   3.68964   0.05901  
  8  0.0412 1092708.124894  x:  0.15952   3.69391   0.05915  
  9  0.0033 1092708.122789  x:  0.15953   3.69225   0.05919  
 10  0.0012 1092708.122784  x:  0.15953   3.69212   0.05919  

3 (And_hae) ... 1 (And_bic)
  0  0.0000 1090796.135312  x:  0.14806   3.18893   0.08304  
  1 99.0000 1090549.319178  x:  0.15563   3.18933   0.06016  
  2 18424.9248 1090547.278515  x:  0.15403   3.18950   0.05940  
  3 2311.0399 1090505.272779  x:  0.15384   3.62089   0.06174  
  4 212.3232 1090505.124095  x:  0.15404   3.62106   0.06124  
  5  0.0007 1090505.123650  x:  0.15402   3.62067   0.06123  
  6  0.0004 1090505.123649  x:  0.15402   3.62059   0.06123  
  7  0.0001 1090505.123649  x:  0.15402   3.62059   0.06123  

3 (And_hae) ... 2 (And_ful)
  0  0.0000 1088745.347410  x:  0.13384   3.29921   0.15730  
  1 99.0000 1087121.088000  x:  0.17340   3.30073   0.07850  
  2 34163.4299 1086790.870370  x:  0.16525   3.30123   0.05512  
  3 46145.1108 1086647.632426  x:  0.16245   4.20889   0.06067  
  4 358.9239 1086510.473983  x:  0.14794   4.03203   0.06480  
  5  0.2443 1086509.735156  x:  0.14807   3.96486   0.06459  
  6  0.0564 1086509.730764  x:  0.14808   3.96268   0.06450  
  7  0.0023 1086509.730762  x:  0.14808   3.96267   0.06450  
  8  0.0000 1086509.730762  x:  0.14808   3.96267   0.06450  

4 (And_hat) ... 1 (And_bic)
  0  0.0000 1071095.436546  x:  0.09692   3.59562   0.19666  
  1 99.0000 1070401.997585  x:  0.12469   3.59582   0.17783  
  2 45473.5310 1068155.660884  x:  0.12562   3.59694   0.06091  
  3 38104.4073 1068154.256492  x:  0.12565   3.50932   0.05997  
  4 28.4899 1068099.038759  x:  0.11752   3.46264   0.06218  
  5  0.0426 1068097.939203  x:  0.11732   3.49221   0.06082  
  6  0.0975 1068097.939049  x:  0.11733   3.49192   0.06081  
  7  0.0003 1068097.939049  x:  0.11733   3.49192   0.06081  
  8  0.0000 1068097.939049  x:  0.11733   3.49192   0.06081  
  9  0.1003 1068097.939049  x:  0.11733   3.49192   0.06081  
 10  0.0227 1068097.939049  x:  0.11733   3.49192   0.06081  
 11  0.0796 1068097.939049  x:  0.11733   3.49192   0.06081  
 12  0.2477 1068097.939049  x:  0.11733   3.49192   0.06081  
check convergence!


4 (And_hat) ... 2 (And_ful)
  0  0.0000 1088748.549117  x:  0.15357   3.15785   0.10561  
  1 99.0000 1087919.091476  x:  0.14416   3.15882   0.05905  
  2 28670.9498 1087879.319345  x:  0.15102   3.15916   0.05481  
  3 11287.8025 1087735.555079  x:  0.15226   3.99028   0.06036  
  4 393.8949 1087735.021282  x:  0.15204   3.99943   0.05946  
  5  0.0146 1087734.999357  x:  0.15222   4.00242   0.05940  
  6  0.0028 1087734.999125  x:  0.15221   4.00358   0.05941  
  7  0.0008 1087734.999125  x:  0.15221   4.00359   0.05941  

4 (And_hat) ... 3 (And_hae)
  0  0.0000 1086172.516867  x:  0.13694   3.60377   0.06384  
  1 99.0000 1086099.166351  x:  0.14725   3.60387   0.06291  
  2 14561.2618 1086098.371265  x:  0.14724   3.60402   0.06166  
  3 1256.2057 1086070.500783  x:  0.14730   4.01501   0.06314  
  4 146.9618 1086070.491028  x:  0.14733   4.01348   0.06300  
  5  0.0015 1086070.491022  x:  0.14733   4.01333   0.06300  
  6  0.0001 1086070.491022  x:  0.14733   4.01332   0.06300  

5 (And_mar) ... 1 (And_bic)
  0  0.0000 1048570.801168  x:  0.07239   3.54903   0.12366  
  1 99.0000 1048209.007038  x:  0.08887   3.54903   0.11726  
  2 44087.1281 1047651.324635  x:  0.08870   3.54901   0.06174  
  3 18190.2131 1047623.287553  x:  0.08880   3.11617   0.05863  
  4 120.0671 1047620.921447  x:  0.08799   3.09702   0.06080  
  5  0.0283 1047620.231527  x:  0.08736   3.10722   0.06010  
  6  0.0131 1047620.230890  x:  0.08736   3.10591   0.06006  
  7  0.0015 1047620.230883  x:  0.08737   3.10606   0.06006  
  8  0.0002 1047620.230882  x:  0.08737   3.10607   0.06006  
  9  0.0000 1047620.230882  x:  0.08737   3.10607   0.06006  

5 (And_mar) ... 2 (And_ful)
  0  0.0000 1093251.621476  x:  0.13815   2.91046   0.11827  
  1 99.0000 1092135.660252  x:  0.17314   2.91162   0.07125  
  2 37375.2882 1091932.687213  x:  0.16662   2.91217   0.05405  
  3 28400.5124 1091740.053662  x:  0.16455   3.80566   0.05967  
  4 499.7692 1091706.327113  x:  0.15714   3.75937   0.06105  
  5  0.0558 1091706.191399  x:  0.15700   3.73380   0.06092  
  6  0.0186 1091706.188995  x:  0.15706   3.73244   0.06092  
  7  0.0014 1091706.188994  x:  0.15706   3.73245   0.06092  
  8  0.0000 1091706.188994  x:  0.15706   3.73245   0.06092  

5 (And_mar) ... 3 (And_hae)
  0  0.0000 1089377.669458  x:  0.13878   3.31112   0.08422  
  1 99.0000 1089157.075228  x:  0.15416   3.31135   0.06890  
  2 20386.2665 1089131.001164  x:  0.15138   3.31151   0.06266  
  3 8341.2291 1089109.048926  x:  0.15124   3.64034   0.06423  
  4 144.2696 1089108.355165  x:  0.15022   3.63142   0.06450  
  5  0.0094 1089108.354332  x:  0.15022   3.62955   0.06447  
  6  0.0017 1089108.354328  x:  0.15022   3.62949   0.06448  

5 (And_mar) ... 4 (And_hat)
  0  0.0000 1065500.652168  x:  0.09520   3.40309   0.04850  
  1 99.0000 1065113.198141  x:  0.11378   3.40308   0.05681  
  2 40676.0332 1065093.035977  x:  0.11193   3.40309   0.06351  
  3 6263.5559 1065091.682998  x:  0.11190   3.49353   0.06383  
  4 30.5483 1065091.669391  x:  0.11202   3.49308   0.06379  
  5  0.0004 1065091.669354  x:  0.11202   3.49315   0.06380  
  6  0.0001 1065091.669354  x:  0.11202   3.49314   0.06380  
  7  0.0000 1065091.669354  x:  0.11202   3.49315   0.06380  

6 (And_tri) ... 1 (And_bic)
  0  0.0000 1066627.559687  x:  0.11675   3.27121   0.13723  
  1 99.0000 1065906.096183  x:  0.09571   3.27140   0.09272  
  2 26690.0615 1065412.143040  x:  0.10222   3.27151   0.05509  
  3 65970.2772 1065403.540960  x:  0.10196   3.06944   0.05374  
  4 77.7540 1065288.062399  x:  0.11136   2.93014   0.06000  
  5  0.1865 1065281.958270  x:  0.11261   2.98136   0.05710  
  6  0.0739 1065281.943278  x:  0.11267   2.97450   0.05702  
  7  0.0078 1065281.943083  x:  0.11268   2.97467   0.05703  
  8  0.0002 1065281.943082  x:  0.11268   2.97469   0.05703  
  9  0.0000 1065281.943082  x:  0.11268   2.97469   0.05703  
 10  0.0000 1065281.943082  x:  0.11268   2.97469   0.05703  
 11  0.0000 1065281.943082  x:  0.11268   2.97469   0.05703  
 12  0.0000 1065281.943082  x:  0.11268   2.97469   0.05703  
 13  0.0081 1065281.943082  x:  0.11268   2.97469   0.05703  
check convergence!


6 (And_tri) ... 2 (And_ful)
  0  0.0000 1087983.844112  x:  0.15858   2.68959   0.07530  
  1 99.0000 1087711.052218  x:  0.14718   2.69026   0.05626  
  2 22699.1933 1087700.975134  x:  0.15013   2.69074   0.05349  
  3 5115.0555 1087494.409637  x:  0.15085   3.56136   0.05861  
  4 567.3965 1087493.428079  x:  0.15053   3.56152   0.05738  
  5  0.0014 1087493.412848  x:  0.15068   3.56187   0.05732  
  6  0.0004 1087493.412807  x:  0.15068   3.56231   0.05732  
  7  0.0003 1087493.412806  x:  0.15068   3.56233   0.05732  
  8  0.0000 1087493.412806  x:  0.15068   3.56232   0.05732  

6 (And_tri) ... 3 (And_hae)
  0  0.0000 1086159.513704  x:  0.13598   3.07642   0.05848  
  1 99.0000 1086088.856215  x:  0.14587   3.07656   0.05979  
  2 14520.6671 1086088.738720  x:  0.14595   3.07685   0.05933  
  3 425.4498 1086043.449279  x:  0.14594   3.51805   0.06135  
  4 306.1290 1086043.429678  x:  0.14600   3.51677   0.06116  
  5  0.0012 1086043.429676  x:  0.14600   3.51668   0.06116  
  6  0.0001 1086043.429676  x:  0.14600   3.51668   0.06116  

6 (And_tri) ... 4 (And_hat)
  0  0.0000 1066011.350010  x:  0.09628   3.14890   0.15634  
  1 99.0000 1065441.489216  x:  0.12162   3.14924   0.13427  
  2 37164.6541 1064180.284377  x:  0.12091   3.15033   0.05830  
  3 41787.1318 1064166.019405  x:  0.12067   3.39905   0.06075  
  4 110.1920 1064096.061263  x:  0.11226   3.44573   0.05687  
  5  0.0451 1064091.954387  x:  0.11141   3.41355   0.05962  
  6  0.0759 1064091.942426  x:  0.11147   3.40650   0.05958  
  7  0.0066 1064091.942331  x:  0.11146   3.40617   0.05957  
  8  0.0003 1064091.942330  x:  0.11146   3.40617   0.05957  

6 (And_tri) ... 5 (And_mar)
  0  0.0000 1064794.772015  x:  0.09587   2.96417   0.16975  
  1 99.0000 1064248.970027  x:  0.12087   2.96455   0.14153  
  2 31629.8077 1062932.119793  x:  0.11997   2.96557   0.06045  
  3 52012.2053 1062930.740742  x:  0.11984   3.04274   0.06132  
  4 29.0054 1062803.418708  x:  0.10785   3.00012   0.06046  
  5  0.0499 1062803.118761  x:  0.10781   2.98734   0.06123  
  6  0.0329 1062803.114728  x:  0.10782   2.98355   0.06117  
  7  0.0039 1062803.114727  x:  0.10782   2.98356   0.06117  
  8  0.0000 1062803.114727  x:  0.10782   2.98356   0.06117  
  9  0.0000 1062803.114727  x:  0.10782   2.98356   0.06117  
 10  0.0000 1062803.114727  x:  0.10782   2.98356   0.06117  
 11  0.0000 1062803.114727  x:  0.10782   2.98356   0.06117  
check convergence!


7 (Bom_pas) ... 1 (And_bic)
  0  0.0000 1340039.484009  x:  1.31978   2.94533   0.12275  
  1 99.0000 1325940.177502  x:  1.30926   2.94678   0.04467  
  2 237038.2933 1325415.781776  x:  1.16352   2.99372   0.06017  
  3 7642.7600 1324745.776723  x:  1.26517   3.98266   0.05820  
  4 1644.7020 1324143.707346  x:  1.11922   4.00105   0.05702  
  5  0.2076 1324115.602600  x:  1.14730   4.05300   0.05393  
  6  0.0700 1324115.046540  x:  1.14490   4.06908   0.05385  
  7  0.0152 1324114.995882  x:  1.14557   4.07747   0.05390  
  8  0.0062 1324114.995563  x:  1.14568   4.07776   0.05389  
  9  0.0003 1324114.995563  x:  1.14568   4.07776   0.05389  
 10  0.0000 1324114.995563  x:  1.14568   4.07776   0.05389  
check convergence!


7 (Bom_pas) ... 2 (And_ful)
  0  0.0000 1349889.183818  x:  1.23413   3.68944   0.17590  
  1 99.0000 1328042.991029  x:  1.21400   3.69105   0.05061  
  2 206696.7755 1328030.211777  x:  1.20079   3.69766   0.05269  
  3 1761.0749 1327834.314772  x:  1.24333   4.32974   0.05192  
  4 788.2013 1327815.304264  x:  1.21287   4.31370   0.05201  
  5  0.0409 1327815.300384  x:  1.21237   4.31337   0.05203  
  6  0.0006 1327815.300383  x:  1.21237   4.31337   0.05203  

7 (Bom_pas) ... 3 (And_hae)
  0  0.0000 1339380.778075  x:  1.01686   3.77878   0.17041  
  1 99.0000 1324996.970142  x:  1.00413   3.77976   0.06015  
  2 168605.7215 1324854.487425  x:  1.04768   3.78065   0.05349  
  3 6254.3712 1324770.544888  x:  1.06807   4.19197   0.05372  
  4 432.3374 1324566.544527  x:  1.13680   4.16989   0.05575  
  5  0.1253 1324558.778276  x:  1.15123   4.19038   0.05411  
  6  0.0208 1324558.679817  x:  1.15306   4.20002   0.05414  
  7  0.0084 1324558.679707  x:  1.15309   4.20028   0.05413  
  8  0.0003 1324558.679706  x:  1.15309   4.20029   0.05413  
  9  0.0000 1324558.679706  x:  1.15309   4.20029   0.05413  
 10  0.0000 1324558.679706  x:  1.15309   4.20029   0.05413  

7 (Bom_pas) ... 4 (And_hat)
  0  0.0000 1332971.807065  x:  1.04914   3.70084   0.12902  
  1 99.0000 1324528.594877  x:  1.04284   3.70143   0.05749  
  2 168539.0118 1324430.386109  x:  1.08972   3.70553   0.05225  
  3 4086.3294 1324293.807094  x:  1.11658   4.22699   0.05247  
  4 571.3281 1324224.269074  x:  1.15326   4.22482   0.05420  
  5  0.0648 1324221.601902  x:  1.16282   4.22981   0.05328  
  6  0.0089 1324221.587345  x:  1.16342   4.23475   0.05329  
  7  0.0042 1324221.587299  x:  1.16341   4.23491   0.05329  
  8  0.0001 1324221.587299  x:  1.16341   4.23491   0.05329  

7 (Bom_pas) ... 5 (And_mar)
  0  0.0000 1329181.741100  x:  1.26851   3.67936   0.08947  
  1 99.0000 1324224.639203  x:  1.26445   3.67973   0.04823  
  2 185891.6168 1323897.717004  x:  1.13411   3.70304   0.05782  
  3 4837.9675 1323818.347444  x:  1.16756   4.08792   0.05705  
  4 437.4184 1323742.105856  x:  1.13472   4.09535   0.05472  
  5  0.0500 1323740.887429  x:  1.14127   4.09631   0.05411  
  6  0.0079 1323740.886667  x:  1.14127   4.09524   0.05411  
  7  0.0009 1323740.886661  x:  1.14126   4.09518   0.05411  

7 (Bom_pas) ... 6 (And_tri)
  0  0.0000 1337070.332909  x:  1.08541   3.41617   0.14956  
  1 99.0000 1323875.036268  x:  1.07348   3.41734   0.05521  
  2 184200.4674 1323860.344766  x:  1.09017   3.42747   0.05307  
  3 1475.3397 1323614.886867  x:  1.12282   4.08017   0.05407  
  4 1192.2378 1323605.644510  x:  1.14127   4.07941   0.05409  
  5  0.0275 1323605.233135  x:  1.14376   4.08202   0.05372  
  6  0.0035 1323605.231159  x:  1.14400   4.08391   0.05371  
  7  0.0015 1323605.231149  x:  1.14398   4.08396   0.05371  
  8  0.0001 1323605.231149  x:  1.14398   4.08396   0.05371  