Supplemental results for CODEML (seqf: /home/yzliu/eDNA/faststorage/yzliu/DK_proj/data/ref_genome/ref_annotation/primary_transcripts/extracted_cds_new/new_transcript_id_8_bom_apis/bootstraps/cat.out.OG_cds_8_species_same_header_fas.shuf_211OG_641.phy  treef: xxx.trees)


pairwise comparison (Goldman & Yang 1994)
seq seq        N       S       dN       dS     dN/dS   Paras.
  2   1 174603.9  55790.1   0.0467   0.5762   0.0811   0.5248   4.0959   0.0811 -396438.485
  3   1 174457.1  55936.9   0.0469   0.5991   0.0783   0.5429   4.0657   0.0783 -397594.873
  3   2 170640.8  59753.2   0.0124   0.1140   0.1092   0.1163   5.0541   0.1092 -342419.755
  4   1 174695.5  55698.5   0.0457   0.5861   0.0779   0.5290   4.1149   0.0779 -395926.774
  4   2 170281.4  60112.6   0.0111   0.1007   0.1103   0.1035   5.6253   0.1103 -339006.092
  4   3 171101.5  59292.5   0.0072   0.0672   0.1072   0.0679   4.7880   0.1072 -330233.127
  5   1 174680.0  55714.0   0.0464   0.5947   0.0781   0.5371   4.1374   0.0781 -396594.769
  5   2 170327.9  60066.1   0.0124   0.1073   0.1152   0.1113   5.6014   0.1152 -340993.682
  5   3 171196.0  59198.0   0.0082   0.0698   0.1183   0.0722   4.7334   0.1183 -331649.199
  5   4 170759.2  59634.8   0.0072   0.0634   0.1130   0.0652   5.3183   0.1130 -329194.822
  6   1 174680.1  55713.9   0.0466   0.5911   0.0788   0.5348   4.1373   0.0788 -396582.645
  6   2 170358.4  60035.6   0.0126   0.1073   0.1170   0.1117   5.5742   0.1170 -341160.674
  6   3 171107.9  59286.1   0.0085   0.0683   0.1240   0.0716   4.7982   0.1240 -331590.618
  6   4 170490.8  59903.2   0.0075   0.0617   0.1216   0.0648   5.5586   0.1216 -329181.185
  6   5 170009.0  60385.0   0.0028   0.0203   0.1366   0.0221   6.0526   0.1366 -315538.687
  7   1 174763.0  55631.0   0.0467   0.5897   0.0793   0.5335   4.1149   0.0793 -396641.183
  7   2 170451.6  59942.4   0.0122   0.1090   0.1122   0.1122   5.5285   0.1122 -341186.583
  7   3 170976.8  59417.2   0.0078   0.0706   0.1098   0.0719   4.9287   0.1098 -331319.007
  7   4 170312.6  60081.4   0.0069   0.0645   0.1068   0.0658   5.7685   0.1068 -329102.466
  7   5 170613.7  59780.3   0.0072   0.0609   0.1183   0.0634   5.5047   0.1183 -328774.624
  7   6 170584.8  59809.2   0.0074   0.0592   0.1257   0.0626   5.5321   0.1257 -328677.181
  8   1 174642.2  55751.8   0.0464   0.5918   0.0784   0.5352   4.1510   0.0784 -396472.582
  8   2 170117.4  60276.6   0.0122   0.1071   0.1135   0.1110   5.7855   0.1135 -340822.700
  8   3 170932.0  59462.0   0.0081   0.0685   0.1181   0.0710   4.9174   0.1181 -331303.848
  8   4 170310.8  60083.2   0.0072   0.0623   0.1149   0.0646   5.7104   0.1149 -329006.433
  8   5 169828.5  60565.5   0.0023   0.0191   0.1224   0.0202   6.2254   0.1224 -314713.019
  8   6 169640.7  60753.3   0.0027   0.0193   0.1408   0.0213   6.4376   0.1408 -315246.673
  8   7 170259.9  60134.1   0.0071   0.0594   0.1200   0.0623   5.8240   0.1200 -328448.802

