

2 (And_ful) ... 1 (And_bic)
  0  0.0000 1075584.842282  x:  0.16877   1.34825   0.44063  
  1 99.0000 1072885.684584  x:  0.11450   1.37183   0.33403  
  2 38799.0853 1063347.847205  x:  0.10491   1.43121   0.05726  
  3 205430.9261 1061655.694943  x:  0.11323   2.36603   0.12381  
  4 5019.0385 1058735.784260  x:  0.13673   2.84379   0.05195  
  5  1.2683 1058187.811666  x:  0.15642   3.02024   0.07483  
  6  0.1861 1058022.277286  x:  0.16742   3.24398   0.06202  
  7  0.2032 1057995.145890  x:  0.16518   3.55745   0.06506  
  8  0.0700 1057994.655061  x:  0.16546   3.56864   0.06419  
  9  0.0114 1057994.654416  x:  0.16546   3.57037   0.06420  
 10  0.0015 1057994.654414  x:  0.16546   3.57037   0.06420  

3 (And_hae) ... 1 (And_bic)
  0  0.0000 1057182.075380  x:  0.16778   3.13995   0.18867  
  1 99.0000 1055498.094672  x:  0.12686   3.14120   0.12168  
  2 38299.3943 1054370.030824  x:  0.13436   3.14223   0.06259  
  3 76662.6526 1054305.316336  x:  0.13581   3.67127   0.06734  
  4 263.1753 1054016.975192  x:  0.15625   3.45091   0.06763  
  5  0.2373 1054015.576293  x:  0.15646   3.46952   0.06603  
  6  0.0336 1054015.574478  x:  0.15651   3.47035   0.06604  
  7  0.0007 1054015.574478  x:  0.15651   3.47035   0.06604  
  8  0.0000 1054015.574478  x:  0.15651   3.47035   0.06604  

3 (And_hae) ... 2 (And_ful)
  0  0.0000 1050356.252825  x:  0.12101   3.01153   0.09394  
  1 99.0000 1049595.913117  x:  0.15362   3.01194   0.08140  
  2 47729.9884 1049461.076340  x:  0.15226   3.01263   0.06358  
  3 14951.9989 1049285.528673  x:  0.15196   3.91322   0.06908  
  4 447.2287 1049283.005903  x:  0.15081   3.92618   0.06728  
  5  0.0134 1049282.924849  x:  0.15053   3.93216   0.06757  
  6  0.0054 1049282.924449  x:  0.15053   3.93371   0.06756  
  7  0.0010 1049282.924448  x:  0.15053   3.93372   0.06757  

4 (And_hat) ... 1 (And_bic)
  0  0.0000 1034095.619487  x:  0.12688   3.43148   0.17236  
  1 99.0000 1033466.335488  x:  0.10303   3.43186   0.13882  
  2 28468.5089 1032464.536524  x:  0.10817   3.43258   0.06844  
  3 53974.6402 1032462.357554  x:  0.10834   3.55080   0.06951  
  4 32.1334 1032355.619828  x:  0.11904   3.41412   0.07121  
  5  0.1781 1032354.431756  x:  0.11929   3.43652   0.06957  
  6  0.0474 1032354.428805  x:  0.11933   3.43972   0.06958  
  7  0.0031 1032354.428794  x:  0.11933   3.43956   0.06958  
  8  0.0002 1032354.428794  x:  0.11933   3.43956   0.06958  
  9  0.0000 1032354.428794  x:  0.11933   3.43956   0.06958  

4 (And_hat) ... 2 (And_ful)
  0  0.0000 1056367.810650  x:  0.13795   3.27024   0.18287  
  1 99.0000 1054547.316810  x:  0.19298   3.27204   0.09919  
  2 38143.1919 1053828.811476  x:  0.18726   3.27290   0.05823  
  3 65886.9748 1053652.559212  x:  0.18437   4.27424   0.06522  
  4 404.8175 1053285.369726  x:  0.15781   4.07196   0.06658  
  5  0.2128 1053283.392736  x:  0.15795   3.96796   0.06702  
  6  0.0942 1053283.300514  x:  0.15799   3.95810   0.06659  
  7  0.0119 1053283.300501  x:  0.15799   3.95829   0.06659  
  8  0.0002 1053283.300501  x:  0.15799   3.95829   0.06659  

4 (And_hat) ... 3 (And_hae)
  0  0.0000 1049957.662574  x:  0.16314   3.62919   0.10623  
  1 99.0000 1049462.574264  x:  0.14093   3.62947   0.08137  
  2 27820.4788 1049356.608525  x:  0.14690   3.62968   0.06641  
  3 15469.0318 1049341.679163  x:  0.14722   3.92839   0.06794  
  4 104.6683 1049338.202395  x:  0.14934   3.91565   0.06893  
  5  0.0153 1049338.166490  x:  0.14944   3.91533   0.06866  
  6  0.0005 1049338.166481  x:  0.14944   3.91510   0.06866  
  7  0.0002 1049338.166481  x:  0.14944   3.91510   0.06866  
  8  0.0000 1049338.166481  x:  0.14944   3.91510   0.06866  
  9  0.0000 1049338.166481  x:  0.14944   3.91510   0.06866  
check convergence!


5 (And_mar) ... 1 (And_bic)
  0  0.0000 1012923.440531  x:  0.07319   3.57622   0.16421  
  1 99.0000 1012556.489944  x:  0.09023   3.57624   0.15702  
  2 42949.7058 1011541.114111  x:  0.09041   3.57644   0.06916  
  3 19806.1387 1011510.917446  x:  0.09051   3.12803   0.06476  
  4 124.5700 1011507.448214  x:  0.08954   3.09298   0.06750  
  5  0.0586 1011505.816069  x:  0.08853   3.11232   0.06646  
  6  0.0277 1011505.814488  x:  0.08854   3.11050   0.06639  
  7  0.0021 1011505.814469  x:  0.08854   3.11075   0.06639  
  8  0.0003 1011505.814469  x:  0.08854   3.11075   0.06639  
  9  0.0000 1011505.814469  x:  0.08854   3.11075   0.06639  

5 (And_mar) ... 2 (And_ful)
  0  0.0000 1059643.890313  x:  0.16155   2.87335   0.17614  
  1 99.0000 1056931.967122  x:  0.14345   2.87634   0.06743  
  2 35188.5607 1056749.374223  x:  0.15570   2.87689   0.05508  
  3 31294.5698 1056537.002799  x:  0.16002   3.73595   0.06411  
  4 563.6469 1056531.734750  x:  0.16237   3.68407   0.06550  
  5  0.0990 1056531.245640  x:  0.16287   3.67866   0.06462  
  6  0.0049 1056531.243970  x:  0.16286   3.67584   0.06460  
  7  0.0021 1056531.243956  x:  0.16286   3.67581   0.06460  
  8  0.0000 1056531.243956  x:  0.16286   3.67581   0.06460  

5 (And_mar) ... 3 (And_hae)
  0  0.0000 1052238.751115  x:  0.16448   3.30301   0.05434  
  1 99.0000 1052089.147133  x:  0.15296   3.30308   0.06690  
  2 18129.7694 1052088.991893  x:  0.15257   3.30318   0.06657  
  3 594.0573 1052075.443325  x:  0.15274   3.56281   0.06756  
  4 117.0300 1052075.426532  x:  0.15269   3.55407   0.06753  
  5  0.0078 1052075.426517  x:  0.15269   3.55398   0.06754  
  6  0.0001 1052075.426517  x:  0.15269   3.55398   0.06754  
  7  0.0000 1052075.426517  x:  0.15269   3.55398   0.06754  

5 (And_mar) ... 4 (And_hat)
  0  0.0000 1030065.362376  x:  0.12470   3.24795   0.12644  
  1 99.0000 1029683.149055  x:  0.10569   3.24821   0.10757  
  2 26882.9122 1029301.169621  x:  0.11054   3.24878   0.06842  
  3 26308.4453 1029284.653206  x:  0.11076   3.55794   0.07078  
  4 112.5136 1029272.436426  x:  0.11450   3.53929   0.07091  
  5  0.0202 1029272.410315  x:  0.11450   3.54002   0.07063  
  6  0.0012 1029272.410164  x:  0.11449   3.53956   0.07063  
  7  0.0004 1029272.410163  x:  0.11449   3.53952   0.07063  

6 (And_tri) ... 1 (And_bic)
  0  0.0000 1029699.962341  x:  0.10546   3.35540   0.05702  
  1 99.0000 1029598.981916  x:  0.11559   3.35529   0.06098  
  2 19172.6748 1029593.889778  x:  0.11479   3.35505   0.06451  
  3 2953.2232 1029551.183243  x:  0.11485   2.90938   0.06276  
  4 175.9490 1029551.139697  x:  0.11485   2.90424   0.06243  
  5  0.0052 1029551.139449  x:  0.11484   2.90511   0.06242  
  6  0.0011 1029551.139446  x:  0.11484   2.90508   0.06242  
  7  0.0000 1029551.139446  x:  0.11484   2.90508   0.06242  
  8  0.0000 1029551.139446  x:  0.11484   2.90508   0.06242  
  9  0.0000 1029551.139446  x:  0.11484   2.90508   0.06242  
 10  0.0215 1029551.139446  x:  0.11484   2.90508   0.06242  
 11  0.0805 1029551.139446  x:  0.11484   2.90508   0.06242  
 12  0.0212 1029551.139446  x:  0.11484   2.90508   0.06242  
check convergence!


6 (And_tri) ... 2 (And_ful)
  0  0.0000 1056153.383999  x:  0.16939   2.84851   0.17396  
  1 99.0000 1054285.574108  x:  0.12736   2.85026   0.10504  
  2 40860.9807 1053344.803794  x:  0.13524   2.85147   0.05670  
  3 73197.6919 1053155.549967  x:  0.13795   3.71001   0.06440  
  4 506.8258 1052918.393561  x:  0.15686   3.53330   0.06301  
  5  0.1887 1052917.843956  x:  0.15687   3.52856   0.06198  
  6  0.0073 1052917.811653  x:  0.15684   3.51619   0.06195  
  7  0.0101 1052917.811596  x:  0.15683   3.51624   0.06195  
  8  0.0000 1052917.811596  x:  0.15683   3.51624   0.06195  

6 (And_tri) ... 3 (And_hae)
  0  0.0000 1051156.761849  x:  0.15748   3.24798   0.13953  
  1 99.0000 1050089.045387  x:  0.12952   3.24860   0.08744  
  2 32208.2966 1049735.618180  x:  0.13860   3.24891   0.06029  
  3 41650.6627 1049722.158105  x:  0.13919   3.50375   0.06204  
  4 111.6027 1049653.132740  x:  0.14806   3.38756   0.06651  
  5  0.1530 1049651.166716  x:  0.14885   3.40042   0.06469  
  6  0.0152 1049651.165087  x:  0.14886   3.39790   0.06466  
  7  0.0025 1049651.165086  x:  0.14886   3.39788   0.06466  
  8  0.0000 1049651.165086  x:  0.14886   3.39788   0.06466  
  9  0.0000 1049651.165086  x:  0.14886   3.39788   0.06466  

6 (And_tri) ... 4 (And_hat)
  0  0.0000 1030434.808271  x:  0.10521   2.93275   0.17384  
  1 99.0000 1029504.886546  x:  0.13817   2.93424   0.10748  
  2 26019.9673 1028859.633979  x:  0.13340   2.93525   0.06109  
  3 77222.4336 1028773.859062  x:  0.13157   3.61620   0.06738  
  4 279.5260 1028523.057431  x:  0.11369   3.46837   0.06729  
  5  0.1659 1028522.024721  x:  0.11376   3.40092   0.06787  
  6  0.0716 1028521.951361  x:  0.11380   3.39011   0.06743  
  7  0.0135 1028521.951347  x:  0.11379   3.39028   0.06743  
  8  0.0002 1028521.951347  x:  0.11379   3.39029   0.06743  
  9  0.0000 1028521.951347  x:  0.11379   3.39028   0.06743  
 10  0.0000 1028521.951347  x:  0.11379   3.39028   0.06743  

6 (And_tri) ... 5 (And_mar)
  0  0.0000 1027692.763367  x:  0.11123   3.07981   0.13025  
  1 99.0000 1027090.274822  x:  0.09740   3.08018   0.08002  
  2 20166.8007 1026922.458854  x:  0.10505   3.08029   0.06156  
  3 42175.5695 1026921.866264  x:  0.10499   3.02771   0.06119  
  4 15.3842 1026888.127172  x:  0.10935   2.96378   0.06702  
  5  0.1485 1026887.221898  x:  0.11003   2.98115   0.06595  
  6  0.0178 1026887.218301  x:  0.11003   2.97752   0.06590  
  7  0.0038 1026887.218295  x:  0.11003   2.97754   0.06589  

7 (Bom_pas) ... 1 (And_bic)
  0  0.0000 1297614.932690  x:  1.13467   2.92696   0.14688  
  1 99.0000 1285312.621124  x:  1.12174   2.92884   0.05632  
  2 180382.3076 1285243.501846  x:  1.08299   2.96289   0.06175  
  3 2784.5354 1284541.264206  x:  1.17707   3.97557   0.06003  
  4 2470.5296 1284481.227839  x:  1.14082   3.99243   0.05859  
  5  0.0600 1284481.008342  x:  1.13878   4.00072   0.05884  
  6  0.0079 1284481.000274  x:  1.13932   4.00436   0.05882  
  7  0.0025 1284481.000229  x:  1.13929   4.00442   0.05882  

7 (Bom_pas) ... 2 (And_ful)
  0  0.0000 1308540.578278  x:  1.39971   3.52181   0.15356  
  1 99.0000 1289171.357967  x:  1.38368   3.52343   0.04791  
  2 223845.7375 1288975.624478  x:  1.31096   3.54209   0.05727  
  3 5747.9382 1288614.739207  x:  1.38489   4.40649   0.05555  
  4 964.3848 1288169.051851  x:  1.21053   4.27423   0.05792  
  5  0.2503 1288159.573651  x:  1.22637   4.32209   0.05605  
  6  0.0506 1288159.291700  x:  1.22291   4.32345   0.05605  
  7  0.0045 1288159.288286  x:  1.22300   4.32605   0.05606  
  8  0.0020 1288159.288277  x:  1.22302   4.32611   0.05606  

7 (Bom_pas) ... 3 (And_hae)
  0  0.0000 1304271.768324  x:  1.29709   3.65470   0.16695  
  1 99.0000 1285303.790084  x:  1.27757   3.65628   0.05202  
  2 200297.0419 1285184.193582  x:  1.22711   3.66639   0.05944  
  3 4931.8292 1285025.688949  x:  1.26785   4.22762   0.05850  
  4 616.0853 1284756.301046  x:  1.14667   4.14011   0.05996  
  5  0.1900 1284752.152764  x:  1.15588   4.17149   0.05869  
  6  0.0328 1284752.091726  x:  1.15434   4.17177   0.05869  
  7  0.0018 1284752.091505  x:  1.15435   4.17240   0.05869  
  8  0.0005 1284752.091505  x:  1.15436   4.17241   0.05869  

7 (Bom_pas) ... 4 (And_hat)
  0  0.0000 1300821.132326  x:  1.21534   3.67793   0.16175  
  1 99.0000 1285007.378794  x:  1.19877   3.67925   0.05514  
  2 187305.1822 1284971.801997  x:  1.17316   3.68686   0.05884  
  3 2580.7074 1284837.225939  x:  1.20855   4.20301   0.05813  
  4 585.7983 1284786.246679  x:  1.16154   4.18067   0.05817  
  5  0.0726 1284786.206552  x:  1.16178   4.18456   0.05807  
  6  0.0037 1284786.206302  x:  1.16181   4.18524   0.05807  

7 (Bom_pas) ... 5 (And_mar)
  0  0.0000 1306040.407464  x:  1.24437   3.75456   0.19269  
  1 99.0000 1283850.342936  x:  1.21755   3.75634   0.05454  
  2 186275.2184 1283804.953757  x:  1.19224   3.76025   0.05899  
  3 3642.0242 1283758.233871  x:  1.21131   4.06155   0.05862  
  4 323.8018 1283614.591666  x:  1.12472   3.99531   0.05992  
  5  0.1346 1283613.609431  x:  1.12852   4.01353   0.05933  
  6  0.0181 1283613.603022  x:  1.12799   4.01317   0.05933  
  7  0.0007 1283613.603022  x:  1.12799   4.01318   0.05933  
  8  0.0000 1283613.603022  x:  1.12799   4.01318   0.05933  

7 (Bom_pas) ... 6 (And_tri)
  0  0.0000 1292754.196002  x:  0.97268   3.65518   0.15074  
  1 99.0000 1284141.580918  x:  0.96628   3.65583   0.06723  
  2 144124.3132 1283798.108333  x:  1.04453   3.65596   0.05658  
  3 8490.4158 1283722.293313  x:  1.06306   4.03575   0.05700  
  4 420.2602 1283529.511570  x:  1.11714   4.00433   0.06049  
  5  0.1224 1283517.257551  x:  1.13789   4.02057   0.05835  
  6  0.0201 1283517.175248  x:  1.13924   4.03037   0.05840  
  7  0.0086 1283517.175095  x:  1.13929   4.03058   0.05839  
  8  0.0002 1283517.175095  x:  1.13929   4.03059   0.05839  