Supplemental results for CODEML (seqf: /home/yzliu/eDNA/faststorage/yzliu/DK_proj/data/ref_genome/ref_annotation/primary_transcripts/extracted_cds_new/new_transcript_id_7_and_pas/bootstraps/cat.out.OG_cds_7_species_same_header_fas.shuf_537OG_419.phy  treef: xxx.trees)


pairwise comparison (Goldman & Yang 1994)
seq seq        N       S       dN       dS     dN/dS   Paras.
  2   1 490834.7 192937.3   0.0100   0.1721   0.0580   0.1671   3.6933   0.0580 -1056781.530
  3   1 490601.7 193170.3   0.0095   0.1642   0.0576   0.1596   3.6029   0.0576 -1053005.962
  3   2 489937.2 193834.8   0.0097   0.1552   0.0626   0.1529   3.8830   0.0626 -1049414.298
  4   1 490470.3 193301.7   0.0075   0.1221   0.0610   0.1196   3.6062   0.0610 -1030409.495
  4   2 488767.5 195004.5   0.0098   0.1602   0.0610   0.1580   4.0405   0.0610 -1051710.509
  4   3 488026.5 195745.5   0.0094   0.1533   0.0612   0.1517   4.0010   0.0612 -1048554.223
  5   1 494290.1 189481.9   0.0055   0.0932   0.0589   0.0894   3.1054   0.0589 -1010765.851
  5   2 490919.1 192852.9   0.0100   0.1675   0.0597   0.1633   3.6525   0.0597 -1055324.874
  5   3 491081.2 192690.8   0.0095   0.1588   0.0597   0.1547   3.5172   0.0597 -1051133.969
  5   4 491286.9 192485.1   0.0074   0.1161   0.0633   0.1139   3.4784   0.0633 -1027510.069
  6   1 495849.5 187922.5   0.0068   0.1214   0.0560   0.1149   2.9485   0.0560 -1027975.296
  6   2 491436.5 192335.5   0.0093   0.1629   0.0570   0.1575   3.5934   0.0570 -1051613.713
  6   3 491505.6 192266.4   0.0089   0.1554   0.0576   0.1504   3.4719   0.0576 -1048305.412
  6   4 491483.2 192288.8   0.0070   0.1166   0.0597   0.1134   3.4617   0.0597 -1026633.226
  6   5 496128.7 187643.3   0.0068   0.1157   0.0587   0.1100   2.9034   0.0587 -1025430.472
  7   1 489307.4 194464.6   0.0645   1.1998   0.0538   1.1622   4.1626   0.0538 -1276411.086
  7   2 485826.0 197946.0   0.0658   1.2648   0.0520   1.2386   4.4580   0.0520 -1280618.334
  7   3 487846.6 195925.4   0.0650   1.2049   0.0539   1.1749   4.3135   0.0539 -1277033.061
  7   4 487819.7 195952.3   0.0646   1.2071   0.0535   1.1760   4.3221   0.0535 -1276485.550
  7   5 489605.6 194166.4   0.0645   1.1874   0.0543   1.1501   4.1473   0.0543 -1275714.725
  7   6 489322.1 194449.9   0.0643   1.1970   0.0537   1.1593   4.1874   0.0537 -1275691.569

