Supplemental results for CODEML (seqf: /home/yzliu/eDNA/faststorage/yzliu/DK_proj/data/ref_genome/ref_annotation/primary_transcripts/extracted_cds_new/new_transcript_id_8_bom_apis/bootstraps/cat.out.OG_cds_8_species_same_header_fas.shuf_211OG_184.phy  treef: xxx.trees)


pairwise comparison (Goldman & Yang 1994)
seq seq        N       S       dN       dS     dN/dS   Paras.
  2   1 350039.2 115458.8   0.0495   0.5803   0.0853   0.5434   4.0775   0.0853 -808760.548
  3   1 349600.9 115897.1   0.0498   0.5968   0.0835   0.5580   4.1085   0.0835 -810596.029
  3   2 341967.3 123530.7   0.0119   0.1095   0.1084   0.1133   5.0182   0.1084 -692522.280
  4   1 350271.8 115226.2   0.0489   0.5912   0.0827   0.5494   4.1130   0.0827 -808298.540
  4   2 342177.0 123321.0   0.0112   0.1019   0.1104   0.1058   5.1859   0.1104 -688606.822
  4   3 341737.4 123760.6   0.0068   0.0627   0.1079   0.0649   5.2332   0.1079 -667487.699
  5   1 350393.0 115105.0   0.0495   0.5932   0.0835   0.5519   4.0886   0.0835 -809148.913
  5   2 342396.8 123101.2   0.0122   0.1073   0.1133   0.1120   5.1155   0.1133 -691657.025
  5   3 342843.8 122654.2   0.0075   0.0634   0.1177   0.0666   4.8243   0.1177 -668875.230
  5   4 342454.7 123043.3   0.0071   0.0628   0.1137   0.0656   5.2217   0.1137 -667579.755
  6   1 350337.8 115160.2   0.0497   0.5952   0.0835   0.5540   4.0969   0.0835 -809467.088
  6   2 342141.3 123356.7   0.0126   0.1088   0.1157   0.1143   5.2078   0.1157 -692840.131
  6   3 342351.1 123146.9   0.0079   0.0636   0.1242   0.0679   4.9983   0.1242 -669748.460
  6   4 341874.9 123623.1   0.0078   0.0632   0.1230   0.0675   5.4562   0.1230 -668911.709
  6   5 340245.9 125252.1   0.0025   0.0201   0.1218   0.0216   6.2702   0.1218 -639068.193
  7   1 350474.7 115023.3   0.0507   0.5923   0.0855   0.5534   4.0882   0.0855 -810400.205
  7   2 342480.7 123017.3   0.0132   0.1102   0.1200   0.1166   5.1114   0.1200 -694406.744
  7   3 342068.7 123429.3   0.0079   0.0657   0.1206   0.0698   5.1469   0.1206 -670633.783
  7   4 341681.3 123816.7   0.0080   0.0639   0.1249   0.0685   5.5874   0.1249 -669554.658
  7   5 342658.8 122839.2   0.0079   0.0591   0.1343   0.0643   5.1868   0.1343 -667544.743
  7   6 342312.7 123185.3   0.0085   0.0594   0.1426   0.0658   5.3191   0.1426 -668693.012
  8   1 350241.1 115256.9   0.0497   0.5943   0.0836   0.5536   4.0981   0.0836 -809495.177
  8   2 342176.8 123321.2   0.0122   0.1077   0.1130   0.1124   5.1576   0.1130 -691920.782
  8   3 342661.1 122836.9   0.0075   0.0632   0.1188   0.0667   4.8500   0.1188 -669026.776
  8   4 342138.5 123359.5   0.0073   0.0630   0.1166   0.0663   5.3047   0.1166 -668161.726
  8   5 341747.8 123750.2   0.0021   0.0194   0.1075   0.0201   5.4923   0.1075 -637877.230
  8   6 340035.1 125462.9   0.0024   0.0202   0.1208   0.0217   6.3194   0.1208 -639176.289
  8   7 342543.3 122954.7   0.0079   0.0590   0.1345   0.0642   5.1866   0.1345 -667640.725

