Supplemental results for CODEML (seqf: /home/yzliu/eDNA/faststorage/yzliu/DK_proj/data/ref_genome/ref_annotation/primary_transcripts/extracted_cds_new/new_transcript_id_8_bom_apis/bootstraps/cat.out.OG_cds_8_species_same_header_fas.shuf_211OG_745.phy  treef: xxx.trees)


pairwise comparison (Goldman & Yang 1994)
seq seq        N       S       dN       dS     dN/dS   Paras.
  2   1 167786.5  57945.5   0.0595   0.5739   0.1037   0.5747   3.8782   0.1037 -401042.094
  3   1 167601.4  58130.6   0.0598   0.5891   0.1016   0.5884   3.9457   0.1016 -401735.092
  3   2 163739.3  61992.7   0.0152   0.1092   0.1393   0.1231   4.9634   0.1393 -340710.101
  4   1 167966.1  57765.9   0.0590   0.5828   0.1012   0.5790   3.9110   0.1012 -400713.816
  4   2 164167.2  61564.8   0.0140   0.1018   0.1373   0.1138   4.8464   0.1373 -338448.156
  4   3 163719.2  62012.8   0.0082   0.0621   0.1322   0.0690   5.1465   0.1322 -326847.775
  5   1 167931.0  57801.0   0.0598   0.5888   0.1016   0.5857   3.9316   0.1016 -401311.444
  5   2 164036.5  61695.5   0.0153   0.1097   0.1399   0.1234   4.9477   0.1399 -340705.643
  5   3 163834.8  61897.2   0.0088   0.0640   0.1375   0.0718   5.0532   0.1375 -327644.854
  5   4 163897.8  61834.2   0.0084   0.0642   0.1308   0.0710   5.2345   0.1308 -327156.551
  6   1 167948.0  57784.0   0.0602   0.5898   0.1020   0.5872   3.9259   0.1020 -401528.779
  6   2 164048.6  61683.4   0.0158   0.1103   0.1435   0.1250   4.9439   0.1435 -341112.059
  6   3 163607.4  62124.6   0.0091   0.0642   0.1411   0.0727   5.2463   0.1411 -327854.483
  6   4 163640.1  62091.9   0.0090   0.0643   0.1396   0.0726   5.4673   0.1396 -327647.255
  6   5 162973.1  62758.9   0.0028   0.0209   0.1315   0.0234   6.1259   0.1315 -312219.279
  7   1 168017.8  57714.2   0.0601   0.5855   0.1026   0.5832   3.9303   0.1026 -401301.738
  7   2 164056.7  61675.3   0.0155   0.1113   0.1396   0.1251   4.9896   0.1396 -341037.857
  7   3 163265.9  62466.1   0.0086   0.0652   0.1322   0.0729   5.6108   0.1322 -327675.213
  7   4 163550.4  62181.6   0.0083   0.0651   0.1282   0.0719   5.6154   0.1282 -327233.097
  7   5 163605.2  62126.8   0.0080   0.0597   0.1341   0.0667   5.5638   0.1341 -325867.573
  7   6 163504.2  62227.8   0.0084   0.0597   0.1416   0.0677   5.6663   0.1416 -326232.794
  8   1 167889.6  57842.4   0.0599   0.5894   0.1017   0.5868   3.9360   0.1017 -401411.542
  8   2 163872.1  61859.9   0.0154   0.1094   0.1410   0.1235   5.0532   0.1410 -340697.684
  8   3 163557.7  62174.3   0.0090   0.0629   0.1427   0.0715   5.2556   0.1427 -327597.082
  8   4 163571.9  62160.1   0.0086   0.0637   0.1355   0.0714   5.4930   0.1355 -327296.510
  8   5 163000.6  62731.4   0.0024   0.0189   0.1283   0.0210   6.0531   0.1283 -311348.713
  8   6 162693.4  63038.6   0.0027   0.0197   0.1359   0.0223   6.3990   0.1359 -311827.353
  8   7 163339.7  62392.3   0.0081   0.0580   0.1396   0.0657   5.7870   0.1396 -325673.185

