Supplemental results for CODEML (seqf: /home/yzliu/eDNA/faststorage/yzliu/DK_proj/data/ref_genome/ref_annotation/primary_transcripts/extracted_cds_new/new_transcript_id_7_and_pas/bootstraps/cat.out.OG_cds_7_species_same_header_fas.shuf_537OG_664.phy  treef: xxx.trees)


pairwise comparison (Goldman & Yang 1994)
seq seq        N       S       dN       dS     dN/dS   Paras.
  2   1 482396.0 189664.0   0.0098   0.1650   0.0596   0.1609   3.7374   0.0596 -1036370.974
  3   1 482878.9 189181.1   0.0097   0.1567   0.0617   0.1532   3.5319   0.0617 -1033410.142
  3   2 481092.0 190968.0   0.0099   0.1515   0.0652   0.1504   3.9909   0.0652 -1031122.287
  4   1 482483.8 189576.2   0.0074   0.1192   0.0618   0.1168   3.5832   0.0618 -1011893.645
  4   2 480681.6 191378.4   0.0095   0.1559   0.0608   0.1535   4.0560   0.0608 -1031787.640
  4   3 480066.5 191993.5   0.0094   0.1495   0.0630   0.1483   3.9761   0.0630 -1029839.269
  5   1 485766.0 186294.0   0.0058   0.0900   0.0643   0.0874   3.1312   0.0643 -993393.112
  5   2 482291.6 189768.4   0.0102   0.1634   0.0623   0.1603   3.7290   0.0623 -1036798.763
  5   3 482965.1 189094.9   0.0100   0.1534   0.0652   0.1511   3.5025   0.0652 -1033143.193
  5   4 483248.6 188811.4   0.0076   0.1149   0.0661   0.1132   3.4649   0.0661 -1010647.181
  6   1 487283.0 184777.0   0.0067   0.1182   0.0571   0.1122   2.9703   0.0571 -1009567.511
  6   2 483350.0 188710.0   0.0090   0.1588   0.0567   0.1532   3.5907   0.0567 -1031946.514
  6   3 483654.3 188405.7   0.0091   0.1522   0.0599   0.1477   3.4201   0.0599 -1030351.068
  6   4 484162.8 187897.2   0.0068   0.1155   0.0587   0.1115   3.3558   0.0587 -1008612.475
  6   5 487886.2 184173.8   0.0070   0.1149   0.0613   0.1098   2.8941   0.0613 -1008986.079
  7   1 481463.9 190596.1   0.0647   1.1606   0.0557   1.1264   3.9649   0.0557 -1256613.969
  7   2 478079.4 193980.6   0.0658   1.2304   0.0535   1.2059   4.2555   0.0535 -1260792.628
  7   3 480215.5 191844.5   0.0653   1.1611   0.0562   1.1343   4.0878   0.0562 -1257447.719
  7   4 479913.6 192146.4   0.0646   1.1710   0.0552   1.1429   4.1268   0.0552 -1256693.885
  7   5 481733.4 190326.6   0.0649   1.1512   0.0564   1.1177   3.9441   0.0564 -1256761.864
  7   6 481499.8 190560.2   0.0644   1.1584   0.0556   1.1238   3.9653   0.0556 -1256154.338

