Supplemental results for CODEML (seqf: /home/yzliu/eDNA/faststorage/yzliu/DK_proj/data/ref_genome/ref_annotation/primary_transcripts/extracted_cds_new/new_transcript_id_8_bom_apis/bootstraps/cat.out.OG_cds_8_species_same_header_fas.shuf_211OG_239.phy  treef: xxx.trees)


pairwise comparison (Goldman & Yang 1994)
seq seq        N       S       dN       dS     dN/dS   Paras.
  2   1 170056.8  56911.2   0.0521   0.5792   0.0900   0.5529   3.9292   0.0900 -397290.114
  3   1 169638.3  57329.7   0.0518   0.5939   0.0872   0.5662   4.0404   0.0872 -397610.285
  3   2 165965.3  61002.7   0.0126   0.1078   0.1170   0.1146   5.5423   0.1170 -338078.196
  4   1 170027.0  56941.0   0.0511   0.5870   0.0871   0.5567   3.9763   0.0871 -396748.502
  4   2 166495.5  60472.5   0.0123   0.1006   0.1227   0.1076   5.3165   0.1227 -336598.372
  4   3 165530.4  61437.6   0.0065   0.0600   0.1089   0.0630   6.0052   0.1089 -324839.621
  5   1 170044.9  56923.1   0.0517   0.5948   0.0869   0.5637   4.0000   0.0869 -397223.738
  5   2 166548.9  60419.1   0.0132   0.1052   0.1253   0.1131   5.3200   0.1253 -337884.201
  5   3 165849.4  61118.6   0.0072   0.0607   0.1192   0.0649   5.7454   0.1192 -325540.025
  5   4 166438.5  60529.5   0.0072   0.0599   0.1206   0.0638   5.4567   0.1206 -325213.455
  6   1 169994.4  56973.6   0.0517   0.5933   0.0872   0.5629   4.0119   0.0872 -397191.010
  6   2 166355.7  60612.3   0.0132   0.1062   0.1245   0.1141   5.4663   0.1245 -338059.520
  6   3 165438.8  61529.2   0.0073   0.0607   0.1204   0.0654   6.1332   0.1204 -325602.080
  6   4 165970.6  60997.4   0.0074   0.0595   0.1244   0.0642   5.8752   0.1244 -325292.624
  6   5 165399.0  61569.0   0.0023   0.0195   0.1201   0.0210   6.5674   0.1201 -311461.937
  7   1 170068.2  56899.8   0.0530   0.5917   0.0895   0.5641   3.9920   0.0895 -397919.556
  7   2 166548.4  60419.6   0.0143   0.1102   0.1295   0.1194   5.3274   0.1295 -339552.368
  7   3 165497.3  61470.7   0.0079   0.0643   0.1234   0.0696   6.1084   0.1234 -326886.118
  7   4 166099.5  60868.5   0.0083   0.0635   0.1299   0.0692   5.7827   0.1299 -326847.748
  7   5 166513.3  60454.7   0.0084   0.0582   0.1449   0.0651   5.4488   0.1449 -325951.926
  7   6 166235.5  60732.5   0.0085   0.0580   0.1470   0.0652   5.6803   0.1470 -326014.290
  8   1 169986.3  56981.7   0.0518   0.5916   0.0875   0.5619   4.0212   0.0875 -397170.698
  8   2 166398.4  60569.6   0.0132   0.1061   0.1241   0.1139   5.4329   0.1241 -338030.641
  8   3 165642.0  61326.0   0.0073   0.0607   0.1194   0.0651   5.9279   0.1194 -325570.547
  8   4 166134.8  60833.2   0.0074   0.0605   0.1220   0.0649   5.7187   0.1220 -325481.806
  8   5 166551.2  60416.8   0.0023   0.0186   0.1224   0.0198   5.3875   0.1224 -311118.471
  8   6 165500.8  61467.2   0.0023   0.0196   0.1194   0.0210   6.4205   0.1194 -311522.854
  8   7 166293.9  60674.1   0.0085   0.0581   0.1458   0.0652   5.6301   0.1458 -326001.325

