

2 (And_ful) ... 1 (And_bic)
  0  0.0000 1040737.372972  x:  0.16349   1.65408   0.39624  
  1 99.0000 1036785.550209  x:  0.10175   1.67879   0.22586  
  2 36299.1631 1031950.897150  x:  0.09544   1.70247   0.05811  
  3 378596.5955 1029611.194430  x:  0.10996   3.55853   0.12092  
  4 3703.9162 1027253.445136  x:  0.13273   3.72042   0.05167  
  5  0.3539 1026702.119752  x:  0.15326   3.70597   0.07385  
  6  0.0324 1026560.979315  x:  0.16395   3.69827   0.06014  
  7  0.0189 1026560.229180  x:  0.16445   3.64955   0.06048  
  8  0.0185 1026560.067485  x:  0.16428   3.63177   0.06004  
  9  0.0126 1026560.058205  x:  0.16416   3.63070   0.06010  
 10  0.0011 1026560.058204  x:  0.16416   3.63074   0.06010  

3 (And_hae) ... 1 (And_bic)
  0  0.0000 1024955.484266  x:  0.13735   3.24908   0.10090  
  1 99.0000 1024326.741954  x:  0.16690   3.24944   0.07461  
  2 32932.1399 1024200.876231  x:  0.16268   3.24970   0.05929  
  3 18138.1441 1024171.819523  x:  0.16236   3.61958   0.06121  
  4 167.4882 1024160.977762  x:  0.15802   3.60263   0.06228  
  5  0.0175 1024160.971142  x:  0.15798   3.60007   0.06218  
  6  0.0028 1024160.971015  x:  0.15798   3.59934   0.06218  
  7  0.0007 1024160.971015  x:  0.15798   3.59934   0.06218  

3 (And_hae) ... 2 (And_ful)
  0  0.0000 1022401.355534  x:  0.12633   3.12197   0.16441  
  1 99.0000 1021142.171841  x:  0.17302   3.12306   0.12023  
  2 43865.2602 1019975.452196  x:  0.17082   3.12451   0.05864  
  3 51503.6447 1019792.371673  x:  0.16927   4.09377   0.06694  
  4 436.8457 1019627.836951  x:  0.15348   4.10855   0.06042  
  5  0.0211 1019619.027090  x:  0.15171   4.06417   0.06420  
  6  0.0796 1019618.879726  x:  0.15191   4.03512   0.06407  
  7  0.0210 1019618.876344  x:  0.15185   4.03303   0.06403  
  8  0.0022 1019618.876343  x:  0.15185   4.03306   0.06403  
  9  0.0000 1019618.876343  x:  0.15185   4.03306   0.06403  

4 (And_hat) ... 1 (And_bic)
  0  0.0000 1001105.391243  x:  0.10316   3.68194   0.07504  
  1 99.0000 1000930.995021  x:  0.11727   3.68192   0.07185  
  2 25324.1086 1000913.015077  x:  0.11702   3.68188   0.06467  
  3 4873.1289 1000908.509779  x:  0.11703   3.50911   0.06398  
  4 50.3186 1000908.482738  x:  0.11687   3.50744   0.06387  
  5  0.0016 1000908.482461  x:  0.11686   3.50764   0.06389  
  6  0.0002 1000908.482460  x:  0.11686   3.50767   0.06389  
  7  0.0000 1000908.482460  x:  0.11686   3.50767   0.06389  

4 (And_hat) ... 2 (And_ful)
  0  0.0000 1024001.708329  x:  0.12954   3.30259   0.15861  
  1 99.0000 1022681.092556  x:  0.17783   3.30350   0.11158  
  2 43684.2800 1021689.192599  x:  0.17492   3.30449   0.05759  
  3 50695.6386 1021577.131183  x:  0.17371   4.08989   0.06334  
  4 320.3233 1021400.432021  x:  0.15587   4.04784   0.06048  
  5  0.0406 1021397.846191  x:  0.15535   4.01354   0.06255  
  6  0.0608 1021397.765261  x:  0.15544   3.99158   0.06240  
  7  0.0173 1021397.764948  x:  0.15542   3.99119   0.06239  
  8  0.0004 1021397.764948  x:  0.15542   3.99119   0.06239  

4 (And_hat) ... 3 (And_hae)
  0  0.0000 1021116.935932  x:  0.15150   3.50987   0.14392  
  1 99.0000 1019721.571119  x:  0.13513   3.51100   0.06931  
  2 28843.6799 1019587.713546  x:  0.14553   3.51126   0.05769  
  3 25632.2660 1019527.816864  x:  0.14677   4.00900   0.06109  
  4 220.5755 1019513.071694  x:  0.15009   3.97932   0.06483  
  5  0.0559 1019512.435367  x:  0.15060   4.03292   0.06452  
  6  0.0473 1019512.434045  x:  0.15057   4.03454   0.06456  
  7  0.0014 1019512.434044  x:  0.15057   4.03459   0.06456  

5 (And_mar) ... 1 (And_bic)
  0  0.0000 983460.669271  x:  0.08332   3.36803   0.16347  
  1 99.0000 982873.337354  x:  0.10595   3.36833   0.10362  
  2 18720.6302 982400.503440  x:  0.10156   3.36852   0.05787  
  3 86228.1573 982394.019586  x:  0.10185   3.15435   0.05637  
  4 48.1191 982184.994857  x:  0.08816   2.97977   0.06405  
  5  0.2588 982182.311524  x:  0.08758   3.02952   0.06179  
  6  0.0861 982182.294009  x:  0.08766   3.02435   0.06161  
  7  0.0061 982182.293972  x:  0.08767   3.02456   0.06162  
  8  0.0002 982182.293971  x:  0.08767   3.02453   0.06162  
  9  0.0000 982182.293971  x:  0.08767   3.02454   0.06162  

5 (And_mar) ... 2 (And_ful)
  0  0.0000 1025436.554326  x:  0.15277   2.73126   0.06095  
  1 99.0000 1025383.044718  x:  0.16168   2.73178   0.05650  
  2 10902.2395 1025382.533837  x:  0.16134   2.73243   0.05569  
  3 933.0514 1025180.238462  x:  0.16137   3.61200   0.06028  
  4 827.0910 1025179.797864  x:  0.16159   3.60783   0.05940  
  5  0.0038 1025179.797704  x:  0.16159   3.60781   0.05938  
  6  0.0000 1025179.797704  x:  0.16159   3.60784   0.05938  
  7  0.0000 1025179.797704  x:  0.16159   3.60785   0.05938  
  8  0.0000 1025179.797704  x:  0.16159   3.60785   0.05938  
  9  0.0000 1025179.797704  x:  0.16159   3.60785   0.05938  
 10  0.0000 1025179.797704  x:  0.16159   3.60785   0.05938  
check convergence!


5 (And_mar) ... 3 (And_hae)
  0  0.0000 1023316.002206  x:  0.15184   3.36899   0.09999  
  1 99.0000 1022821.788783  x:  0.15388   3.36939   0.06188  
  2 21582.0127 1022820.942267  x:  0.15509   3.36947   0.06187  
  3 1412.0655 1022811.278383  x:  0.15510   3.59007   0.06323  
  4 93.3881 1022811.104985  x:  0.15514   3.59060   0.06264  
  5  0.0013 1022811.104223  x:  0.15514   3.58862   0.06263  
  6  0.0018 1022811.104222  x:  0.15514   3.58862   0.06263  

5 (And_mar) ... 4 (And_hat)
  0  0.0000 1001185.887475  x:  0.10431   3.34021   0.19666  
  1 99.0000 1000163.351567  x:  0.14183   3.34135   0.11983  
  2 25618.1210 999286.048351  x:  0.13847   3.34219   0.05920  
  3 93991.9773 999257.588698  x:  0.13738   3.79005   0.06287  
  4 129.3738 998821.030961  x:  0.11312   3.53293   0.06514  
  5  0.2779 998820.429661  x:  0.11320   3.47925   0.06427  
  6  0.0577 998820.425551  x:  0.11321   3.47656   0.06435  
  7  0.0051 998820.425548  x:  0.11321   3.47646   0.06435  
  8  0.0001 998820.425548  x:  0.11321   3.47646   0.06435  

6 (And_tri) ... 1 (And_bic)
  0  0.0000 999340.776886  x:  0.10720   3.26951   0.07496  
  1 99.0000 999289.408277  x:  0.11456   3.26944   0.06963  
  2 11556.2368 999271.780088  x:  0.11329   3.26931   0.06296  
  3 5995.3020 999253.391119  x:  0.11336   2.97341   0.06157  
  4 116.0002 999253.186842  x:  0.11289   2.96749   0.06172  
  5  0.0060 999253.186391  x:  0.11288   2.96850   0.06171  
  6  0.0012 999253.186391  x:  0.11288   2.96849   0.06171  
  7  0.0000 999253.186391  x:  0.11288   2.96849   0.06171  
check convergence!


6 (And_tri) ... 2 (And_ful)
  0  0.0000 1022766.552727  x:  0.13640   2.87689   0.08405  
  1 99.0000 1022331.019046  x:  0.16038   2.87738   0.06565  
  2 29671.3774 1022283.288166  x:  0.15751   2.87777   0.05690  
  3 11030.6991 1022176.034528  x:  0.15701   3.53204   0.06041  
  4 368.3976 1022174.664737  x:  0.15550   3.52956   0.06019  
  5  0.0029 1022174.663444  x:  0.15548   3.52867   0.06023  
  6  0.0009 1022174.663416  x:  0.15548   3.52832   0.06023  

6 (And_tri) ... 3 (And_hae)
  0  0.0000 1021530.677312  x:  0.14050   3.31222   0.07587  
  1 99.0000 1021387.882431  x:  0.15426   3.31237   0.06625  
  2 17317.5012 1021377.039648  x:  0.15274   3.31249   0.06194  
  3 4963.1931 1021363.955536  x:  0.15270   3.56406   0.06304  
  4 108.7360 1021363.843436  x:  0.15226   3.56297   0.06310  
  5  0.0012 1021363.843426  x:  0.15226   3.56281   0.06311  
  6  0.0002 1021363.843426  x:  0.15226   3.56280   0.06311  

6 (And_tri) ... 4 (And_hat)
  0  0.0000 998794.745861  x:  0.10834   3.35870   0.12387  
  1 99.0000 998137.633457  x:  0.11847   3.35921   0.06746  
  2 18759.0752 998101.736263  x:  0.11284   3.35926   0.06266  
  3 12692.9842 998100.702278  x:  0.11273   3.43838   0.06326  
  4 26.1698 998098.339857  x:  0.11181   3.41395   0.06539  
  5  0.0485 998098.339186  x:  0.11182   3.41481   0.06536  
  6  0.0009 998098.339185  x:  0.11182   3.41480   0.06536  

6 (And_tri) ... 5 (And_mar)
  0  0.0000 998914.897213  x:  0.11750   2.95220   0.14346  
  1 99.0000 998427.340323  x:  0.09692   2.95249   0.11644  
  2 26874.7726 997748.877854  x:  0.10191   2.95305   0.06200  
  3 43372.3703 997748.008556  x:  0.10199   3.01526   0.06258  
  4 22.4581 997689.910742  x:  0.10962   2.93570   0.06468  
  5  0.1092 997688.961220  x:  0.10989   2.95004   0.06321  
  6  0.0273 997688.960301  x:  0.10992   2.95110   0.06320  
  7  0.0010 997688.960299  x:  0.10992   2.95105   0.06320  
  8  0.0001 997688.960299  x:  0.10992   2.95104   0.06320  
  9  0.0000 997688.960299  x:  0.10992   2.95105   0.06320  

7 (Bom_pas) ... 1 (And_bic)
  0  0.0000 1264940.940444  x:  1.33145   2.69055   0.14377  
  1 99.0000 1247243.408275  x:  1.31591   2.69299   0.04561  
  2 221939.8558 1246804.877860  x:  1.19658   2.73949   0.06098  
  3 7964.0929 1245788.366868  x:  1.33492   4.01642   0.05876  
  4 2202.9134 1244871.812587  x:  1.12305   3.97732   0.05992  
  5  0.2608 1244838.336235  x:  1.15243   4.04359   0.05628  
  6  0.0777 1244836.502294  x:  1.14602   4.06375   0.05621  
  7  0.0227 1244836.275876  x:  1.14739   4.08341   0.05632  
  8  0.0126 1244836.274338  x:  1.14760   4.08401   0.05629  
  9  0.0007 1244836.274338  x:  1.14760   4.08402   0.05629  

7 (Bom_pas) ... 2 (And_ful)
  0  0.0000 1273006.067754  x:  1.30790   3.48651   0.18346  
  1 99.0000 1249638.986371  x:  1.28457   3.48877   0.04975  
  2 200913.9659 1249591.967068  x:  1.25870   3.49874   0.05393  
  3 3503.7774 1249177.427289  x:  1.32807   4.43429   0.05284  
  4 1092.3086 1249043.488704  x:  1.23469   4.38408   0.05384  
  5  0.1068 1249043.397672  x:  1.23614   4.39269   0.05368  
  6  0.0077 1249043.394964  x:  1.23594   4.39436   0.05369  
  7  0.0015 1249043.394881  x:  1.23600   4.39462   0.05370  

7 (Bom_pas) ... 3 (And_hae)
  0  0.0000 1249433.275953  x:  1.13061   3.63321   0.09576  
  1 99.0000 1246061.738466  x:  1.12749   3.63359   0.05653  
  2 137615.9287 1245880.331202  x:  1.19541   4.20842   0.05378  
  3 681.6802 1245860.413825  x:  1.17053   4.27044   0.05606  
  4 2596.2042 1245860.390001  x:  1.17154   4.27575   0.05607  
  5  0.0056 1245860.387084  x:  1.17155   4.27753   0.05605  
  6  0.0021 1245860.387084  x:  1.17155   4.27754   0.05605  

7 (Bom_pas) ... 4 (And_hat)
  0  0.0000 1249324.778866  x:  1.18237   3.72028   0.09475  
  1 99.0000 1245515.543829  x:  1.17873   3.72064   0.05423  
  2 148590.3678 1245474.230089  x:  1.13603   3.73773   0.05766  
  3 1777.4366 1245346.834522  x:  1.17651   4.25477   0.05679  
  4 578.8705 1245339.467287  x:  1.16699   4.25416   0.05593  
  5  0.0149 1245339.461201  x:  1.16649   4.25486   0.05596  
  6  0.0009 1245339.461193  x:  1.16651   4.25500   0.05596  

7 (Bom_pas) ... 5 (And_mar)
  0  0.0000 1259674.204902  x:  1.08407   3.78493   0.17655  
  1 99.0000 1244458.723990  x:  1.06705   3.78604   0.05941  
  2 163513.1375 1244436.201694  x:  1.08536   3.78741   0.05649  
  3 2367.8341 1244394.713770  x:  1.10063   4.07867   0.05651  
  4 300.7942 1244351.548683  x:  1.13857   4.08326   0.05700  
  5  0.0588 1244351.075892  x:  1.14158   4.08889   0.05657  
  6  0.0060 1244351.073710  x:  1.14189   4.09057   0.05657  
  7  0.0015 1244351.073709  x:  1.14188   4.09059   0.05657  
  8  0.0000 1244351.073709  x:  1.14188   4.09059   0.05657  

7 (Bom_pas) ... 6 (And_tri)
  0  0.0000 1246298.435914  x:  1.30565   3.72439   0.06461  
  1 99.0000 1245399.163212  x:  1.30410   3.72456   0.04908  
  2 102960.9235 1244886.460301  x:  1.12409   3.75348   0.05822  
  3 5118.1648 1244833.306926  x:  1.15380   4.07620   0.05770  
  4 344.7677 1244822.914964  x:  1.14383   4.08875   0.05664  
  5  0.0178 1244822.744572  x:  1.14651   4.08832   0.05641  
  6  0.0032 1244822.744505  x:  1.14655   4.08861   0.05641  
  7  0.0003 1244822.744505  x:  1.14655   4.08863   0.05641  