Supplemental results for CODEML (seqf: /home/yzliu/eDNA/faststorage/yzliu/DK_proj/data/ref_genome/ref_annotation/primary_transcripts/extracted_cds_new/new_transcript_id_8_bom_apis/bootstraps/cat.out.OG_cds_8_species_same_header_fas.shuf_211OG_950.phy  treef: xxx.trees)


pairwise comparison (Goldman & Yang 1994)
seq seq        N       S       dN       dS     dN/dS   Paras.
  2   1 162796.6  55807.4   0.0599   0.5680   0.1055   0.5689   3.8274   0.1055 -388572.236
  3   1 162602.4  56001.6   0.0597   0.5861   0.1018   0.5836   3.8350   0.1018 -389225.939
  3   2 158559.3  60044.7   0.0145   0.1060   0.1368   0.1189   5.3434   0.1368 -328663.280
  4   1 162993.6  55610.4   0.0588   0.5815   0.1011   0.5753   3.8351   0.1011 -388182.357
  4   2 158912.2  59691.8   0.0134   0.0982   0.1368   0.1097   5.3565   0.1368 -326425.355
  4   3 158304.9  60299.1   0.0085   0.0605   0.1399   0.0684   5.7747   0.1399 -316182.388
  5   1 163033.2  55570.8   0.0596   0.5845   0.1019   0.5790   3.7926   0.1019 -388783.046
  5   2 159019.1  59584.9   0.0148   0.1058   0.1402   0.1189   5.2353   0.1402 -328659.462
  5   3 158646.2  59957.8   0.0089   0.0616   0.1442   0.0701   5.4150   0.1442 -316708.926
  5   4 158624.0  59980.0   0.0085   0.0606   0.1407   0.0684   5.8086   0.1407 -315971.986
  6   1 162997.8  55606.2   0.0600   0.5868   0.1022   0.5819   3.8062   0.1022 -389039.065
  6   2 159012.3  59591.7   0.0153   0.1064   0.1437   0.1204   5.2307   0.1437 -329073.114
  6   3 158351.3  60252.7   0.0092   0.0618   0.1490   0.0711   5.6891   0.1490 -316968.316
  6   4 158422.6  60181.4   0.0090   0.0605   0.1496   0.0696   6.0123   0.1496 -316374.668
  6   5 158947.0  59657.0   0.0026   0.0199   0.1289   0.0219   5.4467   0.1289 -301736.517
  7   1 163111.7  55492.3   0.0607   0.5874   0.1034   0.5833   3.8191   0.1034 -389325.706
  7   2 159107.8  59496.2   0.0158   0.1077   0.1465   0.1224   5.2571   0.1465 -329590.397
  7   3 158676.4  59927.6   0.0097   0.0651   0.1496   0.0747   5.4922   0.1496 -318010.100
  7   4 158798.4  59805.6   0.0096   0.0633   0.1512   0.0728   5.7478   0.1512 -317334.262
  7   5 158967.3  59636.7   0.0091   0.0589   0.1544   0.0680   5.5498   0.1544 -316096.777
  7   6 158803.9  59800.1   0.0095   0.0587   0.1614   0.0688   5.7013   0.1614 -316382.747
  8   1 162922.3  55681.7   0.0598   0.5881   0.1017   0.5832   3.8227   0.1017 -389045.420
  8   2 158840.5  59763.5   0.0149   0.1055   0.1408   0.1189   5.3440   0.1408 -328661.702
  8   3 158273.7  60330.3   0.0090   0.0608   0.1484   0.0699   5.7196   0.1484 -316696.795
  8   4 158298.8  60305.2   0.0087   0.0602   0.1448   0.0687   6.0954   0.1448 -316090.915
  8   5 158506.7  60097.3   0.0024   0.0197   0.1217   0.0215   5.8393   0.1217 -301537.481
  8   6 158185.2  60418.8   0.0027   0.0201   0.1338   0.0225   6.1797   0.1338 -301942.962
  8   7 158582.6  60021.4   0.0092   0.0577   0.1589   0.0675   5.8812   0.1589 -315997.406

