Supplemental results for CODEML (seqf: /home/yzliu/eDNA/faststorage/yzliu/DK_proj/data/ref_genome/ref_annotation/primary_transcripts/extracted_cds_new/new_transcript_id_8_bom_apis/bootstraps/cat.out.OG_cds_8_species_same_header_fas.shuf_211OG_206.phy  treef: xxx.trees)


pairwise comparison (Goldman & Yang 1994)
seq seq        N       S       dN       dS     dN/dS   Paras.
  2   1 338624.2 111465.8   0.0540   0.5721   0.0944   0.5470   4.0005   0.0944 -786591.002
  3   1 338167.7 111922.3   0.0552   0.5947   0.0927   0.5680   4.0471   0.0927 -789687.019
  3   2 331636.7 118453.3   0.0143   0.1137   0.1258   0.1214   4.7910   0.1258 -673988.735
  4   1 338751.4 111338.6   0.0532   0.5826   0.0913   0.5525   4.0697   0.0913 -785779.639
  4   2 331368.2 118721.8   0.0122   0.1031   0.1181   0.1085   5.1451   0.1181 -666825.757
  4   3 332174.6 117915.4   0.0087   0.0675   0.1290   0.0724   4.7076   0.1290 -649828.214
  5   1 338725.3 111364.7   0.0541   0.5900   0.0917   0.5602   4.0808   0.0917 -787178.910
  5   2 331189.2 118900.8   0.0138   0.1087   0.1274   0.1167   5.2259   0.1274 -671087.551
  5   3 332221.1 117868.9   0.0093   0.0665   0.1399   0.0729   4.6943   0.1399 -650364.403
  5   4 330540.0 119550.0   0.0079   0.0625   0.1260   0.0672   5.6786   0.1260 -645797.972
  6   1 338662.1 111427.9   0.0544   0.5902   0.0922   0.5611   4.0878   0.0922 -787513.501
  6   2 331427.6 118662.4   0.0142   0.1085   0.1305   0.1171   5.1081   0.1305 -671582.425
  6   3 332306.4 117783.6   0.0097   0.0664   0.1463   0.0737   4.6494   0.1463 -651043.439
  6   4 330580.6 119509.4   0.0084   0.0620   0.1357   0.0680   5.6399   0.1357 -646594.718
  6   5 329994.2 120095.8   0.0027   0.0194   0.1418   0.0216   5.9411   0.1418 -617311.273
  7   1 338756.8 111333.2   0.0544   0.5861   0.0928   0.5577   4.1074   0.0928 -787038.058
  7   2 330654.8 119435.2   0.0138   0.1095   0.1257   0.1175   5.5152   0.1257 -671039.251
  7   3 331456.4 118633.6   0.0093   0.0682   0.1361   0.0744   5.0320   0.1361 -650829.503
  7   4 329492.4 120597.6   0.0081   0.0641   0.1263   0.0693   6.2952   0.1263 -646625.786
  7   5 329247.9 120842.1   0.0080   0.0573   0.1402   0.0637   6.4430   0.1402 -643925.871
  7   6 329462.3 120627.7   0.0085   0.0569   0.1490   0.0643   6.2941   0.1490 -644594.775
  8   1 338595.9 111494.1   0.0542   0.5907   0.0918   0.5614   4.0831   0.0918 -787442.165
  8   2 331170.0 118920.0   0.0139   0.1078   0.1286   0.1160   5.1840   0.1286 -670990.744
  8   3 332326.7 117763.3   0.0094   0.0652   0.1443   0.0720   4.6146   0.1443 -650165.447
  8   4 330639.6 119450.4   0.0081   0.0615   0.1309   0.0668   5.5724   0.1309 -645875.863
  8   5 330458.2 119631.8   0.0024   0.0182   0.1302   0.0198   5.6642   0.1302 -615950.606
  8   6 329706.4 120383.6   0.0027   0.0187   0.1471   0.0210   6.0300   0.1471 -616975.145
  8   7 329311.0 120779.0   0.0081   0.0559   0.1444   0.0627   6.3336   0.1444 -643636.613

