Supplemental results for CODEML (seqf: /home/yzliu/eDNA/faststorage/yzliu/DK_proj/data/ref_genome/ref_annotation/primary_transcripts/extracted_cds_new/new_transcript_id_8_bom_apis/bootstraps/cat.out.OG_cds_8_species_same_header_fas.shuf_211OG_128.phy  treef: xxx.trees)


pairwise comparison (Goldman & Yang 1994)
seq seq        N       S       dN       dS     dN/dS   Paras.
  2   1 328710.3 110765.7   0.0543   0.5619   0.0966   0.5466   3.9859   0.0966 -771524.092
  3   1 328153.3 111322.7   0.0543   0.5751   0.0945   0.5588   4.0227   0.0945 -772884.225
  3   2 321113.1 118362.9   0.0145   0.1089   0.1328   0.1197   5.0221   0.1328 -659999.423
  4   1 328953.7 110522.3   0.0533   0.5678   0.0939   0.5481   4.0162   0.0939 -770372.919
  4   2 321578.8 117897.2   0.0132   0.1011   0.1308   0.1104   5.1314   0.1308 -655124.543
  4   3 320958.6 118517.4   0.0082   0.0631   0.1306   0.0691   5.2169   0.1306 -634931.953
  5   1 328978.4 110497.6   0.0540   0.5728   0.0944   0.5534   3.9967   0.0944 -771574.551
  5   2 321901.7 117574.3   0.0145   0.1070   0.1354   0.1177   4.9828   0.1354 -658904.076
  5   3 321495.0 117981.0   0.0086   0.0640   0.1351   0.0705   4.9780   0.1351 -635877.099
  5   4 321266.1 118209.9   0.0082   0.0618   0.1322   0.0678   5.3980   0.1322 -633710.607
  6   1 328947.4 110528.6   0.0542   0.5741   0.0945   0.5550   4.0021   0.0945 -771837.384
  6   2 321755.8 117720.2   0.0148   0.1086   0.1364   0.1198   5.0382   0.1364 -659791.674
  6   3 320863.2 118612.8   0.0089   0.0651   0.1364   0.0722   5.2402   0.1364 -636612.342
  6   4 320594.6 118881.4   0.0086   0.0624   0.1378   0.0695   5.7173   0.1378 -634623.142
  6   5 320275.0 119201.0   0.0027   0.0200   0.1345   0.0221   5.8655   0.1345 -605574.317
  7   1 329043.0 110433.0   0.0547   0.5696   0.0961   0.5524   4.0099   0.0961 -771966.755
  7   2 321522.3 117953.7   0.0151   0.1084   0.1397   0.1205   5.1848   0.1397 -660176.865
  7   3 320455.2 119020.8   0.0091   0.0661   0.1384   0.0737   5.4748   0.1384 -637430.184
  7   4 320482.3 118993.7   0.0089   0.0629   0.1408   0.0704   5.8332   0.1408 -635195.049
  7   5 321070.2 118405.8   0.0088   0.0583   0.1504   0.0663   5.5223   0.1504 -633376.009
  7   6 320597.6 118878.4   0.0091   0.0590   0.1534   0.0677   5.7497   0.1534 -634091.796
  8   1 328879.5 110596.5   0.0541   0.5732   0.0944   0.5542   4.0103   0.0944 -771686.584
  8   2 321479.3 117996.7   0.0144   0.1067   0.1351   0.1176   5.1385   0.1351 -658751.156
  8   3 320774.4 118701.6   0.0086   0.0631   0.1370   0.0701   5.2618   0.1370 -635597.324
  8   4 320386.0 119090.0   0.0083   0.0613   0.1349   0.0679   5.8028   0.1349 -633721.834
  8   5 320368.3 119107.7   0.0024   0.0179   0.1324   0.0198   5.7953   0.1324 -603917.786
  8   6 318567.9 120908.1   0.0026   0.0198   0.1296   0.0219   6.8407   0.1296 -605261.884
  8   7 320161.2 119314.8   0.0087   0.0573   0.1520   0.0657   5.9567   0.1520 -632926.355

