Supplemental results for CODEML (seqf: /home/yzliu/eDNA/faststorage/yzliu/DK_proj/data/ref_genome/ref_annotation/primary_transcripts/extracted_cds_new/new_transcript_id_7_and_pas/bootstraps/cat.out.OG_cds_7_species_same_header_fas.shuf_537OG_41.phy  treef: xxx.trees)


pairwise comparison (Goldman & Yang 1994)
seq seq        N       S       dN       dS     dN/dS   Paras.
  2   1 473882.7 185016.3   0.0095   0.1657   0.0575   0.1601   3.6623   0.0575 -1015836.038
  3   1 473002.3 185896.7   0.0091   0.1602   0.0570   0.1552   3.6526   0.0570 -1013378.584
  3   2 471425.6 187473.4   0.0092   0.1513   0.0605   0.1488   4.1285   0.0605 -1009225.230
  4   1 473781.3 185117.7   0.0073   0.1185   0.0612   0.1156   3.5265   0.0612 -991793.946
  4   2 471311.7 187587.3   0.0091   0.1542   0.0592   0.1513   4.1190   0.0592 -1010435.836
  4   3 470117.9 188781.1   0.0089   0.1496   0.0593   0.1476   4.1439   0.0593 -1008632.438
  5   1 475619.0 183280.0   0.0054   0.0900   0.0606   0.0869   3.2362   0.0606 -973537.239
  5   2 472833.9 186065.1   0.0096   0.1620   0.0590   0.1578   3.7827   0.0590 -1014895.266
  5   3 472482.3 186416.7   0.0092   0.1539   0.0599   0.1504   3.6994   0.0599 -1011551.557
  5   4 472998.2 185900.8   0.0071   0.1114   0.0640   0.1097   3.6078   0.0640 -988563.715
  6   1 477749.6 181149.4   0.0063   0.1161   0.0546   0.1095   2.9944   0.0546 -988108.347
  6   2 473854.2 185044.8   0.0084   0.1556   0.0539   0.1492   3.6382   0.0539 -1009387.665
  6   3 473153.2 185745.8   0.0082   0.1503   0.0543   0.1447   3.6073   0.0543 -1007342.815
  6   4 473737.4 185161.6   0.0063   0.1108   0.0572   0.1071   3.5095   0.0572 -985953.351
  6   5 477115.6 181783.4   0.0063   0.1098   0.0578   0.1046   3.0454   0.0578 -985547.304
  7   1 470978.9 187920.1   0.0600   1.1320   0.0530   1.0973   4.0935   0.0530 -1223799.940
  7   2 467729.1 191169.9   0.0610   1.1958   0.0510   1.1707   4.3984   0.0510 -1227479.930
  7   3 469355.5 189543.5   0.0604   1.1381   0.0531   1.1113   4.2728   0.0531 -1224220.161
  7   4 469439.2 189459.8   0.0600   1.1394   0.0527   1.1111   4.2738   0.0527 -1223615.024
  7   5 471166.6 187732.4   0.0602   1.1143   0.0540   1.0816   4.0895   0.0540 -1223309.506
  7   6 471080.9 187818.1   0.0595   1.1185   0.0532   1.0841   4.0979   0.0532 -1222287.116

