

2 (And_ful) ... 1 (And_bic)
  0  0.0000 1064026.164372  x:  0.17811   1.56924   0.46924  
  1 99.0000 1062003.780233  x:  0.12735   1.58137   0.40236  
  2 42639.4776 1048803.837405  x:  0.11800   1.64339   0.04864  
  3 104443.7908 1048021.314640  x:  0.12109   2.20662   0.08969  
  4 3532.7689 1045681.469736  x:  0.14192   2.98572   0.04177  
  5  2.5289 1045138.073386  x:  0.16232   3.19079   0.06140  
  6  0.2357 1045015.112976  x:  0.17126   3.51208   0.05252  
  7  0.2247 1044988.613213  x:  0.16733   3.80871   0.05505  
  8  0.0911 1044987.892136  x:  0.16827   3.84103   0.05470  
  9  0.0266 1044987.880493  x:  0.16826   3.84557   0.05483  
 10  0.0039 1044987.880490  x:  0.16826   3.84561   0.05483  
 11  0.0000 1044987.880490  x:  0.16826   3.84561   0.05483  
 12  0.0000 1044987.880490  x:  0.16826   3.84561   0.05483  
 13  0.0000 1044987.880490  x:  0.16826   3.84561   0.05483  
check convergence!


3 (And_hae) ... 1 (And_bic)
  0  0.0000 1042323.387160  x:  0.13880   3.40480   0.11088  
  1 99.0000 1041354.246511  x:  0.17294   3.40527   0.06893  
  2 35597.4353 1041185.649792  x:  0.16698   3.40547   0.05288  
  3 24308.2105 1041161.911101  x:  0.16644   3.75563   0.05458  
  4 142.5699 1041124.981267  x:  0.15871   3.70355   0.05727  
  5  0.0615 1041124.926007  x:  0.15853   3.69814   0.05702  
  6  0.0060 1041124.925504  x:  0.15854   3.69655   0.05702  
  7  0.0015 1041124.925504  x:  0.15854   3.69656   0.05702  

3 (And_hae) ... 2 (And_ful)
  0  0.0000 1038969.683593  x:  0.16381   3.41183   0.11037  
  1 99.0000 1038052.195866  x:  0.14143   3.41254   0.06566  
  2 32055.3216 1037927.720994  x:  0.14972   3.41284   0.05320  
  3 21135.2658 1037839.295672  x:  0.15112   4.13346   0.05701  
  4 274.2758 1037829.898932  x:  0.15448   4.09348   0.05877  
  5  0.0553 1037829.707862  x:  0.15474   4.08689   0.05822  
  6  0.0065 1037829.707064  x:  0.15473   4.08453   0.05821  
  7  0.0018 1037829.707062  x:  0.15473   4.08453   0.05821  
  8  0.0000 1037829.707062  x:  0.15473   4.08453   0.05821  
  9  0.0000 1037829.707062  x:  0.15473   4.08453   0.05821  

4 (And_hat) ... 1 (And_bic)
  0  0.0000 1021057.973157  x:  0.09960   3.69222   0.16307  
  1 99.0000 1020410.064536  x:  0.12763   3.69238   0.14280  
  2 41141.5413 1019013.735892  x:  0.12743   3.69297   0.05945  
  3 36472.0883 1019011.985329  x:  0.12747   3.59085   0.05860  
  4 29.5793 1018956.992178  x:  0.11898   3.56535   0.05949  
  5  0.0243 1018956.919235  x:  0.11897   3.57187   0.05912  
  6  0.0182 1018956.919141  x:  0.11897   3.57262   0.05913  

4 (And_hat) ... 2 (And_ful)
  0  0.0000 1041805.317713  x:  0.13559   3.06403   0.08617  
  1 99.0000 1041099.393714  x:  0.16688   3.06471   0.06410  
  2 38654.0150 1041019.384634  x:  0.16378   3.06525   0.05302  
  3 14635.3046 1040748.245202  x:  0.16282   4.26721   0.05883  
  4 548.8600 1040744.982719  x:  0.16082   4.26214   0.05760  
  5  0.0055 1040744.973575  x:  0.16074   4.26041   0.05770  
  6  0.0016 1040744.973338  x:  0.16075   4.25909   0.05769  
  7  0.0008 1040744.973338  x:  0.16075   4.25909   0.05769  
  8  0.0000 1040744.973338  x:  0.16075   4.25909   0.05769  

4 (And_hat) ... 3 (And_hae)
  0  0.0000 1037872.848638  x:  0.16570   3.59361   0.07673  
  1 99.0000 1037616.894831  x:  0.14980   3.59387   0.06158  
  2 22237.6443 1037608.430302  x:  0.15193   3.59407   0.05830  
  3 4249.3810 1037558.873965  x:  0.15232   4.15792   0.06049  
  4 191.8394 1037558.787538  x:  0.15256   4.15761   0.06015  
  5  0.0005 1037558.787528  x:  0.15256   4.15783   0.06015  
  6  0.0002 1037558.787528  x:  0.15256   4.15785   0.06015  
  7  0.0000 1037558.787528  x:  0.15256   4.15785   0.06015  
  8  0.0000 1037558.787528  x:  0.15256   4.15785   0.06015  
check convergence!


5 (And_mar) ... 1 (And_bic)
  0  0.0000 1000748.789128  x:  0.08018   3.62698   0.08692  
  1 99.0000 1000590.375183  x:  0.09180   3.62695   0.08157  
  2 26015.9208 1000460.766546  x:  0.09102   3.62679   0.05883  
  3 11870.9226 1000429.205751  x:  0.09113   3.15096   0.05653  
  4 121.6299 1000428.284444  x:  0.09036   3.14353   0.05746  
  5  0.0078 1000428.235900  x:  0.09025   3.14636   0.05717  
  6  0.0039 1000428.235894  x:  0.09025   3.14630   0.05716  
  7  0.0001 1000428.235894  x:  0.09025   3.14631   0.05716  

5 (And_mar) ... 2 (And_ful)
  0  0.0000 1045327.324817  x:  0.18001   2.80085   0.05375  
  1 99.0000 1045235.183657  x:  0.16681   2.80149   0.05250  
  2 13499.1887 1045233.707724  x:  0.16647   2.80203   0.05399  
  3 1919.0733 1044945.215719  x:  0.16679   3.89563   0.05834  
  4 720.5845 1044944.907812  x:  0.16689   3.89565   0.05762  
  5  0.0006 1044944.907211  x:  0.16688   3.89724   0.05761  
  6  0.0010 1044944.907179  x:  0.16688   3.89748   0.05762  

5 (And_mar) ... 3 (And_hae)
  0  0.0000 1040922.809508  x:  0.16344   3.53226   0.07749  
  1 99.0000 1040756.957727  x:  0.15333   3.53240   0.06256  
  2 17246.6672 1040750.132211  x:  0.15584   3.53247   0.05991  
  3 3902.9590 1040745.150531  x:  0.15596   3.69681   0.06060  
  4 63.1235 1040745.137246  x:  0.15608   3.69453   0.06067  
  5  0.0026 1040745.137153  x:  0.15608   3.69404   0.06066  
  6  0.0005 1040745.137153  x:  0.15608   3.69403   0.06066  
  7  0.0000 1040745.137153  x:  0.15608   3.69403   0.06066  
check convergence!


5 (And_mar) ... 4 (And_hat)
  0  0.0000 1017104.149120  x:  0.12446   3.28018   0.04757  
  1 99.0000 1016931.498231  x:  0.11284   3.28023   0.05967  
  2 20912.0643 1016925.421025  x:  0.11473   3.28032   0.06230  
  3 3925.5152 1016907.538755  x:  0.11481   3.61429   0.06344  
  4 113.8077 1016907.157232  x:  0.11431   3.61431   0.06418  
  5  0.0008 1016907.156501  x:  0.11433   3.61415   0.06420  
  6  0.0002 1016907.156501  x:  0.11433   3.61413   0.06420  

6 (And_tri) ... 1 (And_bic)
  0  0.0000 1017517.585002  x:  0.10677   3.14858   0.11480  
  1 99.0000 1016840.469007  x:  0.12993   3.14880   0.06906  
  2 25327.2536 1016629.003117  x:  0.12361   3.14886   0.04903  
  3 37042.7384 1016626.404573  x:  0.12380   3.03688   0.04842  
  4 40.6544 1016554.734292  x:  0.11522   2.95428   0.05362  
  5  0.1289 1016554.332191  x:  0.11489   2.97087   0.05299  
  6  0.0212 1016554.330146  x:  0.11492   2.96972   0.05294  
  7  0.0012 1016554.330145  x:  0.11492   2.96975   0.05294  

6 (And_tri) ... 2 (And_ful)
  0  0.0000 1043487.761859  x:  0.14590   2.93539   0.17094  
  1 99.0000 1040127.423304  x:  0.17466   2.93828   0.05238  
  2 37992.7223 1040027.333136  x:  0.16506   2.93867   0.04484  
  3 19057.3818 1039845.488035  x:  0.15968   3.75496   0.05231  
  4 503.9596 1039844.661050  x:  0.15875   3.72885   0.05290  
  5  0.0646 1039844.625453  x:  0.15887   3.71667   0.05289  
  6  0.0095 1039844.624938  x:  0.15886   3.71606   0.05286  
  7  0.0005 1039844.624938  x:  0.15886   3.71608   0.05286  

6 (And_tri) ... 3 (And_hae)
  0  0.0000 1039451.863010  x:  0.15949   3.17375   0.15396  
  1 99.0000 1037732.765307  x:  0.12422   3.17491   0.08268  
  2 37285.4409 1037186.594624  x:  0.13288   3.17544   0.05045  
  3 64103.6876 1037104.558960  x:  0.13475   3.81547   0.05466  
  4 282.2014 1036925.122049  x:  0.14990   3.58314   0.05853  
  5  0.2868 1036921.052186  x:  0.15072   3.59845   0.05598  
  6  0.0194 1036921.038061  x:  0.15080   3.59145   0.05592  
  7  0.0066 1036921.038044  x:  0.15080   3.59130   0.05592  
  8  0.0002 1036921.038044  x:  0.15080   3.59129   0.05592  

6 (And_tri) ... 4 (And_hat)
  0  0.0000 1017027.339380  x:  0.09304   3.23780   0.13944  
  1 99.0000 1016412.732252  x:  0.11899   3.23800   0.12423  
  2 44797.0543 1015413.943674  x:  0.11853   3.23884   0.05711  
  3 29839.4047 1015403.975380  x:  0.11839   3.47536   0.05914  
  4 87.2762 1015381.693345  x:  0.11352   3.49074   0.05705  
  5  0.0143 1015380.619483  x:  0.11311   3.47454   0.05848  
  6  0.0357 1015380.618767  x:  0.11311   3.47242   0.05847  
  7  0.0019 1015380.618766  x:  0.11311   3.47242   0.05847  
  8  0.0000 1015380.618766  x:  0.11311   3.47242   0.05847  
  9  0.0000 1015380.618766  x:  0.11311   3.47242   0.05847  
 10  0.0167 1015380.618766  x:  0.11311   3.47242   0.05847  
check convergence!


6 (And_tri) ... 5 (And_mar)
  0  0.0000 1015750.285141  x:  0.11542   3.30326   0.04744  
  1 99.0000 1015686.604266  x:  0.11126   3.30313   0.05785  
  2 12087.5072 1015685.457614  x:  0.11232   3.30306   0.05848  
  3 1933.4190 1015668.957159  x:  0.11228   3.01508   0.05756  
  4 109.0030 1015668.949444  x:  0.11229   3.01423   0.05743  
  5  0.0007 1015668.949411  x:  0.11230   3.01437   0.05743  
  6  0.0001 1015668.949411  x:  0.11230   3.01434   0.05743  
  7  0.0000 1015668.949411  x:  0.11230   3.01434   0.05743  
check convergence!


7 (Bom_pas) ... 1 (And_bic)
  0  0.0000 1271967.172023  x:  1.20460   3.00664   0.12819  
  1 99.0000 1259369.819931  x:  1.19374   3.00812   0.04732  
  2 205875.7875 1259174.121331  x:  1.11837   3.04087   0.05602  
  3 5009.3901 1258431.454756  x:  1.21677   4.15934   0.05468  
  4 1747.9998 1258208.270689  x:  1.13476   4.17539   0.05285  
  5  0.1174 1258207.368805  x:  1.14080   4.19805   0.05236  
  6  0.0218 1258207.291808  x:  1.14044   4.20942   0.05241  
  7  0.0082 1258207.291001  x:  1.14059   4.20975   0.05242  
  8  0.0004 1258207.291000  x:  1.14060   4.20976   0.05242  
  9  0.0000 1258207.291000  x:  1.14060   4.20976   0.05242  

7 (Bom_pas) ... 2 (And_ful)
  0  0.0000 1268292.461314  x:  1.11749   3.64775   0.10545  
  1 99.0000 1262407.390769  x:  1.11349   3.64827   0.05255  
  2 167025.5551 1262361.059480  x:  1.15324   3.66321   0.04913  
  3 2163.2015 1262028.375310  x:  1.19659   4.52574   0.04983  
  4 1019.6176 1262010.497115  x:  1.21923   4.52747   0.05051  
  5  0.0353 1262009.084307  x:  1.22664   4.53221   0.04984  
  6  0.0077 1262009.075119  x:  1.22719   4.53679   0.04985  
  7  0.0035 1262009.075025  x:  1.22716   4.53701   0.04985  

7 (Bom_pas) ... 3 (And_hae)
  0  0.0000 1264832.665366  x:  1.35525   3.98570   0.08478  
  1 99.0000 1259708.139658  x:  1.35140   3.98602   0.04450  
  2 195210.4121 1259109.407729  x:  1.15155   4.01543   0.05786  
  3 5745.9686 1259065.272640  x:  1.18167   4.33102   0.05702  
  4 290.2335 1258935.826406  x:  1.13640   4.35631   0.05408  
  5  0.0752 1258929.034607  x:  1.15168   4.35287   0.05261  
  6  0.0206 1258928.996146  x:  1.15143   4.34372   0.05264  
  7  0.0081 1258928.995983  x:  1.15136   4.34344   0.05263  
  8  0.0003 1258928.995983  x:  1.15136   4.34344   0.05263  
  9  0.0000 1258928.995983  x:  1.15136   4.34344   0.05263  
check convergence!


7 (Bom_pas) ... 4 (And_hat)
  0  0.0000 1258960.634170  x:  1.03357   3.76663   0.06487  
  1 99.0000 1258734.778258  x:  1.03378   3.76672   0.05616  
  2 48815.9692 1258582.990288  x:  1.11822   3.77584   0.05169  
  3 3843.9250 1258410.172419  x:  1.14993   4.39892   0.05180  
  4 616.9871 1258407.861575  x:  1.15436   4.39861   0.05232  
  5  0.0055 1258407.706294  x:  1.15710   4.39832   0.05213  
  6  0.0023 1258407.706060  x:  1.15715   4.39911   0.05213  
  7  0.0006 1258407.706060  x:  1.15715   4.39911   0.05213  

7 (Bom_pas) ... 5 (And_mar)
  0  0.0000 1258142.970430  x:  1.22219   3.88001   0.05153  
  1 99.0000 1258105.461742  x:  1.22165   3.88009   0.04862  
  2 24751.7554 1257889.074924  x:  1.11090   3.89827   0.05319  
  3 3673.9196 1257845.896392  x:  1.13610   4.20837   0.05286  
  4 294.5605 1257845.551777  x:  1.13186   4.20839   0.05298  
  5  0.0048 1257845.551435  x:  1.13183   4.20773   0.05297  
  6  0.0006 1257845.551435  x:  1.13183   4.20773   0.05297  

7 (Bom_pas) ... 6 (And_tri)
  0  0.0000 1266110.941752  x:  0.97071   3.62059   0.13376  
  1 99.0000 1258026.925356  x:  0.96534   3.62122   0.05876  
  2 153324.4254 1257769.358796  x:  1.03584   3.62413   0.05044  
  3 7115.6105 1257597.477714  x:  1.06421   4.22129   0.05102  
  4 627.5031 1257433.228701  x:  1.11493   4.19164   0.05411  
  5  0.1130 1257422.203011  x:  1.13483   4.20182   0.05224  
  6  0.0166 1257422.103897  x:  1.13635   4.21467   0.05228  
  7  0.0105 1257422.103564  x:  1.13637   4.21506   0.05227  
  8  0.0004 1257422.103564  x:  1.13637   4.21507   0.05227  