

2 (And_ful) ... 1 (And_bic)
  0  0.0000 1082102.941977  x:  0.16641   1.64889   0.49631  
  1 99.0000 1079484.641484  x:  0.11338   1.66871   0.38230  
  2 36086.4394 1068243.108215  x:  0.10117   1.72427   0.05397  
  3 227165.8077 1067135.767497  x:  0.10691   2.55044   0.10598  
  4 3511.8638 1064252.099247  x:  0.12842   3.22040   0.04427  
  5  2.3317 1063324.966792  x:  0.15472   3.37573   0.07084  
  6  0.1710 1063109.378039  x:  0.16709   3.60513   0.05593  
  7  0.1876 1063103.494964  x:  0.16675   3.77391   0.05726  
  8  0.0427 1063103.366108  x:  0.16667   3.77831   0.05683  
  9  0.0044 1063103.361398  x:  0.16657   3.77785   0.05685  
 10  0.0004 1063103.361397  x:  0.16657   3.77780   0.05685  
 11  0.0001 1063103.361397  x:  0.16657   3.77780   0.05685  
 12  0.0000 1063103.361397  x:  0.16657   3.77780   0.05685  
 13  0.0000 1063103.361397  x:  0.16657   3.77780   0.05685  
 14  0.0159 1063103.361397  x:  0.16657   3.77780   0.05685  
 15  0.0013 1063103.361397  x:  0.16657   3.77780   0.05685  
 16  0.0003 1063103.361397  x:  0.16657   3.77780   0.05685  
check convergence!


3 (And_hae) ... 1 (And_bic)
  0  0.0000 1059345.251783  x:  0.13878   3.19385   0.08208  
  1 99.0000 1058957.371915  x:  0.16093   3.19418   0.06462  
  2 28138.4763 1058919.886644  x:  0.15820   3.19442   0.05704  
  3 9897.3964 1058868.797072  x:  0.15794   3.68187   0.05931  
  4 228.5371 1058867.650700  x:  0.15655   3.67641   0.05947  
  5  0.0056 1058867.650138  x:  0.15654   3.67485   0.05948  
  6  0.0013 1058867.650132  x:  0.15654   3.67477   0.05948  

3 (And_hae) ... 2 (And_ful)
  0  0.0000 1057267.327108  x:  0.12927   3.29611   0.09128  
  1 99.0000 1056609.121118  x:  0.15974   3.29649   0.07307  
  2 39650.5357 1056485.972335  x:  0.15714   3.29691   0.05768  
  3 16592.6080 1056380.236816  x:  0.15678   4.05619   0.06136  
  4 314.2905 1056375.978300  x:  0.15426   4.05255   0.06057  
  5  0.0041 1056375.937460  x:  0.15416   4.05093   0.06083  
  6  0.0018 1056375.937309  x:  0.15417   4.04993   0.06083  
  7  0.0007 1056375.937308  x:  0.15417   4.04992   0.06083  

4 (And_hat) ... 1 (And_bic)
  0  0.0000 1036982.300837  x:  0.11359   3.67225   0.06320  
  1 99.0000 1036963.833416  x:  0.11846   3.67224   0.06324  
  2 8040.0786 1036963.786322  x:  0.11848   3.67222   0.06289  
  3 268.4713 1036963.187865  x:  0.11847   3.60911   0.06267  
  4 18.7923 1036963.153163  x:  0.11827   3.60884   0.06266  
  5  0.0003 1036963.153162  x:  0.11827   3.60885   0.06266  
  6  0.0000 1036963.153162  x:  0.11827   3.60885   0.06266  

4 (And_hat) ... 2 (And_ful)
  0  0.0000 1060584.704443  x:  0.16298   3.08558   0.14132  
  1 99.0000 1058778.166244  x:  0.13771   3.08736   0.06578  
  2 36406.9857 1058552.554800  x:  0.14814   3.08789   0.04998  
  3 36258.1468 1058298.956569  x:  0.15206   4.20295   0.05763  
  4 536.6067 1058271.952953  x:  0.15793   4.10559   0.05998  
  5  0.1441 1058270.843687  x:  0.15843   4.08790   0.05861  
  6  0.0157 1058270.832952  x:  0.15841   4.07947   0.05860  
  7  0.0059 1058270.832907  x:  0.15840   4.07950   0.05860  
  8  0.0000 1058270.832907  x:  0.15840   4.07950   0.05860  

4 (And_hat) ... 3 (And_hae)
  0  0.0000 1054618.724963  x:  0.15628   3.61682   0.04591  
  1 99.0000 1054473.976231  x:  0.15109   3.61690   0.06075  
  2 20525.6982 1054472.139169  x:  0.14945   3.61703   0.06036  
  3 2169.1500 1054438.358618  x:  0.14966   4.07825   0.06157  
  4 158.1139 1054438.355491  x:  0.14962   4.07763   0.06151  
  5  0.0005 1054438.355412  x:  0.14963   4.07761   0.06150  
  6  0.0000 1054438.355412  x:  0.14963   4.07763   0.06150  
  7  0.0000 1054438.355412  x:  0.14963   4.07763   0.06150  
  8  0.0000 1054438.355412  x:  0.14963   4.07764   0.06150  

5 (And_mar) ... 1 (And_bic)
  0  0.0000 1018163.125922  x:  0.09434   3.42764   0.11260  
  1 99.0000 1017967.895827  x:  0.08241   3.42767   0.09915  
  2 20751.7280 1017637.310379  x:  0.08589   3.42771   0.06036  
  3 26862.4172 1017626.664946  x:  0.08581   3.16787   0.05868  
  4 75.7986 1017613.848909  x:  0.08880   3.13156   0.06105  
  5  0.0418 1017613.364459  x:  0.08907   3.14115   0.05998  
  6  0.0157 1017613.364353  x:  0.08907   3.14107   0.05996  
  7  0.0001 1017613.364353  x:  0.08907   3.14110   0.05996  

5 (And_mar) ... 2 (And_ful)
  0  0.0000 1066226.263794  x:  0.16654   2.88149   0.17124  
  1 99.0000 1063307.512828  x:  0.13952   2.88443   0.06405  
  2 39038.9156 1063033.744566  x:  0.15081   2.88502   0.04765  
  3 45713.6620 1062713.979343  x:  0.15686   4.00442   0.05684  
  4 675.4986 1062666.660714  x:  0.16449   3.84222   0.05977  
  5  0.2647 1062664.403470  x:  0.16521   3.81444   0.05787  
  6  0.0227 1062664.387973  x:  0.16517   3.80545   0.05786  
  7  0.0066 1062664.387867  x:  0.16516   3.80557   0.05786  

5 (And_mar) ... 3 (And_hae)
  0  0.0000 1059320.440806  x:  0.16082   3.21374   0.13409  
  1 99.0000 1058045.472253  x:  0.13445   3.21471   0.07462  
  2 33657.8759 1057789.292747  x:  0.14413   3.21509   0.05495  
  3 36694.4409 1057714.778524  x:  0.14570   3.81629   0.05883  
  4 272.2168 1057668.076017  x:  0.15306   3.71230   0.06258  
  5  0.1450 1057666.940909  x:  0.15367   3.70942   0.06119  
  6  0.0033 1057666.938568  x:  0.15366   3.70583   0.06117  
  7  0.0030 1057666.938563  x:  0.15366   3.70583   0.06117  

5 (And_mar) ... 4 (And_hat)
  0  0.0000 1034821.664932  x:  0.09815   3.38596   0.05598  
  1 99.0000 1034558.220207  x:  0.11445   3.38599   0.06033  
  2 33056.0498 1034550.585962  x:  0.11375   3.38608   0.06484  
  3 3567.6791 1034540.171853  x:  0.11371   3.64458   0.06582  
  4 84.3156 1034540.167526  x:  0.11369   3.64387   0.06571  
  5  0.0006 1034540.167522  x:  0.11369   3.64391   0.06571  

6 (And_tri) ... 1 (And_bic)
  0  0.0000 1034093.456678  x:  0.10881   3.21621   0.05995  
  1 99.0000 1034072.382269  x:  0.11369   3.21619   0.05895  
  2 8624.0725 1034071.409390  x:  0.11361   3.21614   0.05746  
  3 1300.9334 1034068.918165  x:  0.11362   3.10955   0.05703  
  4 44.0393 1034068.912917  x:  0.11359   3.10485   0.05700  
  5  0.0049 1034068.912910  x:  0.11359   3.10490   0.05700  

6 (And_tri) ... 2 (And_ful)
  0  0.0000 1061329.555752  x:  0.13275   2.74943   0.16729  
  1 99.0000 1059147.048473  x:  0.19442   2.75186   0.08505  
  2 45720.5302 1058351.507717  x:  0.19007   2.75295   0.04666  
  3 70683.6960 1057988.780501  x:  0.18520   4.02360   0.05616  
  4 702.7968 1057563.744563  x:  0.15703   3.87122   0.05335  
  5  0.1524 1057557.075713  x:  0.15651   3.74112   0.05547  
  6  0.1325 1057556.091184  x:  0.15688   3.68449   0.05457  
  7  0.0523 1057556.086631  x:  0.15684   3.68635   0.05450  
  8  0.0020 1057556.086617  x:  0.15685   3.68648   0.05450  

6 (And_tri) ... 3 (And_hae)
  0  0.0000 1054650.273148  x:  0.12388   3.36883   0.07038  
  1 99.0000 1054190.181645  x:  0.14917   3.36893   0.06379  
  2 37733.1774 1054168.700878  x:  0.14863   3.36906   0.05751  
  3 6594.8950 1054155.956481  x:  0.14862   3.62265   0.05853  
  4 105.0325 1054155.862403  x:  0.14835   3.62226   0.05825  
  5  0.0005 1054155.860591  x:  0.14831   3.62225   0.05830  
  6  0.0001 1054155.860591  x:  0.14831   3.62223   0.05830  
  7  0.0000 1054155.860591  x:  0.14831   3.62223   0.05830  

6 (And_tri) ... 4 (And_hat)
  0  0.0000 1034777.297794  x:  0.11350   3.32162   0.17667  
  1 99.0000 1033702.444416  x:  0.08893   3.32264   0.10632  
  2 25492.4118 1033005.840145  x:  0.09490   3.32333   0.05722  
  3 117614.6598 1032971.584892  x:  0.09583   3.80275   0.06089  
  4 150.1283 1032716.745739  x:  0.11086   3.46658   0.06520  
  5  0.3882 1032711.356916  x:  0.11155   3.52035   0.06186  
  6  0.0829 1032711.340289  x:  0.11168   3.51686   0.06183  
  7  0.0031 1032711.340195  x:  0.11168   3.51737   0.06184  
  8  0.0005 1032711.340195  x:  0.11168   3.51739   0.06184  
  9  0.0000 1032711.340195  x:  0.11168   3.51739   0.06184  
check convergence!


6 (And_tri) ... 5 (And_mar)
  0  0.0000 1032235.255473  x:  0.09788   3.09772   0.07249  
  1 99.0000 1032088.416693  x:  0.11017   3.09774   0.06881  
  2 23919.2254 1032063.687703  x:  0.10974   3.09780   0.06051  
  3 5994.4932 1032063.607067  x:  0.10973   3.11788   0.06061  
  4  8.1281 1032063.560329  x:  0.10950   3.11755   0.06062  
  5  0.0004 1032063.560326  x:  0.10950   3.11756   0.06063  
  6  0.0000 1032063.560326  x:  0.10950   3.11756   0.06063  

7 (Bom_pas) ... 1 (And_bic)
  0  0.0000 1309996.307331  x:  1.30695   2.83025   0.17707  
  1 99.0000 1283788.194884  x:  1.28121   2.83364   0.04461  
  2 221029.2585 1283578.747867  x:  1.22649   2.85277   0.05359  
  3 7935.5405 1282601.456576  x:  1.34162   4.10439   0.05226  
  4 2008.3816 1281708.124096  x:  1.11147   4.00895   0.05590  
  5  0.2390 1281695.015897  x:  1.12958   4.09810   0.05396  
  6  0.0768 1281693.939740  x:  1.12406   4.11515   0.05407  
  7  0.0212 1281693.833771  x:  1.12498   4.12685   0.05416  
  8  0.0088 1281693.833578  x:  1.12504   4.12720   0.05415  

7 (Bom_pas) ... 2 (And_ful)
  0  0.0000 1312622.740477  x:  1.37904   3.58419   0.17231  
  1 99.0000 1287062.736178  x:  1.35737   3.58621   0.04462  
  2 227350.7436 1286951.326314  x:  1.31585   3.59712   0.05077  
  3 5533.0978 1286521.429499  x:  1.38982   4.58672   0.04946  
  4 1022.5405 1286095.724898  x:  1.20893   4.42032   0.05245  
  5  0.2296 1286092.700138  x:  1.21710   4.45763   0.05150  
  6  0.0345 1286092.614943  x:  1.21509   4.45942   0.05153  
  7  0.0034 1286092.612241  x:  1.21523   4.46184   0.05154  
  8  0.0019 1286092.612241  x:  1.21524   4.46186   0.05154  
  9  0.0000 1286092.612241  x:  1.21524   4.46186   0.05154  
 10  0.0000 1286092.612241  x:  1.21524   4.46186   0.05154  

7 (Bom_pas) ... 3 (And_hae)
  0  0.0000 1291509.016442  x:  1.24552   3.83692   0.11248  
  1 99.0000 1282782.092246  x:  1.23820   3.83748   0.04931  
  2 195871.0411 1282601.543474  x:  1.15145   3.85291   0.05758  
  3 4210.5877 1282518.192958  x:  1.18353   4.27443   0.05673  
  4 420.9959 1282411.577698  x:  1.12917   4.25419   0.05519  
  5  0.0921 1282409.840118  x:  1.13631   4.26059   0.05441  
  6  0.0110 1282409.837691  x:  1.13605   4.25928   0.05440  
  7  0.0013 1282409.837668  x:  1.13605   4.25908   0.05440  
  8  0.0002 1282409.837668  x:  1.13605   4.25908   0.05440  

7 (Bom_pas) ... 4 (And_hat)
  0  0.0000 1293501.001828  x:  1.04195   3.66568   0.14721  
  1 99.0000 1282268.192971  x:  1.03200   3.66658   0.05734  
  2 168565.5557 1282208.406757  x:  1.06502   3.67125   0.05303  
  3 3464.7754 1282022.320427  x:  1.09646   4.29205   0.05341  
  4 674.9009 1281962.342923  x:  1.13511   4.28474   0.05456  
  5  0.0660 1281960.151333  x:  1.14273   4.28911   0.05368  
  6  0.0077 1281960.135776  x:  1.14345   4.29402   0.05368  
  7  0.0041 1281960.135687  x:  1.14343   4.29429   0.05368  

7 (Bom_pas) ... 5 (And_mar)
  0  0.0000 1294477.842975  x:  0.99486   3.68983   0.16538  
  1 99.0000 1281469.724499  x:  0.98267   3.69080   0.05998  
  2 161319.0198 1281348.138936  x:  1.02427   3.69225   0.05371  
  3 5611.3107 1281252.840099  x:  1.04569   4.12882   0.05401  
  4 465.8373 1281101.741639  x:  1.10293   4.10620   0.05597  
  5  0.1097 1281096.397354  x:  1.11481   4.11937   0.05458  
  6  0.0148 1281096.346430  x:  1.11605   4.12683   0.05460  
  7  0.0065 1281096.346354  x:  1.11606   4.12708   0.05460  
  8  0.0002 1281096.346354  x:  1.11605   4.12709   0.05460  

7 (Bom_pas) ... 6 (And_tri)
  0  0.0000 1286581.145857  x:  0.97211   3.71108   0.11536  
  1 99.0000 1281555.676473  x:  0.96922   3.71142   0.06041  
  2 139696.3435 1281273.569527  x:  1.05252   3.71302   0.05199  
  3 6747.3321 1281187.826195  x:  1.07590   4.21066   0.05231  
  4 442.8939 1281081.575410  x:  1.10821   4.16788   0.05546  
  5  0.1033 1281075.295068  x:  1.12003   4.12718   0.05421  
  6  0.0340 1281075.213450  x:  1.12148   4.13995   0.05415  
  7  0.0105 1281075.213239  x:  1.12153   4.13985   0.05416  
  8  0.0001 1281075.213239  x:  1.12153   4.13985   0.05416  