

2 (And_ful) ... 1 (And_bic)
  0  0.0000 1015314.827949  x:  0.15824   1.39268   0.51644  
  1 99.0000 1009661.457179  x:  0.08742   1.45635   0.24575  
  2 31586.0774 1004569.615344  x:  0.07752   1.49980   0.05738  
  3 798343.7178 1000293.723931  x:  0.10452   3.88977   0.15733  
  4 5863.9889 996858.553425  x:  0.12230   3.96242   0.05162  
  5  0.2746 995991.186137  x:  0.15055   4.09411   0.07708  
  6  0.0793 995741.057973  x:  0.16161   4.07406   0.05607  
  7  0.0454 995727.134219  x:  0.16511   3.91649   0.05800  
  8  0.0587 995719.632530  x:  0.16493   3.75037   0.05528  
  9  0.0877 995718.089009  x:  0.16357   3.71369   0.05606  
 10  0.0344 995718.083461  x:  0.16351   3.71754   0.05603  
 11  0.0043 995718.083458  x:  0.16351   3.71746   0.05603  
 12  0.0001 995718.083458  x:  0.16351   3.71746   0.05603  
 13  0.0000 995718.083458  x:  0.16351   3.71746   0.05603  
check convergence!


3 (And_hae) ... 1 (And_bic)
  0  0.0000 993829.561005  x:  0.14829   3.35634   0.13172  
  1 99.0000 992289.972753  x:  0.15825   3.35732   0.05681  
  2 29807.0334 992285.518998  x:  0.15555   3.35744   0.05615  
  3 3205.3775 992264.410675  x:  0.15516   3.67763   0.05877  
  4 138.7338 992262.672448  x:  0.15570   3.69959   0.05716  
  5  0.0541 992262.667589  x:  0.15568   3.70420   0.05713  
  6  0.0042 992262.667550  x:  0.15568   3.70442   0.05714  
  7  0.0002 992262.667550  x:  0.15568   3.70443   0.05714  
  8  0.0000 992262.667549  x:  0.15568   3.70442   0.05714  
  9  0.0000 992262.667549  x:  0.15568   3.70442   0.05714  
check convergence!


3 (And_hae) ... 2 (And_ful)
  0  0.0000 990942.560148  x:  0.15760   3.25761   0.10682  
  1 99.0000 990195.382291  x:  0.14211   3.25852   0.06254  
  2 27147.8341 990126.634297  x:  0.14998   3.25889   0.05450  
  3 15011.5820 989984.287916  x:  0.15162   4.17544   0.05993  
  4 358.9454 989983.412278  x:  0.15275   4.16190   0.06032  
  5  0.0179 989983.360358  x:  0.15285   4.15853   0.06000  
  6  0.0035 989983.359998  x:  0.15285   4.15687   0.06000  
  7  0.0011 989983.359997  x:  0.15285   4.15687   0.06000  
  8  0.0000 989983.359997  x:  0.15285   4.15687   0.06000  

4 (And_hat) ... 1 (And_bic)
  0  0.0000 971618.103339  x:  0.10015   3.48302   0.06404  
  1 99.0000 971362.909112  x:  0.11730   3.48304   0.06191  
  2 31305.6794 971354.826974  x:  0.11724   3.48307   0.05738  
  3 3476.9760 971354.594764  x:  0.11723   3.52305   0.05753  
  4 11.9378 971354.592734  x:  0.11720   3.52229   0.05747  
  5  0.0008 971354.592706  x:  0.11720   3.52226   0.05748  
  6  0.0000 971354.592706  x:  0.11720   3.52227   0.05748  
  7  0.0000 971354.592705  x:  0.11720   3.52229   0.05748  
  8  0.0000 971354.592705  x:  0.11720   3.52229   0.05748  
  9  0.0000 971354.592705  x:  0.11720   3.52229   0.05748  
 10  0.0537 971354.592705  x:  0.11720   3.52229   0.05748  
check convergence!


4 (And_hat) ... 2 (And_ful)
  0  0.0000 994257.352530  x:  0.12696   3.28897   0.15815  
  1 99.0000 992768.698268  x:  0.17966   3.28993   0.11104  
  2 47856.0284 991562.302697  x:  0.17787   3.29106   0.05174  
  3 52613.0423 991417.286169  x:  0.17644   4.21072   0.05850  
  4 361.5064 991219.765562  x:  0.15807   4.21230   0.05267  
  5  0.0172 991209.718910  x:  0.15627   4.15724   0.05642  
  6  0.1064 991209.538834  x:  0.15650   4.12410   0.05630  
  7  0.0254 991209.534966  x:  0.15644   4.12172   0.05626  
  8  0.0025 991209.534960  x:  0.15644   4.12178   0.05625  

4 (And_hat) ... 3 (And_hae)
  0  0.0000 989634.084846  x:  0.12288   3.47926   0.07926  
  1 99.0000 989007.325769  x:  0.15345   3.47950   0.06761  
  2 41666.0458 988940.829191  x:  0.15216   3.47982   0.05588  
  3 11211.9968 988863.964895  x:  0.15202   4.19186   0.05879  
  4 240.3766 988863.015132  x:  0.15097   4.19276   0.05807  
  5  0.0014 988862.993332  x:  0.15086   4.19285   0.05825  
  6  0.0002 988862.993328  x:  0.15086   4.19268   0.05825  
  7  0.0001 988862.993328  x:  0.15086   4.19268   0.05825  

5 (And_mar) ... 1 (And_bic)
  0  0.0000 953666.807712  x:  0.07043   3.47998   0.09101  
  1 99.0000 953312.161348  x:  0.08732   3.47997   0.08735  
  2 44599.1661 953181.383379  x:  0.08720   3.47985   0.06239  
  3 9635.7370 953162.734949  x:  0.08727   3.11007   0.06038  
  4 94.6479 953162.529005  x:  0.08699   3.10785   0.06104  
  5  0.0027 953162.505033  x:  0.08687   3.10918   0.06087  
  6  0.0015 953162.505025  x:  0.08687   3.10896   0.06087  
  7  0.0003 953162.505025  x:  0.08687   3.10897   0.06087  
  8  0.0000 953162.505025  x:  0.08687   3.10897   0.06087  
  9  0.0000 953162.505025  x:  0.08687   3.10897   0.06087  
 10  0.0000 953162.505025  x:  0.08687   3.10897   0.06087  
check convergence!


5 (And_mar) ... 2 (And_ful)
  0  0.0000 995837.017021  x:  0.17110   2.80142   0.08787  
  1 99.0000 995315.148417  x:  0.15560   2.80234   0.05760  
  2 27245.8964 995292.379572  x:  0.16042   2.80290   0.05329  
  3 7426.6763 995048.077067  x:  0.16195   3.82057   0.05957  
  4 575.5272 995046.726824  x:  0.16150   3.82859   0.05812  
  5  0.0097 995046.680815  x:  0.16178   3.83230   0.05802  
  6  0.0036 995046.679667  x:  0.16177   3.83484   0.05804  
  7  0.0016 995046.679664  x:  0.16177   3.83487   0.05804  
  8  0.0000 995046.679664  x:  0.16177   3.83487   0.05804  
  9  0.0000 995046.679664  x:  0.16177   3.83487   0.05804  

5 (And_mar) ... 3 (And_hae)
  0  0.0000 992872.178433  x:  0.14945   3.36601   0.12513  
  1 99.0000 991683.894738  x:  0.15082   3.36692   0.05902  
  2 27194.7560 991679.840598  x:  0.15349   3.36706   0.05877  
  3 3093.1527 991651.649406  x:  0.15357   3.74774   0.06177  
  4 157.8901 991650.328263  x:  0.15355   3.76435   0.06024  
  5  0.0374 991650.325857  x:  0.15357   3.76762   0.06021  
  6  0.0029 991650.325833  x:  0.15357   3.76782   0.06022  
  7  0.0002 991650.325832  x:  0.15357   3.76782   0.06022  

5 (And_mar) ... 4 (And_hat)
  0  0.0000 970412.954460  x:  0.10746   3.37170   0.15013  
  1 99.0000 969190.534669  x:  0.12669   3.37274   0.06638  
  2 22365.0512 969061.984024  x:  0.11822   3.37291   0.05330  
  3 30262.1922 969045.859475  x:  0.11725   3.70258   0.05570  
  4 100.9778 969016.978567  x:  0.11261   3.56565   0.06045  
  5  0.2986 969016.971033  x:  0.11266   3.56233   0.06054  
  6  0.0036 969016.971003  x:  0.11265   3.56246   0.06055  
  7  0.0001 969016.971003  x:  0.11265   3.56248   0.06055  
  8  0.0000 969016.971003  x:  0.11265   3.56248   0.06055  

6 (And_tri) ... 1 (And_bic)
  0  0.0000 970002.843484  x:  0.10773   3.21878   0.05876  
  1 99.0000 969979.341273  x:  0.11328   3.21872   0.05908  
  2 9068.3894 969979.285518  x:  0.11330   3.21768   0.05870  
  3 99.3452 969967.389591  x:  0.11331   2.98027   0.05804  
  4 806.9929 969967.322046  x:  0.11305   2.97288   0.05799  
  5  0.0073 969967.321740  x:  0.11304   2.97393   0.05800  
  6  0.0012 969967.321740  x:  0.11304   2.97393   0.05800  
  7  0.0000 969967.321740  x:  0.11304   2.97393   0.05800  
  8  0.0000 969967.321740  x:  0.11304   2.97393   0.05800  

6 (And_tri) ... 2 (And_ful)
  0  0.0000 992371.410804  x:  0.13401   2.97737   0.07606  
  1 99.0000 991923.612904  x:  0.15923   2.97778   0.06046  
  2 31515.0263 991889.094510  x:  0.15710   2.97813   0.05306  
  3 9226.1362 991782.855564  x:  0.15672   3.67537   0.05632  
  4 345.1778 991782.110972  x:  0.15566   3.67231   0.05591  
  5  0.0031 991782.108462  x:  0.15563   3.67146   0.05597  
  6  0.0008 991782.108435  x:  0.15563   3.67108   0.05597  

6 (And_tri) ... 3 (And_hae)
  0  0.0000 991369.595474  x:  0.12021   3.16669   0.10917  
  1 99.0000 990368.238642  x:  0.15941   3.16706   0.08641  
  2 48860.4162 989971.325974  x:  0.15708   3.16755   0.05500  
  3 26387.2091 989924.259180  x:  0.15673   3.64835   0.05790  
  4 211.7719 989903.921922  x:  0.15088   3.64232   0.05691  
  5  0.0071 989903.673225  x:  0.15071   3.63693   0.05757  
  6  0.0080 989903.672282  x:  0.15071   3.63474   0.05755  
  7  0.0018 989903.672281  x:  0.15071   3.63471   0.05755  
  8  0.0000 989903.672281  x:  0.15071   3.63471   0.05755  
check convergence!


6 (And_tri) ... 4 (And_hat)
  0  0.0000 970955.040723  x:  0.09540   3.40748   0.15806  
  1 99.0000 970403.068371  x:  0.12117   3.40767   0.13907  
  2 37716.6454 969143.681090  x:  0.12092   3.40845   0.05788  
  3 34214.2301 969143.154326  x:  0.12085   3.46656   0.05840  
  4 12.3154 969095.554775  x:  0.11322   3.45097   0.05698  
  5  0.0225 969094.989343  x:  0.11303   3.43393   0.05807  
  6  0.0455 969094.986515  x:  0.11299   3.43205   0.05803  
  7  0.0020 969094.986511  x:  0.11299   3.43197   0.05802  
  8  0.0001 969094.986511  x:  0.11299   3.43198   0.05802  
  9  0.0000 969094.986511  x:  0.11299   3.43198   0.05802  
 10  0.0000 969094.986511  x:  0.11299   3.43198   0.05802  
 11  0.0000 969094.986511  x:  0.11299   3.43198   0.05802  
 12  0.0000 969094.986511  x:  0.11299   3.43198   0.05802  
 13  0.0093 969094.986511  x:  0.11299   3.43198   0.05802  
check convergence!


6 (And_tri) ... 5 (And_mar)
  0  0.0000 969698.428495  x:  0.11264   3.11308   0.15925  
  1 99.0000 969028.975731  x:  0.09093   3.11353   0.11184  
  2 23487.5223 968372.449150  x:  0.09666   3.11399   0.05968  
  3 76587.4286 968369.948045  x:  0.09698   3.22955   0.06074  
  4 10.4989 968223.282427  x:  0.10833   2.95032   0.06498  
  5  1.2868 968217.888969  x:  0.10923   3.00990   0.06181  
  6  0.1008 968217.876287  x:  0.10933   3.01212   0.06189  
  7  0.0021 968217.876183  x:  0.10934   3.01158   0.06188  
  8  0.0006 968217.876183  x:  0.10934   3.01157   0.06188  

7 (Bom_pas) ... 1 (And_bic)
  0  0.0000 1208012.458649  x:  1.06706   2.85671   0.12189  
  1 99.0000 1199589.803982  x:  1.05904   2.85815   0.05262  
  2 168978.7752 1199442.307340  x:  1.00562   2.98637   0.05966  
  3 2172.3626 1198540.772052  x:  1.15256   4.13605   0.05343  
  4 7493.1952 1198489.098549  x:  1.12120   4.17378   0.05193  
  5  0.0737 1198482.459410  x:  1.10817   4.20178   0.05335  
  6  0.0314 1198482.364180  x:  1.11010   4.21455   0.05334  
  7  0.0082 1198482.359762  x:  1.10994   4.21626   0.05332  
  8  0.0016 1198482.359760  x:  1.10995   4.21626   0.05332  

7 (Bom_pas) ... 2 (And_ful)
  0  0.0000 1213529.761326  x:  1.32083   3.68771   0.11236  
  1 99.0000 1203318.734332  x:  1.31315   3.68847   0.04495  
  2 207948.0575 1203055.242407  x:  1.20137   3.71654   0.05530  
  3 4847.4163 1202767.951490  x:  1.27222   4.54638   0.05348  
  4 791.0049 1202563.100302  x:  1.18192   4.51714   0.05211  
  5  0.1389 1202559.533915  x:  1.19342   4.53283   0.05100  
  6  0.0229 1202559.519090  x:  1.19278   4.53302   0.05098  
  7  0.0007 1202559.519043  x:  1.19278   4.53334   0.05098  
  8  0.0002 1202559.519042  x:  1.19279   4.53337   0.05098  
  9  0.0000 1202559.519042  x:  1.19279   4.53337   0.05098  
check convergence!


7 (Bom_pas) ... 3 (And_hae)
  0  0.0000 1207047.893046  x:  1.23474   3.74365   0.10650  
  1 99.0000 1199580.458604  x:  1.22801   3.74424   0.04800  
  2 183419.6287 1199327.930716  x:  1.12106   3.76590   0.05771  
  3 4668.0469 1199171.872542  x:  1.16716   4.36180   0.05655  
  4 575.3677 1199049.572450  x:  1.11194   4.35629   0.05448  
  5  0.0877 1199047.906764  x:  1.11933   4.36350   0.05370  
  6  0.0121 1199047.905968  x:  1.11919   4.36331   0.05369  
  7  0.0002 1199047.905967  x:  1.11919   4.36328   0.05369  
  8  0.0000 1199047.905967  x:  1.11919   4.36327   0.05369  

7 (Bom_pas) ... 4 (And_hat)
  0  0.0000 1201767.266192  x:  1.03300   3.83359   0.09275  
  1 99.0000 1198975.822556  x:  1.03093   3.83384   0.05597  
  2 123071.8346 1198899.871670  x:  1.08423   3.84019   0.05175  
  3 2863.1755 1198782.574910  x:  1.11015   4.36731   0.05182  
  4 489.3860 1198767.577758  x:  1.12258   4.36873   0.05313  
  5  0.0215 1198767.033336  x:  1.12762   4.36897   0.05274  
  6  0.0042 1198767.032371  x:  1.12770   4.37058   0.05274  
  7  0.0013 1198767.032370  x:  1.12770   4.37058   0.05274  

7 (Bom_pas) ... 5 (And_mar)
  0  0.0000 1213258.975294  x:  0.92573   3.66529   0.18703  
  1 99.0000 1199037.404380  x:  0.91210   3.66657   0.06207  
  2 143748.9160 1198784.988646  x:  0.96506   3.66754   0.05294  
  3 8989.5559 1198634.587870  x:  0.99146   4.24068   0.05370  
  4 566.0687 1198300.866903  x:  1.07185   4.14717   0.05688  
  5  0.2367 1198280.208292  x:  1.09473   4.17925   0.05404  
  6  0.0303 1198279.809026  x:  1.09840   4.19763   0.05412  
  7  0.0152 1198279.807784  x:  1.09850   4.19848   0.05410  
  8  0.0009 1198279.807781  x:  1.09850   4.19853   0.05410  
  9  0.0001 1198279.807781  x:  1.09850   4.19853   0.05410  

7 (Bom_pas) ... 6 (And_tri)
  0  0.0000 1219174.552256  x:  1.27858   3.67865   0.16458  
  1 99.0000 1199042.029389  x:  1.25801   3.68019   0.04619  
  2 199673.0971 1198912.396091  x:  1.20790   3.68884   0.05358  
  3 5468.8195 1198761.600380  x:  1.24702   4.27141   0.05267  
  4 562.5787 1198390.181304  x:  1.09771   4.13166   0.05492  
  5  0.2518 1198382.674670  x:  1.10918   4.18094   0.05329  
  6  0.0490 1198382.520610  x:  1.10660   4.17903   0.05330  
  7  0.0040 1198382.520597  x:  1.10659   4.17911   0.05330  
  8  0.0001 1198382.520597  x:  1.10659   4.17913   0.05330  
  9  0.0000 1198382.520597  x:  1.10659   4.17913   0.05330  
 10  0.0000 1198382.520597  x:  1.10659   4.17913   0.05330  