Supplemental results for CODEML (seqf: /home/yzliu/eDNA/faststorage/yzliu/DK_proj/data/ref_genome/ref_annotation/primary_transcripts/extracted_cds_new/new_transcript_id_7_and_pas/bootstraps/cat.out.OG_cds_7_species_same_header_fas.shuf_537OG_658.phy  treef: xxx.trees)


pairwise comparison (Goldman & Yang 1994)
seq seq        N       S       dN       dS     dN/dS   Paras.
  2   1 471258.3 186173.7   0.0101   0.1686   0.0597   0.1649   3.7747   0.0597 -1015887.195
  3   1 470805.0 186627.0   0.0095   0.1576   0.0604   0.1546   3.6985   0.0604 -1011138.376
  3   2 469568.5 187863.5   0.0099   0.1517   0.0655   0.1513   4.1042   0.0655 -1009008.595
  4   1 471216.9 186215.1   0.0075   0.1197   0.0628   0.1178   3.6288   0.0628 -990772.859
  4   2 469127.5 188304.5   0.0101   0.1584   0.0635   0.1576   4.1611   0.0635 -1012023.700
  4   3 468350.4 189081.6   0.0095   0.1478   0.0642   0.1478   4.1117   0.0642 -1007350.143
  5   1 474248.1 183183.9   0.0057   0.0917   0.0617   0.0889   3.1928   0.0617 -972565.257
  5   2 470833.9 186598.1   0.0102   0.1656   0.0616   0.1630   3.8041   0.0616 -1015393.740
  5   3 470572.0 186860.0   0.0096   0.1527   0.0632   0.1509   3.7044   0.0632 -1009812.845
  5   4 471341.1 186090.9   0.0074   0.1138   0.0651   0.1126   3.5857   0.0651 -988097.260
  6   1 475938.6 181493.4   0.0069   0.1196   0.0580   0.1141   3.0088   0.0580 -988930.831
  6   2 471986.5 185445.5   0.0095   0.1610   0.0590   0.1567   3.6511   0.0590 -1011774.799
  6   3 471520.4 185911.6   0.0090   0.1495   0.0602   0.1462   3.5827   0.0602 -1006847.677
  6   4 472172.0 185260.0   0.0070   0.1148   0.0609   0.1121   3.4842   0.0609 -987247.986
  6   5 475574.1 181857.9   0.0070   0.1149   0.0609   0.1105   3.0295   0.0609 -987250.411
  7   1 470624.2 186807.8   0.0648   1.1600   0.0559   1.1280   4.0548   0.0559 -1228773.834
  7   2 466978.3 190453.7   0.0662   1.2254   0.0540   1.2060   4.3885   0.0540 -1232836.892
  7   3 469191.3 188240.7   0.0653   1.1575   0.0564   1.1340   4.2017   0.0564 -1229139.036
  7   4 469225.3 188206.7   0.0650   1.1657   0.0557   1.1402   4.2042   0.0557 -1229048.922
  7   5 470831.3 186600.7   0.0650   1.1452   0.0568   1.1148   4.0494   0.0568 -1228476.488
  7   6 470637.7 186794.3   0.0646   1.1526   0.0560   1.1211   4.0600   0.0560 -1228122.625

