Supplemental results for CODEML (seqf: /home/yzliu/eDNA/faststorage/yzliu/DK_proj/data/ref_genome/ref_annotation/primary_transcripts/extracted_cds_new/new_transcript_id_7_and_pas/bootstraps/cat.out.OG_cds_7_species_same_header_fas.shuf_537OG_596.phy  treef: xxx.trees)


pairwise comparison (Goldman & Yang 1994)
seq seq        N       S       dN       dS     dN/dS   Paras.
  2   1 479695.1 185620.9   0.0095   0.1725   0.0550   0.1649   3.6155   0.0550 -1026443.268
  3   1 478789.5 186526.5   0.0092   0.1637   0.0559   0.1575   3.5979   0.0559 -1023216.687
  3   2 477900.9 187415.1   0.0093   0.1575   0.0590   0.1531   3.9675   0.0590 -1020122.318
  4   1 478970.1 186345.9   0.0072   0.1242   0.0581   0.1199   3.5542   0.0581 -1002589.694
  4   2 477634.6 187681.4   0.0092   0.1617   0.0572   0.1568   3.9821   0.0572 -1021698.538
  4   3 476342.4 188973.6   0.0091   0.1543   0.0587   0.1509   4.0059   0.0587 -1019390.063
  5   1 481675.9 183640.1   0.0053   0.0945   0.0565   0.0898   3.1717   0.0565 -983564.339
  5   2 479466.5 185849.5   0.0095   0.1706   0.0558   0.1636   3.6333   0.0558 -1025997.784
  5   3 478998.1 186317.9   0.0092   0.1608   0.0575   0.1550   3.5582   0.0575 -1022499.607
  5   4 479441.4 185874.6   0.0071   0.1193   0.0596   0.1153   3.4812   0.0596 -1000217.896
  6   1 483574.3 181741.7   0.0065   0.1221   0.0533   0.1142   2.9649   0.0533 -999470.419
  6   2 480269.7 185046.3   0.0089   0.1635   0.0543   0.1557   3.5256   0.0543 -1021704.659
  6   3 479552.8 185763.2   0.0086   0.1556   0.0553   0.1489   3.4864   0.0553 -1018865.118
  6   4 480282.7 185033.3   0.0066   0.1181   0.0558   0.1128   3.3757   0.0558 -998167.954
  6   5 483926.1 181389.9   0.0066   0.1186   0.0559   0.1115   2.9194   0.0559 -998372.563
  7   1 476473.1 188842.9   0.0634   1.1945   0.0531   1.1534   4.0879   0.0531 -1241119.171
  7   2 472996.8 192319.2   0.0646   1.2676   0.0510   1.2371   4.4022   0.0510 -1245172.596
  7   3 474936.7 190379.3   0.0640   1.2005   0.0533   1.1675   4.2435   0.0533 -1241848.635
  7   4 475080.3 190235.7   0.0638   1.2023   0.0530   1.1679   4.2310   0.0530 -1241786.958
  7   5 476509.4 188806.6   0.0637   1.1911   0.0535   1.1509   4.0878   0.0535 -1241384.322
  7   6 476588.7 188727.3   0.0632   1.1868   0.0533   1.1458   4.0796   0.0533 -1240504.748

