

2 (And_ful) ... 1 (And_bic)
  0  0.0000 1045342.396526  x:  0.13312   1.38407   0.45685  
  1 99.0000 1043626.989365  x:  0.19145   1.39740   0.39519  
  2 46124.6127 1029460.863004  x:  0.20661   1.46906   0.04217  
  3 83830.5225 1029005.484524  x:  0.20360   1.77644   0.07163  
  4 3696.6130 1026943.249577  x:  0.18713   2.86916   0.03939  
  5  2.2965 1026504.139198  x:  0.16569   3.18060   0.05896  
  6  0.3182 1026459.678027  x:  0.16143   3.39333   0.05417  
  7  0.1306 1026446.993630  x:  0.16551   3.51428   0.05316  
  8  0.0655 1026443.323988  x:  0.16494   3.60867   0.05527  
  9  0.0529 1026443.268374  x:  0.16487   3.61499   0.05502  
 10  0.0057 1026443.268305  x:  0.16488   3.61548   0.05502  

3 (And_hae) ... 1 (And_bic)
  0  0.0000 1023279.270137  x:  0.16054   3.24628   0.04774  
  1 99.0000 1023243.309420  x:  0.15840   3.24638   0.05495  
  2 10080.5978 1023242.634148  x:  0.15734   3.24651   0.05477  
  3 1259.0539 1023216.688445  x:  0.15750   3.59947   0.05589  
  4 159.1496 1023216.686844  x:  0.15746   3.59807   0.05591  
  5  0.0013 1023216.686826  x:  0.15746   3.59792   0.05592  

3 (And_hae) ... 2 (And_ful)
  0  0.0000 1021183.978764  x:  0.15762   3.29082   0.11070  
  1 99.0000 1020298.049230  x:  0.14142   3.29164   0.06240  
  2 29265.0514 1020216.114139  x:  0.14978   3.29193   0.05379  
  3 17021.2847 1020125.285155  x:  0.15120   3.99961   0.05808  
  4 287.0806 1020122.393735  x:  0.15290   3.97449   0.05932  
  5  0.0386 1020122.318610  x:  0.15310   3.96895   0.05899  
  6  0.0052 1020122.318283  x:  0.15309   3.96751   0.05899  
  7  0.0011 1020122.318283  x:  0.15309   3.96751   0.05899  
  8  0.0000 1020122.318283  x:  0.15309   3.96751   0.05899  

4 (And_hat) ... 1 (And_bic)
  0  0.0000 1002918.453726  x:  0.11439   3.49934   0.09019  
  1 99.0000 1002634.684151  x:  0.12640   3.49952   0.06294  
  2 17703.6361 1002593.771410  x:  0.12155   3.49957   0.05590  
  3 12815.1344 1002592.992747  x:  0.12148   3.57274   0.05627  
  4 21.7114 1002589.695198  x:  0.11992   3.55450   0.05810  
  5  0.0265 1002589.694078  x:  0.11989   3.55427   0.05806  
  6  0.0003 1002589.694077  x:  0.11989   3.55422   0.05806  
  7  0.0000 1002589.694077  x:  0.11989   3.55421   0.05806  

4 (And_hat) ... 2 (And_ful)
  0  0.0000 1022813.986761  x:  0.14140   3.05343   0.10226  
  1 99.0000 1021945.830348  x:  0.16676   3.05443   0.05932  
  2 31620.3256 1021882.211811  x:  0.16081   3.05482   0.05134  
  3 14413.1248 1021701.098444  x:  0.15886   4.00617   0.05673  
  4 443.1320 1021698.556207  x:  0.15679   3.99056   0.05733  
  5  0.0213 1021698.538461  x:  0.15677   3.98383   0.05717  
  6  0.0055 1021698.537757  x:  0.15678   3.98210   0.05719  
  7  0.0013 1021698.537757  x:  0.15677   3.98210   0.05719  
  8  0.0000 1021698.537757  x:  0.15677   3.98210   0.05719  
  9  0.0000 1021698.537757  x:  0.15677   3.98210   0.05719  

4 (And_hat) ... 3 (And_hae)
  0  0.0000 1019683.661920  x:  0.13627   3.41130   0.07286  
  1 99.0000 1019464.744487  x:  0.15323   3.41156   0.06144  
  2 21936.4638 1019449.386491  x:  0.15154   3.41177   0.05652  
  3 6103.9306 1019390.242380  x:  0.15140   4.00708   0.05892  
  4 218.5282 1019390.063454  x:  0.15091   4.00596   0.05869  
  5  0.0012 1019390.063318  x:  0.15090   4.00592   0.05871  
  6  0.0000 1019390.063318  x:  0.15090   4.00591   0.05871  
  7  0.0000 1019390.063318  x:  0.15090   4.00591   0.05871  
  8  0.0000 1019390.063318  x:  0.15090   4.00591   0.05871  
check convergence!


5 (And_mar) ... 1 (And_bic)
  0  0.0000 983834.625913  x:  0.09435   3.39717   0.08918  
  1 99.0000 983706.056492  x:  0.08472   3.39718   0.07804  
  2 16789.7750 983575.067307  x:  0.08808   3.39717   0.05663  
  3 18624.8986 983568.403429  x:  0.08803   3.18373   0.05550  
  4 59.2188 983564.428494  x:  0.08970   3.16885   0.05694  
  5  0.0172 983564.339107  x:  0.08983   3.17189   0.05649  
  6  0.0041 983564.339096  x:  0.08983   3.17173   0.05649  
  7  0.0002 983564.339096  x:  0.08983   3.17175   0.05649  

5 (And_mar) ... 2 (And_ful)
  0  0.0000 1028970.628809  x:  0.13522   2.88795   0.14860  
  1 99.0000 1027128.782127  x:  0.19263   2.88943   0.08612  
  2 47419.7978 1026435.567539  x:  0.18817   2.89027   0.04947  
  3 53227.5189 1026240.198808  x:  0.18564   3.80754   0.05599  
  4 493.3822 1025999.682389  x:  0.16361   3.71212   0.05490  
  5  0.0909 1025997.977789  x:  0.16345   3.65979   0.05616  
  6  0.0629 1025997.784786  x:  0.16357   3.63324   0.05579  
  7  0.0234 1025997.784439  x:  0.16355   3.63324   0.05577  
  8  0.0000 1025997.784438  x:  0.16355   3.63326   0.05577  
  9  0.0000 1025997.784438  x:  0.16355   3.63326   0.05577  
 10  0.0000 1025997.784438  x:  0.16355   3.63326   0.05577  

5 (And_mar) ... 3 (And_hae)
  0  0.0000 1022979.927000  x:  0.12866   3.37054   0.06464  
  1 99.0000 1022514.336730  x:  0.15529   3.37061   0.06057  
  2 37163.9262 1022506.732382  x:  0.15512   3.37070   0.05687  
  3 4021.7563 1022499.619450  x:  0.15514   3.56206   0.05760  
  4 78.3219 1022499.606942  x:  0.15505   3.55831   0.05750  
  5  0.0035 1022499.606777  x:  0.15504   3.55816   0.05751  
  6  0.0001 1022499.606777  x:  0.15504   3.55821   0.05751  

5 (And_mar) ... 4 (And_hat)
  0  0.0000 1000808.609576  x:  0.09186   3.08710   0.06962  
  1 99.0000 1000272.164068  x:  0.11554   3.08719   0.06641  
  2 48898.9680 1000245.443567  x:  0.11545   3.08744   0.05805  
  3 6151.4598 1000217.956969  x:  0.11538   3.48090   0.05998  
  4 149.9471 1000217.896530  x:  0.11534   3.48105   0.05961  
  5  0.0005 1000217.896271  x:  0.11532   3.48125   0.05961  
  6  0.0002 1000217.896271  x:  0.11532   3.48125   0.05961  

6 (And_tri) ... 1 (And_bic)
  0  0.0000 1001145.613958  x:  0.10740   3.24207   0.14728  
  1 99.0000 999790.657987  x:  0.13271   3.24256   0.06423  
  2 25676.0808 999592.334578  x:  0.12465   3.24261   0.04700  
  3 42623.0892 999589.159993  x:  0.12500   3.11329   0.04623  
  4 35.2263 999470.908770  x:  0.11454   2.92406   0.05336  
  5  0.5074 999470.418860  x:  0.11421   2.96475   0.05328  
  6  0.0561 999470.418596  x:  0.11423   2.96498   0.05330  
  7  0.0003 999470.418595  x:  0.11423   2.96494   0.05330  

6 (And_tri) ... 2 (And_ful)
  0  0.0000 1025725.854063  x:  0.14320   2.71155   0.18440  
  1 99.0000 1022041.389776  x:  0.17283   2.71546   0.05318  
  2 36940.1101 1021930.548738  x:  0.16289   2.71594   0.04504  
  3 20706.5678 1021704.845417  x:  0.15596   3.54518   0.05402  
  4 616.6137 1021704.675388  x:  0.15556   3.53244   0.05429  
  5  0.0308 1021704.659441  x:  0.15567   3.52643   0.05433  
  6  0.0052 1021704.659088  x:  0.15566   3.52560   0.05431  
  7  0.0007 1021704.659088  x:  0.15566   3.52561   0.05431  
  8  0.0000 1021704.659088  x:  0.15566   3.52561   0.05431  
check convergence!


6 (And_tri) ... 3 (And_hae)
  0  0.0000 1019478.191385  x:  0.12062   3.04320   0.05169  
  1 99.0000 1018909.818472  x:  0.14865   3.04333   0.05482  
  2 43478.9123 1018909.067071  x:  0.14881   3.04353   0.05370  
  3 1290.0711 1018865.144799  x:  0.14879   3.48780   0.05551  
  4 220.5629 1018865.118342  x:  0.14890   3.48650   0.05532  
  5  0.0012 1018865.118200  x:  0.14892   3.48644   0.05533  
  6  0.0000 1018865.118200  x:  0.14892   3.48645   0.05533  
  7  0.0000 1018865.118200  x:  0.14892   3.48645   0.05533  

6 (And_tri) ... 4 (And_hat)
  0  0.0000 999334.038195  x:  0.11843   3.16028   0.12627  
  1 99.0000 998699.397632  x:  0.09728   3.16076   0.08791  
  2 26577.8074 998257.607121  x:  0.10355   3.16119   0.05240  
  3 52488.1926 998240.482548  x:  0.10401   3.47734   0.05457  
  4 112.7964 998169.452481  x:  0.11238   3.36390   0.05757  
  5  0.1323 998167.955456  x:  0.11280   3.37795   0.05582  
  6  0.0203 998167.954000  x:  0.11282   3.37572   0.05580  
  7  0.0021 998167.953999  x:  0.11282   3.37572   0.05580  
  8  0.0000 998167.953999  x:  0.11282   3.37572   0.05581  
  9  0.0000 998167.953999  x:  0.11282   3.37572   0.05581  
check convergence!


6 (And_tri) ... 5 (And_mar)
  0  0.0000 999420.328490  x:  0.09345   3.20152   0.11502  
  1 99.0000 998932.352689  x:  0.11659   3.20156   0.10155  
  2 39531.7913 998402.700029  x:  0.11548   3.20163   0.05760  
  3 24762.7861 998386.739026  x:  0.11562   2.92552   0.05557  
  4 109.7029 998372.594477  x:  0.11151   2.91607   0.05618  
  5  0.0088 998372.563095  x:  0.11149   2.91893   0.05594  
  6  0.0059 998372.562976  x:  0.11148   2.91943   0.05595  
  7  0.0006 998372.562975  x:  0.11148   2.91941   0.05595  

7 (Bom_pas) ... 1 (And_bic)
  0  0.0000 1255822.072969  x:  1.05014   2.74829   0.15331  
  1 99.0000 1242316.127465  x:  1.03736   2.75065   0.05430  
  2 176590.6966 1242227.196850  x:  1.07745   2.80300   0.04938  
  3 2625.0655 1241159.260501  x:  1.12362   3.95319   0.05671  
  4 6370.3535 1241123.087746  x:  1.13865   4.03214   0.05328  
  5  0.0626 1241119.513702  x:  1.15355   4.06287   0.05302  
  6  0.0368 1241119.171753  x:  1.15331   4.08772   0.05313  
  7  0.0168 1241119.171437  x:  1.15340   4.08785   0.05312  
  8  0.0002 1241119.171436  x:  1.15341   4.08785   0.05312  

7 (Bom_pas) ... 2 (And_ful)
  0  0.0000 1269403.121728  x:  1.35662   3.39784   0.16759  
  1 99.0000 1246091.157459  x:  1.33672   3.39994   0.04520  
  2 220005.7174 1245997.163709  x:  1.29723   3.41315   0.05093  
  3 4779.0369 1245478.099255  x:  1.38299   4.47330   0.04960  
  4 1200.1998 1245173.739901  x:  1.23235   4.37151   0.05153  
  5  0.1729 1245172.639622  x:  1.23809   4.39600   0.05095  
  6  0.0231 1245172.598451  x:  1.23689   4.39997   0.05098  
  7  0.0044 1245172.595742  x:  1.23713   4.40215   0.05099  
  8  0.0019 1245172.595742  x:  1.23713   4.40216   0.05099  

7 (Bom_pas) ... 3 (And_hae)
  0  0.0000 1264306.859838  x:  1.29913   3.87153   0.17491  
  1 99.0000 1242190.976530  x:  1.27732   3.87304   0.04816  
  2 202383.5031 1242133.730344  x:  1.24718   3.87830   0.05280  
  3 3896.1820 1242045.295431  x:  1.27629   4.32923   0.05222  
  4 419.0985 1241850.177961  x:  1.16320   4.21930   0.05397  
  5  0.1766 1241848.651585  x:  1.16844   4.24392   0.05327  
  6  0.0241 1241848.635404  x:  1.16753   4.24336   0.05328  
  7  0.0013 1241848.635399  x:  1.16753   4.24345   0.05328  
  8  0.0001 1241848.635399  x:  1.16753   4.24346   0.05328  

7 (Bom_pas) ... 4 (And_hat)
  0  0.0000 1244040.620468  x:  1.14570   3.51815   0.07919  
  1 99.0000 1242049.049926  x:  1.14376   3.51844   0.05240  
  2 125017.6788 1242019.609259  x:  1.10929   3.55175   0.05480  
  3 1205.0192 1241788.913811  x:  1.17392   4.22865   0.05336  
  4 1224.9463 1241787.009810  x:  1.16943   4.22996   0.05292  
  5  0.0067 1241786.958182  x:  1.16792   4.23104   0.05303  
  6  0.0017 1241786.958182  x:  1.16791   4.23103   0.05303  
  7  0.0000 1241786.958182  x:  1.16791   4.23103   0.05303  

7 (Bom_pas) ... 5 (And_mar)
  0  0.0000 1267328.192667  x:  1.34290   3.61569   0.18052  
  1 99.0000 1242093.892232  x:  1.31806   3.61766   0.04593  
  2 210099.1861 1241995.752434  x:  1.28067   3.62452   0.05192  
  3 5467.1770 1241833.899146  x:  1.32195   4.20994   0.05115  
  4 602.1941 1241390.246968  x:  1.14373   4.03284   0.05475  
  5  0.2540 1241384.446470  x:  1.15345   4.09095   0.05346  
  6  0.0527 1241384.322483  x:  1.15092   4.08846   0.05348  
  7  0.0048 1241384.322264  x:  1.15091   4.08783   0.05348  
  8  0.0005 1241384.322264  x:  1.15091   4.08783   0.05348  

7 (Bom_pas) ... 6 (And_tri)
  0  0.0000 1252110.750743  x:  1.20327   3.57634   0.12966  
  1 99.0000 1240748.402611  x:  1.19321   3.57719   0.05013  
  2 192003.5423 1240688.451996  x:  1.15046   3.58896   0.05500  
  3 2826.2212 1240560.870653  x:  1.18742   4.09137   0.05426  
  4 564.6778 1240504.935751  x:  1.14390   4.07520   0.05352  
  5  0.0706 1240504.748159  x:  1.14592   4.07900   0.05326  
  6  0.0045 1240504.747703  x:  1.14584   4.07952   0.05326  
  7  0.0005 1240504.747696  x:  1.14585   4.07963   0.05326  