

2 (And_ful) ... 1 (And_bic)
  0  0.0000 998545.315856  x:  0.16388   1.52868   0.45704  
  1 99.0000 996489.884253  x:  0.11463   1.54457   0.36916  
  2 35729.1719 986004.894808  x:  0.10432   1.60051   0.05054  
  3 153847.4864 985091.498611  x:  0.10889   2.29838   0.09780  
  4 3400.8899 982733.348770  x:  0.12967   2.95583   0.04283  
  5  2.1460 982104.852586  x:  0.15183   3.12097   0.06513  
  6  0.1869 981964.938654  x:  0.16192   3.36468   0.05380  
  7  0.1956 981951.301732  x:  0.15990   3.60139   0.05556  
  8  0.0619 981951.108082  x:  0.16035   3.61186   0.05522  
  9  0.0099 981951.103734  x:  0.16039   3.61371   0.05529  
 10  0.0016 981951.103733  x:  0.16039   3.61375   0.05529  
 11  0.0000 981951.103733  x:  0.16039   3.61375   0.05529  
 12  0.0000 981951.103733  x:  0.16039   3.61375   0.05529  
check convergence!


3 (And_hae) ... 1 (And_bic)
  0  0.0000 981827.003253  x:  0.14747   3.22253   0.18210  
  1 99.0000 978720.239116  x:  0.14508   3.22464   0.05598  
  2 32070.6135 978686.777844  x:  0.15245   3.22478   0.05372  
  3 9558.1422 978665.665633  x:  0.15306   3.51569   0.05720  
  4 151.8954 978664.776266  x:  0.15281   3.54207   0.05616  
  5  0.0884 978664.774270  x:  0.15285   3.54470   0.05616  
  6  0.0024 978664.774265  x:  0.15285   3.54476   0.05616  
  7  0.0001 978664.774265  x:  0.15285   3.54476   0.05616  

3 (And_hae) ... 2 (And_ful)
  0  0.0000 979920.815575  x:  0.15183   3.19376   0.17390  
  1 99.0000 977697.732077  x:  0.12676   3.19616   0.07101  
  2 31688.8286 977444.481582  x:  0.13454   3.19655   0.05701  
  3 50610.0151 977241.511428  x:  0.13854   4.26825   0.06576  
  4 441.1252 977149.972797  x:  0.15039   4.07068   0.06649  
  5  0.2568 977140.143361  x:  0.15093   4.08822   0.06194  
  6  0.0213 977140.132855  x:  0.15100   4.08492   0.06181  
  7  0.0033 977140.132708  x:  0.15100   4.08405   0.06182  
  8  0.0008 977140.132705  x:  0.15100   4.08397   0.06182  

4 (And_hat) ... 1 (And_bic)
  0  0.0000 958153.620908  x:  0.11508   3.51554   0.09773  
  1 99.0000 957828.089084  x:  0.10630   3.51570   0.06466  
  2 16788.7130 957778.190307  x:  0.11226   3.51572   0.05697  
  3 16091.1893 957777.756472  x:  0.11223   3.46234   0.05670  
  4 15.0352 957773.626415  x:  0.11354   3.44269   0.05915  
  5  0.0332 957773.596920  x:  0.11369   3.44536   0.05899  
  6  0.0026 957773.596892  x:  0.11369   3.44499   0.05898  
  7  0.0004 957773.596892  x:  0.11369   3.44500   0.05898  
  8  0.0000 957773.596892  x:  0.11369   3.44500   0.05898  
check convergence!


4 (And_hat) ... 2 (And_ful)
  0  0.0000 978529.342197  x:  0.14128   3.00437   0.04957  
  1 99.0000 978416.436278  x:  0.15303   3.00467   0.05580  
  2 17514.1688 978415.864428  x:  0.15355   3.00516   0.05492  
  3 999.6073 978244.884793  x:  0.15331   3.95463   0.05889  
  4 522.2071 978244.608658  x:  0.15370   3.94725   0.05825  
  5  0.0068 978244.607648  x:  0.15368   3.94550   0.05823  
  6  0.0014 978244.607618  x:  0.15368   3.94519   0.05823  
  7  0.0002 978244.607618  x:  0.15368   3.94518   0.05823  

4 (And_hat) ... 3 (And_hae)
  0  0.0000 976016.392847  x:  0.15951   3.54326   0.04595  
  1 99.0000 975880.535715  x:  0.14980   3.54337   0.05866  
  2 18004.0867 975878.688531  x:  0.14829   3.54351   0.05776  
  3 2110.9039 975843.147537  x:  0.14857   4.03062   0.05915  
  4 159.3245 975843.132513  x:  0.14856   4.02701   0.05897  
  5  0.0031 975843.132436  x:  0.14857   4.02684   0.05897  
  6  0.0002 975843.132436  x:  0.14857   4.02683   0.05897  

5 (And_mar) ... 1 (And_bic)
  0  0.0000 941430.808772  x:  0.07605   3.48651   0.15938  
  1 99.0000 941205.303737  x:  0.09036   3.48655   0.14665  
  2 25058.3287 940202.557679  x:  0.09007   3.48677   0.06025  
  3 29545.6047 940175.521791  x:  0.09027   3.05054   0.05612  
  4 114.3123 940149.568079  x:  0.08623   2.96779   0.06122  
  5  0.0981 940144.098672  x:  0.08487   3.02290   0.05839  
  6  0.1270 940144.085203  x:  0.08493   3.01903   0.05822  
  7  0.0045 940144.085090  x:  0.08493   3.01966   0.05822  
  8  0.0007 940144.085090  x:  0.08493   3.01965   0.05822  
  9  0.0000 940144.085090  x:  0.08493   3.01965   0.05822  

5 (And_mar) ... 2 (And_ful)
  0  0.0000 984782.424449  x:  0.13760   2.84843   0.13935  
  1 99.0000 983170.818437  x:  0.18602   2.85006   0.07387  
  2 39687.5008 982814.751520  x:  0.17951   2.85072   0.04959  
  3 40390.1273 982600.418161  x:  0.17633   3.83500   0.05599  
  4 511.0106 982470.743507  x:  0.16018   3.72515   0.05747  
  5  0.1235 982469.884921  x:  0.16031   3.65941   0.05752  
  6  0.0498 982469.871997  x:  0.16031   3.65545   0.05737  
  7  0.0043 982469.871995  x:  0.16032   3.65537   0.05737  
  8  0.0001 982469.871995  x:  0.16032   3.65537   0.05737  

5 (And_mar) ... 3 (And_hae)
  0  0.0000 982066.492840  x:  0.12804   3.28046   0.19079  
  1 99.0000 980577.822289  x:  0.18314   3.28155   0.12642  
  2 40077.6463 979115.839682  x:  0.18207   3.28264   0.05553  
  3 68648.8882 979068.979187  x:  0.18099   3.77869   0.05986  
  4 200.2023 978640.887671  x:  0.15227   3.70129   0.05592  
  5  0.0723 978633.921826  x:  0.15143   3.63581   0.05914  
  6  0.1514 978633.725066  x:  0.15161   3.60522   0.05889  
  7  0.0293 978633.723968  x:  0.15158   3.60465   0.05886  
  8  0.0006 978633.723957  x:  0.15159   3.60471   0.05885  
  9  0.0001 978633.723957  x:  0.15159   3.60472   0.05885  

5 (And_mar) ... 4 (And_hat)
  0  0.0000 957609.939637  x:  0.09927   3.25906   0.14086  
  1 99.0000 957152.868323  x:  0.12317   3.25942   0.11295  
  2 26737.7511 956491.541069  x:  0.12052   3.26007   0.05923  
  3 41152.3627 956481.159569  x:  0.12021   3.51879   0.06128  
  4 82.3590 956407.129981  x:  0.11047   3.46539   0.06200  
  5  0.0526 956407.114955  x:  0.11047   3.45965   0.06181  
  6  0.0072 956407.113232  x:  0.11047   3.45683   0.06184  
  7  0.0041 956407.113232  x:  0.11047   3.45683   0.06184  

6 (And_tri) ... 1 (And_bic)
  0  0.0000 956487.423012  x:  0.11809   3.26018   0.07920  
  1 99.0000 956316.435374  x:  0.10572   3.26009   0.06698  
  2 18817.8442 956254.943675  x:  0.10921   3.25992   0.05472  
  3 11798.5022 956215.744844  x:  0.10903   2.82059   0.05262  
  4 164.0253 956213.895877  x:  0.11025   2.81359   0.05370  
  5  0.0086 956213.863980  x:  0.11036   2.81576   0.05348  
  6  0.0027 956213.863947  x:  0.11036   2.81542   0.05348  
  7  0.0004 956213.863947  x:  0.11036   2.81543   0.05348  

6 (And_tri) ... 2 (And_ful)
  0  0.0000 979443.601730  x:  0.16710   2.76871   0.06512  
  1 99.0000 979254.920408  x:  0.15326   2.76916   0.05230  
  2 19745.2814 979254.627805  x:  0.15373   2.76976   0.05177  
  3 623.8580 979132.383277  x:  0.15394   3.47065   0.05536  
  4 673.8795 979132.272589  x:  0.15425   3.46777   0.05502  
  5  0.0027 979132.272168  x:  0.15423   3.46746   0.05500  
  6  0.0003 979132.272163  x:  0.15423   3.46732   0.05500  

6 (And_tri) ... 3 (And_hae)
  0  0.0000 978336.537817  x:  0.14943   3.21157   0.14320  
  1 99.0000 976662.576824  x:  0.13084   3.21262   0.06249  
  2 30828.1116 976501.157471  x:  0.14135   3.21282   0.04969  
  3 30040.4350 976475.141492  x:  0.14254   3.56688   0.05227  
  4 154.4309 976443.425448  x:  0.14745   3.44060   0.05661  
  5  0.2529 976442.848301  x:  0.14816   3.44604   0.05585  
  6  0.0050 976442.847027  x:  0.14815   3.44375   0.05582  
  7  0.0021 976442.847026  x:  0.14814   3.44378   0.05582  

6 (And_tri) ... 4 (And_hat)
  0  0.0000 958042.218451  x:  0.11831   2.98078   0.17124  
  1 99.0000 957373.012338  x:  0.09369   2.98139   0.13725  
  2 29387.8218 956079.951485  x:  0.09739   2.98281   0.05639  
  3 59224.7011 956051.740703  x:  0.09789   3.36265   0.06046  
  4 156.7863 955910.835216  x:  0.11004   3.32272   0.05491  
  5  0.0457 955907.489025  x:  0.11044   3.28843   0.05750  
  6  0.0867 955907.484830  x:  0.11050   3.28604   0.05745  
  7  0.0021 955907.484828  x:  0.11050   3.28610   0.05745  
  8  0.0001 955907.484828  x:  0.11050   3.28610   0.05745  

6 (And_tri) ... 5 (And_mar)
  0  0.0000 957957.624496  x:  0.10126   3.06821   0.18783  
  1 99.0000 956514.585163  x:  0.13754   3.06928   0.08308  
  2 23898.4583 956100.357457  x:  0.13165   3.06956   0.05010  
  3 87455.6982 956093.411948  x:  0.13075   3.27542   0.05160  
  4 44.6674 955679.455782  x:  0.10871   2.83112   0.05825  
  5  0.9390 955678.702900  x:  0.10834   2.86150   0.05736  
  6  0.0478 955678.683162  x:  0.10838   2.85477   0.05718  
  7  0.0080 955678.683108  x:  0.10838   2.85489   0.05718  
  8  0.0001 955678.683108  x:  0.10838   2.85487   0.05719  
  9  0.0000 955678.683108  x:  0.10838   2.85486   0.05719  
 10  0.0000 955678.683108  x:  0.10838   2.85486   0.05719  
check convergence!


7 (Bom_pas) ... 1 (And_bic)
  0  0.0000 1208831.275931  x:  1.33104   2.61833   0.13836  
  1 99.0000 1191300.661620  x:  1.31612   2.62074   0.04237  
  2 223128.7888 1190812.372367  x:  1.18460   2.67021   0.05874  
  3 8297.2461 1189829.156515  x:  1.31745   3.85167   0.05677  
  4 2142.5313 1188768.826737  x:  1.08809   3.85223   0.05846  
  5  0.2847 1188703.527867  x:  1.13172   3.96885   0.05346  
  6  0.1298 1188698.878417  x:  1.12147   4.00688   0.05343  
  7  0.0403 1188698.276901  x:  1.12335   4.03615   0.05367  
  8  0.0195 1188698.263050  x:  1.12403   4.03882   0.05360  
  9  0.0028 1188698.263045  x:  1.12402   4.03886   0.05360  

7 (Bom_pas) ... 2 (And_ful)
  0  0.0000 1194272.842230  x:  1.35667   3.62609   0.05127  
  1 99.0000 1194062.917918  x:  1.35590   3.62623   0.04463  
  2 59401.5810 1193537.652601  x:  1.16385   3.67355   0.05203  
  3 4793.3140 1193328.038541  x:  1.23215   4.35613   0.05124  
  4 686.4244 1193322.684600  x:  1.21691   4.37220   0.05127  
  5  0.0241 1193322.632015  x:  1.21799   4.37393   0.05113  
  6  0.0019 1193322.631823  x:  1.21803   4.37465   0.05113  
  7  0.0006 1193322.631823  x:  1.21803   4.37465   0.05113  

7 (Bom_pas) ... 3 (And_hae)
  0  0.0000 1206642.659761  x:  1.11147   3.75916   0.17541  
  1 99.0000 1190306.460719  x:  1.09316   3.76050   0.05501  
  2 166801.7325 1190300.875888  x:  1.10242   3.76425   0.05358  
  3 1085.9923 1190198.650419  x:  1.12735   4.24423   0.05380  
  4 551.5959 1190187.844186  x:  1.14893   4.24662   0.05380  
  5  0.0307 1190187.724061  x:  1.15028   4.24830   0.05359  
  6  0.0021 1190187.723686  x:  1.15039   4.24918   0.05359  
  7  0.0008 1190187.723685  x:  1.15039   4.24920   0.05359  
  8  0.0000 1190187.723685  x:  1.15039   4.24920   0.05359  

7 (Bom_pas) ... 4 (And_hat)
  0  0.0000 1200586.459996  x:  1.25490   3.52218   0.12206  
  1 99.0000 1189921.780069  x:  1.24554   3.52308   0.04758  
  2 193701.1911 1189742.702074  x:  1.16264   3.54358   0.05628  
  3 4400.4481 1189525.830683  x:  1.21703   4.21811   0.05508  
  4 722.6196 1189365.575022  x:  1.13973   4.19791   0.05391  
  5  0.1198 1189363.454890  x:  1.14813   4.21205   0.05303  
  6  0.0185 1189363.445142  x:  1.14771   4.21366   0.05302  
  7  0.0017 1189363.444931  x:  1.14775   4.21432   0.05302  
  8  0.0005 1189363.444930  x:  1.14776   4.21432   0.05302  
  9  0.0000 1189363.444930  x:  1.14776   4.21432   0.05302  

7 (Bom_pas) ... 5 (And_mar)
  0  0.0000 1199816.422947  x:  1.17440   3.75079   0.13441  
  1 99.0000 1188910.964039  x:  1.16358   3.75154   0.05162  
  2 176510.2858 1188874.062936  x:  1.13084   3.75802   0.05552  
  3 2268.5974 1188832.796996  x:  1.15218   4.08093   0.05508  
  4 295.1016 1188796.162994  x:  1.11570   4.04890   0.05450  
  5  0.0764 1188796.022927  x:  1.11691   4.04216   0.05429  
  6  0.0069 1188796.022186  x:  1.11676   4.04096   0.05430  
  7  0.0012 1188796.022184  x:  1.11676   4.04095   0.05430  

7 (Bom_pas) ... 6 (And_tri)
  0  0.0000 1194575.256329  x:  1.16190   3.69195   0.10267  
  1 99.0000 1189090.356731  x:  1.15686   3.69235   0.05142  
  2 160552.4236 1189054.099202  x:  1.11828   3.70257   0.05485  
  3 1816.3278 1189000.903785  x:  1.14040   4.00653   0.05441  
  4 346.6698 1188988.193906  x:  1.12633   4.01940   0.05348  
  5  0.0308 1188988.088837  x:  1.12808   4.03407   0.05341  
  6  0.0131 1188988.088454  x:  1.12797   4.03429   0.05342  
  7  0.0002 1188988.088454  x:  1.12797   4.03429   0.05342  