Supplemental results for CODEML (seqf: /home/yzliu/eDNA/faststorage/yzliu/DK_proj/data/ref_genome/ref_annotation/primary_transcripts/extracted_cds_new/new_transcript_id_8_bom_apis/bootstraps/cat.out.OG_cds_8_species_same_header_fas.shuf_211OG_577.phy  treef: xxx.trees)


pairwise comparison (Goldman & Yang 1994)
seq seq        N       S       dN       dS     dN/dS   Paras.
  2   1 174658.8  56080.2   0.0500   0.5970   0.0838   0.5488   4.2635   0.0838 -399777.311
  3   1 174703.2  56035.8   0.0512   0.6198   0.0826   0.5679   4.1578   0.0826 -401595.156
  3   2 171435.3  59303.7   0.0130   0.1186   0.1100   0.1205   4.6586   0.1100 -344237.457
  4   1 174782.1  55956.9   0.0492   0.6030   0.0815   0.5504   4.2637   0.0815 -399321.513
  4   2 170596.0  60143.0   0.0111   0.1034   0.1069   0.1054   5.5337   0.1069 -339995.543
  4   3 172114.8  58624.2   0.0080   0.0730   0.1097   0.0736   4.2698   0.1097 -332663.500
  5   1 174771.9  55967.1   0.0501   0.6098   0.0821   0.5575   4.2670   0.0821 -400083.267
  5   2 170775.4  59963.6   0.0123   0.1084   0.1138   0.1119   5.3662   0.1138 -341817.534
  5   3 172407.8  58331.2   0.0091   0.0739   0.1226   0.0764   4.0841   0.1226 -333747.710
  5   4 170918.8  59820.2   0.0073   0.0641   0.1136   0.0660   5.3411   0.1136 -330093.713
  6   1 174786.5  55952.5   0.0504   0.6083   0.0828   0.5570   4.2515   0.0828 -400226.798
  6   2 170719.0  60020.0   0.0127   0.1092   0.1162   0.1134   5.4110   0.1162 -342241.466
  6   3 172267.9  58471.1   0.0093   0.0742   0.1260   0.0773   4.1661   0.1260 -334046.164
  6   4 170748.1  59990.9   0.0078   0.0642   0.1220   0.0675   5.4903   0.1220 -330644.235
  6   5 170213.6  60525.4   0.0025   0.0199   0.1278   0.0213   6.0197   0.1278 -315817.560
  7   1 174821.9  55917.1   0.0510   0.6098   0.0837   0.5593   4.2764   0.0837 -400561.052
  7   2 170642.0  60097.0   0.0132   0.1114   0.1186   0.1164   5.5412   0.1186 -342950.250
  7   3 172031.3  58707.7   0.0095   0.0755   0.1261   0.0789   4.3591   0.1261 -334395.599
  7   4 170628.2  60110.8   0.0080   0.0661   0.1209   0.0694   5.6654   0.1209 -331085.535
  7   5 170891.2  59847.8   0.0084   0.0620   0.1349   0.0668   5.4147   0.1349 -330654.301
  7   6 170803.0  59936.0   0.0088   0.0619   0.1418   0.0677   5.4895   0.1418 -331058.901
  8   1 174715.0  56024.0   0.0502   0.6086   0.0824   0.5573   4.2690   0.0824 -400141.520
  8   2 170691.7  60047.3   0.0122   0.1082   0.1131   0.1117   5.3952   0.1131 -341754.715
  8   3 172390.2  58348.8   0.0089   0.0739   0.1210   0.0761   4.0655   0.1210 -333683.022
  8   4 170854.6  59884.4   0.0073   0.0643   0.1135   0.0663   5.3522   0.1135 -330216.963
  8   5 170626.8  60112.2   0.0021   0.0192   0.1112   0.0197   5.5588   0.1112 -315204.118
  8   6 169803.6  60935.4   0.0024   0.0204   0.1194   0.0216   6.4193   0.1194 -315892.920
  8   7 170869.9  59869.1   0.0082   0.0618   0.1335   0.0664   5.3869   0.1335 -330586.449

