

2 (And_ful) ... 1 (And_bic)
  0  0.0000 1015848.546872  x:  0.13796   1.41192   0.43473  
  1 99.0000 1013511.970711  x:  0.21980   1.43647   0.31495  
  2 39537.4498 1003616.444566  x:  0.24006   1.48798   0.04465  
  3 140977.4340 1002815.449146  x:  0.23128   2.06369   0.09013  
  4 3751.7392 999957.740166  x:  0.19895   3.13941   0.04168  
  5  1.8336 999237.715704  x:  0.16656   3.43206   0.06456  
  6  0.3895 999212.208799  x:  0.16193   3.51716   0.06036  
  7  0.0892 999208.775028  x:  0.16371   3.54104   0.05857  
  8  0.0200 999207.298528  x:  0.16412   3.61578   0.05956  
  9  0.0203 999207.218791  x:  0.16388   3.62571   0.05939  
 10  0.0095 999207.218778  x:  0.16388   3.62593   0.05939  

3 (And_hae) ... 1 (And_bic)
  0  0.0000 997210.684093  x:  0.13273   3.17007   0.07565  
  1 99.0000 996754.293823  x:  0.15945   3.17028   0.06620  
  2 34374.8633 996728.353991  x:  0.15851   3.17051   0.05937  
  3 7242.6583 996687.789132  x:  0.15846   3.60883   0.06141  
  4 200.0924 996687.479507  x:  0.15799   3.60796   0.06084  
  5  0.0011 996687.475503  x:  0.15792   3.60804   0.06090  
  6  0.0001 996687.475503  x:  0.15792   3.60800   0.06090  

3 (And_hae) ... 2 (And_ful)
  0  0.0000 996142.494620  x:  0.15927   3.29706   0.16545  
  1 99.0000 994560.776208  x:  0.12681   3.29853   0.08897  
  2 32522.4609 994094.695352  x:  0.13638   3.29916   0.05765  
  3 60350.1960 993968.526708  x:  0.13895   4.15970   0.06370  
  4 331.1641 993831.664166  x:  0.15287   3.92772   0.06784  
  5  0.2828 993828.305463  x:  0.15337   3.93275   0.06513  
  6  0.0064 993828.288133  x:  0.15335   3.92235   0.06504  
  7  0.0088 993828.288050  x:  0.15334   3.92224   0.06505  
  8  0.0001 993828.288049  x:  0.15334   3.92225   0.06505  
  9  0.0000 993828.288049  x:  0.15334   3.92225   0.06505  

4 (And_hat) ... 1 (And_bic)
  0  0.0000 975588.368303  x:  0.10348   3.50121   0.09426  
  1 99.0000 975310.832264  x:  0.12160   3.50126   0.08427  
  2 28388.9081 975164.602539  x:  0.12001   3.50136   0.06236  
  3 14411.6554 975164.455486  x:  0.12002   3.47090   0.06220  
  4  9.0475 975162.023157  x:  0.11826   3.46797   0.06273  
  5  0.0033 975162.015814  x:  0.11824   3.46857   0.06260  
  6  0.0009 975162.015813  x:  0.11824   3.46859   0.06260  

4 (And_hat) ... 2 (And_ful)
  0  0.0000 997697.176441  x:  0.17054   3.22777   0.14692  
  1 99.0000 996229.414628  x:  0.13410   3.22888   0.08697  
  2 36913.4209 995755.203687  x:  0.14314   3.22949   0.05546  
  3 46367.4367 995642.747763  x:  0.14519   4.00593   0.06065  
  4 325.1454 995548.695438  x:  0.15721   3.86822   0.06287  
  5  0.1633 995547.080701  x:  0.15762   3.86718   0.06109  
  6  0.0026 995547.070449  x:  0.15764   3.85929   0.06105  
  7  0.0065 995547.070391  x:  0.15763   3.85914   0.06105  
  8  0.0001 995547.070391  x:  0.15763   3.85914   0.06105  

4 (And_hat) ... 3 (And_hae)
  0  0.0000 996812.364295  x:  0.14157   3.51543   0.18659  
  1 99.0000 994230.323807  x:  0.17468   3.51738   0.06681  
  2 31009.5835 994066.207247  x:  0.16424   3.51765   0.05365  
  3 28044.6842 993994.067876  x:  0.16104   4.19990   0.05858  
  4 235.8650 993940.724107  x:  0.15287   3.97973   0.06325  
  5  0.4929 993940.339320  x:  0.15325   3.93870   0.06344  
  6  0.0421 993940.338048  x:  0.15324   3.93708   0.06339  
  7  0.0014 993940.338044  x:  0.15324   3.93717   0.06339  

5 (And_mar) ... 1 (And_bic)
  0  0.0000 957456.622411  x:  0.07220   3.45293   0.11524  
  1 99.0000 957083.471059  x:  0.08980   3.45293   0.10954  
  2 43939.2862 956701.918996  x:  0.08964   3.45295   0.06312  
  3 14743.5782 956685.968314  x:  0.08971   3.12760   0.06082  
  4 89.4646 956684.670012  x:  0.08899   3.10583   0.06231  
  5  0.0272 956684.394462  x:  0.08861   3.10923   0.06173  
  6  0.0045 956684.394073  x:  0.08861   3.11079   0.06174  
  7  0.0018 956684.394072  x:  0.08861   3.11079   0.06174  
  8  0.0000 956684.394072  x:  0.08861   3.11079   0.06174  
  9  0.0000 956684.394072  x:  0.08861   3.11079   0.06174  
 10  0.0000 956684.394072  x:  0.08861   3.11079   0.06174  
 11  0.0190 956684.394072  x:  0.08861   3.11079   0.06174  
 12  0.0066 956684.394072  x:  0.08861   3.11079   0.06174  
check convergence!


5 (And_mar) ... 2 (And_ful)
  0  0.0000 1000771.735080  x:  0.15347   2.97338   0.12698  
  1 99.0000 999396.858303  x:  0.16774   2.97473   0.05917  
  2 30438.8800 999384.701897  x:  0.16343   2.97502   0.05746  
  3 5308.8277 999305.723765  x:  0.16229   3.52831   0.06243  
  4 314.3415 999303.987024  x:  0.16312   3.54679   0.06087  
  5  0.0377 999303.974855  x:  0.16303   3.55149   0.06083  
  6  0.0043 999303.974584  x:  0.16303   3.55238   0.06084  
  7  0.0008 999303.974584  x:  0.16304   3.55239   0.06084  
  8  0.0000 999303.974584  x:  0.16304   3.55239   0.06084  

5 (And_mar) ... 3 (And_hae)
  0  0.0000 997731.196975  x:  0.16592   3.25048   0.11895  
  1 99.0000 996872.316691  x:  0.14216   3.25105   0.07397  
  2 29898.3149 996721.462379  x:  0.15087   3.25129   0.05861  
  3 22711.6340 996699.232855  x:  0.15157   3.57781   0.06064  
  4 143.6275 996681.320260  x:  0.15613   3.52801   0.06350  
  5  0.0695 996680.993129  x:  0.15654   3.52807   0.06278  
  6  0.0009 996680.992964  x:  0.15654   3.52719   0.06277  
  7  0.0008 996680.992964  x:  0.15654   3.52719   0.06277  

5 (And_mar) ... 4 (And_hat)
  0  0.0000 974167.744280  x:  0.11802   3.02903   0.08639  
  1 99.0000 974034.729054  x:  0.11038   3.02934   0.06912  
  2 13155.2817 974002.785096  x:  0.11466   3.02953   0.06208  
  3 11155.7016 973981.078928  x:  0.11483   3.37120   0.06418  
  4 135.5186 973980.719419  x:  0.11544   3.36715   0.06455  
  5  0.0048 973980.715201  x:  0.11547   3.36660   0.06445  
  6  0.0006 973980.715199  x:  0.11547   3.36649   0.06445  
  7  0.0001 973980.715199  x:  0.11547   3.36649   0.06445  

6 (And_tri) ... 1 (And_bic)
  0  0.0000 973097.797004  x:  0.09707   3.20922   0.12981  
  1 99.0000 972658.860881  x:  0.11986   3.20931   0.11229  
  2 32950.3566 972011.222363  x:  0.11831   3.20951   0.05931  
  3 29427.9319 972002.040246  x:  0.11845   2.99751   0.05762  
  4 81.7650 971972.444237  x:  0.11271   2.95888   0.06067  
  5  0.0374 971971.178000  x:  0.11226   2.97569   0.05915  
  6  0.0331 971971.177826  x:  0.11226   2.97529   0.05913  
  7  0.0004 971971.177825  x:  0.11227   2.97532   0.05913  

6 (And_tri) ... 2 (And_ful)
  0  0.0000 996658.118100  x:  0.16849   2.87090   0.10976  
  1 99.0000 995726.494300  x:  0.14347   2.87180   0.06655  
  2 32895.9953 995602.496139  x:  0.15141   2.87222   0.05377  
  3 19930.3733 995495.911938  x:  0.15294   3.53108   0.05819  
  4 364.0358 995487.904946  x:  0.15638   3.50234   0.05932  
  5  0.0374 995487.721431  x:  0.15658   3.49826   0.05875  
  6  0.0042 995487.720686  x:  0.15658   3.49632   0.05874  
  7  0.0015 995487.720683  x:  0.15658   3.49632   0.05874  
  8  0.0000 995487.720683  x:  0.15658   3.49632   0.05874  
  9  0.0000 995487.720683  x:  0.15658   3.49632   0.05874  

6 (And_tri) ... 3 (And_hae)
  0  0.0000 996672.196519  x:  0.12614   3.20356   0.17030  
  1 99.0000 995411.938810  x:  0.17401   3.20430   0.12503  
  2 43102.2225 994121.843423  x:  0.17240   3.20530   0.05785  
  3 52323.9871 994088.947753  x:  0.17176   3.59894   0.06134  
  4 175.7825 993885.005232  x:  0.15229   3.55111   0.05966  
  5  0.0438 993883.407729  x:  0.15200   3.52268   0.06127  
  6  0.0611 993883.376891  x:  0.15204   3.51082   0.06115  
  7  0.0108 993883.376863  x:  0.15204   3.51078   0.06114  
  8  0.0000 993883.376863  x:  0.15204   3.51079   0.06114  
  9  0.0000 993883.376863  x:  0.15204   3.51079   0.06114  

6 (And_tri) ... 4 (And_hat)
  0  0.0000 973411.153050  x:  0.10406   3.33573   0.12632  
  1 99.0000 972973.628212  x:  0.12663   3.33599   0.09575  
  2 24116.2083 972592.892939  x:  0.12237   3.33627   0.05946  
  3 37625.9098 972591.920372  x:  0.12224   3.41480   0.06000  
  4 18.8767 972534.385185  x:  0.11388   3.33264   0.06313  
  5  0.1169 972533.976044  x:  0.11370   3.33882   0.06216  
  6  0.0096 972533.975052  x:  0.11372   3.33689   0.06213  
  7  0.0020 972533.975052  x:  0.11372   3.33688   0.06213  
  8  0.0000 972533.975052  x:  0.11372   3.33688   0.06213  

6 (And_tri) ... 5 (And_mar)
  0  0.0000 972242.351629  x:  0.08778   3.16442   0.09420  
  1 99.0000 971699.289796  x:  0.11143   3.16442   0.08809  
  2 48657.8503 971540.659415  x:  0.11109   3.16437   0.06373  
  3 12181.1061 971527.921943  x:  0.11115   2.91919   0.06218  
  4 97.7045 971527.459175  x:  0.11054   2.91212   0.06283  
  5  0.0067 971527.424086  x:  0.11042   2.91377   0.06259  
  6  0.0021 971527.424062  x:  0.11042   2.91410   0.06259  
  7  0.0004 971527.424062  x:  0.11042   2.91410   0.06259  
  8  0.0000 971527.424062  x:  0.11042   2.91410   0.06259  

7 (Bom_pas) ... 1 (And_bic)
  0  0.0000 1213802.873068  x:  1.11365   2.62141   0.05624  
  1 99.0000 1213774.576816  x:  1.11326   2.62178   0.05348  
  2 19633.7916 1213530.928610  x:  1.02316   2.74165   0.05824  
  3 3168.7753 1212450.393980  x:  1.17160   3.91573   0.05678  
  4 4566.0527 1212428.147740  x:  1.15143   3.96264   0.05593  
  5  0.0401 1212427.578155  x:  1.14943   3.98106   0.05632  
  6  0.0151 1212427.557920  x:  1.15041   3.98625   0.05627  
  7  0.0031 1212427.557884  x:  1.15038   3.98639   0.05627  
  8  0.0001 1212427.557884  x:  1.15038   3.98639   0.05627  

7 (Bom_pas) ... 2 (And_ful)
  0  0.0000 1249726.208553  x:  1.54518   3.59412   0.19104  
  1 99.0000 1217907.538950  x:  1.51770   3.59675   0.04240  
  2 225989.9041 1217792.581525  x:  1.48030   3.60500   0.04834  
  3 6452.4574 1217428.533708  x:  1.55566   4.54467   0.04733  
  4 884.5668 1216462.957550  x:  1.23076   4.17383   0.05461  
  5  0.3407 1216455.320592  x:  1.24265   4.28794   0.05358  
  6  0.0922 1216455.041519  x:  1.23846   4.28336   0.05362  
  7  0.0103 1216455.019252  x:  1.23872   4.27908   0.05354  
  8  0.0034 1216455.019243  x:  1.23871   4.27895   0.05355  
  9  0.0001 1216455.019243  x:  1.23871   4.27895   0.05355  
 10  0.0000 1216455.019243  x:  1.23871   4.27895   0.05355  

7 (Bom_pas) ... 3 (And_hae)
  0  0.0000 1216721.647483  x:  1.05321   3.75039   0.10139  
  1 99.0000 1213628.128338  x:  1.05108   3.75064   0.06062  
  2 122178.6209 1213479.147055  x:  1.12455   3.75328   0.05433  
  3 4084.5299 1213415.919068  x:  1.14412   4.12058   0.05443  
  4 364.5794 1213379.735626  x:  1.16368   4.12132   0.05649  
  5  0.0347 1213378.448317  x:  1.17173   4.12234   0.05587  
  6  0.0065 1213378.445570  x:  1.17186   4.12485   0.05587  
  7  0.0022 1213378.445569  x:  1.17186   4.12485   0.05587  

7 (Bom_pas) ... 4 (And_hat)
  0  0.0000 1235381.701790  x:  1.35878   3.71883   0.17223  
  1 99.0000 1213686.888195  x:  1.33741   3.72049   0.04798  
  2 202807.4550 1213584.134963  x:  1.29354   3.72804   0.05453  
  3 4917.3892 1213473.841149  x:  1.32898   4.22069   0.05379  
  4 479.8737 1213102.504495  x:  1.16539   4.06542   0.05687  
  5  0.2498 1213096.107477  x:  1.17636   4.11927   0.05540  
  6  0.0512 1213095.974096  x:  1.17372   4.11620   0.05541  
  7  0.0052 1213095.973834  x:  1.17371   4.11548   0.05540  
  8  0.0006 1213095.973834  x:  1.17371   4.11548   0.05540  

7 (Bom_pas) ... 5 (And_mar)
  0  0.0000 1233157.548989  x:  1.24769   3.47147   0.18080  
  1 99.0000 1212740.806718  x:  1.22436   3.47340   0.05177  
  2 185424.5320 1212690.007438  x:  1.19601   3.48019   0.05641  
  3 3597.5202 1212551.149610  x:  1.23256   3.99453   0.05586  
  4 594.8584 1212407.158864  x:  1.14369   3.94916   0.05690  
  5  0.1204 1212406.443406  x:  1.14741   3.96508   0.05640  
  6  0.0157 1212406.436387  x:  1.14692   3.96626   0.05641  
  7  0.0014 1212406.436269  x:  1.14696   3.96670   0.05641  
  8  0.0004 1212406.436269  x:  1.14696   3.96670   0.05641  

7 (Bom_pas) ... 6 (And_tri)
  0  0.0000 1212671.536578  x:  1.06666   3.43258   0.05094  
  1 99.0000 1212475.468403  x:  1.06725   3.43262   0.05840  
  2 55709.8049 1212418.002305  x:  1.12175   3.44627   0.05616  
  3 2147.7426 1212264.055328  x:  1.14811   3.97824   0.05650  
  4 679.9168 1212263.157709  x:  1.15211   3.98035   0.05590  
  5  0.0041 1212263.154165  x:  1.15253   3.98210   0.05590  
  6  0.0015 1212263.154164  x:  1.15252   3.98214   0.05590  
  7  0.0000 1212263.154164  x:  1.15252   3.98214   0.05590  
  8  0.0000 1212263.154164  x:  1.15252   3.98214   0.05590  