Supplemental results for CODEML (seqf: /home/yzliu/eDNA/faststorage/yzliu/DK_proj/data/ref_genome/ref_annotation/primary_transcripts/extracted_cds_new/new_transcript_id_7_and_pas/bootstraps/cat.out.OG_cds_7_species_same_header_fas.shuf_537OG_452.phy  treef: xxx.trees)


pairwise comparison (Goldman & Yang 1994)
seq seq        N       S       dN       dS     dN/dS   Paras.
  2   1 469616.5 181746.5   0.0095   0.1692   0.0560   0.1622   3.6439   0.0560 -1003791.121
  3   1 469160.9 182202.1   0.0093   0.1604   0.0581   0.1548   3.5509   0.0581 -1001041.440
  3   2 468808.1 182554.9   0.0095   0.1536   0.0620   0.1497   3.8423   0.0620 -997956.328
  4   1 469333.4 182029.6   0.0072   0.1198   0.0600   0.1160   3.5257   0.0600 -979484.445
  4   2 467927.8 183435.2   0.0095   0.1591   0.0595   0.1548   3.9787   0.0595 -999922.940
  4   3 466875.6 184487.4   0.0093   0.1499   0.0622   0.1474   3.9490   0.0622 -996950.980
  5   1 472950.7 178412.3   0.0053   0.0916   0.0580   0.0868   3.0182   0.0580 -961257.414
  5   2 469122.7 182240.3   0.0096   0.1662   0.0578   0.1602   3.6842   0.0578 -1003233.001
  5   3 469058.7 182304.3   0.0094   0.1556   0.0602   0.1508   3.5404   0.0602 -999508.795
  5   4 469514.1 181848.9   0.0071   0.1150   0.0614   0.1116   3.4778   0.0614 -977236.370
  6   1 474187.5 177175.5   0.0067   0.1185   0.0563   0.1113   2.8957   0.0563 -977369.270
  6   2 470241.0 181122.0   0.0090   0.1623   0.0557   0.1549   3.5459   0.0557 -1000294.520
  6   3 470114.5 181248.5   0.0091   0.1523   0.0595   0.1468   3.4154   0.0595 -997468.452
  6   4 470775.7 180587.3   0.0070   0.1155   0.0602   0.1112   3.3298   0.0602 -976959.431
  6   5 474197.5 177165.5   0.0066   0.1140   0.0580   0.1075   2.8776   0.0580 -975393.286
  7   1 465324.2 186038.8   0.0635   1.2090   0.0525   1.1720   4.1645   0.0525 -1216189.430
  7   2 462228.0 189135.0   0.0647   1.2807   0.0506   1.2534   4.4528   0.0506 -1220169.468
  7   3 464153.4 187209.6   0.0640   1.2117   0.0528   1.1817   4.2830   0.0528 -1216946.631
  7   4 463839.9 187523.1   0.0637   1.2202   0.0522   1.1899   4.3288   0.0522 -1216507.841
  7   5 465662.3 185700.7   0.0633   1.1930   0.0531   1.1562   4.1367   0.0531 -1215408.853
  7   6 465359.9 186003.1   0.0634   1.2092   0.0524   1.1717   4.1675   0.0524 -1215932.516

