

2 (And_ful) ... 1 (And_bic)
  0  0.0000 1021055.588785  x:  0.17340   1.49445   0.45038  
  1 99.0000 1019219.193286  x:  0.12459   1.50588   0.38916  
  2 41591.3692 1007178.543916  x:  0.11633   1.56727   0.04905  
  3 93270.7926 1006446.265087  x:  0.11921   2.10469   0.08976  
  4 3458.2773 1004358.572776  x:  0.13920   2.83651   0.04305  
  5  2.2580 1003918.141038  x:  0.15740   3.03158   0.06155  
  6  0.2235 1003816.204193  x:  0.16529   3.34073   0.05352  
  7  0.2112 1003791.861039  x:  0.16126   3.60459   0.05621  
  8  0.0879 1003791.130389  x:  0.16218   3.63978   0.05588  
  9  0.0284 1003791.120921  x:  0.16215   3.64386   0.05599  
 10  0.0036 1003791.120914  x:  0.16215   3.64388   0.05599  
 11  0.0000 1003791.120914  x:  0.16215   3.64387   0.05599  
 12  0.0000 1003791.120914  x:  0.16215   3.64387   0.05599  
 13  0.0000 1003791.120914  x:  0.16215   3.64387   0.05599  

3 (And_hae) ... 1 (And_bic)
  0  0.0000 1001249.178204  x:  0.16846   3.34043   0.04426  
  1 99.0000 1001057.671164  x:  0.15755   3.34046   0.05942  
  2 22229.2248 1001050.581505  x:  0.15443   3.34054   0.05795  
  3 4196.5803 1001041.596602  x:  0.15457   3.55668   0.05861  
  4 88.2367 1001041.440517  x:  0.15475   3.55039   0.05808  
  5  0.0053 1001041.440351  x:  0.15477   3.55086   0.05808  
  6  0.0005 1001041.440350  x:  0.15477   3.55090   0.05808  

3 (And_hae) ... 2 (And_ful)
  0  0.0000 998149.445437  x:  0.14828   3.33898   0.07937  
  1 99.0000 998002.146516  x:  0.14855   3.33935   0.06031  
  2 13879.3922 998001.429827  x:  0.14965   3.33952   0.06022  
  3 1301.1419 997956.638628  x:  0.14970   3.83735   0.06276  
  4 198.9856 997956.328120  x:  0.14972   3.84074   0.06196  
  5  0.0045 997956.327720  x:  0.14973   3.84227   0.06197  
  6  0.0012 997956.327718  x:  0.14972   3.84231   0.06197  
  7  0.0000 997956.327718  x:  0.14972   3.84230   0.06197  

4 (And_hat) ... 1 (And_bic)
  0  0.0000 980964.942752  x:  0.10780   3.47999   0.15034  
  1 99.0000 980011.950693  x:  0.13784   3.48068   0.08274  
  2 24824.3445 979665.309643  x:  0.13125   3.48094   0.05338  
  3 56050.3615 979654.522065  x:  0.13053   3.76783   0.05510  
  4 72.8681 979484.804876  x:  0.11617   3.53087   0.06089  
  5  0.3424 979484.451119  x:  0.11595   3.53076   0.06001  
  6  0.0011 979484.445235  x:  0.11599   3.52567   0.05996  
  7  0.0057 979484.445234  x:  0.11599   3.52571   0.05996  

4 (And_hat) ... 2 (And_ful)
  0  0.0000 1002281.231843  x:  0.16055   3.26409   0.15375  
  1 99.0000 1000524.467784  x:  0.12987   3.26560   0.07513  
  2 34459.2461 1000175.017427  x:  0.13977   3.26610   0.05165  
  3 50875.4792 1000022.521709  x:  0.14286   4.21291   0.05780  
  4 370.8455 999925.629307  x:  0.15418   4.00220   0.06179  
  5  0.2837 999922.956599  x:  0.15486   3.98948   0.05954  
  6  0.0127 999922.940063  x:  0.15486   3.97878   0.05950  
  7  0.0089 999922.939956  x:  0.15484   3.97870   0.05950  
  8  0.0001 999922.939956  x:  0.15484   3.97871   0.05950  
  9  0.0000 999922.939955  x:  0.15484   3.97870   0.05950  

4 (And_hat) ... 3 (And_hae)
  0  0.0000 997405.574713  x:  0.13262   3.59676   0.09174  
  1 99.0000 997049.667174  x:  0.15147   3.59698   0.07359  
  2 24889.5101 996970.262778  x:  0.14758   3.59717   0.06094  
  3 14138.6643 996951.045774  x:  0.14739   3.94882   0.06257  
  4 115.7246 996950.980320  x:  0.14738   3.94909   0.06220  
  5  0.0005 996950.980307  x:  0.14737   3.94899   0.06220  
  6  0.0001 996950.980307  x:  0.14737   3.94897   0.06220  

5 (And_mar) ... 1 (And_bic)
  0  0.0000 962945.296181  x:  0.08664   3.50705   0.18201  
  1 99.0000 961990.046438  x:  0.06788   3.50745   0.09624  
  2 18568.1588 961545.985051  x:  0.07280   3.50762   0.05439  
  3 164898.5237 961537.469678  x:  0.07250   3.24968   0.05269  
  4 47.5592 961276.301766  x:  0.08453   2.87155   0.06305  
  5  0.7039 961257.825630  x:  0.08649   3.05929   0.05854  
  6  0.2835 961257.426325  x:  0.08675   3.02016   0.05785  
  7  0.0460 961257.413949  x:  0.08679   3.01787   0.05801  
  8  0.0022 961257.413898  x:  0.08680   3.01819   0.05800  
  9  0.0003 961257.413898  x:  0.08680   3.01819   0.05800  
 10  0.0000 961257.413898  x:  0.08680   3.01819   0.05800  
check convergence!


5 (And_mar) ... 2 (And_ful)
  0  0.0000 1005451.101928  x:  0.13959   2.85441   0.13675  
  1 99.0000 1003812.456358  x:  0.18387   2.85611   0.06895  
  2 38575.0257 1003545.486982  x:  0.17659   2.85669   0.04938  
  3 35406.6987 1003321.614938  x:  0.17298   3.85701   0.05586  
  4 526.1096 1003233.774777  x:  0.16024   3.75086   0.05792  
  5  0.1345 1003233.011163  x:  0.16010   3.68747   0.05787  
  6  0.0477 1003233.000515  x:  0.16020   3.68416   0.05777  
  7  0.0034 1003233.000504  x:  0.16020   3.68418   0.05777  
  8  0.0000 1003233.000504  x:  0.16020   3.68419   0.05777  
  9  0.0000 1003233.000504  x:  0.16020   3.68418   0.05777  
 10  0.0000 1003233.000504  x:  0.16020   3.68418   0.05777  
 11  0.0000 1003233.000504  x:  0.16020   3.68418   0.05777  

5 (And_mar) ... 3 (And_hae)
  0  0.0000 999723.595153  x:  0.16240   3.23905   0.07480  
  1 99.0000 999533.080223  x:  0.14869   3.23925   0.06170  
  2 19189.6385 999527.447990  x:  0.15050   3.23939   0.05900  
  3 3407.7539 999508.822776  x:  0.15070   3.54134   0.06037  
  4 130.4277 999508.795380  x:  0.15085   3.54044   0.06019  
  5  0.0009 999508.795379  x:  0.15085   3.54041   0.06019  
  6  0.0000 999508.795379  x:  0.15085   3.54040   0.06019  
  7  0.0000 999508.795379  x:  0.15085   3.54040   0.06019  

5 (And_mar) ... 4 (And_hat)
  0  0.0000 979207.970520  x:  0.08956   3.18248   0.15796  
  1 99.0000 978556.007267  x:  0.11611   3.18270   0.14435  
  2 48105.4119 977268.462249  x:  0.11629   3.18397   0.06055  
  3 27892.3643 977255.350383  x:  0.11614   3.45371   0.06339  
  4 101.4525 977240.922699  x:  0.11340   3.50598   0.05924  
  5  0.0674 977236.373089  x:  0.11158   3.48216   0.06147  
  6  0.0390 977236.370090  x:  0.11158   3.47781   0.06143  
  7  0.0038 977236.370089  x:  0.11158   3.47781   0.06143  

6 (And_tri) ... 1 (And_bic)
  0  0.0000 978890.492702  x:  0.09379   3.26705   0.14063  
  1 99.0000 978369.985515  x:  0.11829   3.26711   0.12376  
  2 38148.8745 977429.311656  x:  0.11758   3.26727   0.05722  
  3 30955.8035 977404.809894  x:  0.11779   2.92105   0.05424  
  4 132.3943 977374.178927  x:  0.11257   2.86089   0.05884  
  5  0.0639 977369.280881  x:  0.11119   2.89834   0.05642  
  6  0.0760 977369.269922  x:  0.11126   2.89534   0.05628  
  7  0.0034 977369.269862  x:  0.11126   2.89573   0.05629  
  8  0.0004 977369.269861  x:  0.11126   2.89572   0.05629  

6 (And_tri) ... 2 (And_ful)
  0  0.0000 1001256.881301  x:  0.14786   2.62852   0.09515  
  1 99.0000 1000515.747907  x:  0.15608   2.62980   0.05226  
  2 27418.6755 1000514.480446  x:  0.15466   2.63035   0.05191  
  3 1625.5871 1000302.765301  x:  0.15373   3.50028   0.05920  
  4 651.9021 1000294.607129  x:  0.15509   3.52732   0.05563  
  5  0.0427 1000294.524141  x:  0.15485   3.54279   0.05561  
  6  0.0113 1000294.519760  x:  0.15491   3.54586   0.05566  
  7  0.0025 1000294.519751  x:  0.15491   3.54592   0.05566  
  8  0.0001 1000294.519751  x:  0.15491   3.54593   0.05566  

6 (And_tri) ... 3 (And_hae)
  0  0.0000 999245.617826  x:  0.14879   3.12123   0.14400  
  1 99.0000 997730.087895  x:  0.12866   3.12238   0.06720  
  2 30270.7597 997547.754275  x:  0.13896   3.12263   0.05257  
  3 33471.9955 997509.107747  x:  0.14032   3.54563   0.05577  
  4 195.0618 997469.215042  x:  0.14606   3.41495   0.06049  
  5  0.2355 997468.453969  x:  0.14680   3.41792   0.05950  
  6  0.0029 997468.452455  x:  0.14679   3.41539   0.05948  
  7  0.0023 997468.452453  x:  0.14678   3.41542   0.05948  

6 (And_tri) ... 4 (And_hat)
  0  0.0000 977958.425228  x:  0.11667   3.07705   0.12710  
  1 99.0000 977443.783149  x:  0.09711   3.07752   0.09339  
  2 24459.9776 977030.547056  x:  0.10320   3.07802   0.05676  
  3 46471.9104 977011.476239  x:  0.10362   3.40621   0.05921  
  4 122.2911 976960.308328  x:  0.11097   3.32202   0.06166  
  5  0.0939 976959.432376  x:  0.11119   3.33140   0.06019  
  6  0.0137 976959.431199  x:  0.11116   3.32986   0.06017  
  7  0.0014 976959.431198  x:  0.11116   3.32981   0.06017  
  8  0.0000 976959.431198  x:  0.11116   3.32981   0.06017  
  9  0.0000 976959.431197  x:  0.11116   3.32981   0.06017  

6 (And_tri) ... 5 (And_mar)
  0  0.0000 976138.782208  x:  0.10350   3.02246   0.11764  
  1 99.0000 975461.422799  x:  0.11578   3.02279   0.06225  
  2 19696.0999 975405.524250  x:  0.10938   3.02279   0.05518  
  3 17114.5788 975402.981605  x:  0.10958   2.91408   0.05435  
  4 44.9070 975393.298437  x:  0.10750   2.87010   0.05801  
  5  0.0920 975393.285621  x:  0.10748   2.87757   0.05805  
  6  0.0084 975393.285613  x:  0.10748   2.87757   0.05805  
  7  0.0000 975393.285613  x:  0.10748   2.87756   0.05805  
  8  0.0000 975393.285613  x:  0.10748   2.87756   0.05805  
  9  0.0000 975393.285613  x:  0.10748   2.87756   0.05805  
check convergence!


7 (Bom_pas) ... 1 (And_bic)
  0  0.0000 1229575.563946  x:  1.36976   2.69242   0.10507  
  1 99.0000 1218804.552251  x:  1.36231   2.69377   0.04173  
  2 232368.7607 1217909.129854  x:  1.13458   2.78414   0.06206  
  3 7904.6896 1216970.936586  x:  1.27399   3.91409   0.05991  
  4 2116.6858 1216237.255166  x:  1.12869   4.03358   0.05649  
  5  0.2558 1216191.342010  x:  1.16961   4.09848   0.05248  
  6  0.0960 1216189.493713  x:  1.17074   4.16209   0.05245  
  7  0.0345 1216189.430743  x:  1.17183   4.16431   0.05252  
  8  0.0026 1216189.430389  x:  1.17197   4.16446   0.05251  
  9  0.0002 1216189.430389  x:  1.17197   4.16447   0.05251  

7 (Bom_pas) ... 2 (And_ful)
  0  0.0000 1220990.536891  x:  1.40489   3.69877   0.04155  
  1 99.0000 1220957.230080  x:  1.40456   3.69886   0.04397  
  2 28416.5582 1220384.553431  x:  1.19887   3.75010   0.05009  
  3 4933.1241 1220175.617065  x:  1.27241   4.44256   0.04936  
  4 673.1274 1220169.683569  x:  1.25318   4.45754   0.05036  
  5  0.0260 1220169.468721  x:  1.25359   4.45391   0.05055  
  6  0.0027 1220169.468186  x:  1.25342   4.45282   0.05056  
  7  0.0009 1220169.468182  x:  1.25343   4.45277   0.05056  

7 (Bom_pas) ... 3 (And_hae)
  0  0.0000 1217417.754104  x:  1.05123   3.78401   0.05039  
  1 99.0000 1217242.742981  x:  1.05220   3.78403   0.05865  
  2 53217.3448 1217062.277302  x:  1.15064   3.79021   0.05450  
  3 4010.4557 1216955.442527  x:  1.17736   4.27625   0.05452  
  4 474.3637 1216946.636685  x:  1.18129   4.27938   0.05285  
  5  0.0054 1216946.630748  x:  1.18163   4.28291   0.05283  
  6  0.0030 1216946.630691  x:  1.18165   4.28305   0.05283  
  7  0.0001 1216946.630690  x:  1.18166   4.28304   0.05283  
  8  0.0000 1216946.630690  x:  1.18166   4.28304   0.05283  

7 (Bom_pas) ... 4 (And_hat)
  0  0.0000 1217353.946758  x:  1.10442   3.76580   0.06984  
  1 99.0000 1216687.814359  x:  1.10390   3.76593   0.05463  
  2 79009.5093 1216642.649175  x:  1.15311   3.77754   0.05187  
  3 1841.8808 1216509.712186  x:  1.18317   4.32782   0.05194  
  4 563.7812 1216507.928705  x:  1.18776   4.32827   0.05237  
  5  0.0061 1216507.841127  x:  1.18991   4.32827   0.05221  
  6  0.0019 1216507.841037  x:  1.18995   4.32876   0.05221  
  7  0.0004 1216507.841037  x:  1.18995   4.32876   0.05221  

7 (Bom_pas) ... 5 (And_mar)
  0  0.0000 1215797.985914  x:  1.04562   3.80244   0.06525  
  1 99.0000 1215614.216071  x:  1.04588   3.80248   0.05722  
  2 43306.7003 1215461.535330  x:  1.13366   3.80507   0.05253  
  3 3745.1509 1215411.285779  x:  1.15221   4.13615   0.05251  
  4 319.0912 1215408.896949  x:  1.15458   4.13666   0.05319  
  5  0.0034 1215408.852656  x:  1.15616   4.13640   0.05310  
  6  0.0013 1215408.852621  x:  1.15617   4.13668   0.05310  
  7  0.0003 1215408.852621  x:  1.15617   4.13668   0.05310  

7 (Bom_pas) ... 6 (And_tri)
  0  0.0000 1230624.402896  x:  1.18696   3.59605   0.14988  
  1 99.0000 1216117.485799  x:  1.17325   3.59721   0.05102  
  2 186906.7599 1216102.637593  x:  1.15583   3.60598   0.05337  
  3 1542.9538 1215946.767903  x:  1.19621   4.17624   0.05258  
  4 691.4704 1215932.517202  x:  1.17192   4.16695   0.05238  
  5  0.0361 1215932.516137  x:  1.17170   4.16732   0.05239  
  6  0.0004 1215932.516129  x:  1.17172   4.16746   0.05239  