

2 (And_ful) ... 1 (And_bic)
  0  0.0000 1015559.810778  x:  0.13810   1.34482   0.46928  
  1 99.0000 1013724.534756  x:  0.20306   1.36347   0.39013  
  2 41347.7468 1000712.042187  x:  0.22056   1.43961   0.04572  
  3 98080.7104 1000164.873420  x:  0.21607   1.79402   0.08136  
  4 3953.8574 997749.502374  x:  0.19308   2.91834   0.04286  
  5  2.1477 997239.851159  x:  0.16897   3.21587   0.06437  
  6  0.3410 997201.028911  x:  0.16382   3.40661   0.06011  
  7  0.1323 997186.625543  x:  0.16810   3.53423   0.05847  
  8  0.0665 997181.748358  x:  0.16762   3.64523   0.06095  
  9  0.0572 997181.690471  x:  0.16753   3.65607   0.06076  
 10  0.0097 997181.690404  x:  0.16754   3.65630   0.06076  
 11  0.0002 997181.690404  x:  0.16754   3.65631   0.06076  

3 (And_hae) ... 1 (And_bic)
  0  0.0000 995238.224201  x:  0.17126   3.16567   0.09894  
  1 99.0000 994706.276577  x:  0.15250   3.16616   0.06775  
  2 26489.4002 994657.318812  x:  0.15864   3.16641   0.05984  
  3 10990.8773 994615.666761  x:  0.15932   3.60537   0.06239  
  4 204.8007 994614.295770  x:  0.16065   3.59569   0.06316  
  5  0.0127 994614.280152  x:  0.16073   3.59402   0.06300  
  6  0.0017 994614.280127  x:  0.16073   3.59366   0.06300  
  7  0.0003 994614.280127  x:  0.16073   3.59366   0.06300  

3 (And_hae) ... 2 (And_ful)
  0  0.0000 993179.819324  x:  0.12729   3.11508   0.14604  
  1 99.0000 992045.354384  x:  0.17152   3.11587   0.11020  
  2 44369.6922 991228.363764  x:  0.16882   3.11694   0.06018  
  3 39709.5128 991109.274892  x:  0.16782   3.88812   0.06637  
  4 348.8642 991025.088241  x:  0.15592   3.88341   0.06272  
  5  0.0119 991022.477986  x:  0.15513   3.86047   0.06489  
  6  0.0380 991022.448472  x:  0.15521   3.84775   0.06482  
  7  0.0095 991022.448158  x:  0.15519   3.84724   0.06481  
  8  0.0005 991022.448158  x:  0.15519   3.84725   0.06481  

4 (And_hat) ... 1 (And_bic)
  0  0.0000 972821.728443  x:  0.10244   3.56060   0.11779  
  1 99.0000 972431.122585  x:  0.12429   3.56069   0.10429  
  2 32621.8250 972060.769759  x:  0.12268   3.56095   0.06543  
  3 21033.7647 972060.661829  x:  0.12265   3.58813   0.06561  
  4  4.5256 972051.582471  x:  0.11920   3.56605   0.06632  
  5  0.0347 972051.554596  x:  0.11918   3.56739   0.06605  
  6  0.0023 972051.554582  x:  0.11918   3.56711   0.06605  

4 (And_hat) ... 2 (And_ful)
  0  0.0000 994062.054723  x:  0.16774   3.28914   0.15756  
  1 99.0000 992548.651287  x:  0.13167   3.29033   0.09159  
  2 35301.9054 992018.364280  x:  0.14088   3.29096   0.05717  
  3 53671.7375 991914.880611  x:  0.14296   4.05178   0.06237  
  4 303.4655 991785.623056  x:  0.15685   3.87010   0.06526  
  5  0.2154 991783.188419  x:  0.15741   3.87392   0.06304  
  6  0.0056 991783.176982  x:  0.15745   3.86575   0.06300  
  7  0.0071 991783.176934  x:  0.15744   3.86556   0.06300  
  8  0.0002 991783.176934  x:  0.15744   3.86557   0.06300  

4 (And_hat) ... 3 (And_hae)
  0  0.0000 990566.615703  x:  0.12165   3.51079   0.08911  
  1 99.0000 989872.717970  x:  0.15382   3.51094   0.07891  
  2 44895.7832 989785.461029  x:  0.15288   3.51120   0.06406  
  3 11503.4318 989762.108579  x:  0.15284   3.88651   0.06585  
  4 132.3612 989761.542230  x:  0.15195   3.88551   0.06542  
  5  0.0012 989761.528604  x:  0.15188   3.88505   0.06557  
  6  0.0006 989761.528601  x:  0.15188   3.88492   0.06557  
  7  0.0001 989761.528601  x:  0.15188   3.88492   0.06557  

5 (And_mar) ... 1 (And_bic)
  0  0.0000 954237.026092  x:  0.08156   3.42856   0.11402  
  1 99.0000 954091.982298  x:  0.09309   3.42856   0.10528  
  2 21004.8343 953809.595885  x:  0.09175   3.42852   0.06612  
  3 18143.1430 953792.121456  x:  0.09187   3.08965   0.06378  
  4 94.7088 953786.519083  x:  0.08980   3.06579   0.06580  
  5  0.0250 953786.242544  x:  0.08957   3.07273   0.06498  
  6  0.0113 953786.242489  x:  0.08957   3.07300   0.06497  
  7  0.0003 953786.242489  x:  0.08957   3.07300   0.06497  
  8  0.0000 953786.242489  x:  0.08957   3.07300   0.06497  
  9  0.2003 953786.242489  x:  0.08957   3.07300   0.06497  
 10  0.1346 953786.242489  x:  0.08957   3.07300   0.06497  
check convergence!


5 (And_mar) ... 2 (And_ful)
  0  0.0000 997229.789779  x:  0.15746   2.93483   0.09468  
  1 99.0000 996765.223772  x:  0.16682   2.93569   0.06058  
  2 22504.4830 996763.587664  x:  0.16520   2.93607   0.06000  
  3 1864.8765 996640.960937  x:  0.16469   3.64522   0.06496  
  4 407.7534 996639.033610  x:  0.16550   3.65616   0.06316  
  5  0.0158 996639.020145  x:  0.16539   3.66145   0.06313  
  6  0.0045 996639.019705  x:  0.16540   3.66263   0.06315  
  7  0.0010 996639.019704  x:  0.16540   3.66264   0.06315  

5 (And_mar) ... 3 (And_hae)
  0  0.0000 993813.518275  x:  0.12907   3.16077   0.08136  
  1 99.0000 993292.182759  x:  0.15760   3.16096   0.07349  
  2 37955.6983 993258.464378  x:  0.15693   3.16123   0.06472  
  3 7560.2885 993224.215219  x:  0.15689   3.65840   0.06727  
  4 188.2148 993222.590122  x:  0.15652   3.57184   0.06633  
  5  0.0729 993222.576918  x:  0.15651   3.56870   0.06648  
  6  0.0033 993222.576914  x:  0.15651   3.56881   0.06648  
  7  0.0001 993222.576914  x:  0.15651   3.56879   0.06648  

5 (And_mar) ... 4 (And_hat)
  0  0.0000 970212.117067  x:  0.11772   3.07557   0.12264  
  1 99.0000 969817.808682  x:  0.10197   3.07616   0.08941  
  2 19829.3152 969598.674634  x:  0.10880   3.07665   0.06400  
  3 35924.2568 969561.177130  x:  0.10937   3.54334   0.06751  
  4 173.5796 969541.219252  x:  0.11389   3.49413   0.07002  
  5  0.0578 969540.843032  x:  0.11411   3.49472   0.06897  
  6  0.0014 969540.842477  x:  0.11410   3.49289   0.06895  
  7  0.0015 969540.842476  x:  0.11410   3.49287   0.06895  
  8  0.0000 969540.842476  x:  0.11410   3.49287   0.06895  
  9  0.0000 969540.842476  x:  0.11410   3.49287   0.06895  
 10  0.0000 969540.842476  x:  0.11410   3.49287   0.06895  

6 (And_tri) ... 1 (And_bic)
  0  0.0000 971660.275373  x:  0.12675   3.14604   0.11787  
  1 99.0000 971232.903121  x:  0.10642   3.14618   0.09527  
  2 26437.9595 970896.080010  x:  0.11182   3.14636   0.06105  
  3 27623.4204 970894.690349  x:  0.11177   3.06423   0.06047  
  4 31.7311 970874.580300  x:  0.11637   3.03207   0.06287  
  5  0.0393 970874.061738  x:  0.11666   3.04014   0.06181  
  6  0.0122 970874.061547  x:  0.11665   3.04001   0.06179  
  7  0.0001 970874.061547  x:  0.11665   3.04004   0.06179  
  8  0.0000 970874.061547  x:  0.11665   3.04003   0.06179  
  9  0.0000 970874.061547  x:  0.11665   3.04003   0.06179  
 10  0.0000 970874.061547  x:  0.11665   3.04003   0.06179  

6 (And_tri) ... 2 (And_ful)
  0  0.0000 994684.892175  x:  0.16989   2.85443   0.12237  
  1 99.0000 993492.517004  x:  0.14299   2.85562   0.06869  
  2 34179.5429 993316.997812  x:  0.15223   2.85612   0.05327  
  3 25790.6526 993180.013209  x:  0.15440   3.59914   0.05857  
  4 418.1575 993162.624174  x:  0.15940   3.54827   0.06045  
  5  0.0688 993162.197002  x:  0.15973   3.54182   0.05958  
  6  0.0064 993162.194860  x:  0.15973   3.53851   0.05957  
  7  0.0024 993162.194857  x:  0.15972   3.53852   0.05957  
  8  0.0000 993162.194857  x:  0.15972   3.53853   0.05957  
  9  0.0000 993162.194857  x:  0.15972   3.53852   0.05957  
 10  0.0000 993162.194856  x:  0.15972   3.53852   0.05957  

6 (And_tri) ... 3 (And_hae)
  0  0.0000 993712.293590  x:  0.16657   3.24563   0.15486  
  1 99.0000 992387.181879  x:  0.13072   3.24642   0.09762  
  2 35084.6049 991808.890264  x:  0.13944   3.24691   0.05924  
  3 49989.3272 991783.750851  x:  0.14032   3.59684   0.06178  
  4 150.0409 991658.569725  x:  0.15358   3.43910   0.06541  
  5  0.1908 991655.666221  x:  0.15434   3.45986   0.06312  
  6  0.0291 991655.662531  x:  0.15441   3.45753   0.06310  
  7  0.0022 991655.662525  x:  0.15441   3.45762   0.06311  
  8  0.0001 991655.662525  x:  0.15441   3.45763   0.06311  

6 (And_tri) ... 4 (And_hat)
  0  0.0000 969725.268385  x:  0.11524   2.98864   0.10207  
  1 99.0000 969412.894604  x:  0.10733   2.98921   0.06867  
  2 16051.6405 969369.465921  x:  0.11310   2.98939   0.06178  
  3 14932.3001 969343.647766  x:  0.11342   3.35964   0.06449  
  4 149.4569 969342.704261  x:  0.11413   3.34886   0.06561  
  5  0.0158 969342.693508  x:  0.11421   3.34705   0.06548  
  6  0.0017 969342.693495  x:  0.11421   3.34680   0.06547  
  7  0.0002 969342.693495  x:  0.11421   3.34679   0.06547  

6 (And_tri) ... 5 (And_mar)
  0  0.0000 968847.178385  x:  0.10032   3.09977   0.05674  
  1 99.0000 968698.342081  x:  0.11282   3.09972   0.06123  
  2 23362.8356 968690.600843  x:  0.11189   3.09962   0.06588  
  3 3500.0439 968686.247340  x:  0.11192   2.95745   0.06525  
  4 58.6683 968686.236228  x:  0.11193   2.95461   0.06507  
  5  0.0027 968686.236200  x:  0.11193   2.95491   0.06507  
  6  0.0003 968686.236199  x:  0.11193   2.95490   0.06507  
  7  0.0000 968686.236199  x:  0.11193   2.95490   0.06507  

7 (Bom_pas) ... 1 (And_bic)
  0  0.0000 1222773.902894  x:  1.16731   2.65327   0.13887  
  1 99.0000 1210574.799237  x:  1.15583   2.65544   0.05210  
  2 185620.6537 1210441.279112  x:  1.10166   2.72428   0.05947  
  3 3169.1008 1209276.493668  x:  1.25558   4.01227   0.05553  
  4 4426.3401 1209172.554335  x:  1.20267   4.04851   0.05389  
  5  0.0865 1209169.925419  x:  1.19383   4.06643   0.05480  
  6  0.0200 1209169.846508  x:  1.19575   4.07793   0.05478  
  7  0.0071 1209169.842436  x:  1.19559   4.07934   0.05476  
  8  0.0013 1209169.842436  x:  1.19559   4.07934   0.05476  

7 (Bom_pas) ... 2 (And_ful)
  0  0.0000 1231563.087818  x:  1.31156   3.66263   0.16263  
  1 99.0000 1213248.453107  x:  1.29523   3.66408   0.05025  
  2 198406.1412 1213225.958286  x:  1.27456   3.67343   0.05314  
  3 2021.7338 1213004.825612  x:  1.32908   4.40295   0.05210  
  4 776.6493 1212969.928776  x:  1.28077   4.35944   0.05239  
  5  0.0725 1212969.901283  x:  1.27940   4.35314   0.05240  
  6  0.0061 1212969.900484  x:  1.27950   4.35216   0.05240  
  7  0.0009 1212969.900482  x:  1.27949   4.35215   0.05240  

7 (Bom_pas) ... 3 (And_hae)
  0  0.0000 1210528.865277  x:  1.33935   3.62018   0.04924  
  1 99.0000 1210522.994088  x:  1.33872   3.62032   0.04816  
  2 9192.6687 1210094.117953  x:  1.16687   3.65890   0.05468  
  3 5713.7203 1209964.904060  x:  1.21817   4.17609   0.05412  
  4 543.3206 1209962.796445  x:  1.20711   4.18372   0.05475  
  5  0.0148 1209962.758516  x:  1.20724   4.18237   0.05484  
  6  0.0011 1209962.758473  x:  1.20720   4.18206   0.05484  
  7  0.0003 1209962.758473  x:  1.20721   4.18205   0.05484  

7 (Bom_pas) ... 4 (And_hat)
  0  0.0000 1212899.154353  x:  1.35314   3.61853   0.07965  
  1 99.0000 1209655.117455  x:  1.35027   3.61886   0.04757  
  2 162978.7367 1209216.016311  x:  1.17600   3.65858   0.05846  
  3 4672.1906 1209071.699259  x:  1.23137   4.20361   0.05730  
  4 578.6910 1209007.983856  x:  1.20183   4.22573   0.05491  
  5  0.0493 1209007.254513  x:  1.20785   4.22737   0.05443  
  6  0.0074 1209007.254165  x:  1.20795   4.22777   0.05443  
  7  0.0004 1209007.254159  x:  1.20796   4.22787   0.05443  

7 (Bom_pas) ... 5 (And_mar)
  0  0.0000 1216913.963066  x:  1.24563   3.61421   0.11633  
  1 99.0000 1208762.202221  x:  1.23842   3.61484   0.05190  
  2 179947.0327 1208685.547661  x:  1.18241   3.62968   0.05744  
  3 2698.1529 1208583.733917  x:  1.21892   4.08378   0.05660  
  4 491.9553 1208537.194075  x:  1.18079   4.07129   0.05559  
  5  0.0617 1208537.033041  x:  1.18305   4.07376   0.05534  
  6  0.0036 1208537.032881  x:  1.18299   4.07393   0.05534  
  7  0.0002 1208537.032880  x:  1.18300   4.07398   0.05534  
  8  0.0000 1208537.032880  x:  1.18300   4.07398   0.05534  

7 (Bom_pas) ... 6 (And_tri)
  0  0.0000 1209261.741698  x:  1.17624   3.42695   0.05773  
  1 99.0000 1209207.969107  x:  1.17592   3.42708   0.05387  
  2 26915.7667 1209173.555546  x:  1.13668   3.45946   0.05577  
  3 1262.7534 1208979.853958  x:  1.19802   4.06158   0.05482  
  4 1009.2440 1208978.977117  x:  1.19277   4.06731   0.05474  
  5  0.0073 1208978.971017  x:  1.19244   4.06823   0.05479  
  6  0.0010 1208978.971010  x:  1.19246   4.06835   0.05479  
  7  0.0001 1208978.971010  x:  1.19246   4.06835   0.05479  