

2 (And_ful) ... 1 (And_bic)
  0  0.0000 1009106.859495  x:  0.15106   1.51301   0.48124  
  1 99.0000 993884.774327  x:  0.14396   1.59599   0.04891  
  2 30634.7875 993761.225197  x:  0.15451   1.59882   0.04118  
  3 28115.5494 993078.015827  x:  0.17514   1.98924   0.06405  
  4 4173.1633 992151.502334  x:  0.15244   2.89592   0.05246  
  5  1.9462 992023.116662  x:  0.16464   3.21629   0.05839  
  6  0.1887 991994.179562  x:  0.16137   3.51782   0.05742  
  7  0.1415 991993.788587  x:  0.16192   3.54039   0.05795  
  8  0.0186 991993.784042  x:  0.16184   3.54317   0.05799  
  9  0.0023 991993.783975  x:  0.16184   3.54290   0.05800  
 10  0.0002 991993.783975  x:  0.16184   3.54287   0.05799  
 11  0.0000 991993.783975  x:  0.16184   3.54289   0.05800  
 12  0.0000 991993.783975  x:  0.16184   3.54289   0.05800  
 13  0.0000 991993.783975  x:  0.16184   3.54289   0.05799  
 14  0.1431 991993.783975  x:  0.16184   3.54289   0.05799  
 15  0.0083 991993.783975  x:  0.16184   3.54289   0.05799  
check convergence!


3 (And_hae) ... 1 (And_bic)
  0  0.0000 989688.611076  x:  0.13933   3.08026   0.10616  
  1 99.0000 988844.840107  x:  0.16682   3.08092   0.06285  
  2 30616.3865 988757.705299  x:  0.16057   3.08116   0.05249  
  3 17030.4431 988711.179751  x:  0.15964   3.54268   0.05511  
  4 218.0340 988697.731350  x:  0.15513   3.50651   0.05727  
  5  0.0488 988697.716224  x:  0.15510   3.49831   0.05719  
  6  0.0070 988697.716152  x:  0.15511   3.49809   0.05720  
  7  0.0002 988697.716152  x:  0.15511   3.49809   0.05720  

3 (And_hae) ... 2 (And_ful)
  0  0.0000 988492.762320  x:  0.13329   3.10818   0.17261  
  1 99.0000 986623.952638  x:  0.18411   3.11037   0.08154  
  2 34865.3647 986164.819253  x:  0.17724   3.11110   0.05189  
  3 57226.2411 985922.878820  x:  0.17264   4.34309   0.05993  
  4 471.6843 985656.106819  x:  0.15020   4.10321   0.06201  
  5  0.2894 985652.562421  x:  0.15052   3.94780   0.06212  
  6  0.1234 985652.503713  x:  0.15055   3.94265   0.06177  
  7  0.0056 985652.503706  x:  0.15055   3.94278   0.06177  
  8  0.0001 985652.503706  x:  0.15055   3.94278   0.06177  

4 (And_hat) ... 1 (And_bic)
  0  0.0000 969172.868762  x:  0.10414   3.40642   0.14793  
  1 99.0000 968626.847970  x:  0.13087   3.40676   0.11348  
  2 26871.1377 967951.583520  x:  0.12769   3.40722   0.06045  
  3 46468.5048 967949.735881  x:  0.12750   3.51750   0.06130  
  4 26.5475 967843.287064  x:  0.11572   3.40944   0.06405  
  5  0.1372 967842.736670  x:  0.11555   3.41791   0.06292  
  6  0.0161 967842.733453  x:  0.11554   3.41368   0.06287  
  7  0.0045 967842.733453  x:  0.11554   3.41367   0.06287  

4 (And_hat) ... 2 (And_ful)
  0  0.0000 988101.453683  x:  0.13944   3.07257   0.09166  
  1 99.0000 987662.435996  x:  0.16015   3.07324   0.06464  
  2 24967.9836 987619.911464  x:  0.15575   3.07361   0.05713  
  3 10971.1035 987489.156264  x:  0.15481   3.89547   0.06161  
  4 365.7377 987488.031856  x:  0.15341   3.88731   0.06178  
  5  0.0095 987488.027063  x:  0.15340   3.88381   0.06169  
  6  0.0030 987488.026884  x:  0.15340   3.88295   0.06170  
  7  0.0007 987488.026884  x:  0.15340   3.88295   0.06170  

4 (And_hat) ... 3 (And_hae)
  0  0.0000 985282.771823  x:  0.15911   3.27672   0.06317  
  1 99.0000 985208.363194  x:  0.14857   3.27696   0.05901  
  2 12818.1744 985207.511526  x:  0.14808   3.28350   0.06027  
  3 258.2692 985133.154642  x:  0.14891   3.94081   0.06130  
  4 6199.1335 985133.128251  x:  0.14870   3.93922   0.06133  
  5  0.0017 985133.128140  x:  0.14870   3.93856   0.06134  
  6  0.0005 985133.128138  x:  0.14870   3.93848   0.06133  
  7  0.0001 985133.128138  x:  0.14870   3.93848   0.06133  
  8  0.0000 985133.128138  x:  0.14870   3.93848   0.06133  
  9  0.0000 985133.128138  x:  0.14870   3.93848   0.06133  
check convergence!


5 (And_mar) ... 1 (And_bic)
  0  0.0000 950469.871607  x:  0.06971   3.35226   0.06831  
  1 99.0000 950078.425215  x:  0.08731   3.35224   0.06710  
  2 48164.4709 950065.892672  x:  0.08734   3.35211   0.06042  
  3 3543.7566 950053.169658  x:  0.08738   3.05921   0.05911  
  4 81.2444 950053.164631  x:  0.08739   3.05472   0.05901  
  5  0.0052 950053.164617  x:  0.08739   3.05474   0.05901  
  6  0.0000 950053.164616  x:  0.08739   3.05474   0.05901  

5 (And_mar) ... 2 (And_ful)
  0  0.0000 993575.588844  x:  0.14851   3.02907   0.14293  
  1 99.0000 991687.661423  x:  0.17110   3.03069   0.05944  
  2 32703.7698 991630.985984  x:  0.16314   3.03098   0.05383  
  3 12698.9755 991550.557812  x:  0.16101   3.60305   0.05882  
  4 307.7796 991550.341056  x:  0.16049   3.59414   0.05916  
  5  0.0187 991550.333636  x:  0.16044   3.59244   0.05906  
  6  0.0017 991550.333560  x:  0.16044   3.59185   0.05906  
  7  0.0005 991550.333560  x:  0.16044   3.59185   0.05906  
  8  0.0000 991550.333560  x:  0.16044   3.59185   0.05906  
  9  0.1131 991550.333560  x:  0.16044   3.59185   0.05906  
check convergence!


5 (And_mar) ... 3 (And_hae)
  0  0.0000 990221.520883  x:  0.12183   3.38047   0.13898  
  1 99.0000 989031.209722  x:  0.16634   3.38081   0.10884  
  2 49784.7912 988161.808462  x:  0.16454   3.38132   0.05711  
  3 36878.7194 988154.431065  x:  0.16435   3.57920   0.05850  
  4 77.2219 988086.214687  x:  0.15308   3.54016   0.05884  
  5  0.0329 988086.203962  x:  0.15307   3.53729   0.05896  
  6  0.0054 988086.203497  x:  0.15307   3.53583   0.05895  
  7  0.0015 988086.203497  x:  0.15307   3.53583   0.05895  
  8  0.0000 988086.203497  x:  0.15307   3.53583   0.05895  

5 (And_mar) ... 4 (And_hat)
  0  0.0000 966342.872230  x:  0.11529   3.30486   0.06865  
  1 99.0000 966329.358427  x:  0.11164   3.30489   0.06607  
  2 5962.3761 966326.790386  x:  0.11240   3.30494   0.06353  
  3 2125.7305 966325.815067  x:  0.11240   3.38570   0.06389  
  4 25.5753 966325.812892  x:  0.11242   3.38242   0.06386  
  5  0.0032 966325.812891  x:  0.11242   3.38238   0.06386  
  6  0.0000 966325.812891  x:  0.11242   3.38237   0.06386  
  7  0.0000 966325.812891  x:  0.11242   3.38237   0.06386  

6 (And_tri) ... 1 (And_bic)
  0  0.0000 965534.786476  x:  0.10055   3.03888   0.07151  
  1 99.0000 965405.211225  x:  0.11255   3.03886   0.06612  
  2 20485.1106 965373.293050  x:  0.11164   3.03881   0.05694  
  3 7251.0635 965367.493440  x:  0.11168   2.88591   0.05618  
  4 68.7815 965367.251088  x:  0.11121   2.87238   0.05633  
  5  0.0130 965367.249390  x:  0.11119   2.87405   0.05630  
  6  0.0019 965367.249386  x:  0.11119   2.87414   0.05630  

6 (And_tri) ... 2 (And_ful)
  0  0.0000 991022.144228  x:  0.14030   2.63364   0.18460  
  1 99.0000 987697.085988  x:  0.17416   2.63772   0.05630  
  2 35109.7622 987549.111605  x:  0.16411   2.63827   0.04548  
  3 26336.1480 987278.355793  x:  0.15608   3.57236   0.05485  
  4 665.9372 987270.499481  x:  0.15291   3.50038   0.05623  
  5  0.1661 987270.232333  x:  0.15312   3.46729   0.05630  
  6  0.0260 987270.227869  x:  0.15314   3.46546   0.05621  
  7  0.0015 987270.227855  x:  0.15313   3.46550   0.05621  

6 (And_tri) ... 3 (And_hae)
  0  0.0000 986821.211634  x:  0.11809   3.02940   0.13013  
  1 99.0000 985684.474046  x:  0.16066   3.02991   0.10069  
  2 49218.9819 984911.641993  x:  0.15863   3.03066   0.05388  
  3 36611.0535 984863.075290  x:  0.15812   3.49763   0.05744  
  4 224.4863 984801.343809  x:  0.14796   3.49081   0.05539  
  5  0.0104 984800.065663  x:  0.14755   3.47506   0.05686  
  6  0.0280 984800.057664  x:  0.14760   3.46956   0.05680  
  7  0.0046 984800.057612  x:  0.14759   3.46932   0.05680  
  8  0.0003 984800.057612  x:  0.14759   3.46931   0.05680  
  9  0.0000 984800.057612  x:  0.14759   3.46931   0.05680  
 10  0.0000 984800.057612  x:  0.14759   3.46931   0.05680  
check convergence!


6 (And_tri) ... 4 (And_hat)
  0  0.0000 965980.505260  x:  0.10914   3.29927   0.17666  
  1 99.0000 964450.048658  x:  0.09023   3.30041   0.07539  
  2 22881.2393 964182.276338  x:  0.09815   3.30065   0.05216  
  3 82725.2090 964172.153211  x:  0.09891   3.55700   0.05415  
  4 74.2742 964038.260633  x:  0.10787   3.18411   0.06207  
  5  0.7322 964033.029683  x:  0.10945   3.27316   0.06010  
  6  0.0947 964032.914499  x:  0.10959   3.25086   0.05979  
  7  0.0232 964032.914371  x:  0.10958   3.25030   0.05979  
  8  0.0005 964032.914370  x:  0.10958   3.25033   0.05979  
  9  0.0000 964032.914370  x:  0.10958   3.25033   0.05979  
 10  0.0000 964032.914370  x:  0.10958   3.25033   0.05979  
 11  0.0000 964032.914370  x:  0.10958   3.25033   0.05979  
check convergence!


6 (And_tri) ... 5 (And_mar)
  0  0.0000 965817.421722  x:  0.10282   3.13871   0.18926  
  1 99.0000 963750.394007  x:  0.12221   3.13984   0.06297  
  2 22736.1198 963626.298956  x:  0.11346   3.13989   0.05112  
  3 31853.1810 963623.983840  x:  0.11387   3.03268   0.05018  
  4 30.3424 963558.888457  x:  0.10787   2.81086   0.05709  
  5  0.9773 963558.244439  x:  0.10760   2.85997   0.05767  
  6  0.0606 963558.226910  x:  0.10764   2.85809   0.05785  
  7  0.0018 963558.226795  x:  0.10763   2.85785   0.05786  
  8  0.0003 963558.226795  x:  0.10763   2.85784   0.05786  
  9  0.0000 963558.226795  x:  0.10763   2.85784   0.05786  
check convergence!


7 (Bom_pas) ... 1 (And_bic)
  0  0.0000 1212254.929833  x:  1.29092   2.69082   0.10809  
  1 99.0000 1202582.956389  x:  1.28310   2.69221   0.04451  
  2 210353.0584 1201928.125239  x:  1.10521   2.76522   0.06136  
  3 7189.7791 1201001.022206  x:  1.23171   3.89432   0.05977  
  4 2119.2058 1200487.058924  x:  1.11912   3.98559   0.05590  
  5  0.1992 1200471.505565  x:  1.14430   4.03532   0.05360  
  6  0.0638 1200470.342888  x:  1.14566   4.08600   0.05371  
  7  0.0280 1200470.339456  x:  1.14599   4.08557   0.05371  
  8  0.0006 1200470.339445  x:  1.14600   4.08557   0.05371  
  9  0.0000 1200470.339445  x:  1.14600   4.08557   0.05371  
 10  0.0000 1200470.339445  x:  1.14600   4.08557   0.05371  

7 (Bom_pas) ... 2 (And_ful)
  0  0.0000 1231987.014238  x:  1.54349   3.48464   0.15782  
  1 99.0000 1206287.478662  x:  1.52539   3.48660   0.03981  
  2 245713.6662 1206078.484149  x:  1.45922   3.50343   0.04829  
  3 6873.5528 1205531.706644  x:  1.56392   4.67583   0.04640  
  4 1110.0031 1204473.900695  x:  1.22089   4.27773   0.05338  
  5  0.4167 1204455.163467  x:  1.24543   4.41058   0.05112  
  6  0.1118 1204453.643630  x:  1.23614   4.40754   0.05116  
  7  0.0163 1204453.641127  x:  1.23599   4.40498   0.05115  
  8  0.0019 1204453.641113  x:  1.23602   4.40502   0.05115  

7 (Bom_pas) ... 3 (And_hae)
  0  0.0000 1201731.401328  x:  1.16817   3.90160   0.06600  
  1 99.0000 1201177.319200  x:  1.16730   3.90171   0.05274  
  2 75841.3567 1201160.032530  x:  1.13685   3.91362   0.05440  
  3 1034.2853 1201112.842957  x:  1.16350   4.24385   0.05395  
  4 324.6852 1201112.403533  x:  1.16188   4.24433   0.05369  
  5  0.0021 1201112.402297  x:  1.16164   4.24467   0.05370  
  6  0.0004 1201112.402296  x:  1.16164   4.24469   0.05370  

7 (Bom_pas) ... 4 (And_hat)
  0  0.0000 1212377.114848  x:  1.01155   3.53171   0.15440  
  1 99.0000 1201420.526457  x:  1.00177   3.53279   0.05916  
  2 154073.6820 1201285.580139  x:  1.04992   3.53711   0.05256  
  3 5371.4776 1201040.570016  x:  1.08739   4.25543   0.05335  
  4 764.3563 1200907.603030  x:  1.14406   4.22242   0.05524  
  5  0.1124 1200899.767106  x:  1.15949   4.23137   0.05352  
  6  0.0145 1200899.659610  x:  1.16153   4.24356   0.05354  
  7  0.0097 1200899.658888  x:  1.16151   4.24440   0.05353  
  8  0.0008 1200899.658887  x:  1.16151   4.24442   0.05354  

7 (Bom_pas) ... 5 (And_mar)
  0  0.0000 1214538.358464  x:  1.10330   3.81055   0.16509  
  1 99.0000 1200138.347757  x:  1.08779   3.81153   0.05568  
  2 166536.4851 1200131.000941  x:  1.09891   3.81309   0.05403  
  3 1271.0213 1200101.695385  x:  1.11248   4.06458   0.05400  
  4 249.9683 1200086.650336  x:  1.13630   4.07198   0.05422  
  5  0.0373 1200086.564958  x:  1.13760   4.07435   0.05404  
  6  0.0026 1200086.564766  x:  1.13769   4.07490   0.05404  
  7  0.0005 1200086.564766  x:  1.13768   4.07491   0.05404  

7 (Bom_pas) ... 6 (And_tri)
  0  0.0000 1209830.520846  x:  1.32549   3.52417   0.10826  
  1 99.0000 1200610.483546  x:  1.31818   3.52489   0.04543  
  2 204782.5148 1200198.349942  x:  1.16818   3.55492   0.05894  
  3 5687.2705 1200053.762436  x:  1.21926   4.09266   0.05755  
  4 585.0691 1199789.428282  x:  1.12482   4.08535   0.05578  
  5  0.1474 1199775.545462  x:  1.14551   4.10688   0.05350  
  6  0.0370 1199775.493047  x:  1.14442   4.10130   0.05345  
  7  0.0057 1199775.491721  x:  1.14436   4.09977   0.05345  
  8  0.0013 1199775.491718  x:  1.14437   4.09976   0.05345  