Supplemental results for CODEML (seqf: /home/yzliu/eDNA/faststorage/yzliu/DK_proj/data/ref_genome/ref_annotation/primary_transcripts/extracted_cds_new/new_transcript_id_8_bom_apis/bootstraps/cat.out.OG_cds_8_species_same_header_fas.shuf_211OG_497.phy  treef: xxx.trees)


pairwise comparison (Goldman & Yang 1994)
seq seq        N       S       dN       dS     dN/dS   Paras.
  2   1 182334.6  60404.4   0.0516   0.5676   0.0908   0.5399   4.3337   0.0908 -422988.565
  3   1 182046.9  60692.1   0.0512   0.5848   0.0876   0.5539   4.3871   0.0876 -423556.138
  3   2 177728.8  65010.2   0.0135   0.1109   0.1221   0.1188   5.2311   0.1221 -363667.068
  4   1 182426.8  60312.2   0.0503   0.5732   0.0878   0.5407   4.3824   0.0878 -422138.510
  4   2 177826.9  64912.1   0.0125   0.1022   0.1224   0.1094   5.4354   0.1224 -361112.164
  4   3 177119.2  65619.8   0.0070   0.0617   0.1139   0.0654   5.9082   0.1139 -348891.796
  5   1 182620.1  60118.9   0.0514   0.5829   0.0882   0.5491   4.3419   0.0882 -423063.471
  5   2 178216.8  64522.2   0.0140   0.1086   0.1287   0.1174   5.2105   0.1287 -363317.689
  5   3 178265.5  64473.5   0.0085   0.0645   0.1314   0.0700   5.0154   0.1314 -350696.449
  5   4 177929.5  64809.5   0.0079   0.0627   0.1266   0.0677   5.5893   0.1266 -349633.402
  6   1 182627.9  60111.1   0.0516   0.5803   0.0889   0.5476   4.3276   0.0889 -423124.616
  6   2 178107.3  64631.7   0.0144   0.1087   0.1326   0.1186   5.2931   0.1326 -363705.977
  6   3 177939.9  64799.1   0.0089   0.0644   0.1381   0.0712   5.2688   0.1381 -351100.104
  6   4 177634.1  65104.9   0.0085   0.0625   0.1365   0.0690   5.8600   0.1365 -350174.292
  6   5 177775.9  64963.1   0.0026   0.0197   0.1294   0.0215   5.8476   0.1294 -333940.428
  7   1 182605.4  60133.6   0.0521   0.5789   0.0900   0.5478   4.3396   0.0900 -423425.293
  7   2 178193.7  64545.3   0.0149   0.1090   0.1370   0.1198   5.2142   0.1370 -364281.009
  7   3 177739.8  64999.2   0.0086   0.0646   0.1338   0.0708   5.4325   0.1338 -350922.546
  7   4 177467.1  65271.9   0.0084   0.0626   0.1337   0.0688   6.0193   0.1337 -350039.271
  7   5 178412.9  64326.1   0.0090   0.0589   0.1536   0.0667   5.2592   0.1536 -349880.654
  7   6 178121.4  64617.6   0.0095   0.0584   0.1632   0.0677   5.5034   0.1632 -350275.370
  8   1 182565.2  60173.8   0.0515   0.5814   0.0885   0.5485   4.3459   0.0885 -423092.531
  8   2 178071.4  64667.6   0.0139   0.1073   0.1296   0.1164   5.2944   0.1296 -363101.695
  8   3 178016.0  64723.0   0.0084   0.0625   0.1349   0.0685   5.1783   0.1349 -350311.484
  8   4 177666.2  65072.8   0.0080   0.0612   0.1316   0.0668   5.7942   0.1316 -349477.899
  8   5 178134.7  64604.3   0.0022   0.0181   0.1221   0.0193   5.4775   0.1221 -333083.861
  8   6 176719.9  66019.1   0.0026   0.0187   0.1403   0.0210   6.9880   0.1403 -333751.485
  8   7 178202.5  64536.5   0.0090   0.0565   0.1593   0.0649   5.4006   0.1593 -349415.508

