Supplemental results for CODEML (seqf: /home/yzliu/eDNA/faststorage/yzliu/DK_proj/data/ref_genome/ref_annotation/primary_transcripts/extracted_cds_new/new_transcript_id_8_bom_apis/bootstraps/cat.out.OG_cds_8_species_same_header_fas.shuf_211OG_858.phy  treef: xxx.trees)


pairwise comparison (Goldman & Yang 1994)
seq seq        N       S       dN       dS     dN/dS   Paras.
  2   1 180778.7  60613.3   0.0534   0.5865   0.0911   0.5618   3.8805   0.0911 -423715.070
  3   1 180651.3  60740.7   0.0546   0.6067   0.0900   0.5806   3.8440   0.0900 -425482.725
  3   2 177028.2  64363.8   0.0137   0.1163   0.1176   0.1231   4.8800   0.1176 -362263.483
  4   1 180919.9  60472.1   0.0532   0.5940   0.0896   0.5660   3.8789   0.0896 -423661.292
  4   2 176795.9  64596.1   0.0117   0.1032   0.1135   0.1086   5.2883   0.1135 -358187.030
  4   3 177093.0  64299.0   0.0083   0.0655   0.1272   0.0707   4.9262   0.1272 -348652.495
  5   1 180982.6  60409.4   0.0543   0.6027   0.0901   0.5747   3.8798   0.0901 -424570.982
  5   2 177054.1  64337.9   0.0132   0.1109   0.1195   0.1178   5.1403   0.1195 -360658.303
  5   3 177786.8  63605.2   0.0090   0.0683   0.1323   0.0739   4.5100   0.1323 -349725.139
  5   4 176960.2  64431.8   0.0079   0.0624   0.1264   0.0674   5.3171   0.1264 -347264.021
  6   1 180991.9  60400.1   0.0545   0.6030   0.0903   0.5752   3.8773   0.0903 -424640.069
  6   2 176993.1  64398.9   0.0136   0.1118   0.1218   0.1194   5.1898   0.1218 -361098.522
  6   3 177527.8  63864.2   0.0094   0.0688   0.1368   0.0753   4.6778   0.1368 -350159.101
  6   4 176713.5  64678.5   0.0083   0.0629   0.1323   0.0689   5.5218   0.1323 -347757.845
  6   5 176494.0  64898.0   0.0024   0.0197   0.1207   0.0211   5.7705   0.1207 -331471.689
  7   1 180998.2  60393.8   0.0550   0.6001   0.0916   0.5740   3.8634   0.0916 -424919.427
  7   2 177106.9  64285.1   0.0139   0.1119   0.1246   0.1201   5.0885   0.1246 -361507.651
  7   3 177435.3  63956.7   0.0095   0.0702   0.1357   0.0768   4.7254   0.1357 -350623.010
  7   4 176652.3  64739.7   0.0086   0.0641   0.1346   0.0705   5.5544   0.1346 -348325.745
  7   5 177176.5  64215.5   0.0084   0.0605   0.1390   0.0668   5.1866   0.1390 -347330.152
  7   6 176954.6  64437.4   0.0088   0.0606   0.1450   0.0679   5.3640   0.1450 -347722.125
  8   1 180901.9  60490.1   0.0545   0.6034   0.0902   0.5760   3.8836   0.0902 -424746.404
  8   2 176831.8  64560.2   0.0132   0.1117   0.1181   0.1186   5.2551   0.1181 -360807.068
  8   3 177416.5  63975.5   0.0092   0.0686   0.1337   0.0747   4.7022   0.1337 -350001.924
  8   4 176543.6  64848.4   0.0081   0.0634   0.1283   0.0689   5.5997   0.1283 -347755.208
  8   5 176457.1  64934.9   0.0023   0.0197   0.1150   0.0209   5.7333   0.1150 -331427.639
  8   6 175652.7  65739.3   0.0025   0.0205   0.1241   0.0223   6.5240   0.1241 -331979.576
  8   7 176783.4  64608.6   0.0084   0.0605   0.1391   0.0670   5.4399   0.1391 -347439.682

