Supplemental results for CODEML (seqf: /home/yzliu/eDNA/faststorage/yzliu/DK_proj/data/ref_genome/ref_annotation/primary_transcripts/extracted_cds_new/new_transcript_id_8_bom_apis/bootstraps/cat.out.OG_cds_8_species_same_header_fas.shuf_211OG_942.phy  treef: xxx.trees)


pairwise comparison (Goldman & Yang 1994)
seq seq        N       S       dN       dS     dN/dS   Paras.
  2   1 160665.3  52964.7   0.0469   0.5560   0.0844   0.5194   4.0262   0.0844 -368653.951
  3   1 160759.3  52870.7   0.0492   0.5787   0.0851   0.5408   3.9444   0.0851 -370930.910
  3   2 157860.1  55769.9   0.0137   0.1186   0.1158   0.1234   4.4033   0.1158 -320227.515
  4   1 160764.5  52865.5   0.0469   0.5636   0.0832   0.5244   4.0485   0.0832 -368742.450
  4   2 157103.4  56526.6   0.0109   0.1033   0.1060   0.1061   5.0973   0.1060 -315671.230
  4   3 158833.0  54797.0   0.0085   0.0722   0.1174   0.0745   3.8699   0.1174 -309095.855
  5   1 160753.0  52877.0   0.0479   0.5675   0.0844   0.5295   4.0505   0.0844 -369392.608
  5   2 156856.7  56773.3   0.0123   0.1084   0.1134   0.1135   5.3049   0.1134 -317369.281
  5   3 158990.8  54639.2   0.0093   0.0731   0.1268   0.0768   3.7771   0.1268 -309842.137
  5   4 157252.2  56377.8   0.0069   0.0643   0.1075   0.0662   5.0714   0.1075 -306139.979
  6   1 160747.7  52882.3   0.0478   0.5663   0.0845   0.5285   4.0482   0.0845 -369318.827
  6   2 156850.1  56779.9   0.0122   0.1096   0.1112   0.1143   5.3043   0.1112 -317446.193
  6   3 158810.6  54819.4   0.0094   0.0738   0.1275   0.0778   3.8752   0.1275 -310034.721
  6   4 157023.6  56606.4   0.0071   0.0652   0.1086   0.0674   5.2624   0.1086 -306425.396
  6   5 156040.9  57589.1   0.0023   0.0193   0.1208   0.0207   6.2431   0.1208 -292687.803
  7   1 160727.9  52902.1   0.0480   0.5674   0.0846   0.5299   4.0414   0.0846 -369563.420
  7   2 156952.4  56677.6   0.0126   0.1114   0.1128   0.1163   5.1882   0.1128 -318076.897
  7   3 158521.3  55108.7   0.0095   0.0744   0.1273   0.0786   4.0292   0.1273 -310287.841
  7   4 156885.4  56744.6   0.0071   0.0659   0.1070   0.0681   5.3597   0.1070 -306605.227
  7   5 156926.5  56703.5   0.0073   0.0614   0.1186   0.0649   5.3152   0.1186 -305988.219
  7   6 156768.4  56861.6   0.0075   0.0619   0.1216   0.0660   5.4531   0.1216 -306281.221
  8   1 160718.4  52911.6   0.0478   0.5670   0.0844   0.5293   4.0427   0.0844 -369407.462
  8   2 156791.8  56838.2   0.0122   0.1087   0.1118   0.1135   5.3244   0.1118 -317351.634
  8   3 158893.5  54736.5   0.0092   0.0734   0.1257   0.0770   3.8087   0.1257 -309877.798
  8   4 157076.2  56553.8   0.0070   0.0654   0.1065   0.0674   5.1847   0.1065 -306428.908
  8   5 156354.1  57275.9   0.0021   0.0183   0.1171   0.0195   5.8619   0.1171 -292293.201
  8   6 155325.7  58304.3   0.0023   0.0208   0.1108   0.0220   7.0882   0.1108 -293062.459
  8   7 156827.3  56802.7   0.0072   0.0620   0.1163   0.0654   5.3657   0.1163 -306103.261

