

2 (Bom_con) ... 1 (Apis_mel)
  0  0.0000 817407.799402  x:  0.42165   1.40325   0.41274  
  1 99.0000 801473.937785  x:  0.46704   1.47940   0.08604  
  2 48392.9968 800789.593016  x:  0.56060   1.54037   0.08117  
  3 14513.6207 798849.263695  x:  0.51217   2.28540   0.14389  
  4 8489.3459 796466.325928  x:  0.50782   2.92474   0.08684  
  5  1.5533 795878.759700  x:  0.55235   3.61480   0.10496  
  6  0.3230 795690.705179  x:  0.56231   4.03531   0.09097  
  7  0.3144 795664.570617  x:  0.55267   4.22499   0.09588  
  8  0.1320 795663.598639  x:  0.55394   4.26866   0.09501  
  9  0.0372 795663.584705  x:  0.55430   4.27158   0.09507  
 10  0.0024 795663.584703  x:  0.55430   4.27165   0.09507  

3 (Bom_hor) ... 1 (Apis_mel)
  0  0.0000 798667.591170  x:  0.53105   3.62731   0.13208  
  1 99.0000 798037.176829  x:  0.53040   3.62797   0.09571  
  2 29974.2918 797978.382995  x:  0.56008   3.63098   0.09121  
  3 4077.3892 797843.657577  x:  0.56805   4.29603   0.09333  
  4 449.7646 797843.545521  x:  0.56906   4.29382   0.09348  
  5  0.0028 797843.534933  x:  0.56932   4.29325   0.09336  
  6  0.0008 797843.534930  x:  0.56932   4.29314   0.09336  

3 (Bom_hor) ... 2 (Bom_con)
  0  0.0000 679850.433850  x:  0.09382   3.78550   0.21359  
  1 99.0000 679533.978512  x:  0.11598   3.78574   0.20636  
  2 29477.4273 679012.330246  x:  0.11649   3.78859   0.11815  
  3 10340.3258 678899.490855  x:  0.11633   5.04425   0.13033  
  4 210.6711 678894.824593  x:  0.11604   5.08514   0.12377  
  5  0.0702 678894.665043  x:  0.11556   5.11076   0.12410  
  6  0.0196 678894.662726  x:  0.11559   5.11710   0.12412  
  7  0.0040 678894.662725  x:  0.11559   5.11707   0.12412  

4 (Bom_hyp) ... 1 (Apis_mel)
  0  0.0000 796993.034346  x:  0.44862   4.40992   0.15413  
  1 99.0000 795761.639216  x:  0.47433   4.40977   0.09768  
  2 32580.1590 795250.006147  x:  0.55490   4.40871   0.09738  
  3 16499.6302 795244.929309  x:  0.55380   4.26858   0.09692  
  4 70.0714 795236.848730  x:  0.55665   4.28375   0.09321  
  5  0.0283 795236.811900  x:  0.55743   4.28428   0.09316  
  6  0.0007 795236.811877  x:  0.55743   4.28436   0.09316  

4 (Bom_hyp) ... 2 (Bom_con)
  0  0.0000 674856.738347  x:  0.08478   3.67269   0.19552  
  1 99.0000 674517.260621  x:  0.10643   3.67291   0.19001  
  2 33027.1209 674128.051851  x:  0.10690   3.67582   0.11493  
  3 8929.5644 673972.129145  x:  0.10670   5.21884   0.12924  
  4 246.0251 673966.485859  x:  0.10668   5.26270   0.12169  
  5  0.0690 673966.383264  x:  0.10652   5.30938   0.12191  
  6  0.0262 673966.381574  x:  0.10656   5.31110   0.12195  
  7  0.0013 673966.381561  x:  0.10656   5.31137   0.12194  
  8  0.0003 673966.381561  x:  0.10656   5.31141   0.12194  
  9  0.0000 673966.381561  x:  0.10656   5.31141   0.12194  

4 (Bom_hyp) ... 3 (Bom_hor)
  0  0.0000 654461.686674  x:  0.05292   4.46523   0.16591  
  1 99.0000 654220.235104  x:  0.06716   4.46527   0.16448  
  2 36964.6632 654118.440740  x:  0.06739   4.46630   0.11904  
  3 3939.3405 654091.752411  x:  0.06733   5.39378   0.12480  
  4 64.2941 654091.441276  x:  0.06734   5.40037   0.12259  
  5  0.0098 654091.440334  x:  0.06734   5.40639   0.12258  
  6  0.0044 654091.440326  x:  0.06734   5.40649   0.12259  
  7  0.0001 654091.440326  x:  0.06734   5.40651   0.12259  

5 (Bom_mus) ... 1 (Apis_mel)
  0  0.0000 799626.133097  x:  0.42847   4.47044   0.17629  
  1 99.0000 797405.130611  x:  0.47205   4.47020   0.09708  
  2 38607.3239 796779.045054  x:  0.55385   4.46907   0.10278  
  3 19686.2545 796764.719578  x:  0.55242   4.23569   0.10186  
  4 117.1306 796721.940025  x:  0.56286   4.27702   0.09315  
  5  0.0763 796721.347976  x:  0.56588   4.28568   0.09319  
  6  0.0072 796721.347058  x:  0.56589   4.28468   0.09316  
  7  0.0011 796721.347057  x:  0.56589   4.28463   0.09316  

5 (Bom_mus) ... 2 (Bom_con)
  0  0.0000 678636.329432  x:  0.10925   3.82911   0.08223  
  1 99.0000 678438.658689  x:  0.12213   3.82936   0.10465  
  2 16382.8171 678379.480102  x:  0.11350   3.82976   0.11792  
  3 9397.4684 678258.252608  x:  0.11313   5.21515   0.12298  
  4 210.6950 678254.101241  x:  0.11511   5.22062   0.12726  
  5  0.0049 678253.934974  x:  0.11467   5.21904   0.12810  
  6  0.0016 678253.934614  x:  0.11468   5.21778   0.12813  
  7  0.0011 678253.934596  x:  0.11468   5.21721   0.12813  

5 (Bom_mus) ... 3 (Bom_hor)
  0  0.0000 656047.867662  x:  0.07244   4.22653   0.18275  
  1 99.0000 656027.891593  x:  0.06803   4.22660   0.18004  
  2 7512.7123 655921.078912  x:  0.06924   4.22795   0.13090  
  3 5066.7497 655890.266898  x:  0.06921   5.14907   0.13770  
  4 75.7126 655889.781556  x:  0.06955   5.15224   0.13501  
  5  0.0054 655889.772873  x:  0.06963   5.15280   0.13517  
  6  0.0006 655889.772866  x:  0.06963   5.15318   0.13517  

5 (Bom_mus) ... 4 (Bom_hyp)
  0  0.0000 654480.832617  x:  0.06456   4.14214   0.19712  
  1 99.0000 654457.489533  x:  0.06940   4.14226   0.19308  
  2 7681.3047 654249.559727  x:  0.06905   4.14437   0.12306  
  3 8247.6318 654187.921158  x:  0.06884   5.48198   0.13393  
  4 108.1338 654185.745458  x:  0.06827   5.51053   0.12849  
  5  0.0408 654185.643489  x:  0.06798   5.52212   0.12908  
  6  0.0122 654185.642134  x:  0.06799   5.52959   0.12908  
  7  0.0047 654185.642123  x:  0.06799   5.52963   0.12909  

6 (Bom_pas) ... 1 (Apis_mel)
  0  0.0000 801441.451932  x:  0.51546   4.51501   0.23347  
  1 99.0000 797083.722081  x:  0.50231   4.51534   0.10207  
  2 45759.6709 796864.937778  x:  0.54898   4.51431   0.08774  
  3 9365.7554 796856.739495  x:  0.54644   4.31899   0.08723  
  4 80.4851 796784.394452  x:  0.56193   4.26073   0.09429  
  5  0.1951 796783.487008  x:  0.56544   4.29070   0.09357  
  6  0.0268 796783.472690  x:  0.56552   4.28448   0.09348  
  7  0.0065 796783.472658  x:  0.56550   4.28453   0.09348  

6 (Bom_pas) ... 2 (Bom_con)
  0  0.0000 678851.013546  x:  0.10182   3.65696   0.16278  
  1 99.0000 678737.277430  x:  0.11543   3.65723   0.15801  
  2 16506.9191 678630.613533  x:  0.11525   3.65925   0.12262  
  3 6026.0688 678460.387010  x:  0.11508   5.23457   0.13480  
  4 266.0936 678458.173733  x:  0.11497   5.24984   0.13003  
  5  0.0188 678458.153545  x:  0.11489   5.26908   0.13005  
  6  0.0113 678458.152818  x:  0.11491   5.27070   0.13010  
  7  0.0014 678458.152812  x:  0.11491   5.27078   0.13009  

6 (Bom_pas) ... 3 (Bom_hor)
  0  0.0000 656270.202567  x:  0.07334   4.21335   0.22896  
  1 99.0000 656233.120760  x:  0.06731   4.21344   0.22533  
  2 10236.1870 655936.325167  x:  0.06862   4.21582   0.13603  
  3 6876.4280 655896.097705  x:  0.06863   5.26482   0.14596  
  4 87.8975 655892.221348  x:  0.06926   5.30256   0.13778  
  5  0.0645 655892.072720  x:  0.06962   5.31430   0.13828  
  6  0.0126 655892.071234  x:  0.06962   5.32131   0.13825  
  7  0.0049 655892.071207  x:  0.06962   5.32160   0.13828  
  8  0.0003 655892.071206  x:  0.06962   5.32167   0.13828  

6 (Bom_pas) ... 4 (Bom_hyp)
  0  0.0000 654798.650870  x:  0.05535   4.52595   0.19910  
  1 99.0000 654617.118445  x:  0.06786   4.52599   0.19737  
  2 31051.9436 654443.443260  x:  0.06816   4.52768   0.13101  
  3 4469.8824 654401.978910  x:  0.06809   5.71749   0.13964  
  4 79.7898 654401.172631  x:  0.06812   5.73576   0.13581  
  5  0.0284 654401.168844  x:  0.06813   5.74898   0.13584  
  6  0.0088 654401.168834  x:  0.06812   5.74897   0.13585  
  7  0.0000 654401.168834  x:  0.06812   5.74899   0.13585  
  8  0.0000 654401.168834  x:  0.06812   5.74899   0.13585  
  9  0.0000 654401.168834  x:  0.06812   5.74898   0.13585  
 10  0.0000 654401.168834  x:  0.06812   5.74898   0.13585  
 11  0.0000 654401.168834  x:  0.06812   5.74898   0.13585  
check convergence!


6 (Bom_pas) ... 5 (Bom_mus)
  0  0.0000 624289.366098  x:  0.02223   4.51522   0.20638  
  1 99.0000 624283.814953  x:  0.02094   4.51523   0.20612  
  2 8281.2025 624202.680854  x:  0.02108   4.51745   0.12543  
  3 1689.1422 624181.887634  x:  0.02102   6.07288   0.13761  
  4 31.8867 624181.164842  x:  0.02105   6.11086   0.13129  
  5  0.0619 624181.158448  x:  0.02106   6.14223   0.13140  
  6  0.0192 624181.158279  x:  0.02106   6.14397   0.13143  
  7  0.0017 624181.158278  x:  0.02106   6.14397   0.13143  

7 (Bom_syl) ... 1 (Apis_mel)
  0  0.0000 799767.039267  x:  0.46504   5.02769   0.16239  
  1 99.0000 798465.065723  x:  0.48889   5.02705   0.10181  
  2 32503.0426 797950.371383  x:  0.57476   5.02439   0.09885  
  3 15387.1139 797835.060769  x:  0.56871   4.30002   0.09704  
  4 293.0597 797833.164559  x:  0.56879   4.30563   0.09533  
  5  0.0114 797833.079594  x:  0.56757   4.30041   0.09545  
  6  0.0046 797833.079077  x:  0.56756   4.30176   0.09545  
  7  0.0017 797833.079077  x:  0.56756   4.30175   0.09545  

7 (Bom_syl) ... 2 (Bom_con)
  0  0.0000 680935.033704  x:  0.12518   3.53771   0.17766  
  1 99.0000 680848.904321  x:  0.11340   3.53822   0.16836  
  2 11093.5470 680704.586008  x:  0.11702   3.54072   0.12666  
  3 8750.8360 680495.698347  x:  0.11742   5.21516   0.14126  
  4 312.0224 680492.019222  x:  0.11841   5.23430   0.13526  
  5  0.0233 680491.977322  x:  0.11863   5.25225   0.13542  
  6  0.0138 680491.971723  x:  0.11857   5.26106   0.13543  
  7  0.0060 680491.971716  x:  0.11857   5.26109   0.13544  
  8  0.0000 680491.971716  x:  0.11857   5.26110   0.13544  
  9  0.0000 680491.971716  x:  0.11857   5.26107   0.13544  
 10  0.0000 680491.971716  x:  0.11857   5.26107   0.13544  
check convergence!


7 (Bom_syl) ... 3 (Bom_hor)
  0  0.0000 657852.294068  x:  0.06140   4.36642   0.16260  
  1 99.0000 657719.696689  x:  0.07262   4.36646   0.16167  
  2 25084.2774 657690.439525  x:  0.07278   4.36755   0.13733  
  3 2241.2356 657649.552218  x:  0.07270   5.47229   0.14429  
  4 85.3778 657649.332697  x:  0.07273   5.46986   0.14223  
  5  0.0036 657649.332686  x:  0.07273   5.46972   0.14222  
  6  0.0001 657649.332685  x:  0.07273   5.46965   0.14222  
  7  0.0000 657649.332685  x:  0.07273   5.46965   0.14222  
  8  0.0000 657649.332685  x:  0.07273   5.46965   0.14222  
  9  0.0000 657649.332685  x:  0.07273   5.46965   0.14222  
 10  0.2501 657649.332685  x:  0.07273   5.46965   0.14222  
 11  0.0285 657649.332685  x:  0.07273   5.46965   0.14222  
check convergence!


7 (Bom_syl) ... 4 (Bom_hyp)
  0  0.0000 656272.050526  x:  0.06924   4.63503   0.21418  
  1 99.0000 656221.634281  x:  0.07658   4.63546   0.19546  
  2 5225.7011 656040.148066  x:  0.07416   4.63694   0.13130  
  3 29961.8714 656001.036847  x:  0.07377   5.80487   0.13967  
  4 76.2683 655993.493620  x:  0.07102   5.79253   0.13782  
  5  0.0138 655993.470955  x:  0.07097   5.78542   0.13841  
  6  0.0102 655993.470138  x:  0.07096   5.77985   0.13835  
  7  0.0041 655993.470128  x:  0.07097   5.77962   0.13835  
  8  0.0002 655993.470128  x:  0.07097   5.77963   0.13835  
  9  0.0000 655993.470128  x:  0.07097   5.77963   0.13835  

7 (Bom_syl) ... 5 (Bom_mus)
  0  0.0000 654545.107181  x:  0.06027   4.68631   0.19474  
  1 99.0000 654496.936291  x:  0.06687   4.68634   0.19353  
  2 14930.1719 654430.745211  x:  0.06703   4.68745   0.15057  
  3 2846.1550 654411.030400  x:  0.06698   5.51805   0.15619  
  4 52.7651 654410.884799  x:  0.06699   5.51759   0.15435  
  5  0.0025 654410.884761  x:  0.06698   5.51676   0.15433  
  6  0.0007 654410.884760  x:  0.06698   5.51672   0.15433  

7 (Bom_syl) ... 6 (Bom_pas)
  0  0.0000 654585.871640  x:  0.06010   4.41336   0.19687  
  1 99.0000 654537.716599  x:  0.06668   4.41341   0.19575  
  2 14996.8194 654478.574659  x:  0.06685   4.41511   0.15454  
  3 2654.2805 654431.951288  x:  0.06676   5.65707   0.16388  
  4 87.0516 654431.533929  x:  0.06678   5.66408   0.16067  
  5  0.0095 654431.532846  x:  0.06678   5.67090   0.16067  
  6  0.0045 654431.532838  x:  0.06678   5.67103   0.16068  
  7  0.0001 654431.532838  x:  0.06678   5.67102   0.16068  
  8  0.0000 654431.532837  x:  0.06678   5.67105   0.16068  

8 (Bom_vet) ... 1 (Apis_mel)
  0  0.0000 797575.006673  x:  0.50371   4.76017   0.13046  
  1 99.0000 797123.956268  x:  0.51195   4.75987   0.09860  
  2 24107.0941 796886.960607  x:  0.57350   4.75773   0.09290  
  3 9229.5975 796839.478833  x:  0.56870   4.30252   0.09213  
  4 197.1646 796838.938632  x:  0.56760   4.29899   0.09308  
  5  0.0058 796838.906719  x:  0.56691   4.29917   0.09308  
  6  0.0007 796838.906717  x:  0.56691   4.29910   0.09308  
  7  0.0001 796838.906717  x:  0.56691   4.29911   0.09308  
  8  0.0000 796838.906717  x:  0.56691   4.29911   0.09308  
  9  0.0000 796838.906717  x:  0.56691   4.29911   0.09308  
 10  0.0768 796838.906717  x:  0.56691   4.29911   0.09308  
check convergence!


8 (Bom_vet) ... 2 (Bom_con)
  0  0.0000 678139.153134  x:  0.11730   3.60042   0.11030  
  1 99.0000 678128.601431  x:  0.11311   3.60075   0.11303  
  2 4140.3322 678121.926865  x:  0.11398   3.60185   0.12041  
  3 2320.6631 677932.967719  x:  0.11404   5.28666   0.12932  
  4 288.1389 677932.739665  x:  0.11385   5.28575   0.12789  
  5  0.0014 677932.738371  x:  0.11389   5.28750   0.12784  
  6  0.0016 677932.738276  x:  0.11389   5.28890   0.12785  
  7  0.0008 677932.738276  x:  0.11389   5.28891   0.12785  
  8  0.0000 677932.738276  x:  0.11389   5.28891   0.12785  
check convergence!


8 (Bom_vet) ... 3 (Bom_hor)
  0  0.0000 655547.341770  x:  0.06664   4.29352   0.13076  
  1 99.0000 655542.391614  x:  0.06885   4.29355   0.13089  
  2 4538.3366 655542.173193  x:  0.06882   4.29433   0.13290  
  3 208.9736 655508.518051  x:  0.06874   5.30073   0.13775  
  4 88.6120 655508.496819  x:  0.06876   5.29086   0.13712  
  5  0.0089 655508.496672  x:  0.06876   5.28860   0.13712  
  6  0.0016 655508.496670  x:  0.06876   5.28860   0.13713  
  7  0.0000 655508.496670  x:  0.06876   5.28860   0.13713  
check convergence!


8 (Bom_vet) ... 4 (Bom_hyp)
  0  0.0000 654453.448374  x:  0.06896   4.41838   0.21919  
  1 99.0000 654425.492682  x:  0.06397   4.41853   0.21319  
  2 6986.9938 654135.988752  x:  0.06574   4.42062   0.12814  
  3 12336.2036 654090.784730  x:  0.06584   5.63301   0.13815  
  4 86.0205 654085.156873  x:  0.06704   5.67565   0.12950  
  5  0.0648 654084.726789  x:  0.06760   5.68429   0.13085  
  6  0.0103 654084.724549  x:  0.06761   5.69082   0.13073  
  7  0.0055 654084.724417  x:  0.06761   5.69267   0.13076  
  8  0.0014 654084.724417  x:  0.06761   5.69273   0.13076  
  9  0.0000 654084.724416  x:  0.06761   5.69268   0.13076  
 10  0.0000 654084.724416  x:  0.06761   5.69270   0.13076  

8 (Bom_vet) ... 5 (Bom_mus)
  0  0.0000 623591.846318  x:  0.02010   4.66257   0.10577  
  1 99.0000 623591.661178  x:  0.02033   4.66258   0.10586  
  2 1531.2038 623588.859908  x:  0.02028   4.66299   0.11710  
  3 593.2250 623578.216989  x:  0.02021   5.81644   0.12146  
  4 21.2246 623578.214015  x:  0.02023   5.81168   0.12116  
  5  0.0043 623578.213984  x:  0.02023   5.81087   0.12114  
  6  0.0007 623578.213984  x:  0.02023   5.81074   0.12114  
  7  0.0001 623578.213984  x:  0.02023   5.81070   0.12114  

8 (Bom_vet) ... 6 (Bom_pas)
  0  0.0000 624195.927289  x:  0.01834   4.63376   0.22787  
  1 99.0000 624174.050577  x:  0.02074   4.63377   0.22765  
  2 18957.7473 624056.290740  x:  0.02084   4.63662   0.12492  
  3 1790.9734 624030.243252  x:  0.02078   6.47490   0.14026  
  4 34.4631 624028.858967  x:  0.02080   6.54593   0.13145  
  5  0.1260 624028.835269  x:  0.02080   6.61784   0.13169  
  6  0.0381 624028.835196  x:  0.02080   6.61670   0.13173  
  7  0.0011 624028.835195  x:  0.02080   6.61696   0.13173  
  8  0.0002 624028.835195  x:  0.02080   6.61688   0.13173  
  9  0.0001 624028.835195  x:  0.02080   6.61688   0.13173  
 10  0.0000 624028.835195  x:  0.02080   6.61688   0.13173  
 11  0.0000 624028.835195  x:  0.02080   6.61688   0.13173  
 12  0.0917 624028.835195  x:  0.02080   6.61688   0.13173  
 13  1.2582 624028.835195  x:  0.02080   6.61688   0.13173  
check convergence!


8 (Bom_vet) ... 7 (Bom_syl)
  0  0.0000 654118.190527  x:  0.06855   5.09916   0.10611  
  1 99.0000 654074.991798  x:  0.06289   5.09918   0.11573  
  2 7501.8600 653986.727652  x:  0.06766   5.09925   0.14846  
  3 14875.8531 653978.745645  x:  0.06766   5.76307   0.15062  
  4 30.0385 653974.666972  x:  0.06591   5.68112   0.15486  
  5  0.0665 653974.570714  x:  0.06604   5.68201   0.15622  
  6  0.0012 653974.570531  x:  0.06603   5.68385   0.15623  
  7  0.0017 653974.570529  x:  0.06603   5.68402   0.15623  
  8  0.0001 653974.570529  x:  0.06603   5.68402   0.15623  
  9  0.0000 653974.570529  x:  0.06603   5.68402   0.15623  
 10  0.4134 653974.570529  x:  0.06603   5.68402   0.15623  
check convergence!
