Supplemental results for CODEML (seqf: /home/yzliu/eDNA/faststorage/yzliu/DK_proj/data/ref_genome/ref_annotation/primary_transcripts/extracted_cds_new/new_transcript_id_7_and_pas/bootstraps/cat.out.OG_cds_7_species_same_header_fas.shuf_537OG_179.phy  treef: xxx.trees)


pairwise comparison (Goldman & Yang 1994)
seq seq        N       S       dN       dS     dN/dS   Paras.
  2   1 501613.3 195610.7   0.0096   0.1667   0.0575   0.1610   3.6560   0.0575 -1075618.318
  3   1 501050.1 196173.9   0.0093   0.1560   0.0599   0.1518   3.5793   0.0599 -1071522.673
  3   2 499467.7 197756.3   0.0095   0.1508   0.0633   0.1488   4.0668   0.0633 -1068793.147
  4   1 502253.4 194970.6   0.0071   0.1170   0.0607   0.1135   3.4145   0.0607 -1048503.296
  4   2 499586.3 197637.7   0.0092   0.1574   0.0586   0.1537   4.0316   0.0586 -1070730.010
  4   3 498300.6 198923.4   0.0090   0.1481   0.0606   0.1460   4.0350   0.0606 -1067137.402
  5   1 504744.4 192479.6   0.0053   0.0898   0.0594   0.0860   3.0604   0.0594 -1029758.002
  5   2 500890.0 196334.0   0.0096   0.1651   0.0583   0.1602   3.7212   0.0583 -1075284.921
  5   3 500379.5 196844.5   0.0094   0.1528   0.0614   0.1496   3.6394   0.0614 -1070535.606
  5   4 502053.8 195170.2   0.0070   0.1121   0.0628   0.1093   3.4128   0.0628 -1046100.223
  6   1 507056.0 190168.0   0.0065   0.1169   0.0559   0.1099   2.8436   0.0559 -1046593.502
  6   2 502201.8 195022.2   0.0088   0.1600   0.0552   0.1534   3.5775   0.0552 -1070931.881
  6   3 501510.8 195713.2   0.0087   0.1505   0.0579   0.1455   3.5190   0.0579 -1067625.169
  6   4 503353.9 193870.1   0.0065   0.1131   0.0578   0.1085   3.2819   0.0578 -1044950.954
  6   5 506633.3 190590.7   0.0067   0.1126   0.0592   0.1068   2.8653   0.0592 -1045087.420
  7   1 498138.2 199085.8   0.0628   1.1543   0.0544   1.1233   4.1127   0.0544 -1301328.055
  7   2 494348.7 202875.3   0.0639   1.2339   0.0518   1.2129   4.4631   0.0518 -1305684.578
  7   3 496403.3 200820.7   0.0633   1.1689   0.0541   1.1452   4.2957   0.0541 -1302279.797
  7   4 496401.7 200822.3   0.0626   1.1701   0.0535   1.1449   4.2968   0.0535 -1301316.696
  7   5 498270.1 198953.9   0.0629   1.1497   0.0547   1.1190   4.1183   0.0547 -1301115.699
  7   6 497871.1 199352.9   0.0624   1.1597   0.0538   1.1285   4.1465   0.0538 -1300760.951

