

2 (Bom_con) ... 1 (Apis_mel)
  0  0.0000 390796.660503  x:  0.48043   1.44040   0.49441  
  1 99.0000 382312.715029  x:  0.38152   1.53408   0.10205  
  2 21882.7332 382076.042460  x:  0.40215   1.54343   0.07830  
  3 20385.3215 379357.986052  x:  0.52935   3.34499   0.11943  
  4 4525.1951 379183.580389  x:  0.51022   3.65963   0.09805  
  5  0.1975 379136.833930  x:  0.54428   3.79379   0.09317  
  6  0.0866 379128.135720  x:  0.55140   3.97961   0.09601  
  7  0.0860 379126.307143  x:  0.54826   4.04786   0.09505  
  8  0.0574 379126.239047  x:  0.54717   4.04915   0.09550  
  9  0.0016 379126.239041  x:  0.54716   4.04904   0.09549  
 10  0.0001 379126.239041  x:  0.54716   4.04903   0.09549  

3 (Bom_hor) ... 1 (Apis_mel)
  0  0.0000 379888.380125  x:  0.50091   3.61987   0.13986  
  1 99.0000 379491.986222  x:  0.50460   3.62046   0.09602  
  2 15184.1953 379416.812590  x:  0.55212   3.62228   0.08965  
  3 3438.2025 379380.172256  x:  0.55768   4.11614   0.09158  
  4 159.8805 379379.971373  x:  0.55842   4.11171   0.09224  
  5  0.0076 379379.959312  x:  0.55899   4.10973   0.09210  
  6  0.0018 379379.959312  x:  0.55899   4.10975   0.09210  

3 (Bom_hor) ... 2 (Bom_con)
  0  0.0000 323058.635449  x:  0.08842   3.60053   0.11145  
  1 99.0000 322847.358387  x:  0.11393   3.60070   0.11266  
  2 18162.1431 322846.904149  x:  0.11383   3.60206   0.11556  
  3 289.8578 322769.426919  x:  0.11375   5.17180   0.12293  
  4 151.7321 322769.380070  x:  0.11384   5.15427   0.12198  
  5  0.0143 322769.378231  x:  0.11384   5.14544   0.12200  
  6  0.0052 322769.378218  x:  0.11384   5.14558   0.12201  
  7  0.0001 322769.378218  x:  0.11384   5.14559   0.12201  

4 (Bom_hyp) ... 1 (Apis_mel)
  0  0.0000 379315.142490  x:  0.48591   4.27897   0.15790  
  1 99.0000 378677.415746  x:  0.49273   4.27891   0.09774  
  2 16949.8352 378554.234180  x:  0.55407   4.27755   0.08912  
  3 4512.1291 378549.217843  x:  0.55193   4.07922   0.08855  
  4 48.9392 378546.445422  x:  0.55236   4.06626   0.09144  
  5  0.0293 378546.438982  x:  0.55212   4.06901   0.09137  
  6  0.0026 378546.438944  x:  0.55209   4.06862   0.09138  
  7  0.0004 378546.438944  x:  0.55209   4.06865   0.09138  
  8  0.0000 378546.438944  x:  0.55209   4.06865   0.09138  

4 (Bom_hyp) ... 2 (Bom_con)
  0  0.0000 321852.618305  x:  0.10819   3.58674   0.16815  
  1 99.0000 321744.775589  x:  0.10852   3.58911   0.11491  
  2 3436.7366 321744.376689  x:  0.10970   3.58935   0.11470  
  3 678.5495 321667.622113  x:  0.10984   5.13525   0.12796  
  4 127.9163 321665.820266  x:  0.10971   5.15264   0.12185  
  5  0.0250 321665.813584  x:  0.10968   5.16940   0.12181  
  6  0.0097 321665.813340  x:  0.10969   5.17054   0.12187  
  7  0.0011 321665.813340  x:  0.10969   5.17051   0.12186  
  8  0.0000 321665.813340  x:  0.10969   5.17052   0.12186  

4 (Bom_hyp) ... 3 (Bom_hor)
  0  0.0000 310705.816319  x:  0.05995   4.18563   0.11097  
  1 99.0000 310690.010920  x:  0.06541   4.18569   0.11122  
  2 5962.9163 310689.704219  x:  0.06537   4.18664   0.11436  
  3 194.5978 310648.974956  x:  0.06520   5.94231   0.12212  
  4 62.8403 310648.907947  x:  0.06526   5.94096   0.12062  
  5  0.0018 310648.907830  x:  0.06526   5.94349   0.12059  
  6  0.0018 310648.907820  x:  0.06526   5.94424   0.12060  
  7  0.0006 310648.907820  x:  0.06526   5.94425   0.12060  

5 (Bom_mus) ... 1 (Apis_mel)
  0  0.0000 381018.885343  x:  0.43404   4.78314   0.21300  
  1 99.0000 379309.764369  x:  0.47331   4.78242   0.09975  
  2 20208.8934 379036.861887  x:  0.56023   4.77978   0.09889  
  3 7681.3435 378970.578153  x:  0.55542   4.03545   0.09546  
  4 162.8919 378965.096330  x:  0.55801   4.06449   0.09145  
  5  0.0951 378965.045773  x:  0.55747   4.05755   0.09115  
  6  0.0071 378965.044236  x:  0.55730   4.05946   0.09118  
  7  0.0019 378965.044204  x:  0.55728   4.05910   0.09119  

5 (Bom_mus) ... 2 (Bom_con)
  0  0.0000 323272.016506  x:  0.11581   3.62849   0.18222  
  1 99.0000 323192.587022  x:  0.10406   3.62990   0.14699  
  2 4019.8508 323131.824714  x:  0.11135   3.63131   0.11493  
  3 12786.0012 323058.822394  x:  0.11245   5.11880   0.12712  
  4 120.9542 323056.527854  x:  0.11536   5.09032   0.12628  
  5  0.0291 323056.507607  x:  0.11533   5.08328   0.12563  
  6  0.0078 323056.506478  x:  0.11532   5.07652   0.12564  
  7  0.0042 323056.506477  x:  0.11532   5.07650   0.12564  
  8  0.0000 323056.506476  x:  0.11532   5.07645   0.12564  
  9  0.0000 323056.506476  x:  0.11532   5.07646   0.12564  

5 (Bom_mus) ... 3 (Bom_hor)
  0  0.0000 310834.067023  x:  0.06505   4.15210   0.11839  
  1 99.0000 310833.999990  x:  0.06541   4.15218   0.11867  
  2 293.0059 310833.748578  x:  0.06523   4.15300   0.12160  
  3 259.6044 310807.227948  x:  0.06517   5.48097   0.12808  
  4 51.0505 310807.194906  x:  0.06515   5.48052   0.12698  
  5  0.0011 310807.194865  x:  0.06515   5.48208   0.12697  
  6  0.0011 310807.194863  x:  0.06515   5.48235   0.12698  
  7  0.0002 310807.194863  x:  0.06515   5.48235   0.12698  
  8  0.0000 310807.194863  x:  0.06515   5.48235   0.12698  
  9  0.0059 310807.194863  x:  0.06515   5.48235   0.12698  
 10  0.0108 310807.194863  x:  0.06515   5.48235   0.12698  
 11  0.0066 310807.194863  x:  0.06515   5.48235   0.12698  
 12  0.0153 310807.194863  x:  0.06515   5.48235   0.12698  
check convergence!


5 (Bom_mus) ... 4 (Bom_hyp)
  0  0.0000 311179.987016  x:  0.06599   4.33097   0.12113  
  1 99.0000 311178.795572  x:  0.06755   4.33102   0.12110  
  2 1540.8501 311178.717016  x:  0.06757   4.33264   0.11953  
  3 68.7112 311147.885982  x:  0.06743   5.83329   0.12796  
  4 100.5044 311147.792323  x:  0.06747   5.83598   0.12617  
  5  0.0029 311147.791994  x:  0.06747   5.84102   0.12613  
  6  0.0034 311147.791979  x:  0.06747   5.84162   0.12615  
  7  0.0005 311147.791979  x:  0.06747   5.84161   0.12615  
  8  0.0000 311147.791979  x:  0.06747   5.84162   0.12615  

6 (Bom_pas) ... 1 (Apis_mel)
  0  0.0000 379787.961444  x:  0.47643   4.81446   0.13853  
  1 99.0000 379445.604462  x:  0.49200   4.81388   0.09723  
  2 13218.4156 379254.685781  x:  0.56917   4.81090   0.09311  
  3 6344.8478 379190.346295  x:  0.56218   4.05945   0.09144  
  4 156.5922 379190.125415  x:  0.56046   4.05875   0.09098  
  5  0.0022 379190.096893  x:  0.55965   4.05685   0.09124  
  6  0.0028 379190.096866  x:  0.55965   4.05730   0.09124  
  7  0.0006 379190.096866  x:  0.55965   4.05730   0.09124  

6 (Bom_pas) ... 2 (Bom_con)
  0  0.0000 323752.324928  x:  0.09670   3.38729   0.16062  
  1 99.0000 323630.199739  x:  0.11677   3.38758   0.15630  
  2 12746.0275 323573.763046  x:  0.11694   3.38997   0.11981  
  3 2879.9450 323473.042779  x:  0.11673   5.00854   0.13389  
  4 155.8448 323471.441465  x:  0.11683   5.02799   0.12810  
  5  0.0236 323471.421252  x:  0.11686   5.05671   0.12807  
  6  0.0150 323471.420856  x:  0.11685   5.05741   0.12817  
  7  0.0007 323471.420855  x:  0.11685   5.05741   0.12817  
  8  0.0000 323471.420855  x:  0.11685   5.05741   0.12817  

6 (Bom_pas) ... 3 (Bom_hor)
  0  0.0000 311338.485368  x:  0.06816   4.12468   0.21498  
  1 99.0000 311326.582448  x:  0.06343   4.12481   0.21043  
  2 3539.2923 311200.283232  x:  0.06493   4.12731   0.12867  
  3 4485.9058 311171.645969  x:  0.06501   5.44359   0.14090  
  4 50.8551 311169.064085  x:  0.06587   5.49335   0.13155  
  5  0.0779 311168.946723  x:  0.06631   5.51591   0.13237  
  6  0.0236 311168.943645  x:  0.06630   5.53168   0.13231  
  7  0.0102 311168.943575  x:  0.06629   5.53223   0.13236  
  8  0.0006 311168.943575  x:  0.06629   5.53235   0.13236  
  9  0.0001 311168.943575  x:  0.06629   5.53232   0.13236  

6 (Bom_pas) ... 4 (Bom_hyp)
  0  0.0000 311879.161314  x:  0.06143   4.60912   0.19388  
  1 99.0000 311846.397043  x:  0.06943   4.60918   0.19174  
  2 8269.4658 311763.890549  x:  0.06962   4.61081   0.12761  
  3 2311.1706 311741.422271  x:  0.06952   5.91272   0.13670  
  4 39.8613 311740.943866  x:  0.06949   5.93473   0.13255  
  5  0.0336 311740.940006  x:  0.06943   5.95075   0.13261  
  6  0.0114 311740.939920  x:  0.06944   5.95247   0.13262  
  7  0.0014 311740.939919  x:  0.06944   5.95255   0.13262  
  8  0.0000 311740.939919  x:  0.06944   5.95248   0.13262  
  9  0.0000 311740.939919  x:  0.06944   5.95254   0.13262  

6 (Bom_pas) ... 5 (Bom_mus)
  0  0.0000 297342.742356  x:  0.01924   4.74703   0.10253  
  1 99.0000 297332.365495  x:  0.02176   4.74704   0.10272  
  2 8754.0226 297324.934781  x:  0.02169   4.74752   0.12895  
  3 630.9088 297315.504911  x:  0.02160   6.37932   0.13488  
  4 13.8714 297315.503768  x:  0.02158   6.37709   0.13489  
  5  0.0020 297315.503761  x:  0.02158   6.37576   0.13488  
  6  0.0018 297315.503760  x:  0.02158   6.37444   0.13489  
  7  0.0009 297315.503759  x:  0.02158   6.37452   0.13489  
  8  0.0009 297315.503755  x:  0.02158   6.37456   0.13488  

7 (Bom_syl) ... 1 (Apis_mel)
  0  0.0000 380302.384114  x:  0.43433   5.18579   0.12575  
  1 99.0000 379803.346692  x:  0.50294   5.18408   0.08726  
  2 11840.3552 379605.975763  x:  0.55123   5.18250   0.10207  
  3 15623.3190 379482.953729  x:  0.54430   4.10381   0.10004  
  4 201.2762 379468.198497  x:  0.55946   4.12620   0.09315  
  5  0.0226 379468.179549  x:  0.55982   4.11823   0.09320  
  6  0.0090 379468.178577  x:  0.55995   4.12024   0.09321  
  7  0.0023 379468.178572  x:  0.55995   4.12023   0.09321  
  8  0.0000 379468.178572  x:  0.55995   4.12023   0.09321  

7 (Bom_syl) ... 2 (Bom_con)
  0  0.0000 324667.455527  x:  0.09593   3.46366   0.10081  
  1 99.0000 324463.229703  x:  0.12189   3.46388   0.10666  
  2 16723.9831 324444.523003  x:  0.12030   3.46505   0.12454  
  3 2274.1701 324337.809465  x:  0.12008   5.19036   0.13400  
  4 157.7365 324337.750546  x:  0.12032   5.18980   0.13297  
  5  0.0009 324337.750133  x:  0.12029   5.19152   0.13292  
  6  0.0012 324337.750117  x:  0.12029   5.19224   0.13294  
  7  0.0004 324337.750116  x:  0.12029   5.19230   0.13293  
  8  0.0000 324337.750116  x:  0.12029   5.19228   0.13293  
  9  0.0000 324337.750116  x:  0.12029   5.19228   0.13293  

7 (Bom_syl) ... 3 (Bom_hor)
  0  0.0000 312382.895113  x:  0.06007   4.39169   0.24380  
  1 99.0000 312334.684974  x:  0.06967   4.39177   0.24116  
  2 10202.5345 312131.529726  x:  0.07007   4.39491   0.12828  
  3 2959.9626 312100.950455  x:  0.06996   5.82321   0.14198  
  4 50.1257 312099.304328  x:  0.06993   5.88574   0.13424  
  5  0.1187 312099.276405  x:  0.06982   5.93329   0.13450  
  6  0.0302 312099.275887  x:  0.06985   5.93602   0.13452  
  7  0.0021 312099.275887  x:  0.06985   5.93621   0.13452  
  8  0.0002 312099.275887  x:  0.06985   5.93625   0.13452  
  9  0.0000 312099.275887  x:  0.06985   5.93621   0.13452  
 10  0.0000 312099.275887  x:  0.06985   5.93621   0.13452  

7 (Bom_syl) ... 4 (Bom_hyp)
  0  0.0000 312365.691077  x:  0.06311   4.94771   0.12425  
  1 99.0000 312326.856196  x:  0.07198   4.94774   0.12462  
  2 9168.3873 312326.331972  x:  0.07192   4.94833   0.12884  
  3 251.7362 312304.843623  x:  0.07184   6.40956   0.13458  
  4 36.6992 312304.787991  x:  0.07187   6.35041   0.13344  
  5  0.0455 312304.786507  x:  0.07186   6.34015   0.13356  
  6  0.0078 312304.786505  x:  0.07186   6.34035   0.13356  
  7  0.0002 312304.786505  x:  0.07186   6.34041   0.13356  
  8  0.0001 312304.786505  x:  0.07186   6.34038   0.13356  
  9  0.0000 312304.786505  x:  0.07186   6.34041   0.13356  

7 (Bom_syl) ... 5 (Bom_mus)
  0  0.0000 311059.443480  x:  0.06861   5.21136   0.14200  
  1 99.0000 311056.161215  x:  0.06602   5.21138   0.14189  
  2 2487.1271 311056.098151  x:  0.06604   5.21169   0.14026  
  3 74.7683 311052.262607  x:  0.06601   5.81317   0.14290  
  4 14.3720 311052.259726  x:  0.06600   5.80252   0.14258  
  5  0.0099 311052.259707  x:  0.06600   5.80141   0.14260  
  6  0.0010 311052.259707  x:  0.06600   5.80141   0.14260  

7 (Bom_syl) ... 6 (Bom_pas)
  0  0.0000 311691.686298  x:  0.05663   4.65889   0.20666  
  1 99.0000 311629.597280  x:  0.06725   4.65893   0.20518  
  2 12328.6284 311566.726733  x:  0.06750   4.66057   0.14385  
  3 1790.0047 311549.998842  x:  0.06744   5.78433   0.15216  
  4 33.7476 311549.752392  x:  0.06748   5.79824   0.14883  
  5  0.0207 311549.751275  x:  0.06750   5.80802   0.14886  
  6  0.0068 311549.751269  x:  0.06749   5.80828   0.14887  
  7  0.0002 311549.751269  x:  0.06749   5.80828   0.14887  
check convergence!


8 (Bom_vet) ... 1 (Apis_mel)
  0  0.0000 380468.145088  x:  0.54822   4.71040   0.18824  
  1 99.0000 379092.572282  x:  0.53239   4.71019   0.09590  
  2 21899.5071 379063.362955  x:  0.55987   4.70795   0.08847  
  3 2081.3679 379015.461216  x:  0.55127   4.05970   0.08732  
  4 136.9005 379007.938303  x:  0.55826   4.04617   0.09091  
  5  0.0365 379007.919053  x:  0.55847   4.05536   0.09076  
  6  0.0103 379007.918563  x:  0.55847   4.05414   0.09073  
  7  0.0013 379007.918563  x:  0.55847   4.05414   0.09073  

8 (Bom_vet) ... 2 (Bom_con)
  0  0.0000 323345.250031  x:  0.10679   3.37040   0.19987  
  1 99.0000 323278.306209  x:  0.12332   3.37133   0.17994  
  2 5671.9464 323109.463496  x:  0.12091   3.37446   0.11417  
  3 9553.0135 323006.091674  x:  0.11986   5.00712   0.13101  
  4 157.6303 322997.488482  x:  0.11582   5.04209   0.12259  
  5  0.0417 322997.203147  x:  0.11505   5.04953   0.12437  
  6  0.0096 322997.200229  x:  0.11502   5.05953   0.12432  
  7  0.0058 322997.200034  x:  0.11504   5.06084   0.12436  

8 (Bom_vet) ... 3 (Bom_hor)
  0  0.0000 310805.692703  x:  0.05555   4.14368   0.11628  
  1 99.0000 310757.058601  x:  0.06488   4.14372   0.11667  
  2 11019.3660 310756.200279  x:  0.06481   4.14449   0.12212  
  3 323.9307 310729.920615  x:  0.06468   5.46792   0.12855  
  4 47.9027 310729.898236  x:  0.06470   5.46674   0.12763  
  5  0.0013 310729.898215  x:  0.06470   5.46791   0.12762  
  6  0.0008 310729.898214  x:  0.06470   5.46806   0.12762  
  7  0.0001 310729.898214  x:  0.06470   5.46805   0.12762  

8 (Bom_vet) ... 4 (Bom_hyp)
  0  0.0000 311301.329150  x:  0.06796   4.58126   0.18931  
  1 99.0000 311284.337953  x:  0.06273   4.58154   0.17763  
  2 2547.9343 311206.432752  x:  0.06550   4.58292   0.11931  
  3 11160.7753 311184.512977  x:  0.06573   5.88412   0.12798  
  4 38.8221 311182.760253  x:  0.06745   5.88943   0.12436  
  5  0.0069 311182.732427  x:  0.06755   5.88744   0.12525  
  6  0.0030 311182.732422  x:  0.06755   5.88757   0.12524  
  7  0.0001 311182.732421  x:  0.06755   5.88759   0.12524  
  8  0.0000 311182.732421  x:  0.06755   5.88760   0.12524  
  9  0.0002 311182.732421  x:  0.06755   5.88762   0.12524  
 10  0.0001 311182.732421  x:  0.06755   5.88762   0.12524  
 11  0.0000 311182.732421  x:  0.06755   5.88762   0.12524  
 12  0.0247 311182.732421  x:  0.06755   5.88762   0.12524  
check convergence!


8 (Bom_vet) ... 5 (Bom_mus)
  0  0.0000 296446.195523  x:  0.01484   4.71826   0.17091  
  1 99.0000 296408.876872  x:  0.01903   4.71826   0.17077  
  2 19485.1542 296386.183872  x:  0.01908   4.71946   0.11354  
  3 662.3417 296381.040171  x:  0.01904   5.92551   0.12092  
  4  9.7674 296380.913297  x:  0.01905   5.94468   0.11728  
  5  0.0299 296380.912720  x:  0.01905   5.95862   0.11723  
  6  0.0098 296380.912708  x:  0.01905   5.95935   0.11727  
  7  0.0007 296380.912708  x:  0.01905   5.95938   0.11727  
  8  0.0000 296380.912708  x:  0.01905   5.95935   0.11727  
  9  0.0000 296380.912708  x:  0.01905   5.95935   0.11727  

8 (Bom_vet) ... 6 (Bom_pas)
  0  0.0000 297218.287255  x:  0.01820   4.71918   0.20489  
  1 99.0000 297203.494190  x:  0.02106   4.71918   0.20470  
  2 10860.0079 297169.290143  x:  0.02113   4.72124   0.12852  
  3 735.6847 297159.437591  x:  0.02108   6.36350   0.14072  
  4 14.3055 297159.105744  x:  0.02109   6.40172   0.13439  
  5  0.0601 297159.102147  x:  0.02110   6.44004   0.13453  
  6  0.0193 297159.102131  x:  0.02110   6.44170   0.13454  
  7  0.0026 297159.102129  x:  0.02110   6.44190   0.13454  
  8  0.0005 297159.102127  x:  0.02110   6.44211   0.13454  
  9  0.0126 297159.102124  x:  0.02110   6.44211   0.13454  
 10  0.0000 297159.102123  x:  0.02110   6.44212   0.13454  
 11  0.0011 297159.102118  x:  0.02110   6.44212   0.13454  
 12  0.0000 297159.102118  x:  0.02110   6.44212   0.13454  
check convergence!


8 (Bom_vet) ... 7 (Bom_syl)
  0  0.0000 310989.756890  x:  0.06220   4.96785   0.10808  
  1 99.0000 310978.646830  x:  0.06687   4.96786   0.11049  
  2 4381.3614 310956.076939  x:  0.06534   4.96811   0.13812  
  3 2160.5041 310947.102517  x:  0.06526   5.88466   0.14136  
  4 22.3491 310947.057075  x:  0.06553   5.86116   0.14164  
  5  0.0212 310947.056284  x:  0.06551   5.85581   0.14175  
  6  0.0041 310947.056284  x:  0.06551   5.85596   0.14176  
  7  0.0001 310947.056283  x:  0.06551   5.85607   0.14176  
  8  0.0001 310947.056283  x:  0.06551   5.85607   0.14176  
  9  0.0001 310947.056283  x:  0.06551   5.85607   0.14176  
 10  0.0169 310947.056283  x:  0.06551   5.85607   0.14176  
check convergence!
