Supplemental results for CODEML (seqf: /home/yzliu/eDNA/faststorage/yzliu/DK_proj/data/ref_genome/ref_annotation/primary_transcripts/extracted_cds_new/new_transcript_id_7_and_pas/bootstraps/cat.out.OG_cds_7_species_same_header_fas.shuf_537OG_138.phy  treef: xxx.trees)


pairwise comparison (Goldman & Yang 1994)
seq seq        N       S       dN       dS     dN/dS   Paras.
  2   1 504808.8 198727.2   0.0099   0.1660   0.0594   0.1618   3.7128   0.0594 -1086012.768
  3   1 504020.2 199515.8   0.0095   0.1568   0.0608   0.1539   3.6819   0.0608 -1082155.507
  3   2 503507.4 200028.6   0.0099   0.1530   0.0647   0.1518   3.9612   0.0647 -1080708.499
  4   1 504465.1 199070.9   0.0073   0.1185   0.0616   0.1163   3.6194   0.0616 -1059404.753
  4   2 503329.5 200206.5   0.0095   0.1574   0.0604   0.1548   3.9853   0.0604 -1081498.084
  4   3 501743.9 201792.1   0.0093   0.1486   0.0625   0.1477   4.0567   0.0625 -1077996.364
  5   1 507474.1 196061.9   0.0053   0.0903   0.0586   0.0870   3.2002   0.0586 -1039326.874
  5   2 504443.4 199092.6   0.0099   0.1642   0.0601   0.1606   3.7357   0.0601 -1085563.955
  5   3 504086.1 199449.9   0.0095   0.1528   0.0621   0.1503   3.6511   0.0621 -1080555.084
  5   4 504806.6 198729.4   0.0071   0.1143   0.0620   0.1121   3.5538   0.0620 -1056932.558
  6   1 509396.7 194139.3   0.0067   0.1170   0.0573   0.1114   2.9977   0.0573 -1056781.947
  6   2 505753.8 197782.2   0.0092   0.1581   0.0579   0.1531   3.5665   0.0579 -1081171.617
  6   3 504981.0 198555.0   0.0091   0.1495   0.0607   0.1461   3.5396   0.0607 -1078111.113
  6   4 506040.6 197495.4   0.0069   0.1132   0.0607   0.1101   3.4048   0.0607 -1055644.839
  6   5 509999.6 193536.4   0.0066   0.1124   0.0590   0.1072   2.9215   0.0590 -1054476.565
  7   1 502955.6 200580.4   0.0644   1.1945   0.0539   1.1598   4.1917   0.0539 -1315045.204
  7   2 499783.5 203752.5   0.0657   1.2604   0.0521   1.2351   4.4426   0.0521 -1319774.442
  7   3 501819.2 201716.8   0.0652   1.1992   0.0544   1.1710   4.3059   0.0544 -1316286.602
  7   4 501472.1 202063.9   0.0646   1.2065   0.0535   1.1776   4.3488   0.0535 -1315418.241
  7   5 503159.4 200376.6   0.0644   1.1836   0.0544   1.1495   4.1918   0.0544 -1314484.461
  7   6 503247.2 200288.8   0.0642   1.1886   0.0540   1.1528   4.1730   0.0540 -1314534.482

