

2 (Bom_con) ... 1 (Apis_mel)
  0  0.0000 442801.718245  x:  0.53288   1.51899   0.49673  
  1 99.0000 433349.061196  x:  0.35348   1.60229   0.11735  
  2 27035.6301 432959.648249  x:  0.36692   1.61068   0.08441  
  3 35537.2430 429425.502770  x:  0.48315   4.07539   0.12956  
  4 4524.5649 429057.637280  x:  0.54458   3.96793   0.09320  
  5  0.0762 429050.941116  x:  0.55378   4.08293   0.09526  
  6  0.0509 429048.762619  x:  0.55692   4.14907   0.09313  
  7  0.0498 429048.095506  x:  0.55413   4.19295   0.09385  
  8  0.0277 429048.094998  x:  0.55415   4.19319   0.09381  
  9  0.0002 429048.094998  x:  0.55415   4.19319   0.09381  

3 (Bom_hor) ... 1 (Apis_mel)
  0  0.0000 429921.023805  x:  0.51552   3.75822   0.09218  
  1 99.0000 429888.912799  x:  0.52881   3.75869   0.09948  
  2 4336.7335 429835.805001  x:  0.56230   3.76042   0.08961  
  3 6074.6952 429789.708262  x:  0.56840   4.30552   0.09080  
  4 182.7256 429789.483348  x:  0.57069   4.30559   0.09096  
  5  0.0021 429789.481515  x:  0.57082   4.30544   0.09089  
  6  0.0002 429789.481515  x:  0.57082   4.30544   0.09089  
  7  0.0000 429789.481515  x:  0.57082   4.30544   0.09089  

3 (Bom_hor) ... 2 (Bom_con)
  0  0.0000 367646.149006  x:  0.10482   3.75005   0.07172  
  1 99.0000 367398.976801  x:  0.12807   3.75029   0.09600  
  2 16084.5250 367342.779980  x:  0.11771   3.75086   0.11588  
  3 5751.7443 367236.843865  x:  0.11700   5.55033   0.12247  
  4 149.0100 367232.429237  x:  0.12032   5.56442   0.12656  
  5  0.0106 367232.125053  x:  0.11976   5.56614   0.12871  
  6  0.0020 367232.124679  x:  0.11979   5.56390   0.12869  
  7  0.0017 367232.124637  x:  0.11978   5.56270   0.12869  
  8  0.0008 367232.124637  x:  0.11978   5.56270   0.12869  
  9  0.0000 367232.124637  x:  0.11978   5.56270   0.12869  
 10  0.0000 367232.124637  x:  0.11978   5.56270   0.12869  
 11  0.0393 367232.124637  x:  0.11978   5.56270   0.12869  
 12  0.0096 367232.124637  x:  0.11978   5.56270   0.12869  
check convergence!


4 (Bom_hyp) ... 1 (Apis_mel)
  0  0.0000 430832.917769  x:  0.55378   4.50096   0.21587  
  1 99.0000 428515.791167  x:  0.52582   4.50135   0.09729  
  2 26678.0168 428481.903022  x:  0.55039   4.50033   0.08891  
  3 2601.7883 428472.299780  x:  0.54654   4.22993   0.08827  
  4 67.4887 428463.879897  x:  0.55503   4.20604   0.09117  
  5  0.0638 428463.837470  x:  0.55609   4.21078   0.09093  
  6  0.0047 428463.837386  x:  0.55609   4.21007   0.09092  
  7  0.0008 428463.837386  x:  0.55609   4.21008   0.09092  

4 (Bom_hyp) ... 2 (Bom_con)
  0  0.0000 365197.811959  x:  0.08834   3.65255   0.10539  
  1 99.0000 365000.340329  x:  0.11134   3.65271   0.10908  
  2 18442.0130 364986.780357  x:  0.11048   3.65374   0.12424  
  3 1913.4557 364895.456491  x:  0.11032   5.29584   0.13309  
  4 139.3865 364895.405305  x:  0.11040   5.29442   0.13206  
  5  0.0013 364895.405173  x:  0.11039   5.29595   0.13204  
  6  0.0010 364895.405166  x:  0.11039   5.29636   0.13205  
  7  0.0003 364895.405166  x:  0.11039   5.29638   0.13205  
  8  0.0000 364895.405166  x:  0.11039   5.29638   0.13205  

4 (Bom_hyp) ... 3 (Bom_hor)
  0  0.0000 353354.979124  x:  0.06813   4.20473   0.17425  
  1 99.0000 353296.414970  x:  0.06415   4.20649   0.12884  
  2 2294.5570 353284.556979  x:  0.06800   4.20695   0.11810  
  3 11950.1646 353230.441683  x:  0.06838   6.07747   0.13174  
  4 71.7284 353230.146461  x:  0.06830   6.09408   0.12873  
  5  0.0199 353230.135905  x:  0.06843   6.10418   0.12866  
  6  0.0093 353230.135226  x:  0.06842   6.11207   0.12871  
  7  0.0045 353230.135226  x:  0.06842   6.11209   0.12871  

5 (Bom_mus) ... 1 (Apis_mel)
  0  0.0000 430987.104472  x:  0.41597   4.94163   0.18795  
  1 99.0000 429444.878082  x:  0.47145   4.94084   0.09561  
  2 22123.1342 429115.520676  x:  0.54786   4.93892   0.10479  
  3 10872.1225 429040.001219  x:  0.54431   4.19083   0.10193  
  4 177.7268 429007.651097  x:  0.55802   4.22370   0.09161  
  5  0.0648 429007.346881  x:  0.56051   4.20943   0.09166  
  6  0.0124 429007.340937  x:  0.56073   4.21560   0.09165  
  7  0.0072 429007.340924  x:  0.56073   4.21555   0.09164  
  8  0.0001 429007.340924  x:  0.56073   4.21555   0.09164  

5 (Bom_mus) ... 2 (Bom_con)
  0  0.0000 367137.850823  x:  0.11700   3.63132   0.15994  
  1 99.0000 367094.405851  x:  0.11782   3.63346   0.12864  
  2 2515.5865 367094.327307  x:  0.11834   3.63408   0.12863  
  3 198.2004 366995.792309  x:  0.11773   5.24771   0.14199  
  4 364.6320 366994.566956  x:  0.11810   5.26277   0.13698  
  5  0.0176 366994.554855  x:  0.11815   5.28467   0.13700  
  6  0.0119 366994.554641  x:  0.11813   5.28523   0.13705  
  7  0.0006 366994.554640  x:  0.11813   5.28525   0.13705  
  8  0.0000 366994.554640  x:  0.11813   5.28525   0.13705  

5 (Bom_mus) ... 3 (Bom_hor)
  0  0.0000 353882.392695  x:  0.07129   4.23160   0.21068  
  1 99.0000 353869.426649  x:  0.06656   4.23177   0.20559  
  2 3647.1781 353749.404996  x:  0.06833   4.23433   0.13003  
  3 5377.6925 353705.505614  x:  0.06845   5.84194   0.14422  
  4 65.6202 353703.568419  x:  0.06934   5.88183   0.13688  
  5  0.0553 353703.494136  x:  0.06966   5.89962   0.13763  
  6  0.0187 353703.491452  x:  0.06965   5.91453   0.13758  
  7  0.0090 353703.491398  x:  0.06965   5.91501   0.13762  
  8  0.0005 353703.491398  x:  0.06965   5.91502   0.13762  

5 (Bom_mus) ... 4 (Bom_hyp)
  0  0.0000 352967.394928  x:  0.06932   4.80478   0.21194  
  1 99.0000 352956.179794  x:  0.06493   4.80484   0.20853  
  2 3944.8681 352851.405046  x:  0.06627   4.80613   0.13490  
  3 3683.4479 352843.182092  x:  0.06632   5.57535   0.14052  
  4 24.0423 352842.730177  x:  0.06697   5.57050   0.13757  
  5  0.0071 352842.704596  x:  0.06712   5.56274   0.13821  
  6  0.0104 352842.704502  x:  0.06712   5.56023   0.13817  
  7  0.0020 352842.704501  x:  0.06712   5.56014   0.13818  

6 (Bom_pas) ... 1 (Apis_mel)
  0  0.0000 429251.009074  x:  0.54845   4.65097   0.12160  
  1 99.0000 429048.923485  x:  0.54689   4.65082   0.09460  
  2 13338.3520 429037.077169  x:  0.56603   4.64896   0.09169  
  3 1259.0137 429013.115885  x:  0.56063   4.21437   0.09109  
  4 105.0357 429012.922031  x:  0.56055   4.21288   0.09182  
  5  0.0024 429012.921235  x:  0.56040   4.21318   0.09183  
  6  0.0003 429012.921234  x:  0.56039   4.21313   0.09183  

6 (Bom_pas) ... 2 (Bom_con)
  0  0.0000 367726.300778  x:  0.11793   3.69835   0.20193  
  1 99.0000 367548.168700  x:  0.11768   3.70154   0.13127  
  2 4174.5126 367546.821600  x:  0.11983   3.70182   0.13062  
  3 1319.6243 367454.276144  x:  0.11991   5.27354   0.14665  
  4 147.5803 367451.470155  x:  0.11980   5.30175   0.13901  
  5  0.0423 367451.450595  x:  0.11994   5.32556   0.13894  
  6  0.0150 367451.449310  x:  0.11990   5.32939   0.13905  
  7  0.0033 367451.449306  x:  0.11989   5.32948   0.13904  
  8  0.0001 367451.449306  x:  0.11989   5.32948   0.13904  
  9  0.0000 367451.449306  x:  0.11989   5.32948   0.13904  

6 (Bom_pas) ... 3 (Bom_hor)
  0  0.0000 354180.392410  x:  0.07533   4.41395   0.12589  
  1 99.0000 354172.596126  x:  0.07157   4.41401   0.12627  
  2 3850.4798 354171.271212  x:  0.07152   4.41494   0.13269  
  3 424.0110 354126.829710  x:  0.07139   6.15692   0.14120  
  4 63.8249 354126.765015  x:  0.07122   6.15539   0.13990  
  5  0.0018 354126.764347  x:  0.07125   6.15675   0.13981  
  6  0.0013 354126.764329  x:  0.07125   6.15807   0.13982  
  7  0.0008 354126.764329  x:  0.07125   6.15807   0.13982  
  8  0.0000 354126.764329  x:  0.07125   6.15807   0.13982  

6 (Bom_pas) ... 4 (Bom_hyp)
  0  0.0000 353323.580602  x:  0.06614   5.05430   0.13759  
  1 99.0000 353319.843953  x:  0.06874   5.05432   0.13777  
  2 2910.4363 353319.609914  x:  0.06870   5.05472   0.14074  
  3 161.5164 353311.530039  x:  0.06866   5.86618   0.14426  
  4 22.9478 353311.518774  x:  0.06866   5.84051   0.14378  
  5  0.0216 353311.518681  x:  0.06866   5.83862   0.14382  
  6  0.0016 353311.518681  x:  0.06866   5.83862   0.14382  
  7  0.0000 353311.518681  x:  0.06866   5.83862   0.14382  
  8  0.0533 353311.518681  x:  0.06866   5.83862   0.14382  
check convergence!


6 (Bom_pas) ... 5 (Bom_mus)
  0  0.0000 337198.463974  x:  0.01756   4.72321   0.22985  
  1 99.0000 337163.220407  x:  0.02168   4.72321   0.22967  
  2 18419.0330 337119.314241  x:  0.02175   4.72526   0.14839  
  3 815.0719 337112.186276  x:  0.02172   5.96492   0.15829  
  4 13.1128 337111.137313  x:  0.02173   6.00785   0.14692  
  5  0.0770 337111.129921  x:  0.02174   6.05528   0.14699  
  6  0.0304 337111.129888  x:  0.02174   6.05515   0.14705  
  7  0.0001 337111.129887  x:  0.02174   6.05529   0.14705  

7 (Bom_syl) ... 1 (Apis_mel)
  0  0.0000 431047.959228  x:  0.49908   4.95574   0.18286  
  1 99.0000 429927.744421  x:  0.50415   4.95526   0.10144  
  2 21035.5353 429770.508180  x:  0.56972   4.95241   0.08970  
  3 5287.6617 429703.812664  x:  0.56156   4.19969   0.08785  
  4 162.2573 429691.968658  x:  0.56406   4.17289   0.09301  
  5  0.0763 429691.932347  x:  0.56386   4.18755   0.09311  
  6  0.0182 429691.931214  x:  0.56368   4.18642   0.09314  
  7  0.0011 429691.931213  x:  0.56368   4.18642   0.09314  

7 (Bom_syl) ... 2 (Bom_con)
  0  0.0000 368259.705811  x:  0.12442   3.70346   0.15259  
  1 99.0000 368247.962423  x:  0.11894   3.70402   0.14538  
  2 2536.9684 368233.854058  x:  0.12199   3.70548   0.12975  
  3 3053.1446 368145.379044  x:  0.12231   5.25273   0.14133  
  4 142.8797 368144.867758  x:  0.12255   5.24549   0.13805  
  5  0.0079 368144.867573  x:  0.12257   5.24530   0.13803  
  6  0.0002 368144.867573  x:  0.12257   5.24519   0.13803  
  7  0.0001 368144.867573  x:  0.12257   5.24519   0.13803  

7 (Bom_syl) ... 3 (Bom_hor)
  0  0.0000 355048.087268  x:  0.07471   4.28778   0.11625  
  1 99.0000 355044.646042  x:  0.07293   4.28825   0.12340  
  2 944.1138 355042.811568  x:  0.07438   4.28860   0.12781  
  3 2807.7132 355001.042579  x:  0.07435   5.86671   0.13529  
  4 64.3351 355001.027518  x:  0.07422   5.86572   0.13485  
  5  0.0010 355001.027437  x:  0.07423   5.86595   0.13481  
  6  0.0002 355001.027436  x:  0.07423   5.86615   0.13481  

7 (Bom_syl) ... 4 (Bom_hyp)
  0  0.0000 354446.800014  x:  0.06729   4.62368   0.22456  
  1 99.0000 354431.474993  x:  0.07279   4.62375   0.22102  
  2 4931.7460 354292.269057  x:  0.07270   4.62551   0.13620  
  3 3760.6007 354278.768909  x:  0.07259   5.51918   0.14357  
  4 33.4423 354278.181784  x:  0.07209   5.54007   0.13975  
  5  0.0306 354278.129423  x:  0.07181   5.54266   0.14045  
  6  0.0030 354278.129397  x:  0.07180   5.54389   0.14044  
  7  0.0010 354278.129397  x:  0.07181   5.54399   0.14044  
  8  0.0001 354278.129397  x:  0.07181   5.54399   0.14044  

7 (Bom_syl) ... 5 (Bom_mus)
  0  0.0000 353283.904416  x:  0.06798   4.59877   0.12588  
  1 99.0000 353265.907848  x:  0.06814   4.59917   0.15111  
  2 1548.1523 353265.801978  x:  0.06770   4.59920   0.15125  
  3 500.2735 353252.871335  x:  0.06764   5.50329   0.15547  
  4 32.0619 353252.869392  x:  0.06766   5.50112   0.15572  
  5  0.0017 353252.869378  x:  0.06766   5.50088   0.15573  
  6  0.0002 353252.869378  x:  0.06766   5.50079   0.15573  
  7  0.0001 353252.869378  x:  0.06766   5.50083   0.15573  

7 (Bom_syl) ... 6 (Bom_pas)
  0  0.0000 353614.359801  x:  0.06789   4.42376   0.18725  
  1 99.0000 353608.702616  x:  0.07094   4.42414   0.17885  
  2 1281.7877 353592.583711  x:  0.06918   4.42534   0.15319  
  3 7139.3687 353568.585620  x:  0.06895   5.63175   0.16210  
  4 45.8927 353568.421703  x:  0.06855   5.63398   0.16030  
  5  0.0031 353568.421565  x:  0.06854   5.63599   0.16036  
  6  0.0018 353568.421556  x:  0.06854   5.63668   0.16035  
  7  0.0006 353568.421555  x:  0.06854   5.63670   0.16035  

8 (Bom_vet) ... 1 (Apis_mel)
  0  0.0000 430306.531030  x:  0.43762   4.51222   0.16046  
  1 99.0000 429446.085959  x:  0.47205   4.51190   0.09589  
  2 19010.7621 429123.063292  x:  0.55575   4.51049   0.09923  
  3 10195.1042 429109.822209  x:  0.55351   4.17538   0.09796  
  4 81.3409 429097.853158  x:  0.55965   4.21763   0.09188  
  5  0.0745 429097.769409  x:  0.56116   4.23035   0.09185  
  6  0.0106 429097.768331  x:  0.56122   4.22791   0.09184  
  7  0.0025 429097.768330  x:  0.56122   4.22790   0.09185  
  8  0.0000 429097.768330  x:  0.56122   4.22790   0.09185  

8 (Bom_vet) ... 2 (Bom_con)
  0  0.0000 367173.089688  x:  0.09969   3.70147   0.10538  
  1 99.0000 367038.728342  x:  0.11959   3.70166   0.11061  
  2 13930.0717 367020.010887  x:  0.11796   3.70270   0.12806  
  3 2341.1446 366921.084837  x:  0.11781   5.38886   0.13706  
  4 147.2772 366921.031783  x:  0.11808   5.38729   0.13619  
  5  0.0014 366921.031337  x:  0.11805   5.38819   0.13614  
  6  0.0007 366921.031329  x:  0.11805   5.38875   0.13614  
  7  0.0003 366921.031329  x:  0.11805   5.38877   0.13614  
  8  0.0000 366921.031329  x:  0.11805   5.38877   0.13614  
  9  0.0000 366921.031329  x:  0.11805   5.38877   0.13614  
check convergence!


8 (Bom_vet) ... 3 (Bom_hor)
  0  0.0000 353746.301986  x:  0.05470   4.54784   0.11210  
  1 99.0000 353606.656348  x:  0.06970   4.54787   0.11325  
  2 20272.7848 353596.844679  x:  0.06945   4.54850   0.13000  
  3 1248.1487 353563.324999  x:  0.06933   6.10315   0.13664  
  4 51.6479 353563.318759  x:  0.06929   6.10069   0.13620  
  5  0.0019 353563.318758  x:  0.06929   6.10089   0.13620  
  6  0.0001 353563.318758  x:  0.06929   6.10094   0.13620  
  7  0.0000 353563.318758  x:  0.06929   6.10094   0.13620  
check convergence!


8 (Bom_vet) ... 4 (Bom_hyp)
  0  0.0000 353055.651269  x:  0.06851   4.90808   0.24675  
  1 99.0000 353041.086665  x:  0.06362   4.90818   0.24095  
  2 3739.2439 352846.507915  x:  0.06524   4.91006   0.13364  
  3 6563.5256 352836.102719  x:  0.06537   5.80274   0.14096  
  4 26.3579 352834.073050  x:  0.06687   5.81047   0.13548  
  5  0.0119 352833.893606  x:  0.06721   5.79167   0.13736  
  6  0.0303 352833.893116  x:  0.06723   5.78705   0.13727  
  7  0.0040 352833.893107  x:  0.06722   5.78644   0.13727  

8 (Bom_vet) ... 5 (Bom_mus)
  0  0.0000 336703.460519  x:  0.01658   4.72493   0.20507  
  1 99.0000 336671.275870  x:  0.02041   4.72493   0.20492  
  2 18100.6442 336642.462399  x:  0.02047   4.72618   0.13659  
  3 705.5439 336639.970427  x:  0.02045   5.46286   0.14214  
  4  7.5618 336639.915273  x:  0.02045   5.46408   0.13960  
  5  0.0045 336639.915099  x:  0.02046   5.45866   0.13953  
  6  0.0044 336639.915098  x:  0.02046   5.45846   0.13954  
  7  0.0002 336639.915098  x:  0.02046   5.45843   0.13954  
  8  0.0000 336639.915098  x:  0.02046   5.45844   0.13954  

8 (Bom_vet) ... 6 (Bom_pas)
  0  0.0000 337285.583367  x:  0.02346   4.39683   0.19374  
  1 99.0000 337282.086383  x:  0.02203   4.39684   0.19351  
  2 4723.4761 337254.113466  x:  0.02215   4.39897   0.13113  
  3 778.2753 337240.583760  x:  0.02207   6.05790   0.14444  
  4 19.7944 337240.236011  x:  0.02209   6.08476   0.13834  
  5  0.0384 337240.233471  x:  0.02210   6.11246   0.13836  
  6  0.0163 337240.233441  x:  0.02209   6.11357   0.13841  
  7  0.0013 337240.233436  x:  0.02209   6.11246   0.13842  
  8  0.0014 337240.233436  x:  0.02209   6.11246   0.13842  
  9  0.0003 337240.233436  x:  0.02209   6.11246   0.13842  
 10  1.6203 337240.233436  x:  0.02209   6.11246   0.13842  
check convergence!


8 (Bom_vet) ... 7 (Bom_syl)
  0  0.0000 353061.508292  x:  0.05625   4.76393   0.15127  
  1 99.0000 352992.058482  x:  0.06678   4.76395   0.15138  
  2 14021.7213 352992.015437  x:  0.06677   4.76568   0.15276  
  3 39.4444 352978.538534  x:  0.06673   5.75003   0.15692  
  4 80.4881 352978.534394  x:  0.06672   5.74118   0.15650  
  5  0.0080 352978.534346  x:  0.06672   5.73933   0.15651  
  6  0.0014 352978.534346  x:  0.06672   5.73934   0.15651  
  7  0.0000 352978.534346  x:  0.06672   5.73933   0.15651  
  8  0.0000 352978.534346  x:  0.06672   5.73933   0.15651  
check convergence!
