Supplemental results for CODEML (seqf: /home/yzliu/eDNA/faststorage/yzliu/DK_proj/data/ref_genome/ref_annotation/primary_transcripts/extracted_cds_new/new_transcript_id_8_bom_apis/bootstraps/cat.out.OG_cds_8_species_same_header_fas.shuf_211OG_944.phy  treef: xxx.trees)


pairwise comparison (Goldman & Yang 1994)
seq seq        N       S       dN       dS     dN/dS   Paras.
  2   1 175890.6  56390.4   0.0539   0.5850   0.0922   0.5485   4.0861   0.0922 -405691.386
  3   1 175571.2  56709.8   0.0534   0.5997   0.0891   0.5603   4.1554   0.0891 -405987.901
  3   2 171278.6  61002.4   0.0133   0.1110   0.1194   0.1168   5.6301   0.1194 -346064.348
  4   1 176018.6  56262.4   0.0528   0.5927   0.0891   0.5508   4.1105   0.0891 -405073.462
  4   2 171789.5  60491.5   0.0125   0.1039   0.1202   0.1089   5.4951   0.1202 -344091.313
  4   3 170732.8  61548.2   0.0073   0.0614   0.1180   0.0648   6.3801   0.1180 -332397.671
  5   1 176019.2  56261.8   0.0540   0.6013   0.0899   0.5598   4.1105   0.0899 -406024.087
  5   2 171914.5  60366.5   0.0142   0.1114   0.1274   0.1184   5.3803   0.1274 -346630.544
  5   3 171411.1  60869.9   0.0081   0.0627   0.1296   0.0673   5.6554   0.1296 -333411.168
  5   4 171463.0  60818.0   0.0078   0.0633   0.1224   0.0669   5.9880   0.1224 -332912.261
  6   1 176030.7  56250.3   0.0543   0.5978   0.0908   0.5577   4.0807   0.0908 -406109.646
  6   2 171904.4  60376.6   0.0147   0.1126   0.1308   0.1205   5.3600   0.1308 -347218.773
  6   3 171229.2  61051.8   0.0087   0.0631   0.1372   0.0689   5.8041   0.1372 -333933.547
  6   4 171240.6  61040.4   0.0085   0.0636   0.1336   0.0689   6.1969   0.1336 -333598.358
  6   5 171815.1  60465.9   0.0029   0.0202   0.1420   0.0221   5.5947   0.1420 -318611.139
  7   1 176070.5  56210.5   0.0552   0.5982   0.0923   0.5598   4.1359   0.0923 -406496.552
  7   2 171878.9  60402.1   0.0151   0.1118   0.1355   0.1208   5.4902   0.1355 -347399.103
  7   3 171216.2  61064.8   0.0093   0.0637   0.1461   0.0708   5.9363   0.1461 -334622.687
  7   4 171274.4  61006.6   0.0091   0.0636   0.1436   0.0704   6.2929   0.1436 -334185.319
  7   5 171610.7  60670.3   0.0090   0.0594   0.1510   0.0664   5.9206   0.1510 -333247.708
  7   6 171569.6  60711.4   0.0097   0.0593   0.1633   0.0679   5.9287   0.1633 -333844.806
  8   1 175958.3  56322.7   0.0542   0.6006   0.0903   0.5601   4.1223   0.0903 -406127.339
  8   2 171777.9  60503.1   0.0143   0.1114   0.1286   0.1188   5.4679   0.1286 -346759.701
  8   3 171229.5  61051.5   0.0084   0.0613   0.1374   0.0670   5.7940   0.1374 -333442.005
  8   4 171244.0  61037.0   0.0082   0.0628   0.1303   0.0676   6.1814   0.1303 -333226.056
  8   5 171304.6  60976.4   0.0024   0.0179   0.1363   0.0195   6.1148   0.1363 -317544.377
  8   6 170849.3  61431.7   0.0030   0.0196   0.1533   0.0222   6.6114   0.1533 -318662.367
  8   7 171325.7  60955.3   0.0092   0.0577   0.1599   0.0658   6.1848   0.1599 -333168.517

