

2 (Bom_con) ... 1 (Apis_mel)
  0  0.0000 841462.658544  x:  0.54078   1.62304   0.47128  
  1 99.0000 825069.687599  x:  0.40414   1.69009   0.11429  
  2 49685.1824 824531.843168  x:  0.42371   1.69794   0.08705  
  3 41459.4022 819555.377917  x:  0.52933   3.74154   0.12568  
  4 7230.1380 819233.528325  x:  0.57182   3.73063   0.10030  
  5  0.0290 819220.116534  x:  0.57351   3.93318   0.10060  
  6  0.0596 819219.840689  x:  0.57518   3.92981   0.10079  
  7  0.0034 819219.834048  x:  0.57537   3.92982   0.10069  
  8  0.0003 819219.834034  x:  0.57537   3.93002   0.10069  

3 (Bom_hor) ... 1 (Apis_mel)
  0  0.0000 822133.325320  x:  0.46563   3.52718   0.14823  
  1 99.0000 821118.183481  x:  0.49528   3.52778   0.09981  
  2 30338.8098 820574.508650  x:  0.57389   3.52882   0.10343  
  3 19073.2588 820515.758079  x:  0.57708   3.92418   0.10544  
  4 315.1199 820488.297187  x:  0.58518   3.94582   0.09843  
  5  0.0326 820487.822512  x:  0.58800   3.95992   0.09835  
  6  0.0112 820487.822219  x:  0.58796   3.95958   0.09837  
  7  0.0004 820487.822216  x:  0.58796   3.95950   0.09837  

3 (Bom_hor) ... 2 (Bom_con)
  0  0.0000 696042.846419  x:  0.10457   3.40631   0.19046  
  1 99.0000 695850.714261  x:  0.12248   3.40671   0.18390  
  2 21403.3040 695606.657523  x:  0.12240   3.41016   0.12735  
  3 8321.7094 695346.185956  x:  0.12209   5.19069   0.14592  
  4 371.3698 695338.800871  x:  0.12183   5.22800   0.13708  
  5  0.0483 695338.648746  x:  0.12156   5.27714   0.13726  
  6  0.0267 695338.640429  x:  0.12166   5.28304   0.13738  
  7  0.0045 695338.640357  x:  0.12166   5.28343   0.13735  
  8  0.0004 695338.640357  x:  0.12166   5.28343   0.13735  
  9  0.0000 695338.640357  x:  0.12166   5.28343   0.13735  
check convergence!


4 (Bom_hyp) ... 1 (Apis_mel)
  0  0.0000 821403.077728  x:  0.47202   4.44401   0.20751  
  1 99.0000 818487.636459  x:  0.49731   4.44359   0.10485  
  2 40708.8932 817960.713441  x:  0.58623   4.44106   0.09755  
  3 14394.5617 817898.958081  x:  0.58183   3.97679   0.09538  
  4 250.5590 817897.466443  x:  0.58062   3.96430   0.09696  
  5  0.0356 817897.242656  x:  0.57877   3.96563   0.09702  
  6  0.0020 817897.242571  x:  0.57876   3.96513   0.09702  
  7  0.0006 817897.242570  x:  0.57875   3.96514   0.09702  

4 (Bom_hyp) ... 2 (Bom_con)
  0  0.0000 691023.471262  x:  0.10297   3.62205   0.10939  
  1 99.0000 690938.454231  x:  0.11447   3.62228   0.11268  
  2 14756.4902 690922.425215  x:  0.11338   3.62354   0.12483  
  3 2884.0492 690705.077036  x:  0.11321   5.47153   0.13502  
  4 304.1280 690704.760696  x:  0.11352   5.47043   0.13327  
  5  0.0017 690704.758166  x:  0.11348   5.47309   0.13319  
  6  0.0021 690704.758008  x:  0.11348   5.47491   0.13321  
  7  0.0010 690704.758006  x:  0.11348   5.47497   0.13321  
  8  0.0001 690704.758006  x:  0.11348   5.47498   0.13321  
  9  0.0000 690704.758006  x:  0.11348   5.47498   0.13321  
check convergence!


4 (Bom_hyp) ... 3 (Bom_hor)
  0  0.0000 667960.111524  x:  0.05590   4.64439   0.12048  
  1 99.0000 667763.705165  x:  0.06888   4.64441   0.12121  
  2 32564.1154 667755.883764  x:  0.06874   4.64477   0.13259  
  3 1433.5772 667737.099929  x:  0.06868   5.44381   0.13609  
  4 52.3152 667737.096423  x:  0.06865   5.43457   0.13596  
  5  0.0073 667737.096415  x:  0.06865   5.43423   0.13596  
  6  0.0003 667737.096414  x:  0.06865   5.43416   0.13596  

5 (Bom_mus) ... 1 (Apis_mel)
  0  0.0000 820802.712465  x:  0.49981   4.50790   0.16118  
  1 99.0000 819670.071056  x:  0.51430   4.50741   0.10503  
  2 32137.3831 819279.280846  x:  0.59256   4.50456   0.09806  
  3 12127.2366 819198.521317  x:  0.58691   3.96739   0.09641  
  4 280.8391 819197.328930  x:  0.58548   3.96080   0.09786  
  5  0.0131 819197.198670  x:  0.58410   3.96195   0.09787  
  6  0.0017 819197.198623  x:  0.58409   3.96158   0.09787  
  7  0.0005 819197.198623  x:  0.58409   3.96158   0.09787  

5 (Bom_mus) ... 2 (Bom_con)
  0  0.0000 694381.455375  x:  0.12036   3.51805   0.20374  
  1 99.0000 694194.730572  x:  0.10675   3.51994   0.16755  
  2 9120.4270 693996.077907  x:  0.11414   3.52244   0.12301  
  3 31660.0777 693719.022172  x:  0.11574   5.48905   0.14198  
  4 363.0911 693708.707195  x:  0.11963   5.49034   0.13661  
  5  0.0066 693708.702711  x:  0.11960   5.50007   0.13666  
  6  0.0049 693708.702553  x:  0.11961   5.50074   0.13666  
  7  0.0006 693708.702553  x:  0.11961   5.50074   0.13666  
  8  0.0000 693708.702553  x:  0.11961   5.50075   0.13666  
  9  0.0000 693708.702553  x:  0.11961   5.50075   0.13666  
check convergence!


5 (Bom_mus) ... 3 (Bom_hor)
  0  0.0000 668975.106691  x:  0.06376   4.36324   0.18709  
  1 99.0000 668930.706275  x:  0.07021   4.36328   0.18544  
  2 13799.1233 668838.360290  x:  0.07032   4.36453   0.13837  
  3 3675.3060 668814.278204  x:  0.07025   5.18888   0.14454  
  4 65.0947 668814.025276  x:  0.07022   5.19200   0.14235  
  5  0.0052 668814.024731  x:  0.07020   5.19280   0.14234  
  6  0.0007 668814.024729  x:  0.07020   5.19296   0.14234  
  7  0.0001 668814.024729  x:  0.07020   5.19297   0.14234  

5 (Bom_mus) ... 4 (Bom_hyp)
  0  0.0000 667033.889051  x:  0.06425   4.40500   0.18354  
  1 99.0000 667010.832391  x:  0.06923   4.40508   0.18089  
  2 8956.9255 666876.744353  x:  0.06908   4.40665   0.12603  
  3 5353.9648 666827.834506  x:  0.06894   5.64530   0.13487  
  4 89.7221 666826.680327  x:  0.06851   5.67522   0.13097  
  5  0.0386 666826.632789  x:  0.06832   5.69127   0.13145  
  6  0.0159 666826.631440  x:  0.06834   5.69861   0.13145  
  7  0.0050 666826.631439  x:  0.06834   5.69860   0.13146  
  8  0.0000 666826.631439  x:  0.06834   5.69860   0.13146  
  9  0.0000 666826.631439  x:  0.06834   5.69860   0.13146  
check convergence!


6 (Bom_pas) ... 1 (Apis_mel)
  0  0.0000 823432.610376  x:  0.47685   4.76619   0.22043  
  1 99.0000 820099.826877  x:  0.50383   4.76534   0.10663  
  2 41231.7514 819540.263550  x:  0.59764   4.76175   0.09816  
  3 14551.1879 819376.163125  x:  0.59010   3.97458   0.09476  
  4 380.0759 819371.205144  x:  0.58828   3.95196   0.09756  
  5  0.0748 819370.559060  x:  0.58518   3.96080   0.09779  
  6  0.0082 819370.554659  x:  0.58507   3.95721   0.09778  
  7  0.0047 819370.554659  x:  0.58507   3.95721   0.09778  
  8  0.0000 819370.554659  x:  0.58507   3.95721   0.09778  

6 (Bom_pas) ... 2 (Bom_con)
  0  0.0000 695271.929127  x:  0.12697   3.42589   0.18127  
  1 99.0000 695183.591008  x:  0.11529   3.42661   0.16986  
  2 10459.9142 695022.226243  x:  0.11953   3.42964   0.12657  
  3 10792.1936 694722.165589  x:  0.12017   5.41074   0.14558  
  4 394.4069 694715.404345  x:  0.12145   5.43883   0.13739  
  5  0.0326 694715.302397  x:  0.12175   5.47403   0.13757  
  6  0.0220 694715.286859  x:  0.12163   5.48696   0.13761  
  7  0.0094 694715.286850  x:  0.12163   5.48709   0.13762  
  8  0.0001 694715.286850  x:  0.12163   5.48711   0.13762  

6 (Bom_pas) ... 3 (Bom_hor)
  0  0.0000 669738.562762  x:  0.06090   4.53349   0.13043  
  1 99.0000 669609.873522  x:  0.07182   4.53352   0.13112  
  2 25026.8745 669603.433838  x:  0.07168   4.53400   0.14182  
  3 1247.6145 669579.520671  x:  0.07162   5.39136   0.14602  
  4 62.3513 669579.516101  x:  0.07157   5.38618   0.14583  
  5  0.0043 669579.516092  x:  0.07157   5.38565   0.14583  
  6  0.0004 669579.516092  x:  0.07157   5.38568   0.14583  

6 (Bom_pas) ... 4 (Bom_hyp)
  0  0.0000 668154.633808  x:  0.05673   4.46271   0.13661  
  1 99.0000 667951.150982  x:  0.07002   4.46275   0.13652  
  2 33006.7813 667949.848145  x:  0.07006   4.46369   0.13175  
  3 525.4607 667888.803331  x:  0.06996   5.92560   0.13964  
  4 102.7857 667888.652130  x:  0.06999   5.92503   0.13797  
  5  0.0017 667888.651910  x:  0.07000   5.92756   0.13794  
  6  0.0018 667888.651898  x:  0.07000   5.92804   0.13795  
  7  0.0004 667888.651898  x:  0.07000   5.92804   0.13795  
check convergence!


6 (Bom_pas) ... 5 (Bom_mus)
  0  0.0000 637341.173447  x:  0.02207   4.83311   0.18078  
  1 99.0000 637340.064995  x:  0.02266   4.83311   0.18053  
  2 3547.1707 637295.494563  x:  0.02268   4.83446   0.12642  
  3 1664.3134 637280.227078  x:  0.02262   6.20481   0.13516  
  4 25.9394 637279.907833  x:  0.02260   6.22140   0.13115  
  5  0.0242 637279.906357  x:  0.02259   6.23274   0.13112  
  6  0.0088 637279.906287  x:  0.02259   6.23513   0.13115  
  7  0.0020 637279.906286  x:  0.02259   6.23527   0.13115  

7 (Bom_syl) ... 1 (Apis_mel)
  0  0.0000 824567.426436  x:  0.50512   5.09028   0.23943  
  1 99.0000 820748.147661  x:  0.51393   5.08915   0.11062  
  2 41662.1184 820330.892629  x:  0.59073   5.08503   0.09465  
  3 12128.5103 820034.863447  x:  0.57755   3.97166   0.09106  
  4 467.3833 819972.171562  x:  0.58342   3.90214   0.09949  
  5  0.2701 819971.600341  x:  0.58366   3.94331   0.09974  
  6  0.0630 819971.592065  x:  0.58330   3.94232   0.09982  
  7  0.0009 819971.592052  x:  0.58331   3.94232   0.09983  

7 (Bom_syl) ... 2 (Bom_con)
  0  0.0000 696592.695811  x:  0.12448   3.41718   0.15537  
  1 99.0000 696568.668875  x:  0.11973   3.41851   0.14440  
  2 3885.9527 696550.518702  x:  0.12331   3.42023   0.13305  
  3 6936.5521 696248.313089  x:  0.12375   5.41139   0.15024  
  4 405.4813 696245.719820  x:  0.12377   5.41679   0.14469  
  5  0.0071 696245.700217  x:  0.12391   5.43045   0.14467  
  6  0.0090 696245.697127  x:  0.12386   5.43672   0.14473  
  7  0.0043 696245.697127  x:  0.12386   5.43675   0.14473  
  8  0.0000 696245.697127  x:  0.12386   5.43673   0.14473  
  9  0.0000 696245.697127  x:  0.12386   5.43674   0.14473  

7 (Bom_syl) ... 3 (Bom_hor)
  0  0.0000 670905.981067  x:  0.06235   4.36081   0.17994  
  1 99.0000 670780.955614  x:  0.07319   4.36085   0.17874  
  2 24334.7652 670726.250116  x:  0.07337   4.36211   0.14341  
  3 2845.8424 670691.699622  x:  0.07330   5.34986   0.15054  
  4 79.5868 670691.456301  x:  0.07332   5.34952   0.14832  
  5  0.0028 670691.456286  x:  0.07332   5.34959   0.14831  
  6  0.0001 670691.456286  x:  0.07332   5.34960   0.14831  
  7  0.0000 670691.456285  x:  0.07332   5.34960   0.14831  
  8  0.0001 670691.456285  x:  0.07332   5.34960   0.14831  
check convergence!


7 (Bom_syl) ... 4 (Bom_hyp)
  0  0.0000 669037.283579  x:  0.07113   4.35412   0.16431  
  1 99.0000 669004.606831  x:  0.07354   4.35540   0.13977  
  2 2468.8710 669000.105610  x:  0.07164   4.35565   0.13599  
  3 7329.8958 668928.765591  x:  0.07134   5.87679   0.14599  
  4 112.3046 668928.358071  x:  0.07154   5.88368   0.14329  
  5  0.0082 668928.354278  x:  0.07149   5.88969   0.14324  
  6  0.0053 668928.354015  x:  0.07149   5.89281   0.14326  
  7  0.0021 668928.354015  x:  0.07149   5.89281   0.14326  
  8  0.0000 668928.354015  x:  0.07149   5.89281   0.14326  
  9  0.0000 668928.354015  x:  0.07149   5.89281   0.14326  
 10  0.0000 668928.354015  x:  0.07149   5.89281   0.14326  
 11  0.0695 668928.354015  x:  0.07149   5.89281   0.14326  
check convergence!


7 (Bom_syl) ... 5 (Bom_mus)
  0  0.0000 666947.516503  x:  0.06455   4.83398   0.11576  
  1 99.0000 666927.215130  x:  0.06915   4.83401   0.11829  
  2 8406.2796 666879.768156  x:  0.06757   4.83434   0.14697  
  3 4489.3420 666855.144437  x:  0.06748   5.80370   0.15084  
  4 56.7702 666855.135609  x:  0.06756   5.80286   0.15098  
  5  0.0008 666855.135483  x:  0.06756   5.80257   0.15103  
  6  0.0002 666855.135482  x:  0.06756   5.80248   0.15103  

7 (Bom_syl) ... 6 (Bom_pas)
  0  0.0000 667945.434634  x:  0.05680   4.70502   0.20426  
  1 99.0000 667786.873130  x:  0.06843   4.70506   0.20303  
  2 28978.4790 667693.111071  x:  0.06864   4.70667   0.15131  
  3 3222.7220 667653.153276  x:  0.06858   5.91729   0.16014  
  4 75.6661 667652.690659  x:  0.06864   5.92704   0.15688  
  5  0.0136 667652.688861  x:  0.06866   5.93416   0.15690  
  6  0.0052 667652.688842  x:  0.06866   5.93476   0.15691  
  7  0.0005 667652.688842  x:  0.06866   5.93475   0.15691  
  8  0.0000 667652.688842  x:  0.06866   5.93475   0.15691  

8 (Bom_vet) ... 1 (Apis_mel)
  0  0.0000 823394.844897  x:  0.55065   4.72199   0.22451  
  1 99.0000 819654.826103  x:  0.53635   4.72159   0.10638  
  2 45183.0679 819485.090174  x:  0.58033   4.71888   0.09343  
  3 7664.0535 819345.322722  x:  0.57012   3.98398   0.09155  
  4 346.3016 819290.345097  x:  0.58290   3.94158   0.09806  
  5  0.1260 819290.045653  x:  0.58451   3.96649   0.09784  
  6  0.0293 819290.032713  x:  0.58478   3.96281   0.09773  
  7  0.0039 819290.032691  x:  0.58477   3.96283   0.09773  
  8  0.0000 819290.032691  x:  0.58477   3.96283   0.09773  

8 (Bom_vet) ... 2 (Bom_con)
  0  0.0000 693950.189218  x:  0.11839   3.41871   0.10369  
  1 99.0000 693898.913846  x:  0.12312   3.41969   0.12004  
  2 6320.3556 693887.410905  x:  0.11896   3.42039   0.12496  
  3 5088.0096 693570.460294  x:  0.11856   5.55352   0.13672  
  4 401.3511 693570.171487  x:  0.11928   5.55412   0.13633  
  5  0.0010 693570.171355  x:  0.11927   5.55586   0.13635  
  6  0.0008 693570.171353  x:  0.11928   5.55593   0.13635  
  7  0.0001 693570.171353  x:  0.11928   5.55593   0.13634  
  8  0.0000 693570.171353  x:  0.11928   5.55593   0.13634  
check convergence!


8 (Bom_vet) ... 3 (Bom_hor)
  0  0.0000 668868.704919  x:  0.05789   4.61523   0.22886  
  1 99.0000 668724.039522  x:  0.06909   4.61527   0.22697  
  2 27134.8454 668482.063588  x:  0.06939   4.61685   0.14156  
  3 4752.9424 668468.040510  x:  0.06935   5.26999   0.14708  
  4 46.4719 668467.736284  x:  0.06938   5.28111   0.14466  
  5  0.0200 668467.735586  x:  0.06940   5.28429   0.14464  
  6  0.0026 668467.735581  x:  0.06940   5.28442   0.14465  
  7  0.0001 668467.735581  x:  0.06940   5.28445   0.14465  
  8  0.0000 668467.735581  x:  0.06940   5.28445   0.14465  
check convergence!


8 (Bom_vet) ... 4 (Bom_hyp)
  0  0.0000 667369.565178  x:  0.06615   4.42522   0.22419  
  1 99.0000 667334.879325  x:  0.07206   4.42549   0.21432  
  2 6207.5928 667050.943819  x:  0.07096   4.42776   0.13053  
  3 19182.4384 666994.077562  x:  0.07062   5.79132   0.14240  
  4 96.9875 666985.975889  x:  0.06903   5.84526   0.13285  
  5  0.0757 666985.406387  x:  0.06841   5.85632   0.13477  
  6  0.0143 666985.403481  x:  0.06839   5.86651   0.13470  
  7  0.0071 666985.403326  x:  0.06840   5.86790   0.13474  

8 (Bom_vet) ... 5 (Bom_mus)
  0  0.0000 635437.634265  x:  0.01638   4.58841   0.13650  
  1 99.0000 635380.207928  x:  0.02010   4.58841   0.13643  
  2 33326.2773 635374.270042  x:  0.02012   4.58929   0.11849  
  3 614.6444 635357.702621  x:  0.02006   6.04897   0.12610  
  4 26.9710 635357.595884  x:  0.02006   6.05018   0.12374  
  5  0.0029 635357.595684  x:  0.02005   6.05399   0.12369  
  6  0.0029 635357.595674  x:  0.02005   6.05488   0.12371  
  7  0.0007 635357.595674  x:  0.02005   6.05493   0.12371  
  8  0.0001 635357.595674  x:  0.02005   6.05494   0.12371  
  9  0.0000 635357.595674  x:  0.02005   6.05494   0.12371  
check convergence!


8 (Bom_vet) ... 6 (Bom_pas)
  0  0.0000 637094.931252  x:  0.02117   4.79819   0.20176  
  1 99.0000 637091.720856  x:  0.02216   4.79820   0.20151  
  2 6539.1959 637020.019160  x:  0.02222   4.79999   0.13305  
  3 1709.7543 636999.958775  x:  0.02215   6.39037   0.14457  
  4 29.8832 636997.717967  x:  0.02214   6.44589   0.13339  
  5  0.0893 636997.692509  x:  0.02212   6.51380   0.13351  
  6  0.0400 636997.692092  x:  0.02213   6.51506   0.13359  
  7  0.0012 636997.692090  x:  0.02213   6.51532   0.13358  
  8  0.0003 636997.692090  x:  0.02213   6.51523   0.13358  

8 (Bom_vet) ... 7 (Bom_syl)
  0  0.0000 666459.957267  x:  0.06680   5.01705   0.14086  
  1 99.0000 666457.051863  x:  0.06611   5.01749   0.14853  
  2 811.7825 666456.675696  x:  0.06666   5.01757   0.14952  
  3 2095.2753 666435.660864  x:  0.06663   5.95563   0.15374  
  4 50.0512 666435.645209  x:  0.06665   5.95334   0.15314  
  5  0.0021 666435.645207  x:  0.06665   5.95352   0.15313  