

2 (And_ful) ... 1 (And_bic)
  0  0.0000 1021239.634210  x:  0.13863   1.34513   0.44979  
  1 99.0000 1018507.415626  x:  0.23763   1.38392   0.28391  
  2 37040.0264 1010215.359913  x:  0.25982   1.43547   0.04633  
  3 188570.3863 1008930.747965  x:  0.24206   2.29398   0.11505  
  4 4473.7766 1004779.329512  x:  0.19355   3.37279   0.04604  
  5  1.4185 1004181.049742  x:  0.16542   3.59974   0.06966  
  6  0.3871 1004152.041921  x:  0.16011   3.67192   0.06516  
  7  0.0956 1004149.067728  x:  0.16160   3.68494   0.06319  
  8  0.0117 1004148.028390  x:  0.16212   3.74999   0.06396  
  9  0.0139 1004147.915016  x:  0.16181   3.76307   0.06378  
 10  0.0119 1004147.914979  x:  0.16181   3.76336   0.06379  
 11  0.0003 1004147.914979  x:  0.16181   3.76336   0.06379  
 12  0.0000 1004147.914979  x:  0.16181   3.76336   0.06379  

3 (And_hae) ... 1 (And_bic)
  0  0.0000 1004081.610491  x:  0.12396   3.23183   0.17471  
  1 99.0000 1002744.166098  x:  0.17229   3.23247   0.13839  
  2 50243.8201 1001110.762235  x:  0.17197   3.23374   0.05981  
  3 46709.1220 1001072.266040  x:  0.17146   3.65326   0.06389  
  4 194.5797 1000947.808978  x:  0.15781   3.70214   0.05781  
  5  0.0461 1000934.683755  x:  0.15524   3.64512   0.06225  
  6  0.1230 1000934.603455  x:  0.15553   3.63336   0.06206  
  7  0.0111 1000934.602008  x:  0.15550   3.63168   0.06203  
  8  0.0016 1000934.602007  x:  0.15550   3.63164   0.06203  
  9  0.0000 1000934.602007  x:  0.15550   3.63164   0.06203  

3 (And_hae) ... 2 (And_ful)
  0  0.0000 1003025.379981  x:  0.12493   3.26339   0.18636  
  1 99.0000 1001842.715651  x:  0.17019   3.26426   0.15003  
  2 45883.9545 1000160.739530  x:  0.16981   3.26617   0.06522  
  3 46648.0244 1000035.843100  x:  0.16884   4.07386   0.07363  
  4 348.1030 999919.921331  x:  0.15809   4.17382   0.06378  
  5  0.1129 999896.024214  x:  0.15341   4.12237   0.06920  
  6  0.0897 999895.926444  x:  0.15357   4.09776   0.06912  
  7  0.0182 999895.924195  x:  0.15352   4.09605   0.06908  
  8  0.0017 999895.924193  x:  0.15352   4.09608   0.06908  
  9  0.0000 999895.924193  x:  0.15352   4.09608   0.06908  
 10  0.0000 999895.924193  x:  0.15352   4.09608   0.06908  
check convergence!


4 (And_hat) ... 1 (And_bic)
  0  0.0000 980683.255360  x:  0.09548   3.61297   0.17297  
  1 99.0000 980146.330727  x:  0.12039   3.61312   0.15781  
  2 40121.7386 978842.665738  x:  0.12042   3.61392   0.06788  
  3 28600.2766 978842.141856  x:  0.12042   3.55565   0.06732  
  4 15.1553 978817.990198  x:  0.11495   3.56583   0.06671  
  5  0.0112 978817.815855  x:  0.11487   3.55676   0.06738  
  6  0.0245 978817.815327  x:  0.11484   3.55701   0.06737  
  7  0.0003 978817.815327  x:  0.11484   3.55702   0.06737  

4 (And_hat) ... 2 (And_ful)
  0  0.0000 1002962.717707  x:  0.12903   3.33094   0.15076  
  1 99.0000 1001882.323577  x:  0.17215   3.33168   0.11437  
  2 42441.6837 1001058.082103  x:  0.16929   3.33271   0.06284  
  3 40011.6739 1000946.024346  x:  0.16835   4.13617   0.06894  
  4 314.5511 1000859.723029  x:  0.15621   4.12528   0.06559  
  5  0.0149 1000857.559964  x:  0.15556   4.10199   0.06763  
  6  0.0389 1000857.533124  x:  0.15563   4.08888   0.06756  
  7  0.0099 1000857.532883  x:  0.15561   4.08844   0.06755  
  8  0.0005 1000857.532883  x:  0.15561   4.08844   0.06755  

4 (And_hat) ... 3 (And_hae)
  0  0.0000 998822.121874  x:  0.12743   3.61001   0.09227  
  1 99.0000 998354.861498  x:  0.15381   3.61018   0.07952  
  2 34044.9542 998263.345449  x:  0.15203   3.61042   0.06442  
  3 12467.2768 998241.868258  x:  0.15196   3.98170   0.06615  
  4 122.8096 998240.418069  x:  0.15040   3.97841   0.06601  
  5  0.0032 998240.413803  x:  0.15038   3.97789   0.06611  
  6  0.0006 998240.413799  x:  0.15038   3.97770   0.06611  
  7  0.0002 998240.413798  x:  0.15038   3.97770   0.06611  

5 (And_mar) ... 1 (And_bic)
  0  0.0000 960904.054288  x:  0.07116   3.43939   0.07237  
  1 99.0000 960608.397553  x:  0.08643   3.43937   0.07152  
  2 41510.7387 960600.936949  x:  0.08646   3.43922   0.06601  
  3 2613.9609 960587.654643  x:  0.08650   3.12817   0.06458  
  4 80.8754 960587.654471  x:  0.08651   3.12764   0.06456  
  5  0.0005 960587.654466  x:  0.08651   3.12771   0.06457  
  6  0.0001 960587.654466  x:  0.08651   3.12770   0.06457  
  7  0.0000 960587.654466  x:  0.08651   3.12771   0.06457  

5 (And_mar) ... 2 (And_ful)
  0  0.0000 1004799.557642  x:  0.17136   2.83910   0.06176  
  1 99.0000 1004743.764952  x:  0.16106   2.83959   0.06152  
  2 10571.6042 1004743.101650  x:  0.16094   2.84022   0.06266  
  3 1041.9382 1004548.591594  x:  0.16119   3.75754   0.06677  
  4 657.9778 1004548.439876  x:  0.16124   3.75110   0.06620  
  5  0.0057 1004548.439480  x:  0.16123   3.74960   0.06619  
  6  0.0010 1004548.439474  x:  0.16123   3.74958   0.06619  

5 (And_mar) ... 3 (And_hae)
  0  0.0000 1001150.117344  x:  0.14237   3.27421   0.10113  
  1 99.0000 1000716.145975  x:  0.16037   3.27465   0.06934  
  2 22190.0115 1000676.339589  x:  0.15528   3.27482   0.06250  
  3 10683.3397 1000653.840229  x:  0.15490   3.60826   0.06441  
  4 142.5313 1000651.372848  x:  0.15311   3.59642   0.06570  
  5  0.0159 1000651.370787  x:  0.15309   3.59458   0.06565  
  6  0.0018 1000651.370772  x:  0.15309   3.59435   0.06565  
  7  0.0002 1000651.370772  x:  0.15309   3.59435   0.06565  

5 (And_mar) ... 4 (And_hat)
  0  0.0000 977395.756910  x:  0.11243   3.34025   0.05400  
  1 99.0000 977288.609118  x:  0.11070   3.34023   0.07100  
  2 13989.3137 977288.551970  x:  0.11096   3.34025   0.07104  
  3 438.4845 977286.819183  x:  0.11096   3.44491   0.07141  
  4 33.9978 977286.816883  x:  0.11095   3.44471   0.07150  
  5  0.0002 977286.816882  x:  0.11095   3.44479   0.07150  
  6  0.0001 977286.816882  x:  0.11095   3.44479   0.07150  
  7  0.0000 977286.816882  x:  0.11095   3.44479   0.07150  

6 (And_tri) ... 1 (And_bic)
  0  0.0000 978673.043080  x:  0.08937   3.10345   0.16853  
  1 99.0000 978045.375320  x:  0.11538   3.10360   0.15491  
  2 46987.7240 976599.056720  x:  0.11575   3.10449   0.06201  
  3 28091.5971 976596.473972  x:  0.11579   3.00150   0.06080  
  4 46.2997 976577.625554  x:  0.11104   2.97730   0.06186  
  5  0.0199 976577.401889  x:  0.11096   2.98792   0.06120  
  6  0.0308 976577.401528  x:  0.11095   2.98901   0.06121  
  7  0.0012 976577.401528  x:  0.11095   2.98901   0.06121  

6 (And_tri) ... 2 (And_ful)
  0  0.0000 1001926.207926  x:  0.13035   2.68233   0.09223  
  1 99.0000 1001274.312139  x:  0.16138   2.68302   0.07291  
  2 37998.1490 1001159.618838  x:  0.15870   2.68370   0.05849  
  3 15976.9023 1000942.863702  x:  0.15785   3.59898   0.06458  
  4 558.7775 1000937.527378  x:  0.15565   3.60242   0.06245  
  5  0.0046 1000937.476054  x:  0.15543   3.60414   0.06270  
  6  0.0017 1000937.476006  x:  0.15543   3.60460   0.06270  
  7  0.0003 1000937.476005  x:  0.15543   3.60463   0.06270  
  8  0.0000 1000937.476005  x:  0.15543   3.60463   0.06270  
check convergence!


6 (And_tri) ... 3 (And_hae)
  0  0.0000 999259.602199  x:  0.12703   3.21199   0.07927  
  1 99.0000 998827.431399  x:  0.15238   3.21214   0.07013  
  2 34234.7574 998789.150568  x:  0.15136   3.21233   0.06104  
  3 8374.5930 998771.518902  x:  0.15132   3.50253   0.06244  
  4 128.0409 998771.251839  x:  0.15068   3.50137   0.06225  
  5  0.0012 998771.249733  x:  0.15066   3.50123   0.06232  
  6  0.0002 998771.249733  x:  0.15066   3.50119   0.06231  
  7  0.0000 998771.249733  x:  0.15066   3.50119   0.06232  
  8  0.0000 998771.249733  x:  0.15066   3.50119   0.06232  
  9  0.0000 998771.249733  x:  0.15066   3.50119   0.06231  
 10  0.0000 998771.249733  x:  0.15066   3.50119   0.06232  

6 (And_tri) ... 4 (And_hat)
  0  0.0000 977712.528348  x:  0.09173   3.17791   0.13688  
  1 99.0000 977220.549115  x:  0.11484   3.17807   0.12501  
  2 41116.5156 976515.864743  x:  0.11429   3.17883   0.06519  
  3 23090.3113 976509.747617  x:  0.11419   3.36688   0.06688  
  4 67.8758 976500.642424  x:  0.11105   3.37165   0.06550  
  5  0.0051 976500.331756  x:  0.11084   3.36412   0.06639  
  6  0.0147 976500.331669  x:  0.11085   3.36362   0.06638  
  7  0.0005 976500.331668  x:  0.11085   3.36361   0.06638  
  8  0.0000 976500.331668  x:  0.11085   3.36360   0.06638  

6 (And_tri) ... 5 (And_mar)
  0  0.0000 976731.890940  x:  0.10310   2.93578   0.10997  
  1 99.0000 976459.251438  x:  0.11824   2.93603   0.08309  
  2 17529.3310 976320.908172  x:  0.11309   2.93619   0.06357  
  3 25866.9599 976320.403969  x:  0.11302   2.98554   0.06395  
  4 18.8995 976304.639995  x:  0.10910   2.95113   0.06692  
  5  0.0477 976304.569040  x:  0.10897   2.95281   0.06653  
  6  0.0021 976304.568963  x:  0.10897   2.95246   0.06652  
  7  0.0004 976304.568963  x:  0.10897   2.95246   0.06652  
check convergence!


7 (Bom_pas) ... 1 (And_bic)
  0  0.0000 1239810.952195  x:  1.31074   2.82764   0.16146  
  1 99.0000 1219819.077964  x:  1.29087   2.83047   0.04737  
  2 207715.7167 1219572.118641  x:  1.21632   2.85958   0.05835  
  3 6914.9632 1218627.704535  x:  1.33766   4.08961   0.05652  
  4 1991.3697 1217946.070315  x:  1.14079   4.04623   0.05854  
  5  0.2155 1217933.979792  x:  1.16059   4.11761   0.05646  
  6  0.0705 1217932.951031  x:  1.15585   4.14053   0.05652  
  7  0.0233 1217932.833178  x:  1.15713   4.15307   0.05661  
  8  0.0097 1217932.832947  x:  1.15721   4.15342   0.05660  
  9  0.0004 1217932.832947  x:  1.15721   4.15342   0.05660  
 10  0.0000 1217932.832947  x:  1.15721   4.15342   0.05660  

7 (Bom_pas) ... 2 (And_ful)
  0  0.0000 1241142.272346  x:  1.15438   3.56622   0.18446  
  1 99.0000 1223040.758476  x:  1.13505   3.56815   0.05694  
  2 172281.3516 1223022.737731  x:  1.15029   3.57544   0.05454  
  3 1952.1914 1222650.675877  x:  1.20091   4.47166   0.05549  
  4 1205.5283 1222617.566262  x:  1.24579   4.47174   0.05479  
  5  0.0520 1222616.477725  x:  1.24871   4.48083   0.05418  
  6  0.0096 1222616.460566  x:  1.24944   4.48752   0.05418  
  7  0.0048 1222616.460554  x:  1.24941   4.48754   0.05418  
  8  0.0000 1222616.460554  x:  1.24941   4.48754   0.05418  

7 (Bom_pas) ... 3 (And_hae)
  0  0.0000 1227156.678172  x:  1.20744   3.82279   0.11881  
  1 99.0000 1219582.553614  x:  1.20032   3.82338   0.05457  
  2 169576.7075 1219547.698852  x:  1.16409   3.83559   0.05828  
  3 1845.8583 1219444.822950  x:  1.19964   4.31574   0.05741  
  4 485.6994 1219428.572310  x:  1.17865   4.30714   0.05665  
  5  0.0354 1219428.570642  x:  1.17889   4.30762   0.05662  
  6  0.0005 1219428.570638  x:  1.17888   4.30771   0.05662  
  7  0.0001 1219428.570638  x:  1.17889   4.30772   0.05662  

7 (Bom_pas) ... 4 (And_hat)
  0  0.0000 1229472.216425  x:  1.14465   3.78936   0.14430  
  1 99.0000 1218611.049491  x:  1.13369   3.79022   0.05693  
  2 167483.4213 1218595.294387  x:  1.15509   3.84745   0.05462  
  3 508.6677 1218496.905720  x:  1.16223   4.27860   0.05673  
  4 4214.3338 1218495.501375  x:  1.17168   4.28931   0.05652  
  5  0.0189 1218495.404522  x:  1.17255   4.29469   0.05634  
  6  0.0055 1218495.404151  x:  1.17260   4.29562   0.05634  
  7  0.0008 1218495.404151  x:  1.17260   4.29562   0.05634  

7 (Bom_pas) ... 5 (And_mar)
  0  0.0000 1234915.419373  x:  1.28385   3.61436   0.15817  
  1 99.0000 1218030.790049  x:  1.26643   3.61578   0.05078  
  2 193528.0971 1217910.958154  x:  1.21267   3.62670   0.05830  
  3 4644.6307 1217760.035162  x:  1.25370   4.18525   0.05733  
  4 590.1120 1217516.338825  x:  1.13725   4.10351   0.05851  
  5  0.1845 1217512.356376  x:  1.14667   4.13235   0.05725  
  6  0.0309 1217512.300904  x:  1.14518   4.13253   0.05724  
  7  0.0017 1217512.300722  x:  1.14519   4.13311   0.05725  
  8  0.0005 1217512.300722  x:  1.14520   4.13313   0.05725  
  9  0.0000 1217512.300722  x:  1.14520   4.13313   0.05725  
 10  0.0000 1217512.300722  x:  1.14520   4.13313   0.05725  
 11  0.0000 1217512.300722  x:  1.14520   4.13313   0.05725  

7 (Bom_pas) ... 6 (And_tri)
  0  0.0000 1220316.678136  x:  1.06441   3.47718   0.09114  
  1 99.0000 1218157.024694  x:  1.06255   3.47751   0.05929  
  2 112970.7289 1218101.225460  x:  1.11127   3.49214   0.05558  
  3 2235.0593 1217875.876742  x:  1.14361   4.15611   0.05625  
  4 835.9567 1217870.246618  x:  1.15293   4.15480   0.05693  
  5  0.0142 1217869.837577  x:  1.15713   4.15497   0.05655  
  6  0.0037 1217869.836691  x:  1.15725   4.15638   0.05655  
  7  0.0011 1217869.836690  x:  1.15725   4.15639   0.05655  