

2 (Bom_con) ... 1 (Apis_mel)
  0  0.0000 414645.630795  x:  0.40664   1.34908   0.45044  
  1 99.0000 405850.735080  x:  0.50851   1.44381   0.08775  
  2 23750.0531 405693.588100  x:  0.54721   1.51252   0.10174  
  3 4231.3501 404943.599921  x:  0.45323   1.98309   0.13096  
  4 7239.2127 403709.516105  x:  0.56226   2.69184   0.08422  
  5  1.6089 403397.830251  x:  0.54327   3.31764   0.11437  
  6  0.3784 403267.832770  x:  0.54254   3.85719   0.10030  
  7  0.2545 403262.921009  x:  0.54983   3.96464   0.10255  
  8  0.0635 403262.721538  x:  0.55047   3.98361   0.10184  
  9  0.0173 403262.721084  x:  0.55044   3.98510   0.10186  
 10  0.0011 403262.721075  x:  0.55043   3.98502   0.10186  

3 (Bom_hor) ... 1 (Apis_mel)
  0  0.0000 404490.743737  x:  0.48736   3.63842   0.15271  
  1 99.0000 404038.518373  x:  0.49825   3.63905   0.10354  
  2 15045.4237 403907.916461  x:  0.55844   3.64047   0.09805  
  3 5045.0760 403877.305816  x:  0.56272   4.07104   0.10009  
  4 151.3749 403877.207152  x:  0.56327   4.07279   0.09949  
  5  0.0032 403877.198710  x:  0.56377   4.07274   0.09948  
  6  0.0004 403877.198710  x:  0.56377   4.07278   0.09948  
  7  0.0000 403877.198710  x:  0.56377   4.07279   0.09948  
  8  0.0000 403877.198710  x:  0.56377   4.07278   0.09948  
  9  0.0000 403877.198710  x:  0.56377   4.07278   0.09948  

3 (Bom_hor) ... 2 (Bom_con)
  0  0.0000 342630.198731  x:  0.11020   3.63513   0.17028  
  1 99.0000 342602.931445  x:  0.11967   3.63588   0.15728  
  2 3498.8240 342557.806936  x:  0.11666   3.63780   0.12602  
  3 5954.8731 342465.454047  x:  0.11606   5.28516   0.13960  
  4 139.3223 342464.191373  x:  0.11484   5.29533   0.13548  
  5  0.0118 342464.186142  x:  0.11475   5.30642   0.13565  
  6  0.0079 342464.185510  x:  0.11478   5.31019   0.13562  
  7  0.0030 342464.185510  x:  0.11478   5.31021   0.13562  

4 (Bom_hyp) ... 1 (Apis_mel)
  0  0.0000 404547.696447  x:  0.51384   4.27340   0.20718  
  1 99.0000 403138.149512  x:  0.50672   4.27356   0.10614  
  2 20668.8182 403056.949115  x:  0.55033   4.27227   0.09507  
  3 3781.2690 403049.045803  x:  0.54737   4.03445   0.09423  
  4 62.9844 403036.214979  x:  0.55381   4.00114   0.09940  
  5  0.0934 403036.147290  x:  0.55518   4.01060   0.09915  
  6  0.0088 403036.146611  x:  0.55520   4.00874   0.09912  
  7  0.0020 403036.146609  x:  0.55519   4.00876   0.09912  

4 (Bom_hyp) ... 2 (Bom_con)
  0  0.0000 340882.673912  x:  0.10712   3.56621   0.16045  
  1 99.0000 340823.465758  x:  0.11462   3.56826   0.12470  
  2 2999.6047 340812.829262  x:  0.10992   3.56893   0.11667  
  3 4948.2119 340712.101077  x:  0.10891   5.31833   0.13068  
  4 145.2236 340711.463742  x:  0.10944   5.33397   0.12717  
  5  0.0181 340711.443688  x:  0.10922   5.34512   0.12701  
  6  0.0104 340711.441488  x:  0.10924   5.35486   0.12710  
  7  0.0056 340711.441487  x:  0.10924   5.35488   0.12709  
  8  0.0000 340711.441487  x:  0.10924   5.35486   0.12709  
  9  0.0000 340711.441487  x:  0.10924   5.35486   0.12709  
 10  0.0000 340711.441487  x:  0.10924   5.35486   0.12709  
check convergence!


4 (Bom_hyp) ... 3 (Bom_hor)
  0  0.0000 330216.972934  x:  0.06260   4.49149   0.18197  
  1 99.0000 330204.822962  x:  0.06740   4.49154   0.18028  
  2 4958.9817 330162.202723  x:  0.06741   4.49289   0.13487  
  3 1861.5679 330143.514400  x:  0.06732   5.61706   0.14261  
  4 37.8832 330143.300791  x:  0.06722   5.62715   0.13978  
  5  0.0136 330143.298922  x:  0.06716   5.63321   0.13985  
  6  0.0053 330143.298882  x:  0.06717   5.63490   0.13985  

5 (Bom_mus) ... 1 (Apis_mel)
  0  0.0000 404524.218912  x:  0.43301   4.54575   0.15423  
  1 99.0000 403856.535643  x:  0.48238   4.54496   0.09872  
  2 15400.7003 403594.493428  x:  0.54860   4.54337   0.10999  
  3 11349.3797 403553.895455  x:  0.54527   3.99742   0.10813  
  4 138.5256 403531.771054  x:  0.55908   4.02385   0.09900  
  5  0.0358 403531.617816  x:  0.56096   4.02377   0.09916  
  6  0.0016 403531.617295  x:  0.56103   4.02456   0.09912  
  7  0.0009 403531.617295  x:  0.56102   4.02454   0.09912  
  8  0.0000 403531.617295  x:  0.56102   4.02454   0.09912  

5 (Bom_mus) ... 2 (Bom_con)
  0  0.0000 343028.312280  x:  0.09373   3.59507   0.08496  
  1 99.0000 342779.311262  x:  0.12085   3.59526   0.09741  
  2 18324.2628 342718.805128  x:  0.11532   3.59611   0.12699  
  3 4732.9768 342618.477800  x:  0.11488   5.32370   0.13500  
  4 147.1232 342617.992434  x:  0.11615   5.32294   0.13554  
  5  0.0013 342617.982517  x:  0.11610   5.32233   0.13601  
  6  0.0005 342617.982492  x:  0.11610   5.32129   0.13600  
  7  0.0005 342617.982492  x:  0.11610   5.32127   0.13601  

5 (Bom_mus) ... 3 (Bom_hor)
  0  0.0000 329966.454190  x:  0.07031   4.42494   0.17019  
  1 99.0000 329955.718942  x:  0.06575   4.42499   0.16892  
  2 4427.1970 329938.487698  x:  0.06624   4.42613   0.14125  
  3 1185.1741 329919.732219  x:  0.06618   5.53920   0.14864  
  4 38.4796 329919.507022  x:  0.06625   5.54648   0.14554  
  5  0.0092 329919.506352  x:  0.06626   5.55379   0.14555  
  6  0.0051 329919.506344  x:  0.06625   5.55403   0.14556  
  7  0.0002 329919.506344  x:  0.06625   5.55403   0.14556  
  8  0.0000 329919.506344  x:  0.06625   5.55403   0.14556  

5 (Bom_mus) ... 4 (Bom_hyp)
  0  0.0000 330135.755269  x:  0.07118   4.66726   0.13274  
  1 99.0000 330131.738935  x:  0.06834   4.66730   0.13246  
  2 2762.7111 330131.257021  x:  0.06841   4.66790   0.12837  
  3 230.7875 330116.520666  x:  0.06835   5.70250   0.13332  
  4 32.8054 330116.502797  x:  0.06835   5.70147   0.13252  
  5  0.0013 330116.502791  x:  0.06835   5.70204   0.13251  
  6  0.0004 330116.502791  x:  0.06835   5.70210   0.13251  

6 (Bom_pas) ... 1 (Apis_mel)
  0  0.0000 404026.304703  x:  0.47190   4.78360   0.12653  
  1 99.0000 403797.706919  x:  0.50644   4.78254   0.09706  
  2 9192.5998 403632.886790  x:  0.56205   4.78048   0.10500  
  3 10817.1552 403562.195079  x:  0.55605   4.03236   0.10330  
  4 172.0196 403556.760090  x:  0.56198   4.03717   0.09882  
  5  0.0091 403556.750569  x:  0.56245   4.03414   0.09877  
  6  0.0029 403556.750391  x:  0.56248   4.03514   0.09878  
  7  0.0012 403556.750391  x:  0.56248   4.03514   0.09878  

6 (Bom_pas) ... 2 (Bom_con)
  0  0.0000 343121.658703  x:  0.11812   3.37903   0.18100  
  1 99.0000 343065.273984  x:  0.10767   3.38066   0.15486  
  2 3814.2159 343009.296942  x:  0.11395   3.38278   0.12409  
  3 10598.8147 342873.302751  x:  0.11514   5.36832   0.14288  
  4 186.6520 342870.153986  x:  0.11715   5.33608   0.13562  
  5  0.0323 342870.140223  x:  0.11730   5.31966   0.13574  
  6  0.0116 342870.137752  x:  0.11725   5.31159   0.13564  
  7  0.0059 342870.137738  x:  0.11724   5.31161   0.13566  

6 (Bom_pas) ... 3 (Bom_hor)
  0  0.0000 330151.512387  x:  0.06647   4.35168   0.17375  
  1 99.0000 330141.272382  x:  0.07009   4.35240   0.15781  
  2 1242.0293 330130.272069  x:  0.06761   4.35324   0.13983  
  3 9336.9375 330104.240588  x:  0.06729   5.66728   0.14884  
  4 46.3088 330104.157428  x:  0.06697   5.66802   0.14776  
  5  0.0014 330104.157263  x:  0.06697   5.66915   0.14770  
  6  0.0012 330104.157256  x:  0.06697   5.66995   0.14770  
  7  0.0005 330104.157256  x:  0.06697   5.66995   0.14770  

6 (Bom_pas) ... 4 (Bom_hyp)
  0  0.0000 330495.620008  x:  0.06568   4.59625   0.15106  
  1 99.0000 330488.274255  x:  0.06948   4.59629   0.15023  
  2 3882.4639 330480.673182  x:  0.06951   4.59723   0.13344  
  3 872.9669 330456.976859  x:  0.06943   5.91218   0.14069  
  4 41.9788 330456.826762  x:  0.06941   5.91631   0.13830  
  5  0.0051 330456.826395  x:  0.06941   5.92217   0.13831  
  6  0.0038 330456.826392  x:  0.06941   5.92228   0.13832  

6 (Bom_pas) ... 5 (Bom_mus)
  0  0.0000 315077.113315  x:  0.01871   4.91629   0.11475  
  1 99.0000 315064.400751  x:  0.02133   4.91630   0.11485  
  2 10154.0129 315061.543928  x:  0.02130   4.91682   0.13180  
  3 359.2075 315053.506466  x:  0.02123   6.44180   0.13773  
  4 12.4878 315053.505108  x:  0.02124   6.43648   0.13734  
  5  0.0042 315053.505105  x:  0.02124   6.43633   0.13733  
  6  0.0001 315053.505105  x:  0.02124   6.43629   0.13733  

7 (Bom_syl) ... 1 (Apis_mel)
  0  0.0000 406180.655654  x:  0.42685   5.20578   0.22085  
  1 99.0000 404411.899531  x:  0.49042   5.20430   0.10515  
  2 20147.5776 404179.768547  x:  0.55681   5.20163   0.11416  
  3 8317.4293 404003.245928  x:  0.55146   3.98930   0.10923  
  4 252.8214 403982.727638  x:  0.56273   4.03238   0.10026  
  5  0.0917 403982.672544  x:  0.56326   4.01661   0.10021  
  6  0.0198 403982.668872  x:  0.56354   4.01929   0.10023  
  7  0.0027 403982.668865  x:  0.56355   4.01931   0.10023  
  8  0.0000 403982.668865  x:  0.56355   4.01931   0.10023  
  9  0.0000 403982.668865  x:  0.56355   4.01931   0.10023  

7 (Bom_syl) ... 2 (Bom_con)
  0  0.0000 343952.588465  x:  0.09305   3.38254   0.11908  
  1 99.0000 343710.966119  x:  0.12026   3.38280   0.12106  
  2 19455.1588 343708.615360  x:  0.12001   3.38458   0.12764  
  3 701.8983 343571.708005  x:  0.11989   5.28700   0.13934  
  4 201.5250 343571.464000  x:  0.12004   5.28778   0.13705  
  5  0.0020 343571.462768  x:  0.12004   5.29368   0.13697  
  6  0.0034 343571.462639  x:  0.12004   5.29509   0.13702  
  7  0.0012 343571.462639  x:  0.12004   5.29510   0.13702  
  8  0.0000 343571.462639  x:  0.12004   5.29510   0.13702  

7 (Bom_syl) ... 3 (Bom_hor)
  0  0.0000 331293.669804  x:  0.05724   4.47991   0.17773  
  1 99.0000 331196.314446  x:  0.07035   4.47995   0.17665  
  2 15956.5549 331168.593218  x:  0.07054   4.48114   0.14196  
  3 1405.0567 331150.678531  x:  0.07048   5.54294   0.14918  
  4 38.2270 331150.352298  x:  0.07053   5.55262   0.14557  
  5  0.0128 331150.351192  x:  0.07054   5.56140   0.14556  
  6  0.0062 331150.351183  x:  0.07054   5.56164   0.14558  
  7  0.0002 331150.351183  x:  0.07054   5.56168   0.14558  
  8  0.0000 331150.351183  x:  0.07054   5.56168   0.14558  

7 (Bom_syl) ... 4 (Bom_hyp)
  0  0.0000 331795.390861  x:  0.06962   4.44673   0.17506  
  1 99.0000 331786.139124  x:  0.07409   4.44680   0.17296  
  2 3909.3087 331750.150680  x:  0.07394   4.44815   0.13401  
  3 2007.9290 331725.424141  x:  0.07383   5.69011   0.14228  
  4 46.0387 331725.159117  x:  0.07365   5.69917   0.13933  
  5  0.0117 331725.156720  x:  0.07358   5.70507   0.13941  
  6  0.0053 331725.156653  x:  0.07359   5.70723   0.13941  
  7  0.0015 331725.156653  x:  0.07359   5.70723   0.13941  
  8  0.0000 331725.156653  x:  0.07359   5.70723   0.13941  

7 (Bom_syl) ... 5 (Bom_mus)
  0  0.0000 329611.037001  x:  0.06004   4.63356   0.13062  
  1 99.0000 329593.644368  x:  0.06560   4.63358   0.13143  
  2 6385.4943 329587.779486  x:  0.06532   4.63409   0.14712  
  3 814.7535 329575.040255  x:  0.06526   5.59307   0.15164  
  4 29.8275 329575.036157  x:  0.06529   5.59087   0.15121  
  5  0.0019 329575.036151  x:  0.06528   5.59096   0.15121  
  6  0.0001 329575.036151  x:  0.06528   5.59102   0.15121  
  7  0.0000 329575.036151  x:  0.06528   5.59102   0.15121  
check convergence!


7 (Bom_syl) ... 6 (Bom_pas)
  0  0.0000 330030.661543  x:  0.06715   4.49131   0.19805  
  1 99.0000 330024.262032  x:  0.06392   4.49153   0.19190  
  2 1802.0844 329984.293456  x:  0.06592   4.49320   0.14619  
  3 6169.4982 329957.237347  x:  0.06602   5.88502   0.15654  
  4 45.5584 329956.754506  x:  0.06666   5.89439   0.15291  
  5  0.0113 329956.747316  x:  0.06675   5.89871   0.15329  
  6  0.0048 329956.747213  x:  0.06675   5.90178   0.15328  
  7  0.0020 329956.747212  x:  0.06675   5.90187   0.15329  
  8  0.0001 329956.747212  x:  0.06675   5.90187   0.15329  

8 (Bom_vet) ... 1 (Apis_mel)
  0  0.0000 404049.182390  x:  0.53318   4.62233   0.14797  
  1 99.0000 403670.233215  x:  0.53307   4.62201   0.10404  
  2 14693.6187 403627.570488  x:  0.56930   4.61949   0.09797  
  3 2459.1514 403584.664720  x:  0.56262   4.04136   0.09678  
  4 138.0848 403583.367716  x:  0.56294   4.03649   0.09877  
  5  0.0096 403583.364317  x:  0.56265   4.03833   0.09881  
  6  0.0018 403583.364290  x:  0.56264   4.03794   0.09882  

8 (Bom_vet) ... 2 (Bom_con)
  0  0.0000 342675.984065  x:  0.11264   3.59174   0.16364  
  1 99.0000 342644.213792  x:  0.12156   3.59305   0.14346  
  2 2870.3827 342620.526695  x:  0.11719   3.59445   0.12447  
  3 6434.7689 342519.554423  x:  0.11636   5.31645   0.13823  
  4 148.2873 342518.955855  x:  0.11567   5.31737   0.13511  
  5  0.0033 342518.954495  x:  0.11572   5.32117   0.13503  
  6  0.0033 342518.954271  x:  0.11571   5.32400   0.13506  
  7  0.0019 342518.954271  x:  0.11571   5.32400   0.13506  
  8  0.0000 342518.954271  x:  0.11571   5.32400   0.13506  

8 (Bom_vet) ... 3 (Bom_hor)
  0  0.0000 329795.064671  x:  0.06947   4.42606   0.10454  
  1 99.0000 329781.127950  x:  0.06439   4.42610   0.10840  
  2 4257.5213 329747.025962  x:  0.06634   4.42652   0.14071  
  3 3422.4129 329725.940776  x:  0.06630   5.63760   0.14569  
  4 40.3119 329725.611260  x:  0.06553   5.63738   0.14667  
  5  0.0012 329725.607046  x:  0.06554   5.63581   0.14708  
  6  0.0011 329725.607044  x:  0.06555   5.63537   0.14708  
  7  0.0003 329725.607044  x:  0.06555   5.63535   0.14708  

8 (Bom_vet) ... 4 (Bom_hyp)
  0  0.0000 330100.217900  x:  0.06263   4.67682   0.13430  
  1 99.0000 330085.249549  x:  0.06790   4.67685   0.13424  
  2 5840.6787 330085.073110  x:  0.06792   4.67749   0.13172  
  3 134.1751 330069.804709  x:  0.06786   5.73847   0.13695  
  4 34.6201 330069.787461  x:  0.06788   5.73731   0.13614  
  5  0.0014 330069.787456  x:  0.06788   5.73788   0.13614  
  6  0.0004 330069.787455  x:  0.06788   5.73795   0.13614  
  7  0.0001 330069.787455  x:  0.06788   5.73796   0.13614  

8 (Bom_vet) ... 5 (Bom_mus)
  0  0.0000 314497.172636  x:  0.01906   4.62804   0.23051  
  1 99.0000 314496.880719  x:  0.01946   4.62804   0.23025  
  2 1254.6179 314458.519765  x:  0.01949   4.63023   0.14124  
  3 983.8000 314453.006454  x:  0.01944   5.78138   0.15108  
  4 10.9005 314452.771622  x:  0.01942   5.81182   0.14551  
  5  0.0537 314452.769446  x:  0.01940   5.82995   0.14543  
  6  0.0150 314452.769356  x:  0.01940   5.83380   0.14549  
  7  0.0031 314452.769356  x:  0.01940   5.83387   0.14549  

8 (Bom_vet) ... 6 (Bom_pas)
  0  0.0000 314953.702670  x:  0.01623   4.65536   0.17468  
  1 99.0000 314910.728119  x:  0.02081   4.65537   0.17457  
  2 20549.8863 314898.906231  x:  0.02085   4.65716   0.13300  
  3 505.1491 314883.336951  x:  0.02078   6.77412   0.14679  
  4 18.4116 314883.077541  x:  0.02078   6.79875   0.14106  
  5  0.0302 314883.074396  x:  0.02078   6.83654   0.14104  
  6  0.0197 314883.074338  x:  0.02078   6.83754   0.14113  
  7  0.0010 314883.074338  x:  0.02078   6.83754   0.14113  
  8  0.0000 314883.074338  x:  0.02078   6.83754   0.14113  

8 (Bom_vet) ... 7 (Bom_syl)
  0  0.0000 329371.816504  x:  0.06287   5.43579   0.10939  
  1 99.0000 329360.072842  x:  0.06732   5.43579   0.11476  
  2 3448.3421 329323.253233  x:  0.06355   5.43579   0.14836  
  3 4615.5585 329322.098779  x:  0.06355   5.76411   0.14943  
  4  7.2088 329321.549800  x:  0.06448   5.76151   0.15108  
  5  0.0031 329321.536841  x:  0.06442   5.76207   0.15182  
  6  0.0007 329321.536840  x:  0.06443   5.76218   0.15182  
  7  0.0001 329321.536840  x:  0.06443   5.76218   0.15182  