

2 (Bom_con) ... 1 (Apis_mel)
  0  0.0000 452598.633785  x:  0.43798   1.58950   0.50614  
  1 99.0000 441983.812313  x:  0.49691   1.67806   0.09143  
  2 24075.3816 441746.450367  x:  0.57181   1.72331   0.08994  
  3 6166.9547 441147.806526  x:  0.53196   2.26333   0.13876  
  4 3269.0589 440008.949853  x:  0.55192   2.98815   0.08815  
  5  2.1189 439800.024655  x:  0.56218   3.52275   0.10950  
  6  0.3427 439715.507791  x:  0.58053   3.98180   0.09801  
  7  0.2755 439713.526273  x:  0.57725   4.04708   0.10007  
  8  0.0475 439713.468366  x:  0.57730   4.05962   0.09979  
  9  0.0114 439713.468301  x:  0.57734   4.05990   0.09980  
 10  0.0002 439713.468301  x:  0.57734   4.05991   0.09980  
 11  0.0000 439713.468301  x:  0.57734   4.05991   0.09980  

3 (Bom_hor) ... 1 (Apis_mel)
  0  0.0000 441558.177704  x:  0.46138   3.42660   0.12020  
  1 99.0000 441112.500144  x:  0.52308   3.42770   0.08798  
  2 12084.3702 440911.026810  x:  0.56925   3.42869   0.10140  
  3 18222.5853 440841.724598  x:  0.57409   4.01684   0.10377  
  4 256.9199 440820.793453  x:  0.59491   4.03547   0.09668  
  5  0.0207 440820.754380  x:  0.59518   4.05082   0.09675  
  6  0.0117 440820.754300  x:  0.59518   4.05083   0.09673  
  7  0.0000 440820.754299  x:  0.59518   4.05084   0.09673  
  8  0.0000 440820.754299  x:  0.59518   4.05084   0.09673  

3 (Bom_hor) ... 2 (Bom_con)
  0  0.0000 374853.561042  x:  0.10369   3.48297   0.11775  
  1 99.0000 374712.566306  x:  0.12449   3.48319   0.12013  
  2 14387.1346 374709.338934  x:  0.12410   3.48449   0.12749  
  3 893.5243 374613.549991  x:  0.12402   4.98524   0.13710  
  4 165.1969 374613.411838  x:  0.12414   4.96737   0.13545  
  5  0.0146 374613.410900  x:  0.12413   4.96192   0.13541  
  6  0.0033 374613.410871  x:  0.12413   4.96173   0.13543  
  7  0.0002 374613.410870  x:  0.12413   4.96173   0.13543  

4 (Bom_hyp) ... 1 (Apis_mel)
  0  0.0000 440998.171064  x:  0.58041   4.06555   0.20298  
  1 99.0000 439117.515481  x:  0.55656   4.06627   0.09974  
  2 26154.8252 439102.806660  x:  0.57441   4.06599   0.09445  
  3 1589.3518 439099.336373  x:  0.57868   4.01862   0.09639  
  4  0.1139 439099.143890  x:  0.57951   4.05168   0.09661  
  5 10.1290 439099.136980  x:  0.57991   4.05126   0.09650  
  6  0.0006 439099.136979  x:  0.57991   4.05131   0.09650  
  7  0.0001 439099.136979  x:  0.57991   4.05131   0.09650  

4 (Bom_hyp) ... 2 (Bom_con)
  0  0.0000 371312.028820  x:  0.10153   3.44871   0.09680  
  1 99.0000 371244.626290  x:  0.11514   3.44896   0.10373  
  2 9229.5974 371219.834248  x:  0.11196   3.45008   0.12261  
  3 3044.9755 371092.445507  x:  0.11156   5.31374   0.13308  
  4 177.6460 371092.220947  x:  0.11238   5.31160   0.13244  
  5  0.0022 371092.220177  x:  0.11237   5.31226   0.13232  
  6  0.0005 371092.220168  x:  0.11237   5.31288   0.13232  
  7  0.0003 371092.220168  x:  0.11237   5.31288   0.13232  
  8  0.0000 371092.220168  x:  0.11237   5.31288   0.13232  
  9  0.1646 371092.220168  x:  0.11237   5.31288   0.13232  
 10  0.0277 371092.220168  x:  0.11237   5.31288   0.13232  
 11  0.0003 371092.220168  x:  0.11237   5.31288   0.13232  
check convergence!


4 (Bom_hyp) ... 3 (Bom_hor)
  0  0.0000 360608.991785  x:  0.05876   4.52331   0.16666  
  1 99.0000 360495.534842  x:  0.07256   4.52332   0.16551  
  2 17697.4178 360467.141913  x:  0.07275   4.52381   0.13267  
  3 1582.4578 360465.271288  x:  0.07273   4.82739   0.13464  
  4 12.9028 360465.262276  x:  0.07276   4.82668   0.13411  
  5  0.0011 360465.262139  x:  0.07278   4.82610   0.13412  
  6  0.0005 360465.262139  x:  0.07278   4.82618   0.13412  
  7  0.0001 360465.262139  x:  0.07278   4.82614   0.13412  
  8  0.0000 360465.262139  x:  0.07278   4.82617   0.13412  
  9  0.0000 360465.262139  x:  0.07278   4.82617   0.13412  
check convergence!


5 (Bom_mus) ... 1 (Apis_mel)
  0  0.0000 440878.010066  x:  0.43415   4.06950   0.10773  
  1 99.0000 440182.074606  x:  0.52713   4.06866   0.12965  
  2 15639.3919 439899.933332  x:  0.56818   4.06837   0.09638  
  3 15286.6312 439899.701059  x:  0.56794   4.03125   0.09629  
  4 10.1600 439885.498915  x:  0.58555   4.05396   0.09802  
  5  0.0253 439884.967830  x:  0.58786   4.05822   0.09674  
  6  0.0064 439884.967525  x:  0.58795   4.05896   0.09675  
  7  0.0007 439884.967525  x:  0.58795   4.05894   0.09675  

5 (Bom_mus) ... 2 (Bom_con)
  0  0.0000 374154.305164  x:  0.09729   3.42709   0.09941  
  1 99.0000 373905.999799  x:  0.12412   3.42732   0.10687  
  2 19446.4898 373872.911950  x:  0.12173   3.42851   0.12931  
  3 3284.0265 373744.860851  x:  0.12143   5.18454   0.13964  
  4 187.0335 373744.786424  x:  0.12185   5.18255   0.13886  
  5  0.0017 373744.785826  x:  0.12183   5.18320   0.13877  
  6  0.0004 373744.785820  x:  0.12183   5.18368   0.13877  
  7  0.0002 373744.785819  x:  0.12183   5.18368   0.13877  
  8  0.0000 373744.785819  x:  0.12183   5.18368   0.13877  

5 (Bom_mus) ... 3 (Bom_hor)
  0  0.0000 361401.298868  x:  0.06631   4.15811   0.18884  
  1 99.0000 361359.616679  x:  0.07506   4.15815   0.18705  
  2 9752.9834 361305.168442  x:  0.07524   4.15929   0.13906  
  3 2078.0515 361296.910874  x:  0.07519   4.74200   0.14395  
  4 30.6010 361296.829881  x:  0.07518   4.74633   0.14232  
  5  0.0064 361296.829756  x:  0.07517   4.74801   0.14232  
  6  0.0014 361296.829756  x:  0.07517   4.74811   0.14232  

5 (Bom_mus) ... 4 (Bom_hyp)
  0  0.0000 359944.260248  x:  0.06592   3.91072   0.21221  
  1 99.0000 359921.294763  x:  0.07249   3.91084   0.20907  
  2 6623.2390 359777.591285  x:  0.07256   3.91376   0.12793  
  3 3526.6701 359733.953764  x:  0.07236   5.33019   0.14241  
  4 73.9503 359732.171159  x:  0.07208   5.36793   0.13501  
  5  0.0586 359732.133467  x:  0.07183   5.38811   0.13530  
  6  0.0174 359732.131957  x:  0.07185   5.39764   0.13533  
  7  0.0059 359732.131956  x:  0.07185   5.39761   0.13534  

6 (Bom_pas) ... 1 (Apis_mel)
  0  0.0000 442128.885639  x:  0.44872   4.49663   0.21300  
  1 99.0000 440301.521007  x:  0.49575   4.49620   0.10322  
  2 22619.6752 439965.863517  x:  0.58350   4.49419   0.10617  
  3 9445.9149 439932.253690  x:  0.58066   4.02836   0.10363  
  4 135.3191 439918.749911  x:  0.58723   4.07005   0.09698  
  5  0.1026 439918.694127  x:  0.58850   4.06798   0.09693  
  6  0.0019 439918.693931  x:  0.58852   4.06907   0.09693  
  7  0.0012 439918.693931  x:  0.58852   4.06907   0.09693  

6 (Bom_pas) ... 2 (Bom_con)
  0  0.0000 374586.991941  x:  0.10004   3.59139   0.14416  
  1 99.0000 374401.138453  x:  0.12362   3.59163   0.14309  
  2 17014.2275 374394.580018  x:  0.12383   3.59345   0.13197  
  3 1105.6373 374279.495140  x:  0.12374   5.29842   0.14539  
  4 173.2523 374278.658260  x:  0.12398   5.30627   0.14120  
  5  0.0082 374278.651563  x:  0.12403   5.32202   0.14124  
  6  0.0083 374278.651481  x:  0.12401   5.32245   0.14126  
  7  0.0004 374278.651479  x:  0.12401   5.32249   0.14126  
  8  0.0000 374278.651479  x:  0.12401   5.32249   0.14126  

6 (Bom_pas) ... 3 (Bom_hor)
  0  0.0000 361752.267450  x:  0.07483   4.21510   0.11870  
  1 99.0000 361744.979077  x:  0.07858   4.21516   0.12204  
  2 2982.9299 361726.925255  x:  0.07639   4.21562   0.14400  
  3 2669.7349 361708.119662  x:  0.07625   5.15148   0.14885  
  4 45.5074 361708.029158  x:  0.07667   5.14854   0.14929  
  5  0.0029 361708.028296  x:  0.07665   5.14729   0.14945  
  6  0.0010 361708.028295  x:  0.07665   5.14704   0.14945  

6 (Bom_pas) ... 4 (Bom_hyp)
  0  0.0000 360444.595169  x:  0.07488   4.35482   0.20354  
  1 99.0000 360434.008880  x:  0.07057   4.35500   0.19833  
  2 3055.0223 360354.637098  x:  0.07252   4.35708   0.13880  
  3 5211.1915 360316.876207  x:  0.07263   5.82839   0.15100  
  4 60.7178 360315.816341  x:  0.07340   5.85026   0.14569  
  5  0.0280 360315.789768  x:  0.07359   5.86036   0.14618  
  6  0.0107 360315.789065  x:  0.07359   5.86767   0.14616  
  7  0.0046 360315.789056  x:  0.07358   5.86788   0.14618  
  8  0.0002 360315.789056  x:  0.07358   5.86782   0.14618  
  9  0.0000 360315.789055  x:  0.07358   5.86782   0.14618  

6 (Bom_pas) ... 5 (Bom_mus)
  0  0.0000 343094.560031  x:  0.02009   4.84087   0.25076  
  1 99.0000 343077.791220  x:  0.02307   4.84087   0.25052  
  2 11779.8805 343015.365856  x:  0.02316   4.84342   0.14442  
  3 929.5243 343007.883046  x:  0.02313   6.10078   0.15592  
  4 13.6413 343007.540930  x:  0.02314   6.14147   0.14991  
  5  0.0758 343007.538144  x:  0.02315   6.16625   0.14975  
  6  0.0184 343007.538042  x:  0.02315   6.16871   0.14985  
  7  0.0022 343007.538042  x:  0.02315   6.16904   0.14985  
  8  0.0003 343007.538042  x:  0.02315   6.16886   0.14985  

7 (Bom_syl) ... 1 (Apis_mel)
  0  0.0000 440921.597538  x:  0.53886   4.99218   0.16797  
  1 99.0000 440196.859953  x:  0.54055   4.99160   0.10592  
  2 18913.5784 440092.223265  x:  0.59645   4.98781   0.09587  
  3 4019.7263 439982.179508  x:  0.58559   4.07575   0.09398  
  4 213.2299 439975.957172  x:  0.58686   4.05467   0.09808  
  5  0.0466 439975.920676  x:  0.58602   4.05865   0.09803  
  6  0.0039 439975.920471  x:  0.58598   4.05757   0.09803  
  7  0.0015 439975.920470  x:  0.58598   4.05758   0.09803  
  8  0.0000 439975.920470  x:  0.58598   4.05758   0.09803  
check convergence!


7 (Bom_syl) ... 2 (Bom_con)
  0  0.0000 373982.728352  x:  0.11041   3.70374   0.13372  
  1 99.0000 373937.706402  x:  0.12243   3.70398   0.13331  
  2 7782.6832 373936.490552  x:  0.12254   3.70556   0.12864  
  3 482.6370 373836.597985  x:  0.12249   5.34477   0.14045  
  4 167.3643 373836.142698  x:  0.12264   5.35006   0.13741  
  5  0.0054 373836.139846  x:  0.12264   5.36093   0.13744  
  6  0.0058 373836.139842  x:  0.12264   5.36093   0.13745  

7 (Bom_syl) ... 3 (Bom_hor)
  0  0.0000 361740.210849  x:  0.07520   4.27485   0.19182  
  1 99.0000 361723.528150  x:  0.08103   4.27516   0.17902  
  2 2454.9770 361670.032953  x:  0.07865   4.27623   0.13531  
  3 10168.8559 361657.682646  x:  0.07840   5.02540   0.14128  
  4 36.2327 361656.492067  x:  0.07684   5.01739   0.14074  
  5  0.0087 361656.491436  x:  0.07683   5.01489   0.14086  
  6  0.0029 361656.491401  x:  0.07683   5.01368   0.14084  
  7  0.0011 361656.491401  x:  0.07683   5.01363   0.14084  
  8  0.0000 361656.491401  x:  0.07683   5.01364   0.14084  

7 (Bom_syl) ... 4 (Bom_hyp)
  0  0.0000 360195.292802  x:  0.05908   4.11284   0.11379  
  1 99.0000 360075.286002  x:  0.07339   4.11289   0.11501  
  2 18083.3166 360066.211859  x:  0.07311   4.11372   0.13068  
  3 1228.5154 360020.238511  x:  0.07296   5.71939   0.13883  
  4 70.8008 360020.217029  x:  0.07295   5.70221   0.13800  
  5  0.0128 360020.216835  x:  0.07295   5.69845   0.13801  
  6  0.0022 360020.216834  x:  0.07295   5.69851   0.13801  
  7  0.0001 360020.216834  x:  0.07295   5.69851   0.13801  
  8  0.0000 360020.216834  x:  0.07295   5.69851   0.13801  
  9  0.0000 360020.216834  x:  0.07295   5.69851   0.13801  
 10  0.0449 360020.216834  x:  0.07295   5.69851   0.13801  
check convergence!


7 (Bom_syl) ... 5 (Bom_mus)
  0  0.0000 358949.904261  x:  0.06646   4.75159   0.14293  
  1 99.0000 358945.989170  x:  0.06911   4.75162   0.14276  
  2 2992.4747 358945.568119  x:  0.06914   4.75226   0.13888  
  3 211.6679 358930.936886  x:  0.06908   5.75365   0.14419  
  4 33.6216 358930.919378  x:  0.06909   5.75273   0.14337  
  5  0.0012 358930.919372  x:  0.06909   5.75335   0.14337  
  6  0.0005 358930.919371  x:  0.06909   5.75340   0.14337  
  7  0.0001 358930.919371  x:  0.06909   5.75341   0.14337  
  8  0.0000 358930.919371  x:  0.06909   5.75341   0.14337  

7 (Bom_syl) ... 6 (Bom_pas)
  0  0.0000 359541.967523  x:  0.06854   4.55986   0.16523  
  1 99.0000 359538.766602  x:  0.07098   4.55992   0.16429  
  2 2487.7196 359529.770633  x:  0.07092   4.56124   0.14516  
  3 1014.6081 359492.835175  x:  0.07080   6.15729   0.15543  
  4 55.5405 359492.617665  x:  0.07080   6.16331   0.15247  
  5  0.0069 359492.616723  x:  0.07079   6.17293   0.15249  
  6  0.0057 359492.616720  x:  0.07080   6.17299   0.15250  

8 (Bom_vet) ... 1 (Apis_mel)
  0  0.0000 443138.568622  x:  0.46790   4.93030   0.26148  
  1 99.0000 440391.156019  x:  0.50352   4.92943   0.10667  
  2 23294.3961 440073.117410  x:  0.60080   4.92582   0.09807  
  3 7962.3452 439978.855487  x:  0.59325   4.08780   0.09351  
  4 204.9409 439974.589294  x:  0.59121   4.04595   0.09692  
  5  0.1820 439974.085867  x:  0.58761   4.06279   0.09728  
  6  0.0151 439974.077546  x:  0.58736   4.05608   0.09725  
  7  0.0087 439974.077545  x:  0.58736   4.05606   0.09726  
  8  0.0000 439974.077545  x:  0.58736   4.05606   0.09726  

8 (Bom_vet) ... 2 (Bom_con)
  0  0.0000 373930.775520  x:  0.11358   3.37813   0.14833  
  1 99.0000 373909.913604  x:  0.12183   3.37852   0.14556  
  2 4915.6506 373897.237301  x:  0.12160   3.38082   0.12991  
  3 1667.0182 373747.135839  x:  0.12138   5.37205   0.14733  
  4 209.6430 373745.288781  x:  0.12156   5.33341   0.14087  
  5  0.0363 373745.276896  x:  0.12159   5.31176   0.14072  
  6  0.0105 373745.276618  x:  0.12157   5.31115   0.14079  
  7  0.0006 373745.276617  x:  0.12157   5.31115   0.14079  
  8  0.0000 373745.276617  x:  0.12157   5.31113   0.14079  
  9  0.0000 373745.276617  x:  0.12157   5.31113   0.14079  
 10  0.0000 373745.276617  x:  0.12157   5.31113   0.14079  
 11  0.0000 373745.276617  x:  0.12157   5.31113   0.14079  
check convergence!


8 (Bom_vet) ... 3 (Bom_hor)
  0  0.0000 361213.070480  x:  0.07452   4.34370   0.23046  
  1 99.0000 361195.184835  x:  0.06918   4.34392   0.21970  
  2 2859.6014 361082.562714  x:  0.07188   4.34547   0.14462  
  3 11076.5073 361074.403636  x:  0.07202   4.95772   0.15037  
  4 28.5940 361072.206862  x:  0.07406   4.95041   0.14827  
  5  0.0079 361072.195642  x:  0.07408   4.94733   0.14888  
  6  0.0050 361072.195614  x:  0.07408   4.94634   0.14888  

8 (Bom_vet) ... 4 (Bom_hyp)
  0  0.0000 360094.887111  x:  0.06230   4.02204   0.25617  
  1 99.0000 360047.150073  x:  0.07136   4.02214   0.25344  
  2 10585.7957 359808.161539  x:  0.07175   4.02641   0.13546  
  3 3379.7561 359761.165997  x:  0.07161   5.52929   0.15343  
  4 74.9704 359758.175473  x:  0.07157   5.60162   0.14324  
  5  0.1312 359758.120415  x:  0.07142   5.66004   0.14359  
  6  0.0351 359758.118937  x:  0.07147   5.66403   0.14364  
  7  0.0032 359758.118935  x:  0.07147   5.66430   0.14363  
  8  0.0003 359758.118935  x:  0.07147   5.66424   0.14363  
  9  0.0000 359758.118935  x:  0.07147   5.66424   0.14363  

8 (Bom_vet) ... 5 (Bom_mus)
  0  0.0000 342004.677874  x:  0.01966   4.51519   0.12931  
  1 99.0000 342002.734075  x:  0.02066   4.51520   0.12932  
  2 3987.1602 342002.673492  x:  0.02066   4.51576   0.13187  
  3 47.4903 341998.375532  x:  0.02061   5.43801   0.13652  
  4 10.9895 341998.373420  x:  0.02061   5.43502   0.13602  
  5  0.0028 341998.373419  x:  0.02061   5.43479   0.13602  

8 (Bom_vet) ... 6 (Bom_pas)
  0  0.0000 342824.093777  x:  0.02038   4.31580   0.23127  
  1 99.0000 342815.818034  x:  0.02251   4.31581   0.23105  
  2 8136.8547 342771.734535  x:  0.02259   4.32006   0.14460  
  3 835.4676 342738.545273  x:  0.02248   7.07841   0.17259  
  4 32.2998 342736.617398  x:  0.02249   7.17132   0.15679  
  5  0.1283 342736.551326  x:  0.02247   7.34537   0.15663  
  6  0.0715 342736.548564  x:  0.02248   7.35162   0.15724  
  7  0.0066 342736.548557  x:  0.02248   7.35122   0.15723  
  8  0.0004 342736.548556  x:  0.02248   7.35125   0.15723  
  9  0.0001 342736.548556  x:  0.02248   7.35126   0.15723  

8 (Bom_vet) ... 7 (Bom_syl)
  0  0.0000 358979.424849  x:  0.05397   5.72435   0.15601  
  1 99.0000 358844.673989  x:  0.06843   5.72435   0.15583  
  2 20315.1431 358843.026933  x:  0.06849   5.72452   0.14769  
  3 388.4179 358842.208590  x:  0.06848   5.99865   0.14885  
  4  6.1880 358842.207094  x:  0.06848   5.99695   0.14860  
  5  0.0018 358842.207094  x:  0.06848   5.99674   0.14860  