Supplemental results for CODEML (seqf: /home/yzliu/eDNA/faststorage/yzliu/DK_proj/data/ref_genome/ref_annotation/primary_transcripts/extracted_cds_new/new_transcript_id_7_and_pas/bootstraps/cat.out.OG_cds_7_species_same_header_fas.shuf_537OG_611.phy  treef: xxx.trees)


pairwise comparison (Goldman & Yang 1994)
seq seq        N       S       dN       dS     dN/dS   Paras.
  2   1 483629.0 188611.0   0.0103   0.1696   0.0608   0.1650   3.7450   0.0608 -1039034.775
  3   1 482881.1 189358.9   0.0100   0.1631   0.0615   0.1594   3.6929   0.0615 -1036676.176
  3   2 481775.6 190464.4   0.0098   0.1526   0.0643   0.1508   4.0905   0.0643 -1031166.379
  4   1 483162.6 189077.4   0.0078   0.1236   0.0631   0.1211   3.6577   0.0631 -1014883.203
  4   2 481573.5 190666.5   0.0097   0.1574   0.0614   0.1547   4.1312   0.0614 -1032498.048
  4   3 480312.2 191927.8   0.0094   0.1519   0.0620   0.1503   4.1406   0.0620 -1030672.864
  5   1 486237.5 186002.5   0.0059   0.0949   0.0626   0.0917   3.1946   0.0626 -996391.141
  5   2 483129.8 189110.2   0.0103   0.1666   0.0616   0.1628   3.7767   0.0616 -1038110.806
  5   3 482633.4 189606.6   0.0099   0.1587   0.0622   0.1556   3.6937   0.0622 -1034871.598
  5   4 482896.0 189344.0   0.0075   0.1183   0.0635   0.1161   3.6609   0.0635 -1012013.636
  6   1 487177.8 185062.2   0.0076   0.1249   0.0610   0.1197   3.1032   0.0610 -1014949.602
  6   2 484127.9 188112.1   0.0097   0.1610   0.0603   0.1561   3.6600   0.0603 -1034387.238
  6   3 483376.2 188863.8   0.0095   0.1556   0.0613   0.1518   3.6123   0.0613 -1032719.021
  6   4 483543.0 188697.0   0.0074   0.1188   0.0621   0.1160   3.5935   0.0621 -1011678.469
  6   5 487355.4 184884.6   0.0075   0.1200   0.0621   0.1153   3.0585   0.0621 -1012529.465
  7   1 480203.4 192036.6   0.0667   1.1711   0.0569   1.1464   4.1110   0.0569 -1260194.391
  7   2 477499.9 194740.1   0.0678   1.2201   0.0555   1.2047   4.3541   0.0555 -1263523.907
  7   3 479052.3 193187.7   0.0671   1.1688   0.0574   1.1512   4.2465   0.0574 -1260472.511
  7   4 478752.1 193487.9   0.0664   1.1797   0.0563   1.1606   4.2830   0.0563 -1259698.237
  7   5 480546.6 191693.4   0.0665   1.1595   0.0573   1.1344   4.0935   0.0573 -1259402.610
  7   6 480277.6 191962.4   0.0665   1.1654   0.0571   1.1409   4.1104   0.0571 -1259713.871

