Supplemental results for CODEML (seqf: /home/yzliu/eDNA/faststorage/yzliu/DK_proj/data/ref_genome/ref_annotation/primary_transcripts/extracted_cds_new/new_transcript_id_7_and_pas/bootstraps/cat.out.OG_cds_7_species_same_header_fas.shuf_537OG_420.phy  treef: xxx.trees)


pairwise comparison (Goldman & Yang 1994)
seq seq        N       S       dN       dS     dN/dS   Paras.
  2   1 470032.8 182464.2   0.0104   0.1680   0.0619   0.1635   3.6252   0.0619 -1008056.212
  3   1 469080.3 183416.7   0.0099   0.1574   0.0626   0.1539   3.5993   0.0626 -1003583.978
  3   2 467872.2 184624.8   0.0100   0.1516   0.0662   0.1503   3.9987   0.0662 -1001038.425
  4   1 468615.8 183881.2   0.0081   0.1220   0.0665   0.1206   3.6785   0.0665 -985210.374
  4   2 467866.8 184630.2   0.0105   0.1567   0.0667   0.1555   4.0215   0.0667 -1003890.819
  4   3 465965.4 186531.6   0.0100   0.1486   0.0671   0.1488   4.1298   0.0671 -1000539.246
  5   1 471665.7 180831.3   0.0057   0.0920   0.0624   0.0889   3.2157   0.0624 -965018.030
  5   2 469729.0 182768.0   0.0105   0.1659   0.0633   0.1621   3.6427   0.0633 -1007771.485
  5   3 469021.2 183475.8   0.0100   0.1544   0.0648   0.1518   3.5855   0.0648 -1003063.741
  5   4 468909.9 183587.1   0.0082   0.1168   0.0701   0.1163   3.6143   0.0701 -983398.472
  6   1 473209.8 179287.2   0.0074   0.1215   0.0606   0.1162   3.0446   0.0606 -982885.269
  6   2 470714.7 181782.3   0.0099   0.1606   0.0616   0.1556   3.5183   0.0616 -1004160.702
  6   3 469643.5 182853.5   0.0096   0.1520   0.0629   0.1484   3.5110   0.0629 -1000993.817
  6   4 469445.9 183051.1   0.0079   0.1174   0.0671   0.1158   3.5510   0.0671 -982655.004
  6   5 473551.5 178945.5   0.0076   0.1176   0.0645   0.1132   2.9901   0.0645 -981960.448
  7   1 466468.2 186028.8   0.0653   1.1767   0.0555   1.1465   4.0177   0.0555 -1222311.074
  7   2 463659.7 188837.3   0.0665   1.2336   0.0539   1.2127   4.2757   0.0539 -1225746.233
  7   3 465418.1 187078.9   0.0656   1.1661   0.0563   1.1435   4.1390   0.0563 -1222105.578
  7   4 464974.9 187522.1   0.0655   1.1852   0.0553   1.1619   4.1850   0.0553 -1222640.221
  7   5 466674.3 185822.7   0.0654   1.1636   0.0562   1.1344   3.9987   0.0562 -1222024.844
  7   6 466423.5 186073.5   0.0650   1.1734   0.0554   1.1433   4.0244   0.0554 -1221714.098

