Supplemental results for CODEML (seqf: /home/yzliu/eDNA/faststorage/yzliu/DK_proj/data/ref_genome/ref_annotation/primary_transcripts/extracted_cds_new/new_transcript_id_8_bom_apis/bootstraps/cat.out.OG_cds_8_species_same_header_fas.shuf_211OG_226.phy  treef: xxx.trees)


pairwise comparison (Goldman & Yang 1994)
seq seq        N       S       dN       dS     dN/dS   Paras.
  2   1 187802.4  62712.6   0.0487   0.5779   0.0843   0.5436   4.0164   0.0843 -436352.579
  3   1 187626.5  62888.5   0.0488   0.5948   0.0820   0.5575   3.9912   0.0820 -437295.115
  3   2 183517.9  66997.1   0.0124   0.1115   0.1116   0.1168   5.0237   0.1116 -374361.169
  4   1 187804.2  62710.8   0.0477   0.5808   0.0822   0.5436   4.0350   0.0822 -435734.831
  4   2 183076.5  67438.5   0.0110   0.1007   0.1095   0.1054   5.5577   0.1095 -371018.808
  4   3 183425.8  67089.2   0.0074   0.0629   0.1182   0.0669   5.1101   0.1182 -360793.354
  5   1 188026.4  62488.6   0.0485   0.5930   0.0818   0.5530   3.9972   0.0818 -436547.971
  5   2 183587.5  66927.5   0.0126   0.1090   0.1153   0.1150   5.2635   0.1153 -373667.371
  5   3 184051.5  66463.5   0.0082   0.0664   0.1237   0.0710   4.7711   0.1237 -362068.402
  5   4 182914.3  67600.7   0.0074   0.0607   0.1218   0.0653   5.8558   0.1218 -359848.972
  6   1 188040.3  62474.7   0.0488   0.5899   0.0828   0.5513   3.9854   0.0828 -436672.983
  6   2 183505.6  67009.4   0.0129   0.1095   0.1182   0.1163   5.3237   0.1182 -374114.657
  6   3 183835.5  66679.5   0.0086   0.0660   0.1299   0.0716   4.9159   0.1299 -362374.129
  6   4 182708.5  67806.5   0.0079   0.0599   0.1316   0.0659   6.0437   0.1316 -360206.063
  6   5 183192.4  67322.6   0.0024   0.0205   0.1181   0.0219   5.7365   0.1181 -344653.142
  7   1 187971.9  62543.1   0.0488   0.5901   0.0826   0.5517   3.9950   0.0826 -436692.307
  7   2 183470.8  67044.2   0.0125   0.1095   0.1145   0.1154   5.3104   0.1145 -373815.263
  7   3 183684.3  66830.7   0.0082   0.0686   0.1196   0.0729   4.9876   0.1196 -362571.109
  7   4 182609.3  67905.7   0.0075   0.0622   0.1200   0.0670   6.0875   0.1200 -360356.202
  7   5 183349.2  67165.8   0.0077   0.0608   0.1273   0.0659   5.5543   0.1273 -360184.185
  7   6 183134.2  67380.8   0.0081   0.0601   0.1353   0.0664   5.7361   0.1353 -360487.108
  8   1 187968.2  62546.8   0.0487   0.5921   0.0822   0.5530   4.0000   0.0822 -436644.074
  8   2 183436.4  67078.6   0.0125   0.1092   0.1147   0.1152   5.3419   0.1147 -373714.803
  8   3 183895.0  66620.0   0.0083   0.0660   0.1252   0.0708   4.8436   0.1252 -362066.731
  8   4 182726.8  67788.2   0.0075   0.0606   0.1234   0.0655   5.9799   0.1234 -359974.078
  8   5 183762.6  66752.4   0.0021   0.0191   0.1120   0.0200   5.2239   0.1120 -343875.703
  8   6 182407.3  68107.7   0.0025   0.0198   0.1284   0.0217   6.4460   0.1284 -344655.283
  8   7 183115.3  67399.7   0.0077   0.0599   0.1288   0.0652   5.7103   0.1288 -360049.532

