

2 (Bom_con) ... 1 (Apis_mel)
  0  0.0000 875793.453519  x:  0.48334   1.57098   0.42679  
  1 99.0000 858698.872768  x:  0.41529   1.63275   0.09294  
  2 53120.6821 858243.587948  x:  0.44255   1.64267   0.07277  
  3 29868.5019 853479.333085  x:  0.55293   3.28741   0.10990  
  4 8460.8299 853103.814780  x:  0.51434   3.62510   0.09804  
  5  0.3694 852943.480683  x:  0.55279   3.89160   0.08721  
  6  0.1380 852922.879272  x:  0.55745   4.02924   0.09146  
  7  0.0742 852918.125493  x:  0.55532   4.13148   0.09073  
  8  0.0704 852918.116138  x:  0.55526   4.12964   0.09084  
  9  0.0017 852918.116105  x:  0.55524   4.12966   0.09084  
 10  0.0000 852918.116105  x:  0.55524   4.12966   0.09084  

3 (Bom_hor) ... 1 (Apis_mel)
  0  0.0000 854996.214968  x:  0.56986   3.60014   0.10540  
  1 99.0000 854755.577017  x:  0.56698   3.60056   0.08685  
  2 23554.4028 854752.931280  x:  0.56081   3.60656   0.08771  
  3 606.9306 854645.400290  x:  0.57241   4.17110   0.08855  
  4 765.1530 854645.124078  x:  0.57165   4.17216   0.08808  
  5  0.0017 854645.122579  x:  0.57152   4.17281   0.08811  
  6  0.0006 854645.122575  x:  0.57152   4.17292   0.08811  

3 (Bom_hor) ... 2 (Bom_con)
  0  0.0000 728681.634970  x:  0.09300   3.74127   0.07064  
  1 99.0000 728091.863435  x:  0.12070   3.74141   0.08642  
  2 40598.8195 727970.946107  x:  0.11385   3.74194   0.11153  
  3 10780.3293 727827.272816  x:  0.11341   5.18399   0.11700  
  4 242.4847 727824.779227  x:  0.11530   5.18833   0.11840  
  5  0.0038 727824.695533  x:  0.11516   5.18833   0.11922  
  6  0.0006 727824.695446  x:  0.11517   5.18713   0.11921  
  7  0.0007 727824.695443  x:  0.11517   5.18702   0.11921  
  8  0.0001 727824.695443  x:  0.11517   5.18702   0.11921  
  9  0.0000 727824.695443  x:  0.11517   5.18702   0.11921  
 10  0.0606 727824.695443  x:  0.11517   5.18702   0.11921  
 11  0.3177 727824.695443  x:  0.11517   5.18702   0.11921  
check convergence!


4 (Bom_hyp) ... 1 (Apis_mel)
  0  0.0000 852177.090545  x:  0.56030   4.23438   0.11511  
  1 99.0000 851729.422771  x:  0.55661   4.23444   0.08820  
  2 29373.8273 851728.781343  x:  0.55972   4.23405   0.08773  
  3 406.4116 851727.046433  x:  0.55864   4.15565   0.08761  
  4 44.1672 851727.031991  x:  0.55870   4.15531   0.08774  
  5  0.0005 851727.031989  x:  0.55870   4.15525   0.08774  

4 (Bom_hyp) ... 2 (Bom_con)
  0  0.0000 724235.098733  x:  0.09881   3.72903   0.15286  
  1 99.0000 724156.829404  x:  0.10953   3.72930   0.14757  
  2 13611.8019 724045.646555  x:  0.10892   3.73110   0.11343  
  3 7109.4474 723869.795058  x:  0.10869   5.38460   0.12540  
  4 263.1902 723867.276086  x:  0.10838   5.40212   0.12067  
  5  0.0211 723867.248236  x:  0.10824   5.42212   0.12074  
  6  0.0130 723867.246237  x:  0.10828   5.42651   0.12078  
  7  0.0033 723867.246234  x:  0.10828   5.42658   0.12077  
  8  0.0001 723867.246234  x:  0.10828   5.42660   0.12077  
  9  0.0000 723867.246233  x:  0.10828   5.42660   0.12077  

4 (Bom_hyp) ... 3 (Bom_hor)
  0  0.0000 701507.476051  x:  0.06584   4.41540   0.14683  
  1 99.0000 701488.331978  x:  0.06976   4.41566   0.13710  
  2 3700.9661 701444.813679  x:  0.06766   4.41633   0.11269  
  3 16171.7583 701412.947926  x:  0.06744   5.41197   0.11826  
  4 72.5693 701412.412553  x:  0.06676   5.40577   0.11771  
  5  0.0067 701412.412307  x:  0.06676   5.40288   0.11772  
  6  0.0022 701412.412303  x:  0.06676   5.40272   0.11771  
  7  0.0002 701412.412303  x:  0.06676   5.40264   0.11771  
  8  0.0001 701412.412302  x:  0.06676   5.40269   0.11771  
  9  0.0001 701412.412302  x:  0.06676   5.40270   0.11771  

5 (Bom_mus) ... 1 (Apis_mel)
  0  0.0000 853427.948460  x:  0.52691   4.43589   0.12010  
  1 99.0000 853010.974988  x:  0.52894   4.43575   0.09246  
  2 26715.6774 852914.234801  x:  0.56699   4.43414   0.08772  
  3 5444.1083 852888.991318  x:  0.56344   4.13437   0.08719  
  4 158.9709 852888.024828  x:  0.56322   4.12807   0.08831  
  5  0.0100 852888.021684  x:  0.56300   4.12674   0.08832  
  6  0.0013 852888.021669  x:  0.56300   4.12695   0.08832  

5 (Bom_mus) ... 2 (Bom_con)
  0  0.0000 727664.085539  x:  0.10913   3.67995   0.11763  
  1 99.0000 727645.772606  x:  0.11452   3.68017   0.11793  
  2 6922.7414 727644.157017  x:  0.11436   3.69049   0.12181  
  3 299.7524 727460.119575  x:  0.11456   5.32985   0.12560  
  4 2292.9976 727460.115796  x:  0.11457   5.32857   0.12578  
  5  0.0011 727460.115721  x:  0.11457   5.32729   0.12578  
  6  0.0007 727460.115720  x:  0.11457   5.32728   0.12578  

5 (Bom_mus) ... 3 (Bom_hor)
  0  0.0000 702092.347982  x:  0.05823   4.47669   0.15766  
  1 99.0000 702001.776439  x:  0.06690   4.47672   0.15637  
  2 21768.0256 701938.861219  x:  0.06704   4.47743   0.12188  
  3 3354.2055 701924.950863  x:  0.06700   5.11021   0.12568  
  4 47.7486 701924.866932  x:  0.06699   5.11121   0.12453  
  5  0.0020 701924.866869  x:  0.06698   5.11134   0.12453  
  6  0.0001 701924.866869  x:  0.06698   5.11134   0.12453  

5 (Bom_mus) ... 4 (Bom_hyp)
  0  0.0000 700871.480438  x:  0.06573   4.30051   0.15294  
  1 99.0000 700838.766270  x:  0.07045   4.30110   0.13643  
  2 3804.1278 700796.512001  x:  0.06764   4.30195   0.11398  
  3 22793.2550 700726.854753  x:  0.06719   5.82126   0.12300  
  4 110.2215 700726.235148  x:  0.06651   5.81501   0.12184  
  5  0.0070 700726.234029  x:  0.06652   5.81315   0.12171  
  6  0.0020 700726.233982  x:  0.06652   5.81172   0.12171  

6 (Bom_pas) ... 1 (Apis_mel)
  0  0.0000 854291.221048  x:  0.46083   4.76508   0.12714  
  1 99.0000 853605.772887  x:  0.48557   4.76449   0.09121  
  2 27385.4959 853056.129082  x:  0.56493   4.76226   0.09407  
  3 20682.4268 852958.662995  x:  0.55988   4.14313   0.09263  
  4 292.1261 852947.382876  x:  0.56340   4.15347   0.08855  
  5  0.0160 852947.365156  x:  0.56381   4.14979   0.08848  
  6  0.0035 852947.364610  x:  0.56387   4.15089   0.08849  
  7  0.0012 852947.364608  x:  0.56387   4.15086   0.08849  
  8  0.0000 852947.364608  x:  0.56387   4.15086   0.08849  
  9  0.0000 852947.364608  x:  0.56387   4.15086   0.08849  

6 (Bom_pas) ... 2 (Bom_con)
  0  0.0000 728268.387576  x:  0.11563   3.60644   0.10272  
  1 99.0000 728235.798076  x:  0.11796   3.60735   0.11704  
  2 4714.2523 728232.280375  x:  0.11562   3.60776   0.11890  
  3 3054.0652 728004.111564  x:  0.11552   5.42952   0.12808  
  4 325.7882 728004.021278  x:  0.11583   5.42786   0.12746  
  5  0.0016 728004.019148  x:  0.11580   5.42795   0.12735  
  6  0.0001 728004.019140  x:  0.11580   5.42837   0.12735  
  7  0.0002 728004.019140  x:  0.11580   5.42840   0.12735  
  8  0.0000 728004.019140  x:  0.11580   5.42840   0.12735  
  9  0.0000 728004.019140  x:  0.11580   5.42840   0.12735  
 10  0.0012 728004.019140  x:  0.11580   5.42840   0.12735  
 11  0.0000 728004.019139  x:  0.11580   5.42840   0.12735  
 12  0.1803 728004.019139  x:  0.11580   5.42840   0.12735  
 13  0.0440 728004.019139  x:  0.11580   5.42840   0.12735  
 14  0.1029 728004.019139  x:  0.11580   5.42840   0.12735  
check convergence!


6 (Bom_pas) ... 3 (Bom_hor)
  0  0.0000 702414.652732  x:  0.07184   4.43196   0.10238  
  1 99.0000 702394.561505  x:  0.06750   4.43200   0.10439  
  2 8184.8141 702365.711279  x:  0.06811   4.43236   0.12378  
  3 3774.0401 702334.442717  x:  0.06807   5.41295   0.12770  
  4 72.4394 702334.389184  x:  0.06785   5.40726   0.12790  
  5  0.0058 702334.388629  x:  0.06785   5.40445   0.12797  
  6  0.0021 702334.388628  x:  0.06785   5.40432   0.12796  
  7  0.0001 702334.388628  x:  0.06785   5.40432   0.12796  
  8  0.0000 702334.388628  x:  0.06785   5.40432   0.12796  
check convergence!


6 (Bom_pas) ... 4 (Bom_hyp)
  0  0.0000 701371.554853  x:  0.07172   4.35490   0.16656  
  1 99.0000 701337.713073  x:  0.06615   4.35498   0.16431  
  2 10956.3448 701242.828851  x:  0.06704   4.35663   0.12143  
  3 4443.3981 701154.020419  x:  0.06698   6.10635   0.13289  
  4 123.7640 701152.573348  x:  0.06717   6.12799   0.12806  
  5  0.0276 701152.558570  x:  0.06723   6.15275   0.12813  
  6  0.0152 701152.557780  x:  0.06720   6.15571   0.12815  
  7  0.0027 701152.557779  x:  0.06720   6.15571   0.12815  
  8  0.0000 701152.557779  x:  0.06720   6.15571   0.12816  

6 (Bom_pas) ... 5 (Bom_mus)
  0  0.0000 670027.267351  x:  0.01848   4.95378   0.11308  
  1 99.0000 669993.767535  x:  0.02139   4.95378   0.11309  
  2 24283.8817 669993.724988  x:  0.02139   4.95450   0.11446  
  3 56.1925 669976.170034  x:  0.02133   6.53629   0.11989  
  4 33.9645 669976.157452  x:  0.02133   6.52893   0.11912  
  5  0.0067 669976.157435  x:  0.02133   6.52742   0.11911  
  6  0.0010 669976.157430  x:  0.02133   6.52704   0.11911  
  7  0.0058 669976.157430  x:  0.02133   6.52704   0.11911  
check convergence!


7 (Bom_syl) ... 1 (Apis_mel)
  0  0.0000 855277.993436  x:  0.42494   5.13521   0.10808  
  1 99.0000 853544.225332  x:  0.56815   5.13213   0.10108  
  2 27782.4141 853473.586746  x:  0.57245   5.13171   0.09036  
  3 14054.0910 853251.887814  x:  0.56566   4.15423   0.08932  
  4 404.8129 853251.351309  x:  0.56309   4.14610   0.08916  
  5  0.0060 853251.338108  x:  0.56287   4.14842   0.08929  
  6  0.0027 853251.338084  x:  0.56286   4.14816   0.08930  
  7  0.0004 853251.338084  x:  0.56286   4.14816   0.08930  

7 (Bom_syl) ... 2 (Bom_con)
  0  0.0000 728839.221624  x:  0.09937   3.70677   0.13166  
  1 99.0000 728634.231967  x:  0.11690   3.70700   0.12978  
  2 24687.1620 728613.057671  x:  0.11704   3.70843   0.11661  
  3 2962.5494 728404.903741  x:  0.11697   5.45975   0.12791  
  4 300.9176 728402.992749  x:  0.11716   5.46986   0.12371  
  5  0.0106 728402.976694  x:  0.11720   5.48871   0.12373  
  6  0.0099 728402.976482  x:  0.11719   5.48917   0.12376  
  7  0.0004 728402.976479  x:  0.11718   5.48920   0.12376  
  8  0.0000 728402.976479  x:  0.11718   5.48921   0.12376  

7 (Bom_syl) ... 3 (Bom_hor)
  0  0.0000 703173.328958  x:  0.06638   4.35607   0.11414  
  1 99.0000 703160.154582  x:  0.06989   4.35611   0.11422  
  2 7698.1542 703160.033047  x:  0.06987   4.35803   0.11551  
  3 106.0742 703116.231072  x:  0.06980   5.51778   0.11950  
  4 285.3566 703116.213139  x:  0.06980   5.50444   0.11902  
  5  0.0116 703116.212743  x:  0.06980   5.50095   0.11904  
  6  0.0025 703116.212742  x:  0.06980   5.50096   0.11905  
  7  0.0000 703116.212742  x:  0.06980   5.50097   0.11905  
  8  0.0000 703116.212741  x:  0.06980   5.50093   0.11904  
  9  0.0000 703116.212741  x:  0.06980   5.50094   0.11904  
 10  0.0000 703116.212741  x:  0.06980   5.50094   0.11904  
check convergence!


7 (Bom_syl) ... 4 (Bom_hyp)
  0  0.0000 702368.421917  x:  0.05642   4.50301   0.12373  
  1 99.0000 702169.581324  x:  0.06920   4.50305   0.12346  
  2 33456.1032 702165.831771  x:  0.06926   4.50392   0.11626  
  3 990.2478 702085.440974  x:  0.06915   6.22184   0.12437  
  4 115.0530 702085.122887  x:  0.06920   6.22653   0.12219  
  5  0.0049 702085.121450  x:  0.06921   6.23517   0.12220  
  6  0.0049 702085.121443  x:  0.06921   6.23527   0.12221  
  7  0.0001 702085.121442  x:  0.06921   6.23529   0.12221  
  8  0.0000 702085.121442  x:  0.06921   6.23528   0.12221  

7 (Bom_syl) ... 5 (Bom_mus)
  0  0.0000 699179.599013  x:  0.05687   4.85590   0.10650  
  1 99.0000 699119.098535  x:  0.06385   4.85593   0.10768  
  2 17835.2167 699097.070877  x:  0.06346   4.85630   0.12584  
  3 2661.1607 699064.788645  x:  0.06338   6.01837   0.13003  
  4 63.4800 699064.787664  x:  0.06340   6.01447   0.12995  
  5  0.0032 699064.787651  x:  0.06340   6.01388   0.12994  
  6  0.0005 699064.787651  x:  0.06340   6.01387   0.12994  
  7  0.0000 699064.787651  x:  0.06340   6.01387   0.12994  
check convergence!


7 (Bom_syl) ... 6 (Bom_pas)
  0  0.0000 699610.917016  x:  0.06776   4.85446   0.15904  
  1 99.0000 699591.570763  x:  0.06365   4.85451   0.15772  
  2 8734.6165 699552.353900  x:  0.06418   4.85553   0.13007  
  3 2765.1393 699502.246229  x:  0.06412   6.33528   0.13803  
  4 79.7231 699501.636551  x:  0.06418   6.34183   0.13465  
  5  0.0086 699501.635093  x:  0.06419   6.35057   0.13464  
  6  0.0057 699501.635060  x:  0.06419   6.35106   0.13466  

8 (Bom_vet) ... 1 (Apis_mel)
  0  0.0000 857114.223865  x:  0.44719   5.16442   0.19420  
  1 99.0000 853979.614935  x:  0.47970   5.16353   0.09578  
  2 44670.6752 853299.565938  x:  0.57538   5.16024   0.09236  
  3 17648.5123 853063.382153  x:  0.56787   4.15314   0.08898  
  4 419.1520 853062.357611  x:  0.56719   4.15890   0.08795  
  5  0.0137 853061.935237  x:  0.56459   4.14993   0.08830  
  6  0.0099 853061.933806  x:  0.56458   4.15206   0.08831  
  7  0.0030 853061.933805  x:  0.56457   4.15205   0.08831  

8 (Bom_vet) ... 2 (Bom_con)
  0  0.0000 727764.856528  x:  0.11145   3.69911   0.09476  
  1 99.0000 727706.748857  x:  0.11897   3.69948   0.10594  
  2 8898.8442 727678.952703  x:  0.11406   3.70015   0.11687  
  3 6531.6382 727487.963411  x:  0.11374   5.42072   0.12476  
  4 283.5383 727487.256850  x:  0.11477   5.40490   0.12522  
  5  0.0144 727487.235884  x:  0.11471   5.39437   0.12557  
  6  0.0071 727487.235265  x:  0.11471   5.39111   0.12552  
  7  0.0019 727487.235265  x:  0.11471   5.39112   0.12552  

8 (Bom_vet) ... 3 (Bom_hor)
  0  0.0000 702273.033988  x:  0.06257   4.49558   0.24399  
  1 99.0000 702240.485155  x:  0.06794   4.49566   0.23963  
  2 9677.6468 701771.158206  x:  0.06794   4.49772   0.12336  
  3 10138.8621 701756.080856  x:  0.06782   5.31838   0.13098  
  4 51.2939 701753.511024  x:  0.06707   5.27378   0.12542  
  5  0.0658 701752.997824  x:  0.06658   5.20598   0.12666  
  6  0.0902 701752.992405  x:  0.06661   5.19362   0.12654  
  7  0.0107 701752.992396  x:  0.06661   5.19370   0.12654  

8 (Bom_vet) ... 4 (Bom_hyp)
  0  0.0000 701129.689913  x:  0.06861   4.23393   0.12768  
  1 99.0000 701125.460511  x:  0.06667   4.23400   0.12712  
  2 4100.4959 701121.053779  x:  0.06689   4.23504   0.11896  
  3 1104.4183 701034.601337  x:  0.06676   5.91979   0.12798  
  4 127.1083 701034.242832  x:  0.06680   5.92481   0.12557  
  5  0.0053 701034.241032  x:  0.06680   5.93419   0.12559  
  6  0.0052 701034.241027  x:  0.06680   5.93421   0.12560  
  7  0.0000 701034.241027  x:  0.06680   5.93422   0.12560  
  8  0.0000 701034.241027  x:  0.06680   5.93421   0.12560  

8 (Bom_vet) ... 5 (Bom_mus)
  0  0.0000 668748.655727  x:  0.01880   4.71456   0.15849  
  1 99.0000 668746.104450  x:  0.01959   4.71456   0.15832  
  2 6384.7242 668710.862059  x:  0.01962   4.71532   0.12139  
  3 1433.6823 668702.235511  x:  0.01957   5.95446   0.12823  
  4 19.3619 668698.826012  x:  0.01958   5.88233   0.11535  
  5  0.1118 668698.789629  x:  0.01958   5.81970   0.11445  
  6  0.0523 668698.787610  x:  0.01958   5.80876   0.11466  
  7  0.0107 668698.787610  x:  0.01958   5.80887   0.11466  
  8  0.0001 668698.787610  x:  0.01958   5.80887   0.11466  
check convergence!


8 (Bom_vet) ... 6 (Bom_pas)
  0  0.0000 669869.510065  x:  0.01646   4.55402   0.16579  
  1 99.0000 669782.212384  x:  0.02098   4.55403   0.16564  
  2 42344.2669 669741.611940  x:  0.02103   4.55585   0.11633  
  3 1420.9835 669702.762067  x:  0.02095   6.84405   0.13095  
  4 43.4973 669701.805974  x:  0.02095   6.87689   0.12405  
  5  0.0426 669701.793809  x:  0.02093   6.92866   0.12406  
  6  0.0249 669701.793602  x:  0.02094   6.92787   0.12415  
  7  0.0008 669701.793580  x:  0.02094   6.92956   0.12416  
  8  0.0020 669701.793578  x:  0.02094   6.92958   0.12416  
  9  0.0002 669701.793575  x:  0.02094   6.92958   0.12416  

8 (Bom_vet) ... 7 (Bom_syl)
  0  0.0000 699100.909939  x:  0.06506   5.45965   0.21734  
  1 99.0000 699078.375942  x:  0.06079   5.45969   0.21399  
  2 8110.0277 698819.319528  x:  0.06199   5.46075   0.12874  
  3 7739.5002 698809.152525  x:  0.06203   6.16322   0.13300  
  4 31.0377 698808.075430  x:  0.06279   6.17613   0.13026  
  5  0.0161 698808.004412  x:  0.06294   6.17182   0.13115  
  6  0.0067 698808.004393  x:  0.06294   6.17187   0.13113  