Supplemental results for CODEML (seqf: /home/yzliu/eDNA/faststorage/yzliu/DK_proj/data/ref_genome/ref_annotation/primary_transcripts/extracted_cds_new/new_transcript_id_8_bom_apis/bootstraps/cat.out.OG_cds_8_species_same_header_fas.shuf_211OG_365.phy  treef: xxx.trees)


pairwise comparison (Goldman & Yang 1994)
seq seq        N       S       dN       dS     dN/dS   Paras.
  2   1 168317.0  55744.0   0.0554   0.5771   0.0960   0.5555   3.9087   0.0960 -393005.411
  3   1 168350.6  55710.4   0.0563   0.5961   0.0945   0.5716   3.8589   0.0945 -394357.917
  3   2 165196.7  58864.3   0.0153   0.1140   0.1340   0.1236   4.5905   0.1340 -336573.257
  4   1 168441.2  55619.8   0.0544   0.5840   0.0931   0.5576   3.9555   0.0931 -392368.997
  4   2 164592.7  59468.3   0.0129   0.1028   0.1254   0.1102   5.2535   0.1254 -332718.585
  4   3 165469.9  58591.1   0.0089   0.0677   0.1312   0.0728   4.5320   0.1312 -323840.235
  5   1 168415.9  55645.1   0.0552   0.5933   0.0931   0.5666   3.9304   0.0931 -393192.437
  5   2 164620.9  59440.1   0.0147   0.1082   0.1362   0.1186   5.1761   0.1362 -335012.389
  5   3 165452.5  58608.5   0.0096   0.0677   0.1418   0.0744   4.5025   0.1418 -324470.609
  5   4 164121.9  59939.1   0.0080   0.0634   0.1259   0.0684   5.8243   0.1259 -322000.153
  6   1 168431.0  55630.0   0.0557   0.5901   0.0943   0.5650   3.9221   0.0943 -393352.082
  6   2 164602.4  59458.6   0.0152   0.1079   0.1407   0.1194   5.1930   0.1407 -335299.917
  6   3 165244.8  58816.2   0.0101   0.0670   0.1508   0.0751   4.6509   0.1508 -324731.738
  6   4 163856.4  60204.6   0.0087   0.0627   0.1384   0.0696   6.1050   0.1384 -322456.701
  6   5 163971.2  60089.8   0.0029   0.0200   0.1463   0.0225   5.9150   0.1463 -307883.810
  7   1 168415.3  55645.7   0.0558   0.5893   0.0947   0.5649   3.9727   0.0947 -393303.156
  7   2 164449.6  59611.4   0.0149   0.1093   0.1364   0.1201   5.3808   0.1364 -335264.628
  7   3 165070.0  58991.0   0.0100   0.0687   0.1455   0.0764   4.8264   0.1455 -324953.452
  7   4 163821.3  60239.7   0.0083   0.0638   0.1300   0.0696   6.2147   0.1300 -322315.708
  7   5 163720.1  60340.9   0.0083   0.0589   0.1413   0.0658   6.2552   0.1413 -321487.201
  7   6 163620.8  60440.2   0.0090   0.0579   0.1553   0.0665   6.3705   0.1553 -321852.853
  8   1 168331.6  55729.4   0.0553   0.5931   0.0932   0.5672   3.9410   0.0932 -393284.525
  8   2 164421.0  59640.0   0.0145   0.1081   0.1344   0.1184   5.2917   0.1344 -334912.614
  8   3 165188.6  58872.4   0.0096   0.0669   0.1432   0.0739   4.6444   0.1432 -324362.022
  8   4 163789.0  60272.0   0.0080   0.0630   0.1273   0.0685   6.1028   0.1273 -322051.108
  8   5 163864.9  60196.1   0.0022   0.0191   0.1157   0.0203   5.9537   0.1157 -306990.161
  8   6 163370.9  60690.1   0.0028   0.0196   0.1434   0.0221   6.5076   0.1434 -307752.232
  8   7 163451.8  60609.2   0.0083   0.0580   0.1426   0.0652   6.4870   0.1426 -321374.094

