

2 (Bom_con) ... 1 (Apis_mel)
  0  0.0000 413636.062557  x:  0.50264   1.35480   0.37569  
  1 99.0000 406771.200314  x:  0.44532   1.41651   0.09422  
  2 26372.8330 406545.273766  x:  0.48078   1.43489   0.07425  
  3 10908.2014 404283.431172  x:  0.58179   2.79102   0.11864  
  4 5438.5016 403937.220552  x:  0.51583   3.17339   0.10728  
  5  0.5070 403779.865384  x:  0.56832   3.62227   0.09250  
  6  0.1763 403760.068064  x:  0.56593   3.84932   0.09907  
  7  0.0973 403758.472071  x:  0.56498   3.91306   0.09774  
  8  0.0536 403758.460717  x:  0.56556   3.91711   0.09771  
  9  0.0034 403758.460716  x:  0.56556   3.91714   0.09771  

3 (Bom_hor) ... 1 (Apis_mel)
  0  0.0000 406949.845939  x:  0.48300   3.35828   0.21009  
  1 99.0000 405287.211551  x:  0.49696   3.36011   0.10141  
  2 21902.8504 405077.943610  x:  0.57344   3.36233   0.09053  
  3 6272.2982 405018.291288  x:  0.58037   3.91167   0.09477  
  4 234.2453 405017.837363  x:  0.58126   3.90084   0.09576  
  5  0.0296 405017.766133  x:  0.58274   3.89981   0.09545  
  6  0.0015 405017.766121  x:  0.58274   3.90006   0.09545  
  7  0.0002 405017.766121  x:  0.58274   3.90007   0.09545  

3 (Bom_hor) ... 2 (Bom_con)
  0  0.0000 344544.466331  x:  0.10222   3.52455   0.22093  
  1 99.0000 344413.554648  x:  0.12318   3.52487   0.21233  
  2 12422.1557 344142.482150  x:  0.12345   3.52819   0.12228  
  3 5562.2272 344083.538756  x:  0.12325   4.68079   0.13549  
  4 120.5753 344080.751129  x:  0.12266   4.71595   0.12838  
  5  0.0584 344080.612487  x:  0.12197   4.73062   0.12887  
  6  0.0126 344080.611709  x:  0.12197   4.73565   0.12888  
  7  0.0031 344080.611702  x:  0.12198   4.73567   0.12889  
  8  0.0000 344080.611702  x:  0.12198   4.73565   0.12889  
  9  0.0000 344080.611702  x:  0.12198   4.73567   0.12889  

4 (Bom_hyp) ... 1 (Apis_mel)
  0  0.0000 404774.433578  x:  0.48787   4.14982   0.20030  
  1 99.0000 403405.002502  x:  0.49725   4.14991   0.10247  
  2 20618.3090 403227.353048  x:  0.56805   4.14845   0.09078  
  3 5654.3392 403223.018502  x:  0.56600   3.97733   0.09007  
  4 48.1805 403213.999123  x:  0.56798   3.94253   0.09480  
  5  0.1093 403213.993082  x:  0.56816   3.94861   0.09480  
  6  0.0066 403213.993047  x:  0.56820   3.94850   0.09479  
  7  0.0001 403213.993047  x:  0.56820   3.94850   0.09479  

4 (Bom_hyp) ... 2 (Bom_con)
  0  0.0000 341503.553789  x:  0.09303   3.50141   0.17856  
  1 99.0000 341380.738655  x:  0.11219   3.50169   0.17318  
  2 13214.5741 341263.447334  x:  0.11234   3.50457   0.11815  
  3 3904.5680 341156.531267  x:  0.11212   5.24010   0.13439  
  4 155.0764 341153.596051  x:  0.11207   5.27468   0.12660  
  5  0.0462 341153.545020  x:  0.11193   5.32170   0.12668  
  6  0.0243 341153.543738  x:  0.11198   5.32346   0.12679  
  7  0.0015 341153.543710  x:  0.11199   5.32372   0.12677  
  8  0.0002 341153.543710  x:  0.11199   5.32373   0.12677  

4 (Bom_hyp) ... 3 (Bom_hor)
  0  0.0000 331551.971189  x:  0.06487   4.28705   0.12611  
  1 99.0000 331523.942094  x:  0.07226   4.28707   0.12642  
  2 7871.9701 331523.529227  x:  0.07221   4.28738   0.13010  
  3 227.5021 331518.880704  x:  0.07217   4.76503   0.13250  
  4 20.9780 331518.880573  x:  0.07217   4.76586   0.13244  
  5  0.0009 331518.880527  x:  0.07217   4.76485   0.13241  
  6  0.0012 331518.880507  x:  0.07217   4.76403   0.13242  

5 (Bom_mus) ... 1 (Apis_mel)
  0  0.0000 405891.833430  x:  0.50837   4.05786   0.22278  
  1 99.0000 404005.354281  x:  0.50675   4.05831   0.10449  
  2 22290.8000 403855.476953  x:  0.56699   4.05723   0.08976  
  3 5255.7922 403854.284404  x:  0.56579   3.96803   0.08943  
  4 21.3625 403837.176306  x:  0.57334   3.92801   0.09515  
  5  0.1624 403837.013715  x:  0.57554   3.93957   0.09469  
  6  0.0099 403837.012588  x:  0.57554   3.93710   0.09466  
  7  0.0026 403837.012586  x:  0.57554   3.93712   0.09466  

5 (Bom_mus) ... 2 (Bom_con)
  0  0.0000 343447.907322  x:  0.09469   3.30925   0.07112  
  1 99.0000 343104.593107  x:  0.12556   3.30950   0.09054  
  2 20930.3685 343035.443108  x:  0.11695   3.31038   0.11765  
  3 5618.5626 342903.709324  x:  0.11609   5.14641   0.12598  
  4 186.6562 342901.341945  x:  0.11886   5.15507   0.12770  
  5  0.0071 342901.221705  x:  0.11864   5.15902   0.12925  
  6  0.0027 342901.221595  x:  0.11865   5.15707   0.12923  
  7  0.0010 342901.221588  x:  0.11865   5.15685   0.12923  
  8  0.0002 342901.221588  x:  0.11865   5.15685   0.12923  

5 (Bom_mus) ... 3 (Bom_hor)
  0  0.0000 331947.758790  x:  0.06922   4.40902   0.14113  
  1 99.0000 331940.559484  x:  0.07310   4.40902   0.14080  
  2 3811.2620 331939.436052  x:  0.07314   4.40901   0.13447  
  3 347.7952 331939.343878  x:  0.07314   4.34588   0.13409  
  4  2.9262 331939.343502  x:  0.07312   4.34437   0.13408  
  5  0.0016 331939.343474  x:  0.07311   4.34525   0.13409  
  6  0.0009 331939.343473  x:  0.07311   4.34538   0.13409  

5 (Bom_mus) ... 4 (Bom_hyp)
  0  0.0000 330252.752601  x:  0.06319   3.75694   0.13499  
  1 99.0000 330235.190335  x:  0.06894   3.75702   0.13445  
  2 6275.8320 330231.485314  x:  0.06900   3.75847   0.12352  
  3 639.9096 330179.032305  x:  0.06883   5.40586   0.13477  
  4 80.0676 330178.694391  x:  0.06891   5.41293   0.13131  
  5  0.0075 330178.691913  x:  0.06891   5.42699   0.13134  
  6  0.0075 330178.691905  x:  0.06891   5.42702   0.13136  
  7  0.0000 330178.691905  x:  0.06891   5.42703   0.13136  
  8  0.0000 330178.691905  x:  0.06891   5.42702   0.13136  

6 (Bom_pas) ... 1 (Apis_mel)
  0  0.0000 405390.199026  x:  0.42885   4.60838   0.17018  
  1 99.0000 404337.240082  x:  0.48416   4.60745   0.09703  
  2 18739.0738 404008.880642  x:  0.56056   4.60541   0.10856  
  3 11587.9630 403941.170643  x:  0.55652   3.90971   0.10598  
  4 178.0099 403906.930208  x:  0.57231   3.94795   0.09532  
  5  0.0604 403906.511396  x:  0.57608   3.94816   0.09490  
  6  0.0032 403906.507498  x:  0.57611   3.95049   0.09500  
  7  0.0027 403906.507489  x:  0.57611   3.95027   0.09500  
  8  0.0003 403906.507489  x:  0.57611   3.95027   0.09500  

6 (Bom_pas) ... 2 (Bom_con)
  0  0.0000 343540.096338  x:  0.09375   3.44786   0.19928  
  1 99.0000 343329.686811  x:  0.11914   3.44818   0.19309  
  2 17578.5359 343142.111391  x:  0.11957   3.45177   0.12125  
  3 4537.8494 343030.136674  x:  0.11938   5.11906   0.13904  
  4 167.5623 343025.933306  x:  0.11941   5.16602   0.12984  
  5  0.0688 343025.843268  x:  0.11930   5.22728   0.12993  
  6  0.0311 343025.841708  x:  0.11933   5.22786   0.13009  
  7  0.0006 343025.841669  x:  0.11934   5.22804   0.13007  
  8  0.0001 343025.841669  x:  0.11934   5.22808   0.13007  
  9  0.0000 343025.841669  x:  0.11934   5.22805   0.13007  
 10  0.0000 343025.841669  x:  0.11934   5.22805   0.13007  
 11  0.0000 343025.841669  x:  0.11934   5.22805   0.13007  
 12  0.0037 343025.841669  x:  0.11934   5.22805   0.13007  
 13  0.5427 343025.841669  x:  0.11934   5.22805   0.13007  
check convergence!


6 (Bom_pas) ... 3 (Bom_hor)
  0  0.0000 332164.389523  x:  0.07458   4.29557   0.22686  
  1 99.0000 332148.224178  x:  0.06910   4.29569   0.21844  
  2 3136.3838 332016.084296  x:  0.07139   4.29685   0.13489  
  3 7983.5630 332014.314551  x:  0.07148   4.57930   0.13748  
  4 12.6864 332012.072774  x:  0.07366   4.56173   0.13661  
  5  0.0179 332012.071564  x:  0.07365   4.56026   0.13681  
  6  0.0026 332012.071537  x:  0.07364   4.55977   0.13680  
  7  0.0005 332012.071537  x:  0.07364   4.55972   0.13680  

6 (Bom_pas) ... 4 (Bom_hyp)
  0  0.0000 330428.564581  x:  0.06278   4.01951   0.13897  
  1 99.0000 330404.916986  x:  0.06944   4.01958   0.13873  
  2 7360.1164 330403.787897  x:  0.06949   4.02104   0.13224  
  3 337.9620 330352.706254  x:  0.06934   5.80795   0.14382  
  4 75.4405 330352.486799  x:  0.06941   5.79705   0.14083  
  5  0.0103 330352.486792  x:  0.06941   5.79667   0.14081  
  6  0.0003 330352.486791  x:  0.06941   5.79646   0.14081  

6 (Bom_pas) ... 5 (Bom_mus)
  0  0.0000 315319.142230  x:  0.02341   4.75815   0.10936  
  1 99.0000 315317.955405  x:  0.02254   4.75815   0.10951  
  2 2650.2778 315313.566843  x:  0.02253   4.75852   0.12946  
  3 490.3563 315308.466241  x:  0.02248   5.84573   0.13372  
  4 10.6822 315308.465945  x:  0.02249   5.83864   0.13372  
  5  0.0058 315308.465935  x:  0.02248   5.83809   0.13373  
  6  0.0003 315308.465933  x:  0.02248   5.83806   0.13373  
  7  0.0007 315308.465931  x:  0.02248   5.83806   0.13373  
  8  0.0012 315308.465931  x:  0.02248   5.83806   0.13373  
check convergence!


7 (Bom_syl) ... 1 (Apis_mel)
  0  0.0000 405144.790094  x:  0.53321   4.88556   0.17239  
  1 99.0000 404352.239078  x:  0.53308   4.88494   0.10402  
  2 18446.5270 404264.026119  x:  0.58510   4.88118   0.09399  
  3 3586.7596 404156.874902  x:  0.57378   3.94951   0.09216  
  4 205.9287 404150.038954  x:  0.57617   3.93798   0.09655  
  5  0.0282 404149.999995  x:  0.57566   3.94882   0.09649  
  6  0.0122 404149.998576  x:  0.57551   3.94662   0.09647  
  7  0.0027 404149.998576  x:  0.57551   3.94661   0.09647  
  8  0.0000 404149.998576  x:  0.57551   3.94661   0.09647  
  9  0.0000 404149.998576  x:  0.57551   3.94661   0.09647  

7 (Bom_syl) ... 2 (Bom_con)
  0  0.0000 344060.820247  x:  0.09668   3.54830   0.08176  
  1 99.0000 343764.498448  x:  0.12664   3.54850   0.09630  
  2 19660.4150 343703.429953  x:  0.12042   3.54933   0.12478  
  3 4880.7728 343603.572032  x:  0.11995   5.20357   0.13248  
  4 151.9342 343602.945204  x:  0.12142   5.20361   0.13318  
  5  0.0013 343602.929635  x:  0.12135   5.20335   0.13375  
  6  0.0004 343602.929606  x:  0.12136   5.20228   0.13374  
  7  0.0006 343602.929606  x:  0.12135   5.20224   0.13374  

7 (Bom_syl) ... 3 (Bom_hor)
  0  0.0000 332594.710888  x:  0.06782   4.41766   0.23692  
  1 99.0000 332567.940850  x:  0.07520   4.41770   0.23388  
  2 6955.1331 332407.389809  x:  0.07538   4.41884   0.13793  
  3 3123.7711 332406.837443  x:  0.07536   4.57718   0.13940  
  4  7.1264 332406.756172  x:  0.07505   4.58174   0.13837  
  5  0.0055 332406.746196  x:  0.07495   4.57953   0.13882  
  6  0.0035 332406.746196  x:  0.07495   4.57943   0.13882  

7 (Bom_syl) ... 4 (Bom_hyp)
  0  0.0000 330694.763450  x:  0.06872   4.03131   0.12112  
  1 99.0000 330692.446765  x:  0.07087   4.03138   0.12200  
  2 2022.6808 330688.851496  x:  0.07041   4.03237   0.13280  
  3 783.9103 330645.155664  x:  0.07025   5.65168   0.14140  
  4 67.4779 330645.110425  x:  0.07038   5.63564   0.14018  
  5  0.0133 330645.109935  x:  0.07036   5.63195   0.14013  
  6  0.0030 330645.109903  x:  0.07036   5.63069   0.14014  
  7  0.0008 330645.109903  x:  0.07036   5.63069   0.14014  
  8  0.0000 330645.109903  x:  0.07036   5.63069   0.14014  
  9  0.0000 330645.109903  x:  0.07036   5.63069   0.14014  
 10  0.0846 330645.109903  x:  0.07036   5.63069   0.14014  
check convergence!


7 (Bom_syl) ... 5 (Bom_mus)
  0  0.0000 329685.238685  x:  0.06455   4.45255   0.23937  
  1 99.0000 329643.840039  x:  0.07336   4.45330   0.20543  
  2 2434.6446 329547.072875  x:  0.07026   4.45486   0.13531  
  3 27007.0512 329533.048905  x:  0.06971   5.41482   0.14360  
  4 32.1603 329525.325310  x:  0.06589   5.35324   0.14438  
  5  0.0718 329525.312207  x:  0.06582   5.32830   0.14396  
  6  0.0222 329525.311610  x:  0.06583   5.32409   0.14406  
  7  0.0051 329525.311590  x:  0.06583   5.32383   0.14404  

7 (Bom_syl) ... 6 (Bom_pas)
  0  0.0000 329729.156806  x:  0.06476   4.39579   0.17945  
  1 99.0000 329726.146665  x:  0.06716   4.39587   0.17741  
  2 1948.5459 329702.997557  x:  0.06672   4.39722   0.14362  
  3 2090.2080 329682.597878  x:  0.06661   5.55326   0.15183  
  4 40.5079 329682.415598  x:  0.06644   5.55984   0.14914  
  5  0.0083 329682.414568  x:  0.06640   5.56428   0.14921  
  6  0.0040 329682.414532  x:  0.06641   5.56586   0.14921  
  7  0.0012 329682.414531  x:  0.06641   5.56591   0.14921  
  8  0.0000 329682.414531  x:  0.06641   5.56584   0.14921  

8 (Bom_vet) ... 1 (Apis_mel)
  0  0.0000 404772.250952  x:  0.50978   4.41291   0.16425  
  1 99.0000 404082.209415  x:  0.51669   4.41261   0.10192  
  2 17720.0693 403944.169719  x:  0.58198   4.41015   0.09253  
  3 4738.5368 403917.200101  x:  0.57676   3.96746   0.09127  
  4 115.0177 403913.150075  x:  0.57718   3.95325   0.09475  
  5  0.0326 403913.130790  x:  0.57673   3.95911   0.09469  
  6  0.0057 403913.130514  x:  0.57666   3.95801   0.09469  
  7  0.0012 403913.130511  x:  0.57666   3.95804   0.09469  
  8  0.0000 403913.130511  x:  0.57666   3.95804   0.09469  
  9  0.0000 403913.130511  x:  0.57666   3.95804   0.09469  
 10  0.0099 403913.130511  x:  0.57666   3.95804   0.09469  
check convergence!


8 (Bom_vet) ... 2 (Bom_con)
  0  0.0000 343314.813969  x:  0.09824   3.39536   0.07237  
  1 99.0000 343037.173886  x:  0.12561   3.39561   0.09240  
  2 17990.2925 342974.042686  x:  0.11611   3.39648   0.11866  
  3 5483.8588 342847.093950  x:  0.11526   5.24972   0.12677  
  4 177.6654 342843.882674  x:  0.11859   5.26038   0.12792  
  5  0.0093 342843.739164  x:  0.11842   5.26749   0.12967  
  6  0.0044 342843.739065  x:  0.11843   5.26633   0.12963  
  7  0.0009 342843.739051  x:  0.11843   5.26568   0.12964  

8 (Bom_vet) ... 3 (Bom_hor)
  0  0.0000 331915.085484  x:  0.07578   4.44190   0.21018  
  1 99.0000 331900.701366  x:  0.07038   4.44193   0.20667  
  2 4356.7488 331802.162250  x:  0.07176   4.44252   0.13529  
  3 3193.5662 331802.099495  x:  0.07190   4.49242   0.13572  
  4  0.2845 331801.845228  x:  0.07257   4.44663   0.13540  
  5  0.3478 331801.845083  x:  0.07257   4.44686   0.13533  
  6  0.0004 331801.845081  x:  0.07257   4.44678   0.13534  

8 (Bom_vet) ... 4 (Bom_hyp)
  0  0.0000 330371.711877  x:  0.06183   3.73242   0.12397  
  1 99.0000 330341.767553  x:  0.06928   3.73250   0.12408  
  2 8363.4240 330341.122199  x:  0.06922   3.74576   0.12883  
  3 93.9418 330276.148794  x:  0.06910   5.73627   0.13337  
  4 787.6948 330276.022467  x:  0.06920   5.64198   0.13381  
  5  0.0500 330276.018558  x:  0.06916   5.63138   0.13352  
  6  0.0090 330276.018551  x:  0.06916   5.63199   0.13352  
  7  0.0006 330276.018551  x:  0.06916   5.63199   0.13352  
  8  0.0000 330276.018551  x:  0.06916   5.63200   0.13352  
  9  0.0000 330276.018551  x:  0.06916   5.63200   0.13352  

8 (Bom_vet) ... 5 (Bom_mus)
  0  0.0000 314350.624088  x:  0.02050   4.57540   0.10060  
  1 99.0000 314350.070527  x:  0.01995   4.57540   0.10071  
  2 1928.7677 314347.022850  x:  0.01995   4.57565   0.11713  
  3 413.7848 314344.459221  x:  0.01991   5.35222   0.12011  
  4  7.5035 314344.456309  x:  0.01991   5.32533   0.12012  
  5  0.0206 314344.456307  x:  0.01991   5.32506   0.12012  

8 (Bom_vet) ... 6 (Bom_pas)
  0  0.0000 315236.829619  x:  0.02306   4.38048   0.19892  
  1 99.0000 315235.124296  x:  0.02208   4.38048   0.19865  
  2 3155.9578 315196.348939  x:  0.02222   4.38257   0.12303  
  3 900.3706 315186.733270  x:  0.02217   5.77521   0.13439  
  4 16.2884 315186.427116  x:  0.02216   5.80694   0.12878  
  5  0.0507 315186.425141  x:  0.02216   5.83050   0.12887  
  6  0.0134 315186.425115  x:  0.02216   5.83052   0.12888  
  7  0.0000 315186.425110  x:  0.02216   5.83052   0.12888  
  8  0.0024 315186.425110  x:  0.02216   5.83052   0.12888  
  9  0.0000 315186.425110  x:  0.02216   5.83052   0.12888  
check convergence!


8 (Bom_vet) ... 7 (Bom_syl)
  0  0.0000 329429.323700  x:  0.06237   4.58514   0.10517  
  1 99.0000 329416.665698  x:  0.06724   4.58517   0.10848  
  2 4506.8993 329384.258346  x:  0.06495   4.58548   0.14023  
  3 3020.1701 329370.589972  x:  0.06484   5.57571   0.14412  
  4 31.1165 329370.450080  x:  0.06532   5.57533   0.14489  
  5  0.0009 329370.447122  x:  0.06529   5.57486   0.14523  
  6  0.0004 329370.447120  x:  0.06529   5.57465   0.14523  
  7  0.0002 329370.447120  x:  0.06529   5.57463   0.14523  
  8  0.0001 329370.447120  x:  0.06529   5.57462   0.14523  
  9  0.0000 329370.447120  x:  0.06529   5.57462   0.14523  
 10  0.0001 329370.447120  x:  0.06529   5.57462   0.14523  
 11  0.0000 329370.447120  x:  0.06529   5.57462   0.14523  
 12  0.0196 329370.447120  x:  0.06529   5.57462   0.14523  
 13 29.2120 329370.447120  x:  0.06529   5.57462   0.14523  