

2 (Bom_con) ... 1 (Apis_mel)
  0  0.0000 418713.878010  x:  0.56736   1.61765   0.40538  
  1 99.0000 411433.102182  x:  0.44340   1.66856   0.10773  
  2 26949.7508 411240.615308  x:  0.46569   1.67747   0.08562  
  3 12874.0825 409112.731853  x:  0.56065   3.50404   0.12170  
  4 3483.3240 409000.316362  x:  0.55825   3.67463   0.10240  
  5  0.1110 408982.111891  x:  0.58277   3.75604   0.09937  
  6  0.0621 408977.920453  x:  0.58238   3.87421   0.10218  
  7  0.0544 408977.302399  x:  0.58196   3.90946   0.10122  
  8  0.0349 408977.301667  x:  0.58209   3.91078   0.10122  
  9  0.0012 408977.301667  x:  0.58209   3.91078   0.10122  
 10  0.0000 408977.301667  x:  0.58209   3.91078   0.10122  

3 (Bom_hor) ... 1 (Apis_mel)
  0  0.0000 410306.873756  x:  0.57951   3.55453   0.14390  
  1 99.0000 409873.914450  x:  0.57422   3.55514   0.10044  
  2 16819.9405 409866.026725  x:  0.59010   3.55724   0.09758  
  3 987.8536 409841.669703  x:  0.59537   3.92381   0.09897  
  4 143.2048 409841.642520  x:  0.59581   3.92241   0.09917  
  5  0.0023 409841.641491  x:  0.59596   3.92179   0.09912  
  6  0.0006 409841.641491  x:  0.59596   3.92175   0.09912  

3 (Bom_hor) ... 2 (Bom_con)
  0  0.0000 346222.600056  x:  0.09871   3.40576   0.11661  
  1 99.0000 346070.759137  x:  0.12064   3.40602   0.11768  
  2 14874.2593 346070.203749  x:  0.12052   3.40919   0.12093  
  3 257.0863 345940.608594  x:  0.12049   5.27214   0.13034  
  4 355.9664 345940.456352  x:  0.12065   5.26927   0.12862  
  5  0.0029 345940.456172  x:  0.12066   5.27095   0.12858  
  6  0.0012 345940.456145  x:  0.12065   5.27182   0.12860  

4 (Bom_hyp) ... 1 (Apis_mel)
  0  0.0000 409911.742011  x:  0.45391   4.37565   0.19732  
  1 99.0000 408631.160165  x:  0.49372   4.37507   0.10485  
  2 19439.9857 408334.288870  x:  0.58038   4.37273   0.10645  
  3 8586.7541 408295.488041  x:  0.57676   3.86956   0.10393  
  4 144.0360 408287.852595  x:  0.58111   3.89538   0.09871  
  5  0.0595 408287.843996  x:  0.58148   3.89106   0.09864  
  6  0.0041 408287.843680  x:  0.58156   3.89207   0.09865  
  7  0.0010 408287.843680  x:  0.58156   3.89207   0.09865  

4 (Bom_hyp) ... 2 (Bom_con)
  0  0.0000 344355.731979  x:  0.09091   3.46931   0.18972  
  1 99.0000 344191.106131  x:  0.11279   3.46960   0.18440  
  2 15817.2517 344048.145956  x:  0.11311   3.47286   0.12185  
  3 4053.2350 343939.393270  x:  0.11289   5.17701   0.13942  
  4 159.9724 343935.844865  x:  0.11291   5.21837   0.13075  
  5  0.0570 343935.773932  x:  0.11284   5.27497   0.13084  
  6  0.0284 343935.772889  x:  0.11286   5.27535   0.13098  
  7  0.0004 343935.772868  x:  0.11287   5.27545   0.13097  
  8  0.0001 343935.772868  x:  0.11287   5.27546   0.13097  

4 (Bom_hyp) ... 3 (Bom_hor)
  0  0.0000 332803.110646  x:  0.07153   4.44560   0.14997  
  1 99.0000 332798.552635  x:  0.06858   4.44567   0.14804  
  2 2537.8596 332780.454667  x:  0.06949   4.44665   0.12270  
  3 1783.6462 332758.087595  x:  0.06946   5.66547   0.12991  
  4 42.3841 332757.922075  x:  0.06960   5.67141   0.12762  
  5  0.0072 332757.921495  x:  0.06963   5.67670   0.12765  
  6  0.0042 332757.921467  x:  0.06962   5.67776   0.12765  

5 (Bom_mus) ... 1 (Apis_mel)
  0  0.0000 409795.177350  x:  0.48441   4.55825   0.10376  
  1 99.0000 409580.475550  x:  0.51951   4.55717   0.12639  
  2 10951.3250 409328.140287  x:  0.59168   4.55433   0.09918  
  3 10108.7270 409257.524222  x:  0.58479   3.85024   0.09814  
  4 183.3782 409255.741924  x:  0.58701   3.85413   0.10019  
  5  0.0058 409255.659333  x:  0.58866   3.85739   0.09986  
  6  0.0033 409255.659195  x:  0.58865   3.85649   0.09985  
  7  0.0012 409255.659194  x:  0.58865   3.85649   0.09985  

5 (Bom_mus) ... 2 (Bom_con)
  0  0.0000 346477.708833  x:  0.09589   3.37551   0.16971  
  1 99.0000 346276.644205  x:  0.12086   3.37582   0.16551  
  2 17287.6737 346208.841671  x:  0.12116   3.37861   0.12560  
  3 3093.1509 346085.585897  x:  0.12098   5.10044   0.14211  
  4 181.4272 346083.219467  x:  0.12118   5.12511   0.13508  
  5  0.0295 346083.180892  x:  0.12127   5.16306   0.13505  
  6  0.0194 346083.179861  x:  0.12125   5.16449   0.13519  
  7  0.0014 346083.179841  x:  0.12124   5.16464   0.13518  
  8  0.0001 346083.179841  x:  0.12124   5.16464   0.13518  

5 (Bom_mus) ... 3 (Bom_hor)
  0  0.0000 333963.650819  x:  0.05810   4.19602   0.17575  
  1 99.0000 333855.213830  x:  0.07202   4.19606   0.17446  
  2 16781.0497 333818.885323  x:  0.07223   4.19723   0.13478  
  3 1651.1092 333805.884885  x:  0.07217   5.00542   0.14090  
  4 35.8078 333805.779320  x:  0.07222   5.00823   0.13895  
  5  0.0044 333805.779052  x:  0.07223   5.01064   0.13894  
  6  0.0019 333805.779051  x:  0.07223   5.01075   0.13895  
  7  0.0001 333805.779051  x:  0.07223   5.01078   0.13895  
  8  0.0000 333805.779050  x:  0.07223   5.01077   0.13895  

5 (Bom_mus) ... 4 (Bom_hyp)
  0  0.0000 333167.509141  x:  0.07093   4.05741   0.22829  
  1 99.0000 333141.334590  x:  0.06442   4.05788   0.21303  
  2 3050.3584 332996.659509  x:  0.06723   4.06050   0.12825  
  3 15462.1856 332963.709878  x:  0.06759   5.38235   0.14113  
  4 58.6947 332958.688845  x:  0.07029   5.39743   0.13371  
  5  0.0187 332958.502244  x:  0.07059   5.38865   0.13586  
  6  0.0133 332958.501879  x:  0.07061   5.38713   0.13578  
  7  0.0014 332958.501869  x:  0.07061   5.38631   0.13578  
  8  0.0005 332958.501869  x:  0.07061   5.38631   0.13578  
  9  0.0000 332958.501869  x:  0.07061   5.38631   0.13578  
 10  0.0308 332958.501869  x:  0.07061   5.38631   0.13578  
 11 974.6180 332958.501869  x:  0.07061   5.38631   0.13578  
check convergence!


6 (Bom_pas) ... 1 (Apis_mel)
  0  0.0000 409653.761210  x:  0.55162   4.30079   0.13352  
  1 99.0000 409478.461411  x:  0.55435   4.30052   0.10702  
  2 11120.2602 409425.032186  x:  0.59679   4.29796   0.10136  
  3 2740.5032 409397.597171  x:  0.59133   3.88093   0.10043  
  4 122.2042 409397.513711  x:  0.59050   3.87313   0.10006  
  5  0.0105 409397.509485  x:  0.59018   3.87118   0.10015  
  6  0.0023 409397.509427  x:  0.59017   3.87168   0.10015  
  7  0.0006 409397.509427  x:  0.59017   3.87168   0.10015  
  8  0.0000 409397.509427  x:  0.59017   3.87168   0.10015  

6 (Bom_pas) ... 2 (Bom_con)
  0  0.0000 346592.566363  x:  0.10163   3.42499   0.10425  
  1 99.0000 346438.939803  x:  0.12379   3.42524   0.11056  
  2 14294.8262 346416.652401  x:  0.12175   3.42654   0.12991  
  3 2534.8192 346291.807941  x:  0.12150   5.22410   0.14063  
  4 178.9812 346291.712643  x:  0.12194   5.22449   0.13956  
  5  0.0010 346291.711354  x:  0.12190   5.22669   0.13945  
  6  0.0015 346291.711314  x:  0.12190   5.22790   0.13947  
  7  0.0006 346291.711314  x:  0.12190   5.22792   0.13946  
  8  0.0000 346291.711314  x:  0.12190   5.22792   0.13946  
  9  0.0000 346291.711314  x:  0.12190   5.22793   0.13946  

6 (Bom_pas) ... 3 (Bom_hor)
  0  0.0000 334111.147986  x:  0.06193   4.35640   0.16511  
  1 99.0000 334046.536264  x:  0.07294   4.35644   0.16422  
  2 12421.3560 334032.525180  x:  0.07308   4.35739   0.14007  
  3 1087.1237 334018.917223  x:  0.07303   5.22314   0.14592  
  4 35.1537 334018.857699  x:  0.07306   5.22308   0.14440  
  5  0.0017 334018.857668  x:  0.07307   5.22374   0.14440  
  6  0.0005 334018.857667  x:  0.07307   5.22386   0.14440  
  7  0.0001 334018.857667  x:  0.07307   5.22382   0.14440  
  8  0.0000 334018.857667  x:  0.07307   5.22382   0.14440  
  9  0.0000 334018.857667  x:  0.07307   5.22382   0.14440  
 10  0.0228 334018.857667  x:  0.07307   5.22382   0.14440  
check convergence!


6 (Bom_pas) ... 4 (Bom_hyp)
  0  0.0000 333466.597409  x:  0.05922   4.18090   0.18886  
  1 99.0000 333384.219761  x:  0.07139   4.18096   0.18736  
  2 14377.3619 333333.380465  x:  0.07162   4.18296   0.13836  
  3 1845.3108 333297.786475  x:  0.07152   5.61203   0.14999  
  4 59.1019 333297.234576  x:  0.07158   5.62955   0.14536  
  5  0.0232 333297.230307  x:  0.07160   5.64805   0.14541  
  6  0.0111 333297.230283  x:  0.07160   5.64820   0.14544  
  7  0.0001 333297.230283  x:  0.07160   5.64820   0.14544  
check convergence!


6 (Bom_pas) ... 5 (Bom_mus)
  0  0.0000 317754.604147  x:  0.02151   4.68068   0.11237  
  1 99.0000 317749.432506  x:  0.02330   4.68068   0.11258  
  2 5967.2182 317740.679731  x:  0.02321   4.68090   0.14120  
  3 685.2036 317737.980758  x:  0.02317   5.40231   0.14423  
  4  8.1912 317737.979478  x:  0.02316   5.40018   0.14456  
  5  0.0016 317737.979463  x:  0.02316   5.39998   0.14458  
  6  0.0002 317737.979463  x:  0.02316   5.40018   0.14458  
  7  0.0005 317737.979461  x:  0.02316   5.40020   0.14458  
  8  0.0000 317737.979461  x:  0.02316   5.40020   0.14458  
check convergence!


7 (Bom_syl) ... 1 (Apis_mel)
  0  0.0000 410621.157608  x:  0.50912   4.30559   0.19294  
  1 99.0000 409594.468433  x:  0.51906   4.30529   0.10946  
  2 18813.5031 409418.104785  x:  0.59279   4.30274   0.09801  
  3 5460.3204 409393.547151  x:  0.58786   3.89784   0.09644  
  4 114.7737 409386.895401  x:  0.58862   3.87184   0.10103  
  5  0.0682 409386.852027  x:  0.58807   3.88135   0.10091  
  6  0.0094 409386.851348  x:  0.58796   3.87977   0.10091  
  7  0.0017 409386.851342  x:  0.58795   3.87980   0.10091  

7 (Bom_syl) ... 2 (Bom_con)
  0  0.0000 346573.337895  x:  0.11224   3.56937   0.14948  
  1 99.0000 346542.155940  x:  0.12268   3.56968   0.14643  
  2 5918.7852 346526.527385  x:  0.12253   3.57155   0.12859  
  3 1745.3435 346423.275521  x:  0.12243   5.23018   0.14164  
  4 156.6883 346422.314976  x:  0.12251   5.24021   0.13709  
  5  0.0109 346422.306983  x:  0.12253   5.25838   0.13711  
  6  0.0095 346422.306915  x:  0.12252   5.25858   0.13714  
  7  0.0002 346422.306915  x:  0.12252   5.25858   0.13714  
  8  0.0000 346422.306915  x:  0.12252   5.25858   0.13714  
  9  0.0000 346422.306915  x:  0.12252   5.25858   0.13714  
check convergence!


7 (Bom_syl) ... 3 (Bom_hor)
  0  0.0000 334053.520922  x:  0.06809   4.40217   0.14880  
  1 99.0000 334038.939327  x:  0.07357   4.40222   0.14794  
  2 5469.6094 334031.334002  x:  0.07363   4.40308   0.13188  
  3 893.3773 334011.539904  x:  0.07356   5.49404   0.13842  
  4 41.7237 334011.415365  x:  0.07352   5.49238   0.13633  
  5  0.0029 334011.415310  x:  0.07351   5.49346   0.13633  
  6  0.0009 334011.415309  x:  0.07351   5.49378   0.13633  
  7  0.0002 334011.415309  x:  0.07351   5.49370   0.13633  
  8  0.0001 334011.415309  x:  0.07351   5.49370   0.13633  

7 (Bom_syl) ... 4 (Bom_hyp)
  0  0.0000 333422.416695  x:  0.05945   4.53379   0.24099  
  1 99.0000 333345.334080  x:  0.07122   4.53385   0.23851  
  2 13683.1585 333145.654077  x:  0.07160   4.53646   0.13125  
  3 3004.0369 333122.673485  x:  0.07153   5.74277   0.14235  
  4 43.4761 333121.536039  x:  0.07155   5.79069   0.13611  
  5  0.0908 333121.524030  x:  0.07152   5.82336   0.13629  
  6  0.0212 333121.524009  x:  0.07153   5.82321   0.13630  
  7  0.0001 333121.524009  x:  0.07153   5.82330   0.13630  
  8  0.0001 333121.524009  x:  0.07153   5.82329   0.13630  
  9  0.0000 333121.524009  x:  0.07153   5.82329   0.13630  
check convergence!


7 (Bom_syl) ... 5 (Bom_mus)
  0  0.0000 332621.960344  x:  0.05684   4.82128   0.13071  
  1 99.0000 332544.434727  x:  0.06845   4.82129   0.13152  
  2 14257.2092 332538.742719  x:  0.06826   4.82145   0.14627  
  3 811.8450 332536.435739  x:  0.06824   5.21781   0.14808  
  4 12.4559 332536.433529  x:  0.06819   5.20927   0.14813  
  5  0.0073 332536.433529  x:  0.06819   5.20941   0.14813  
  6  0.0001 332536.433529  x:  0.06819   5.20940   0.14813  

7 (Bom_syl) ... 6 (Bom_pas)
  0  0.0000 332709.064225  x:  0.06932   4.15206   0.13396  
  1 99.0000 332707.076039  x:  0.06747   4.15221   0.13701  
  2 1104.6566 332700.944488  x:  0.06874   4.15296   0.15124  
  3 2550.8260 332672.656973  x:  0.06870   5.42913   0.15861  
  4 52.1915 332672.633171  x:  0.06849   5.42830   0.15861  
  5  0.0008 332672.633167  x:  0.06849   5.42777   0.15861  
  6  0.0003 332672.633167  x:  0.06849   5.42777   0.15861  
check convergence!


8 (Bom_vet) ... 1 (Apis_mel)
  0  0.0000 409973.828461  x:  0.52512   4.58818   0.15282  
  1 99.0000 409588.197784  x:  0.53377   4.58759   0.10749  
  2 14181.7206 409452.685460  x:  0.60071   4.58393   0.09960  
  3 4701.7665 409381.145247  x:  0.59228   3.86996   0.09781  
  4 183.6183 409379.834034  x:  0.59107   3.86450   0.09993  
  5  0.0112 409379.788276  x:  0.58991   3.86804   0.10001  
  6  0.0035 409379.788034  x:  0.58987   3.86688   0.10001  
  7  0.0015 409379.788034  x:  0.58987   3.86688   0.10001  

8 (Bom_vet) ... 2 (Bom_con)
  0  0.0000 346250.459311  x:  0.09384   3.50870   0.12460  
  1 99.0000 346019.357185  x:  0.12043   3.50893   0.12565  
  2 19034.7759 346018.829976  x:  0.12033   3.51211   0.12888  
  3 236.8161 345901.096564  x:  0.12031   5.31862   0.13823  
  4 331.8329 345900.972014  x:  0.12044   5.31612   0.13659  
  5  0.0026 345900.971857  x:  0.12045   5.31776   0.13656  
  6  0.0011 345900.971839  x:  0.12045   5.31844   0.13658  
  7  0.0005 345900.971838  x:  0.12045   5.31846   0.13658  
  8  0.0000 345900.971838  x:  0.12045   5.31846   0.13658  

8 (Bom_vet) ... 3 (Bom_hor)
  0  0.0000 333658.002758  x:  0.05996   4.32981   0.13691  
  1 99.0000 333584.974626  x:  0.07150   4.32984   0.13701  
  2 13481.2896 333584.911548  x:  0.07152   4.33223   0.13555  
  3 44.3292 333569.060327  x:  0.07144   5.27763   0.14233  
  4 135.3774 333569.030488  x:  0.07144   5.27927   0.14128  
  5  0.0018 333569.030439  x:  0.07144   5.28104   0.14127  
  6  0.0013 333569.030438  x:  0.07144   5.28112   0.14128  
  7  0.0001 333569.030438  x:  0.07144   5.28109   0.14128  

8 (Bom_vet) ... 4 (Bom_hyp)
  0  0.0000 332951.022815  x:  0.06088   4.43889   0.17204  
  1 99.0000 332904.974804  x:  0.07004   4.43894   0.17076  
  2 10469.2933 332874.709982  x:  0.07020   4.44028   0.13446  
  3 1533.5109 332849.610691  x:  0.07011   5.72131   0.14315  
  4 45.5090 332849.376255  x:  0.07014   5.73047   0.14019  
  5  0.0117 332849.375298  x:  0.07015   5.73956   0.14020  
  6  0.0059 332849.375291  x:  0.07015   5.73967   0.14021  
  7  0.0001 332849.375291  x:  0.07015   5.73970   0.14021  
  8  0.0001 332849.375291  x:  0.07015   5.73970   0.14021  
  9  0.0000 332849.375291  x:  0.07015   5.73970   0.14021  
 10  0.1429 332849.375291  x:  0.07015   5.73970   0.14021  
 11  0.0152 332849.375291  x:  0.07015   5.73970   0.14021  
 12  0.1091 332849.375291  x:  0.07015   5.73970   0.14021  
 13 209.8748 332849.375291  x:  0.07015   5.73970   0.14021  
 14  0.1092 332849.375291  x:  0.07015   5.73970   0.14021  
check convergence!


8 (Bom_vet) ... 5 (Bom_mus)
  0  0.0000 317149.925351  x:  0.01848   4.77365   0.15049  
  1 99.0000 317131.995821  x:  0.02157   4.77366   0.15040  
  2 12266.2141 317126.999908  x:  0.02160   4.77411   0.12618  
  3 381.7799 317125.862904  x:  0.02158   5.26847   0.12889  
  4  4.9903 317125.858188  x:  0.02158   5.26152   0.12817  
  5  0.0083 317125.858152  x:  0.02158   5.25873   0.12817  
  6  0.0024 317125.858152  x:  0.02158   5.25871   0.12817  
  7  0.0000 317125.858152  x:  0.02158   5.25871   0.12817  
check convergence!


8 (Bom_vet) ... 6 (Bom_pas)
  0  0.0000 317592.480241  x:  0.01853   4.45802   0.23564  
  1 99.0000 317561.614409  x:  0.02260   4.45802   0.23542  
  2 16231.5133 317503.685335  x:  0.02268   4.46133   0.13450  
  3 901.3385 317488.012337  x:  0.02263   6.30988   0.15225  
  4 20.8127 317487.118775  x:  0.02265   6.38161   0.14207  
  5  0.1200 317487.103794  x:  0.02266   6.45635   0.14234  
  6  0.0386 317487.103763  x:  0.02265   6.45489   0.14239  
  7  0.0014 317487.103756  x:  0.02265   6.45344   0.14238  
  8  0.0011 317487.103747  x:  0.02265   6.45489   0.14238  
  9  0.0013 317487.103746  x:  0.02265   6.45489   0.14238  
 10  0.0014 317487.103743  x:  0.02265   6.45490   0.14238  

8 (Bom_vet) ... 7 (Bom_syl)
  0  0.0000 332158.584690  x:  0.05715   5.15249   0.11328  
  1 99.0000 332098.498028  x:  0.06737   5.15249   0.11540  
  2 12213.1482 332064.906125  x:  0.06649   5.15252   0.15005  
  3 2247.9325 332063.201834  x:  0.06647   5.52257   0.15139  
  4  9.7495 332063.197763  x:  0.06652   5.51645   0.15164  
  5  0.0048 332063.197711  x:  0.06652   5.51732   0.15168  
  6  0.0007 332063.197711  x:  0.06652   5.51732   0.15168  
check convergence!
