Supplemental results for CODEML (seqf: /home/yzliu/eDNA/faststorage/yzliu/DK_proj/data/ref_genome/ref_annotation/primary_transcripts/extracted_cds_new/new_transcript_id_7_and_pas/bootstraps/cat.out.OG_cds_7_species_same_header_fas.shuf_537OG_605.phy  treef: xxx.trees)


pairwise comparison (Goldman & Yang 1994)
seq seq        N       S       dN       dS     dN/dS   Paras.
  2   1 488237.2 194199.8   0.0098   0.1658   0.0593   0.1627   3.8414   0.0593 -1053650.754
  3   1 488294.2 194142.8   0.0097   0.1570   0.0619   0.1549   3.7063   0.0619 -1050497.231
  3   2 487251.3 195185.7   0.0098   0.1516   0.0645   0.1510   4.0596   0.0645 -1047688.634
  4   1 488444.8 193992.2   0.0076   0.1185   0.0638   0.1172   3.6767   0.0638 -1028568.202
  4   2 487101.3 195335.7   0.0096   0.1568   0.0613   0.1552   4.0715   0.0613 -1049389.015
  4   3 486629.9 195807.1   0.0098   0.1492   0.0656   0.1494   3.9911   0.0656 -1047500.865
  5   1 491515.5 190921.5   0.0055   0.0908   0.0605   0.0881   3.2408   0.0605 -1009194.704
  5   2 487788.3 194648.7   0.0096   0.1637   0.0589   0.1607   3.8814   0.0589 -1052471.522
  5   3 488189.1 194247.9   0.0097   0.1540   0.0629   0.1523   3.7002   0.0629 -1049376.242
  5   4 488557.0 193880.0   0.0072   0.1138   0.0635   0.1125   3.6415   0.0635 -1025656.378
  6   1 492910.3 189526.7   0.0069   0.1153   0.0600   0.1110   3.0845   0.0600 -1025079.632
  6   2 489258.6 193178.4   0.0091   0.1574   0.0580   0.1533   3.6747   0.0580 -1048660.949
  6   3 489297.0 193140.0   0.0094   0.1495   0.0629   0.1472   3.5529   0.0629 -1046841.507
  6   4 490320.9 192116.1   0.0071   0.1123   0.0629   0.1100   3.4143   0.0629 -1024270.234
  6   5 493340.0 189097.0   0.0068   0.1118   0.0605   0.1076   3.0236   0.0605 -1023157.064
  7   1 488148.7 194288.3   0.0630   1.1625   0.0542   1.1281   4.1592   0.0542 -1271901.614
  7   2 484566.1 197870.9   0.0642   1.2263   0.0524   1.2035   4.4640   0.0524 -1276194.486
  7   3 486780.2 195656.8   0.0638   1.1638   0.0548   1.1375   4.2869   0.0548 -1273160.933
  7   4 486668.7 195768.3   0.0632   1.1755   0.0538   1.1469   4.3129   0.0538 -1272547.924
  7   5 488316.4 194120.6   0.0630   1.1524   0.0546   1.1186   4.1617   0.0546 -1271304.085
  7   6 488308.4 194128.6   0.0628   1.1595   0.0541   1.1243   4.1479   0.0541 -1271423.969

