

2 (And_ful) ... 1 (And_bic)
  0  0.0000 1043460.087175  x:  0.15992   1.40215   0.51402  
  1 99.0000 1028515.587895  x:  0.11289   1.50720   0.06076  
  2 31718.3765 1028195.398559  x:  0.11720   1.51148   0.04278  
  3 285773.6481 1024195.849248  x:  0.16915   3.15871   0.07439  
  4 6740.2735 1024073.939475  x:  0.16568   3.38939   0.06128  
  5  0.1207 1024061.788556  x:  0.17003   3.49318   0.06094  
  6  0.0528 1024059.369111  x:  0.16925   3.57581   0.06238  
  7  0.0346 1024059.291009  x:  0.16919   3.58499   0.06209  
  8  0.0097 1024059.290848  x:  0.16920   3.58544   0.06209  
  9  0.0004 1024059.290848  x:  0.16920   3.58546   0.06209  
 10  0.0000 1024059.290848  x:  0.16920   3.58545   0.06209  

3 (And_hae) ... 1 (And_bic)
  0  0.0000 1021010.937989  x:  0.13996   3.18251   0.08281  
  1 99.0000 1020645.218416  x:  0.16360   3.18271   0.07036  
  2 28735.8507 1020612.853248  x:  0.16188   3.18291   0.06247  
  3 8251.7636 1020591.259108  x:  0.16180   3.48808   0.06396  
  4 149.2177 1020590.743478  x:  0.16083   3.48670   0.06399  
  5  0.0015 1020590.743045  x:  0.16083   3.48647   0.06402  
  6  0.0003 1020590.743045  x:  0.16083   3.48640   0.06402  
  7  0.0001 1020590.743044  x:  0.16083   3.48640   0.06402  
  8  0.0000 1020590.743044  x:  0.16083   3.48640   0.06402  

3 (And_hae) ... 2 (And_ful)
  0  0.0000 1017157.561190  x:  0.16856   3.07906   0.09676  
  1 99.0000 1016697.923047  x:  0.14773   3.07969   0.07251  
  2 26824.3346 1016645.591347  x:  0.15285   3.08019   0.06316  
  3 10798.4472 1016498.843386  x:  0.15385   3.93020   0.06812  
  4 397.0809 1016498.268484  x:  0.15469   3.93006   0.06744  
  5  0.0011 1016498.267106  x:  0.15467   3.93077   0.06740  
  6  0.0008 1016498.267067  x:  0.15467   3.93126   0.06740  
  7  0.0003 1016498.267067  x:  0.15467   3.93126   0.06740  
  8  0.0000 1016498.267067  x:  0.15467   3.93126   0.06740  

4 (And_hat) ... 1 (And_bic)
  0  0.0000 1001586.556883  x:  0.09864   3.45712   0.18645  
  1 99.0000 1000852.687142  x:  0.12827   3.45731   0.16980  
  2 47631.8486 999105.305581  x:  0.12881   3.45844   0.06636  
  3 31168.1320 999104.806305  x:  0.12869   3.51156   0.06691  
  4  2.7139 999077.242924  x:  0.12286   3.48763   0.06491  
  5  0.1412 999076.367633  x:  0.12255   3.46522   0.06627  
  6  0.0643 999076.366062  x:  0.12254   3.46319   0.06621  
  7  0.0020 999076.366061  x:  0.12254   3.46323   0.06621  
  8  0.0000 999076.366061  x:  0.12254   3.46323   0.06621  
  9  0.0000 999076.366061  x:  0.12254   3.46323   0.06621  

4 (And_hat) ... 2 (And_ful)
  0  0.0000 1021634.755525  x:  0.13347   3.25567   0.16565  
  1 99.0000 1020224.955433  x:  0.18463   3.25676   0.11504  
  2 43811.2457 1019186.391038  x:  0.18166   3.25791   0.05932  
  3 52158.3412 1019041.898219  x:  0.18017   4.14250   0.06618  
  4 374.1326 1018846.344206  x:  0.16115   4.10103   0.06238  
  5  0.0409 1018842.455082  x:  0.16035   4.05880   0.06502  
  6  0.0713 1018842.319629  x:  0.16052   4.03293   0.06474  
  7  0.0199 1018842.318576  x:  0.16048   4.03171   0.06473  
  8  0.0013 1018842.318574  x:  0.16048   4.03166   0.06474  
  9  0.0000 1018842.318574  x:  0.16048   4.03166   0.06474  

4 (And_hat) ... 3 (And_hae)
  0  0.0000 1019414.306405  x:  0.15689   3.44465   0.19525  
  1 99.0000 1017228.514183  x:  0.12281   3.44659   0.09052  
  2 32312.6243 1016701.249270  x:  0.13231   3.44720   0.05754  
  3 85117.0028 1016567.693134  x:  0.13550   4.37865   0.06397  
  4 325.0260 1016313.707247  x:  0.15343   3.95567   0.06986  
  5  0.5442 1016306.751030  x:  0.15436   3.98555   0.06609  
  6  0.0324 1016306.713813  x:  0.15443   3.97106   0.06596  
  7  0.0141 1016306.713707  x:  0.15442   3.97065   0.06597  
  8  0.0004 1016306.713706  x:  0.15442   3.97066   0.06596  

5 (And_mar) ... 1 (And_bic)
  0  0.0000 980897.009312  x:  0.09461   3.33508   0.17708  
  1 99.0000 980543.663195  x:  0.07878   3.33527   0.14983  
  2 21017.4846 979523.558576  x:  0.08196   3.33582   0.06582  
  3 62098.6274 979516.420880  x:  0.08184   3.12809   0.06372  
  4 62.1291 979410.612031  x:  0.09110   3.01228   0.06681  
  5  0.1289 979408.346007  x:  0.09144   3.05072   0.06440  
  6  0.0979 979408.341475  x:  0.09148   3.05466   0.06446  
  7  0.0043 979408.341404  x:  0.09148   3.05438   0.06446  
  8  0.0003 979408.341404  x:  0.09148   3.05437   0.06446  
  9  0.0000 979408.341404  x:  0.09148   3.05438   0.06446  
 10  0.0000 979408.341404  x:  0.09148   3.05438   0.06446  
 11  0.0000 979408.341404  x:  0.09148   3.05438   0.06446  
 12  0.0000 979408.341404  x:  0.09148   3.05438   0.06446  
check convergence!


5 (And_mar) ... 2 (And_ful)
  0  0.0000 1023023.453550  x:  0.16616   2.84383   0.07991  
  1 99.0000 1022861.934423  x:  0.16347   2.84451   0.06143  
  2 15672.3592 1022859.453124  x:  0.16557   2.84499   0.06082  
  3 2277.1071 1022694.689388  x:  0.16582   3.64330   0.06583  
  4 496.6122 1022693.395614  x:  0.16566   3.64871   0.06428  
  5  0.0067 1022693.387592  x:  0.16576   3.65224   0.06426  
  6  0.0030 1022693.387282  x:  0.16575   3.65329   0.06427  
  7  0.0008 1022693.387282  x:  0.16575   3.65329   0.06427  
  8  0.0000 1022693.387282  x:  0.16575   3.65329   0.06427  
  9  0.0000 1022693.387282  x:  0.16575   3.65329   0.06427  

5 (And_mar) ... 3 (And_hae)
  0  0.0000 1020398.226200  x:  0.13104   3.19313   0.14807  
  1 99.0000 1019342.201804  x:  0.17327   3.19372   0.10965  
  2 40599.6801 1018626.238270  x:  0.16975   3.19440   0.06310  
  3 40188.4608 1018595.613844  x:  0.16924   3.56573   0.06595  
  4 174.1019 1018498.347690  x:  0.15581   3.51790   0.06660  
  5  0.0442 1018498.314578  x:  0.15581   3.50893   0.06676  
  6  0.0115 1018498.310943  x:  0.15581   3.50589   0.06668  
  7  0.0035 1018498.310942  x:  0.15581   3.50589   0.06668  

5 (And_mar) ... 4 (And_hat)
  0  0.0000 997832.167676  x:  0.09782   3.32348   0.17332  
  1 99.0000 997289.197663  x:  0.12309   3.32371   0.15678  
  2 39186.4472 995985.617949  x:  0.12296   3.32483   0.06871  
  3 30518.2556 995982.716784  x:  0.12288   3.45171   0.07005  
  4 45.7483 995954.250342  x:  0.11744   3.47998   0.06678  
  5  0.0277 995951.843413  x:  0.11663   3.45296   0.06911  
  6  0.0626 995951.840801  x:  0.11666   3.45113   0.06903  
  7  0.0017 995951.840799  x:  0.11665   3.45107   0.06903  
  8  0.0001 995951.840799  x:  0.11665   3.45106   0.06903  
  9  0.0000 995951.840799  x:  0.11665   3.45107   0.06903  

6 (And_tri) ... 1 (And_bic)
  0  0.0000 999205.383769  x:  0.12247   3.00035   0.18625  
  1 99.0000 998243.607157  x:  0.09506   3.00106   0.12970  
  2 27765.4496 997124.964810  x:  0.09996   3.00188   0.05945  
  3 97184.9373 997121.426882  x:  0.10025   3.12725   0.06073  
  4 41.1899 996825.182232  x:  0.11780   2.83650   0.06318  
  5  0.4213 996820.142575  x:  0.11828   2.89884   0.06042  
  6  0.1375 996820.080341  x:  0.11831   2.91381   0.06062  
  7  0.0171 996820.080002  x:  0.11831   2.91406   0.06059  
  8  0.0003 996820.080001  x:  0.11831   2.91405   0.06059  
  9  0.0000 996820.080001  x:  0.11831   2.91405   0.06059  

6 (And_tri) ... 2 (And_ful)
  0  0.0000 1020667.709533  x:  0.16810   2.91577   0.13017  
  1 99.0000 1019396.107565  x:  0.14146   2.91699   0.07201  
  2 33969.2416 1019189.703322  x:  0.15120   2.91746   0.05503  
  3 29843.9223 1019072.471984  x:  0.15324   3.60476   0.05998  
  4 384.2496 1019045.418074  x:  0.15918   3.53485   0.06268  
  5  0.0973 1019044.758832  x:  0.15963   3.52703   0.06160  
  6  0.0077 1019044.756086  x:  0.15962   3.52338   0.06159  
  7  0.0028 1019044.756082  x:  0.15962   3.52339   0.06159  
  8  0.0000 1019044.756082  x:  0.15962   3.52339   0.06159  
  9  0.0000 1019044.756082  x:  0.15962   3.52339   0.06159  
 10  0.0467 1019044.756082  x:  0.15962   3.52339   0.06159  
 11  0.0036 1019044.756082  x:  0.15962   3.52339   0.06159  
check convergence!


6 (And_tri) ... 3 (And_hae)
  0  0.0000 1016537.772835  x:  0.13705   3.20139   0.07658  
  1 99.0000 1016318.970894  x:  0.15494   3.20155   0.06745  
  2 22628.4578 1016301.948688  x:  0.15368   3.20172   0.06183  
  3 5972.5105 1016283.054876  x:  0.15363   3.49559   0.06319  
  4 135.6647 1016282.883103  x:  0.15312   3.49439   0.06303  
  5  0.0012 1016282.882600  x:  0.15311   3.49427   0.06306  
  6  0.0001 1016282.882599  x:  0.15311   3.49422   0.06306  
  7  0.0000 1016282.882599  x:  0.15311   3.49423   0.06306  
  8  0.0000 1016282.882599  x:  0.15311   3.49423   0.06306  
  9  0.0000 1016282.882599  x:  0.15311   3.49423   0.06306  
 10  0.0129 1016282.882599  x:  0.15311   3.49423   0.06306  
 11  0.0264 1016282.882599  x:  0.15311   3.49423   0.06306  
 12  0.0130 1016282.882599  x:  0.15311   3.49423   0.06306  
 13  0.0036 1016282.882599  x:  0.15311   3.49423   0.06306  
check convergence!


6 (And_tri) ... 4 (And_hat)
  0  0.0000 995416.494404  x:  0.09913   3.23997   0.06828  
  1 99.0000 995152.795948  x:  0.11621   3.24001   0.06736  
  2 32688.0763 995149.419320  x:  0.11625   3.24011   0.06443  
  3 2148.1838 995144.320434  x:  0.11623   3.41256   0.06522  
  4 61.8122 995144.298644  x:  0.11624   3.41057   0.06497  
  5  0.0021 995144.298636  x:  0.11624   3.41038   0.06497  
  6  0.0002 995144.298636  x:  0.11624   3.41039   0.06497  

6 (And_tri) ... 5 (And_mar)
  0  0.0000 994663.650198  x:  0.10255   3.04495   0.08253  
  1 99.0000 994522.683167  x:  0.11506   3.04495   0.07682  
  2 21341.0635 994475.139755  x:  0.11409   3.04492   0.06469  
  3 8269.4514 994471.287671  x:  0.11413   2.91535   0.06395  
  4 57.5822 994470.995296  x:  0.11355   2.91358   0.06420  
  5  0.0018 994470.994271  x:  0.11354   2.91388   0.06416  
  6  0.0004 994470.994271  x:  0.11354   2.91391   0.06416  

7 (Bom_pas) ... 1 (And_bic)
  0  0.0000 1256526.121638  x:  1.02194   2.72378   0.17131  
  1 99.0000 1242527.990776  x:  1.00795   2.72674   0.06049  
  2 162341.3233 1242411.497193  x:  1.04900   2.74744   0.05448  
  3 4799.5964 1241111.655275  x:  1.12305   4.06807   0.06092  
  4 3140.0949 1241062.338564  x:  1.17433   4.06422   0.05757  
  5  0.0402 1241059.182564  x:  1.17336   4.09098   0.05680  
  6  0.0356 1241058.745771  x:  1.17436   4.11977   0.05695  
  7  0.0181 1241058.736902  x:  1.17512   4.12074   0.05690  
  8  0.0011 1241058.736900  x:  1.17512   4.12075   0.05691  

7 (Bom_pas) ... 2 (And_ful)
  0  0.0000 1260581.286371  x:  1.21150   3.61299   0.16278  
  1 99.0000 1244999.312028  x:  1.19653   3.61444   0.05531  
  2 183362.9943 1244920.290799  x:  1.17204   3.79909   0.06031  
  3 886.3991 1244675.106997  x:  1.25468   4.40391   0.05408  
  4 11993.4875 1244672.258915  x:  1.25312   4.44091   0.05496  
  5  0.0386 1244672.131845  x:  1.25205   4.45154   0.05492  
  6  0.0114 1244672.126317  x:  1.25270   4.45417   0.05490  
  7  0.0025 1244672.126317  x:  1.25270   4.45417   0.05490  

7 (Bom_pas) ... 3 (And_hae)
  0  0.0000 1247531.421895  x:  1.08057   3.87028   0.12428  
  1 99.0000 1241367.446649  x:  1.07528   3.87071   0.06153  
  2 145784.5693 1241289.122074  x:  1.12303   3.87365   0.05646  
  3 3231.2063 1241223.450996  x:  1.14286   4.25344   0.05648  
  4 368.1800 1241180.161978  x:  1.17095   4.25794   0.05818  
  5  0.0502 1241179.004477  x:  1.17788   4.26063   0.05753  
  6  0.0063 1241179.001291  x:  1.17813   4.26321   0.05753  
  7  0.0023 1241179.001288  x:  1.17813   4.26324   0.05753  

7 (Bom_pas) ... 4 (And_hat)
  0  0.0000 1255787.322585  x:  1.39788   3.62137   0.13033  
  1 99.0000 1241968.981508  x:  1.38679   3.62243   0.04734  
  2 217146.9617 1241610.995577  x:  1.25750   3.64974   0.06120  
  3 6092.0146 1241391.286979  x:  1.32001   4.33405   0.05932  
  4 712.9424 1240944.938082  x:  1.16566   4.24806   0.06010  
  5  0.2558 1240917.353535  x:  1.19296   4.30267   0.05675  
  6  0.0698 1240916.821725  x:  1.18864   4.29638   0.05665  
  7  0.0088 1240916.820185  x:  1.18843   4.29480   0.05667  
  8  0.0014 1240916.820134  x:  1.18845   4.29460   0.05667  
  9  0.0002 1240916.820134  x:  1.18845   4.29460   0.05667  

7 (Bom_pas) ... 5 (And_mar)
  0  0.0000 1240922.641616  x:  1.17304   3.57168   0.06389  
  1 99.0000 1240710.442399  x:  1.17235   3.57182   0.05583  
  2 49588.0251 1240658.609634  x:  1.12123   3.59368   0.05853  
  3 1811.9749 1240522.121794  x:  1.16355   4.10584   0.05798  
  4 634.6010 1240521.380725  x:  1.16088   4.10747   0.05769  
  5  0.0034 1240521.378745  x:  1.16063   4.10810   0.05771  
  6  0.0007 1240521.378742  x:  1.16064   4.10819   0.05771  

7 (Bom_pas) ... 6 (And_tri)
  0  0.0000 1242773.722059  x:  1.34741   3.73547   0.07221  
  1 99.0000 1240897.339837  x:  1.34521   3.73570   0.04891  
  2 136448.9739 1240310.530795  x:  1.14622   3.76887   0.06010  
  3 5321.5883 1240251.014851  x:  1.17936   4.11107   0.05944  
  4 364.8420 1240218.759542  x:  1.16250   4.13163   0.05747  
  5  0.0319 1240218.082687  x:  1.16789   4.13015   0.05700  
  6  0.0069 1240218.082424  x:  1.16795   4.13012   0.05701  
  7  0.0001 1240218.082424  x:  1.16795   4.13012   0.05701  