Supplemental results for CODEML (seqf: /home/yzliu/eDNA/faststorage/yzliu/DK_proj/data/ref_genome/ref_annotation/primary_transcripts/extracted_cds_new/new_transcript_id_8_bom_apis/bootstraps/cat.out.OG_cds_8_species_same_header_fas.shuf_211OG_631.phy  treef: xxx.trees)


pairwise comparison (Goldman & Yang 1994)
seq seq        N       S       dN       dS     dN/dS   Paras.
  2   1 165558.8  58466.2   0.0561   0.5632   0.0995   0.5652   3.8793   0.0995 -397012.796
  3   1 165516.7  58508.3   0.0570   0.5808   0.0982   0.5814   3.8775   0.0982 -398236.247
  3   2 162341.4  61683.6   0.0141   0.1110   0.1266   0.1222   4.7586   0.1266 -338013.768
  4   1 165789.9  58235.1   0.0552   0.5721   0.0965   0.5687   3.9040   0.0965 -396531.795
  4   2 162227.3  61797.7   0.0122   0.1019   0.1200   0.1109   5.0613   0.1200 -334926.707
  4   3 162468.7  61556.3   0.0085   0.0635   0.1331   0.0707   4.8460   0.1331 -325313.904
  5   1 165731.0  58294.0   0.0564   0.5781   0.0976   0.5766   3.9266   0.0976 -397401.970
  5   2 162076.3  61948.7   0.0137   0.1071   0.1280   0.1186   5.1701   0.1280 -336873.038
  5   3 162888.7  61136.3   0.0097   0.0658   0.1468   0.0750   4.5431   0.1468 -326776.334
  5   4 162158.9  61866.1   0.0085   0.0623   0.1372   0.0702   5.3156   0.1372 -324912.440
  6   1 165750.1  58274.9   0.0567   0.5772   0.0983   0.5763   3.9068   0.0983 -397554.180
  6   2 162147.7  61877.3   0.0140   0.1077   0.1296   0.1196   5.1016   0.1296 -337156.286
  6   3 162816.8  61208.2   0.0100   0.0658   0.1516   0.0757   4.5820   0.1516 -327045.674
  6   4 162060.8  61964.2   0.0089   0.0626   0.1422   0.0713   5.3864   0.1422 -325291.395
  6   5 161634.7  62390.3   0.0025   0.0204   0.1203   0.0224   5.7587   0.1203 -309902.137
  7   1 165754.6  58270.4   0.0573   0.5785   0.0991   0.5786   3.9478   0.0991 -397792.982
  7   2 162188.9  61836.1   0.0146   0.1099   0.1328   0.1227   5.1233   0.1328 -337971.281
  7   3 162440.7  61584.3   0.0098   0.0668   0.1462   0.0764   4.8962   0.1462 -327039.639
  7   4 161689.9  62335.1   0.0087   0.0638   0.1357   0.0720   5.7873   0.1357 -325257.929
  7   5 162093.6  61931.4   0.0090   0.0600   0.1500   0.0692   5.4066   0.1500 -324840.478
  7   6 162102.7  61922.3   0.0094   0.0599   0.1562   0.0700   5.3858   0.1562 -325170.154
  8   1 165672.7  58352.3   0.0567   0.5799   0.0978   0.5789   3.9332   0.0978 -397629.130
  8   2 161908.5  62116.5   0.0139   0.1070   0.1296   0.1191   5.2701   0.1296 -337002.598
  8   3 162648.0  61377.0   0.0099   0.0649   0.1525   0.0749   4.6775   0.1525 -326817.589
  8   4 161900.8  62124.2   0.0088   0.0619   0.1417   0.0705   5.4984   0.1417 -325066.482
  8   5 161381.4  62643.6   0.0024   0.0193   0.1230   0.0213   5.9743   0.1230 -309517.125
  8   6 161247.3  62777.7   0.0027   0.0205   0.1306   0.0230   6.0953   0.1306 -310162.378
  8   7 161905.1  62119.9   0.0092   0.0590   0.1558   0.0690   5.5313   0.1558 -324876.757

