

2 (Bom_con) ... 1 (Apis_mel)
  0  0.0000 407652.610553  x:  0.42696   1.62838   0.47830  
  1 99.0000 398743.850853  x:  0.50425   1.70227   0.09020  
  2 22307.0115 398621.721157  x:  0.55346   1.73803   0.09507  
  3 4286.7032 398097.933383  x:  0.49444   2.28669   0.13442  
  4 2766.9743 397239.614410  x:  0.56067   2.91266   0.08715  
  5  1.8728 397073.198838  x:  0.55959   3.43335   0.10784  
  6  0.3424 397013.731968  x:  0.56327   3.82488   0.09837  
  7  0.2394 397012.819833  x:  0.56491   3.87023   0.09972  
  8  0.0350 397012.795653  x:  0.56522   3.87934   0.09953  
  9  0.0081 397012.795649  x:  0.56523   3.87930   0.09953  
 10  0.0000 397012.795649  x:  0.56523   3.87930   0.09953  

3 (Bom_hor) ... 1 (Apis_mel)
  0  0.0000 398534.307339  x:  0.52366   3.44312   0.13061  
  1 99.0000 398341.670849  x:  0.52924   3.44363   0.10108  
  2 11395.1441 398270.341094  x:  0.57571   3.44560   0.09660  
  3 3459.2630 398236.287025  x:  0.58056   3.87785   0.09854  
  4 168.6358 398236.249895  x:  0.58116   3.87778   0.09817  
  5  0.0009 398236.247053  x:  0.58142   3.87752   0.09820  
  6  0.0004 398236.247053  x:  0.58142   3.87754   0.09820  
  7  0.0000 398236.247053  x:  0.58142   3.87754   0.09820  
  8  0.0000 398236.247053  x:  0.58142   3.87754   0.09820  
  9  0.0228 398236.247053  x:  0.58142   3.87754   0.09820  
 10  0.0084 398236.247053  x:  0.58142   3.87754   0.09820  
 11  0.0228 398236.247053  x:  0.58142   3.87754   0.09820  
 12  0.0029 398236.247053  x:  0.58142   3.87754   0.09820  
check convergence!


3 (Bom_hor) ... 2 (Bom_con)
  0  0.0000 338316.876882  x:  0.11957   3.46621   0.20243  
  1 99.0000 338083.173078  x:  0.12328   3.46938   0.12232  
  2 4535.4213 338082.694173  x:  0.12196   3.46964   0.12206  
  3 703.9217 338018.446397  x:  0.12161   4.67224   0.13597  
  4 131.3228 338013.819608  x:  0.12234   4.71744   0.12640  
  5  0.0751 338013.769011  x:  0.12220   4.75716   0.12651  
  6  0.0240 338013.767991  x:  0.12225   4.75851   0.12659  
  7  0.0013 338013.767989  x:  0.12225   4.75856   0.12658  
  8  0.0001 338013.767989  x:  0.12225   4.75857   0.12658  

4 (Bom_hyp) ... 1 (Apis_mel)
  0  0.0000 397065.162632  x:  0.55168   4.00099   0.15004  
  1 99.0000 396550.064374  x:  0.54680   4.00113   0.09953  
  2 16940.4527 396533.826038  x:  0.56909   4.00042   0.09540  
  3 1481.1741 396532.511296  x:  0.56790   3.90974   0.09512  
  4 27.8339 396531.795098  x:  0.56876   3.90459   0.09650  
  5  0.0098 396531.795020  x:  0.56872   3.90402   0.09650  
  6  0.0006 396531.795020  x:  0.56872   3.90404   0.09650  
  7  0.0000 396531.795020  x:  0.56872   3.90404   0.09650  

4 (Bom_hyp) ... 2 (Bom_con)
  0  0.0000 335138.246972  x:  0.10102   3.52691   0.16525  
  1 99.0000 335093.465781  x:  0.11316   3.52726   0.15783  
  2 6558.8908 335006.645809  x:  0.11226   3.52941   0.11245  
  3 4448.8039 334928.490868  x:  0.11191   5.01526   0.12527  
  4 128.6759 334926.740753  x:  0.11121   5.03689   0.11978  
  5  0.0276 334926.709163  x:  0.11091   5.05284   0.12002  
  6  0.0136 334926.707195  x:  0.11095   5.06132   0.12005  
  7  0.0051 334926.707195  x:  0.11095   5.06128   0.12005  
  8  0.0000 334926.707195  x:  0.11095   5.06129   0.12005  
  9  0.0000 334926.707195  x:  0.11095   5.06129   0.12005  

4 (Bom_hyp) ... 3 (Bom_hor)
  0  0.0000 325342.573972  x:  0.06593   4.10775   0.14542  
  1 99.0000 325331.039265  x:  0.07078   4.10779   0.14466  
  2 4870.9682 325324.804914  x:  0.07084   4.10852   0.12966  
  3 789.6202 325313.957595  x:  0.07078   4.84540   0.13444  
  4 32.5989 325313.904425  x:  0.07074   4.84520   0.13306  
  5  0.0015 325313.904382  x:  0.07074   4.84590   0.13305  
  6  0.0006 325313.904382  x:  0.07074   4.84601   0.13306  
  7  0.0001 325313.904382  x:  0.07074   4.84601   0.13306  
check convergence!


5 (Bom_mus) ... 1 (Apis_mel)
  0  0.0000 400001.158374  x:  0.43100   4.01997   0.24127  
  1 99.0000 397653.759216  x:  0.49371   4.02038   0.10176  
  2 21816.7824 397434.244684  x:  0.56064   4.01954   0.10875  
  3 7568.7140 397428.862005  x:  0.56013   3.84226   0.10736  
  4 56.4419 397402.338658  x:  0.57334   3.91287   0.09749  
  5  0.1782 397401.971882  x:  0.57643   3.92865   0.09772  
  6  0.0135 397401.969636  x:  0.57656   3.92680   0.09764  
  7  0.0020 397401.969629  x:  0.57656   3.92663   0.09764  
  8  0.0002 397401.969629  x:  0.57656   3.92663   0.09764  

5 (Bom_mus) ... 2 (Bom_con)
  0  0.0000 337007.640063  x:  0.11767   3.40183   0.13956  
  1 99.0000 336987.543838  x:  0.11906   3.40385   0.11920  
  2 1823.9547 336987.407206  x:  0.11836   3.40428   0.11905  
  3 338.1637 336874.231671  x:  0.11848   5.13246   0.13295  
  4 223.2487 336873.052140  x:  0.11869   5.14587   0.12797  
  5  0.0143 336873.038556  x:  0.11860   5.16750   0.12799  
  6  0.0119 336873.037781  x:  0.11864   5.17005   0.12805  
  7  0.0023 336873.037780  x:  0.11864   5.17008   0.12804  

5 (Bom_mus) ... 3 (Bom_hor)
  0  0.0000 326830.368952  x:  0.06486   4.21917   0.15320  
  1 99.0000 326780.262070  x:  0.07490   4.21919   0.15292  
  2 10505.8898 326778.711872  x:  0.07497   4.21957   0.14496  
  3 378.5966 326776.335296  x:  0.07495   4.54520   0.14710  
  4 15.3723 326776.333620  x:  0.07496   4.54333   0.14684  
  5  0.0020 326776.333617  x:  0.07496   4.54306   0.14684  
  6  0.0002 326776.333616  x:  0.07496   4.54306   0.14684  

5 (Bom_mus) ... 4 (Bom_hyp)
  0  0.0000 325056.335131  x:  0.06450   3.83764   0.19683  
  1 99.0000 325037.943517  x:  0.07060   3.83774   0.19439  
  2 5861.1594 324953.800480  x:  0.07065   3.84037   0.12987  
  3 2536.4779 324913.608687  x:  0.07048   5.26883   0.14360  
  4 67.9705 324912.453455  x:  0.07030   5.29309   0.13706  
  5  0.0352 324912.441178  x:  0.07017   5.30947   0.13716  
  6  0.0130 324912.440490  x:  0.07019   5.31555   0.13720  
  7  0.0040 324912.440490  x:  0.07019   5.31556   0.13720  
  8  0.0000 324912.440490  x:  0.07019   5.31555   0.13720  

6 (Bom_pas) ... 1 (Apis_mel)
  0  0.0000 400013.344635  x:  0.47509   4.34244   0.24915  
  1 99.0000 397815.295908  x:  0.49843   4.34234   0.10654  
  2 20899.6754 397583.758129  x:  0.58154   4.34003   0.09585  
  3 6505.8832 397561.795092  x:  0.57738   3.94860   0.09345  
  4 106.4907 397554.238703  x:  0.57727   3.89541   0.09808  
  5  0.2135 397554.182156  x:  0.57652   3.90930   0.09824  
  6  0.0137 397554.180098  x:  0.57629   3.90683   0.09825  
  7  0.0025 397554.180096  x:  0.57629   3.90681   0.09825  

6 (Bom_pas) ... 2 (Bom_con)
  0  0.0000 337460.295811  x:  0.09584   3.29222   0.12950  
  1 99.0000 337287.993089  x:  0.11926   3.29250   0.12868  
  2 15928.8974 337283.812492  x:  0.11943   3.29447   0.11978  
  3 883.3695 337157.209026  x:  0.11927   5.07199   0.13390  
  4 191.0060 337156.295479  x:  0.11954   5.08152   0.12949  
  5  0.0093 337156.285776  x:  0.11958   5.10123   0.12955  
  6  0.0095 337156.285686  x:  0.11956   5.10153   0.12958  
  7  0.0003 337156.285684  x:  0.11956   5.10157   0.12957  
  8  0.0000 337156.285684  x:  0.11956   5.10156   0.12957  

6 (Bom_pas) ... 3 (Bom_hor)
  0  0.0000 327175.611795  x:  0.06086   4.07757   0.17255  
  1 99.0000 327063.485727  x:  0.07555   4.07760   0.17180  
  2 16466.8114 327051.681144  x:  0.07570   4.07841   0.14856  
  3 952.9356 327045.693377  x:  0.07567   4.58093   0.15247  
  4 25.5377 327045.674467  x:  0.07572   4.58156   0.15160  
  5  0.0012 327045.674326  x:  0.07573   4.58200   0.15161  

6 (Bom_pas) ... 4 (Bom_hyp)
  0  0.0000 325359.169527  x:  0.07508   4.01741   0.16954  
  1 99.0000 325349.074343  x:  0.07047   4.01749   0.16778  
  2 3997.3143 325325.141947  x:  0.07122   4.01917   0.13528  
  3 1509.4869 325291.711445  x:  0.07116   5.37940   0.14581  
  4 58.8820 325291.395408  x:  0.07127   5.38167   0.14225  
  5  0.0049 325291.395068  x:  0.07128   5.38548   0.14222  
  6  0.0028 325291.395045  x:  0.07128   5.38637   0.14224  
  7  0.0007 325291.395045  x:  0.07128   5.38638   0.14224  
  8  0.0000 325291.395045  x:  0.07128   5.38638   0.14224  

6 (Bom_pas) ... 5 (Bom_mus)
  0  0.0000 309993.834156  x:  0.01957   4.38305   0.22094  
  1 99.0000 309980.541768  x:  0.02233   4.38306   0.22067  
  2 10037.3416 309911.001735  x:  0.02243   4.38560   0.11608  
  3 1016.6984 309902.748107  x:  0.02239   5.65408   0.12762  
  4 15.0689 309902.144500  x:  0.02240   5.71432   0.12010  
  5  0.1165 309902.137424  x:  0.02241   5.75963   0.12029  
  6  0.0280 309902.137410  x:  0.02241   5.75927   0.12032  
  7  0.0004 309902.137404  x:  0.02241   5.75868   0.12032  
  8  0.0018 309902.137401  x:  0.02241   5.75867   0.12032  
  9  0.0010 309902.137400  x:  0.02241   5.75867   0.12032  
 10  0.0011 309902.137397  x:  0.02241   5.75867   0.12032  
 11  0.0000 309902.137397  x:  0.02241   5.75867   0.12032  
check convergence!


7 (Bom_syl) ... 1 (Apis_mel)
  0  0.0000 398885.352172  x:  0.52859   4.67172   0.18495  
  1 99.0000 397965.506433  x:  0.52977   4.67124   0.10684  
  2 18410.2619 397865.637035  x:  0.58471   4.66813   0.09634  
  3 3888.6925 397801.331214  x:  0.57633   3.95988   0.09424  
  4 166.0009 397793.000818  x:  0.57888   3.93827   0.09900  
  5  0.0557 397792.982837  x:  0.57874   3.94833   0.09905  
  6  0.0126 397792.982453  x:  0.57862   3.94776   0.09906  
  7  0.0006 397792.982452  x:  0.57862   3.94776   0.09906  

7 (Bom_syl) ... 2 (Bom_con)
  0  0.0000 338249.338685  x:  0.11549   3.49404   0.19431  
  1 99.0000 338189.036133  x:  0.13092   3.49506   0.17339  
  2 4958.1494 338076.244403  x:  0.12741   3.49767   0.12198  
  3 9042.6316 337976.426724  x:  0.12645   5.09796   0.13770  
  4 154.4605 337971.332373  x:  0.12295   5.11282   0.13192  
  5  0.0179 337971.281674  x:  0.12266   5.11750   0.13276  
  6  0.0057 337971.280837  x:  0.12265   5.12310   0.13275  
  7  0.0031 337971.280819  x:  0.12266   5.12333   0.13276  

7 (Bom_syl) ... 3 (Bom_hor)
  0  0.0000 327167.917850  x:  0.08106   4.24822   0.21998  
  1 99.0000 327148.071081  x:  0.07441   4.24830   0.21662  
  2 5174.2432 327048.484238  x:  0.07573   4.24994   0.14285  
  3 2771.2957 327039.956518  x:  0.07575   4.88503   0.14871  
  4 29.1232 327039.653264  x:  0.07622   4.89487   0.14580  
  5  0.0143 327039.639358  x:  0.07636   4.89549   0.14619  
  6  0.0009 327039.639347  x:  0.07637   4.89611   0.14618  
  7  0.0005 327039.639347  x:  0.07637   4.89619   0.14619  
  8  0.0000 327039.639347  x:  0.07637   4.89616   0.14619  

7 (Bom_syl) ... 4 (Bom_hyp)
  0  0.0000 325384.327665  x:  0.05933   4.21721   0.12351  
  1 99.0000 325296.845330  x:  0.07217   4.21727   0.12393  
  2 14634.5879 325296.072140  x:  0.07211   4.21823   0.12901  
  3 306.7322 325257.972411  x:  0.07199   5.78566   0.13694  
  4 61.0336 325257.929101  x:  0.07200   5.78483   0.13567  
  5  0.0013 325257.929028  x:  0.07200   5.78706   0.13565  
  6  0.0014 325257.929024  x:  0.07200   5.78734   0.13566  
  7  0.0002 325257.929024  x:  0.07200   5.78733   0.13566  
  8  0.0000 325257.929024  x:  0.07200   5.78734   0.13566  
  9  0.0000 325257.929024  x:  0.07200   5.78734   0.13566  
check convergence!


7 (Bom_syl) ... 5 (Bom_mus)
  0  0.0000 324928.789309  x:  0.06066   4.62929   0.19545  
  1 99.0000 324890.575775  x:  0.06908   4.62932   0.19410  
  2 9384.5051 324849.500799  x:  0.06926   4.63046   0.14662  
  3 1559.3166 324840.582939  x:  0.06922   5.39758   0.15219  
  4 25.4563 324840.478284  x:  0.06924   5.40339   0.15004  
  5  0.0084 324840.478149  x:  0.06925   5.40652   0.15004  
  6  0.0024 324840.478149  x:  0.06924   5.40656   0.15004  
  7  0.0000 324840.478148  x:  0.06924   5.40658   0.15004  
  8  0.0000 324840.478148  x:  0.06924   5.40658   0.15004  
check convergence!


7 (Bom_syl) ... 6 (Bom_pas)
  0  0.0000 325318.697775  x:  0.07213   4.33999   0.24487  
  1 99.0000 325308.405521  x:  0.06765   4.34009   0.24123  
  2 3487.0740 325188.620657  x:  0.06902   4.34263   0.15105  
  3 3485.8888 325171.085333  x:  0.06909   5.35742   0.16119  
  4 39.1331 325170.203015  x:  0.06976   5.37956   0.15552  
  5  0.0331 325170.153980  x:  0.07003   5.38291   0.15624  
  6  0.0040 325170.153855  x:  0.07004   5.38538   0.15620  
  7  0.0020 325170.153850  x:  0.07004   5.38578   0.15622  

8 (Bom_vet) ... 1 (Apis_mel)
  0  0.0000 399845.563673  x:  0.46894   4.39370   0.23450  
  1 99.0000 397907.868371  x:  0.49865   4.39344   0.10552  
  2 20642.4003 397658.108401  x:  0.58588   4.39103   0.09848  
  3 6860.9359 397630.294649  x:  0.58192   3.94982   0.09583  
  4 119.1651 397629.235680  x:  0.58079   3.93160   0.09768  
  5  0.0631 397629.130552  x:  0.57896   3.93410   0.09780  
  6  0.0026 397629.130412  x:  0.57894   3.93319   0.09780  
  7  0.0011 397629.130412  x:  0.57894   3.93319   0.09780  

8 (Bom_vet) ... 2 (Bom_con)
  0  0.0000 337401.766517  x:  0.12068   3.30794   0.20717  
  1 99.0000 337306.383821  x:  0.10559   3.30965   0.17522  
  2 5106.9215 337157.234717  x:  0.11232   3.31294   0.11673  
  3 15626.9643 337011.877627  x:  0.11402   5.22631   0.13756  
  4 196.0808 337002.665372  x:  0.11879   5.24651   0.12870  
  5  0.0232 337002.602950  x:  0.11905   5.25509   0.12966  
  6  0.0101 337002.597942  x:  0.11908   5.26903   0.12960  
  7  0.0072 337002.597739  x:  0.11906   5.27006   0.12964  
  8  0.0009 337002.597739  x:  0.11906   5.27006   0.12964  
  9  0.0000 337002.597739  x:  0.11906   5.27006   0.12964  
check convergence!


8 (Bom_vet) ... 3 (Bom_hor)
  0  0.0000 326822.109963  x:  0.07217   4.47527   0.14836  
  1 99.0000 326818.613769  x:  0.07494   4.47528   0.14854  
  2 2573.4581 326818.425602  x:  0.07490   4.47545   0.15141  
  3 135.3469 326817.589667  x:  0.07489   4.67878   0.15259  
  4  8.5256 326817.589353  x:  0.07487   4.67753   0.15250  
  5  0.0012 326817.589353  x:  0.07487   4.67753   0.15250  
  6  0.0001 326817.589352  x:  0.07487   4.67751   0.15250  
  7  0.0000 326817.589352  x:  0.07487   4.67751   0.15250  
check convergence!


8 (Bom_vet) ... 4 (Bom_hyp)
  0  0.0000 325203.610892  x:  0.06385   4.09741   0.20205  
  1 99.0000 325180.003427  x:  0.07062   4.09748   0.19992  
  2 6885.2750 325099.659592  x:  0.07076   4.09983   0.13496  
  3 2295.6489 325067.258048  x:  0.07063   5.46370   0.14723  
  4 56.5325 325066.485899  x:  0.07057   5.48289   0.14169  
  5  0.0285 325066.481732  x:  0.07051   5.49569   0.14172  
  6  0.0094 325066.481556  x:  0.07052   5.49837   0.14175  
  7  0.0020 325066.481556  x:  0.07052   5.49841   0.14175  
  8  0.0000 325066.481556  x:  0.07052   5.49842   0.14175  
  9  0.0000 325066.481556  x:  0.07052   5.49842   0.14175  
 10  0.0000 325066.481556  x:  0.07052   5.49842   0.14175  
 11  0.0000 325066.481556  x:  0.07052   5.49842   0.14175  
 12  0.0192 325066.481556  x:  0.07052   5.49842   0.14175  
check convergence!


8 (Bom_vet) ... 5 (Bom_mus)
  0  0.0000 309568.869573  x:  0.01670   4.57234   0.13135  
  1 99.0000 309526.810082  x:  0.02136   4.57234   0.13130  
  2 19772.6539 309525.061605  x:  0.02137   4.57315   0.11777  
  3 243.9602 309517.161866  x:  0.02132   5.97822   0.12499  
  4 13.3628 309517.125057  x:  0.02131   5.97390   0.12302  
  5  0.0050 309517.125028  x:  0.02131   5.97419   0.12298  
  6  0.0003 309517.125027  x:  0.02131   5.97431   0.12299  

8 (Bom_vet) ... 6 (Bom_pas)
  0  0.0000 310211.351675  x:  0.02280   4.94931   0.21012  
  1 99.0000 310210.133353  x:  0.02370   4.94936   0.20751  
  2 895.0601 310167.807182  x:  0.02345   4.95087   0.12860  
  3 7792.5907 310162.883132  x:  0.02333   6.05255   0.13628  
  4  9.9759 310162.404077  x:  0.02310   6.08377   0.12985  
  5  0.0492 310162.378167  x:  0.02298   6.08913   0.13058  
  6  0.0062 310162.378064  x:  0.02298   6.09421   0.13055  
  7  0.0029 310162.378058  x:  0.02298   6.09526   0.13056  
  8  0.0026 310162.378057  x:  0.02298   6.09519   0.13057  
  9  0.0002 310162.378055  x:  0.02298   6.09523   0.13058  
 10  0.0009 310162.378052  x:  0.02298   6.09527   0.13058  
 11  0.0001 310162.378052  x:  0.02298   6.09527   0.13058  
check convergence!


8 (Bom_vet) ... 7 (Bom_syl)
  0  0.0000 324888.795129  x:  0.07244   4.90697   0.15983  
  1 99.0000 324882.989755  x:  0.06882   4.90699   0.15947  
  2 3265.0121 324882.053142  x:  0.06891   4.90747   0.15281  
  3 274.2732 324876.773262  x:  0.06889   5.54910   0.15633  
  4 18.2817 324876.756829  x:  0.06903   5.53439   0.15577  
  5  0.0147 324876.756696  x:  0.06903   5.53134   0.15576  
  6  0.0025 324876.756695  x:  0.06903   5.53130   0.15577  
  7  0.0000 324876.756695  x:  0.06903   5.53130   0.15577  
  8  0.0000 324876.756695  x:  0.06903   5.53130   0.15577  
  9  0.0087 324876.756695  x:  0.06903   5.53130   0.15577  
check convergence!
