Supplemental results for CODEML (seqf: /home/yzliu/eDNA/faststorage/yzliu/DK_proj/data/ref_genome/ref_annotation/primary_transcripts/extracted_cds_new/new_transcript_id_8_bom_apis/bootstraps/cat.out.OG_cds_8_species_same_header_fas.shuf_211OG_865.phy  treef: xxx.trees)


pairwise comparison (Goldman & Yang 1994)
seq seq        N       S       dN       dS     dN/dS   Paras.
  2   1 171991.2  56419.8   0.0520   0.6018   0.0865   0.5635   3.9320   0.0865 -398850.684
  3   1 171696.9  56714.1   0.0532   0.6202   0.0858   0.5820   3.9675   0.0858 -400355.279
  3   2 167619.7  60791.3   0.0133   0.1165   0.1141   0.1222   4.9994   0.1141 -341897.944
  4   1 172126.1  56284.9   0.0521   0.6126   0.0851   0.5707   3.9568   0.0851 -398986.455
  4   2 168116.5  60294.5   0.0117   0.1052   0.1114   0.1091   4.9119   0.1114 -338627.958
  4   3 167457.5  60953.5   0.0075   0.0685   0.1091   0.0713   5.2551   0.1091 -329068.882
  5   1 172250.9  56160.1   0.0528   0.6143   0.0860   0.5726   3.9193   0.0860 -399365.097
  5   2 168012.3  60398.7   0.0128   0.1129   0.1138   0.1179   5.0389   0.1138 -340557.203
  5   3 168515.0  59896.0   0.0081   0.0713   0.1143   0.0741   4.5196   0.1143 -330026.735
  5   4 168235.4  60175.6   0.0074   0.0673   0.1104   0.0696   4.9937   0.1104 -328378.711
  6   1 172238.0  56173.0   0.0531   0.6153   0.0863   0.5741   3.9250   0.0863 -399574.375
  6   2 167933.1  60477.9   0.0131   0.1132   0.1160   0.1189   5.0988   0.1160 -340823.428
  6   3 168144.6  60266.4   0.0085   0.0716   0.1191   0.0755   4.7729   0.1191 -330405.673
  6   4 167866.8  60544.2   0.0080   0.0672   0.1194   0.0711   5.2883   0.1194 -328887.066
  6   5 167702.1  60708.9   0.0028   0.0219   0.1261   0.0235   5.4856   0.1261 -314027.981
  7   1 172249.4  56161.6   0.0533   0.6125   0.0871   0.5724   3.9126   0.0871 -399715.209
  7   2 168135.3  60275.7   0.0138   0.1128   0.1219   0.1197   4.9333   0.1219 -341446.621
  7   3 167835.4  60575.6   0.0085   0.0711   0.1200   0.0754   4.9932   0.1200 -330441.017
  7   4 167812.8  60598.2   0.0078   0.0670   0.1172   0.0706   5.3240   0.1172 -328784.690
  7   5 168459.7  59951.3   0.0082   0.0645   0.1265   0.0688   4.8595   0.1265 -328491.368
  7   6 168210.8  60200.2   0.0086   0.0638   0.1345   0.0694   5.0477   0.1345 -328751.025
  8   1 172144.1  56266.9   0.0530   0.6148   0.0862   0.5742   3.9430   0.0862 -399526.284
  8   2 167673.8  60737.2   0.0128   0.1120   0.1143   0.1175   5.2602   0.1143 -340421.530
  8   3 168019.2  60391.8   0.0081   0.0704   0.1157   0.0738   4.8211   0.1157 -329942.403
  8   4 167605.1  60805.9   0.0075   0.0670   0.1122   0.0701   5.4605   0.1122 -328462.081
  8   5 167490.0  60921.0   0.0023   0.0201   0.1156   0.0212   5.6215   0.1156 -313161.493
  8   6 167104.5  61306.5   0.0028   0.0219   0.1260   0.0237   5.9897   0.1260 -314089.455
  8   7 167948.8  60462.2   0.0082   0.0632   0.1294   0.0682   5.2094   0.1294 -328340.791

