

2 (Bom_con) ... 1 (Apis_mel)
  0  0.0000 398238.197498  x:  0.52847   1.45747   0.40622  
  1 99.0000 389865.846635  x:  0.38582   1.51798   0.09022  
  2 27943.4404 389664.818632  x:  0.40236   1.52524   0.06963  
  3 17188.9608 386971.877345  x:  0.51057   3.57935   0.10513  
  4 4098.1434 386809.962637  x:  0.51208   3.75628   0.08301  
  5  0.1040 386786.967899  x:  0.53834   3.90348   0.08109  
  6  0.0805 386778.909836  x:  0.53467   4.10121   0.08408  
  7  0.0766 386778.186132  x:  0.53456   4.13158   0.08290  
  8  0.0350 386778.183095  x:  0.53484   4.13454   0.08289  
  9  0.0027 386778.183093  x:  0.53484   4.13461   0.08289  
 10  0.0001 386778.183093  x:  0.53484   4.13461   0.08289  

3 (Bom_hor) ... 1 (Apis_mel)
  0  0.0000 389349.987043  x:  0.50833   3.69382   0.19458  
  1 99.0000 387315.658941  x:  0.49438   3.69522   0.08437  
  2 25707.7620 387254.944349  x:  0.52953   3.69657   0.07515  
  3 3419.3494 387209.811584  x:  0.53834   4.26403   0.07750  
  4 171.2123 387200.904206  x:  0.54661   4.21723   0.08068  
  5  0.1215 387200.661417  x:  0.54861   4.21229   0.07995  
  6  0.0045 387200.661338  x:  0.54866   4.21241   0.07995  
  7  0.0001 387200.661338  x:  0.54866   4.21246   0.07995  

3 (Bom_hor) ... 2 (Bom_con)
  0  0.0000 332741.328931  x:  0.09975   3.69646   0.10949  
  1 99.0000 332674.780766  x:  0.11447   3.69664   0.10951  
  2 9499.3093 332674.365876  x:  0.11455   3.69781   0.10693  
  3 289.4382 332601.506143  x:  0.11445   5.23157   0.11578  
  4 141.5492 332601.242685  x:  0.11460   5.22016   0.11357  
  5  0.0103 332601.242534  x:  0.11460   5.21755   0.11356  
  6  0.0015 332601.242531  x:  0.11460   5.21749   0.11356  
  7  0.0001 332601.242531  x:  0.11460   5.21748   0.11356  
  8  0.0000 332601.242531  x:  0.11460   5.21751   0.11356  
  9  0.0000 332601.242531  x:  0.11460   5.21751   0.11356  
 10  0.0000 332601.242531  x:  0.11460   5.21751   0.11356  
check convergence!


4 (Bom_hyp) ... 1 (Apis_mel)
  0  0.0000 387216.540486  x:  0.41472   4.40806   0.14052  
  1 99.0000 386458.878281  x:  0.44478   4.40786   0.08468  
  2 18751.1433 386131.498499  x:  0.53045   4.40673   0.08805  
  3 10197.5541 386124.445964  x:  0.52901   4.16862   0.08721  
  4 55.7350 386104.093520  x:  0.53686   4.20631   0.07949  
  5  0.0685 386103.879742  x:  0.53946   4.21454   0.07947  
  6  0.0066 386103.879514  x:  0.53946   4.21336   0.07945  
  7  0.0013 386103.879514  x:  0.53945   4.21333   0.07945  
  8  0.0000 386103.879514  x:  0.53945   4.21333   0.07945  
  9  0.0000 386103.879514  x:  0.53945   4.21333   0.07945  

4 (Bom_hyp) ... 2 (Bom_con)
  0  0.0000 330523.436663  x:  0.10247   3.70318   0.06492  
  1 99.0000 330397.248937  x:  0.11243   3.70347   0.09455  
  2 9142.9788 330379.950110  x:  0.10518   3.70374   0.10091  
  3 4134.8189 330313.062719  x:  0.10477   5.22553   0.10556  
  4 108.3277 330311.426527  x:  0.10614   5.22962   0.10990  
  5  0.0034 330311.364144  x:  0.10572   5.22777   0.11040  
  6  0.0019 330311.364015  x:  0.10573   5.22616   0.11043  
  7  0.0012 330311.364005  x:  0.10573   5.22561   0.11042  
  8  0.0004 330311.364005  x:  0.10573   5.22561   0.11042  
  9  0.0000 330311.364005  x:  0.10573   5.22561   0.11042  
 10  0.0000 330311.364005  x:  0.10573   5.22561   0.11042  
 11  0.0000 330311.364005  x:  0.10573   5.22561   0.11042  
check convergence!


4 (Bom_hyp) ... 3 (Bom_hor)
  0  0.0000 320618.820494  x:  0.06634   4.39352   0.21927  
  1 99.0000 320595.891233  x:  0.06018   4.39372   0.20867  
  2 3618.4984 320390.561643  x:  0.06219   4.39561   0.10735  
  3 11450.3822 320376.628890  x:  0.06241   5.33950   0.11509  
  4 32.5880 320371.398502  x:  0.06514   5.36588   0.10851  
  5  0.0316 320371.026379  x:  0.06555   5.34384   0.11131  
  6  0.0394 320371.025542  x:  0.06556   5.34174   0.11116  
  7  0.0019 320371.025530  x:  0.06556   5.34078   0.11116  

5 (Bom_mus) ... 1 (Apis_mel)
  0  0.0000 388390.408899  x:  0.47764   4.28022   0.18532  
  1 99.0000 386795.278859  x:  0.47792   4.28048   0.08689  
  2 23331.0518 386663.776275  x:  0.53454   4.27967   0.07535  
  3 4922.6761 386662.796112  x:  0.53360   4.18904   0.07518  
  4 12.4722 386645.270915  x:  0.54077   4.17290   0.08061  
  5  0.0988 386645.155751  x:  0.54269   4.18080   0.08030  
  6  0.0067 386645.155268  x:  0.54267   4.17915   0.08028  
  7  0.0017 386645.155267  x:  0.54267   4.17921   0.08028  
  8  0.0001 386645.155267  x:  0.54267   4.17921   0.08028  

5 (Bom_mus) ... 2 (Bom_con)
  0  0.0000 332575.055748  x:  0.09139   3.51166   0.09927  
  1 99.0000 332407.107181  x:  0.11403   3.51186   0.10197  
  2 15960.7625 332402.975447  x:  0.11360   3.51293   0.11007  
  3 1055.2406 332307.058455  x:  0.11343   5.20338   0.11869  
  4 145.9320 332306.940942  x:  0.11355   5.20243   0.11722  
  5  0.0014 332306.940626  x:  0.11354   5.20526   0.11718  
  6  0.0018 332306.940600  x:  0.11354   5.20596   0.11720  
  7  0.0006 332306.940600  x:  0.11354   5.20599   0.11720  
  8  0.0000 332306.940600  x:  0.11354   5.20599   0.11720  
check convergence!


5 (Bom_mus) ... 3 (Bom_hor)
  0  0.0000 321198.164582  x:  0.06042   4.18957   0.17647  
  1 99.0000 321169.382041  x:  0.06774   4.18962   0.17420  
  2 7814.2617 321086.489195  x:  0.06788   4.19097   0.11499  
  3 2558.8710 321071.818940  x:  0.06778   5.10495   0.12171  
  4 36.1459 321071.458958  x:  0.06769   5.11840   0.11842  
  5  0.0212 321071.455322  x:  0.06761   5.12374   0.11847  
  6  0.0047 321071.455300  x:  0.06761   5.12494   0.11848  
  7  0.0009 321071.455300  x:  0.06761   5.12494   0.11848  

5 (Bom_mus) ... 4 (Bom_hyp)
  0  0.0000 320083.637456  x:  0.06509   4.39349   0.09746  
  1 99.0000 320082.844236  x:  0.06630   4.39355   0.09838  
  2 1053.2322 320080.992540  x:  0.06577   4.39401   0.10505  
  3 800.7199 320058.210699  x:  0.06563   5.68928   0.10986  
  4 41.3412 320058.199364  x:  0.06573   5.68805   0.10941  
  5  0.0012 320058.199288  x:  0.06572   5.68834   0.10938  
  6  0.0003 320058.199287  x:  0.06572   5.68854   0.10938  
  7  0.0001 320058.199287  x:  0.06572   5.68853   0.10938  

6 (Bom_pas) ... 1 (Apis_mel)
  0  0.0000 389520.179714  x:  0.47679   4.77042   0.23082  
  1 99.0000 386973.072999  x:  0.47161   4.77027   0.08947  
  2 23927.1087 386820.390649  x:  0.52602   4.76853   0.07458  
  3 5765.3186 386787.677069  x:  0.51941   4.22025   0.07316  
  4 105.5003 386730.434155  x:  0.53694   4.10863   0.08151  
  5  0.4358 386729.759102  x:  0.54079   4.16018   0.08099  
  6  0.0525 386729.719678  x:  0.54128   4.14794   0.08078  
  7  0.0129 386729.719534  x:  0.54125   4.14803   0.08076  
  8  0.0001 386729.719534  x:  0.54125   4.14803   0.08076  

6 (Bom_pas) ... 2 (Bom_con)
  0  0.0000 332570.797991  x:  0.11643   3.57976   0.16445  
  1 99.0000 332519.238641  x:  0.10505   3.58049   0.14634  
  2 4639.8685 332442.782016  x:  0.11050   3.58218   0.10818  
  3 8473.5153 332364.443641  x:  0.11121   5.10671   0.12001  
  4 127.6974 332362.212807  x:  0.11356   5.10089   0.11602  
  5  0.0077 332362.202817  x:  0.11366   5.09908   0.11636  
  6  0.0022 332362.202738  x:  0.11367   5.09746   0.11634  
  7  0.0010 332362.202735  x:  0.11367   5.09726   0.11635  
  8  0.0002 332362.202734  x:  0.11367   5.09726   0.11635  

6 (Bom_pas) ... 3 (Bom_hor)
  0  0.0000 321132.262562  x:  0.06250   4.17761   0.20433  
  1 99.0000 321115.928126  x:  0.06813   4.17769   0.20062  
  2 4999.3792 320966.633119  x:  0.06808   4.17952   0.11475  
  3 3945.8877 320952.803979  x:  0.06793   5.05554   0.12223  
  4 35.2939 320952.093555  x:  0.06747   5.08092   0.11805  
  5  0.0404 320952.022957  x:  0.06712   5.08385   0.11872  
  6  0.0033 320952.022924  x:  0.06712   5.08513   0.11871  
  7  0.0010 320952.022924  x:  0.06712   5.08528   0.11871  
  8  0.0002 320952.022923  x:  0.06712   5.08524   0.11872  
  9  0.0000 320952.022923  x:  0.06712   5.08528   0.11871  
 10  0.0000 320952.022923  x:  0.06712   5.08526   0.11871  

6 (Bom_pas) ... 4 (Bom_hyp)
  0  0.0000 320291.475550  x:  0.06474   4.27954   0.14856  
  1 99.0000 320280.688640  x:  0.06928   4.27983   0.13899  
  2 2106.1793 320248.568850  x:  0.06730   4.28081   0.10753  
  3 7838.0131 320221.563369  x:  0.06693   5.65397   0.11549  
  4 46.5010 320220.986680  x:  0.06601   5.65252   0.11353  
  5  0.0028 320220.985289  x:  0.06598   5.65177   0.11370  
  6  0.0009 320220.985284  x:  0.06598   5.65109   0.11370  
  7  0.0004 320220.985284  x:  0.06598   5.65103   0.11370  
  8  0.0000 320220.985284  x:  0.06598   5.65107   0.11370  
  9  0.0000 320220.985284  x:  0.06598   5.65107   0.11370  
check convergence!


6 (Bom_pas) ... 5 (Bom_mus)
  0  0.0000 306584.697698  x:  0.01980   4.74059   0.14115  
  1 99.0000 306580.603863  x:  0.02135   4.74059   0.14108  
  2 5479.2313 306578.393310  x:  0.02138   4.74119   0.12529  
  3 262.2418 306574.852899  x:  0.02133   5.65301   0.12982  
  4  8.6708 306574.840373  x:  0.02133   5.65420   0.12866  
  5  0.0018 306574.840368  x:  0.02132   5.65449   0.12865  

7 (Bom_syl) ... 1 (Apis_mel)
  0  0.0000 387755.578832  x:  0.44588   4.70157   0.13019  
  1 99.0000 387315.199139  x:  0.46499   4.70120   0.08670  
  2 15562.4236 387061.932063  x:  0.54799   4.69922   0.08479  
  3 8023.2283 387034.191693  x:  0.54399   4.20097   0.08359  
  4 104.5845 387033.067085  x:  0.54453   4.20657   0.08185  
  5  0.0104 387033.060017  x:  0.54406   4.20311   0.08187  
  6  0.0030 387033.059905  x:  0.54404   4.20394   0.08187  

7 (Bom_syl) ... 2 (Bom_con)
  0  0.0000 333217.942316  x:  0.09080   3.58591   0.13211  
  1 99.0000 333014.505517  x:  0.11577   3.58613   0.13006  
  2 17765.4400 332998.844252  x:  0.11599   3.58775   0.11286  
  3 1711.5042 332894.228493  x:  0.11584   5.37716   0.12479  
  4 149.0303 332893.309462  x:  0.11608   5.38848   0.12058  
  5  0.0120 332893.300016  x:  0.11616   5.40815   0.12061  
  6  0.0104 332893.299779  x:  0.11614   5.40944   0.12065  
  7  0.0010 332893.299774  x:  0.11613   5.40954   0.12065  
  8  0.0001 332893.299774  x:  0.11613   5.40954   0.12065  

7 (Bom_syl) ... 3 (Bom_hor)
  0  0.0000 321768.881361  x:  0.06239   4.45625   0.18518  
  1 99.0000 321741.883654  x:  0.06959   4.45630   0.18287  
  2 7419.1775 321658.544793  x:  0.06972   4.45760   0.12159  
  3 2509.4604 321645.246301  x:  0.06964   5.37441   0.12804  
  4 32.3696 321644.956765  x:  0.06955   5.38835   0.12501  
  5  0.0218 321644.953080  x:  0.06946   5.39440   0.12508  
  6  0.0053 321644.953058  x:  0.06947   5.39566   0.12509  
  7  0.0009 321644.953058  x:  0.06947   5.39565   0.12509  

7 (Bom_syl) ... 4 (Bom_hyp)
  0  0.0000 320754.890613  x:  0.06812   4.32423   0.19016  
  1 99.0000 320734.766547  x:  0.06234   4.32452   0.17924  
  2 3156.9691 320619.144110  x:  0.06488   4.32636   0.10989  
  3 10972.6080 320584.200062  x:  0.06515   5.89530   0.12120  
  4 53.1162 320581.129396  x:  0.06707   5.92292   0.11486  
  5  0.0329 320580.997838  x:  0.06738   5.92330   0.11640  
  6  0.0022 320580.997312  x:  0.06740   5.92747   0.11634  
  7  0.0035 320580.997275  x:  0.06740   5.92914   0.11635  

7 (Bom_syl) ... 5 (Bom_mus)
  0  0.0000 320122.052606  x:  0.05763   4.93357   0.16657  
  1 99.0000 320095.559292  x:  0.06447   4.93360   0.16524  
  2 7912.9527 320061.553412  x:  0.06459   4.93440   0.12585  
  3 1596.1481 320052.462717  x:  0.06454   5.84588   0.13078  
  4 22.7213 320052.388192  x:  0.06453   5.83494   0.12908  
  5  0.0145 320052.387353  x:  0.06453   5.82573   0.12906  
  6  0.0070 320052.387352  x:  0.06453   5.82566   0.12906  
  7  0.0001 320052.387352  x:  0.06453   5.82564   0.12906  

7 (Bom_syl) ... 6 (Bom_pas)
  0  0.0000 320213.286994  x:  0.06058   4.70276   0.13110  
  1 99.0000 320204.183264  x:  0.06468   4.70279   0.13099  
  2 4561.2521 320203.933171  x:  0.06471   4.70328   0.12803  
  3 159.9299 320193.594394  x:  0.06465   5.63365   0.13241  
  4 26.3966 320193.567999  x:  0.06464   5.60338   0.13150  
  5  0.0270 320193.567522  x:  0.06464   5.59771   0.13156  
  6  0.0046 320193.567522  x:  0.06464   5.59780   0.13156  
  7  0.0001 320193.567522  x:  0.06464   5.59780   0.13156  

8 (Bom_vet) ... 1 (Apis_mel)
  0  0.0000 387581.492212  x:  0.39507   4.49012   0.10368  
  1 99.0000 386768.557957  x:  0.50704   4.48887   0.07085  
  2 14476.9020 386653.519101  x:  0.52855   4.48850   0.08436  
  3 17130.4736 386639.575787  x:  0.52650   4.14507   0.08373  
  4 77.5678 386630.741618  x:  0.54276   4.16853   0.08038  
  5  0.0181 386630.717188  x:  0.54205   4.16744   0.08029  
  6  0.0012 386630.717186  x:  0.54206   4.16737   0.08029  
  7  0.0001 386630.717186  x:  0.54206   4.16737   0.08029  
  8  0.0000 386630.717186  x:  0.54206   4.16737   0.08029  

8 (Bom_vet) ... 2 (Bom_con)
  0  0.0000 332428.094859  x:  0.09825   3.64172   0.07139  
  1 99.0000 332266.679627  x:  0.11874   3.64191   0.08808  
  2 13148.8920 332224.197240  x:  0.11116   3.64245   0.10813  
  3 4634.5462 332150.569816  x:  0.11062   5.15456   0.11381  
  4 119.8946 332148.869046  x:  0.11283   5.16050   0.11590  
  5  0.0052 332148.795653  x:  0.11259   5.16136   0.11700  
  6  0.0010 332148.795587  x:  0.11260   5.15998   0.11699  
  7  0.0009 332148.795583  x:  0.11260   5.15971   0.11699  
  8  0.0002 332148.795582  x:  0.11260   5.15970   0.11699  
  9  0.0000 332148.795582  x:  0.11260   5.15971   0.11699  
 10  0.0000 332148.795582  x:  0.11260   5.15971   0.11699  
check convergence!


8 (Bom_vet) ... 3 (Bom_hor)
  0  0.0000 320843.890592  x:  0.05592   4.40616   0.09013  
  1 99.0000 320775.142879  x:  0.06698   4.40618   0.09232  
  2 13016.3052 320751.577784  x:  0.06620   4.40636   0.11699  
  3 2172.6668 320744.466551  x:  0.06614   5.07080   0.11935  
  4 23.3103 320744.463220  x:  0.06616   5.06988   0.11966  
  5  0.0007 320744.463212  x:  0.06616   5.06977   0.11966  
  6  0.0001 320744.463211  x:  0.06616   5.06980   0.11966  

8 (Bom_vet) ... 4 (Bom_hyp)
  0  0.0000 320304.941992  x:  0.06635   4.12495   0.22906  
  1 99.0000 320282.924815  x:  0.06025   4.12517   0.22043  
  2 4029.3753 320029.622341  x:  0.06195   4.12819   0.10534  
  3 9374.2736 319996.452280  x:  0.06220   5.54707   0.11867  
  4 54.8523 319990.701614  x:  0.06413   5.63416   0.10830  
  5  0.1358 319989.901733  x:  0.06511   5.63365   0.11111  
  6  0.0041 319989.896086  x:  0.06516   5.64479   0.11083  
  7  0.0101 319989.895765  x:  0.06516   5.64979   0.11089  
  8  0.0031 319989.895765  x:  0.06516   5.64969   0.11089  
  9  0.0001 319989.895765  x:  0.06516   5.64969   0.11089  
 10  0.0001 319989.895765  x:  0.06516   5.64969   0.11089  
 11  0.3252 319989.895765  x:  0.06516   5.64969   0.11089  
check convergence!


8 (Bom_vet) ... 5 (Bom_mus)
  0  0.0000 305917.194628  x:  0.01544   4.61487   0.22844  
  1 99.0000 305885.535196  x:  0.01929   4.61487   0.22825  
  2 17792.3052 305816.904268  x:  0.01938   4.61697   0.11441  
  3 908.4676 305813.105384  x:  0.01935   5.55678   0.12242  
  4  8.9830 305812.905232  x:  0.01937   5.59751   0.11810  
  5  0.0897 305812.903346  x:  0.01938   5.61714   0.11799  
  6  0.0153 305812.903308  x:  0.01938   5.61846   0.11806  
  7  0.0013 305812.903307  x:  0.01938   5.61861   0.11805  
  8  0.0001 305812.903307  x:  0.01938   5.61861   0.11805  
check convergence!


8 (Bom_vet) ... 6 (Bom_pas)
  0  0.0000 306507.843611  x:  0.01902   4.73731   0.23523  
  1 99.0000 306502.043668  x:  0.02083   4.73731   0.23497  
  2 6635.5217 306430.157003  x:  0.02094   4.73904   0.11972  
  3 956.4135 306428.430126  x:  0.02092   5.35075   0.12479  
  4  6.1188 306428.334783  x:  0.02092   5.37331   0.12181  
  5  0.0516 306428.334534  x:  0.02091   5.37802   0.12175  
  6  0.0040 306428.334532  x:  0.02091   5.37801   0.12175  
  7  0.0003 306428.334525  x:  0.02091   5.37800   0.12175  
  8  0.0006 306428.334525  x:  0.02091   5.37800   0.12175  
  9  0.0003 306428.334524  x:  0.02091   5.37800   0.12175  
 10  1.2369 306428.334524  x:  0.02091   5.37800   0.12175  
 11 24.0070 306428.334522  x:  0.02091   5.37800   0.12175  
 12  1.2221 306428.334522  x:  0.02091   5.37800   0.12175  
check convergence!


8 (Bom_vet) ... 7 (Bom_syl)
  0  0.0000 319982.217681  x:  0.05133   4.25477   0.09981  
  1 99.0000 319884.748772  x:  0.06401   4.25480   0.10133  
  2 16541.4941 319867.330527  x:  0.06358   4.25538   0.12423  
  3 1681.9379 319837.169189  x:  0.06343   5.73967   0.13031  
  4 48.7726 319837.168864  x:  0.06342   5.73684   0.13021  
  5  0.0020 319837.168862  x:  0.06342   5.73651   0.13021  
  6  0.0002 319837.168862  x:  0.06342   5.73647   0.13021  