

2 (And_ful) ... 1 (And_bic)
  0  0.0000 1079406.676096  x:  0.17963   1.53401   0.43391  
  1 99.0000 1077340.936748  x:  0.12813   1.54430   0.37489  
  2 46765.9117 1065010.883170  x:  0.12072   1.59919   0.04860  
  3 89694.8867 1064182.711697  x:  0.12359   2.19087   0.08945  
  4 3555.9347 1062148.654799  x:  0.14259   2.88697   0.04335  
  5  2.1573 1061722.585848  x:  0.16077   3.07749   0.06037  
  6  0.2174 1061623.406433  x:  0.16793   3.38891   0.05268  
  7  0.2173 1061596.198157  x:  0.16396   3.66281   0.05580  
  8  0.0970 1061595.498497  x:  0.16473   3.69580   0.05531  
  9  0.0275 1061595.491702  x:  0.16472   3.69979   0.05540  
 10  0.0034 1061595.491693  x:  0.16472   3.69979   0.05540  
 11  0.0000 1061595.491693  x:  0.16472   3.69978   0.05540  

3 (And_hae) ... 1 (And_bic)
  0  0.0000 1057952.911064  x:  0.14078   3.29128   0.06066  
  1 99.0000 1057793.946715  x:  0.15643   3.29140   0.05687  
  2 20527.7576 1057791.970667  x:  0.15619   3.29152   0.05509  
  3 2190.8311 1057773.186731  x:  0.15621   3.58716   0.05618  
  4 134.4232 1057773.180992  x:  0.15619   3.58628   0.05608  
  5  0.0009 1057773.180991  x:  0.15619   3.58621   0.05608  

3 (And_hae) ... 2 (And_ful)
  0  0.0000 1055143.017571  x:  0.13456   3.38049   0.05839  
  1 99.0000 1054938.913740  x:  0.15196   3.38066   0.05881  
  2 24535.9418 1054938.126845  x:  0.15205   3.38090   0.05763  
  3 1286.5891 1054870.573504  x:  0.15209   3.87870   0.05946  
  4 256.7473 1054868.067601  x:  0.15221   4.01398   0.05964  
  5  0.0955 1054868.058447  x:  0.15220   4.00625   0.05964  
  6  0.0073 1054868.058447  x:  0.15220   4.00622   0.05964  

4 (And_hat) ... 1 (And_bic)
  0  0.0000 1036985.372398  x:  0.11484   3.59914   0.13784  
  1 99.0000 1035759.449185  x:  0.11810   3.59978   0.06079  
  2 23239.7942 1035759.287167  x:  0.11766   3.59978   0.06076  
  3 733.5158 1035759.279736  x:  0.11766   3.60668   0.06081  
  4  1.4429 1035759.066147  x:  0.11771   3.61278   0.06012  
  5  0.0250 1035759.066105  x:  0.11771   3.61307   0.06012  
  6  0.0003 1035759.066105  x:  0.11771   3.61307   0.06012  
  7  0.0000 1035759.066105  x:  0.11771   3.61307   0.06012  

4 (And_hat) ... 2 (And_ful)
  0  0.0000 1060095.528813  x:  0.15776   3.26372   0.18331  
  1 99.0000 1057398.911500  x:  0.12572   3.26616   0.07326  
  2 36362.3940 1056987.640952  x:  0.13556   3.26674   0.04929  
  3 73182.9513 1056725.698780  x:  0.14061   4.49903   0.05751  
  4 502.1279 1056557.427962  x:  0.15491   4.14448   0.06212  
  5  0.4965 1056552.264229  x:  0.15570   4.11788   0.05901  
  6  0.0241 1056552.229320  x:  0.15571   4.10228   0.05898  
  7  0.0135 1056552.228880  x:  0.15568   4.10211   0.05898  
  8  0.0002 1056552.228879  x:  0.15568   4.10212   0.05898  

4 (And_hat) ... 3 (And_hae)
  0  0.0000 1055941.863550  x:  0.14174   3.52422   0.17098  
  1 99.0000 1053321.497250  x:  0.15012   3.52599   0.05873  
  2 31603.2776 1053319.080288  x:  0.14822   3.52613   0.05844  
  3 2480.5694 1053282.362029  x:  0.14774   3.96035   0.06280  
  4 180.6497 1053278.063783  x:  0.14828   4.01020   0.06026  
  5  0.1509 1053278.034635  x:  0.14825   4.02330   0.06021  
  6  0.0113 1053278.034280  x:  0.14826   4.02385   0.06024  
  7  0.0005 1053278.034280  x:  0.14826   4.02385   0.06024  
  8  0.0000 1053278.034280  x:  0.14826   4.02385   0.06024  
  9  0.0000 1053278.034280  x:  0.14826   4.02385   0.06024  
check convergence!


5 (And_mar) ... 1 (And_bic)
  0  0.0000 1019736.486675  x:  0.08945   3.41757   0.19245  
  1 99.0000 1018163.779428  x:  0.07173   3.41859   0.07683  
  2 20533.8023 1017865.454327  x:  0.07769   3.41881   0.04981  
  3 147065.7472 1017859.212851  x:  0.07832   3.64035   0.05150  
  4 32.9227 1017644.728342  x:  0.08775   3.03071   0.05990  
  5  1.8756 1017631.790189  x:  0.08986   3.21389   0.05772  
  6  0.2256 1017631.248925  x:  0.09023   3.16795   0.05710  
  7  0.0476 1017631.247115  x:  0.09022   3.16617   0.05716  
  8  0.0018 1017631.247115  x:  0.09022   3.16621   0.05716  
  9  0.0000 1017631.247115  x:  0.09022   3.16621   0.05716  
 10  0.0000 1017631.247115  x:  0.09022   3.16621   0.05716  
 11  0.0000 1017631.247115  x:  0.09022   3.16621   0.05716  
 12  0.0684 1017631.247115  x:  0.09022   3.16621   0.05716  
check convergence!


5 (And_mar) ... 2 (And_ful)
  0  0.0000 1063491.027784  x:  0.17016   2.94365   0.13860  
  1 99.0000 1061694.431882  x:  0.14142   2.94530   0.06725  
  2 38351.9631 1061445.685865  x:  0.15166   2.94584   0.05011  
  3 36597.2023 1061232.171560  x:  0.15508   3.89464   0.05676  
  4 526.4573 1061193.353876  x:  0.16228   3.79077   0.05938  
  5  0.1477 1061192.097024  x:  0.16278   3.77363   0.05794  
  6  0.0158 1061192.085526  x:  0.16276   3.76581   0.05794  
  7  0.0058 1061192.085483  x:  0.16275   3.76584   0.05794  
  8  0.0000 1061192.085483  x:  0.16275   3.76584   0.05794  

5 (And_mar) ... 3 (And_hae)
  0  0.0000 1059296.297990  x:  0.14773   3.21640   0.15775  
  1 99.0000 1056960.652607  x:  0.15011   3.21807   0.05821  
  2 32515.6667 1056955.188381  x:  0.15310   3.21823   0.05794  
  3 3722.8545 1056920.321120  x:  0.15317   3.59514   0.06196  
  4 197.1744 1056916.425503  x:  0.15315   3.63366   0.05957  
  5  0.1110 1056916.406521  x:  0.15317   3.64259   0.05952  
  6  0.0079 1056916.406285  x:  0.15317   3.64307   0.05954  
  7  0.0005 1056916.406285  x:  0.15317   3.64308   0.05954  
  8  0.0000 1056916.406285  x:  0.15317   3.64308   0.05954  

5 (And_mar) ... 4 (And_hat)
  0  0.0000 1033869.239050  x:  0.10155   3.17836   0.05165  
  1 99.0000 1033694.542559  x:  0.11434   3.17841   0.05787  
  2 25660.5950 1033684.217959  x:  0.11294   3.17855   0.06266  
  3 4417.8304 1033660.403627  x:  0.11282   3.57379   0.06420  
  4 137.4058 1033660.290145  x:  0.11301   3.55065   0.06413  
  5  0.0198 1033660.289839  x:  0.11300   3.54987   0.06415  
  6  0.0007 1033660.289839  x:  0.11300   3.54989   0.06415  
  7  0.0000 1033660.289839  x:  0.11300   3.54989   0.06415  
check convergence!


6 (And_tri) ... 1 (And_bic)
  0  0.0000 1034471.187173  x:  0.10023   3.34242   0.10464  
  1 99.0000 1034052.276602  x:  0.12182   3.34244   0.08728  
  2 32298.5121 1033689.153277  x:  0.11938   3.34245   0.05405  
  3 27070.9876 1033674.606487  x:  0.11954   3.07700   0.05253  
  4 101.6895 1033652.334928  x:  0.11467   3.04525   0.05495  
  5  0.0316 1033651.749490  x:  0.11436   3.05522   0.05400  
  6  0.0166 1033651.749401  x:  0.11437   3.05546   0.05399  
  7  0.0003 1033651.749400  x:  0.11437   3.05545   0.05399  
  8  0.0000 1033651.749400  x:  0.11437   3.05545   0.05399  
  9  0.0000 1033651.749400  x:  0.11437   3.05545   0.05399  
check convergence!


6 (And_tri) ... 2 (And_ful)
  0  0.0000 1059779.935026  x:  0.14745   2.72714   0.15214  
  1 99.0000 1057048.663881  x:  0.15928   2.72996   0.05164  
  2 36688.5368 1057041.334297  x:  0.15593   2.73042   0.05086  
  3 4232.0436 1056860.172520  x:  0.15388   3.46729   0.06003  
  4 564.5797 1056833.504352  x:  0.15623   3.56758   0.05421  
  5  0.2519 1056832.889331  x:  0.15588   3.62129   0.05442  
  6  0.0347 1056832.881840  x:  0.15597   3.62186   0.05447  
  7  0.0006 1056832.881824  x:  0.15597   3.62194   0.05447  
  8  0.0001 1056832.881824  x:  0.15597   3.62195   0.05447  

6 (And_tri) ... 3 (And_hae)
  0  0.0000 1053749.148129  x:  0.14710   3.34000   0.04626  
  1 99.0000 1053694.579114  x:  0.14905   3.34002   0.05499  
  2 13006.6947 1053694.504547  x:  0.14871   3.34009   0.05507  
  3 417.7356 1053688.121948  x:  0.14874   3.51868   0.05559  
  4 77.8267 1053688.114451  x:  0.14876   3.51454   0.05566  
  5  0.0035 1053688.114423  x:  0.14875   3.51481   0.05566  

6 (And_tri) ... 4 (And_hat)
  0  0.0000 1032554.856332  x:  0.09802   3.30555   0.09501  
  1 99.0000 1032246.591340  x:  0.11606   3.30567   0.08365  
  2 30660.3174 1032030.220520  x:  0.11427   3.30592   0.05770  
  3 18697.6165 1032025.177764  x:  0.11418   3.48024   0.05867  
  4 59.8081 1032020.142895  x:  0.11178   3.47386   0.05883  
  5  0.0062 1032020.142739  x:  0.11177   3.47324   0.05884  
  6  0.0007 1032020.142733  x:  0.11177   3.47314   0.05884  
  7  0.0001 1032020.142733  x:  0.11177   3.47314   0.05884  
  8  0.0000 1032020.142733  x:  0.11177   3.47313   0.05884  
  9  0.0000 1032020.142733  x:  0.11177   3.47314   0.05884  

6 (And_tri) ... 5 (And_mar)
  0  0.0000 1034324.358350  x:  0.09509   2.99982   0.17191  
  1 99.0000 1033754.633012  x:  0.12078   3.00013   0.14938  
  2 36666.5495 1032175.626318  x:  0.12078   3.00127   0.05789  
  3 42776.0249 1032174.897237  x:  0.12069   3.05797   0.05856  
  4 18.8543 1032088.061492  x:  0.11088   3.03977   0.05727  
  5  0.0255 1032087.398958  x:  0.11065   3.02135   0.05837  
  6  0.0516 1032087.370748  x:  0.11049   3.01910   0.05827  
  7  0.0025 1032087.370721  x:  0.11049   3.01888   0.05826  
  8  0.0002 1032087.370721  x:  0.11049   3.01889   0.05826  
  9  0.0000 1032087.370721  x:  0.11049   3.01889   0.05826  

7 (Bom_pas) ... 1 (And_bic)
  0  0.0000 1281764.917932  x:  0.97663   2.98564   0.05516  
  1 99.0000 1281754.052409  x:  0.97756   2.98588   0.05690  
  2 11068.9998 1281533.308210  x:  1.07067   3.01402   0.05225  
  3 5949.0998 1280845.948225  x:  1.10524   4.04024   0.05425  
  4 1724.1778 1280838.590029  x:  1.12132   4.05485   0.05274  
  5  0.0176 1280838.227707  x:  1.12427   4.06492   0.05287  
  6  0.0094 1280838.220862  x:  1.12449   4.06837   0.05285  
  7  0.0024 1280838.220764  x:  1.12444   4.06848   0.05286  
  8  0.0001 1280838.220764  x:  1.12444   4.06848   0.05286  

7 (Bom_pas) ... 2 (And_ful)
  0  0.0000 1294618.029729  x:  1.23456   3.63560   0.11312  
  1 99.0000 1285441.415895  x:  1.22777   3.63627   0.04910  
  2 200352.6273 1285385.085025  x:  1.18300   3.65534   0.05346  
  3 2363.9290 1285142.912736  x:  1.24063   4.37201   0.05214  
  4 827.9735 1285090.773320  x:  1.20164   4.35880   0.05102  
  5  0.0623 1285090.769345  x:  1.20135   4.36007   0.05102  
  6  0.0013 1285090.769246  x:  1.20142   4.36052   0.05102  
  7  0.0004 1285090.769246  x:  1.20142   4.36053   0.05102  
  8  0.0000 1285090.769246  x:  1.20142   4.36053   0.05102  
  9  0.0000 1285090.769246  x:  1.20142   4.36053   0.05102  
 10  0.2629 1285090.769246  x:  1.20142   4.36053   0.05102  
 11  0.0104 1285090.769246  x:  1.20142   4.36053   0.05102  
 12  0.2608 1285090.769246  x:  1.20142   4.36053   0.05102  
check convergence!


7 (Bom_pas) ... 3 (And_hae)
  0  0.0000 1297293.379687  x:  1.14266   3.78687   0.15689  
  1 99.0000 1281914.804921  x:  1.12772   3.78790   0.05269  
  2 187091.3701 1281910.613499  x:  1.11926   3.79358   0.05391  
  3 826.4863 1281831.090096  x:  1.14529   4.19997   0.05330  
  4 550.1747 1281828.822272  x:  1.13637   4.19592   0.05320  
  5  0.0145 1281828.821836  x:  1.13625   4.19568   0.05321  
  6  0.0003 1281828.821835  x:  1.13625   4.19563   0.05321  
  7  0.0000 1281828.821835  x:  1.13625   4.19563   0.05321  
  8  0.0000 1281828.821835  x:  1.13625   4.19563   0.05321  
  9  0.1206 1281828.821835  x:  1.13625   4.19563   0.05321  
check convergence!


7 (Bom_pas) ... 4 (And_hat)
  0  0.0000 1282843.536461  x:  1.00480   3.60086   0.07921  
  1 99.0000 1281661.716467  x:  1.00445   3.60105   0.05739  
  2 94681.1146 1281459.074029  x:  1.09197   3.60906   0.05158  
  3 4804.4599 1281271.226470  x:  1.12158   4.22276   0.05194  
  4 677.7682 1281257.933761  x:  1.13099   4.22065   0.05327  
  5  0.0151 1281257.005871  x:  1.13755   4.22021   0.05281  
  6  0.0051 1281257.003649  x:  1.13765   4.22248   0.05281  
  7  0.0018 1281257.003646  x:  1.13766   4.22249   0.05281  

7 (Bom_pas) ... 5 (And_mar)
  0  0.0000 1281107.380276  x:  1.10262   3.60353   0.04300  
  1 99.0000 1280642.557080  x:  1.10289   3.60356   0.05316  
  2 100656.9212 1280626.996304  x:  1.07748   3.62041   0.05408  
  3 1001.8546 1280528.780022  x:  1.11236   4.05066   0.05374  
  4 631.6328 1280528.727399  x:  1.11084   4.05113   0.05377  
  5  0.0015 1280528.727283  x:  1.11086   4.05111   0.05376  
  6  0.0000 1280528.727283  x:  1.11086   4.05112   0.05376  
  7  0.0000 1280528.727283  x:  1.11086   4.05112   0.05376  

7 (Bom_pas) ... 6 (And_tri)
  0  0.0000 1302448.493912  x:  1.20959   3.57328   0.17718  
  1 99.0000 1280630.579597  x:  1.18674   3.57500   0.04913  
  2 198835.9610 1280585.299637  x:  1.16159   3.58072   0.05321  
  3 3609.6842 1280451.871610  x:  1.19455   4.08901   0.05268  
  4 576.3232 1280325.167990  x:  1.11577   4.04093   0.05342  
  5  0.1149 1280324.682688  x:  1.11862   4.05302   0.05302  
  6  0.0121 1280324.678814  x:  1.11828   4.05390   0.05303  
  7  0.0010 1280324.678754  x:  1.11831   4.05422   0.05303  
  8  0.0003 1280324.678754  x:  1.11831   4.05422   0.05303  