

2 (And_ful) ... 1 (And_bic)
  0  0.0000 1047227.143825  x:  0.16572   1.51238   0.48207  
  1 99.0000 1040658.290886  x:  0.09065   1.56944   0.19580  
  2 34163.7687 1037056.942284  x:  0.08408   1.59595   0.06001  
  3 813034.2980 1032281.107496  x:  0.11519   4.47543   0.14765  
  4 5528.3636 1029342.886121  x:  0.13511   4.39821   0.05486  
  5  0.1924 1028681.694543  x:  0.16008   4.38529   0.07699  
  6  0.0210 1028493.845365  x:  0.17071   4.26450   0.05940  
  7  0.1614 1028467.789606  x:  0.17343   3.92659   0.06112  
  8  0.0975 1028461.777364  x:  0.17193   3.80360   0.05884  
  9  0.0901 1028461.296174  x:  0.17106   3.81466   0.05928  
 10  0.0117 1028461.296108  x:  0.17105   3.81409   0.05928  
 11  0.0006 1028461.296107  x:  0.17105   3.81410   0.05928  

3 (And_hae) ... 1 (And_bic)
  0  0.0000 1028091.033813  x:  0.16745   3.30952   0.16512  
  1 99.0000 1026043.336060  x:  0.13693   3.31092   0.07600  
  2 35024.5800 1025707.435031  x:  0.14774   3.31128   0.05378  
  3 49965.8514 1025636.633548  x:  0.14996   3.90931   0.05781  
  4 257.1778 1025514.378327  x:  0.16188   3.66749   0.06371  
  5  0.3716 1025510.977308  x:  0.16310   3.68273   0.06145  
  6  0.0149 1025510.966653  x:  0.16313   3.67543   0.06140  
  7  0.0070 1025510.966628  x:  0.16312   3.67534   0.06140  
  8  0.0001 1025510.966628  x:  0.16312   3.67534   0.06140  
  9  0.0000 1025510.966628  x:  0.16312   3.67534   0.06140  
 10  0.0000 1025510.966628  x:  0.16312   3.67534   0.06140  
 11  0.0327 1025510.966628  x:  0.16312   3.67534   0.06140  
 12  0.0070 1025510.966628  x:  0.16312   3.67534   0.06140  
check convergence!


3 (And_hae) ... 2 (And_ful)
  0  0.0000 1024234.599614  x:  0.12661   3.12872   0.17591  
  1 99.0000 1022879.434799  x:  0.17569   3.12976   0.13420  
  2 47775.2218 1021333.048762  x:  0.17477   3.13153   0.05938  
  3 51453.2924 1021164.138604  x:  0.17346   4.03314   0.06805  
  4 427.5967 1021004.928787  x:  0.15906   4.10203   0.05934  
  5  0.0697 1020985.364897  x:  0.15554   4.04724   0.06443  
  6  0.1030 1020985.208132  x:  0.15575   4.01814   0.06440  
  7  0.0218 1020985.202783  x:  0.15569   4.01519   0.06434  
  8  0.0029 1020985.202767  x:  0.15569   4.01527   0.06433  

4 (And_hat) ... 1 (And_bic)
  0  0.0000 1003149.863311  x:  0.11627   3.38913   0.05960  
  1 99.0000 1003111.327036  x:  0.12320   3.38919   0.06042  
  2 11287.9193 1003111.298213  x:  0.12317   3.38932   0.06068  
  3 193.5565 1003099.879240  x:  0.12317   3.65663   0.06164  
  4 113.8611 1003099.878552  x:  0.12318   3.65592   0.06160  
  5  0.0007 1003099.878551  x:  0.12318   3.65587   0.06160  
  6  0.0000 1003099.878551  x:  0.12318   3.65587   0.06160  

4 (And_hat) ... 2 (And_ful)
  0  0.0000 1025110.506302  x:  0.14382   3.26164   0.15951  
  1 99.0000 1023019.825208  x:  0.18501   3.26367   0.06796  
  2 35457.6718 1022794.026320  x:  0.17592   3.26414   0.05108  
  3 34297.6334 1022565.081621  x:  0.17129   4.43327   0.05814  
  4 462.9547 1022490.119772  x:  0.15990   4.26613   0.06154  
  5  0.2663 1022489.005943  x:  0.16021   4.18160   0.06155  
  6  0.0660 1022488.993048  x:  0.16021   4.17602   0.06140  
  7  0.0052 1022488.993011  x:  0.16021   4.17643   0.06140  

4 (And_hat) ... 3 (And_hae)
  0  0.0000 1022400.313301  x:  0.16609   3.50088   0.14059  
  1 99.0000 1021232.377546  x:  0.13435   3.50173   0.08806  
  2 34017.5784 1020843.453055  x:  0.14340   3.50223   0.05901  
  3 40267.6403 1020758.648057  x:  0.14495   4.23443   0.06342  
  4 257.8246 1020697.692074  x:  0.15445   4.12321   0.06607  
  5  0.1321 1020696.466177  x:  0.15477   4.12277   0.06445  
  6  0.0021 1020696.460985  x:  0.15474   4.11692   0.06441  
  7  0.0047 1020696.460976  x:  0.15474   4.11686   0.06442  

5 (And_mar) ... 1 (And_bic)
  0  0.0000 984271.905677  x:  0.07772   3.56303   0.10844  
  1 99.0000 983969.765516  x:  0.09389   3.56302   0.10164  
  2 36926.9516 983621.160919  x:  0.09341   3.56297   0.06035  
  3 16221.0645 983599.416627  x:  0.09350   3.18009   0.05799  
  4 103.5860 983597.131377  x:  0.09237   3.15738   0.05965  
  5  0.0255 983596.802478  x:  0.09201   3.16348   0.05896  
  6  0.0090 983596.802256  x:  0.09201   3.16456   0.05896  
  7  0.0012 983596.802254  x:  0.09201   3.16452   0.05896  
  8  0.0000 983596.802254  x:  0.09201   3.16452   0.05896  

5 (And_mar) ... 2 (And_ful)
  0  0.0000 1028671.040320  x:  0.17956   2.92818   0.11935  
  1 99.0000 1027487.342709  x:  0.15172   2.92941   0.06917  
  2 35849.7376 1027339.878920  x:  0.16048   2.92997   0.05554  
  3 21916.5351 1027137.686158  x:  0.16300   3.85671   0.06184  
  4 511.2675 1027129.035416  x:  0.16686   3.82455   0.06247  
  5  0.0401 1027128.740222  x:  0.16700   3.81885   0.06171  
  6  0.0059 1027128.737803  x:  0.16700   3.81515   0.06171  
  7  0.0025 1027128.737800  x:  0.16699   3.81516   0.06171  

5 (And_mar) ... 3 (And_hae)
  0  0.0000 1027267.112241  x:  0.15722   3.53258   0.19566  
  1 99.0000 1024487.930565  x:  0.13640   3.53426   0.07200  
  2 31773.2771 1024263.602342  x:  0.14847   3.53448   0.05618  
  3 40752.4461 1024232.879837  x:  0.15020   3.93799   0.05942  
  4 157.8054 1024155.089488  x:  0.15763   3.66591   0.06595  
  5  0.6272 1024153.582849  x:  0.15886   3.69699   0.06492  
  6  0.0281 1024153.566198  x:  0.15888   3.68823   0.06482  
  7  0.0085 1024153.566115  x:  0.15887   3.68830   0.06481  
  8  0.0001 1024153.566115  x:  0.15887   3.68830   0.06481  
  9  0.0000 1024153.566115  x:  0.15887   3.68830   0.06481  

5 (And_mar) ... 4 (And_hat)
  0  0.0000 1001258.150437  x:  0.11273   3.29389   0.13587  
  1 99.0000 1000316.407653  x:  0.12583   3.29490   0.06691  
  2 21332.8563 1000261.596702  x:  0.11900   3.29505   0.06058  
  3 15804.4129 1000237.893913  x:  0.11828   3.67344   0.06363  
  4 132.7827 1000235.424813  x:  0.11714   3.64291   0.06555  
  5  0.0623 1000235.422300  x:  0.11716   3.63938   0.06549  
  6  0.0031 1000235.422298  x:  0.11715   3.63932   0.06550  
  7  0.0001 1000235.422298  x:  0.11715   3.63931   0.06550  
  8  0.0000 1000235.422298  x:  0.11715   3.63931   0.06550  

6 (And_tri) ... 1 (And_bic)
  0  0.0000 1001541.970069  x:  0.12191   3.31852   0.07196  
  1 99.0000 1001486.690831  x:  0.11690   3.31847   0.06217  
  2 9644.6974 1001478.038320  x:  0.11932   3.31841   0.05897  
  3 5188.2102 1001468.996312  x:  0.11926   3.10781   0.05802  
  4 81.3993 1001468.843492  x:  0.11957   3.10351   0.05839  
  5  0.0051 1001468.842718  x:  0.11959   3.10357   0.05836  
  6  0.0001 1001468.842718  x:  0.11959   3.10356   0.05836  
  7  0.0000 1001468.842718  x:  0.11959   3.10356   0.05836  

6 (And_tri) ... 2 (And_ful)
  0  0.0000 1023037.190542  x:  0.17387   2.75950   0.06039  
  1 99.0000 1022904.114261  x:  0.16035   2.76004   0.05351  
  2 16991.2970 1022902.720260  x:  0.15952   2.76057   0.05483  
  3 1722.8293 1022679.796626  x:  0.16004   3.71684   0.05894  
  4 624.4382 1022679.480509  x:  0.15979   3.71087   0.05824  
  5  0.0056 1022679.477327  x:  0.15986   3.70965   0.05820  
  6  0.0012 1022679.477271  x:  0.15985   3.70912   0.05820  
  7  0.0003 1022679.477271  x:  0.15985   3.70912   0.05820  
  8  0.0000 1022679.477271  x:  0.15985   3.70912   0.05820  
  9  0.0000 1022679.477271  x:  0.15985   3.70912   0.05820  

6 (And_tri) ... 3 (And_hae)
  0  0.0000 1023254.882575  x:  0.16462   3.16565   0.15811  
  1 99.0000 1021771.322582  x:  0.12843   3.16676   0.09520  
  2 36188.3289 1021155.105044  x:  0.13712   3.16743   0.05704  
  3 57718.0138 1021076.145495  x:  0.13877   3.78722   0.06156  
  4 280.0647 1020927.808017  x:  0.15329   3.61196   0.06434  
  5  0.2042 1020925.267579  x:  0.15382   3.62211   0.06213  
  6  0.0141 1020925.259807  x:  0.15387   3.61633   0.06209  
  7  0.0052 1020925.259792  x:  0.15386   3.61619   0.06209  
  8  0.0001 1020925.259792  x:  0.15386   3.61619   0.06209  

6 (And_tri) ... 4 (And_hat)
  0  0.0000 1001231.687654  x:  0.10621   3.20862   0.18659  
  1 99.0000 1000132.980880  x:  0.14478   3.21011   0.10915  
  2 26867.9071 999351.539875  x:  0.14088   3.21108   0.05604  
  3 88771.9823 999267.414381  x:  0.13887   3.97874   0.06217  
  4 242.3920 998874.409008  x:  0.11554   3.75243   0.06250  
  5  0.2424 998872.630402  x:  0.11566   3.65401   0.06321  
  6  0.1144 998872.481226  x:  0.11571   3.63714   0.06261  
  7  0.0222 998872.481191  x:  0.11571   3.63743   0.06260  
  8  0.0003 998872.481191  x:  0.11571   3.63743   0.06260  

6 (And_tri) ... 5 (And_mar)
  0  0.0000 999899.908444  x:  0.10466   3.34064   0.11751  
  1 99.0000 999555.482523  x:  0.12434   3.34073   0.09407  
  2 23527.3761 999255.196455  x:  0.12046   3.34081   0.06208  
  3 30104.0013 999249.503648  x:  0.12060   3.16640   0.06098  
  4 61.8090 999218.024557  x:  0.11470   3.13130   0.06418  
  5  0.0390 999217.569907  x:  0.11441   3.14001   0.06325  
  6  0.0132 999217.569855  x:  0.11440   3.13965   0.06324  
  7  0.0004 999217.569854  x:  0.11440   3.13967   0.06324  
  8  0.0000 999217.569854  x:  0.11440   3.13967   0.06324  

7 (Bom_pas) ... 1 (And_bic)
  0  0.0000 1252297.457928  x:  1.28629   3.01300   0.10125  
  1 99.0000 1245257.747404  x:  1.28029   3.01392   0.04822  
  2 194345.2398 1244753.184276  x:  1.12212   3.07066   0.06182  
  3 6030.6272 1244133.265012  x:  1.21971   4.05338   0.06041  
  4 1549.0109 1243898.979898  x:  1.15383   4.10536   0.05678  
  5  0.1187 1243896.036335  x:  1.16559   4.12809   0.05580  
  6  0.0282 1243895.894862  x:  1.16629   4.14527   0.05586  
  7  0.0111 1243895.894597  x:  1.16625   4.14533   0.05585  
  8  0.0001 1243895.894597  x:  1.16625   4.14533   0.05585  

7 (Bom_pas) ... 2 (And_ful)
  0  0.0000 1258292.786382  x:  1.44725   3.66368   0.10506  
  1 99.0000 1248744.676102  x:  1.44096   3.66437   0.04562  
  2 224039.2846 1248265.478503  x:  1.25937   3.70927   0.06073  
  3 5492.5495 1248022.637145  x:  1.33850   4.44292   0.05837  
  4 746.8710 1247652.326136  x:  1.21680   4.43224   0.05667  
  5  0.1789 1247632.155575  x:  1.24450   4.46088   0.05394  
  6  0.0528 1247632.023807  x:  1.24238   4.45205   0.05387  
  7  0.0091 1247632.019156  x:  1.24222   4.44894   0.05388  
  8  0.0025 1247632.019123  x:  1.24226   4.44890   0.05388  
  9  0.0001 1247632.019123  x:  1.24226   4.44890   0.05388  

7 (Bom_pas) ... 3 (And_hae)
  0  0.0000 1252505.134025  x:  1.39023   3.94570   0.10010  
  1 99.0000 1245193.257896  x:  1.38461   3.94615   0.04723  
  2 202046.3660 1244668.158799  x:  1.19621   3.97383   0.06215  
  3 5626.1924 1244629.749702  x:  1.22432   4.26391   0.06126  
  4 272.7367 1244423.755979  x:  1.15059   4.27212   0.05877  
  5  0.1156 1244406.729326  x:  1.17409   4.28032   0.05622  
  6  0.0325 1244406.597390  x:  1.17314   4.26267   0.05620  
  7  0.0154 1244406.597283  x:  1.17311   4.26250   0.05621  
  8  0.0002 1244406.597283  x:  1.17311   4.26249   0.05621  

7 (Bom_pas) ... 4 (And_hat)
  0  0.0000 1244447.345292  x:  1.31661   3.63555   0.04838  
  1 99.0000 1244432.481938  x:  1.31149   3.63673   0.05039  
  2 5440.9761 1243906.912674  x:  1.13315   3.67751   0.05613  
  3 47831.8179 1243707.682577  x:  1.19313   4.32072   0.05532  
  4 686.9868 1243704.128780  x:  1.17994   4.33263   0.05564  
  5  0.0201 1243704.105280  x:  1.18026   4.33358   0.05555  
  6  0.0008 1243704.105254  x:  1.18030   4.33379   0.05554  
  7  0.0002 1243704.105253  x:  1.18030   4.33381   0.05554  

7 (Bom_pas) ... 5 (And_mar)
  0  0.0000 1244786.790569  x:  0.99637   3.69424   0.04612  
  1 99.0000 1243764.040267  x:  0.99780   3.69422   0.06318  
  2 137896.9843 1243407.261376  x:  1.12245   3.69717   0.05841  
  3 6227.1262 1243315.449299  x:  1.14378   4.12414   0.05851  
  4 458.5007 1243305.172956  x:  1.15183   4.12753   0.05650  
  5  0.0072 1243305.148046  x:  1.15305   4.13240   0.05647  
  6  0.0037 1243305.147893  x:  1.15306   4.13205   0.05648  
  7  0.0003 1243305.147891  x:  1.15306   4.13202   0.05647  
  8  0.0000 1243305.147891  x:  1.15306   4.13202   0.05647  
  9  0.0000 1243305.147891  x:  1.15306   4.13202   0.05647  

7 (Bom_pas) ... 6 (And_tri)
  0  0.0000 1258322.033745  x:  1.29444   3.57259   0.14019  
  1 99.0000 1244060.413530  x:  1.28158   3.57372   0.04956  
  2 202724.5052 1243904.764116  x:  1.21194   3.58924   0.05797  
  3 4651.9194 1243725.697389  x:  1.25903   4.18893   0.05682  
  4 658.9996 1243506.727910  x:  1.15555   4.13199   0.05701  
  5  0.1644 1243502.667542  x:  1.16589   4.15395   0.05576  
  6  0.0262 1243502.626300  x:  1.16470   4.15427   0.05574  
  7  0.0014 1243502.626143  x:  1.16472   4.15481   0.05575  
  8  0.0004 1243502.626142  x:  1.16472   4.15483   0.05574  