Supplemental results for CODEML (seqf: /home/yzliu/eDNA/faststorage/yzliu/DK_proj/data/ref_genome/ref_annotation/primary_transcripts/extracted_cds_new/new_transcript_id_8_bom_apis/bootstraps/cat.out.OG_cds_8_species_same_header_fas.shuf_211OG_200.phy  treef: xxx.trees)


pairwise comparison (Goldman & Yang 1994)
seq seq        N       S       dN       dS     dN/dS   Paras.
  2   1 369295.5 125293.5   0.0632   0.5879   0.1075   0.5884   3.9807   0.1075 -881646.420
  3   1 368731.1 125857.9   0.0630   0.6040   0.1042   0.6019   4.0369   0.1042 -882742.553
  3   2 360349.5 134239.5   0.0143   0.1071   0.1336   0.1185   5.0718   0.1336 -742354.986
  4   1 369521.7 125067.3   0.0620   0.5946   0.1043   0.5901   4.0185   0.1043 -880113.417
  4   2 360661.0 133928.0   0.0131   0.1012   0.1296   0.1109   5.2036   0.1296 -737697.651
  4   3 359676.1 134912.9   0.0079   0.0612   0.1284   0.0673   5.4533   0.1284 -713336.947
  5   1 369543.7 125045.3   0.0628   0.6037   0.1041   0.5987   4.0414   0.1041 -881487.972
  5   2 360621.9 133967.1   0.0146   0.1073   0.1363   0.1192   5.2559   0.1363 -742199.397
  5   3 360336.3 134252.7   0.0088   0.0619   0.1417   0.0696   5.2330   0.1417 -715223.250
  5   4 360082.8 134506.2   0.0083   0.0626   0.1330   0.0693   5.6094   0.1330 -714140.160
  6   1 369439.1 125149.9   0.0629   0.6043   0.1040   0.5996   4.0455   0.1040 -881623.205
  6   2 360509.7 134079.3   0.0149   0.1084   0.1376   0.1208   5.2683   0.1376 -743119.184
  6   3 359768.5 134820.5   0.0092   0.0624   0.1468   0.0710   5.4235   0.1468 -716175.037
  6   4 359475.9 135113.1   0.0087   0.0626   0.1393   0.0704   5.8392   0.1393 -714976.167
  6   5 358278.6 136310.4   0.0027   0.0197   0.1386   0.0222   6.4724   0.1386 -681664.805
  7   1 369587.9 125001.1   0.0636   0.6024   0.1057   0.5994   4.0366   0.1057 -882339.961
  7   2 360483.8 134105.2   0.0154   0.1100   0.1405   0.1232   5.3178   0.1405 -744461.377
  7   3 359650.9 134938.1   0.0090   0.0645   0.1403   0.0725   5.5118   0.1403 -716760.609
  7   4 359368.8 135220.2   0.0089   0.0647   0.1382   0.0726   5.9347   0.1382 -716164.337
  7   5 359771.1 134817.9   0.0089   0.0598   0.1483   0.0683   5.7978   0.1483 -713900.491
  7   6 359218.3 135370.7   0.0093   0.0600   0.1555   0.0696   6.0134   0.1555 -714913.805
  8   1 369348.8 125240.2   0.0630   0.6048   0.1042   0.6006   4.0516   0.1042 -881877.960
  8   2 360394.6 134194.4   0.0147   0.1070   0.1370   0.1192   5.2874   0.1370 -742352.385
  8   3 360080.4 134508.6   0.0089   0.0613   0.1452   0.0695   5.2757   0.1452 -715362.057
  8   4 359723.6 134865.4   0.0086   0.0622   0.1382   0.0696   5.6998   0.1382 -714636.049
  8   5 358965.3 135623.7   0.0025   0.0180   0.1365   0.0201   6.0921   0.1365 -680109.136
  8   6 357382.6 137206.4   0.0027   0.0195   0.1373   0.0220   6.8835   0.1373 -681573.664
  8   7 359431.3 135157.7   0.0091   0.0591   0.1533   0.0682   5.8833   0.1533 -714145.574

