Supplemental results for CODEML (seqf: /home/yzliu/eDNA/faststorage/yzliu/DK_proj/data/ref_genome/ref_annotation/primary_transcripts/extracted_cds_new/new_transcript_id_8_bom_apis/bootstraps/cat.out.OG_cds_8_species_same_header_fas.shuf_211OG_76.phy  treef: xxx.trees)


pairwise comparison (Goldman & Yang 1994)
seq seq        N       S       dN       dS     dN/dS   Paras.
  2   1 347010.5 115841.5   0.0596   0.5887   0.1013   0.5761   3.8226   0.1013 -819775.013
  3   1 346309.0 116543.0   0.0593   0.6061   0.0979   0.5910   3.9131   0.0979 -820676.974
  3   2 338656.7 124195.3   0.0149   0.1114   0.1333   0.1223   5.2346   0.1333 -694698.449
  4   1 347188.5 115663.5   0.0583   0.5997   0.0972   0.5808   3.8766   0.0972 -818333.735
  4   2 339474.8 123377.2   0.0140   0.1056   0.1325   0.1152   5.1985   0.1325 -690988.122
  4   3 337713.1 125138.9   0.0081   0.0626   0.1296   0.0686   5.7950   0.1296 -666624.867
  5   1 347198.3 115653.7   0.0594   0.6068   0.0978   0.5885   3.8770   0.0978 -819943.168
  5   2 339708.2 123143.8   0.0155   0.1113   0.1393   0.1229   5.1123   0.1393 -695069.565
  5   3 338481.7 124370.3   0.0092   0.0631   0.1457   0.0710   5.4603   0.1457 -668583.549
  5   4 338832.7 124019.3   0.0086   0.0638   0.1353   0.0703   5.6324   0.1353 -667371.302
  6   1 347153.2 115698.8   0.0596   0.6060   0.0983   0.5885   3.8747   0.0983 -820143.348
  6   2 339550.5 123301.5   0.0157   0.1124   0.1397   0.1244   5.1542   0.1397 -695722.923
  6   3 338000.5 124851.5   0.0094   0.0633   0.1487   0.0718   5.6477   0.1487 -669020.903
  6   4 338417.4 124434.6   0.0090   0.0638   0.1411   0.0712   5.7994   0.1411 -668019.847
  6   5 336916.7 125935.3   0.0031   0.0197   0.1575   0.0229   6.5838   0.1575 -637066.916
  7   1 347275.2 115576.8   0.0593   0.6038   0.0982   0.5858   3.8857   0.0982 -819572.557
  7   2 339677.3 123174.7   0.0155   0.1135   0.1362   0.1247   5.1644   0.1362 -695643.610
  7   3 338246.4 124605.6   0.0088   0.0659   0.1341   0.0726   5.6062   0.1341 -668999.871
  7   4 338630.6 124221.4   0.0085   0.0661   0.1287   0.0719   5.7727   0.1287 -667938.480
  7   5 339188.3 123663.7   0.0089   0.0609   0.1461   0.0683   5.5270   0.1461 -666574.600
  7   6 338915.8 123936.2   0.0092   0.0605   0.1519   0.0688   5.6248   0.1519 -667016.647
  8   1 347157.1 115694.9   0.0592   0.6057   0.0978   0.5875   3.8665   0.0978 -819843.054
  8   2 339381.8 123470.2   0.0153   0.1117   0.1371   0.1230   5.2108   0.1371 -694947.592
  8   3 337993.3 124858.7   0.0091   0.0625   0.1449   0.0704   5.6393   0.1449 -668178.198
  8   4 338210.6 124641.4   0.0087   0.0636   0.1366   0.0704   5.8847   0.1366 -667438.351
  8   5 337350.7 125501.3   0.0027   0.0187   0.1419   0.0210   6.3286   0.1419 -635565.372
  8   6 336110.3 126741.7   0.0030   0.0198   0.1496   0.0228   7.0177   0.1496 -636909.016
  8   7 338723.7 124128.3   0.0087   0.0603   0.1450   0.0677   5.6997   0.1450 -666167.309

